0.146073
0.15042
0.15386
0.153937
0.156018
0.167574
0.200327
0.222024
0.247949
0.257408
0.257408
0.257265
0.308112
0.32813
0.32819
0.340033
0.357188
0.364702
0.386986
0.417954
0.451348
0.527482
0.547843
0.55509
0.626167
0.636557
0.67051
0.691126
0.731672
0.743312
0.752516
0.769359
0.810854
0.8215
0.829477
0.830283
0.830991
0.850656
0.862836
0.875335
0.893882
0.903628
0.925468
0.938895
0.951833
0.952552
0.957054
0.95748
0.964465
0.964465
0.966484
0.970036
0.970053
0.976207
0.978608
0.978736
0.982169
0.985163
0.985461
0.98881
0.989717
0.990224
0.991427
0.991753
0.992636
0.992819
0.99282
0.993824
0.994286
0.994579
0.994752
0.995166
0.996632
0.996632
0.996821
0.997089
0.997671
0.998092
0.998188
0.998385
0.998485
0.99883
0.999086
0.999135
0.999141
0.999237
0.999237
0.999279
0.999469
0.99947
0.999572
0.999539
0.999661
0.999691
0.999714
0.999775
0.999775
0.999788
0.999815
0.999864
0.999864
0.999866
0.999874
0.999903
0.999914
0.999914
0.999922
0.999946
0.999952
0.999958
0.999959
0.999972
0.999975
0.999978
0.999979
0.999982
0.999983
0.999984
0.999985
0.999987
0.999989
0.99999
0.999993
0.999993
0.999993
0.999994
0.999996
0.999996
0.999996
0.999996
0.999997
0.999997
0.999997
0.999998
0.999998
0.999998
0.999999
0.999999
0.999999
0.999999
0.999999
0.999999
0.999999
0.999999
0.999999
0.999999
1
1
1
1
1
1
1
1
1
1
1
1
1
1
1
1
1
1
1
1
1
1
1
1
1
1
1
1
1
1
1
1
1
1
1
1
1
1
1
1
1
1
1
1
1
1
1
1
1
1
1
1
1
1
1
1
1
1
1
1
1
1
1
1
1
1
1
1
1
1
1
1
1
1
1
1
1
1
1
1
1
1
1
1
1
1
1
1
1
1
1
1
1
1
1
1
1
1
1
1
1
1
1
1
1
1
1
1
1
1
1
1
1
1
1
1
1
1
1
1
1
1
1
1
1
1
1
1
1
1
1
1
1
1
1
1
1
1
1
1
1
1
1
1
1
1
1
1
1
1
1
1
1
1
1
1
1
1
1
1
1
1
1
1
1
1
1
1
1
1
1
1
1
1
1
1
1
1
1
1
1
1
1
1
1
1
1
1
1
1
1
1
1
1
1
1
1
1
1
1
1
1
1
1
1
1
1
1
1
1
1
1
1
1
1
1
1
1
1
1
1
1
1
1
1
1
1
1
1
1
1
1
1
1
1
1
1
1
1
1
1
1
1
1
1
0.99992
1
1
1
1
1
1
1
1


0.112713
0.116348
0.152382
0.175864
0.181491
0.194086
0.205937
0.214516
0.238772
0.253789
0.278272
0.297362
0.333671
0.338814
0.382237
0.385661
0.419544
0.419544
0.477786
0.488319
0.489715
0.499977
0.519092
0.56127
0.606656
0.633632
0.640555
0.644704
0.644717
0.645862
0.666883
0.685153
0.688516
0.73285
0.736154
0.741506
0.75148
0.769411
0.787158
0.793722
0.803791
0.803176
0.803658
0.814579
0.840891
0.853315
0.85525
0.860297
0.870705
0.874005
0.877467
0.880559
0.880559
0.882295
0.88443
0.887219
0.889373
0.893245
0.895896
0.897627
0.898145
0.901
0.903202
0.903819
0.907339
0.908594
0.90931
0.909566
0.909743
0.910579
0.911003
0.911026
0.911827
0.911827
0.912048
0.912224
0.912599
0.91276
0.913
0.913094
0.913162
0.913476
0.913553
0.913612
0.913927
0.913946
0.91401
0.91401
0.914059
0.914072
0.914137
0.914233
0.91433
0.914342
0.914346
0.914369
0.914425
0.914429
0.914434
0.914459
0.914479
0.91448
0.914488
0.914507
0.914516
0.914528
0.914528
0.914535
0.914536
0.914538
0.914544
0.914552
0.914553
0.914554
0.914558
0.91456
0.914563
0.914565
0.914566
0.914567
0.91457
0.91457
0.91457
0.914571
0.914572
0.914573
0.914573
0.914573
0.914574
0.914574
0.914574
0.914575
0.914575
0.914575
0.914575
0.914576
0.914576
0.914576
0.914576
0.914576
0.914576
0.914576
0.914577
0.914577
0.914577
0.914577
0.914577
0.914577
0.914577
0.914577
0.914577
0.914577
0.914577
0.914577
0.914577
0.914577
0.914577
0.914577
0.914577
0.914577
0.914577
0.914577
0.914577
0.914577
0.914577
0.914577
0.914577
0.914577
0.914577
0.914577
0.914577
0.914577
0.914577
0.914577
0.914577
0.914577
0.914577
0.914577
0.914577
0.914577
0.914577
0.914577
0.914577
0.914577
0.914577
0.914577
0.914577
0.914577
0.914577
0.914577
0.914577
0.914577
0.914577
0.914577
0.914577
0.914577
0.914577
0.914577
0.914577
0.914577
0.914577
0.914577
0.914577
0.914577
0.914577
0.914577
0.914577
0.914577
0.914577
0.914577
0.914577
0.914577
0.914577
0.914577
0.914577
0.914577
0.914577
0.914577
0.914577
0.914577
0.914577
0.914577
0.914577
0.914577
0.914577
0.914577
0.914577
0.914577
0.914577
0.914577
0.914577
0.914577
0.914577
0.914577
0.914577
0.914577
0.914577
0.914577
0.914577
0.914577
0.914577
0.914577
0.914577
0.914577
0.914577
0.914577
0.914577
0.914577
0.914577
0.914577
0.914577
0.914577
0.914577
0.914577
0.914577
0.914577
0.914577
0.914577
0.914577
0.914577
0.914577
0.914577
0.914577
0.914577
0.914577
0.914577
0.914577
0.914577
0.914577
0.914577
0.914577
0.914577
0.914577
0.914577
0.914577
0.914577
0.914577
0.914577
0.914577
0.914577
0.914577
0.914577
0.914577
0.914577
0.914577
0.914577
0.914577
0.914577
0.914577
0.914577
0.914577
0.914577
0.914577
0.914577
0.914577
0.914577
0.914577
0.914577
0.914577
0.914577
0.914577
0.914577
0.914577
0.914577
0.914577
0.914577
0.914577
0.914577
0.914577
0.914577
0.914577
0.914577
0.914577
0.914577
0.914577
0.914577
0.914577
0.914577
0.914577
0.914577
0.914577
0.914577
0.914577
0.914577
0.914577
0.914577
0.914577
0.914577
0.914577
0.914577
0.914577
0.914577
0.914577
0.914577
0.914577
0.914577
0.914577
0.914577
0.914577
0.914577
0.914577
0.914569
0.914577
0.914577
0.914577
0.914577
0.914577
0.914577
0.914577
0.914577
0.914577
0.914577
0.914577
0.914577
0.914577
0.914577
0.914577
0.914577
0.914577
0.914577
0.914577
0.914577
0.914577
0.914577
0.914577
0.914577
0.914577
0.914577
0.914577
0.914577
0.914577
0.917066
0.917066
0.917066
0.917066
0.917066
0.917066
0.917066
0.917066
0.917066
0.917066
0.913035
0.930352
0.933455
0.933455
0.933754
0.933976
0.934516
0.934516
0.934516
0.934516
0.934062
0.934096
0.934096
0.934096
0.934096
0.934096
0.934096
0.934096
0.934096


0.123354
0.128063
0.14332
0.169895
0.178283
0.20509
0.213608
0.222087
0.247086
0.252173
0.280579
0.325735
0.331127
0.336793
0.360344
0.37613
0.387043
0.426014
0.438435
0.463517
0.503961
0.541721
0.587845
0.598167
0.608313
0.611748
0.637823
0.670709
0.681042
0.705401
0.724734
0.730917
0.745939
0.750917
0.773041
0.782345
0.782993
0.797631
0.79944
0.812633
0.812633
0.814486
0.814897
0.820805
0.821772
0.82247
0.825802
0.825802
0.827312
0.829262
0.833077
0.834483
0.83564
0.83564
0.836546
0.836986
0.839939
0.840578
0.840578
0.841201
0.841281
0.842714
0.843486
0.843918
0.844103
0.844862
0.844895
0.844895
0.845336
0.845548
0.846459
0.846207
0.855831
0.85593
0.86287
0.879663
0.879672
0.880299
0.880355
0.887393
0.892523
0.89258
0.893752
0.901589
0.908214
0.91088
0.910901
0.914363
0.91501
0.91501
0.915705
0.918364
0.922268
0.925142
0.925142
0.925159
0.925165
0.928712
0.93219
0.934059
0.9345
0.934512
0.934514
0.934687
0.934689
0.934798
0.935052
0.93518
0.935181
0.935437
0.935494
0.935864
0.937105
0.937105
0.937274
0.937376
0.937379
0.938515
0.938515
0.938515
0.938785
0.938871
0.939349
0.939398
0.939407
0.939646
0.939713
0.939714
0.939763
0.939763
0.939793
0.939846
0.939994
0.940267
0.940267
0.940295
0.940306
0.940378
0.940438
0.940438
0.94047
0.940485
0.940494
0.940511
0.940511
0.940576
0.940576
0.940576
0.940576
0.940588
0.940641
0.940641
0.940641
0.940645
0.940645
0.940647
0.940647
0.940656
0.940656
0.940675
0.940707
0.940696
0.940696
0.940696
0.940702
0.940707
0.940713
0.940713
0.940713
0.940734
0.940737
0.940728
0.940733
0.940733
0.940743
0.940746
0.940746
0.940746
0.940746
0.940746
0.940749
0.940749
0.94075
0.940751
0.940753
0.940754
0.940754
0.940754
0.940755
0.940755
0.940756
0.940756
0.940756
0.940756
0.940757
0.940757
0.940758
0.940758
0.940758
0.940758
0.940758
0.940759
0.940759
0.940759
0.940759
0.940759
0.940759
0.940759
0.940759
0.940759
0.940759
0.940759
0.940759
0.940759
0.940759
0.940759
0.940759
0.940759
0.940759
0.940759
0.940759
0.940759
0.940759
0.940759
0.94076
0.94076
0.94076
0.94076
0.94076
0.94076
0.94076
0.94076
0.94076
0.94076
0.94076
0.94076
0.94076
0.94076
0.94076
0.94076
0.94076
0.94076
0.94076
0.94076
0.94076
0.94076
0.94076
0.94076
0.94076
0.94076
0.94076
0.94076
0.94076
0.94076
0.94076
0.94076
0.94076
0.94076
0.94076
0.94076
0.94076
0.94076
0.94076
0.94076
0.94076
0.94076
0.94076
0.94076
0.94076
0.94076
0.94076
0.94076
0.94076
0.94076
0.94076
0.94076
0.94076
0.94076
0.94076
0.94076
0.94076
0.94076
0.94076
0.94076
0.94076
0.94076
0.94076
0.94076
0.94076
0.94076
0.94076
0.94076
0.94076
0.94076
0.94076
0.94076
0.94076
0.94076
0.94076
0.94076
0.94076
0.94076
0.94076
0.94076
0.94076
0.94076
0.94076
0.94076
0.94076
0.94076
0.94076
0.94076
0.94076
0.94076
0.94076
0.94076
0.94076
0.94076
0.94076
0.94076
0.94076
0.94076
0.94076
0.94076
0.94076
0.94076
0.94076
0.960997
0.960997
0.960997
0.960997
0.960997
0.960997
0.960997
0.960997
0.960997
0.960997
0.960997
0.960997
0.960997
0.960997
0.960997
0.960997
0.960997
0.960997
0.960997
0.960997
0.960997
0.960997
0.960997
0.960997
0.922514
0.94076
0.94076
0.94076
0.94076
0.94076
0.94076
0.94076
0.94076
0.94076
0.94076
0.94076
0.94076
0.94076
0.94076
0.945177
0.949642
0.949642
0.957418
0.957418
0.9227
0.94076
0.94076
0.94076
0.94076
0.94076
0.94076
0.94076
0.94076
0.94076
0.94076
0.944193
0.944193
0.944193
0.944193
0.944193
0.944193
0.944193
0.944193
0.944193
0.942604
0.943088
0.958089
0.958089
0.958089
0.958089
0.958089
0.958089
0.958089


0.116732
0.122189
0.142341
0.146125
0.150738
0.169735
0.186366
0.226462
0.228293
0.235436
0.266704
0.269525
0.275962
0.275962
0.296639
0.333788
0.349033
0.353429
0.398897
0.421354
0.438573
0.438336
0.489789
0.538004
0.562318
0.574201
0.61317
0.617548
0.660388
0.684151
0.686745
0.699633
0.722897
0.731277
0.746671
0.750409
0.792093
0.799134
0.799134
0.811758
0.826002
0.830305
0.830305
0.857277
0.85835
0.864512
0.867284
0.880735
0.884184
0.886562
0.889052
0.895277
0.897722
0.897722
0.898479
0.899846
0.903574
0.903996
0.904135
0.907175
0.909868
0.912267
0.912627
0.91416
0.914759
0.915952
0.916162
0.916162
0.916443
0.916979
0.917095
0.91746
0.917776
0.918155
0.918199
0.918199
0.918727
0.918895
0.918959
0.919198
0.919323
0.919481
0.91974
0.919836
0.920071
0.920099
0.920206
0.920206
0.920308
0.92034
0.920391
0.920423
0.920458
0.920481
0.920507
0.920597
0.920597
0.920648
0.920693
0.920722
0.920723
0.920724
0.920726
0.920741
0.92076
0.92079
0.920801
0.920807
0.920811
0.920812
0.920819
0.92082
0.920827
0.920836
0.920836
0.920839
0.920846
0.920853
0.920864
0.920866
0.920871
0.920872
0.920879
0.92088
0.920882
0.920882
0.920884
0.920884
0.920885
0.920888
0.920889
0.92089
0.920892
0.920895
0.920895
0.920895
0.920895
0.920895
0.920896
0.920896
0.920897
0.920897
0.920897
0.920898
0.920898
0.920898
0.920898
0.920898
0.920899
0.920899
0.920899
0.920899
0.920899
0.920899
0.920899
0.920899
0.920899
0.920899
0.920899
0.920899
0.920899
0.920899
0.920899
0.920899
0.920899
0.920899
0.920899
0.920899
0.920899
0.920899
0.920899
0.9209
0.9209
0.9209
0.921943
0.92747
0.931783
0.931783
0.93195
0.932199
0.932199
0.932199
0.932199
0.932356
0.932449
0.932482
0.933372
0.934527
0.935551
0.936681
0.937113
0.937443
0.937957
0.938147
0.938147
0.938694
0.939633
0.939901
0.940138
0.940875
0.940875
0.941859
0.942116
0.942481
0.942481
0.942909
0.942909
0.942909
0.942919
0.94301
0.943052
0.943052
0.943056
0.943066
0.943066
0.943066
0.943067
0.943067
0.943085
0.943085
0.943502
0.943525
0.943525
0.943525
0.943653
0.943768
0.944017
0.944345
0.944545
0.944953
0.94506
0.945101
0.945178
0.945188
0.945261
0.945261
0.945261
0.945262
0.94529
0.945301
0.94534
0.945378
0.945408
0.945448
0.945585
0.945803
0.94602
0.946608
0.946924
0.947294
0.948332
0.951435
0.958631
0.967647
0.971253
0.971253
0.971253
0.972231
0.972359
0.972757
0.973409
0.97424
0.9745
0.974797
0.975606
0.976163
0.976991
0.977456
0.977532
0.977742
0.978434
0.978333
0.978339
0.978436
0.978436
0.97872
0.97872
0.97872
0.978876
0.978923
0.979074
0.97923
0.979383
0.979449
0.979817
0.979818
0.979818
0.979818
0.979842
0.979842
0.979845
0.979858
0.979863
0.979877
0.979877
0.979878
0.979878
0.979895
0.979938
0.97996
0.980001
0.980088
0.980206
0.980392
0.980484
0.980508
0.980508
0.980509
0.980515
0.980517
0.980546
0.980573
0.980589
0.980592
0.980664
0.981089
0.981628
0.982087
0.982275
0.982287
0.982405
0.982727
0.983031
0.983045
0.983144
0.983174
0.983225
0.983364
0.983396
0.983396
0.983412
0.983395
0.983396
0.98342
0.98342
0.983424
0.983424
0.983424
0.983424
0.983425
0.983425
0.983427
0.983431
0.983432
0.983441
0.983443
0.983454
0.983458
0.98346
0.98346
0.98348
0.983494
0.983568
0.983629
0.985127
0.989344
0.991269
0.991669
0.996486
0.997138
0.997191
0.997022
0.997022
0.997157
0.997157
0.997269
0.997422
0.997438
0.997718
0.997919
0.997944
0.998301
0.998316
0.998335
0.998341
0.998548
0.998684
0.99881
0.998824
0.998875
0.998991
0.998986
0.998986
0.999001
0.999001
0.999034
0.999106
0.999148
0.999148
0.99915
0.999159
0.999158
0.99916
0.999162
0.999162
0.999165
0.999169
0.999169
0.999178
0.999178


0.117849
0.138754
0.158979
0.163462
0.171421
0.23264
0.240694
0.253504
0.264251
0.329126
0.356136
0.339891
0.374229
0.407409
0.43664
0.451085
0.463454
0.483247
0.501706
0.532994
0.557327
0.577768
0.665677
0.68574
0.695236
0.710483
0.743966
0.762729
0.765107
0.787205
0.79404
0.806503
0.822279
0.844164
0.852553
0.868454
0.880575
0.890148
0.901116
0.9053
0.917969
0.919729
0.923173
0.948166
0.948166
0.948737
0.953325
0.963893
0.963893
0.976116
0.977499
0.97822
0.981302
0.982133
0.988933
0.989991
0.989991
0.989991
0.991069
0.991069
0.991779
0.992374
0.993618
0.994074
0.995565
0.995987
0.99617
0.996471
0.996577
0.997163
0.997232
0.997241
0.997432
0.997629
0.998194
0.99842
0.9986
0.998794
0.998963
0.99919
0.999248
0.999289
0.999316
0.999423
0.99945
0.999553
0.999663
0.999663
0.999736
0.999751
0.999795
0.999819
0.999845
0.99985
0.999869
0.999873
0.999886
0.999923
0.999923
0.999929
0.999948
0.999948
0.999952
0.999955
0.999959
0.999974
0.999974
0.999974
0.999979
0.999979
0.999981
0.999981
0.999984
0.999985
0.999989
0.999989
0.99999
0.999991
0.999994
0.999994
0.999995
0.999996
0.999997
0.999997
0.999997
0.999997
0.999997
0.999997
0.999998
0.999998
0.999998
0.999999
0.999999
0.999999
0.999999
0.999999
0.999999
0.999999
0.999999
0.999999
0.999999
0.999999
1
1
1
1
1
1
1
1
1
1
1
1
1
1
1
1
1
1
1
1
1
1
1
1
1
1
1
1
1
1
1
1
1
1
1
1
1
1
1
1
1
1
1
1
1
1
1
1
1
1
1
1
1
1
1
1
1
1
1
1
1
1
1
1
1
1
1
1
1
1
1
1
1
1
1
1
1
1
1
1
1
1
1
1
1
1
1
1
1
1
1
1
1
1
1
1
1
1
1
1
1
1
1
1
1
1
1
1
1
1
1
1
1
1
1
1
1
1
1
1
1
1
1
1
1
1
1
1
1
1
1
1
1
1
1
1
1
1
1
1
1
1
1
1
1
1
1
1
1
1
1
1
1
1
1
1
1
1
1
1
1
1
1
1
1
1
1
1
1
1
1
1
1
1
1
1
1
1
1
1
1
1
1
1
1
1
1
1
1
1
1
1
1
1
1
1
1
1
1
1
1
1
1
1
1
1
1
1
1
1
1
1
1
1
1
1
1
1
1
1
1
1
1
1
1
1
1
1
1
1
1
1
1
1
1
1
1
1
1
1
1
1
1
1
1
1
1
1
1
1
1
1
1
1
1
1
1
1


0.104172
0.130071
0.131617
0.145615
0.157971
0.183088
0.21323
0.214303
0.247253
0.263833
0.298742
0.314704
0.374416
0.379785
0.431091
0.435907
0.439215
0.445378
0.44926
0.493778
0.629594
0.658825
0.658825
0.661721
0.692735
0.721731
0.722251
0.73246
0.740996
0.759151
0.780876
0.773438
0.788669
0.814778
0.830032
0.830032
0.836093
0.860389
0.862555
0.864264
0.868757
0.870122
0.872806
0.886324
0.886324
0.887409
0.888606
0.888948
0.893236
0.893892
0.896147
0.898022
0.899494
0.901225
0.902379
0.903126
0.903828
0.903828
0.904107
0.904292
0.905902
0.906579
0.906982
0.906997
0.907606
0.908214
0.909007
0.909007
0.909114
0.909181
0.909387
0.90961
0.909757
0.909786
0.909841
0.909841
0.910156
0.910202
0.910259
0.910283
0.910372
0.910377
0.910426
0.910461
0.910518
0.910547
0.910572
0.910572
0.910572
0.910665
0.910665
0.910678
0.910691
0.910696
0.910699
0.910734
0.910736
0.910765
0.910789
0.910791
0.910796
0.9108
0.910801
0.910807
0.910807
0.910811
0.910813
0.910819
0.910822
0.910822
0.910825
0.910828
0.91083
0.910832
0.910834
0.910834
0.910836
0.910836
0.910837
0.910838
0.910839
0.91084
0.91084
0.910842
0.910842
0.910842
0.910843
0.910843
0.910843
0.910843
0.910843
0.910843
0.910843
0.910843
0.910843
0.910843
0.910843
0.910843
0.910844
0.910844
0.910844
0.910844
0.910844
0.910844
0.910844
0.910844
0.910844
0.910844
0.910844
0.910844
0.910844
0.910844
0.910844
0.910844
0.910844
0.910844
0.910844
0.910844
0.910844
0.910844
0.910844
0.910844
0.910844
0.910844
0.910844
0.910844
0.910844
0.910844
0.910844
0.910844
0.910844
0.910844
0.910844
0.910844
0.910844
0.910844
0.910844
0.910844
0.910844
0.910844
0.910844
0.910844
0.910844
0.910844
0.910844
0.910844
0.910844
0.910844
0.910844
0.910844
0.910844
0.910844
0.910844
0.910844
0.910844
0.910844
0.910844
0.910844
0.910844
0.910844
0.910844
0.910844
0.910844
0.910844
0.910844
0.910844
0.910844
0.910844
0.910844
0.910844
0.910844
0.910844
0.910844
0.910844
0.910844
0.910844
0.910844
0.910844
0.910844
0.910844
0.910844
0.910844
0.910844
0.910844
0.910844
0.910844
0.910844
0.910844
0.910844
0.910844
0.910844
0.910844
0.910844
0.910844
0.910844
0.910844
0.910844
0.910844
0.910844
0.910844
0.910844
0.910844
0.910844
0.910844
0.910844
0.910844
0.910844
0.910844
0.910844
0.910844
0.910844
0.910844
0.910844
0.910844
0.910844
0.910844
0.910844
0.910844
0.910844
0.910844
0.910844
0.910844
0.910844
0.910844
0.910844
0.910844
0.910844
0.910844
0.910844
0.910844
0.910844
0.910844
0.910844
0.910844
0.910844
0.910844
0.910844
0.910844
0.910844
0.910844
0.910844
0.910844
0.910844
0.910844
0.910844
0.910844
0.910844
0.910844
0.910844
0.910844
0.910844
0.910844
0.910844
0.910844
0.910844
0.910844
0.910844
0.915957
0.915957
0.917651
0.917651
0.917651
0.917651
0.917651
0.917651
0.917651
0.917651
0.917651
0.917651
0.917651
0.917651
0.916541
0.916541
0.916541
0.916541
0.916541
0.916541
0.916541
0.916541
0.916541
0.916541
0.850287
0.910844
0.910844
0.910844
0.910844
0.910844
0.912854
0.912854
0.912854
0.912854
0.858777
0.910844
0.910844
0.910844
0.910844
0.910844
0.910844
0.910844
0.912108
0.912108
0.860562
0.910844
0.910844
0.91736
0.91736
0.91736
0.91736
0.91736
0.91736
0.91736
0.835609
0.910844
0.910844
0.910844
0.912384
0.912384
0.912384
0.912384
0.912384
0.918714
0.8755
0.910844
0.910844
0.910844
0.910844
0.910844
0.910844
0.910844
0.910844
0.916568
0.927794
0.927794
0.930029
0.930029
0.930029
0.930029
0.930029
0.930029
0.930029
0.930029
0.916114
0.916114
0.926493
0.926493
0.926493
0.926493
0.926493
0.926758
0.926758
0.926758
0.822855
0.912787
0.919187
0.919187
0.919187
0.925133
0.925188
0.925188
0.925188


0.113364
0.118621
0.143497
0.159428
0.193639
0.209702
0.232081
0.232259
0.233533
0.257342
0.287679
0.280053
0.342451
0.355897
0.402438
0.443467
0.467748
0.482134
0.491331
0.510293
0.52622
0.530635
0.580345
0.629927
0.653533
0.661931
0.701706
0.741383
0.809595
0.809595
0.820388
0.834811
0.885144
0.909211
0.910761
0.910995
0.911983
0.914347
0.930251
0.930251
0.946986
0.94766
0.949547
0.954096
0.956992
0.960261
0.971545
0.971545
0.971855
0.974293
0.97471
0.976545
0.978709
0.979261
0.980326
0.981344
0.983291
0.98486
0.985142
0.985811
0.987745
0.98792
0.988619
0.990076
0.99195
0.99195
0.992782
0.992987
0.993399
0.994336
0.996125
0.99628
0.996342
0.997016
0.997379
0.998014
0.998165
0.998203
0.998849
0.998849
0.998897
0.998897
0.998899
0.998975
0.998977
0.99902
0.999109
0.999181
0.999237
0.999333
0.999371
0.999461
0.999465
0.999509
0.999656
0.999685
0.999693
0.999741
0.999771
0.999773
0.999798
0.999817
0.999837
0.99985
0.999882
0.999891
0.999891
0.999907
0.999916
0.999916
0.999916
0.999918
0.999923
0.99993
0.99993
0.999942
0.999949
0.999949
0.999953
0.99996
0.999964
0.99997
0.999976
0.999977
0.999979
0.999979
0.999981
0.999986
0.999986
0.999987
0.999988
0.999988
0.999991
0.999991
0.999993
0.999993
0.999994
0.999994
0.999995
0.999995
0.999996
0.999996
0.999996
0.999997
0.999998
0.999998
0.999998
0.999998
0.999998
0.999999
0.999999
0.999999
0.999999
0.999999
0.999999
0.999999
0.999999
0.999999
0.999999
0.999999
1
1
1
1
1
1
1
1
1
1
1
1
1
1
1
1
1
1
1
1
1
1
1
1
1
1
1
1
1
1
1
1
1
1
1
1
1
1
1
1
1
1
1
1
1
1
1
1
1
1
1
1
1
1
1
1
1
1
1
1
1
1
1
1
1
1
1
1
1
1
1
1
1
1
1
1
1
1
1
1
1
1
1
1
1
1
1
1
1
1
1
1
1
1
1
1
1
1
1
1
1
1
1
1
1
1
1
1
1
1
1
1
1
1
1
1
1
1
1
1
1
1
1
1
1
1
1
1
1
1
1
1
1
1
1
1
1
1
1
1
1
1
1
1
1
1
1
1
1
1
1
1
1
1
1
1
1
1
1
1
1
1
1
1
1
1
1
1
1
1
1
1
1
1
1
1
1
1
1
1
1
1
1
1
1
1
1
1
1
1
1
0.999985
1
1
1
1
1
1
1
1
1
1
1
1
1
1
1
1
1
1
1
1
1
1
1
1
1
1
1
1
1
1
1
1
1
1
1
1
1
1
1
1
1
1
1
1
1
1
1
1


0.12019
0.134571
0.141059
0.150634
0.16926
0.190556
0.222884
0.225167
0.243353
0.262237
0.286568
0.305991
0.305991
0.380786
0.408547
0.411811
0.431085
0.434761
0.469358
0.494819
0.498658
0.541985
0.578392
0.584362
0.589087
0.603369
0.645269
0.726504
0.738178
0.738178
0.738484
0.739036
0.756806
0.765456
0.808358
0.813118
0.820539
0.82775
0.830813
0.8429
0.845649
0.851663
0.858928
0.858997
0.869098
0.874071
0.874865
0.877714
0.879003
0.879985
0.881061
0.882458
0.884064
0.885215
0.886557
0.886557
0.887604
0.889116
0.889587
0.891201
0.891223
0.890807
0.89154
0.891599
0.891941
0.89218
0.892915
0.893089
0.893144
0.893418
0.893418
0.89395
0.893983
0.894042
0.894058
0.894116
0.89419
0.894346
0.894383
0.894586
0.894607
0.894594
0.894634
0.894675
0.894702
0.894724
0.894796
0.894825
0.894844
0.894844
0.894883
0.894899
0.894917
0.894922
0.894953
0.894957
0.894976
0.894985
0.894989
0.894997
0.895011
0.895017
0.895019
0.895023
0.895024
0.895028
0.895029
0.895029
0.895034
0.895035
0.895036
0.895043
0.895044
0.895045
0.895045
0.895047
0.895047
0.895048
0.895048
0.895048
0.895049
0.89505
0.89505
0.89505
0.895051
0.895051
0.895052
0.895052
0.895052
0.895052
0.895052
0.895053
0.895053
0.895053
0.895053
0.895053
0.895053
0.895053
0.895053
0.895053
0.895053
0.895054
0.895054
0.895054
0.895054
0.895054
0.895054
0.895054
0.895054
0.895054
0.895054
0.895054
0.895054
0.895054
0.895054
0.895054
0.895054
0.895054
0.895054
0.895054
0.895054
0.895054
0.895054
0.895054
0.895054
0.895054
0.895054
0.895054
0.895054
0.895054
0.895054
0.895054
0.895054
0.895054
0.895054
0.895054
0.895054
0.895054
0.895054
0.895054
0.895054
0.895054
0.895054
0.895054
0.895054
0.895054
0.895054
0.895054
0.895054
0.895054
0.895054
0.895054
0.895054
0.895054
0.895054
0.895054
0.895054
0.895054
0.895054
0.895054
0.895054
0.895054
0.895054
0.895054
0.895054
0.895054
0.895054
0.895054
0.895054
0.895054
0.895054
0.895054
0.895054
0.895054
0.895054
0.895054
0.895054
0.895054
0.895054
0.895054
0.895054
0.895054
0.895054
0.895054
0.895054
0.895054
0.895054
0.895054
0.895054
0.895054
0.895054
0.895054
0.895054
0.895054
0.895054
0.895054
0.895054
0.895054
0.895054
0.895054
0.895054
0.895054
0.895054
0.895054
0.895054
0.895054
0.895054
0.895054
0.895054
0.899776
0.899776
0.899776
0.899776
0.899776
0.899776
0.899776
0.899776
0.899776
0.899776
0.899776
0.899776
0.899776
0.899776
0.899776
0.899776
0.899776
0.899776
0.899776
0.899776
0.899776
0.899776
0.841954
0.895054
0.895054
0.895054
0.895054
0.895054
0.895054
0.895054
0.895054
0.895054
0.895054
0.895054
0.895054
0.895054
0.895054
0.895054
0.895054
0.895054
0.895054
0.895054
0.895054
0.895054
0.895054
0.895054
0.895054
0.895054
0.895054
0.895054
0.895054
0.895054
0.895054
0.895054
0.895054
0.895054
0.895054
0.895054
0.895054
0.895054
0.895054
0.895054
0.895048
0.895054
0.895054
0.895054
0.895054
0.895054
0.895054
0.895054
0.895054
0.895054
0.895054
0.895054
0.895054
0.895054
0.895054
0.895054
0.895054
0.895054
0.895054
0.895054
0.895052
0.895054
0.895054
0.895054
0.896001
0.898222
0.898857
0.917219
0.917576
0.917585
0.8655
0.901563
0.901567
0.901567
0.902346
0.902346
0.903875
0.905974
0.906494
0.906595
0.905409
0.907166
0.907166
0.907568
0.907568
0.907568
0.908504
0.908504
0.909877
0.911051
0.863648
0.910162
0.910935
0.910935
0.911225
0.912003
0.912003
0.912644
0.912753
0.912753
0.91286
0.913303
0.913636
0.913911
0.914167
0.915469
0.915469
0.915469
0.915469
0.915469
0.915517
0.915517
0.915592
0.915592
0.916204
0.917048
0.917048
0.917048
0.917108
0.927931
0.914668
0.92401
0.924022
0.924022
0.924022
0.925521
0.939942
0.939985
0.940019


0.116438
0.137127
0.166702
0.180877
0.181213
0.196962
0.22454
0.235476
0.235476
0.270112
0.283918
0.310305
0.37329
0.424307
0.481015
0.499352
0.499352
0.508793
0.534019
0.543895
0.560128
0.60175
0.608269
0.642287
0.688857
0.702842
0.705507
0.743433
0.75365
0.763798
0.782126
0.800272
0.812406
0.827574
0.836126
0.838685
0.853262
0.853938
0.854158
0.871738
0.872762
0.874238
0.879367
0.880517
0.889223
0.893704
0.895263
0.901575
0.902815
0.905533
0.905533
0.908394
0.913079
0.913772
0.914551
0.917981
0.918143
0.920977
0.921558
0.926581
0.926867
0.927409
0.927818
0.928311
0.931875
0.932096
0.93236
0.93304
0.933041
0.9357
0.935941
0.936505
0.936521
0.937151
0.93737
0.937957
0.938109
0.938109
0.938238
0.938474
0.938788
0.93879
0.939021
0.939075
0.939088
0.93914
0.939216
0.939322
0.939369
0.939399
0.939591
0.939598
0.939601
0.939663
0.939702
0.93971
0.939886
0.939886
0.939886
0.939889
0.939942
0.939945
0.939949
0.939951
0.939965
0.939983
0.939991
0.939992
0.940004
0.940006
0.940006
0.940015
0.940019
0.940033
0.940033
0.940042
0.940051
0.940052
0.940055
0.940056
0.940057
0.940057
0.940057
0.940058
0.940058
0.940059
0.940064
0.940068
0.940068
0.940069
0.94007
0.94007
0.940071
0.940071
0.940071
0.940072
0.940072
0.940072
0.940072
0.940074
0.940074
0.940074
0.940074
0.940074
0.940075
0.940075
0.940075
0.940075
0.940076
0.940076
0.940076
0.940076
0.940076
0.940076
0.940076
0.940076
0.940076
0.940077
0.940077
0.940077
0.940077
0.940077
0.940077
0.940077
0.940077
0.940077
0.940077
0.940077
0.940077
0.940077
0.940077
0.940077
0.940077
0.940078
0.940078
0.940078
0.940078
0.940078
0.940078
0.940078
0.940078
0.940078
0.940078
0.940078
0.940078
0.940078
0.940078
0.940078
0.940078
0.940078
0.940078
0.940078
0.940078
0.940078
0.940078
0.940078
0.940078
0.940078
0.940078
0.940078
0.940078
0.940078
0.940078
0.940078
0.940078
0.940078
0.940078
0.940078
0.940078
0.940078
0.940078
0.940078
0.940078
0.940078
0.940078
0.940078
0.940078
0.940078
0.940078
0.940078
0.940078
0.940078
0.940078
0.940078
0.940078
0.940078
0.940078
0.940078
0.940078
0.940078
0.940078
0.940078
0.940078
0.940078
0.940078
0.940078
0.940078
0.940078
0.940078
0.940078
0.940078
0.940078
0.940078
0.940078
0.940078
0.940078
0.940078
0.940078
0.940078
0.940078
0.940078
0.940078
0.940078
0.940078
0.940078
0.940078
0.940078
0.940078
0.940078
0.940078
0.940078
0.940078
0.940078
0.940078
0.940078
0.940078
0.940078
0.940078
0.940078
0.940078
0.940078
0.940078
0.940078
0.940078
0.940078
0.940078
0.940078
0.940078
0.940078
0.940078
0.940078
0.940078
0.940078
0.940078
0.940078
0.940078
0.940078
0.940078
0.940078
0.940078
0.940078
0.940078
0.940078
0.940078
0.940078
0.940078
0.94017
0.940454
0.940766
0.941064
0.941477
0.941684
0.941789
0.94194
0.942159
0.942459
0.942912
0.943122
0.943224
0.943392
0.943529
0.943599
0.943648
0.943704
0.94376
0.943844
0.943884
0.943903
0.944003
0.944059
0.944104
0.944148
0.944175
0.944198
0.944218
0.944228
0.944247
0.944256
0.94426
0.944261
0.944261
0.944261
0.944261
0.944261
0.944261
0.944261
0.944261
0.944261
0.944261
0.944261
0.944261
0.944261
0.944261
0.944261
0.944261
0.944261
0.944261
0.944261
0.944261
0.944261
0.944261
0.944261
0.944261
0.944261
0.944261
0.945496
0.945898
0.946378
0.946378
0.946378
0.946534
0.946548
0.946594
0.946603
0.946675
0.946697
0.946706
0.94671
0.946711
0.946712
0.946725
0.946716
0.946723
0.946723
0.946728
0.946728
0.946728
0.94673
0.94673
0.94673
0.946731
0.946731
0.946731
0.946731
0.946731
0.946731
0.946731
0.947165
0.947165
0.947165
0.947165
0.909031
0.940078
0.940078
0.940078
0.940078
0.940078
0.940078
0.940078
0.940078


0.10225
0.146516
0.161114
0.163237
0.195741
0.195741
0.231034
0.25161
0.267978
0.268003
0.337536
0.421568
0.427091
0.442651
0.46479
0.508482
0.535837
0.545298
0.570479
0.579439
0.617903
0.638126
0.658557
0.71094
0.728241
0.753933
0.784367
0.784367
0.809161
0.84544
0.853154
0.853154
0.864776
0.889454
0.893725
0.901236
0.909451
0.919103
0.920665
0.927719
0.936025
0.934073
0.945441
0.95182
0.95337
0.959252
0.96258
0.97032
0.973347
0.975673
0.980374
0.980387
0.984255
0.985634
0.988159
0.989168
0.989168
0.989821
0.9905
0.991573
0.992331
0.992892
0.995368
0.99565
0.996274
0.996466
0.99675
0.996769
0.996769
0.99695
0.997099
0.997364
0.997611
0.997611
0.997943
0.997971
0.998029
0.998054
0.998054
0.998136
0.998266
0.998194
0.998221
0.998338
0.99837
0.998387
0.998405
0.998413
0.998418
0.998445
0.998468
0.998478
0.998493
0.998498
0.998501
0.998512
0.998514
0.998516
0.998523
0.998531
0.998537
0.998553
0.998558
0.998559
0.998559
0.998559
0.99856
0.998562
0.998563
0.998565
0.998569
0.99857
0.998574
0.998578
0.998579
0.998579
0.99858
0.99858
0.99858
0.998581
0.998581
0.998582
0.998583
0.998583
0.998584
0.998584
0.998585
0.998586
0.998586
0.998586
0.998587
0.998587
0.998587
0.998587
0.998587
0.998588
0.998588
0.998588
0.998588
0.998588
0.998588
0.998588
0.998588
0.998588
0.998589
0.998589
0.998589
0.998589
0.998589
0.998589
0.998589
0.998589
0.998589
0.998589
0.998589
0.998589
0.998589
0.998589
0.998589
0.998589
0.998589
0.998589
0.998589
0.998589
0.998589
0.998589
0.998589
0.998589
0.998589
0.998589
0.998589
0.998589
0.998589
0.998589
0.998589
0.998589
0.998589
0.998589
0.998589
0.998589
0.998589
0.998589
0.998589
0.998589
0.998589
0.998589
0.998589
0.998589
0.998589
0.998589
0.998589
0.998589
0.998589
0.998589
0.998589
0.998589
0.998589
0.998589
0.998589
0.998589
0.998589
0.998589
0.998589
0.998589
0.998589
0.998589
0.998589
0.998589
0.998589
0.998589
0.998589
0.998589
0.998589
0.998589
0.998589
0.998589
0.998589
0.998589
0.998589
0.998589
0.998589
0.998589
0.998589
0.998589
0.998589
0.998589
0.998589
0.998589
0.998589
0.998589
0.998589
0.998589
0.998589
0.998589
0.998589
0.998589
0.998589
0.998589
0.998589
0.998589
0.998589
0.998589
0.998589
0.998589
0.998589
0.998589
0.998589
0.998589
0.998589
0.998589
0.998589
0.998589
0.998589
0.998589
0.998589
0.998589
0.998589
0.998589
0.998589
0.998589
0.998589
0.998589
0.998589
0.998589
0.998589
0.998589
0.998589
0.998589
0.998589
0.998589
0.998589
0.998589
0.998589
0.998589
0.998589
0.998589
0.998589
0.998589
0.998589
0.998589
0.998589
0.998589
0.998589
0.998589
0.998589
0.998589
0.998589
0.998589
0.998589
0.998589
0.998589
0.998589
0.998589
0.998589
0.998589
0.998589
0.998589
0.998589
0.998589
0.998589
0.998589
0.998589
0.998589
0.998589
0.998589
0.998589
0.998589
0.998589
0.998589
0.998589
0.998589
0.998589
0.998589
0.998589
0.998589
0.998589
0.998589
0.998589
0.998589
0.998589
0.998589
0.998589
0.998589
0.998589
0.998589
0.998589
0.998589
0.998589
0.998589
0.998589
0.998589
0.998589
0.998589
0.998589
0.998589
0.998589
0.998589
0.998589
0.998589
0.998589
0.998589
0.998589
0.998589
0.998589
0.998589
0.998589
0.998589
0.998589
0.998589
0.998589
0.998589
0.998589
0.998589
0.998589
0.998589
0.998589
0.998589
0.998589
0.998589
0.998589
0.998589
0.998589
0.998589
0.998589
0.998589
0.998589
0.998589
0.998589
0.998589
0.998589
0.998589
0.998589
0.998589
0.998589
0.998589
0.998589
0.998589
0.998589
0.998589
0.998589
0.998589
0.998589
0.998589
0.998589
0.998589
0.998589
0.998589
0.998589
0.998589
0.998589
0.998589
0.998589
0.998589
0.998589
0.998589
0.998589
0.998589
0.998589
0.998589
0.998589


0.114005
0.136426
0.139349
0.172515
0.187738
0.190616
0.213717
0.225175
0.255374
0.262205
0.313479
0.326051
0.379435
0.408783
0.408824
0.409901
0.443361
0.455303
0.492188
0.542218
0.550856
0.560007
0.576611
0.592842
0.671817
0.716933
0.718773
0.721871
0.740217
0.756363
0.758081
0.781237
0.785374
0.800388
0.824807
0.843058
0.844063
0.871068
0.876166
0.891744
0.896354
0.903756
0.903756
0.908049
0.920576
0.93018
0.934736
0.937754
0.939803
0.957775
0.962988
0.965425
0.96802
0.968267
0.968584
0.971105
0.975988
0.976602
0.976725
0.979557
0.981461
0.984254
0.98601
0.986273
0.987846
0.987846
0.988157
0.988157
0.988956
0.989323
0.990161
0.990501
0.990622
0.991395
0.99151
0.991624
0.991674
0.991767
0.992064
0.992444
0.992519
0.992919
0.992962
0.992969
0.993114
0.993114
0.993291
0.993325
0.993477
0.993569
0.993756
0.993835
0.994168
0.994221
0.994263
0.994388
0.994388
0.994492
0.994602
0.994684
0.994825
0.994757
0.9948
0.994872
0.99494
0.994949
0.994965
0.995085
0.995106
0.995134
0.995134
0.995189
0.995198
0.995222
0.995231
0.995249
0.995249
0.995265
0.995298
0.995298
0.995321
0.995322
0.995332
0.995339
0.99534
0.995347
0.995354
0.99536
0.99536
0.995363
0.995365
0.995367
0.99537
0.99537
0.995372
0.995374
0.995374
0.995375
0.995378
0.995379
0.995379
0.995379
0.99538
0.995381
0.995382
0.995383
0.995383
0.995384
0.995385
0.995385
0.995385
0.995385
0.995385
0.995385
0.995385
0.995386
0.995386
0.995386
0.995386
0.995386
0.995386
0.995386
0.995386
0.995387
0.995387
0.995387
0.995387
0.995387
0.995387
0.995387
0.995387
0.995387
0.995387
0.995387
0.995387
0.995387
0.995387
0.995387
0.995387
0.995387
0.995387
0.995388
0.995388
0.995388
0.995388
0.995388
0.995388
0.995388
0.995388
0.995388
0.995388
0.995388
0.995388
0.995388
0.995388
0.995388
0.995388
0.995388
0.995388
0.995388
0.995388
0.995388
0.995388
0.995388
0.995388
0.995388
0.995388
0.995388
0.995388
0.995388
0.995388
0.995388
0.995388
0.995388
0.995388
0.995388
0.995388
0.995388
0.995388
0.995388
0.995388
0.995388
0.995388
0.995388
0.995388
0.995388
0.995388
0.995388
0.995388
0.995388
0.995388
0.995388
0.995388
0.995388
0.995388
0.995388
0.995388
0.995388
0.995388
0.995388
0.995388
0.995388
0.995388
0.995388
0.995388
0.995388
0.995388
0.995388
0.995388
0.995388
0.995388
0.995388
0.995388
0.995388
0.995388
0.995388
0.995388
0.995388
0.995388
0.995388
0.995388
0.995388
0.995388
0.995388
0.995388
0.995388
0.995388
0.995388
0.995388
0.995388
0.995388
0.995388
0.995388
0.995388
0.995388
0.995388
0.995388
0.995388
0.995388
0.995388
0.995388
0.995388
0.995388
0.995388
0.995388
0.995388
0.995388
0.995388
0.995388
0.995388
0.995388
0.995388
0.995388
0.995388
0.995388
0.995388
0.995388
0.995388
0.995388
0.995388
0.995388
0.995388
0.995388
0.995388
0.995388
0.995388
0.995388
0.995388
0.995388
0.995388
0.995388
0.995388
0.995388
0.995388
0.995388
0.995388
0.995388
0.995388
0.995388
0.995388
0.995388
0.995388
0.995388
0.995388
0.995388
0.995388
0.995388
0.995388
0.995388
0.995388
0.995388
0.995388
0.995388
0.995388
0.995388
0.995388
0.995388
0.995388
0.995388
0.995388
0.995388
0.995388
0.995388
0.995388
0.995388
0.995388
0.995388
0.995388
0.995388
0.995388
0.995388
0.995388
0.995388
0.995388
0.995388
0.995388
0.995388
0.995388
0.995388
0.995388
0.995388
0.995388
0.995388
0.995388
0.995388
0.995388
0.995388
0.995388
0.995388
0.995388
0.995388
0.995388
0.995388
0.995388
0.995388
0.995388
0.995388
0.995388
0.995388
0.995388
0.995388
0.995388
0.995388
0.995388
0.995388
0.995388
0.995388
0.995388
0.995388
0.995388
0.995388
0.995388
0.995388
0.995388
0.995388
0.995388
0.995388
0.995388
0.995388
0.995388


0.111829
0.161474
0.162695
0.163824
0.203841
0.205654
0.207667
0.240267
0.256356
0.310042
0.310042
0.320621
0.340506
0.398038
0.417831
0.421997
0.460777
0.468066
0.468066
0.476067
0.50387
0.55836
0.55836
0.580421
0.625824
0.625824
0.637801
0.740599
0.754023
0.758981
0.76172
0.794773
0.799295
0.802676
0.825445
0.840102
0.841645
0.860522
0.862968
0.868841
0.877056
0.879986
0.89028
0.898053
0.905026
0.908777
0.915485
0.923579
0.92408
0.926
0.928685
0.926866
0.926866
0.932812
0.934383
0.939168
0.94178
0.942488
0.94442
0.944542
0.945278
0.948639
0.948639
0.950753
0.950905
0.950939
0.951047
0.951765
0.953532
0.954073
0.954271
0.954284
0.955137
0.955271
0.955318
0.95535
0.955459
0.95778
0.958104
0.958417
0.958426
0.958578
0.958599
0.959016
0.959442
0.959455
0.960381
0.960916
0.960955
0.960989
0.960989
0.961076
0.961108
0.96112
0.96124
0.961282
0.961286
0.961516
0.961521
0.961532
0.961534
0.961721
0.961726
0.961734
0.961734
0.961769
0.96177
0.96178
0.961785
0.961814
0.961821
0.961822
0.961823
0.961841
0.961843
0.961843
0.961867
0.96188
0.961888
0.961888
0.961889
0.961895
0.961905
0.961913
0.961931
0.961932
0.961932
0.961932
0.961941
0.961946
0.961946
0.961946
0.961956
0.961958
0.961959
0.961959
0.961961
0.961961
0.961963
0.961964
0.961967
0.961967
0.961968
0.961969
0.961969
0.961969
0.96197
0.96197
0.96197
0.96197
0.961972
0.961971
0.961972
0.961973
0.961973
0.961973
0.961974
0.961974
0.961974
0.961974
0.961974
0.961974
0.961974
0.961974
0.961974
0.961975
0.961975
0.961975
0.961975
0.961975
0.961975
0.961975
0.961975
0.961975
0.961975
0.961975
0.961975
0.961976
0.961976
0.961976
0.961976
0.961976
0.961976
0.961976
0.961976
0.961976
0.961976
0.961976
0.961976
0.961976
0.961976
0.961976
0.961976
0.961976
0.961976
0.961976
0.961976
0.961976
0.961976
0.961976
0.961976
0.961976
0.961976
0.961976
0.961976
0.961976
0.961976
0.961976
0.961976
0.961976
0.961976
0.961976
0.961976
0.961976
0.961976
0.961976
0.961976
0.961976
0.961976
0.961976
0.961976
0.961976
0.961976
0.961976
0.961976
0.961976
0.961976
0.961976
0.961976
0.961976
0.961976
0.961976
0.961976
0.961976
0.961976
0.961976
0.961976
0.961976
0.961976
0.961976
0.961976
0.961976
0.961976
0.961976
0.961976
0.961976
0.961976
0.961976
0.961976
0.961976
0.961976
0.961976
0.961976
0.961976
0.961976
0.961976
0.961976
0.961976
0.961976
0.961976
0.961976
0.961976
0.961976
0.961976
0.961976
0.961976
0.961976
0.961976
0.961976
0.961976
0.961976
0.961976
0.961976
0.961976
0.961976
0.961976
0.961976
0.961976
0.961976
0.961976
0.961976
0.961976
0.961976
0.961976
0.961976
0.961976
0.961976
0.961976
0.961976
0.961976
0.961976
0.961976
0.961976
0.961976
0.961976
0.961976
0.961976
0.961976
0.961976
0.961976
0.961976
0.961976
0.961976
0.961976
0.961976
0.961976
0.961976
0.961976
0.961976
0.961976
0.961976
0.961976
0.961976
0.961976
0.961976
0.961976
0.961976
0.961976
0.961976
0.961976
0.961976
0.961976
0.961976
0.961976
0.961976
0.961976
0.961976
0.961976
0.961976
0.961976
0.961976
0.961976
0.961976
0.961976
0.961976
0.961976
0.961976
0.961976
0.961976
0.961976
0.961976
0.961976
0.961976
0.961976
0.961976
0.961976
0.961976
0.961976
0.961976
0.961976
0.961976
0.9619
0.961976
0.961976
0.961976
0.961976
0.961976
0.961976
0.961976
0.961976
0.961976
0.961976
0.961976
0.961976
0.961976
0.961976
0.961976
0.961976
0.961976
0.961976
0.961976
0.961976
0.961976
0.961976
0.961976
0.961976
0.961976
0.961976
0.961976
0.961976
0.961976
0.961976
0.961976
0.961976
0.961976
0.961976
0.961976
0.961976
0.961976
0.961976
0.961976
0.961976
0.961976
0.961976
0.961976
0.961976
0.961976
0.961976
0.961976
0.961976


0.117563
0.14251
0.151575
0.154896
0.176694
0.203977
0.204001
0.226591
0.253516
0.259112
0.283157
0.301951
0.318235
0.348516
0.356061
0.379071
0.384242
0.41592
0.457796
0.510792
0.518665
0.545789
0.545789
0.566863
0.621154
0.648818
0.649073
0.666777
0.666777
0.667617
0.70275
0.717813
0.757599
0.76848
0.768527
0.772958
0.791607
0.801139
0.803897
0.809595
0.819628
0.844155
0.848146
0.868802
0.870447
0.903341
0.904702
0.906667
0.926025
0.928579
0.93205
0.935928
0.938994
0.939938
0.947573
0.9493
0.95469
0.959542
0.962381
0.962381
0.962849
0.965157
0.965697
0.968804
0.969082
0.969545
0.969711
0.970999
0.973372
0.973623
0.973632
0.974072
0.975213
0.97563
0.975835
0.976286
0.976348
0.976558
0.976558
0.976731
0.976773
0.976901
0.976908
0.977038
0.977241
0.977576
0.977796
0.978016
0.978032
0.978047
0.978124
0.978202
0.978235
0.978484
0.978943
0.978943
0.978956
0.979233
0.979328
0.979328
0.979337
0.979326
0.979334
0.979399
0.979465
0.979539
0.97959
0.97962
0.979621
0.979668
0.979672
0.979701
0.979731
0.979743
0.979747
0.979756
0.979775
0.979804
0.979804
0.979811
0.979819
0.979828
0.979847
0.979847
0.979847
0.979847
0.979847
0.979853
0.979854
0.979857
0.97986
0.97986
0.97986
0.979863
0.979863
0.979863
0.979867
0.979867
0.979867
0.979869
0.979869
0.979869
0.979869
0.979869
0.979871
0.979872
0.979872
0.979872
0.979873
0.979873
0.979873
0.979873
0.979873
0.979873
0.979873
0.979874
0.979874
0.979874
0.979874
0.979874
0.979874
0.979874
0.979874
0.979875
0.979875
0.979875
0.979875
0.979875
0.979875
0.979875
0.979875
0.979875
0.979875
0.979875
0.979875
0.979875
0.979875
0.979875
0.979875
0.979875
0.979875
0.979875
0.979875
0.979875
0.979875
0.979875
0.979875
0.979875
0.979875
0.979875
0.979875
0.979875
0.979875
0.979875
0.979875
0.979875
0.979875
0.979875
0.979875
0.979875
0.979875
0.979875
0.979875
0.979875
0.979875
0.979875
0.979875
0.979875
0.979875
0.979875
0.979875
0.979875
0.979875
0.979875
0.979875
0.979875
0.979875
0.979875
0.979875
0.979875
0.979875
0.979875
0.979875
0.979875
0.979875
0.979875
0.979875
0.979875
0.979875
0.979875
0.979875
0.979875
0.979875
0.979875
0.979875
0.979875
0.979875
0.979875
0.979875
0.979875
0.979875
0.979875
0.979875
0.979875
0.979875
0.979875
0.979875
0.979875
0.979875
0.979875
0.979875
0.979875
0.979875
0.979875
0.979875
0.979875
0.979875
0.979875
0.979875
0.979875
0.979875
0.979875
0.979875
0.979875
0.979875
0.979875
0.979875
0.979875
0.979875
0.979875
0.979875
0.979875
0.979875
0.979875
0.979875
0.979875
0.979875
0.979875
0.979875
0.979875
0.979875
0.979875
0.979875
0.979875
0.979875
0.979875
0.979875
0.979875
0.979875
0.979875
0.979875
0.979875
0.979875
0.979875
0.979875
0.979875
0.979875
0.979875
0.979875
0.979875
0.979875
0.979875
0.979875
0.979875
0.979875
0.979875
0.979875
0.979875
0.979875
0.979875
0.979875
0.979875
0.979875
0.979875
0.979875
0.979875
0.979875
0.979875
0.979875
0.979875
0.979875
0.979875
0.979875
0.979875
0.979875
0.979875
0.979875
0.979875
0.979875
0.979875
0.979875
0.979875
0.979875
0.979875
0.979875
0.979875
0.979875
0.979875
0.979875
0.979875
0.979875
0.979875
0.979875
0.979875
0.979875
0.979875
0.979875
0.979875
0.979875
0.979875
0.979875
0.979875
0.979875
0.979875
0.979875
0.979875
0.979875
0.979875
0.979875
0.979875
0.979875
0.979875
0.979875
0.979875
0.979875
0.979875
0.979875
0.979875
0.979875
0.979875
0.979875
0.979875
0.979875
0.979875
0.979875
0.979875
0.979875
0.979875
0.979875
0.979875
0.979875
0.979875
0.979875
0.979875
0.979875
0.979875
0.979875
0.979875
0.979875
0.979875
0.979875
0.979875
0.979875
0.979875
0.979875
0.979875
0.979875
0.979875
0.979875
0.979875


0.134365
0.139624
0.14746
0.157158
0.203632
0.203632
0.222285
0.22546
0.244005
0.282834
0.29553
0.308111
0.374147
0.39809
0.39809
0.460833
0.484293
0.508972
0.525215
0.534329
0.54392
0.584775
0.61265
0.616834
0.661605
0.672171
0.711332
0.741828
0.747564
0.747723
0.777155
0.781556
0.788757
0.802035
0.814315
0.832069
0.833073
0.835808
0.849826
0.858293
0.871541
0.871533
0.875842
0.884384
0.884384
0.889084
0.895567
0.897977
0.898896
0.900367
0.900644
0.903351
0.908103
0.909658
0.910938
0.913725
0.915479
0.917287
0.917763
0.917926
0.919655
0.919678
0.920113
0.920309
0.92055
0.920776
0.921353
0.922141
0.92251
0.923126
0.92325
0.923248
0.923248
0.923598
0.923657
0.923738
0.923774
0.923804
0.923868
0.924355
0.924389
0.924439
0.924445
0.924468
0.924504
0.924508
0.924587
0.924614
0.924673
0.924758
0.924835
0.924852
0.924895
0.924897
0.924912
0.924914
0.924969
0.925009
0.925014
0.925035
0.925035
0.925047
0.925073
0.92508
0.925081
0.925082
0.925126
0.925126
0.925144
0.925144
0.925155
0.925161
0.925161
0.925163
0.925166
0.92517
0.925171
0.925174
0.925174
0.925178
0.92518
0.925182
0.925183
0.925187
0.925188
0.925192
0.925194
0.925194
0.925195
0.925198
0.925201
0.925201
0.925202
0.925203
0.925204
0.925204
0.925204
0.925204
0.925204
0.925205
0.925205
0.925205
0.925205
0.925206
0.925207
0.925207
0.925207
0.925208
0.925208
0.925208
0.925208
0.925208
0.925209
0.925209
0.925209
0.925209
0.925209
0.925209
0.925209
0.925209
0.925209
0.925209
0.92521
0.92521
0.92521
0.92521
0.92521
0.92521
0.92521
0.92521
0.92521
0.92521
0.92521
0.92521
0.92521
0.92521
0.92521
0.92521
0.92521
0.92521
0.92521
0.92521
0.92521
0.92521
0.92521
0.92521
0.92521
0.92521
0.92521
0.92521
0.92521
0.92521
0.92521
0.92521
0.92521
0.92521
0.92521
0.92521
0.92521
0.92521
0.92521
0.92521
0.92521
0.92521
0.92521
0.92521
0.92521
0.92521
0.92521
0.92521
0.92521
0.92521
0.92521
0.92521
0.92521
0.92521
0.92521
0.92521
0.92521
0.92521
0.92521
0.92521
0.92521
0.92521
0.92521
0.92521
0.92521
0.92521
0.92521
0.92521
0.92521
0.92521
0.92521
0.92521
0.92521
0.92521
0.92521
0.92521
0.92521
0.92521
0.92521
0.92521
0.92521
0.92521
0.92521
0.92521
0.92521
0.92521
0.92521
0.92521
0.92521
0.92521
0.92521
0.92521
0.92521
0.92521
0.92521
0.92521
0.92521
0.92521
0.92521
0.92521
0.92521
0.92521
0.92521
0.92521
0.92521
0.92521
0.92521
0.92521
0.92521
0.92521
0.92521
0.92521
0.92521
0.92521
0.92521
0.92521
0.92521
0.92521
0.92521
0.928713
0.932689
0.932689
0.932689
0.934082
0.938432
0.939862
0.940819
0.940819
0.941908
0.939188
0.940642
0.940642
0.940642
0.942265
0.942846
0.942907
0.943733
0.943941
0.943979
0.94398
0.94398
0.94443
0.94443
0.94443
0.944567
0.944567
0.944964
0.944964
0.944964
0.944964
0.944964
0.944964
0.944964
0.944964
0.944964
0.944964
0.945193
0.945222
0.945222
0.945222
0.945259
0.945259
0.945259
0.945262
0.945278
0.945283
0.945558
0.945558
0.945558
0.952308
0.957645
0.957645
0.959174
0.961114
0.962417
0.962417
0.962417
0.962669
0.962669
0.962629
0.962629
0.962629
0.962773
0.962773
0.962773
0.962773
0.962773
0.963147
0.963147
0.962961
0.963107
0.963107
0.963415
0.963495
0.963495
0.963609
0.963785
0.963785
0.963785
0.963785
0.964065
0.964065
0.964065
0.964065
0.964065
0.964065
0.964065
0.964221
0.964221
0.964178
0.964178
0.964231
0.964267
0.964282
0.96429
0.964446
0.964447
0.964447
0.964447
0.964475
0.964496
0.964503
0.964505
0.964506
0.964507
0.964507
0.964752
0.964752
0.964776
0.964729
0.964764
0.964914
0.964933
0.965249
0.965369
0.965369
0.965369
0.965387


0.113746
0.129491
0.143264
0.152807
0.204199
0.205084
0.234644
0.240585
0.247932
0.320901
0.333476
0.344121
0.365356
0.413928
0.438181
0.478138
0.498758
0.521134
0.528221
0.537892
0.571367
0.590286
0.646519
0.646729
0.672472
0.68627
0.714085
0.715716
0.782236
0.783982
0.803299
0.803299
0.807649
0.81186
0.836709
0.838378
0.840558
0.857346
0.85766
0.871172
0.874215
0.881324
0.902914
0.910037
0.923232
0.933589
0.936734
0.936901
0.936901
0.940348
0.941756
0.956799
0.957838
0.957838
0.959985
0.968298
0.968298
0.973714
0.974695
0.976027
0.976148
0.979755
0.979929
0.981988
0.981988
0.983957
0.984338
0.984801
0.986202
0.98858
0.98858
0.99059
0.991543
0.991752
0.991752
0.991838
0.992308
0.992392
0.992471
0.992821
0.992933
0.992854
0.993378
0.993391
0.993554
0.993558
0.993858
0.993863
0.994337
0.994446
0.994466
0.994483
0.994549
0.994695
0.994705
0.994912
0.99526
0.995347
0.995347
0.995379
0.995381
0.995468
0.995512
0.995647
0.995688
0.995688
0.995992
0.995992
0.995994
0.995996
0.995997
0.996029
0.996029
0.996066
0.996068
0.996068
0.996069
0.996085
0.996095
0.996113
0.996116
0.996117
0.996117
0.996117
0.996131
0.996132
0.996139
0.996139
0.99614
0.996141
0.996149
0.996154
0.996155
0.996156
0.996156
0.996157
0.996161
0.996161
0.996163
0.996166
0.996166
0.996166
0.996166
0.996166
0.996167
0.996168
0.996168
0.996168
0.996168
0.996168
0.996168
0.996169
0.996169
0.996169
0.996169
0.996169
0.99617
0.99617
0.99617
0.99617
0.99617
0.99617
0.99617
0.99617
0.99617
0.99617
0.99617
0.996171
0.996171
0.996171
0.996171
0.996171
0.996171
0.996171
0.996171
0.996171
0.996171
0.996171
0.996171
0.996171
0.996171
0.996171
0.996171
0.996171
0.996171
0.996171
0.996171
0.996171
0.996171
0.996171
0.996171
0.996171
0.996171
0.996171
0.996171
0.996171
0.996171
0.996171
0.996171
0.996171
0.996171
0.996171
0.996171
0.996171
0.996171
0.996171
0.996171
0.996171
0.996171
0.996171
0.996171
0.996171
0.996171
0.996171
0.996171
0.996171
0.996171
0.996171
0.996171
0.996171
0.996171
0.996171
0.996171
0.996171
0.996171
0.996171
0.996171
0.996171
0.996171
0.996171
0.996171
0.996171
0.996171
0.996171
0.996171
0.996171
0.996171
0.996171
0.996171
0.996171
0.996171
0.996171
0.996171
0.996171
0.996171
0.996171
0.996171
0.996171
0.996171
0.996171
0.996171
0.996171
0.996171
0.996171
0.996171
0.996171
0.996171
0.996171
0.996171
0.996171
0.996171
0.996171
0.996171
0.996171
0.996171
0.996171
0.996171
0.996171
0.996171
0.996171
0.996171
0.996171
0.996171
0.996171
0.996171
0.996171
0.996171
0.996171
0.996171
0.996171
0.996171
0.996171
0.996171
0.996171
0.996171
0.996171
0.996171
0.996171
0.996171
0.996171
0.996171
0.996171
0.996171
0.996171
0.996171
0.996171
0.996171
0.996171
0.996171
0.996171
0.996171
0.996171
0.996171
0.996171
0.996171
0.996171
0.996171
0.996171
0.996171
0.996171
0.996171
0.996171
0.996171
0.996171
0.996171
0.996171
0.996171
0.996171
0.996171
0.996171
0.996171
0.996171
0.996171
0.996171
0.996171
0.996171
0.996171
0.996171
0.996171
0.996171
0.996171
0.996171
0.996171
0.996171
0.996171
0.996171
0.996171
0.996171
0.996171
0.996171
0.996171
0.996171
0.996171
0.996171
0.996171
0.996171
0.996171
0.996171
0.996171
0.996171
0.996171
0.996171
0.996171
0.996171
0.996171
0.996171
0.996171
0.996171
0.996171
0.996171
0.996171
0.996171
0.996171
0.996171
0.996171
0.996171
0.996171
0.996171
0.996171
0.996171
0.996171
0.996171
0.996171
0.996171
0.996171
0.996171
0.996171
0.996171
0.996171
0.996171
0.996171
0.996171
0.996171
0.996171
0.996171
0.996171
0.996171
0.996171
0.996171
0.996171
0.996171
0.996171
0.996171
0.996171
0.996171
0.996171
0.996171
0.996171
0.996171
0.996171


0.117542
0.130287
0.145386
0.177488
0.204332
0.21176
0.230184
0.240311
0.303117
0.346702
0.346702
0.362072
0.395887
0.409336
0.480522
0.492425
0.532645
0.62228
0.62228
0.652509
0.652509
0.66301
0.67305
0.69712
0.737071
0.742727
0.743551
0.765809
0.781303
0.782488
0.786499
0.805468
0.808585
0.818836
0.839304
0.846958
0.862808
0.86323
0.870894
0.87562
0.884582
0.886831
0.888855
0.892918
0.893889
0.899805
0.901325
0.903223
0.917016
0.918258
0.921028
0.916754
0.924629
0.928361
0.930423
0.931112
0.933257
0.933257
0.933851
0.935243
0.936256
0.938879
0.942727
0.94301
0.943013
0.943717
0.944244
0.944743
0.944785
0.944965
0.944965
0.945105
0.946012
0.946059
0.946101
0.946512
0.947096
0.94711
0.94711
0.947395
0.947459
0.947531
0.947551
0.947712
0.947862
0.947869
0.947888
0.947913
0.955044
0.955044
0.955063
0.957529
0.957534
0.957551
0.964008
0.966938
0.966938
0.967552
0.96812
0.97255
0.973608
0.973624
0.974455
0.974466
0.974466
0.974671
0.974674
0.975196
0.977318
0.97732
0.97732
0.97732
0.978352
0.978636
0.978641
0.978641
0.980586
0.981851
0.983879
0.983879
0.984211
0.985034
0.985396
0.986325
0.986325
0.986332
0.98676
0.986848
0.986848
0.987579
0.98758
0.988545
0.988545
0.988621
0.988621
0.988622
0.989221
0.989221
0.989221
0.989285
0.989462
0.989492
0.989492
0.989572
0.989572
0.989757
0.989757
0.989834
0.989958
0.989982
0.990072
0.990147
0.990147
0.990192
0.990201
0.990281
0.99029
0.990292
0.990292
0.990311
0.990329
0.990329
0.990357
0.990369
0.99039
0.99039
0.990428
0.990428
0.990428
0.990435
0.990439
0.99043
0.99043
0.990437
0.99044
0.990457
0.990457
0.990457
0.990482
0.990482
0.990486
0.990492
0.990494
0.990494
0.990494
0.990494
0.990505
0.990505
0.990505
0.990507
0.990507
0.990505
0.990505
0.990508
0.990508
0.990512
0.990512
0.990512
0.990512
0.990513
0.990514
0.990512
0.990513
0.990515
0.990517
0.990517
0.99052
0.990523
0.990523
0.990523
0.990523
0.990523
0.990523
0.990525
0.990525
0.990525
0.990527
0.990527
0.990528
0.990528
0.990528
0.990528
0.990528
0.990529
0.990529
0.99053
0.99053
0.99053
0.990531
0.990531
0.990531
0.990531
0.990531
0.990531
0.990531
0.990531
0.990531
0.990531
0.990532
0.990532
0.990532
0.990532
0.990532
0.990532
0.990532
0.990532
0.990532
0.990532
0.990532
0.990532
0.990532
0.990532
0.990532
0.990532
0.990532
0.990532
0.990532
0.990532
0.990532
0.990532
0.990532
0.990532
0.990532
0.990532
0.990532
0.990532
0.990532
0.990532
0.990532
0.990532
0.990532
0.990532
0.990532
0.990532
0.990532
0.990532
0.990532
0.990532
0.990532
0.990532
0.990532
0.990532
0.990532
0.990533
0.990533
0.990533
0.990533
0.990533
0.990533
0.990533
0.990533
0.990533
0.990533
0.990533
0.990533
0.990533
0.990533
0.990533
0.990533
0.990533
0.990533
0.990533
0.990533
0.990533
0.990533
0.990533
0.990533
0.990533
0.990533
0.990533
0.990533
0.990533
0.990533
0.990533
0.990533
0.990533
0.990533
0.990533
0.990533
0.990533
0.990533
0.990533
0.990533
0.990533
0.990533
0.990533
0.990533
0.990533
0.990533
0.990533
0.990533
0.990533
0.990533
0.990533
0.990533
0.990533
0.990533
0.990533
0.990533
0.990533
0.990533
0.990533
0.990533
0.990533
0.990533
0.990533
0.990533
0.990533
0.990533
0.990533
0.990533
0.990533
0.990533
0.990533
0.990533
0.990533
0.990533
0.990533
0.990533
0.990533
0.990533
0.990533
0.990533
0.990533
0.990533
0.990533
0.990533
0.990533
0.990533
0.990533
0.990533
0.990533
0.990533
0.990533
0.990533
0.990533
0.990533
0.990533
0.990533
0.990533
0.990533
0.990533
0.990533
0.990533
0.990533
0.990533
0.990533
0.990533
0.990533
0.990533
0.990533
0.990533
0.990533
0.990533
0.990533
0.990533
0.990533
0.990533
0.990533
0.990533


0.102213
0.114535
0.140201
0.150971
0.177731
0.179086
0.196841
0.197991
0.233824
0.243751
0.252434
0.25553
0.293027
0.324612
0.337107
0.363423
0.420418
0.437035
0.441834
0.516363
0.587062
0.587062
0.616218
0.622328
0.633911
0.685623
0.724692
0.759654
0.759654
0.782131
0.78797
0.790398
0.802304
0.804682
0.828462
0.828729
0.83336
0.83899
0.8549
0.856436
0.865755
0.865055
0.871915
0.875836
0.879853
0.879853
0.886763
0.88826
0.891358
0.892605
0.893543
0.897915
0.901278
0.901278
0.901435
0.901641
0.907655
0.908526
0.911484
0.911616
0.911616
0.912383
0.912989
0.913121
0.91333
0.91333
0.914115
0.914115
0.914203
0.914449
0.914634
0.914657
0.914885
0.914885
0.915076
0.915189
0.915268
0.915294
0.915464
0.915566
0.915617
0.915625
0.915652
0.915783
0.915832
0.915934
0.915935
0.916018
0.916083
0.916126
0.916144
0.916152
0.916243
0.916245
0.916351
0.916394
0.916396
0.916396
0.916397
0.91642
0.916451
0.916464
0.916465
0.916478
0.916479
0.916479
0.916479
0.916494
0.916499
0.9165
0.9165
0.916503
0.916505
0.916508
0.916509
0.916512
0.916512
0.916514
0.916514
0.916516
0.916517
0.916517
0.916518
0.916519
0.916519
0.91652
0.916521
0.916521
0.916521
0.916521
0.916522
0.916523
0.916523
0.916523
0.916524
0.916524
0.916524
0.916524
0.916524
0.916524
0.916524
0.916524
0.916524
0.916524
0.916524
0.916524
0.916524
0.916524
0.916524
0.916524
0.916524
0.916524
0.916524
0.916524
0.916525
0.916525
0.916525
0.916525
0.916525
0.916525
0.916525
0.916525
0.916525
0.916525
0.916525
0.916525
0.916525
0.916525
0.916525
0.916525
0.916525
0.916525
0.916525
0.916525
0.916525
0.916525
0.916525
0.916525
0.916525
0.916525
0.916525
0.916525
0.916525
0.916525
0.916525
0.916525
0.916525
0.916525
0.916525
0.916525
0.916525
0.916525
0.916525
0.916525
0.916525
0.916525
0.916525
0.916525
0.916525
0.916525
0.916525
0.916525
0.916525
0.916525
0.916525
0.916525
0.916525
0.916525
0.916525
0.916525
0.916525
0.916525
0.916525
0.916525
0.916525
0.916525
0.916525
0.916525
0.916525
0.916525
0.916525
0.916525
0.916525
0.916525
0.916525
0.916525
0.916525
0.916525
0.916525
0.916525
0.916525
0.916525
0.916525
0.916525
0.916525
0.916525
0.916525
0.916525
0.916525
0.916525
0.916525
0.916525
0.916525
0.916525
0.916525
0.916525
0.916525
0.916525
0.916525
0.916525
0.916525
0.916525
0.916525
0.916525
0.916525
0.916525
0.916525
0.916525
0.916525
0.916525
0.916525
0.916525
0.916525
0.916525
0.916525
0.916525
0.916525
0.916525
0.916525
0.916525
0.916525
0.916525
0.916525
0.916525
0.916525
0.916525
0.916525
0.916525
0.916525
0.916525
0.916525
0.916525
0.916525
0.916525
0.916525
0.916525
0.916525
0.916525
0.916525
0.916525
0.916525
0.916525
0.916525
0.916525
0.916525
0.916525
0.916525
0.916525
0.916525
0.916525
0.916525
0.916525
0.916525
0.916525
0.916525
0.916525
0.916525
0.916525
0.916525
0.916525
0.916525
0.916525
0.916525
0.916525
0.916525
0.916525
0.916525
0.916525
0.916525
0.916525
0.916525
0.916525
0.916525
0.916525
0.916525
0.916525
0.916525
0.916525
0.916525
0.916525
0.916525
0.916525
0.916525
0.916525
0.916525
0.916525
0.916525
0.916525
0.916525
0.916525
0.916525
0.916525
0.916525
0.916525
0.916525
0.916525
0.916525
0.916525
0.916525
0.916525
0.916525
0.916525
0.916525
0.916525
0.916525
0.916525
0.916525
0.916525
0.916525
0.916525
0.921046
0.930126
0.934087
0.934087
0.934087
0.934857
0.935037
0.936677
0.938077
0.938077
0.938077
0.941223
0.94153
0.942742
0.943665
0.943665
0.943665
0.943665
0.943665
0.944433
0.944708
0.945564
0.947
0.947
0.947
0.947234
0.947234
0.948193
0.948193
0.948193
0.948193
0.948455
0.948455
0.948661
0.948661
0.948661
0.948661
0.948725
0.94877
0.949131


0.103922
0.114438
0.122582
0.127048
0.134141
0.166375
0.180284
0.180284
0.220564
0.243284
0.243284
0.252346
0.265822
0.265822
0.280449
0.287311
0.310994
0.313268
0.318337
0.319356
0.355441
0.368039
0.418606
0.446083
0.462956
0.470273
0.493599
0.511449
0.515085
0.521862
0.52217
0.555732
0.589875
0.589875
0.606734
0.607445
0.63527
0.6432
0.677045
0.703299
0.712178
0.720989
0.753381
0.76208
0.76208
0.79315
0.818504
0.826141
0.837218
0.837218
0.84715
0.850769
0.851397
0.855793
0.875949
0.875949
0.879365
0.884311
0.888644
0.891717
0.902843
0.903991
0.904781
0.906246
0.906246
0.910501
0.914768
0.918539
0.923364
0.923941
0.925632
0.925648
0.92596
0.926118
0.928193
0.930145
0.931264
0.931264
0.93169
0.932023
0.935012
0.935089
0.935108
0.935492
0.93596
0.936314
0.936856
0.937586
0.937586
0.938242
0.938454
0.938568
0.938645
0.938658
0.938836
0.938836
0.938852
0.938852
0.938869
0.939161
0.939169
0.939365
0.939727
0.93974
0.939845
0.939922
0.939969
0.940153
0.940155
0.940155
0.940157
0.940157
0.94026
0.940353
0.940358
0.940455
0.940455
0.940579
0.9406
0.940626
0.940626
0.940706
0.940713
0.940714
0.940714
0.940715
0.940737
0.940737
0.940738
0.940738
0.940757
0.940757
0.940757
0.940765
0.940768
0.940774
0.94078
0.940785
0.940789
0.940798
0.940807
0.940814
0.940814
0.94082
0.940821
0.940829
0.940829
0.94083
0.940833
0.940834
0.940837
0.940837
0.940837
0.94084
0.940843
0.940843
0.940843
0.940843
0.940844
0.940844
0.940846
0.940847
0.940847
0.940847
0.940847
0.940847
0.940847
0.940847
0.940848
0.940848
0.940848
0.940848
0.940848
0.940848
0.940849
0.940849
0.940849
0.940849
0.940849
0.940849
0.940849
0.940849
0.940849
0.940849
0.940849
0.940849
0.940849
0.940849
0.940849
0.940849
0.940849
0.940849
0.940849
0.940849
0.940849
0.940849
0.940849
0.940849
0.940849
0.940849
0.940849
0.940849
0.940849
0.940849
0.940849
0.940849
0.940849
0.940849
0.940849
0.940849
0.940849
0.940849
0.940849
0.940849
0.940849
0.940849
0.940849
0.940849
0.940849
0.940849
0.940849
0.940849
0.940849
0.940849
0.940849
0.940849
0.940849
0.940849
0.940849
0.940849
0.940849
0.940849
0.940849
0.940849
0.940849
0.940849
0.940849
0.940849
0.940849
0.940849
0.940849
0.940849
0.940849
0.940849
0.940849
0.940849
0.940849
0.940849
0.940849
0.940849
0.940849
0.940849
0.940849
0.940849
0.940849
0.940849
0.940849
0.940849
0.940849
0.940849
0.940849
0.940849
0.940849
0.940849
0.940849
0.940849
0.940849
0.940849
0.940849
0.940849
0.940849
0.940849
0.940849
0.940849
0.940849
0.940849
0.940849
0.940849
0.940849
0.940849
0.940849
0.940849
0.940849
0.940849
0.940849
0.940849
0.940849
0.940849
0.940849
0.940849
0.940849
0.940849
0.940849
0.940849
0.940849
0.940849
0.940849
0.940849
0.940849
0.940849
0.940849
0.940849
0.940849
0.940849
0.940849
0.940849
0.940849
0.940849
0.940849
0.940849
0.940849
0.940849
0.940849
0.940849
0.940849
0.940849
0.940849
0.940849
0.940849
0.940849
0.940849
0.940849
0.940849
0.940849
0.940849
0.940849
0.940849
0.940849
0.940849
0.940849
0.940849
0.940849
0.940849
0.940849
0.940849
0.940849
0.940849
0.940849
0.940849
0.940849
0.940849
0.940849
0.940849
0.940849
0.940849
0.940849
0.940849
0.940849
0.940849
0.940849
0.940849
0.940849
0.940849
0.940849
0.940849
0.940849
0.940849
0.940849
0.940849
0.940849
0.940849
0.940849
0.940849
0.940849
0.940849
0.940849
0.940849
0.940849
0.940849
0.940849
0.940849
0.940849
0.940849
0.940849
0.940849
0.940849
0.940849
0.940849
0.940849
0.940849
0.940849
0.940849
0.940849
0.940849
0.940849
0.940849
0.940849
0.940849
0.940849
0.940849
0.940849
0.940849
0.940849
0.940849
0.940849
0.940849
0.940849
0.940849
0.940849
0.940849


0.11714
0.118441
0.136938
0.156415
0.182463
0.217425
0.229466
0.239682
0.249513
0.277181
0.277181
0.332532
0.335137
0.359
0.368245
0.381697
0.393662
0.405605
0.461723
0.469678
0.540732
0.540732
0.55409
0.575594
0.602142
0.605426
0.627007
0.638179
0.654383
0.661052
0.672699
0.688937
0.693765
0.704443
0.731856
0.740361
0.751754
0.751754
0.754966
0.763473
0.772246
0.777355
0.791992
0.791992
0.79441
0.795045
0.802028
0.805038
0.810002
0.810002
0.812705
0.81266
0.814279
0.815128
0.819573
0.820843
0.8212
0.821735
0.822942
0.823243
0.824737
0.824895
0.825959
0.82638
0.827293
0.827667
0.827918
0.82834
0.82834
0.82834
0.828671
0.828818
0.829221
0.829291
0.829617
0.830054
0.83006
0.830215
0.830307
0.830307
0.830308
0.830247
0.8304
0.83049
0.83049
0.830695
0.830698
0.830773
0.830909
0.830929
0.830958
0.830961
0.83097
0.831099
0.831137
0.831208
0.832503
0.832503
0.832554
0.832554
0.832554
0.83713
0.839596
0.839613
0.839614
0.839616
0.84021
0.840213
0.840217
0.843489
0.854682
0.859937
0.866767
0.868657
0.868658
0.86977
0.873689
0.877492
0.879653
0.880563
0.888266
0.895488
0.898822
0.902563
0.903234
0.906011
0.907711
0.907711
0.907712
0.90812
0.908307
0.908307
0.908308
0.908308
0.908468
0.908468
0.909438
0.909439
0.909439
0.909478
0.909478
0.910691
0.91116
0.91116
0.911161
0.911855
0.911856
0.911856
0.912617
0.912957
0.913071
0.913785
0.914427
0.914447
0.914448
0.914709
0.914732
0.914732
0.91501
0.915126
0.915157
0.915163
0.915163
0.915163
0.915197
0.915313
0.915313
0.915313
0.915368
0.915368
0.91562
0.91562
0.91562
0.91562
0.91596
0.916179
0.916179
0.916179
0.916365
0.916365
0.916365
0.916365
0.916365
0.916489
0.916489
0.916489
0.916489
0.916489
0.917869
0.917948
0.917988
0.918531
0.918676
0.918676
0.918676
0.91891
0.919222
0.919328
0.919364
0.919375
0.919378
0.919378
0.919378
0.92182
0.92182
0.92182
0.92182
0.92182
0.92182
0.92182
0.92182
0.921986
0.922075
0.922095
0.922095
0.922108
0.922108
0.922108
0.922128
0.922144
0.922149
0.922337
0.923002
0.923763
0.923763
0.924522
0.924522
0.924522
0.924522
0.924522
0.924522
0.924522
0.924522
0.924522
0.924522
0.924619
0.924619
0.924619
0.924619
0.92477
0.924773
0.924773
0.925094
0.925094
0.925094
0.925094
0.92517
0.92517
0.92517
0.92517
0.92517
0.925155
0.925155
0.925166
0.925166
0.925215
0.925215
0.925215
0.92522
0.925254
0.925254
0.92521
0.925253
0.925582
0.92634
0.926974
0.926974
0.927194
0.928082
0.928082
0.928082
0.928082
0.928082
0.928082
0.928082
0.928082
0.928082
0.928082
0.928082
0.928082
0.928082
0.926898
0.927202
0.927202
0.927202
0.927515
0.927515
0.927515
0.927937
0.928134
0.928134
0.927495
0.928128
0.928128
0.928351
0.928477
0.928547
0.928585
0.928608
0.928621
0.928627
0.92863
0.928632
0.928633
0.928634
0.928634
0.928634
0.928634
0.928634
0.928635
0.928635
0.928635
0.928635
0.928635
0.928635
0.928635
0.928635
0.928635
0.928635
0.928635
0.929245
0.929245
0.929245
0.929436
0.929453
0.929453
0.929527
0.929594
0.929612
0.929613
0.929613
0.929604
0.929608
0.929608
0.929636
0.929689
0.929747
0.929747
0.929747
0.929776
0.929776
0.929928
0.929928
0.929928
0.929928
0.929928
0.929928
0.929928
0.929928
0.929928
0.929928
0.929839
0.929884
0.931884
0.933431
0.933431
0.933431
0.933431
0.948573
0.948573
0.948594
0.949428
0.950198
0.950315
0.950345
0.951512
0.951512
0.951591
0.951591
0.951962
0.951962
0.951896
0.951903
0.951987
0.95213
0.952214
0.952549
0.952676
0.95273
0.952881
0.952881
0.952564
0.952883
0.952919
0.952947
0.952986
0.953006
0.953016
0.953018
0.95308
0.953185
0.95294
0.952977
0.953047
0.953072
0.953362
0.953362
0.953459
0.95346
0.953461


0.117517
0.153015
0.155393
0.162553
0.162553
0.201898
0.209139
0.24039
0.271055
0.293248
0.293248
0.32485
0.350715
0.358863
0.368648
0.382378
0.39288
0.457155
0.469205
0.495265
0.517859
0.582424
0.590304
0.645279
0.744651
0.744651
0.744651
0.744764
0.799134
0.801183
0.809432
0.81671
0.829796
0.845963
0.866393
0.895731
0.896409
0.904598
0.928187
0.92837
0.940905
0.948897
0.950312
0.952038
0.95827
0.95934
0.96062
0.965771
0.970201
0.972016
0.973655
0.975273
0.977168
0.978545
0.979522
0.979585
0.980009
0.981061
0.981637
0.982079
0.982618
0.982421
0.983349
0.983611
0.983796
0.983913
0.984068
0.984453
0.984453
0.984909
0.984958
0.985162
0.985526
0.985551
0.985654
0.985671
0.985704
0.985865
0.985924
0.985999
0.986076
0.986128
0.986191
0.98622
0.986259
0.98633
0.986342
0.986389
0.986389
0.986439
0.986442
0.986463
0.986485
0.98649
0.98649
0.986507
0.986517
0.986523
0.986532
0.986544
0.986545
0.986546
0.986548
0.986558
0.986558
0.98656
0.986562
0.986564
0.986564
0.986568
0.986568
0.98657
0.986572
0.986572
0.986572
0.986573
0.986573
0.986576
0.986576
0.986576
0.986578
0.986578
0.986578
0.986578
0.986579
0.986579
0.986579
0.986579
0.986579
0.986579
0.98658
0.98658
0.98658
0.98658
0.98658
0.98658
0.98658
0.98658
0.98658
0.98658
0.98658
0.98658
0.98658
0.98658
0.98658
0.98658
0.98658
0.98658
0.98658
0.98658
0.98658
0.986581
0.986581
0.986581
0.986581
0.986581
0.986581
0.986581
0.986581
0.986581
0.986581
0.986581
0.986581
0.986581
0.986581
0.986581
0.986581
0.986581
0.986581
0.986581
0.986581
0.986581
0.986581
0.986581
0.986581
0.986581
0.986581
0.986581
0.986581
0.986581
0.986581
0.986581
0.986581
0.986581
0.986581
0.986581
0.986581
0.986581
0.986581
0.986581
0.986581
0.986581
0.986581
0.986581
0.986581
0.986581
0.986581
0.986581
0.986581
0.986581
0.986581
0.986581
0.986581
0.986581
0.986581
0.986581
0.986581
0.986581
0.986581
0.986581
0.986581
0.986581
0.986581
0.986581
0.986581
0.986581
0.986581
0.986581
0.986581
0.986581
0.986581
0.986581
0.986581
0.986581
0.986581
0.986581
0.986581
0.986581
0.986581
0.986581
0.986581
0.986581
0.986581
0.986581
0.986581
0.986581
0.986581
0.986581
0.986581
0.986581
0.986581
0.986581
0.986581
0.986581
0.986581
0.986581
0.986581
0.986581
0.986581
0.986581
0.986581
0.986581
0.986581
0.986581
0.986581
0.986581
0.986581
0.986581
0.986581
0.986581
0.986581
0.986581
0.986581
0.986581
0.986581
0.986581
0.986581
0.986581
0.986581
0.986581
0.986581
0.986581
0.986581
0.986581
0.986581
0.986581
0.986581
0.986581
0.986581
0.986581
0.986581
0.986581
0.986581
0.986581
0.986581
0.986581
0.986581
0.986581
0.986581
0.986581
0.986581
0.986581
0.986581
0.986581
0.986581
0.986581
0.986581
0.986581
0.986581
0.986581
0.986581
0.986581
0.986581
0.986581
0.986581
0.986581
0.986581
0.986581
0.986581
0.986581
0.986581
0.986581
0.986581
0.986581
0.986581
0.986581
0.986581
0.986581
0.986581
0.986581
0.986581
0.986581
0.986581
0.986581
0.986581
0.986581
0.986581
0.986581
0.986581
0.986581
0.986581
0.986581
0.986581
0.986581
0.986581
0.986581
0.986581
0.986581
0.986581
0.986581
0.986581
0.986581
0.986581
0.986581
0.986581
0.986581
0.986581
0.986581
0.986581
0.986581
0.986581
0.986581
0.986581
0.986581
0.986581
0.986581
0.986581
0.986581
0.986581
0.986581
0.986581
0.986581
0.986581
0.986581
0.986581
0.986581
0.986581
0.986581
0.986581
0.986581
0.986581
0.986581
0.986581
0.986581
0.986581
0.986581
0.986581
0.986581
0.986581
0.986581
0.986581
0.986581
0.986581
0.986581
0.986581
0.986581
0.986581
0.986581
0.986581
0.986581
0.986581
0.986581
0.986581
0.986581
0.986581
0.986581
0.986581
0.986581
0.986581
0.986581


