0.127744
0.127744
0.141267
0.141399
0.148872
0.183987
0.193584
0.235142
0.249709
0.335395
0.342194
0.347704
0.427848
0.427848
0.441257
0.470772
0.494618
0.500301
0.584445
0.584445
0.647723
0.662798
0.663283
0.675773
0.709495
0.716935
0.742096
0.745626
0.793031
0.817658
0.84009
0.841815
0.846387
0.87201
0.879209
0.883553
0.893983
0.914771
0.918
0.929212
0.94419
0.951791
0.956341
0.962209
0.962209
0.967475
0.971362
0.975482
0.975767
0.981634
0.983914
0.982215
0.985291
0.985817
0.986925
0.988676
0.992279
0.992279
0.992593
0.993602
0.994545
0.994677
0.994911
0.995376
0.996502
0.99717
0.997325
0.997349
0.997724
0.997814
0.998167
0.998432
0.998505
0.998641
0.998713
0.998757
0.999302
0.999349
0.999349
0.999391
0.999427
0.999436
0.99956
0.999567
0.999629
0.999702
0.999734
0.999736
0.999784
0.999784
0.999856
0.999881
0.999894
0.999894
0.999894
0.999897
0.999923
0.999923
0.999926
0.999939
0.999946
0.999953
0.999955
0.999959
0.999959
0.999964
0.99997
0.999973
0.999973
0.999976
0.999978
0.99998
0.999983
0.999987
0.999988
0.999989
0.99999
0.999994
0.999994
0.999995
0.999996
0.999996
0.999996
0.999996
0.999996
0.999997
0.999997
0.999997
0.999998
0.999998
0.999998
0.999999
0.999999
0.999999
0.999999
0.999999
0.999999
0.999999
0.999999
0.999999
1
1
1
1
1
1
1
1
1
1
1
1
1
1
1
1
1
1
1
1
1
1
1
1
1
1
1
1
1
1
1
1
1
1
1
1
1
1
1
1
1
1
1
1
1
1
1
1
1
1
1
1
1
1
1
1
1
1
1
1
1
1
1
1
1
1
1
1
1
1
1
1
1
1
1
1
1
1
1
1
1
1
1
1
1
1
1
1
1
1
1
1
1
1
1
1
1
1
1
1
1
1
1
1
1
1
1
1
1
1
1
1
1
1
1
1
1
1
1
1
1
1
1
1
1
1
1
1
1
1
1
1
1
1
1
1
1
1
1
1
1
1
1
1
1
1
1
1
1
1
1
1
1
1
1
1
1
1
1
1
1
1
1
1
1
1
1
1
1
1
1
1
1
1
1
1
1
1
1
1
1
1
1
1
1
1
1
1
1
1
1
1
1
1
1
1
1
1
1
1
1
1
1
1
1
1
1
1
1
1
1
1
1
1
1
1
1
1
1
1
1
1
1
1
1
1
1
1
1
1
1
1
1
1
1
1
1
1
1
1
1
1
1
1
1
1
1
1
1
1
1
1
1
1
1
1
1
1
1
1


0.12052
0.12052
0.140434
0.156362
0.160236
0.2154
0.2154
0.222411
0.266543
0.266543
0.306672
0.318721
0.340682
0.365179
0.365179
0.377589
0.408675
0.420741
0.440078
0.560145
0.560145
0.566021
0.570349
0.575092
0.64743
0.65531
0.705725
0.74235
0.74235
0.747574
0.775201
0.788265
0.796969
0.808595
0.841873
0.841873
0.851973
0.860235
0.865567
0.870309
0.874105
0.899446
0.899688
0.900651
0.907257
0.909922
0.912025
0.916966
0.92204
0.925237
0.925954
0.9262
0.929186
0.929831
0.930453
0.931553
0.93176
0.933043
0.933088
0.933368
0.933975
0.934454
0.935721
0.93579
0.936296
0.936488
0.936891
0.936939
0.937053
0.937079
0.937162
0.937423
0.937545
0.937742
0.937742
0.937922
0.938032
0.938075
0.938251
0.938325
0.938369
0.938393
0.938405
0.938444
0.938465
0.938467
0.938503
0.938557
0.938584
0.938615
0.938615
0.93864
0.938643
0.938643
0.938651
0.938672
0.938681
0.938707
0.938709
0.938715
0.938722
0.938725
0.938725
0.938739
0.938739
0.938744
0.938748
0.938748
0.938754
0.938757
0.938757
0.938757
0.93876
0.93876
0.938762
0.938764
0.938765
0.938767
0.938767
0.938768
0.938769
0.938769
0.93877
0.938771
0.938771
0.938772
0.938772
0.938772
0.938772
0.938773
0.938773
0.938773
0.938773
0.938773
0.938773
0.938773
0.938773
0.938773
0.938774
0.938774
0.938774
0.938774
0.938774
0.938774
0.938774
0.938774
0.938774
0.938774
0.938774
0.938774
0.938774
0.938774
0.938774
0.938774
0.938774
0.938774
0.938774
0.938774
0.938774
0.938774
0.938774
0.938774
0.938774
0.938774
0.938774
0.938774
0.938774
0.938774
0.938774
0.938774
0.938774
0.938774
0.938774
0.938774
0.938774
0.938774
0.938774
0.938774
0.938774
0.938774
0.938774
0.938774
0.938774
0.938774
0.938774
0.938774
0.938774
0.938774
0.938774
0.938774
0.938774
0.938774
0.938774
0.938774
0.938774
0.938774
0.938774
0.938774
0.938774
0.938774
0.938774
0.938774
0.938774
0.938774
0.938774
0.938774
0.938774
0.938774
0.938774
0.938774
0.938774
0.938774
0.938774
0.938774
0.938774
0.938774
0.938774
0.938774
0.938774
0.938774
0.938774
0.938774
0.938774
0.938774
0.938774
0.938774
0.938774
0.938774
0.938774
0.938774
0.938774
0.938774
0.938774
0.938774
0.938774
0.938774
0.938774
0.938774
0.938774
0.938774
0.938774
0.938774
0.938774
0.938774
0.938774
0.938774
0.938774
0.938774
0.938774
0.938774
0.938774
0.938774
0.938774
0.938774
0.938774
0.938774
0.938774
0.938774
0.938774
0.938774
0.938774
0.938774
0.938774
0.938774
0.938774
0.938774
0.938774
0.938774
0.938774
0.938774
0.938774
0.938774
0.938774
0.938774
0.938774
0.938774
0.938774
0.938774
0.938774
0.938774
0.938774
0.938774
0.938774
0.938774
0.938774
0.938774
0.938774
0.938774
0.938774
0.938774
0.938774
0.938774
0.938774
0.938774
0.938774
0.938774
0.938774
0.938774
0.938774
0.938774
0.938774
0.938774
0.938774
0.938774
0.938774
0.938774
0.938774
0.938774
0.938774
0.938774
0.938774
0.938774
0.938774
0.938774
0.938774
0.938774
0.938774
0.938774
0.938774
0.938774
0.938774
0.938774
0.938774
0.938774
0.938774
0.938774
0.938774
0.938774
0.938774
0.938774
0.938774
0.938774
0.938774
0.938774
0.938774
0.938774
0.938774
0.938774
0.938774
0.938774
0.938774
0.938774
0.938774
0.938774
0.938774
0.938774
0.938774
0.938774
0.938774
0.938774
0.938774
0.938774
0.938774
0.938774
0.938774
0.938774
0.938774
0.938774
0.938774
0.938774
0.938774
0.938774
0.938774
0.938774
0.938774
0.938774
0.938774
0.938774
0.938774
0.938774
0.938774
0.938774
0.938774
0.938774
0.938774
0.938774
0.938774
0.938774
0.938774
0.938774
0.938774
0.938774
0.938774
0.938774
0.938774
0.938774
0.938774
0.938774
0.938774
0.938774
0.938774
0.938774
0.938774
0.938774
0.938774
0.938774
0.938774
0.938774
0.938774
0.938774


0.0902236
0.109615
0.115602
0.126318
0.126318
0.154836
0.160665
0.173464
0.194554
0.194554
0.200426
0.223119
0.232384
0.258539
0.277686
0.304622
0.351844
0.386172
0.429137
0.487989
0.518975
0.522001
0.55862
0.591859
0.607699
0.615479
0.679252
0.703892
0.703892
0.765477
0.765477
0.771306
0.814173
0.827687
0.832343
0.844453
0.844453
0.860482
0.87428
0.883738
0.884716
0.899837
0.902049
0.92498
0.925759
0.931502
0.936214
0.944597
0.949943
0.957127
0.964764
0.964764
0.965407
0.96969
0.971024
0.972743
0.978692
0.978692
0.981054
0.981401
0.98399
0.98399
0.987224
0.988591
0.991781
0.991781
0.991821
0.992783
0.993702
0.994326
0.995202
0.995802
0.99588
0.99699
0.997056
0.997228
0.997726
0.99823
0.998351
0.998557
0.998699
0.998764
0.998767
0.998812
0.999037
0.999037
0.99904
0.999094
0.999268
0.999268
0.999364
0.999381
0.999523
0.999601
0.999603
0.999603
0.999666
0.999674
0.999698
0.999737
0.999746
0.999757
0.999765
0.99978
0.999808
0.999814
0.999832
0.999866
0.999879
0.999879
0.999904
0.999909
0.999911
0.999919
0.999925
0.999936
0.999954
0.999955
0.999955
0.99996
0.999969
0.999971
0.999971
0.999976
0.999976
0.999982
0.999983
0.999984
0.999985
0.999986
0.999986
0.999988
0.999988
0.99999
0.999991
0.999992
0.999993
0.999993
0.999995
0.999996
0.999996
0.999996
0.999997
0.999997
0.999998
0.999998
0.999998
0.999998
0.999999
0.999999
0.999999
0.999999
0.999999
0.999999
0.999999
0.999999
0.999999
0.999999
1
1
1
1
1
1
1
1
1
1
1
1
1
1
1
1
1
1
1
1
1
1
1
1
1
1
1
1
1
1
1
1
1
1
1
1
1
1
1
1
1
1
1
1
1
1
1
1
1
1
1
1
1
1
1
1
1
1
1
1
1
1
1
1
1
1
1
1
1
1
1
1
1
1
1
1
1
1
1
1
1
1
1
1
1
1
1
1
1
1
1
1
1
1
1
1
1
1
1
1
1
1
1
1
1
1
1
1
1
1
1
1
1
1
1
1
1
1
1
1
1
1
1
1
1
1
1
1
1
1
1
1
1
1
1
1
1
1
1
1
1
1
1
1
1
1
1
1
1
1
1
1
1
1
1
1
1
1
1
1
1
1
1
1
1
1
1
1
1
1
1
1
1
1
1
1
1
1
1
1
1
1
1
1
1
1
1
1
1
1
1
1
1
1
1
1
1
1
1
1
1
1
1
1
1
1
1
1
1
1
1
1
1
1
1
1
1
1
1
1
1
1
1
1
1
1
1
1
1
1
1
1
1
1
1
1
1
1
1
1
1
1


0.100855
0.104931
0.127519
0.153259
0.196367
0.198021
0.208492
0.221078
0.255595
0.293202
0.295428
0.282083
0.293567
0.324598
0.359148
0.380661
0.402911
0.426836
0.45429
0.491325
0.532724
0.548924
0.55695
0.595269
0.620353
0.651161
0.692993
0.69887
0.744481
0.755972
0.77702
0.763376
0.778802
0.800666
0.820679
0.82684
0.832561
0.84159
0.87898
0.884672
0.895839
0.901724
0.912426
0.932739
0.936327
0.937054
0.947639
0.954423
0.955269
0.958335
0.96194
0.966588
0.970764
0.974689
0.974749
0.976179
0.976179
0.978497
0.983311
0.985023
0.985914
0.986765
0.989085
0.990101
0.990101
0.991298
0.99175
0.992595
0.992864
0.992864
0.99317
0.995538
0.995716
0.996247
0.996385
0.996991
0.997035
0.997848
0.998096
0.998104
0.998114
0.998167
0.998244
0.998371
0.998582
0.99876
0.998783
0.998806
0.998993
0.999065
0.999142
0.999241
0.999286
0.99937
0.99937
0.99937
0.999476
0.999514
0.999548
0.999607
0.999607
0.99961
0.999614
0.999697
0.999747
0.999769
0.999801
0.999802
0.999807
0.999823
0.999839
0.999859
0.999901
0.999903
0.999931
0.999932
0.999933
0.999934
0.999947
0.999949
0.999955
0.999956
0.999964
0.999973
0.999973
0.999974
0.999975
0.999975
0.999975
0.999977
0.999979
0.999981
0.999983
0.99999
0.99999
0.99999
0.999991
0.999992
0.999993
0.999993
0.999995
0.999995
0.999995
0.999995
0.999995
0.999995
0.999995
0.999996
0.999996
0.999997
0.999997
0.999997
0.999997
0.999997
0.999997
0.999998
0.999998
0.999998
0.999998
0.999998
0.999999
0.999999
0.999999
0.999999
0.999999
0.999999
0.999999
0.999999
0.999999
0.999999
0.999999
0.999999
1
1
1
1
1
1
1
1
1
1
1
1
1
1
1
1
1
1
1
1
1
1
1
1
1
1
1
1
1
1
1
1
1
1
1
1
1
1
1
1
1
1
1
1
1
1
1
1
1
1
1
1
1
1
1
1
1
1
1
1
1
1
1
1
1
1
1
1
1
1
1
1
1
1
1
1
1
1
1
1
1
1
1
1
1
1
1
1
1
1
1
1
1
1
1
1
1
1
1
1
1
1
1
1
1
1
1
1
1
1
1
1
1
1
1
1
1
1
1
1
1
1
1
1
1
1
1
1
1
1
1
1
1
1
1
1
1
1
1
1
1
1
1
1
1
1
1
1
1
1
1
1
1
1
1
1
1
1
1
1
1
1
1
1
1
1
1
1
1
1
1
1
1
1
1
1
1
1
1
1
1
1
1
1
1
1
1
1
1
1
1
1
1
1
1
1
1
1
1
1
1
1
1
1
1
1
1
1
1
1
1
1
1
1
1
1
1
1
1
1
1
1
1
1
1
1
1
1


0.0955042
0.101668
0.140912
0.153353
0.168267
0.203704
0.215187
0.215187
0.254483
0.254483
0.276464
0.313514
0.347199
0.356515
0.415567
0.415567
0.446301
0.516134
0.540183
0.57578
0.58958
0.619847
0.636338
0.663189
0.666405
0.690566
0.704329
0.727183
0.760978
0.782103
0.803647
0.81628
0.831049
0.84394
0.872055
0.890614
0.898608
0.899458
0.900441
0.908313
0.911828
0.91187
0.920346
0.922866
0.925659
0.92682
0.931528
0.931827
0.932416
0.937647
0.938246
0.938189
0.941154
0.94197
0.944239
0.944239
0.947203
0.947544
0.948391
0.949621
0.950486
0.950574
0.95068
0.951382
0.953231
0.953231
0.953457
0.953716
0.954147
0.954725
0.955151
0.955096
0.955425
0.95548
0.95568
0.956166
0.956234
0.956538
0.956701
0.956701
0.956785
0.956818
0.956833
0.956978
0.957156
0.957156
0.957241
0.957334
0.95737
0.957415
0.957594
0.957679
0.957748
0.95775
0.95779
0.957809
0.957849
0.957866
0.957878
0.95788
0.957886
0.957921
0.957935
0.957939
0.957945
0.957949
0.957958
0.957969
0.957977
0.957977
0.957977
0.95798
0.957983
0.957994
0.957995
0.957998
0.957999
0.958003
0.958006
0.958007
0.958011
0.958013
0.958015
0.958015
0.958017
0.958017
0.958018
0.958018
0.958018
0.958019
0.95802
0.958021
0.958021
0.958022
0.958022
0.958022
0.958022
0.958023
0.958023
0.958023
0.958023
0.958024
0.958024
0.958024
0.958024
0.958024
0.958024
0.958025
0.958025
0.958025
0.958025
0.958025
0.958025
0.958025
0.958025
0.958025
0.958025
0.958025
0.958025
0.958025
0.958025
0.958025
0.958025
0.958025
0.958025
0.958025
0.958025
0.958025
0.958025
0.958025
0.958025
0.958025
0.958025
0.958025
0.958025
0.958025
0.958025
0.958025
0.958025
0.958025
0.958025
0.958025
0.958025
0.958025
0.958025
0.958025
0.958025
0.958025
0.958025
0.958025
0.958025
0.958025
0.958025
0.958025
0.958025
0.958025
0.958025
0.958025
0.958025
0.958025
0.958025
0.958025
0.958025
0.958025
0.958025
0.959157
0.963987
0.964407
0.964407
0.968765
0.968765
0.974738
0.974738
0.976231
0.976404
0.976404
0.976404
0.976852
0.976852
0.977418
0.978132
0.979751
0.980403
0.980403
0.980403
0.981008
0.981207
0.981207
0.981264
0.981431
0.981486
0.981674
0.981782
0.98185
0.981978
0.982045
0.982516
0.982588
0.982588
0.982588
0.983128
0.983573
0.983801
0.984076
0.984896
0.985362
0.985503
0.985503
0.985738
0.985795
0.985958
0.986798
0.987123
0.987123
0.987123
0.987212
0.987222
0.987222
0.987241
0.987245
0.987245
0.987251
0.987251
0.98727
0.987304
0.987304
0.987319
0.987333
0.987448
0.987448
0.988403
0.989826
0.990415
0.990415
0.990759
0.990907
0.990907
0.991005
0.991005
0.991184
0.991424
0.991469
0.991469
0.991513
0.991684
0.99178
0.99214
0.992366
0.992414
0.992482
0.992482
0.992464
0.992474
0.99255
0.992625
0.992701
0.992825
0.992873
0.992873
0.992879
0.992919
0.992943
0.992947
0.992947
0.992955
0.992955
0.992958
0.992958
0.992959
0.992959
0.992964
0.992966
0.992968
0.992968
0.992968
0.992968
0.992968
0.992968
0.992968
0.992968
0.992969
0.992969
0.992971
0.99298
0.993007
0.993037
0.993051
0.993089
0.993119
0.993119
0.993142
0.993142
0.993142
0.993142
0.993142
0.993142
0.993143
0.993143
0.993143
0.993143
0.993143
0.993143
0.993143
0.993143
0.993145
0.993145
0.993146
0.993146
0.993146
0.993146
0.993146
0.993146
0.993146
0.993146
0.993146
0.993147
0.993148
0.99315
0.993151
0.993155
0.993159
0.99316
0.993161
0.993161
0.993161
0.993162
0.993162
0.993162
0.993162
0.993162
0.993163
0.993163
0.993163
0.997149
0.997589
0.997589
0.999251
0.999251
0.999268
0.999268
0.999268
0.999277
0.999318
0.999318
0.999328
0.999328
0.999333
0.999337
0.99934
0.999342
0.999343
0.999341
0.999342
0.999344
0.999345
0.999354
0.999364
0.999452
0.999505
0.999511


0.0852392
0.0939548
0.125335
0.145654
0.145907
0.162462
0.184231
0.187729
0.256744
0.264006
0.266008
0.290928
0.340928
0.341005
0.385283
0.451465
0.463278
0.463388
0.475493
0.49178
0.496674
0.510032
0.527184
0.557444
0.577536
0.591698
0.610928
0.6339
0.673806
0.68106
0.706446
0.705521
0.710238
0.746189
0.756885
0.774154
0.781277
0.781326
0.791444
0.801751
0.802825
0.803595
0.812263
0.81304
0.813397
0.820435
0.825587
0.826445
0.832746
0.838015
0.83936
0.841227
0.84293
0.84432
0.847003
0.848381
0.848726
0.849956
0.85041
0.851698
0.852957
0.854477
0.854801
0.856171
0.872588
0.880553
0.898959
0.900832
0.907774
0.90812
0.91854
0.918557
0.920007
0.927351
0.927696
0.944103
0.952615
0.957859
0.968853
0.971504
0.971504
0.971539
0.975602
0.981775
0.981775
0.98275
0.982902
0.982902
0.98833
0.990027
0.990093
0.991774
0.992486
0.992487
0.993556
0.994665
0.994906
0.994907
0.995327
0.995948
0.995948
0.99637
0.996478
0.996478
0.996607
0.996942
0.997733
0.998662
0.998662
0.998728
0.998731
0.998774
0.998912
0.999406
0.999406
0.999407
0.999407
0.999496
0.999513
0.999641
0.999692
0.999764
0.999764
0.999811
0.999812
0.999812
0.999852
0.999854
0.999854
0.999854
0.999862
0.999863
0.999877
0.999889
0.99989
0.99989
0.999902
0.999952
0.999968
0.999968
0.999968
0.999973
0.999973
0.999973
0.999974
0.999976
0.99998
0.999983
0.999983
0.999985
0.999985
0.999987
0.999987
0.999989
0.999989
0.999992
0.999992
0.999992
0.999993
0.999994
0.999995
0.999995
0.999996
0.999996
0.999996
0.999997
0.999997
0.999998
0.999998
0.999998
0.999998
0.999998
0.999998
0.999998
0.999999
0.999999
0.999999
0.999999
0.999999
0.999999
0.999999
0.999999
0.999999
0.999999
1
1
1
1
1
1
1
1
1
1
1
1
1
1
1
1
1
1
1
1
1
1
1
1
1
1
1
1
1
1
1
1
1
1
1
1
1
1
1
1
1
1
1
1
1
1
1
1
1
1
1
1
1
1
1
1
1
1
1
1
1
1
1
1
1
1
1
1
1
1
1
1
1
1
1
1
1
1
1
1
1
1
1
1
1
1
1
1
1
1
1
1
1
1
1
1
1
1
1
1
1
1
1
1
1
1
1
1
1
1
1
1
1
1
1
1
1
1
1
1
1
1
1
1
1
1
1
1
1
1
1
1
1
1
1
1
1
1
1
1
1
1
1
1
1
1
1
1
1
1
1
1
1
1
1
1
1
1
1
1
1
1
1
1
1
1
1
1
1
1
1
1
1
1
1
1
1
1
1
1
1
1
1
1
1
1
1
1
1
1
1
1
1
1
1
1
1
1
1
1
1
1
1
1
1
1
1
1
1
1
1
1
1
1
1
1


0.0938466
0.100974
0.122888
0.139007
0.14272
0.168692
0.17298
0.209414
0.209414
0.25871
0.263405
0.253432
0.282685
0.303475
0.316512
0.324228
0.406988
0.412959
0.413666
0.424655
0.496832
0.496832
0.522087
0.540092
0.552511
0.596408
0.611852
0.620687
0.644328
0.644328
0.647001
0.69478
0.6986
0.7303
0.736322
0.739636
0.781085
0.793807
0.793807
0.797173
0.82002
0.822011
0.834646
0.834646
0.845644
0.853048
0.853235
0.853571
0.854643
0.859843
0.863738
0.865548
0.867114
0.872247
0.873291
0.878936
0.880156
0.886816
0.886816
0.888324
0.898963
0.915043
0.925838
0.925838
0.925838
0.948715
0.94976
0.951674
0.958481
0.961193
0.967359
0.971065
0.974386
0.974386
0.975358
0.975606
0.975724
0.981008
0.98296
0.98296
0.98296
0.984792
0.984803
0.98512
0.986041
0.987077
0.987456
0.987619
0.987874
0.987874
0.989209
0.989619
0.991518
0.992116
0.993206
0.993237
0.994137
0.994454
0.994489
0.994678
0.994678
0.994891
0.995239
0.995329
0.995344
0.995415
0.995509
0.995568
0.995691
0.995763
0.995817
0.995941
0.995994
0.99601
0.996049
0.996138
0.996164
0.996199
0.996206
0.996219
0.996227
0.99623
0.996277
0.996278
0.996289
0.996304
0.996318
0.99632
0.99632
0.996325
0.996326
0.996327
0.996328
0.996329
0.996341
0.996345
0.996349
0.996355
0.996359
0.996362
0.996363
0.996364
0.996365
0.996366
0.996366
0.996366
0.996368
0.996371
0.996371
0.996372
0.996372
0.996372
0.996372
0.996372
0.996373
0.996373
0.996373
0.996374
0.996374
0.996374
0.996374
0.996375
0.996375
0.996375
0.996375
0.996376
0.996376
0.996376
0.996376
0.996376
0.996376
0.996377
0.996377
0.996377
0.996377
0.996377
0.996377
0.996377
0.996377
0.996377
0.996377
0.996377
0.996377
0.996377
0.996377
0.996377
0.996377
0.996377
0.996377
0.996377
0.996377
0.996377
0.996377
0.996377
0.996377
0.996377
0.996377
0.996377
0.996377
0.996377
0.996377
0.996377
0.996377
0.996377
0.996377
0.996377
0.996377
0.996377
0.996377
0.996377
0.996377
0.996377
0.996377
0.996377
0.996377
0.996377
0.996377
0.996377
0.996377
0.996377
0.996377
0.996377
0.996377
0.996377
0.996377
0.996377
0.996377
0.996377
0.996377
0.996377
0.996377
0.996377
0.996377
0.996377
0.996377
0.996377
0.996377
0.996377
0.996377
0.996377
0.996377
0.996377
0.996377
0.996377
0.996377
0.996377
0.996377
0.996377
0.996377
0.996377
0.996377
0.996377
0.996377
0.996377
0.996377
0.996377
0.996377
0.996377
0.996377
0.996377
0.996377
0.996377
0.996377
0.996377
0.996377
0.996377
0.996377
0.996377
0.996377
0.996377
0.996377
0.996377
0.996377
0.996377
0.996377
0.996377
0.996377
0.996377
0.996377
0.996377
0.996377
0.996377
0.996377
0.996377
0.996377
0.996377
0.996377
0.996377
0.996377
0.996377
0.996377
0.996377
0.996377
0.996377
0.996377
0.996377
0.996377
0.996377
0.996377
0.996377
0.996377
0.996377
0.996377
0.996377
0.996377
0.996377
0.996377
0.996377
0.996377
0.996377
0.996377
0.996377
0.996377
0.996377
0.996377
0.996377
0.996377
0.996377
0.996377
0.996377
0.996377
0.996377
0.996377
0.996377
0.996377
0.996377
0.996377
0.996377
0.996377
0.996377
0.996377
0.996377
0.996377
0.996377
0.996377
0.996377
0.996377
0.996377
0.996377
0.996377
0.996377
0.996377
0.996377
0.996377
0.996377
0.996377
0.996377
0.996377
0.996377
0.996377
0.996377
0.996377
0.996377
0.996377
0.996377
0.996377
0.996377
0.996377
0.996377
0.996377
0.996377
0.996377
0.996377
0.996377
0.996377
0.996377
0.996377
0.996377
0.996377
0.996377
0.996377
0.996377
0.996377
0.996377
0.996377
0.996377
0.996377
0.996377
0.996377
0.996377
0.996377
0.996377
0.996377
0.996377
0.996377
0.996377
0.996377
0.996377
0.996377
0.996377
0.996377
0.996377
0.996377
0.996377
0.996377
0.996377
0.996377
0.996377
0.996377
0.996377


0.0839181
0.106873
0.116928
0.143401
0.143401
0.208667
0.212043
0.225485
0.236118
0.27994
0.307482
0.307482
0.341947
0.361579
0.380239
0.383937
0.410417
0.45351
0.458293
0.477711
0.490031
0.512175
0.539058
0.559876
0.602154
0.614117
0.631923
0.68695
0.68695
0.714574
0.738862
0.773499
0.792005
0.792005
0.804504
0.815788
0.820273
0.820769
0.839706
0.865098
0.869875
0.876067
0.889084
0.89946
0.901042
0.906581
0.919386
0.928529
0.928529
0.930262
0.932633
0.934825
0.939762
0.940652
0.943992
0.948419
0.954952
0.954952
0.958303
0.95933
0.95933
0.960152
0.963841
0.969222
0.97027
0.97027
0.970819
0.972448
0.973437
0.973765
0.974325
0.974792
0.975108
0.976106
0.976745
0.977013
0.977309
0.977556
0.978076
0.978887
0.978962
0.979119
0.979394
0.979401
0.979486
0.97998
0.980328
0.980605
0.980681
0.980681
0.980983
0.981111
0.981118
0.981353
0.981372
0.981489
0.981673
0.981706
0.981761
0.981852
0.98188
0.98188
0.981965
0.981984
0.982013
0.982033
0.982069
0.982075
0.982075
0.982088
0.982098
0.98214
0.982178
0.98224
0.982274
0.982284
0.982284
0.982323
0.982323
0.982372
0.982382
0.98239
0.982408
0.982428
0.982437
0.982441
0.982447
0.982447
0.982447
0.982453
0.982454
0.982456
0.982456
0.982457
0.98246
0.982462
0.982463
0.982464
0.982472
0.982474
0.982474
0.982478
0.982479
0.98248
0.98248
0.982481
0.982481
0.982481
0.982483
0.982483
0.982483
0.982483
0.982483
0.982484
0.982484
0.982484
0.982484
0.982484
0.982484
0.982484
0.982485
0.982485
0.982485
0.982485
0.982485
0.982486
0.982486
0.982486
0.982486
0.982486
0.982486
0.982486
0.982486
0.982486
0.982486
0.982486
0.982486
0.982486
0.982486
0.982486
0.982486
0.982486
0.982486
0.982486
0.982486
0.982486
0.982486
0.982486
0.982486
0.982486
0.982486
0.982486
0.982486
0.982486
0.982486
0.982486
0.982486
0.982486
0.982486
0.982486
0.982486
0.982486
0.982486
0.982486
0.982486
0.982486
0.982486
0.982486
0.982486
0.982486
0.982486
0.982486
0.982486
0.982486
0.982486
0.982486
0.982486
0.982486
0.982486
0.982486
0.982486
0.982486
0.982486
0.982486
0.982486
0.982486
0.982486
0.982486
0.982486
0.982486
0.982486
0.982486
0.982486
0.982486
0.982486
0.982486
0.982486
0.982486
0.982486
0.982486
0.982486
0.982486
0.982486
0.982486
0.982486
0.982486
0.982486
0.982486
0.982486
0.982486
0.982486
0.982486
0.982486
0.982486
0.982486
0.982486
0.982486
0.982486
0.982486
0.982486
0.982486
0.982486
0.982486
0.982486
0.982486
0.982486
0.982486
0.982486
0.982486
0.982486
0.982486
0.982486
0.982486
0.982486
0.982486
0.982486
0.982486
0.982486
0.982486
0.982486
0.982486
0.982486
0.982486
0.982486
0.982486
0.982486
0.982486
0.982486
0.982486
0.982486
0.982486
0.982486
0.982486
0.982486
0.982486
0.982486
0.982486
0.982486
0.982486
0.982486
0.982486
0.982486
0.982486
0.982486
0.982486
0.982486
0.982486
0.982486
0.982486
0.982486
0.982486
0.982486
0.982486
0.982486
0.982486
0.982486
0.982486
0.982486
0.982486
0.982486
0.982486
0.982486
0.982486
0.982486
0.982486
0.982486
0.982486
0.982486
0.982486
0.982486
0.982486
0.982486
0.982486
0.982486
0.982486
0.982486
0.982486
0.982486
0.982486
0.982486
0.982486
0.982486
0.982486
0.982486
0.982486
0.982486
0.982486
0.982486
0.982486
0.982486
0.982486
0.982486
0.982486
0.982486
0.982486
0.982486
0.982486
0.982486
0.982486
0.982486
0.982486
0.982486
0.982486
0.982486
0.982486
0.982486
0.982486
0.982486
0.982486
0.982486
0.982486
0.982486
0.982486
0.982486
0.982486
0.982486
0.982486
0.982486
0.982486
0.982486
0.982486
0.982486
0.982486
0.982486
0.982486
0.982486
0.982486
0.982486
0.982486
0.982486
0.982486
0.982486
0.982486
0.982486
0.982486
0.982486
0.982486
0.982486
0.982486
0.982486


0.0989735
0.104307
0.10657
0.154178
0.168506
0.200589
0.21649
0.224026
0.235935
0.284941
0.306002
0.332124
0.339947
0.357959
0.423533
0.454247
0.461693
0.468445
0.470763
0.485776
0.519093
0.574604
0.576388
0.596259
0.63262
0.642156
0.666201
0.689643
0.689643
0.690382
0.690382
0.706129
0.706129
0.714728
0.754465
0.786465
0.797143
0.797143
0.813153
0.820028
0.829158
0.831902
0.837668
0.842819
0.844842
0.850444
0.864073
0.867191
0.87742
0.883658
0.887978
0.892347
0.892643
0.893664
0.894379
0.897256
0.900069
0.901274
0.905763
0.905763
0.90696
0.907652
0.910646
0.910977
0.911867
0.913513
0.913521
0.913685
0.914471
0.914651
0.914651
0.915686
0.915686
0.915823
0.916002
0.916106
0.916225
0.916443
0.916638
0.91668
0.917029
0.916988
0.917168
0.917172
0.917275
0.917338
0.917467
0.917523
0.91757
0.91757
0.917595
0.917628
0.917658
0.917711
0.917796
0.917805
0.917826
0.917833
0.917851
0.917851
0.917869
0.917888
0.917915
0.917921
0.917942
0.917984
0.917984
0.917984
0.917988
0.918
0.918001
0.918
0.918003
0.918005
0.918008
0.91801
0.91801
0.918016
0.91802
0.918026
0.918027
0.918027
0.918027
0.918028
0.91803
0.91803
0.918031
0.918031
0.918032
0.918033
0.918033
0.918033
0.918035
0.918035
0.918036
0.918036
0.918036
0.918036
0.918037
0.918037
0.918037
0.918037
0.918038
0.918038
0.918038
0.918038
0.918038
0.918038
0.918038
0.918038
0.918038
0.918038
0.918039
0.918039
0.918039
0.918039
0.918039
0.918039
0.918039
0.918039
0.918039
0.918039
0.918039
0.918039
0.918039
0.918039
0.918039
0.918039
0.918039
0.918039
0.918039
0.918039
0.918039
0.918039
0.918039
0.918039
0.918039
0.918039
0.918039
0.918039
0.918039
0.918039
0.918039
0.918039
0.918039
0.918039
0.918039
0.918039
0.918039
0.918039
0.918039
0.918039
0.918039
0.918039
0.918039
0.918039
0.918039
0.918039
0.918039
0.918039
0.918039
0.918039
0.918039
0.918039
0.918039
0.918039
0.918039
0.918039
0.918039
0.918039
0.918039
0.918039
0.918039
0.918039
0.918039
0.918039
0.918039
0.918039
0.918039
0.918039
0.918039
0.918039
0.918039
0.918039
0.918039
0.918039
0.918039
0.918039
0.918039
0.918039
0.918039
0.918039
0.918039
0.918039
0.918039
0.918039
0.918039
0.918039
0.918039
0.918039
0.918039
0.918039
0.918039
0.918039
0.918039
0.918039
0.918039
0.918039
0.918039
0.918039
0.918039
0.918039
0.918039
0.918039
0.918039
0.918039
0.918039
0.918039
0.918039
0.918039
0.918039
0.918039
0.918039
0.918039
0.918039
0.918039
0.918039
0.918039
0.918039
0.918039
0.918039
0.918039
0.918039
0.918039
0.918039
0.918039
0.918039
0.918039
0.918039
0.918039
0.918039
0.918039
0.918039
0.918039
0.918039
0.918039
0.918039
0.918039
0.918039
0.918039
0.918039
0.918039
0.918039
0.918039
0.918039
0.918039
0.918039
0.918039
0.918039
0.918039
0.918039
0.91803
0.918039
0.918039
0.918039
0.918039
0.918039
0.918039
0.918039
0.918039
0.918039
0.918039
0.918039
0.918039
0.918039
0.918039
0.918039
0.918039
0.918039
0.918039
0.918039
0.918039
0.918039
0.918039
0.918039
0.918039
0.918039
0.918039
0.918039
0.918039
0.918039
0.918039
0.918039
0.918039
0.918039
0.918039
0.918039
0.918039
0.918039
0.918039
0.918039
0.918039
0.918039
0.918039
0.918039
0.918039
0.918039
0.918039
0.918039
0.918039
0.918039
0.918039
0.918039
0.918039
0.918039
0.918039
0.918039
0.918039
0.918039
0.918039
0.918039
0.918039
0.918039
0.918039
0.918039
0.918039
0.918039
0.918039
0.918039
0.918039
0.918039
0.918039
0.918039
0.918039
0.918039
0.918039
0.918039
0.918039
0.918039
0.918039
0.918039
0.918039
0.918039
0.918039
0.918039
0.918039
0.918039
0.918039
0.918039
0.918039
0.918039
0.918039
0.918039
0.918039
0.918039
0.918039
0.918039
0.918039
0.918039
0.918039


0.111525
0.119819
0.137274
0.147737
0.200687
0.210843
0.215724
0.215749
0.243642
0.282385
0.300659
0.300729
0.339504
0.343726
0.386957
0.403733
0.426024
0.473817
0.474061
0.494569
0.52817
0.550604
0.63592
0.656657
0.656657
0.6685
0.696095
0.700545
0.747333
0.748516
0.769739
0.782651
0.788367
0.792614
0.825058
0.844179
0.844179
0.853489
0.8734
0.889222
0.890644
0.893493
0.903389
0.907705
0.91696
0.920852
0.921455
0.926256
0.933088
0.948745
0.957883
0.958308
0.968518
0.968518
0.974131
0.975891
0.976067
0.976755
0.977353
0.980723
0.981957
0.982763
0.984572
0.986106
0.98686
0.988431
0.989061
0.989384
0.990056
0.990653
0.992222
0.992306
0.993235
0.993235
0.993459
0.993726
0.993898
0.994611
0.995289
0.995302
0.995641
0.995726
0.995759
0.995899
0.996002
0.996041
0.996071
0.996144
0.996228
0.996367
0.996399
0.99646
0.996537
0.996631
0.996644
0.996721
0.996833
0.996833
0.996865
0.996911
0.996924
0.996939
0.996985
0.996993
0.996993
0.996998
0.996999
0.997004
0.997026
0.997034
0.997034
0.997044
0.99705
0.997058
0.99706
0.997062
0.997068
0.99707
0.997078
0.997078
0.997081
0.997082
0.997089
0.997091
0.997091
0.997091
0.997091
0.997091
0.997091
0.997092
0.997093
0.997094
0.997094
0.997095
0.997096
0.997096
0.997096
0.997096
0.997097
0.997097
0.997098
0.997098
0.997098
0.997098
0.997098
0.997098
0.997099
0.997099
0.997099
0.997099
0.997099
0.997099
0.997099
0.997099
0.997099
0.997099
0.9971
0.9971
0.9971
0.9971
0.9971
0.9971
0.9971
0.9971
0.9971
0.9971
0.9971
0.9971
0.9971
0.9971
0.9971
0.9971
0.9971
0.9971
0.9971
0.9971
0.9971
0.9971
0.9971
0.9971
0.9971
0.9971
0.9971
0.9971
0.9971
0.9971
0.9971
0.9971
0.9971
0.9971
0.9971
0.9971
0.9971
0.9971
0.9971
0.9971
0.9971
0.9971
0.9971
0.9971
0.9971
0.9971
0.9971
0.9971
0.9971
0.9971
0.9971
0.9971
0.9971
0.9971
0.9971
0.9971
0.9971
0.9971
0.9971
0.9971
0.9971
0.9971
0.9971
0.9971
0.9971
0.9971
0.9971
0.9971
0.9971
0.9971
0.9971
0.9971
0.9971
0.9971
0.9971
0.9971
0.9971
0.9971
0.9971
0.9971
0.9971
0.9971
0.9971
0.9971
0.9971
0.9971
0.9971
0.9971
0.9971
0.9971
0.9971
0.9971
0.9971
0.9971
0.9971
0.9971
0.9971
0.9971
0.9971
0.9971
0.9971
0.9971
0.9971
0.9971
0.9971
0.9971
0.9971
0.9971
0.9971
0.9971
0.9971
0.9971
0.9971
0.9971
0.9971
0.9971
0.9971
0.9971
0.9971
0.9971
0.9971
0.9971
0.9971
0.9971
0.9971
0.9971
0.9971
0.9971
0.9971
0.9971
0.9971
0.9971
0.9971
0.9971
0.9971
0.9971
0.9971
0.9971
0.9971
0.9971
0.9971
0.9971
0.9971
0.9971
0.9971
0.9971
0.9971
0.9971
0.9971
0.9971
0.9971
0.9971
0.9971
0.9971
0.9971
0.9971
0.9971
0.9971
0.9971
0.9971
0.9971
0.9971
0.9971
0.9971
0.9971
0.9971
0.9971
0.9971
0.9971
0.9971
0.9971
0.9971
0.9971
0.9971
0.9971
0.9971
0.9971
0.9971
0.9971
0.9971
0.9971
0.9971
0.9971
0.9971
0.9971
0.9971
0.9971
0.9971
0.9971
0.9971
0.9971
0.9971
0.9971
0.9971
0.9971
0.9971
0.9971
0.9971
0.9971
0.9971
0.9971
0.9971
0.9971
0.9971
0.9971
0.9971
0.9971
0.9971
0.9971
0.9971
0.9971
0.9971
0.9971
0.9971
0.9971
0.9971
0.9971
0.9971
0.9971
0.9971
0.9971
0.9971
0.9971
0.9971
0.9971
0.9971
0.9971
0.9971
0.9971
0.9971
0.9971
0.9971
0.9971
0.9971
0.9971
0.9971
0.9971
0.9971
0.9971
0.9971
0.9971
0.9971
0.9971
0.9971


0.0885456
0.12238
0.143537
0.143548
0.151559
0.162111
0.180862
0.219742
0.219742
0.249428
0.272203
0.274317
0.305515
0.330633
0.340677
0.370117
0.407886
0.421182
0.432636
0.451648
0.483813
0.531776
0.54374
0.567284
0.61356
0.616849
0.662499
0.662499
0.673932
0.68603
0.68603
0.712152
0.722521
0.724413
0.727133
0.763152
0.764597
0.783629
0.790763
0.812479
0.822742
0.844361
0.846187
0.849555
0.859684
0.859684
0.866376
0.869753
0.881436
0.897465
0.899445
0.902075
0.909533
0.910174
0.914773
0.91519
0.923961
0.92732
0.930763
0.935963
0.940497
0.942225
0.943642
0.944539
0.948574
0.948967
0.949062
0.953235
0.95459
0.955172
0.96221
0.962555
0.963324
0.963423
0.966662
0.966663
0.966663
0.967136
0.967758
0.967758
0.968534
0.968514
0.969038
0.969791
0.970769
0.972288
0.972334
0.972334
0.973003
0.973129
0.973154
0.973173
0.973689
0.973689
0.973745
0.973863
0.973972
0.973986
0.97402
0.974065
0.97415
0.974263
0.974296
0.974344
0.974467
0.974513
0.974514
0.974671
0.974671
0.974673
0.974732
0.974704
0.97473
0.974755
0.974757
0.974793
0.974972
0.974972
0.975016
0.97503
0.975034
0.97511
0.97511
0.975111
0.975111
0.975126
0.975126
0.975129
0.975132
0.975149
0.97515
0.975179
0.975179
0.975187
0.975187
0.975191
0.975193
0.975198
0.975199
0.975207
0.975207
0.975207
0.975208
0.975208
0.975209
0.975212
0.975212
0.975214
0.975219
0.975224
0.975226
0.975226
0.975228
0.975228
0.975233
0.975233
0.975235
0.975237
0.975237
0.975238
0.975238
0.975239
0.975239
0.975239
0.975239
0.975239
0.975239
0.97524
0.97524
0.97524
0.97524
0.97524
0.97524
0.97524
0.97524
0.97524
0.97524
0.97524
0.975241
0.975241
0.975241
0.975241
0.975241
0.975241
0.975241
0.975241
0.975241
0.975241
0.975241
0.975241
0.975241
0.975241
0.975241
0.975241
0.975241
0.975241
0.975241
0.975241
0.975241
0.975241
0.975241
0.975241
0.975241
0.975241
0.975241
0.975241
0.975241
0.975241
0.975241
0.975241
0.975241
0.975241
0.975241
0.975241
0.975241
0.975241
0.975241
0.975241
0.975241
0.975241
0.975241
0.975241
0.975241
0.975241
0.975241
0.975241
0.975241
0.975241
0.975241
0.975241
0.975241
0.975241
0.975241
0.975241
0.975241
0.975241
0.975241
0.975241
0.975241
0.975241
0.975241
0.975241
0.975241
0.975241
0.975241
0.975241
0.975241
0.975241
0.975241
0.975241
0.975241
0.975241
0.975241
0.975241
0.975241
0.975241
0.975241
0.975241
0.975241
0.975241
0.975241
0.975241
0.975241
0.975241
0.975241
0.975241
0.975241
0.975241
0.975241
0.975241
0.975241
0.975241
0.975241
0.975241
0.975241
0.975241
0.975241
0.975241
0.975241
0.975241
0.975241
0.975241
0.975241
0.975241
0.975241
0.975241
0.975241
0.975241
0.975241
0.975241
0.975241
0.975241
0.975241
0.975241
0.975241
0.975241
0.975241
0.975241
0.975241
0.975241
0.975241
0.975241
0.975241
0.975241
0.975241
0.975241
0.975241
0.975241
0.975241
0.975241
0.975241
0.975241
0.975241
0.975241
0.975241
0.975241
0.975241
0.975241
0.975241
0.975241
0.975241
0.975241
0.975241
0.975241
0.975241
0.975241
0.975241
0.975241
0.975241
0.975241
0.975241
0.975241
0.975241
0.975241
0.975241
0.975241
0.975241
0.975241
0.975241
0.975241
0.975241
0.975241
0.975241
0.975241
0.975241
0.975241
0.975241
0.975241
0.975241
0.975241
0.975241
0.975241
0.975241
0.975241
0.975241
0.975241
0.975241
0.975241
0.975241
0.975241
0.975241
0.975241
0.975241
0.975241
0.975241
0.975241
0.975241
0.975241
0.975241
0.975241
0.975241
0.975241
0.975241
0.975241
0.975241
0.975241
0.975241
0.975241
0.975241
0.975241
0.975241
0.975241
0.975241
0.975241
0.975241
0.975241
0.975241
0.975241
0.975241
0.975241
0.975241
0.975241
0.975241
0.975241
0.975241
0.975241
0.975241
0.975241
0.975241
0.975241


0.0922696
0.10802
0.127887
0.145389
0.169555
0.18301
0.186591
0.226277
0.227895
0.262214
0.272207
0.303007
0.308602
0.332399
0.387842
0.417594
0.417596
0.435159
0.450708
0.515318
0.517283
0.542033
0.574419
0.587593
0.587593
0.648169
0.659701
0.707285
0.721942
0.732571
0.766218
0.764216
0.764734
0.784358
0.796094
0.799351
0.801584
0.819868
0.83385
0.83385
0.850119
0.85607
0.869665
0.87597
0.876346
0.884227
0.891798
0.900994
0.900994
0.901336
0.907033
0.907081
0.908674
0.909048
0.90946
0.90946
0.911548
0.914952
0.916836
0.917414
0.917769
0.918217
0.921218
0.921218
0.921218
0.921403
0.921403
0.922958
0.924201
0.924218
0.925372
0.926388
0.926388
0.927002
0.927022
0.927618
0.927618
0.927845
0.92786
0.927933
0.928372
0.928319
0.928516
0.928725
0.928779
0.928779
0.928797
0.928799
0.928824
0.928856
0.9289
0.928908
0.929121
0.929183
0.929208
0.929299
0.929329
0.92934
0.92934
0.929371
0.929386
0.929386
0.929389
0.929397
0.929419
0.929419
0.929419
0.92942
0.92942
0.929486
0.929487
0.929488
0.929495
0.929502
0.929509
0.92951
0.929518
0.929521
0.929528
0.929531
0.929535
0.929536
0.92954
0.92954
0.929543
0.929543
0.929543
0.929544
0.929544
0.929545
0.929545
0.929548
0.929548
0.929548
0.929549
0.92955
0.92955
0.929551
0.929551
0.929551
0.929551
0.929551
0.929551
0.929552
0.929552
0.929552
0.929553
0.929553
0.929553
0.929553
0.929553
0.929553
0.929553
0.929553
0.929553
0.929554
0.929554
0.929554
0.929554
0.929554
0.929554
0.929554
0.929554
0.929554
0.929554
0.929554
0.929554
0.929554
0.929554
0.929554
0.929554
0.929554
0.929554
0.929554
0.929554
0.929554
0.929554
0.929554
0.929554
0.929554
0.929554
0.929554
0.929554
0.929554
0.929554
0.929554
0.929554
0.929554
0.929554
0.929554
0.929554
0.929554
0.929554
0.929554
0.929554
0.929554
0.929554
0.929554
0.929554
0.929554
0.929554
0.929554
0.929554
0.929554
0.929554
0.929554
0.929554
0.929554
0.929554
0.929554
0.929554
0.929554
0.929554
0.929554
0.929554
0.929554
0.929554
0.929554
0.929554
0.929554
0.929554
0.929554
0.929554
0.929554
0.929554
0.929554
0.929554
0.929554
0.929554
0.929554
0.929554
0.929554
0.929554
0.929554
0.929554
0.929554
0.929554
0.929554
0.929554
0.929554
0.929554
0.929554
0.929554
0.929554
0.929554
0.929554
0.929554
0.929554
0.929554
0.929554
0.929554
0.929554
0.929554
0.929554
0.929554
0.929554
0.929554
0.929554
0.929554
0.929554
0.929554
0.929554
0.929554
0.929554
0.929554
0.929554
0.929554
0.929554
0.929554
0.929554
0.929554
0.929554
0.929554
0.929554
0.929554
0.929554
0.929554
0.929554
0.929554
0.929554
0.929554
0.929554
0.929554
0.929554
0.929554
0.929554
0.929554
0.929554
0.929554
0.929554
0.929554
0.929554
0.929554
0.929554
0.929554
0.929554
0.929554
0.929554
0.929554
0.929554
0.929554
0.929554
0.929554
0.929554
0.929554
0.929554
0.929554
0.929554
0.929554
0.929554
0.929554
0.929554
0.929554
0.929554
0.929554
0.929554
0.929554
0.929554
0.929554
0.929554
0.929554
0.929554
0.929554
0.929554
0.929554
0.929554
0.929554
0.929554
0.929554
0.929554
0.929554
0.929554
0.929554
0.929554
0.929554
0.929554
0.929554
0.929554
0.929554
0.929554
0.929554
0.929554
0.929554
0.929554
0.929554
0.929554
0.929554
0.929554
0.929554
0.929554
0.929554
0.929554
0.929554
0.929554
0.929554
0.929554
0.929554
0.929554
0.929554
0.929554
0.929554
0.929554
0.929554
0.929554
0.929554
0.929554
0.929554
0.929554
0.929554
0.929554
0.929554
0.929554
0.929554
0.929554
0.929554
0.929554
0.929554
0.929554
0.929554
0.929554
0.929554
0.929554
0.929554
0.929554
0.929554
0.929554
0.929554
0.929554
0.929554
0.929554
0.929554
0.929554
0.929554
0.929554
0.929554
0.929554
0.929554
0.929554
0.929554
0.929554


0.104122
0.150958
0.150958
0.170185
0.170185
0.183637
0.201192
0.214963
0.25634
0.26726
0.312186
0.334306
0.41892
0.447637
0.447637
0.457752
0.460797
0.480628
0.513772
0.540303
0.622169
0.632574
0.687727
0.71173
0.733246
0.759288
0.759288
0.784001
0.811848
0.816184
0.829764
0.829733
0.858783
0.861098
0.900725
0.903145
0.92136
0.925428
0.926321
0.926321
0.932033
0.936785
0.943035
0.961256
0.961256
0.968742
0.971845
0.973156
0.976842
0.976863
0.97941
0.97959
0.982235
0.98379
0.987633
0.988077
0.989461
0.989461
0.990172
0.990945
0.992386
0.992767
0.992882
0.993235
0.993787
0.995146
0.996006
0.996162
0.996778
0.996778
0.996925
0.997268
0.997284
0.997809
0.99828
0.998611
0.998755
0.998761
0.998977
0.999141
0.999171
0.999287
0.999287
0.999314
0.999361
0.999601
0.999608
0.999608
0.999664
0.999676
0.999775
0.999775
0.999779
0.999779
0.999799
0.999832
0.999877
0.999882
0.999926
0.999926
0.999933
0.999931
0.999932
0.999938
0.999939
0.999951
0.999956
0.999965
0.999971
0.999976
0.999982
0.999983
0.999986
0.999986
0.999986
0.999987
0.999989
0.99999
0.999991
0.999991
0.999992
0.999994
0.999995
0.999995
0.999995
0.999995
0.999996
0.999997
0.999997
0.999997
0.999997
0.999997
0.999999
0.999999
0.999999
0.999999
0.999999
0.999999
0.999999
0.999999
0.999999
0.999999
0.999999
1
1
1
1
1
1
1
1
1
1
1
1
1
1
1
1
1
1
1
1
1
1
1
1
1
1
1
1
1
1
1
1
1
1
1
1
1
1
1
1
1
1
1
1
1
1
1
1
1
1
1
1
1
1
1
1
1
1
1
1
1
1
1
1
1
1
1
1
1
1
1
1
1
1
1
1
1
1
1
1
1
1
1
1
1
1
1
1
1
1
1
1
1
1
1
1
1
1
1
1
1
1
1
1
1
1
1
1
1
1
1
1
1
1
1
1
1
1
1
1
1
1
1
1
1
1
1
1
1
1
1
1
1
1
1
1
1
1
1
1
1
1
1
1
1
1
1
1
1
1
1
1
1
1
1
1
1
1
1
1
1
1
1
1
1
1
1
1
1
1
1
1
1
1
1
1
1
1
1
1
1
1
1
1
1
1
1
1
0.999997
1
1
1
1
1
1
1
1
1
1
1
1
1
1
1
1
1
1
1
1
1
1
1
1
1
1
1
1
1
1
1
1
1
1
1
1
1
1
1
1
1
1
1
1
1
1
1
1
1
1
1
1
1
1
1
1
1
1
1
1
1
1
1
1
1
1
1
1


0.111724
0.118837
0.139002
0.187786
0.208741
0.212016
0.227557
0.236417
0.251081
0.285462
0.291218
0.315664
0.340376
0.340574
0.385699
0.426136
0.471783
0.476811
0.531575
0.531575
0.531692
0.548774
0.650593
0.673128
0.674136
0.701609
0.703099
0.705196
0.721068
0.740328
0.769124
0.791441
0.825625
0.84172
0.84172
0.860924
0.87536
0.888711
0.891003
0.892179
0.914186
0.915229
0.92251
0.931809
0.931809
0.941075
0.946634
0.947125
0.958097
0.958097
0.959145
0.965862
0.965981
0.96841
0.969655
0.973624
0.975486
0.975525
0.977888
0.979597
0.981231
0.981548
0.983201
0.985448
0.985578
0.985962
0.986491
0.986749
0.987249
0.988687
0.989476
0.990349
0.990847
0.990847
0.990847
0.991147
0.991372
0.991876
0.992085
0.992217
0.992287
0.992485
0.992807
0.992847
0.992918
0.993079
0.993098
0.993173
0.993209
0.993291
0.993317
0.993373
0.993401
0.993432
0.993483
0.993483
0.993483
0.99351
0.993513
0.993515
0.993543
0.99356
0.993574
0.993581
0.993594
0.993597
0.9936
0.993603
0.99362
0.993621
0.993649
0.993653
0.993653
0.993658
0.993661
0.993665
0.993667
0.993672
0.993674
0.993676
0.993678
0.993678
0.993679
0.99368
0.993681
0.993681
0.993681
0.993682
0.993682
0.993683
0.993683
0.993683
0.993684
0.993684
0.993685
0.993685
0.993685
0.993685
0.993686
0.993686
0.993686
0.993686
0.993686
0.993686
0.993686
0.993686
0.993686
0.993687
0.993687
0.993687
0.993687
0.993687
0.993687
0.993687
0.993687
0.993687
0.993687
0.993687
0.993687
0.993687
0.993687
0.993687
0.993687
0.993687
0.993687
0.993687
0.993687
0.993687
0.993687
0.993687
0.993687
0.993687
0.993687
0.993687
0.993687
0.993687
0.993687
0.993687
0.993687
0.993687
0.993687
0.993687
0.993687
0.993687
0.993687
0.993687
0.993687
0.993687
0.993687
0.993687
0.993687
0.993687
0.993687
0.993687
0.993687
0.993687
0.993687
0.993687
0.993687
0.993687
0.993687
0.993687
0.993687
0.993687
0.993687
0.993687
0.993687
0.993687
0.993687
0.993687
0.993687
0.993687
0.993687
0.993687
0.993687
0.993687
0.993687
0.993687
0.993687
0.993687
0.993687
0.993687
0.993687
0.993687
0.993687
0.993687
0.993687
0.993687
0.993687
0.993687
0.993687
0.993687
0.993687
0.993687
0.993687
0.993687
0.993687
0.993687
0.993687
0.993687
0.993687
0.993687
0.993687
0.993687
0.993687
0.993687
0.993687
0.993687
0.993687
0.993687
0.993687
0.993687
0.993687
0.993687
0.993687
0.993687
0.993687
0.993687
0.993687
0.993687
0.993687
0.993687
0.993687
0.993687
0.993687
0.993687
0.993687
0.993687
0.993687
0.993687
0.993687
0.993687
0.993687
0.993687
0.993687
0.993687
0.993687
0.993687
0.993687
0.993687
0.993687
0.993687
0.993687
0.993687
0.993687
0.993687
0.993687
0.993687
0.993687
0.993687
0.993687
0.993687
0.993687
0.993687
0.993687
0.993687
0.993687
0.993687
0.993687
0.993687
0.993687
0.993687
0.993687
0.993687
0.993687
0.993687
0.993687
0.993687
0.993687
0.993687
0.993687
0.993687
0.993687
0.993687
0.993687
0.993687
0.993687
0.993687
0.993687
0.993687
0.993687
0.993687
0.993687
0.993687
0.993687
0.993687
0.993687
0.993687
0.993687
0.993687
0.993687
0.993687
0.993687
0.993687
0.993687
0.993687
0.993687
0.993687
0.993687
0.993687
0.993687
0.993687
0.993687
0.993687
0.993687
0.993687
0.993687
0.993687
0.993687
0.993687
0.993687
0.993687
0.993753
0.993788
0.993788
0.993788
0.994144
0.994144
0.994144
0.99415
0.99418
0.994506
0.994506
0.994508
0.994539
0.994546
0.994581
0.994581
0.994605
0.994608
0.994637
0.99465
0.994657
0.994921
0.994987
0.994987
0.994987
0.995022
0.995183
0.99526
0.99526
0.99525
0.995351
0.995385
0.995415
0.995415
0.995505
0.995554
0.995554
0.995554
0.995554
0.995534
0.995549
0.995549
0.995592
0.995634
0.995672
0.99568
0.99568
0.99568


0.101516
0.129775
0.153231
0.203495
0.240555
0.240555
0.271028
0.271028
0.338321
0.340524
0.356984
0.367707
0.371155
0.423113
0.43615
0.454801
0.463275
0.473094
0.51187
0.519673
0.544334
0.559191
0.587107
0.663735
0.663735
0.682477
0.710989
0.767465
0.775269
0.794453
0.80536
0.80536
0.808935
0.848497
0.848497
0.848823
0.857197
0.861345
0.861345
0.871157
0.874189
0.878328
0.879859
0.886275
0.886275
0.887519
0.889207
0.891941
0.897876
0.898442
0.901543
0.902492
0.90469
0.905695
0.907578
0.907943
0.908007
0.908791
0.909233
0.909772
0.91009
0.910257
0.910572
0.911205
0.911785
0.911913
0.911994
0.912531
0.912531
0.91266
0.912844
0.913414
0.913531
0.913668
0.91372
0.913839
0.913997
0.913997
0.913997
0.914024
0.914194
0.914226
0.914246
0.920103
0.920114
0.923175
0.926586
0.935021
0.935021
0.938228
0.938232
0.940966
0.940998
0.942209
0.943383
0.944988
0.944988
0.945006
0.945006
0.945006
0.945006
0.94827
0.94827
0.949736
0.961633
0.96523
0.965233
0.965241
0.965241
0.96807
0.968072
0.984889
0.984889
0.984889
0.985752
0.988237
0.989653
0.989653
0.989654
0.989696
0.989696
0.989772
0.989773
0.989773
0.98989
0.989943
0.989968
0.989979
0.989985
0.989987
0.989989
0.98999
0.98999
0.990439
0.990439
0.990535
0.990541
0.99294
0.99294
0.993271
0.99338
0.993579
0.993579
0.993579
0.99358
0.99358
0.994731
0.994731
0.995077
0.995282
0.995523
0.995381
0.995535
0.995603
0.995603
0.995751
0.995859
0.995955
0.996104
0.99629
0.99629
0.996877
0.997211
0.997374
0.99758
0.99758
0.998029
0.998029
0.998378
0.998533
0.998614
0.998719
0.998819
0.998964
0.998964
0.999137
0.999211
0.999211
0.99926
0.99936
0.99936
0.999421
0.999421
0.999436
0.999588
0.999588
0.999588
0.999622
0.999681
0.999681
0.999704
0.999674
0.999674
0.999683
0.999683
0.999713
0.999737
0.999737
0.999751
0.999751
0.999796
0.999746
0.999774
0.999798
0.999798
0.999836
0.999852
0.999852
0.999862
0.999862
0.999862
0.999868
0.999868
0.999888
0.999895
0.999895
0.999919
0.99992
0.999939
0.999939
0.999939
0.999939
0.999942
0.999943
0.99995
0.99995
0.999952
0.999957
0.999957
0.999957
0.999969
0.999969
0.999969
0.999969
0.999969
0.999969
0.999969
0.999975
0.999976
0.999976
0.999977
0.999983
0.999983
0.999983
0.999985
0.999986
0.999987
0.99999
0.99999
0.999991
0.999994
0.999994
0.999994
0.999995
0.999995
0.999995
0.999995
0.999996
0.999997
0.999997
0.999997
0.999997
0.999997
0.999997
0.999997
0.999998
0.999998
0.999999
0.999999
0.999999
0.999999
0.999999
0.999999
0.999999
0.999999
0.999999
0.999999
0.999999
0.999999
0.999999
0.999999
0.999999
0.999999
0.999999
0.999999
0.999999
0.999999
0.999999
1
1
1
1
1
1
1
1
1
1
1
1
1
1
1
1
1
1
1
1
1
1
1
1
1
1
1
1
1
1
1
1
1
1
1
1
1
1
1
1
1
1
1
1
1
1
1
1
1
1
1
1
1
1
1
1
1
1
1
1
1
1
1
1
1
1
1
1
1
1
1
1
1
1
1
1
1
1
1
1
1
1
1
1
1
1
1
1
1
1
1
1
1
1
1
1
1
1
1
1
1
1
1
1
1
1
1
1
1
1
1
1


0.112165
0.121229
0.128458
0.17554
0.17554
0.194938
0.217407
0.22884
0.290278
0.296621
0.328908
0.365712
0.392318
0.412885
0.476021
0.558415
0.570253
0.586743
0.597671
0.600254
0.618154
0.621217
0.643235
0.709861
0.709861
0.726562
0.740001
0.760427
0.760427
0.773124
0.781269
0.819976
0.838524
0.848411
0.864113
0.876916
0.899497
0.899497
0.903763
0.917941
0.922804
0.936094
0.936094
0.949775
0.949775
0.952242
0.954402
0.958108
0.959019
0.960417
0.967187
0.970529
0.971728
0.979176
0.980452
0.982319
0.984076
0.987725
0.987725
0.988215
0.988838
0.991174
0.99131
0.991772
0.994145
0.99433
0.99433
0.994639
0.995327
0.99574
0.996043
0.99626
0.996601
0.996601
0.996672
0.996927
0.997788
0.997828
0.99793
0.99793
0.998354
0.998511
0.998511
0.99853
0.998763
0.999121
0.999152
0.999186
0.999282
0.999384
0.999526
0.999529
0.999537
0.999557
0.999584
0.999714
0.999714
0.999766
0.99979
0.999797
0.999797
0.999791
0.999802
0.999803
0.999831
0.999832
0.999841
0.999842
0.999849
0.999851
0.999881
0.999896
0.999902
0.99992
0.999928
0.999928
0.999939
0.999948
0.999958
0.999963
0.999965
0.99996
0.999968
0.999968
0.999975
0.999976
0.999977
0.999979
0.999987
0.999989
0.999989
0.999989
0.999991
0.999992
0.999996
0.999996
0.999996
0.999996
0.999996
0.999996
0.999997
0.999997
0.999997
0.999998
0.999998
0.999998
0.999998
0.999999
0.999999
0.999999
0.999999
0.999999
0.999999
0.999999
0.999999
0.999999
0.999999
0.999999
1
1
1
1
1
1
1
1
1
1
1
1
1
1
1
1
1
1
1
1
1
1
1
1
1
1
1
1
1
1
1
1
1
1
1
1
1
1
1
1
1
1
1
1
1
1
1
1
1
1
1
1
1
1
1
1
1
1
1
1
1
1
1
1
1
1
1
1
1
1
1
1
1
1
1
1
1
1
1
1
1
1
1
1
1
1
1
1
1
1
1
1
1
1
1
1
1
1
1
1
1
1
1
1
1
1
1
1
1
1
1
1
1
1
1
1
1
1
1
1
1
1
1
1
1
1
1
1
1
1
1
1
1
1
1
1
1
1
1
1
1
1
1
1
1
1
1
1
1
1
1
1
1
1
1
1
1
1
1
1
1
1
1
1
1
1
1
1
1
1
1
1
1
1
1
1
1
1
1
1
1
1
1
1
1
1
1
1
1
1
1
1
1
0.999969
1
1
1
1
1
1
1
1
1
1
1
1
1
1
1
1
1
1
1
1
1
1
1
1
1
1
1
1
1
1
1
1
1
1
1
1
1
1
1
1
1
1
1
1
1
1
1
1


0.0923901
0.120663
0.149139
0.156328
0.176479
0.185333
0.185333
0.197161
0.21655
0.228401
0.259815
0.267077
0.267814
0.276367
0.335024
0.335024
0.359001
0.38411
0.411462
0.411462
0.525698
0.533494
0.560042
0.585488
0.641232
0.641232
0.64294
0.64294
0.653124
0.67225
0.684134
0.696274
0.751445
0.760057
0.760277
0.775087
0.797924
0.801815
0.803069
0.813455
0.818695
0.834832
0.838084
0.845468
0.848488
0.853311
0.855076
0.85917
0.864537
0.868252
0.876024
0.880344
0.881168
0.882728
0.884557
0.887213
0.887213
0.891583
0.893452
0.893452
0.89423
0.894826
0.897068
0.89842
0.898628
0.899289
0.900322
0.900605
0.901009
0.901165
0.901604
0.901983
0.902098
0.902728
0.903211
0.903268
0.903268
0.903654
0.903816
0.903884
0.903996
0.903996
0.904214
0.90428
0.904378
0.904487
0.904487
0.904495
0.904531
0.90455
0.904617
0.904683
0.904703
0.904734
0.904737
0.904753
0.904756
0.904768
0.904773
0.904784
0.904813
0.904814
0.904815
0.904818
0.90482
0.904825
0.904837
0.904841
0.904845
0.904846
0.90485
0.904866
0.904867
0.904869
0.90487
0.90487
0.904872
0.904875
0.904875
0.904875
0.904876
0.904876
0.904876
0.904877
0.904878
0.904879
0.904879
0.90488
0.90488
0.90488
0.904881
0.904881
0.904881
0.904881
0.904881
0.904881
0.904881
0.904881
0.904881
0.904881
0.904882
0.904882
0.904882
0.904882
0.904882
0.904882
0.904882
0.904882
0.904882
0.904882
0.904882
0.904882
0.904882
0.904882
0.904882
0.904882
0.904882
0.904882
0.904882
0.904882
0.904882
0.904882
0.904882
0.904882
0.904882
0.904882
0.904882
0.904882
0.904882
0.904882
0.904882
0.904882
0.904882
0.904882
0.904882
0.904882
0.904882
0.904882
0.904882
0.904882
0.904882
0.904882
0.904882
0.904882
0.904882
0.904882
0.904882
0.904882
0.904882
0.904882
0.904882
0.904882
0.904882
0.904882
0.904882
0.904882
0.904882
0.904882
0.904882
0.904882
0.904882
0.904882
0.904882
0.904882
0.904882
0.904882
0.904882
0.904882
0.904882
0.904882
0.904882
0.904882
0.904882
0.904882
0.904882
0.904882
0.905043
0.905043
0.905194
0.906523
0.906531
0.906755
0.906903
0.906931
0.906931
0.907736
0.908113
0.908194
0.909061
0.909192
0.909492
0.909224
0.909228
0.909282
0.909282
0.910006
0.91023
0.910314
0.910314
0.910314
0.910358
0.91036
0.913341
0.914799
0.915085
0.915603
0.91616
0.91659
0.918642
0.919383
0.920587
0.920587
0.921322
0.921339
0.921793
0.921835
0.921835
0.922869
0.923208
0.923208
0.923208
0.92336
0.923716
0.923763
0.923859
0.923895
0.923895
0.923895
0.924066
0.924066
0.924248
0.924248
0.924279
0.924279
0.924279
0.924317
0.924461
0.924544
0.924544
0.924544
0.924578
0.924625
0.92472
0.924973
0.925329
0.925329
0.925428
0.925428
0.925665
0.925665
0.925665
0.925704
0.925704
0.925709
0.925728
0.925758
0.92576
0.925775
0.925775
0.925785
0.925785
0.925801
0.925814
0.925825
0.925825
0.925863
0.925909
0.925949
0.925953
0.925956
0.925957
0.92596
0.925963
0.925978
0.925982
0.925982
0.925983
0.925987
0.925997
0.925997
0.925997
0.925997
0.925997
0.925999
0.926006
0.926007
0.926007
0.926009
0.926009
0.92601
0.92601
0.92601
0.926014
0.926014
0.926015
0.926015
0.926015
0.926016
0.926016
0.926019
0.926019
0.926019
0.926021
0.926023
0.926023
0.926023
0.926025
0.926025
0.926025
0.926025
0.926026
0.926026
0.926027
0.926027
0.926029
0.926029
0.926029
0.926029
0.926029
0.926029
0.926029
0.926029
0.926029
0.926029
0.926029
0.926029
0.926029
0.926031
0.926033
0.926033
0.926033
0.926033
0.926033
0.926033
0.926034
0.926034
0.926034
0.926034
0.926034
0.926034
0.926034
0.926034
0.926034
0.926034
0.926034
0.926034
0.926034
0.926034
0.926034
0.926034
0.926034
0.926036
0.926037
0.926037
0.926037
0.926037
0.926038
0.926038
0.926038
0.926038


0.112861
0.118463
0.139241
0.144304
0.17636
0.179634
0.187683
0.194428
0.223654
0.264455
0.269846
0.305994
0.305994
0.343201
0.38001
0.409005
0.424436
0.447149
0.475332
0.507595
0.50768
0.512949
0.519253
0.519253
0.52392
0.543522
0.569029
0.570349
0.642265
0.666853
0.666853
0.667624
0.689541
0.711969
0.711969
0.734334
0.766502
0.773083
0.776222
0.777746
0.796773
0.809614
0.809614
0.811115
0.82312
0.827484
0.834841
0.838623
0.842536
0.843237
0.848849
0.850916
0.852524
0.856882
0.856882
0.857798
0.859193
0.861555
0.865488
0.86679
0.867397
0.866861
0.867718
0.867992
0.868849
0.869425
0.869786
0.870102
0.870485
0.870725
0.870747
0.87099
0.871271
0.871998
0.872433
0.872516
0.872649
0.872882
0.872882
0.872903
0.873045
0.873153
0.873201
0.873216
0.873279
0.873433
0.873468
0.873472
0.873595
0.873595
0.873601
0.873631
0.873658
0.873664
0.873673
0.873688
0.873708
0.87371
0.873757
0.873772
0.873785
0.873782
0.873784
0.873796
0.873811
0.873811
0.873825
0.873827
0.87383
0.873834
0.873834
0.873834
0.87384
0.873846
0.873849
0.873853
0.873853
0.873856
0.873856
0.873856
0.873856
0.873857
0.873858
0.873859
0.873859
0.87386
0.87386
0.87386
0.873862
0.873862
0.873862
0.873863
0.873863
0.873863
0.873863
0.873863
0.873863
0.873863
0.873864
0.873864
0.874532
0.874532
0.87571
0.87571
0.88496
0.88496
0.88496
0.88496
0.88496
0.88496
0.886667
0.887036
0.887036
0.888143
0.888143
0.888401
0.902708
0.909271
0.909271
0.909271
0.909271
0.91237
0.913725
0.913725
0.920307
0.920307
0.920721
0.920721
0.922994
0.923355
0.936271
0.946542
0.954423
0.954423
0.954423
0.956649
0.9577
0.95899
0.966954
0.969734
0.969869
0.971974
0.972969
0.972969
0.972987
0.976276
0.976276
0.976276
0.976276
0.976276
0.97837
0.978549
0.978549
0.978549
0.981297
0.981297
0.981955
0.984471
0.984471
0.984471
0.984563
0.984563
0.985056
0.98573
0.98573
0.98573
0.98643
0.98643
0.98643
0.98643
0.987303
0.987861
0.988976
0.989876
0.989876
0.990884
0.990884
0.991837
0.991837
0.992211
0.992901
0.992901
0.992901
0.992901
0.992901
0.993061
0.993125
0.993409
0.993409
0.993783
0.993783
0.993783
0.993783
0.993799
0.993799
0.993936
0.994009
0.994009
0.99406
0.99406
0.994149
0.994321
0.994331
0.994375
0.994375
0.994375
0.994511
0.994591
0.994591
0.994651
0.994651
0.994651
0.994678
0.994721
0.99474
0.994784
0.994784
0.994784
0.994791
0.994792
0.994792
0.994804
0.994817
0.994818
0.994818
0.994821
0.994832
0.994832
0.994842
0.994842
0.994842
0.99485
0.99485
0.994853
0.994853
0.99486
0.99486
0.994861
0.994865
0.994872
0.994872
0.994866
0.994868
0.994868
0.994873
0.994873
0.994873
0.994875
0.994875
0.994875
0.994878
0.994877
0.994877
0.994877
0.994878
0.994878
0.99488
0.99488
0.994881
0.994881
0.994881
0.994881
0.994881
0.994882
0.994882
0.994882
0.994882
0.994882
0.994883
0.994883
0.994883
0.994883
0.994883
0.994883
0.994883
0.994883
0.994883
0.994883
0.994883
0.994883
0.994884
0.994884
0.994884
0.994884
0.994884
0.994884
0.994884
0.994884
0.994884
0.994884
0.994884
0.994884
0.994884
0.994884
0.994884
0.994884
0.994884
0.994884
0.994884
0.994884
0.994884
0.994884
0.994884
0.994884
0.994884
0.994884
0.994884
0.994884
0.994884
0.994884
0.994884
0.994884
0.994884
0.994884
0.994884
0.994884
0.994884
0.994884
0.994884
0.994884
0.994884
0.994884
0.994884
0.994884
0.994884
0.994884
0.994884
0.994884
0.994884
0.994884
0.994884
0.994884
0.994884
0.994884
0.994884
0.994884
0.994884
0.994884
0.994884
0.994884
0.994884
0.994884
0.994884
0.994884
0.994884
0.994884
0.994884
0.994884
0.994884
0.994884
0.994884
0.994884
0.994884
0.994884
0.994884
0.994884
0.994884
0.994884
0.994884
0.994884


0.120391
0.124383
0.136215
0.157375
0.166732
0.168721
0.228899
0.270999
0.29125
0.30372
0.343485
0.343485
0.371917
0.394061
0.44594
0.475341
0.526667
0.534061
0.552881
0.630253
0.64434
0.667153
0.718412
0.735031
0.750006
0.78643
0.788766
0.816832
0.835327
0.863278
0.866567
0.867891
0.901149
0.901802
0.918619
0.931666
0.931666
0.932978
0.947061
0.952657
0.957201
0.957201
0.95753
0.963073
0.970806
0.977653
0.983234
0.984513
0.98535
0.986863
0.986863
0.988075
0.989493
0.991096
0.992365
0.992365
0.993744
0.993744
0.993925
0.993929
0.994219
0.994469
0.994809
0.995149
0.996495
0.996509
0.996647
0.997037
0.997066
0.997148
0.997276
0.997507
0.997507
0.997528
0.997552
0.997587
0.997853
0.997864
0.997986
0.998011
0.998041
0.998073
0.998073
0.998105
0.998147
0.998161
0.998194
0.998203
0.998215
0.998271
0.998277
0.998276
0.998303
0.998304
0.998367
0.998369
0.998422
0.998428
0.998428
0.99847
0.99847
0.998466
0.998468
0.998492
0.998494
0.998494
0.998499
0.998499
0.998501
0.998506
0.998511
0.998513
0.998514
0.99852
0.99852
0.998525
0.998526
0.998527
0.998527
0.998528
0.998528
0.998531
0.998532
0.998532
0.998532
0.998535
0.998535
0.998536
0.998536
0.998536
0.998537
0.998537
0.998537
0.998538
0.998538
0.998538
0.998538
0.998538
0.998538
0.998539
0.998539
0.998539
0.998539
0.998539
0.998539
0.998539
0.998539
0.998539
0.998539
0.998539
0.998539
0.998539
0.998539
0.998539
0.998539
0.998539
0.998539
0.998539
0.998539
0.998539
0.998539
0.998539
0.998539
0.998539
0.998539
0.998539
0.998539
0.998539
0.998539
0.998539
0.998539
0.998539
0.998539
0.998539
0.998539
0.998539
0.998539
0.998539
0.998539
0.998539
0.998539
0.998539
0.998539
0.998539
0.998539
0.998539
0.998539
0.998539
0.998539
0.998539
0.998539
0.998539
0.998539
0.998539
0.998539
0.998539
0.998539
0.998539
0.998539
0.998539
0.998539
0.998539
0.998539
0.998539
0.998539
0.998539
0.998539
0.998539
0.998539
0.998539
0.998539
0.998539
0.998539
0.998539
0.998539
0.998539
0.998539
0.998539
0.998539
0.998539
0.998539
0.998539
0.998539
0.998539
0.998539
0.998539
0.998539
0.998539
0.998539
0.998539
0.998539
0.998539
0.998539
0.998539
0.998539
0.998539
0.998539
0.998539
0.998539
0.998539
0.998539
0.998539
0.998539
0.998539
0.998539
0.998539
0.998539
0.998539
0.998539
0.998539
0.998539
0.998539
0.998539
0.998539
0.998539
0.998539
0.998539
0.998539
0.998539
0.998539
0.998539
0.998539
0.998539
0.998539
0.998539
0.998539
0.998539
0.998539
0.998539
0.998539
0.998539
0.998539
0.998539
0.998539
0.998539
0.998539
0.998539
0.998539
0.998539
0.998539
0.998539
0.998539
0.998539
0.998539
0.998539
0.998539
0.998539
0.998539
0.998539
0.998539
0.998539
0.998539
0.998539
0.998539
0.998539
0.998539
0.998539
0.998539
0.998539
0.998539
0.998539
0.998539
0.998539
0.998539
0.998539
0.998539
0.998539
0.998539
0.998539
0.998539
0.998539
0.998539
0.998539
0.998539
0.998539
0.998539
0.998539
0.998539
0.998539
0.998539
0.998539
0.998539
0.998539
0.998539
0.998539
0.998539
0.998539
0.998539
0.998539
0.998539
0.998539
0.998539
0.998539
0.998539
0.998539
0.998539
0.998539
0.998539
0.998539
0.998539
0.998539
0.998539
0.998539
0.998539
0.998539
0.998539
0.998539
0.998539
0.998539
0.998539
0.998539
0.998539
0.998539
0.998539
0.998539
0.998539
0.998539
0.998539
0.998539
0.998539
0.998539
0.998539
0.998539
0.998539
0.998539
0.998539
0.998539
0.998539
0.998539
0.998539
0.998539
0.998539
0.998539
0.998539
0.998539
0.998539
0.998539
0.998539
0.998539
0.998539
0.998539
0.998539
0.998539
0.998539
0.998539
0.998539
0.998539
0.998539
0.998539
0.998539
0.998539
0.998539
0.998539
0.998539
0.998539
0.998539
0.998539
0.998539
0.998539
0.998539


0.10467
0.136185
0.167181
0.167181
0.228597
0.234691
0.24456
0.259124
0.345891
0.363142
0.394454
0.417739
0.437706
0.449229
0.467295
0.516491
0.533917
0.565222
0.633879
0.634211
0.647714
0.659689
0.726036
0.72919
0.752835
0.757421
0.768589
0.768589
0.77781
0.788604
0.808253
0.856954
0.863227
0.880863
0.880863
0.899175
0.90253
0.906984
0.913295
0.931545
0.942416
0.952929
0.953265
0.965506
0.974359
0.975336
0.976884
0.981344
0.982673
0.985625
0.987798
0.988705
0.989173
0.990726
0.992941
0.993014
0.994457
0.994593
0.994593
0.995368
0.995406
0.996365
0.99654
0.996599
0.996816
0.997572
0.998427
0.998483
0.998555
0.998563
0.998826
0.998918
0.999047
0.999233
0.9994
0.999466
0.999541
0.999615
0.999627
0.99968
0.99968
0.999739
0.999772
0.999827
0.999843
0.999866
0.999866
0.999868
0.999874
0.999897
0.999928
0.999935
0.999936
0.999946
0.999953
0.999957
0.999966
0.999966
0.999972
0.999976
0.999978
0.999979
0.999981
0.999985
0.999986
0.999987
0.999991
0.999991
0.999991
0.999994
0.999994
0.999995
0.999995
0.999996
0.999996
0.999996
0.999997
0.999997
0.999998
0.999998
0.999998
0.999998
0.999998
0.999999
0.999999
0.999999
0.999999
0.999999
0.999999
0.999999
0.999999
0.999999
0.999999
0.999999
1
1
1
1
1
1
1
1
1
1
1
1
1
1
1
1
1
1
1
1
1
1
1
1
1
1
1
1
1
1
1
1
1
1
1
1
1
1
1
1
1
1
1
1
1
1
1
1
1
1
1
1
1
1
1
1
1
1
1
1
1
1
1
1
1
1
1
1
1
1
1
1
1
1
1
1
1
1
1
1
1
1
1
1
1
1
1
1
1
1
1
1
1
1
1
1
1
1
1
1
1
1
1
1
1
1
1
1
1
1
1
1
1
1
1
1
1
1
1
1
1
1
1
1
1
1
1
1
1
1
1
1
1
1
1
1
1
1
1
1
1
1
1
1
1
1
1
1
1
1
1
1
1
1
1
1
1
1
1
1
1
1
1
1
1
1
1
1
1
1
1
1
1
1
1
1
1
1
1
1
1
1
1
1
1
1
1
1
1
1
1
1
1
1
1
1
1
1
1
1
1
1
1
1
1
1
1
1
1
1
1
1
1
1
1
1
1
1
1
1
1
1
1
1
1
1
1
1
1
1
1
1
1
1
1
1
1
1
1
1
1
1
1
1
1
1
1
1
1
1
1
1
1
1
1
1
1
1
1
1
1
1
1
1
1
1


