0.115343
0.125335
0.139915
0.151734
0.176459
0.181775
0.194044
0.204156
0.204156
0.291382
0.29196
0.353533
0.353533
0.354073
0.35636
0.392933
0.409594
0.413989
0.511101
0.515731
0.537568
0.537201
0.60988
0.622245
0.642957
0.676252
0.710704
0.759588
0.766254
0.789555
0.806724
0.821722
0.826784
0.834109
0.864815
0.87179
0.890326
0.89466
0.903213
0.907246
0.916223
0.925942
0.940371
0.940371
0.953648
0.957573
0.961401
0.963798
0.965638
0.968984
0.968984
0.971614
0.98105
0.981316
0.981487
0.981914
0.982575
0.985595
0.986807
0.99013
0.990488
0.990658
0.992274
0.992993
0.993727
0.994661
0.994997
0.995468
0.9961
0.996426
0.99664
0.996797
0.997114
0.997709
0.99792
0.998356
0.998407
0.998425
0.998782
0.998994
0.998994
0.999017
0.999174
0.99932
0.999413
0.999423
0.999466
0.999524
0.999569
0.999605
0.999609
0.999652
0.999697
0.999756
0.999784
0.999792
0.99981
0.99981
0.999831
0.999836
0.999845
0.999873
0.999883
0.999898
0.999899
0.9999
0.999925
0.999934
0.999939
0.999945
0.999954
0.999965
0.999969
0.999974
0.999977
0.999977
0.999978
0.999979
0.99998
0.999981
0.999983
0.999986
0.999988
0.99999
0.999992
0.999992
0.999992
0.999993
0.999995
0.999995
0.999996
0.999997
0.999998
0.999998
0.999998
0.999998
0.999998
0.999998
0.999998
0.999998
0.999999
0.999999
0.999999
0.999999
0.999999
0.999999
0.999999
0.999999
0.999999
0.999999
0.999999
1
1
1
1
1
1
1
1
1
1
1
1
1
1
1
1
1
1
1
1
1
1
1
1
1
1
1
1
1
1
1
1
1
1
1
1
1
1
1
1
1
1
1
1
1
1
1
1
1
1
1
1
1
1
1
1
1
1
1
1
1
1
1
1
1
1
1
1
1
1
1
1
1
1
1
1
1
1
1
1
1
1
1
1
1
1
1
1
1
1
1
1
1
1
1
1
1
1
1
1
1
1
1
1
1
1
1
1
1
1
1
1
1
1
1
1
1
1
1
1
1
1
1
1
1
1
1
1
1
1
1
1
1
1
1
1
1
1
1
1
1
1
1
1
1
1
1
1
1
1
1
1
1
1
1
1
1
1
1
1
1
1
1
1
1
1
1
1
1
1
1
1
1
1
1
1
1
1
1
1
1
1
1
1
1
1
1
1
1
1
1
1
1
1
1
1
1
1
1
1
1
1
1
1
1
1
1
1
1
1
1
1
1
1
1
1
1
1
1
1
1
1
1
1
1
1
1
1
1
1
1
1
1
1
1
1
1
1
1
1
1
1
1
1
1
1
1
1
1


0.0692301
0.0741997
0.0762812
0.0779109
0.0910197
0.096603
0.109038
0.130684
0.134074
0.14608
0.15659
0.166198
0.183324
0.188348
0.195957
0.233777
0.263131
0.282611
0.304192
0.324197
0.324197
0.357219
0.357464
0.358729
0.419228
0.421745
0.464067
0.516955
0.544082
0.544082
0.544082
0.613359
0.655693
0.655693
0.666195
0.703438
0.708992
0.708992
0.737297
0.741616
0.74765
0.760841
0.761791
0.771944
0.776015
0.779555
0.785436
0.785436
0.785462
0.810326
0.810903
0.811169
0.830328
0.830328
0.840767
0.843892
0.843892
0.870811
0.870811
0.871737
0.8824
0.888719
0.890688
0.894332
0.894332
0.89788
0.89788
0.901041
0.909986
0.909986
0.916157
0.943488
0.943488
0.943488
0.948896
0.948964
0.948964
0.950675
0.950759
0.968587
0.968615
0.968691
0.968767
0.974318
0.974374
0.974535
0.981555
0.981998
0.982006
0.982034
0.982082
0.982473
0.98791
0.987911
0.988572
0.988599
0.989207
0.98921
0.989921
0.990315
0.991521
0.991527
0.993914
0.993921
0.993974
0.994555
0.994942
0.994947
0.994947
0.995496
0.995499
0.996315
0.996962
0.997108
0.997455
0.997624
0.997625
0.997771
0.998074
0.998076
0.998424
0.997738
0.998196
0.998455
0.998473
0.998779
0.998998
0.999218
0.999328
0.999498
0.999498
0.999501
0.999502
0.999502
0.999505
0.999579
0.99964
0.99964
0.999692
0.999702
0.999728
0.999728
0.999728
0.999728
0.999761
0.999782
0.9998
0.999834
0.999834
0.999925
0.999925
0.999926
0.999926
0.999927
0.99994
0.99995
0.999952
0.999952
0.999956
0.999965
0.999967
0.999967
0.999969
0.999972
0.999972
0.999972
0.999977
0.999977
0.999978
0.999981
0.999981
0.999981
0.999981
0.999981
0.999983
0.999984
0.999985
0.999985
0.999988
0.999988
0.999988
0.999988
0.999988
0.999988
0.999989
0.999989
0.999989
0.99999
0.99999
0.99999
0.999995
0.999996
0.999997
0.999997
0.999997
0.999998
0.999998
0.999998
0.999998
0.999998
0.999998
0.999998
0.999998
0.999999
0.999999
0.999999
0.999999
0.999999
0.999999
0.999999
0.999999
0.999999
0.999999
0.999999
0.999999
0.999999
0.999999
0.999999
0.999999
1
1
1
1
1
1
1
1
1
1
1
1
1
1
1
1
1
1
1
1
1
1
1
1
1
1
1
1
1
1
1
1
1
1
1
1
1
1
1
1
1
1
1
1
1
1
1
1
1
1
1
1
1
1
1
1
1
1
1
1
1
1
1
1
1
1
1
1
1
1
1
1
1
1
1
1
1
1
1
1
1
1
1
1
1
1
1
1
1
1
1
1
1
1
1
1
1
1
1
1
1
1
1
1
1
1
1
1
1
1
1
1
1
1
1
1
1
1
1
1
1
1
1
1
1
1
1
1
1
1
1
1
1
1
1
1
1
1
1
1
1
1
1
1
1
1
1
1
1
1
1
1
1
1
1
1
1
1
1
1
1
1
1
1
1
1
1
1
1
1
1
1
1
1
1
1
1
1
1
1
1


0.053726
0.0704339
0.0802827
0.0890298
0.108797
0.118461
0.125905
0.13888
0.167356
0.230608
0.230608
0.230608
0.241654
0.250956
0.250956
0.265815
0.284033
0.315857
0.315857
0.343126
0.369332
0.383298
0.416982
0.421752
0.422013
0.448809
0.448809
0.495884
0.495884
0.502047
0.540492
0.550816
0.558125
0.578496
0.585074
0.591087
0.623612
0.645427
0.645474
0.670033
0.670033
0.677695
0.685867
0.68829
0.68829
0.695084
0.718509
0.720792
0.727011
0.736917
0.736917
0.744955
0.745211
0.747834
0.748085
0.750308
0.751797
0.754963
0.758663
0.766161
0.768299
0.768928
0.769398
0.769802
0.772221
0.772221
0.772877
0.773908
0.774981
0.776189
0.776231
0.777162
0.777201
0.777361
0.77843
0.779111
0.779111
0.779174
0.78016
0.78016
0.780328
0.780421
0.781018
0.781128
0.781274
0.781388
0.781402
0.781473
0.781938
0.781938
0.781938
0.781945
0.781995
0.782046
0.78211
0.782178
0.782268
0.782337
0.78238
0.78238
0.782401
0.782441
0.782495
0.782495
0.782501
0.782519
0.782532
0.78256
0.78256
0.78256
0.78258
0.782597
0.782606
0.782616
0.782625
0.78264
0.782641
0.782643
0.782644
0.782656
0.782658
0.782658
0.782662
0.782666
0.782666
0.782673
0.782677
0.782678
0.782678
0.782683
0.782683
0.782684
0.782686
0.782686
0.782686
0.782688
0.782689
0.782689
0.78269
0.78269
0.78269
0.782691
0.782691
0.782692
0.782692
0.782692
0.782693
0.782694
0.782694
0.782694
0.782695
0.782695
0.782695
0.782695
0.782696
0.782696
0.782696
0.782696
0.782696
0.782696
0.782696
0.782696
0.782696
0.782696
0.782696
0.782696
0.782696
0.782696
0.782696
0.782696
0.782696
0.782696
0.782697
0.782697
0.782697
0.782697
0.782697
0.782697
0.782697
0.782697
0.782697
0.782697
0.782697
0.782697
0.782697
0.782697
0.782697
0.782697
0.782697
0.782697
0.782697
0.782697
0.782697
0.782697
0.782697
0.782697
0.782697
0.782697
0.782697
0.782697
0.782697
0.782697
0.782697
0.782697
0.782697
0.782697
0.782697
0.782697
0.782697
0.782697
0.782697
0.782697
0.782697
0.782697
0.782697
0.782697
0.782697
0.782697
0.782697
0.782697
0.782697
0.782697
0.782697
0.782697
0.782697
0.782697
0.782697
0.782697
0.782697
0.782697
0.782697
0.782697
0.782697
0.782697
0.782697
0.782697
0.782697
0.782697
0.782697
0.782697
0.782697
0.782697
0.782697
0.782697
0.782697
0.782697
0.782697
0.782697
0.782697
0.782697
0.782697
0.782697
0.782697
0.782697
0.782697
0.782697
0.782697
0.782697
0.782697
0.782697
0.782697
0.782697
0.782697
0.782697
0.782697
0.782697
0.782697
0.782697
0.782697
0.782697
0.782697
0.782697
0.782697
0.782697
0.782697
0.782697
0.782697
0.782697
0.782697
0.782697
0.782697
0.782697
0.782697
0.782697
0.782697
0.782697
0.782697
0.782697
0.782697
0.782697
0.782697
0.782697
0.782697
0.782697
0.782697
0.789628
0.793366
0.79387
0.79387
0.797666
0.799343
0.799343
0.799633
0.799633
0.826997
0.845644
0.845644
0.847768
0.847768
0.847768
0.848965
0.848965
0.848965
0.848965
0.848965
0.849714
0.851909
0.853174
0.85417
0.8544
0.854988
0.859079
0.859079
0.859079
0.859079
0.859079
0.859577
0.861358
0.861752
0.86182
0.861823
0.861942
0.862023
0.862058
0.862063
0.866277
0.866277
0.866277
0.866371
0.866932
0.868088
0.869224
0.869667
0.869939
0.870116
0.870512
0.87076
0.870839
0.870839
0.87206
0.872224
0.873433
0.873433
0.873433
0.873547
0.873759
0.873938
0.87444
0.874586
0.874586
0.874586
0.874634
0.874647
0.874647
0.875373
0.875373
0.875413
0.878235
0.878622
0.8803
0.880321
0.881841
0.881974
0.88231
0.882604
0.882962
0.884468
0.884714
0.884983
0.884983
0.885475
0.886076
0.886831
0.886831
0.886831
0.886861
0.888566
0.888566
0.888566
0.888566
0.888635
0.888271
0.888384
0.888856
0.889075
0.889075
0.889075
0.889075
0.889092
0.889092


0.0612614
0.0810853
0.0810853
0.090765
0.090765
0.0948677
0.137829
0.137829
0.137843
0.139186
0.14323
0.154819
0.174973
0.186174
0.194517
0.194517
0.236589
0.288489
0.30399
0.305114
0.311869
0.312872
0.319958
0.328763
0.383914
0.44024
0.44129
0.44194
0.483412
0.562715
0.562715
0.563909
0.564951
0.592853
0.609103
0.621828
0.627024
0.629801
0.670363
0.707445
0.733879
0.733879
0.761661
0.761661
0.761661
0.778675
0.788803
0.793272
0.796247
0.810486
0.810978
0.813645
0.823045
0.823045
0.828613
0.830032
0.83656
0.84161
0.84161
0.84692
0.84692
0.848099
0.850712
0.85245
0.854347
0.854347
0.854353
0.854387
0.856139
0.858673
0.858798
0.859461
0.861257
0.863335
0.863612
0.864092
0.864092
0.864205
0.864395
0.864544
0.865168
0.865388
0.865757
0.865789
0.866026
0.866309
0.866461
0.866461
0.866495
0.86655
0.86677
0.866798
0.866823
0.86689
0.86697
0.867039
0.867039
0.867134
0.86714
0.86716
0.867229
0.867198
0.867202
0.86724
0.867295
0.867295
0.867303
0.867313
0.867313
0.867318
0.86732
0.867323
0.867337
0.867344
0.867365
0.867369
0.867369
0.867372
0.867384
0.867385
0.86739
0.867395
0.867395
0.867397
0.867399
0.8674
0.867403
0.867403
0.867403
0.867408
0.86741
0.867411
0.867412
0.867413
0.867413
0.867413
0.867414
0.867415
0.867416
0.867416
0.867416
0.867416
0.867417
0.867418
0.867418
0.867419
0.867419
0.867419
0.86742
0.86742
0.86742
0.86742
0.86742
0.86742
0.86742
0.867421
0.867421
0.867421
0.867421
0.867421
0.867421
0.867421
0.867421
0.867421
0.867421
0.867421
0.867421
0.867421
0.867421
0.867421
0.867421
0.867421
0.867421
0.867421
0.867421
0.867421
0.867421
0.867421
0.867421
0.867421
0.867421
0.867421
0.867421
0.867421
0.867421
0.867421
0.867421
0.867421
0.867421
0.867421
0.867421
0.867421
0.867421
0.867421
0.867421
0.867421
0.867421
0.867421
0.867421
0.867421
0.867421
0.867421
0.867421
0.867421
0.867421
0.867421
0.867421
0.867421
0.867421
0.867421
0.867421
0.867421
0.867421
0.867421
0.867421
0.867421
0.867421
0.867421
0.867421
0.867421
0.867421
0.867421
0.867421
0.867421
0.867421
0.867421
0.867421
0.867421
0.867421
0.867421
0.867421
0.867421
0.867421
0.867421
0.867421
0.867421
0.867421
0.867421
0.867421
0.867421
0.867421
0.867421
0.867421
0.867421
0.867421
0.867421
0.867421
0.867421
0.867421
0.867421
0.867421
0.867421
0.867421
0.867421
0.867421
0.867421
0.867421
0.867421
0.867421
0.867421
0.867421
0.867421
0.867421
0.867421
0.867421
0.867421
0.867421
0.867421
0.867421
0.867421
0.867421
0.867421
0.867421
0.867421
0.867421
0.867421
0.867421
0.867421
0.867421
0.867421
0.867421
0.867421
0.867421
0.867421
0.867421
0.867421
0.867421
0.867421
0.867421
0.867421
0.867421
0.867421
0.867421
0.867421
0.867421
0.867421
0.867421
0.867421
0.867421
0.867421
0.867421
0.867421
0.867421
0.867421
0.867421
0.867421
0.867421
0.867421
0.867421
0.867421
0.867421
0.867421
0.867421
0.867421
0.867421
0.867421
0.867421
0.867421
0.867421
0.867421
0.867421
0.867421
0.867421
0.867421
0.867421
0.867421
0.867421
0.867421
0.867421
0.867421
0.867421
0.867421
0.867421
0.867421
0.867421
0.867421
0.867421
0.867421
0.867421
0.867421
0.867421
0.867421
0.867421
0.867421
0.867421
0.867421
0.867421
0.867421
0.867421
0.867421
0.867421
0.867421
0.867421
0.867421
0.867421
0.867421
0.867421
0.867421
0.867421
0.867421
0.867421
0.867421
0.867421
0.867421
0.867421
0.867421
0.867421
0.867421
0.867421
0.867421
0.867421
0.867421
0.867421
0.867421
0.867421
0.867421
0.867421
0.867421
0.867421
0.867421
0.867421
0.867421
0.867421
0.867421
0.867421
0.867421
0.867421
0.867421
0.867421
0.867421
0.867421
0.867421
0.867421
0.867421
0.867421
0.867421
0.867421
0.867421
0.867421
0.867421


0.0787005
0.0787005
0.0800403
0.0831794
0.085469
0.0893772
0.108791
0.10934
0.127442
0.133709
0.178166
0.178166
0.203144
0.206834
0.224736
0.231682
0.236456
0.304318
0.356381
0.363699
0.374338
0.3754
0.384641
0.418734
0.449002
0.488362
0.506502
0.532027
0.558509
0.586675
0.649442
0.686217
0.686217
0.69289
0.714074
0.743115
0.774749
0.782698
0.795057
0.798618
0.807193
0.808796
0.827767
0.842877
0.845348
0.854532
0.86433
0.872493
0.883489
0.885491
0.889238
0.90563
0.906153
0.908623
0.921626
0.922024
0.92338
0.92338
0.926859
0.926859
0.931416
0.936487
0.938973
0.94011
0.941071
0.946245
0.947388
0.948345
0.948345
0.949535
0.949602
0.950641
0.951676
0.951676
0.951694
0.951802
0.952739
0.953068
0.953957
0.954287
0.954434
0.954603
0.954906
0.955124
0.955124
0.955453
0.9555
0.955754
0.955789
0.9558
0.95615
0.956171
0.956212
0.956301
0.956316
0.956316
0.956335
0.956398
0.956505
0.956592
0.956665
0.956756
0.956794
0.956794
0.956806
0.956841
0.956867
0.956879
0.9569
0.9569
0.956917
0.956942
0.956947
0.956958
0.956965
0.956972
0.956977
0.956977
0.956982
0.956982
0.956986
0.956989
0.956991
0.956993
0.956994
0.957006
0.957009
0.957009
0.957011
0.957013
0.957013
0.957013
0.957017
0.957018
0.957019
0.957022
0.957022
0.957023
0.957023
0.957024
0.957024
0.957025
0.957025
0.957025
0.957026
0.957026
0.957027
0.957027
0.957027
0.957027
0.957027
0.957027
0.957028
0.957028
0.957028
0.957028
0.957028
0.957028
0.957028
0.957028
0.957028
0.957028
0.957028
0.957028
0.957028
0.957029
0.957029
0.957029
0.957029
0.957029
0.957029
0.957029
0.957029
0.957029
0.957029
0.957029
0.957029
0.957029
0.957029
0.957029
0.957029
0.957029
0.957029
0.957029
0.957029
0.957029
0.957029
0.957029
0.957029
0.957029
0.957029
0.957029
0.957029
0.957029
0.957029
0.957029
0.957029
0.957029
0.957029
0.957029
0.957029
0.957029
0.957029
0.957029
0.957029
0.957029
0.957029
0.957029
0.957029
0.957029
0.957029
0.957029
0.957029
0.957029
0.957029
0.957029
0.957029
0.957029
0.957029
0.957029
0.957029
0.957029
0.957029
0.957029
0.957029
0.957029
0.957029
0.957029
0.957029
0.957029
0.957029
0.957029
0.957029
0.957029
0.957029
0.957029
0.957029
0.957029
0.957029
0.957029
0.957029
0.957029
0.957029
0.957029
0.957029
0.957029
0.957029
0.957029
0.957029
0.957029
0.957029
0.957029
0.957029
0.957029
0.957029
0.957029
0.957029
0.957029
0.957029
0.957029
0.957029
0.957029
0.957029
0.957029
0.957029
0.957029
0.957029
0.957029
0.957029
0.957029
0.957029
0.957029
0.957029
0.957029
0.957029
0.957029
0.957029
0.957029
0.957029
0.957029
0.957029
0.957029
0.957029
0.957029
0.957029
0.957029
0.957029
0.957029
0.957029
0.957029
0.957029
0.957029
0.957029
0.957029
0.957029
0.957029
0.957029
0.957029
0.957029
0.957029
0.957029
0.957029
0.957029
0.957029
0.957029
0.957029
0.957029
0.957029
0.957029
0.957029
0.957029
0.957029
0.957029
0.957029
0.957029
0.957029
0.957029
0.957029
0.957029
0.957029
0.957029
0.957029
0.957029
0.957029
0.957029
0.957029
0.957029
0.957029
0.957029
0.957029
0.957029
0.957029
0.957029
0.957029
0.957029
0.957029
0.957029
0.957029
0.957029
0.957029
0.957029
0.957029
0.957029
0.957029
0.957029
0.957029
0.957029
0.957029
0.957029
0.957029
0.957029
0.957017
0.957029
0.957029
0.957029
0.957029
0.957029
0.957029
0.957029
0.957029
0.957029
0.957029
0.957029
0.957029
0.957029
0.957029
0.957029
0.957029
0.957029
0.957029
0.957029
0.957029
0.957029
0.957029
0.957029
0.957029
0.957029
0.957029
0.957029
0.957029
0.957029
0.957029
0.957029
0.957029
0.957029
0.957029
0.957029
0.957029
0.957029
0.957029
0.957029
0.957029
0.957029
0.957029
0.957029
0.957029
0.957029
0.957029
0.957029
0.957029


0.0614535
0.0684048
0.0819606
0.106048
0.106048
0.1201
0.122315
0.152813
0.185965
0.190215
0.190215
0.174082
0.236117
0.239337
0.253107
0.254353
0.286162
0.318089
0.318089
0.347582
0.356014
0.389814
0.421459
0.439908
0.457735
0.480885
0.558933
0.573309
0.573838
0.616876
0.62294
0.659694
0.661163
0.681433
0.716846
0.752519
0.772324
0.772324
0.779289
0.796656
0.79759
0.841168
0.849633
0.869496
0.879007
0.888816
0.893356
0.896023
0.896258
0.906468
0.914361
0.923815
0.928173
0.933877
0.933877
0.934703
0.938445
0.941985
0.948905
0.948987
0.950628
0.951691
0.952843
0.95433
0.95748
0.95748
0.958417
0.960951
0.961648
0.962788
0.962966
0.963385
0.963994
0.965197
0.965395
0.965514
0.966838
0.966838
0.966943
0.967059
0.967122
0.967939
0.968139
0.968383
0.96842
0.968545
0.968827
0.968906
0.968945
0.96902
0.969044
0.969239
0.969477
0.969712
0.970164
0.970179
0.970305
0.970332
0.970374
0.970406
0.970449
0.970524
0.970559
0.97057
0.970708
0.970708
0.97075
0.97077
0.970771
0.970819
0.970851
0.970859
0.970869
0.970877
0.970911
0.970911
0.970939
0.970942
0.970945
0.970962
0.970962
0.97097
0.970974
0.970975
0.97098
0.970994
0.970994
0.970996
0.970996
0.970999
0.970999
0.971003
0.971004
0.971004
0.971005
0.971006
0.971007
0.971008
0.971008
0.971009
0.971009
0.971009
0.971011
0.971012
0.971013
0.971014
0.971015
0.971015
0.971015
0.971015
0.971016
0.971016
0.971016
0.971016
0.971016
0.971016
0.971016
0.971016
0.971016
0.971016
0.971016
0.971016
0.971016
0.971016
0.971016
0.971016
0.971017
0.971017
0.971017
0.971017
0.971017
0.971017
0.971017
0.971017
0.971017
0.971017
0.971017
0.971017
0.971017
0.971017
0.971017
0.971017
0.971017
0.971017
0.971017
0.971017
0.971017
0.971017
0.971017
0.971017
0.971017
0.971017
0.971017
0.971017
0.971017
0.971017
0.971017
0.971017
0.971017
0.971017
0.971017
0.971017
0.971017
0.971017
0.971017
0.971017
0.971017
0.971017
0.971017
0.971017
0.971017
0.971017
0.971017
0.971017
0.971017
0.971017
0.971017
0.971017
0.971017
0.971017
0.971017
0.971017
0.971017
0.971017
0.971017
0.971017
0.971017
0.971017
0.971017
0.971017
0.971017
0.971017
0.971017
0.971017
0.971017
0.971017
0.971017
0.971017
0.971017
0.971017
0.971017
0.971017
0.971017
0.971017
0.971017
0.971017
0.971017
0.971017
0.971017
0.971017
0.971017
0.971017
0.971017
0.971017
0.971017
0.971017
0.971017
0.971017
0.971017
0.971017
0.971017
0.971017
0.971017
0.971017
0.971017
0.971017
0.971017
0.971017
0.971017
0.971017
0.971017
0.971017
0.971017
0.971017
0.971017
0.971017
0.971017
0.971017
0.971017
0.971017
0.971017
0.971017
0.971017
0.971017
0.971017
0.971017
0.971017
0.971017
0.971017
0.971017
0.971017
0.971017
0.971017
0.971017
0.971017
0.971017
0.971017
0.971017
0.971017
0.971017
0.971017
0.971017
0.971017
0.971017
0.971017
0.971017
0.971017
0.971017
0.971017
0.971017
0.971017
0.971017
0.971017
0.971017
0.971017
0.971017
0.971017
0.971017
0.971017
0.971017
0.971017
0.971017
0.971017
0.971017
0.971017
0.971017
0.971017
0.971017
0.971017
0.971017
0.971017
0.971017
0.971017
0.971017
0.971017
0.971017
0.971017
0.971017
0.971017
0.971017
0.971017
0.971017
0.971017
0.971017
0.971017
0.971017
0.971017
0.971017
0.971017
0.971017
0.971017
0.971017
0.971017
0.971017
0.971017
0.971017
0.971017
0.971017
0.971017
0.971017
0.971017
0.971017
0.971017
0.971017
0.971017
0.971017
0.971017
0.971017
0.971017
0.971017
0.971017
0.971017
0.971017
0.971017
0.971017
0.971017
0.971017
0.971017
0.971017
0.971017
0.971017
0.971017
0.971017
0.971017
0.971017
0.971017
0.971017
0.971017
0.971017
0.971017
0.971017
0.971017
0.971017
0.971017
0.971017
0.971017
0.971017
0.971017
0.971017
0.971017


0.0585794
0.0715361
0.0785588
0.0920238
0.0966165
0.108272
0.132517
0.139076
0.159521
0.159521
0.169859
0.22043
0.22043
0.252065
0.252067
0.283214
0.283214
0.30738
0.31943
0.364891
0.408768
0.398207
0.424337
0.478636
0.514724
0.526138
0.56509
0.566204
0.597817
0.608341
0.612562
0.633452
0.656938
0.668361
0.685208
0.68926
0.714411
0.73801
0.76122
0.769535
0.777835
0.791128
0.801555
0.80675
0.819292
0.819292
0.829876
0.833387
0.84369
0.855018
0.855018
0.857794
0.861214
0.866771
0.870035
0.872231
0.872231
0.873347
0.873649
0.874994
0.8765
0.878969
0.880156
0.881143
0.882082
0.883228
0.88382
0.884631
0.886106
0.886739
0.887755
0.887723
0.888053
0.888109
0.888276
0.88861
0.888755
0.889429
0.889689
0.889928
0.890078
0.890095
0.890212
0.89027
0.890385
0.890498
0.890616
0.890696
0.890735
0.890972
0.890976
0.890981
0.891012
0.891031
0.891094
0.891135
0.891182
0.8912
0.891205
0.891224
0.891253
0.891253
0.891267
0.891275
0.891279
0.897605
0.897605
0.907714
0.907714
0.907715
0.907717
0.907474
0.907474
0.917846
0.917846
0.917847
0.925979
0.927258
0.927258
0.928529
0.928529
0.927746
0.928171
0.928173
0.928773
0.929134
0.931661
0.940112
0.940112
0.940112
0.942304
0.942304
0.942304
0.942304
0.942304
0.942304
0.942304
0.942304
0.943608
0.943608
0.943608
0.940454
0.94209
0.944464
0.944464
0.948054
0.951023
0.951023
0.952103
0.952103
0.952103
0.952103
0.952103
0.952103
0.952103
0.952103
0.952103
0.952103
0.952103
0.952241
0.952297
0.952297
0.952297
0.952297
0.952297
0.952297
0.953488
0.953488
0.953488
0.953488
0.953488
0.952266
0.962909
0.962909
0.962909
0.962909
0.962909
0.968043
0.972732
0.972732
0.972732
0.969255
0.971972
0.971972
0.971972
0.97519
0.97519
0.97519
0.97612
0.979164
0.979164
0.979303
0.97945
0.991614
0.991614
0.991614
0.991614
0.991614
0.991641
0.991641
0.991641
0.992962
0.992962
0.992962
0.992962
0.992998
0.994355
0.994355
0.994355
0.994355
0.994355
0.994355
0.994355
0.994446
0.994446
0.994446
0.994452
0.994452
0.994452
0.994455
0.994455
0.994455
0.99561
0.99561
0.995871
0.995871
0.995871
0.995871
0.995871
0.995871
0.995871
0.995871
0.995871
0.995921
0.995921
0.995923
0.995923
0.995923
0.995923
0.996192
0.996202
0.996253
0.996253
0.996253
0.996253
0.996307
0.996307
0.996307
0.996307
0.996307
0.996307
0.996343
0.996343
0.996343
0.996451
0.996489
0.996497
0.996498
0.996498
0.996498
0.996509
0.996519
0.996625
0.996635
0.996647
0.996647
0.998749
0.998749
0.998749
0.99878
0.99878
0.998792
0.998792
0.998792
0.998885
0.999169
0.999176
0.999176
0.999188
0.999188
0.999188
0.99913
0.999184
0.999184
0.999184
0.999184
0.99922
0.999248
0.999248
0.999277
0.999277
0.999277
0.999305
0.999324
0.999386
0.999386
0.999402
0.999406
0.999406
0.999409
0.999582
0.999582
0.999582
0.999582
0.999582
0.999588
0.999588
0.999588
0.999591
0.999591
0.999592
0.999592
0.999592
0.999593
0.999593
0.999593
0.999593
0.999593
0.999593
0.999593
0.999603
0.999682
0.999684
0.999684
0.999684
0.999684
0.999695
0.999706
0.999706
0.999719
0.999738
0.999717
0.999745
0.99981
0.999832
0.999832
0.999865
0.999865
0.999872
0.999872
0.999911
0.999898
0.999898
0.999924
0.999929
0.999929
0.99993
0.999934
0.999934
0.999935
0.999935
0.999935
0.999935
0.999935
0.999937
0.999937
0.999937
0.999939
0.999941
0.999942
0.999945
0.999952
0.999957
0.999957
0.999958
0.999958
0.999968
0.999969
0.999969
0.999969
0.999971
0.999966
0.999973
0.999978
0.999978
0.999978
0.999978
0.999979
0.999979
0.999979
0.999979
0.999979
0.999979
0.999979
0.999979
0.999981
0.999981
0.999981
0.999982
0.999982
0.999983
0.999983
0.999983
0.999986
0.999988
0.999988
0.99999
0.999991
0.999992
0.999992


0.0657218
0.0667332
0.0802662
0.0931384
0.0969513
0.1114
0.133778
0.149557
0.15974
0.175675
0.21735
0.197921
0.213286
0.213826
0.255704
0.279023
0.341429
0.359766
0.368592
0.373553
0.395136
0.406183
0.41567
0.427908
0.436217
0.43905
0.466355
0.492609
0.529302
0.550551
0.59141
0.613924
0.625183
0.625183
0.702595
0.702595
0.714966
0.719927
0.719927
0.75613
0.759343
0.778262
0.801377
0.82895
0.848324
0.848324
0.870432
0.870432
0.905026
0.905026
0.919766
0.934082
0.934082
0.935556
0.939967
0.941849
0.943872
0.944648
0.95591
0.955975
0.960835
0.963689
0.970665
0.975175
0.975175
0.975692
0.976235
0.977505
0.979063
0.982087
0.986456
0.983505
0.985407
0.986512
0.986842
0.98768
0.987987
0.989039
0.989796
0.991786
0.992299
0.992516
0.992691
0.993653
0.993653
0.995589
0.996837
0.997005
0.997005
0.997526
0.997726
0.997372
0.997682
0.99772
0.997737
0.998417
0.99848
0.998539
0.998539
0.998898
0.999138
0.999237
0.999255
0.999277
0.999351
0.999377
0.999393
0.999439
0.999501
0.999535
0.999584
0.999586
0.999605
0.999692
0.999696
0.999707
0.999797
0.999807
0.999807
0.99983
0.99983
0.999856
0.999856
0.999876
0.999878
0.999879
0.999909
0.999919
0.999919
0.999939
0.999953
0.999954
0.99996
0.999971
0.999974
0.999975
0.999981
0.999981
0.999984
0.999985
0.999988
0.999989
0.99999
0.999992
0.999993
0.999994
0.999994
0.999995
0.999995
0.999995
0.999995
0.999995
0.999996
0.999996
0.999996
0.999997
0.999997
0.999997
0.999997
0.999998
0.999998
0.999999
0.999999
0.999999
0.999999
0.999999
0.999999
0.999999
0.999999
0.999999
1
1
1
1
1
1
1
1
1
1
1
1
1
1
1
1
1
1
1
1
1
1
1
1
1
1
1
1
1
1
1
1
1
1
1
1
1
1
1
1
1
1
1
1
1
1
1
1
1
1
1
1
1
1
1
1
1
1
1
1
1
1
1
1
1
1
1
1
1
1
1
1
1
1
1
1
1
1
1
1
1
1
1
1
1
1
1
1
1
1
1
1
1
1
1
1
1
1
1
1
1
1
1
1
1
1
1
1
1
1
1
1
1
1
1
1
1
1
1
1
1
1
1
1
1
1
1
1
1
1
1
1
1
1
1
1
1
1
1
1
1
1
1
1
1
1
1
1
1
1
1
1
1
1
1
1
1
1
1
1
1
1
1
1
1
1
1
1
1
1
1
1
1
1
1
1
1
1
1
1
1
0.999999
1
1
1
1
1
1
1
1
1
1
1
1
1
1
1
1
1
1
1
1
1
1
1
1
1
1
1
1
1
1
1
1
1
1
1
1
1
1
1
1
1
1
1
1
1
1
1
1


0.0657052
0.0751373
0.0751428
0.0950294
0.0990541
0.102181
0.126398
0.136308
0.142214
0.145526
0.173833
0.173833
0.177782
0.206216
0.241941
0.260805
0.299226
0.311047
0.311047
0.31878
0.358067
0.286081
0.374622
0.374622
0.395765
0.449374
0.449374
0.469409
0.469409
0.496139
0.497444
0.50635
0.524537
0.529983
0.588831
0.596747
0.612402
0.667963
0.67476
0.705776
0.720268
0.723262
0.7346
0.761434
0.7768
0.788149
0.796003
0.808049
0.821438
0.821438
0.828606
0.832744
0.857816
0.857816
0.857816
0.877464
0.880082
0.892294
0.892294
0.893816
0.902363
0.904406
0.910534
0.918541
0.934857
0.936966
0.937573
0.938764
0.938943
0.938953
0.940932
0.944878
0.953309
0.953517
0.953517
0.954671
0.955254
0.956554
0.957482
0.96009
0.960384
0.96247
0.967362
0.967753
0.967811
0.968198
0.96845
0.96892
0.969226
0.96925
0.970675
0.969464
0.970758
0.970795
0.970838
0.970852
0.970964
0.971228
0.971228
0.971253
0.971625
0.971628
0.971888
0.973664
0.973747
0.973757
0.974543
0.975647
0.976275
0.977625
0.97787
0.978174
0.978175
0.979072
0.979073
0.979271
0.981136
0.981926
0.981926
0.981927
0.982251
0.981961
0.982301
0.982588
0.982589
0.983081
0.983081
0.983277
0.983496
0.983496
0.983496
0.983497
0.983497
0.983658
0.983658
0.983658
0.983736
0.983736
0.983754
0.983754
0.983754
0.983889
0.983889
0.983999
0.984128
0.984128
0.98418
0.984208
0.984214
0.984215
0.984386
0.984376
0.984376
0.984376
0.98451
0.98451
0.984539
0.984539
0.984623
0.984704
0.984752
0.984806
0.98487
0.984885
0.985002
0.985002
0.985002
0.985002
0.985002
0.985027
0.985048
0.985023
0.985045
0.985045
0.985045
0.985095
0.985193
0.985193
0.985193
0.985193
0.985193
0.985192
0.985196
0.985196
0.985196
0.985209
0.985213
0.98522
0.98522
0.985224
0.985248
0.985259
0.985259
0.985265
0.985267
0.985267
0.985267
0.985267
0.985267
0.985267
0.985268
0.985268
0.985268
0.98527
0.985272
0.985273
0.985273
0.985274
0.985275
0.985278
0.985282
0.985282
0.985283
0.985294
0.985298
0.985302
0.985302
0.985303
0.985303
0.985303
0.985307
0.985307
0.985307
0.985307
0.985309
0.985309
0.98531
0.98531
0.98531
0.98531
0.98531
0.985308
0.98531
0.985311
0.985311
0.985312
0.985312
0.985312
0.985312
0.985314
0.985315
0.985315
0.985315
0.985315
0.985315
0.985315
0.985315
0.985316
0.985316
0.985316
0.985316
0.985316
0.985317
0.985317
0.985317
0.985317
0.985317
0.985317
0.985317
0.985317
0.985317
0.985317
0.985317
0.985317
0.985317
0.985317
0.985318
0.985318
0.985318
0.985318
0.985319
0.985319
0.985319
0.985319
0.985319
0.985319
0.985319
0.985319
0.985319
0.985319
0.985319
0.986043
0.986043
0.986043
0.986043
0.987229
0.987232
0.987232
0.987924
0.988029
0.988029
0.988235
0.988235
0.988947
0.990241
0.990767
0.991143
0.99147
0.991895
0.992924
0.993199
0.993223
0.993223
0.993223
0.993443
0.993876
0.993876
0.993876
0.993876
0.993876
0.993876
0.994096
0.994185
0.994226
0.994512
0.994512
0.994512
0.994572
0.994718
0.994728
0.99488
0.995216
0.995486
0.996441
0.996833
0.996833
0.996833
0.996868
0.996906
0.997039
0.997271
0.997279
0.997438
0.997438
0.997438
0.997628
0.997628
0.997628
0.997637
0.997664
0.997747
0.997785
0.99782
0.997859
0.998004
0.998113
0.998145
0.998297
0.998332
0.998377
0.998377
0.998382
0.998478
0.998481
0.998756
0.998931
0.99903
0.99903
0.999052
0.999289
0.999289
0.999304
0.999304
0.999324
0.999362
0.999371
0.999383
0.999383
0.999383
0.99943
0.999607
0.99963
0.99963
0.99963
0.99963
0.99963
0.99963
0.99963
0.999631
0.999631
0.999634
0.999638
0.999638
0.999638
0.99964
0.999661
0.999668
0.999668
0.999681
0.999681
0.999681
0.999688
0.999688
0.999721
0.999732
0.999732
0.999744
0.999744
0.999757
0.999757


0.0699112
0.0796541
0.0823688
0.0887276
0.0950666
0.159008
0.159008
0.164266
0.183439
0.183439
0.185938
0.18731
0.228877
0.239258
0.245514
0.255332
0.256653
0.261571
0.311967
0.328183
0.33316
0.365504
0.423089
0.444579
0.460792
0.475532
0.514626
0.546921
0.555802
0.573891
0.580106
0.599274
0.646372
0.649056
0.661923
0.666172
0.669659
0.671573
0.683969
0.691682
0.693682
0.698359
0.701986
0.712287
0.714259
0.715029
0.7193
0.747587
0.757458
0.757458
0.757673
0.757673
0.773646
0.773646
0.775874
0.809879
0.810914
0.814944
0.820103
0.824192
0.824434
0.822646
0.838017
0.853019
0.869128
0.878165
0.878165
0.878594
0.879921
0.883371
0.886714
0.88682
0.890208
0.891696
0.895745
0.901937
0.903493
0.907243
0.908222
0.908345
0.909749
0.910924
0.915492
0.92429
0.924471
0.927063
0.927221
0.928058
0.929356
0.929356
0.929356
0.932071
0.932071
0.933425
0.9335
0.933851
0.933923
0.934198
0.934358
0.934547
0.935074
0.935074
0.935074
0.935074
0.935332
0.935341
0.935341
0.935609
0.935758
0.936895
0.938326
0.938326
0.938467
0.93915
0.939524
0.939524
0.939524
0.939823
0.940391
0.940406
0.940672
0.940672
0.940865
0.940865
0.940865
0.940972
0.940973
0.941219
0.941221
0.9414
0.941525
0.941534
0.941545
0.941545
0.941547
0.941547
0.941551
0.942151
0.942151
0.942462
0.942462
0.942463
0.942478
0.942513
0.942526
0.942642
0.942642
0.942843
0.942844
0.942844
0.942844
0.942855
0.942929
0.942929
0.94297
0.943
0.943004
0.943004
0.943024
0.943025
0.943025
0.943025
0.943025
0.943029
0.943029
0.943069
0.943095
0.943095
0.943095
0.943095
0.943096
0.943096
0.943102
0.943112
0.943117
0.943131
0.943149
0.943149
0.943157
0.94316
0.943162
0.943163
0.943163
0.943172
0.94318
0.94318
0.94318
0.943191
0.943195
0.943206
0.943221
0.943244
0.943259
0.943259
0.943259
0.943266
0.943266
0.943269
0.943272
0.943273
0.943278
0.943279
0.94328
0.94328
0.94328
0.943281
0.943286
0.943286
0.943286
0.943286
0.943289
0.94329
0.94329
0.94329
0.943292
0.943292
0.943292
0.943292
0.943292
0.943292
0.943292
0.943293
0.943293
0.943296
0.943296
0.943297
0.943297
0.943297
0.943297
0.943297
0.943298
0.943298
0.943298
0.943298
0.943298
0.943298
0.943298
0.943299
0.943299
0.943299
0.943299
0.943299
0.943299
0.943299
0.943299
0.943299
0.943299
0.943299
0.943299
0.943299
0.943299
0.943299
0.9433
0.9433
0.9433
0.9433
0.9433
0.9433
0.9433
0.9433
0.9433
0.9433
0.9433
0.9433
0.9433
0.9433
0.9433
0.9433
0.9433
0.9433
0.9433
0.9433
0.9433
0.9433
0.9433
0.9433
0.9433
0.9433
0.9433
0.9433
0.9433
0.9433
0.9433
0.9433
0.9433
0.9433
0.9433
0.9433
0.9433
0.9433
0.9433
0.9433
0.9433
0.9433
0.9433
0.9433
0.9433
0.9433
0.9433
0.9433
0.9433
0.9433
0.9433
0.9433
0.9433
0.9433
0.9433
0.9433
0.9433
0.9433
0.9433
0.9433
0.9433
0.9433
0.9433
0.9433
0.9433
0.9433
0.9433
0.9433
0.9433
0.9433
0.9433
0.9433
0.9433
0.9433
0.9433
0.9433
0.9433
0.9433
0.9433
0.9433
0.9433
0.9433
0.9433
0.9433
0.9433
0.9433
0.9433
0.9433
0.9433
0.9433
0.9433
0.9433
0.9433
0.9433
0.9433
0.9433
0.9433
0.9433
0.9433
0.9433
0.9433
0.9433
0.9433
0.9433
0.9433
0.9433
0.9433
0.9433
0.9433
0.9433
0.9433
0.9433
0.9433
0.9433
0.9433
0.9433
0.9433
0.9433
0.9433
0.9433
0.9433
0.9433
0.9433
0.9433
0.9433
0.9433
0.9433
0.9433
0.9433
0.9433
0.9433
0.9433
0.9433
0.9433
0.9433
0.9433
0.9433
0.9433
0.9433
0.9433
0.9433
0.9433
0.9433
0.9433
0.9433
0.9433
0.9433
0.9433


0.0639084
0.0694837
0.0726216
0.0985908
0.108438
0.147457
0.149057
0.149066
0.16325
0.181829
0.195328
0.199025
0.215775
0.241735
0.265395
0.270664
0.291986
0.298553
0.31827
0.324972
0.332627
0.353134
0.43874
0.484516
0.506099
0.536784
0.572516
0.572516
0.584976
0.637583
0.680368
0.669136
0.683754
0.689379
0.700902
0.704774
0.704774
0.725824
0.729607
0.734813
0.745613
0.74794
0.756195
0.757984
0.764581
0.770882
0.772117
0.774911
0.776687
0.780153
0.802794
0.802839
0.80318
0.81161
0.820413
0.825813
0.829627
0.839417
0.850367
0.850438
0.855894
0.862315
0.864976
0.869084
0.882474
0.883513
0.883707
0.884811
0.888709
0.891516
0.891516
0.891935
0.895927
0.895927
0.895927
0.897463
0.898894
0.89906
0.900401
0.902776
0.902776
0.9029
0.903941
0.903941
0.905351
0.906162
0.907488
0.907513
0.907513
0.90883
0.909005
0.909011
0.910623
0.910626
0.910705
0.911518
0.911707
0.912741
0.912741
0.912743
0.912748
0.912929
0.913304
0.913304
0.913306
0.913416
0.913448
0.913465
0.913465
0.913595
0.913645
0.913659
0.913662
0.913701
0.913701
0.913726
0.913771
0.913823
0.913825
0.91386
0.913908
0.913908
0.913908
0.913925
0.913925
0.913932
0.913953
0.913963
0.913982
0.913999
0.914003
0.914013
0.914022
0.914022
0.914022
0.914023
0.914024
0.914029
0.914034
0.914034
0.914038
0.914038
0.914038
0.914038
0.91404
0.91404
0.91404
0.914047
0.914048
0.914048
0.914051
0.914051
0.914052
0.914053
0.914053
0.914053
0.914053
0.914055
0.914055
0.914056
0.914056
0.914056
0.914056
0.914056
0.914056
0.914056
0.914057
0.914057
0.914057
0.914057
0.914057
0.914057
0.914057
0.914057
0.914057
0.914057
0.914057
0.914057
0.914057
0.914057
0.914057
0.914057
0.914057
0.914057
0.914057
0.914057
0.914057
0.914057
0.914057
0.914057
0.914057
0.914058
0.914058
0.914058
0.914058
0.914058
0.914058
0.914058
0.914058
0.914058
0.914058
0.914058
0.914058
0.914058
0.914058
0.914058
0.914058
0.914058
0.914058
0.914058
0.914058
0.914058
0.914058
0.914058
0.914058
0.914058
0.914058
0.914058
0.914058
0.914058
0.914058
0.914058
0.914058
0.914058
0.914058
0.914058
0.914058
0.914058
0.914058
0.914058
0.914058
0.914058
0.914058
0.914058
0.914058
0.914058
0.914058
0.914058
0.914058
0.914058
0.914058
0.914058
0.914058
0.914058
0.914058
0.914058
0.914058
0.914058
0.914058
0.914058
0.914058
0.914058
0.914058
0.914058
0.914058
0.914058
0.914058
0.914058
0.914058
0.914058
0.914058
0.914058
0.914058
0.914058
0.914058
0.914058
0.914058
0.914058
0.914058
0.914058
0.914058
0.914058
0.914058
0.914058
0.914058
0.914058
0.914058
0.914058
0.914058
0.914058
0.914058
0.914058
0.914058
0.914058
0.914058
0.914058
0.914058
0.914058
0.914058
0.914058
0.914058
0.914058
0.914058
0.914058
0.914058
0.914058
0.914058
0.914058
0.914058
0.914058
0.914058
0.914058
0.914058
0.914058
0.914058
0.914058
0.914058
0.914058
0.914058
0.914058
0.914058
0.914058
0.914058
0.914058
0.914058
0.914058
0.914058
0.914058
0.914058
0.914058
0.914058
0.914058
0.914058
0.914058
0.914058
0.914058
0.914058
0.914058
0.914058
0.914058
0.914058
0.914058
0.914058
0.914058
0.914058
0.914058
0.914058
0.914058
0.914058
0.914058
0.914058
0.914058
0.914058
0.914058
0.914058
0.914058
0.914058
0.914058
0.914058
0.914058
0.914058
0.914058
0.914058
0.914058
0.914058
0.914058
0.914058
0.914058
0.914058
0.914058
0.914058
0.914058
0.914058
0.914058
0.914058
0.914058
0.914058
0.914058
0.914058
0.914058
0.914058
0.914058
0.914058
0.914058
0.914058
0.914058
0.914058
0.914058
0.914058
0.914058
0.914058
0.914058
0.914058
0.914058
0.914058
0.914058
0.914058
0.914058
0.914058
0.914058
0.914058
0.914058
0.914058
0.914058
0.914058
0.914058
0.914058
0.914058
0.914058
0.914058


0.0665932
0.0831713
0.095484
0.095484
0.0989781
0.121208
0.132107
0.132107
0.149897
0.161052
0.182904
0.201086
0.216953
0.234896
0.273751
0.289301
0.297109
0.297109
0.299174
0.312204
0.371036
0.416544
0.433525
0.460524
0.487753
0.500728
0.525618
0.567664
0.568104
0.581794
0.595845
0.614611
0.618748
0.654164
0.670766
0.690089
0.697209
0.713695
0.743676
0.746567
0.758522
0.758088
0.768474
0.775961
0.78408
0.797261
0.800814
0.807181
0.809574
0.809574
0.811772
0.812898
0.819049
0.820061
0.821236
0.82222
0.822883
0.826065
0.826346
0.828341
0.828341
0.829042
0.831289
0.831802
0.831802
0.833179
0.833437
0.83348
0.833553
0.833954
0.834567
0.834591
0.835681
0.835688
0.835688
0.83613
0.836141
0.836549
0.836667
0.836802
0.836917
0.836917
0.837207
0.837359
0.837427
0.837693
0.837693
0.837693
0.837785
0.837872
0.837977
0.838015
0.838132
0.838153
0.838154
0.838158
0.838203
0.838213
0.838245
0.838245
0.838251
0.838311
0.838326
0.838333
0.83834
0.838357
0.83836
0.838366
0.838376
0.838384
0.838392
0.838388
0.838398
0.8384
0.838401
0.838408
0.838414
0.838416
0.838417
0.838419
0.838422
0.838425
0.838426
0.838426
0.838427
0.838428
0.838429
0.838429
0.838431
0.838432
0.838434
0.838435
0.838435
0.838435
0.838435
0.838436
0.838437
0.838437
0.838437
0.838437
0.838437
0.838437
0.838437
0.838438
0.838438
0.838438
0.838438
0.838438
0.838438
0.838438
0.838438
0.838438
0.838438
0.838438
0.838438
0.838438
0.838438
0.838438
0.838438
0.838438
0.838438
0.838438
0.838438
0.838438
0.838438
0.838438
0.838438
0.838438
0.838438
0.838438
0.838438
0.838438
0.838438
0.838438
0.838438
0.838438
0.838438
0.838438
0.838438
0.838438
0.838438
0.838438
0.838438
0.838438
0.838438
0.838438
0.838438
0.838438
0.838438
0.838438
0.838438
0.838438
0.838438
0.838438
0.838438
0.838438
0.838438
0.838438
0.838438
0.838438
0.838438
0.838438
0.838438
0.838438
0.838438
0.838438
0.838438
0.838438
0.838438
0.838438
0.838438
0.838438
0.838438
0.838438
0.838438
0.838438
0.838438
0.838438
0.838438
0.838438
0.838438
0.838438
0.838438
0.838438
0.838438
0.838438
0.838438
0.838438
0.838438
0.838438
0.838438
0.838438
0.840117
0.849845
0.856585
0.864267
0.866185
0.867266
0.873784
0.882929
0.882929
0.887324
0.89092
0.891835
0.893533
0.895792
0.895792
0.896662
0.904097
0.904514
0.905551
0.907847
0.907847
0.907925
0.908814
0.908963
0.909068
0.909133
0.909133
0.909434
0.909477
0.910143
0.910145
0.910148
0.911027
0.911117
0.911191
0.911272
0.911326
0.911356
0.911817
0.912007
0.912162
0.912462
0.91267
0.912782
0.913136
0.913225
0.913846
0.914032
0.914207
0.914207
0.91462
0.914876
0.914878
0.915629
0.917129
0.917997
0.918961
0.918994
0.921021
0.921021
0.92111
0.921179
0.921447
0.921792
0.922524
0.923642
0.924284
0.924323
0.924323
0.925386
0.925808
0.927506
0.928002
0.928002
0.928049
0.928091
0.928091
0.928473
0.92868
0.928756
0.92881
0.92881
0.92881
0.928825
0.92894
0.92894
0.928986
0.929061
0.929212
0.92922
0.929266
0.929337
0.929379
0.929402
0.929443
0.929447
0.929543
0.929543
0.929594
0.929603
0.929628
0.92967
0.929685
0.929712
0.929716
0.929716
0.929719
0.929727
0.929732
0.92977
0.929786
0.929798
0.929811
0.92982
0.92984
0.929845
0.929845
0.929857
0.929861
0.929862
0.929866
0.929868
0.929871
0.929872
0.929874
0.929878
0.92988
0.929887
0.929904
0.929915
0.929922
0.929935
0.929939
0.92994
0.929942
0.929945
0.929945
0.929945
0.929947
0.929948
0.929948
0.929953
0.929953
0.929965
0.92997
0.929971
0.930015
0.930023
0.930062
0.930108
0.930142
0.930161
0.930165
0.93017
0.93017
0.930171
0.930173
0.930175
0.930176
0.930176
0.930176
0.930176
0.930176
0.930179
0.930179
0.930182
0.930182
0.930184


0.0713356
0.0803755
0.0803755
0.0976973
0.112237
0.113335
0.121279
0.121647
0.136839
0.146562
0.159996
0.173781
0.184635
0.19476
0.240586
0.262961
0.295229
0.303721
0.309529
0.334445
0.339005
0.33474
0.346991
0.397436
0.429672
0.439513
0.481645
0.48727
0.495698
0.495698
0.51753
0.535791
0.562026
0.583716
0.584506
0.589059
0.589314
0.604706
0.609512
0.61156
0.632591
0.642169
0.644151
0.644834
0.645962
0.65328
0.65396
0.660778
0.660778
0.666093
0.666919
0.666592
0.671831
0.674338
0.676226
0.682147
0.683642
0.684259
0.684568
0.6871
0.687667
0.68778
0.68778
0.688717
0.689174
0.690066
0.690391
0.690664
0.690711
0.69109
0.69109
0.691632
0.691745
0.691776
0.691894
0.69195
0.69195
0.692123
0.692135
0.692179
0.692263
0.692263
0.692268
0.692317
0.692451
0.692451
0.692476
0.692545
0.692556
0.69258
0.69258
0.692604
0.692649
0.692687
0.692701
0.692717
0.692733
0.692736
0.692736
0.692749
0.692757
0.692767
0.692768
0.692775
0.692776
0.692786
0.69279
0.692793
0.69281
0.69281
0.692811
0.692813
0.692813
0.692813
0.692819
0.692819
0.69282
0.692822
0.692822
0.692823
0.692823
0.692823
0.692825
0.692826
0.692827
0.692829
0.692829
0.692829
0.692829
0.69283
0.69283
0.692831
0.692831
0.692831
0.692831
0.692831
0.692831
0.692831
0.692831
0.692831
0.692831
0.692831
0.692832
0.692832
0.692832
0.692832
0.692832
0.692832
0.692832
0.692832
0.692832
0.692832
0.692832
0.692832
0.692832
0.692832
0.692832
0.692832
0.692832
0.692832
0.692832
0.692832
0.692832
0.692832
0.692832
0.692832
0.692832
0.692832
0.692832
0.692832
0.692832
0.692832
0.692832
0.692832
0.692832
0.692832
0.692832
0.692832
0.692832
0.692832
0.692832
0.692832
0.692832
0.692832
0.692832
0.692832
0.692832
0.692832
0.692832
0.692832
0.692832
0.692832
0.692832
0.692832
0.692832
0.692832
0.692832
0.692832
0.692832
0.692832
0.692832
0.692832
0.692832
0.692832
0.692832
0.692832
0.692832
0.692832
0.692832
0.692832
0.692832
0.692832
0.692832
0.692832
0.692832
0.692832
0.696824
0.698508
0.704342
0.704342
0.706964
0.711154
0.711154
0.715656
0.716953
0.722783
0.723662
0.724664
0.724664
0.724664
0.724664
0.727394
0.728583
0.728583
0.728687
0.728687
0.728687
0.729087
0.729087
0.729557
0.730699
0.733107
0.733215
0.741268
0.746517
0.748389
0.7535
0.7535
0.754512
0.770432
0.773858
0.774233
0.781704
0.784255
0.7869
0.787483
0.790723
0.790723
0.793842
0.794262
0.795359
0.795304
0.79825
0.798687
0.802649
0.803527
0.805128
0.807238
0.812604
0.813347
0.813347
0.815928
0.817625
0.818471
0.819174
0.820702
0.833157
0.847881
0.84984
0.850432
0.854831
0.856481
0.858242
0.858914
0.861776
0.864156
0.864156
0.868385
0.870399
0.876131
0.879255
0.879635
0.880991
0.883708
0.883708
0.883843
0.884636
0.888214
0.888214
0.889151
0.889817
0.889305
0.889842
0.890354
0.890416
0.890416
0.89076
0.89084
0.892497
0.893271
0.893863
0.89456
0.896009
0.898326
0.898789
0.899817
0.899818
0.900832
0.900918
0.900938
0.900998
0.901446
0.901556
0.901556
0.902989
0.903709
0.904006
0.904107
0.90553
0.905782
0.905782
0.906073
0.906073
0.906901
0.90888
0.909137
0.909398
0.909527
0.909859
0.910087
0.910087
0.910208
0.910326
0.910333
0.910333
0.910342
0.910369
0.910574
0.910666
0.910681
0.910717
0.910833
0.911011
0.911458
0.912147
0.912147
0.912168
0.912376
0.912386
0.912449
0.912472
0.91256
0.912593
0.912633
0.912654
0.912686
0.912783
0.913087
0.913213
0.913246
0.913448
0.913575
0.913598
0.913678
0.913706
0.913711
0.913724
0.913927
0.91396
0.914223
0.914279
0.914226
0.914751
0.91549
0.915695
0.915721
0.916184
0.916416
0.916816
0.916944
0.920618
0.919839
0.925445
0.926781
0.926992
0.927032
0.928935
0.9293
0.929378
0.92995


0.0595119
0.0855016
0.0855016
0.0855016
0.101274
0.101274
0.10358
0.110347
0.128959
0.132052
0.16721
0.159122
0.164868
0.177268
0.179328
0.196753
0.211447
0.257366
0.276034
0.305259
0.311343
0.334274
0.344879
0.344879
0.400362
0.407334
0.42745
0.536241
0.536241
0.554828
0.588289
0.634964
0.634964
0.698427
0.698427
0.713033
0.721706
0.737987
0.774669
0.774669
0.802993
0.816948
0.817712
0.821001
0.822816
0.837122
0.846117
0.857516
0.867551
0.868485
0.86987
0.870545
0.870545
0.876275
0.888024
0.892726
0.895181
0.896061
0.899891
0.90035
0.901294
0.902494
0.902815
0.906006
0.907728
0.907728
0.908985
0.909965
0.910172
0.911553
0.912208
0.91325
0.913278
0.914015
0.914066
0.914605
0.915013
0.915149
0.915149
0.915258
0.915258
0.915345
0.915443
0.915564
0.915673
0.915739
0.915828
0.915864
0.916023
0.916122
0.916136
0.916168
0.916183
0.916205
0.916246
0.916265
0.916265
0.916296
0.916299
0.916315
0.916322
0.916332
0.916345
0.916358
0.91636
0.91637
0.916374
0.916376
0.916377
0.916391
0.916399
0.916399
0.916402
0.916404
0.916406
0.916408
0.916409
0.916411
0.916412
0.916413
0.916415
0.916418
0.916418
0.916419
0.916419
0.916419
0.91642
0.91642
0.91642
0.916421
0.916421
0.916421
0.916421
0.916422
0.916422
0.916422
0.916422
0.916422
0.916422
0.916422
0.916422
0.916422
0.916423
0.916423
0.916423
0.916423
0.916423
0.916423
0.916423
0.916423
0.916423
0.916423
0.916423
0.916423
0.916423
0.916423
0.916423
0.916423
0.916423
0.916423
0.916423
0.916423
0.916423
0.916423
0.916423
0.916423
0.916423
0.916423
0.916423
0.916423
0.916423
0.916423
0.916423
0.916423
0.916423
0.916423
0.916423
0.916423
0.916423
0.916423
0.916423
0.916423
0.916423
0.916423
0.916423
0.916423
0.916423
0.916423
0.916423
0.916423
0.916423
0.916423
0.916423
0.916423
0.916423
0.916423
0.916423
0.916423
0.916423
0.916423
0.916423
0.916423
0.916423
0.916423
0.916423
0.916423
0.916423
0.916423
0.916423
0.916423
0.916423
0.916423
0.916423
0.916423
0.916423
0.916423
0.916423
0.916423
0.916423
0.916423
0.916423
0.916423
0.916423
0.916423
0.916423
0.916423
0.916423
0.916423
0.916423
0.916423
0.916423
0.916423
0.916423
0.916423
0.916423
0.916423
0.916423
0.916423
0.916423
0.916423
0.916423
0.916423
0.916423
0.916423
0.916423
0.916423
0.916423
0.916423
0.916423
0.916423
0.916423
0.916423
0.916423
0.916423
0.916423
0.916423
0.916423
0.916423
0.916423
0.916423
0.916423
0.916423
0.916423
0.916423
0.916423
0.916423
0.916423
0.916423
0.916423
0.916423
0.916423
0.916423
0.916423
0.916423
0.916423
0.916423
0.916423
0.916423
0.916423
0.916423
0.916423
0.916423
0.916423
0.916423
0.916423
0.916423
0.916423
0.916423
0.916423
0.916423
0.916423
0.916423
0.916423
0.916423
0.916423
0.916423
0.916423
0.916423
0.916423
0.916423
0.916423
0.916423
0.916423
0.916423
0.916423
0.916423
0.916423
0.916423
0.916423
0.916423
0.916423
0.916423
0.916423
0.916423
0.916423
0.916423
0.916423
0.916423
0.916423
0.916423
0.916423
0.916423
0.916423
0.916423
0.916423
0.916423
0.916423
0.916423
0.916423
0.916423
0.916423
0.916423
0.916423
0.916423
0.916423
0.916423
0.916423
0.916423
0.916423
0.916423
0.916423
0.916423
0.916423
0.916423
0.916423
0.916423
0.916423
0.916423
0.916423
0.916423
0.916423
0.916423
0.916423
0.916423
0.916423
0.916423
0.916423
0.916423
0.916423
0.916423
0.916423
0.916423
0.916423
0.916423
0.916423
0.916423
0.916423
0.916423
0.916423
0.916423
0.916423
0.916423
0.916423
0.916423
0.916423
0.916423
0.916423
0.916423
0.916423
0.916423
0.916423
0.916423
0.916423
0.916423
0.916423
0.916423
0.916423
0.916423
0.916423
0.916423
0.916423
0.916423
0.916423
0.916423
0.916423
0.916423
0.916423
0.916423
0.916423
0.916423


0.0573679
0.0777714
0.0827761
0.0977871
0.106352
0.108183
0.133299
0.151165
0.155251
0.161942
0.161942
0.170763
0.206595
0.21361
0.243569
0.259601
0.272429
0.286767
0.329325
0.354798
0.355082
0.390787
0.412133
0.446579
0.469522
0.469768
0.495236
0.537954
0.555199
0.607624
0.625324
0.617973
0.706281
0.746809
0.759647
0.770586
0.777143
0.785935
0.787847
0.807617
0.822512
0.833013
0.835961
0.835965
0.843208
0.861162
0.877443
0.878335
0.887624
0.889112
0.891101
0.894585
0.89468
0.8979
0.89972
0.905764
0.907302
0.912129
0.912805
0.914436
0.916674
0.918435
0.918722
0.920008
0.921179
0.923139
0.923715
0.924227
0.924288
0.924734
0.924879
0.926469
0.926995
0.927027
0.927092
0.927761
0.928051
0.928176
0.928176
0.928381
0.928591
0.928604
0.928631
0.928984
0.928984
0.929024
0.929122
0.929126
0.929281
0.929289
0.929388
0.929388
0.929447
0.929451
0.92947
0.9295
0.92951
0.92952
0.929547
0.929576
0.929582
0.929612
0.929643
0.929691
0.929697
0.929698
0.92971
0.929721
0.929721
0.929724
0.929724
0.929733
0.929743
0.929743
0.92975
0.92975
0.929753
0.929756
0.929758
0.929762
0.929766
0.929767
0.929767
0.929769
0.92977
0.929774
0.929774
0.929775
0.929776
0.929776
0.929777
0.929777
0.929778
0.929778
0.929778
0.929778
0.929779
0.929779
0.929779
0.929779
0.929779
0.92978
0.92978
0.92978
0.92978
0.92978
0.92978
0.92978
0.92978
0.92978
0.92978
0.92978
0.92978
0.92978
0.92978
0.92978
0.92978
0.92978
0.929781
0.929781
0.929781
0.929781
0.929781
0.929781
0.929781
0.929781
0.929781
0.929781
0.929781
0.929781
0.929781
0.929781
0.929781
0.929781
0.929781
0.929781
0.929781
0.929781
0.929781
0.929781
0.929781
0.929781
0.929781
0.929781
0.929781
0.929781
0.929781
0.929781
0.929781
0.929781
0.929781
0.929781
0.929781
0.929781
0.929781
0.929781
0.929781
0.929781
0.929781
0.929781
0.929781
0.929781
0.929781
0.929781
0.929781
0.929781
0.929781
0.929781
0.929781
0.929781
0.929781
0.929781
0.929781
0.929781
0.929781
0.929781
0.929781
0.929781
0.929781
0.929781
0.929781
0.929781
0.929781
0.929781
0.929781
0.929781
0.929781
0.929781
0.929781
0.929781
0.929781
0.929781
0.929781
0.929781
0.929781
0.929781
0.929781
0.929781
0.929781
0.929781
0.929781
0.929781
0.929781
0.929781
0.929781
0.929781
0.929781
0.929781
0.929781
0.929781
0.929781
0.929781
0.929781
0.929781
0.929781
0.929781
0.929781
0.929781
0.929781
0.929781
0.929781
0.929781
0.929781
0.929781
0.929781
0.929781
0.929781
0.929781
0.929781
0.929781
0.929781
0.929781
0.929781
0.929781
0.929781
0.929781
0.929781
0.929781
0.929781
0.929781
0.929781
0.929781
0.929781
0.929781
0.929781
0.929781
0.929781
0.929781
0.929781
0.929781
0.929781
0.929781
0.929781
0.929781
0.929781
0.929781
0.929781
0.929781
0.929781
0.929781
0.929781
0.929781
0.929781
0.929781
0.929781
0.929781
0.929781
0.929781
0.929781
0.929781
0.929781
0.929781
0.929781
0.929781
0.929781
0.929781
0.929781
0.929781
0.929781
0.929781
0.929781
0.929781
0.929781
0.929781
0.929781
0.929781
0.929781
0.929781
0.929781
0.929781
0.929781
0.929781
0.929781
0.929781
0.929781
0.929781
0.929781
0.929781
0.929781
0.929781
0.929781
0.929781
0.929781
0.929781
0.929781
0.929781
0.929781
0.929781
0.929781
0.929781
0.929781
0.929781
0.929781
0.929781
0.929781
0.929781
0.929781
0.929781
0.929781
0.929781
0.929781
0.929781
0.929781
0.929781
0.929781
0.929781
0.929781
0.929781
0.929781
0.929781
0.929781
0.92975
0.929781
0.929781
0.929781
0.929781
0.929781
0.929781
0.929781
0.929781
0.929781
0.929781
0.929781
0.929781
0.929781
0.929781
0.929781
0.929781
0.929781
0.929781
0.929781
0.929781
0.929781
0.929781
0.929781
0.929781
0.929781
0.929781
0.929781
0.929781


0.0653297
0.0699889
0.0770686
0.086708
0.086708
0.0943831
0.112092
0.118675
0.188237
0.213251
0.215691
0.223559
0.237665
0.245188
0.245188
0.249658
0.272112
0.291113
0.349873
0.349873
0.34997
0.373079
0.411024
0.411796
0.42246
0.428016
0.448946
0.464095
0.491218
0.541866
0.547233
0.548106
0.579329
0.579329
0.592969
0.62106
0.64997
0.654702
0.692187
0.713989
0.739897
0.742057
0.756003
0.763976
0.782067
0.784825
0.793158
0.793758
0.797063
0.800116
0.800116
0.801658
0.812226
0.815968
0.819945
0.823477
0.837782
0.83935
0.845414
0.848147
0.849724
0.849724
0.849743
0.854158
0.855587
0.855888
0.859468
0.859698
0.86003
0.86003
0.861555
0.862272
0.862868
0.862967
0.863059
0.863103
0.864487
0.864711
0.86476
0.864896
0.864938
0.865073
0.865172
0.865204
0.865662
0.866069
0.866074
0.866279
0.866369
0.86659
0.866672
0.866709
0.866812
0.866813
0.86693
0.866954
0.867029
0.867031
0.867035
0.867049
0.867131
0.86715
0.867157
0.867197
0.867232
0.867251
0.867263
0.867292
0.867292
0.867292
0.86732
0.86732
0.867345
0.867351
0.867359
0.867364
0.867372
0.867372
0.867374
0.867383
0.867385
0.867389
0.867394
0.867394
0.867399
0.867399
0.867401
0.867404
0.867405
0.867405
0.867409
0.86741
0.867412
0.867412
0.867413
0.867414
0.867414
0.867415
0.867416
0.867416
0.867418
0.867418
0.867419
0.867419
0.867419
0.86742
0.86742
0.86742
0.86742
0.86742
0.867421
0.867421
0.867421
0.867421
0.867421
0.867421
0.867421
0.867421
0.867421
0.867421
0.867421
0.867421
0.867421
0.867421
0.867421
0.867421
0.867421
0.867421
0.867421
0.867421
0.867421
0.867421
0.867421
0.867421
0.867421
0.867421
0.867421
0.867421
0.867421
0.867421
0.867421
0.867421
0.867421
0.867421
0.867421
0.867421
0.867421
0.867421
0.867421
0.867421
0.867421
0.867421
0.867421
0.867421
0.867421
0.867421
0.867421
0.867421
0.867421
0.867421
0.867421
0.867421
0.867421
0.867421
0.867421
0.867421
0.867421
0.867421
0.867421
0.867421
0.867421
0.867421
0.867421
0.867421
0.867421
0.867421
0.867421
0.867421
0.867421
0.867421
0.867421
0.867421
0.867421
0.867421
0.867421
0.867421
0.867421
0.867421
0.867421
0.867421
0.867421
0.867421
0.867421
0.867421
0.867421
0.867421
0.867421
0.867421
0.867421
0.867421
0.867421
0.867421
0.867421
0.867421
0.867421
0.867421
0.867421
0.867421
0.867421
0.867421
0.867421
0.867421
0.867421
0.867421
0.867421
0.867421
0.867421
0.867421
0.867421
0.867421
0.867421
0.867421
0.867421
0.867421
0.867421
0.867421
0.867421
0.867421
0.867421
0.867421
0.867421
0.867421
0.867421
0.867421
0.867421
0.867421
0.867421
0.867421
0.867421
0.867421
0.867421
0.867421
0.867421
0.867421
0.867421
0.867421
0.867421
0.867421
0.867421
0.867421
0.867421
0.867421
0.867421
0.867421
0.867421
0.867421
0.867421
0.867421
0.867421
0.867421
0.867421
0.867421
0.867421
0.867421
0.867421
0.867421
0.867421
0.867421
0.867421
0.867421
0.867421
0.867421
0.867421
0.867421
0.867421
0.867421
0.867421
0.867421
0.867421
0.867421
0.867421
0.867421
0.867421
0.867421
0.867421
0.867421
0.867421
0.867421
0.867421
0.867421
0.867421
0.867421
0.867421
0.867421
0.867421
0.867421
0.867421
0.867421
0.867421
0.867421
0.867421
0.867421
0.867421
0.867421
0.867421
0.867421
0.867421
0.867421
0.867421
0.867421
0.867421
0.867421
0.867421
0.867421
0.867421
0.867421
0.867421
0.867421
0.867421
0.867421
0.867421
0.867421
0.867421
0.867421
0.867421
0.867421
0.867421
0.867421
0.867421
0.867421
0.867421
0.867421
0.867421
0.867421
0.867421
0.867421
0.867421
0.867421
0.867421
0.867421
0.867421
0.867421
0.867421
0.867421
0.867421
0.867421
0.867421
0.867421
0.867421
0.867421
0.867421
0.867421
0.867421
0.867421
0.867421
0.867421
0.867421
0.867421
0.867421
0.867421


0.0639877
0.0646976
0.0778218
0.0810358
0.0855065
0.118061
0.127257
0.143855
0.150408
0.168905
0.16908
0.175859
0.181959
0.200271
0.226498
0.227037
0.240891
0.273677
0.298922
0.310889
0.311181
0.335357
0.348724
0.348724
0.362907
0.363281
0.391174
0.421678
0.445357
0.459993
0.505507
0.475749
0.554953
0.591282
0.595627
0.617643
0.634153
0.647467
0.673582
0.68442
0.685346
0.694626
0.721528
0.721528
0.730338
0.739138
0.739467
0.751956
0.753229
0.755648
0.770542
0.786728
0.786728
0.787306
0.792867
0.799855
0.802504
0.807466
0.808127
0.809419
0.811364
0.80971
0.813998
0.820495
0.82521
0.82521
0.826975
0.829614
0.829614
0.83087
0.832833
0.832934
0.833086
0.834194
0.835523
0.835615
0.836907
0.837015
0.838555
0.839524
0.840212
0.84051
0.841295
0.84158
0.841679
0.842145
0.842145
0.842319
0.84245
0.842996
0.843036
0.843099
0.843282
0.843332
0.843404
0.843567
0.843728
0.843738
0.843861
0.843939
0.843984
0.843991
0.8441
0.844128
0.844164
0.8442
0.844216
0.844309
0.844313
0.844321
0.844321
0.844341
0.84435
0.844367
0.844413
0.844416
0.844416
0.844418
0.844419
0.84444
0.844442
0.844457
0.844465
0.844466
0.844484
0.844484
0.844485
0.844489
0.844491
0.844494
0.844501
0.844503
0.844503
0.844503
0.844507
0.844513
0.844513
0.844519
0.844519
0.844519
0.84452
0.84452
0.844521
0.844521
0.844522
0.844524
0.844524
0.844525
0.844525
0.844525
0.844525
0.844526
0.844526
0.844527
0.844527
0.844527
0.844527
0.844527
0.844527
0.844527
0.844528
0.844528
0.844528
0.844528
0.844528
0.844528
0.844528
0.844528
0.844528
0.844528
0.844528
0.844528
0.844528
0.844528
0.844528
0.844528
0.844528
0.844529
0.844529
0.844529
0.844529
0.844529
0.844529
0.844529
0.844529
0.844529
0.844529
0.844529
0.844529
0.844529
0.844529
0.844529
0.844529
0.844529
0.844529
0.844529
0.844529
0.844529
0.844529
0.844529
0.844529
0.844529
0.844529
0.844529
0.844529
0.844529
0.844529
0.844529
0.844529
0.844529
0.844529
0.844529
0.844529
0.844529
0.844529
0.844529
0.844529
0.844529
0.844529
0.844529
0.844529
0.844529
0.844529
0.844529
0.844529
0.844529
0.844529
0.844529
0.844529
0.844529
0.844529
0.844529
0.844529
0.844529
0.844529
0.844529
0.844529
0.844529
0.844529
0.844529
0.844529
0.844529
0.844529
0.844529
0.844529
0.844529
0.844529
0.844529
0.844529
0.844529
0.844529
0.844529
0.844529
0.844529
0.844529
0.844529
0.844529
0.844529
0.844529
0.844529
0.844529
0.844529
0.844529
0.844529
0.844529
0.844529
0.844529
0.844529
0.844529
0.844529
0.844529
0.844529
0.844529
0.844529
0.844529
0.844529
0.844529
0.844529
0.844529
0.844529
0.844529
0.844529
0.844529
0.844529
0.844529
0.844529
0.844529
0.844529
0.844529
0.844529
0.844529
0.844529
0.844529
0.844529
0.844529
0.844529
0.844529
0.844529
0.844529
0.844529
0.844529
0.844529
0.844529
0.844529
0.844529
0.844529
0.844529
0.844529
0.844529
0.844529
0.844529
0.844529
0.844529
0.844529
0.844529
0.844529
0.844529
0.844529
0.844529
0.844529
0.844529
0.844529
0.844529
0.844529
0.844529
0.844529
0.844529
0.844529
0.844529
0.844529
0.844529
0.844529
0.844529
0.844529
0.844529
0.844529
0.844529
0.844529
0.844529
0.844529
0.844529
0.844529
0.844529
0.844529
0.844529
0.844529
0.844529
0.844529
0.844529
0.844529
0.844529
0.844529
0.844529
0.844529
0.844529
0.844529
0.844529
0.844529
0.844529
0.844529
0.844529
0.844529
0.844529
0.844529
0.844529
0.844529
0.844529
0.844529
0.844529
0.844529
0.844529
0.844529
0.844529
0.844529
0.844529
0.844529
0.844529
0.844529
0.844529
0.844529
0.844529
0.844529
0.844529
0.844529
0.844529
0.844529
0.844529
0.844529
0.844529
0.844529
0.844529
0.844529
0.844529
0.844529
0.844529
0.844529
0.844529
0.844529
0.844529
0.844529


0.0648579
0.0772226
0.0953099
0.109007
0.123641
0.123641
0.125782
0.125782
0.157689
0.166679
0.197012
0.217097
0.221563
0.241646
0.261487
0.269854
0.308705
0.323163
0.337385
0.410847
0.42003
0.431572
0.454171
0.486955
0.486955
0.505708
0.50897
0.546094
0.576864
0.582235
0.651214
0.674062
0.674062
0.684104
0.706479
0.714733
0.755592
0.782699
0.785062
0.788949
0.788949
0.801858
0.827724
0.829754
0.831239
0.833193
0.840837
0.855268
0.855268
0.858507
0.862028
0.863611
0.865648
0.865648
0.867179
0.868929
0.872638
0.873991
0.875271
0.876354
0.877813
0.878797
0.880147
0.880268
0.88102
0.881831
0.881999
0.883096
0.883394
0.883993
0.884121
0.884247
0.884519
0.884519
0.884618
0.884763
0.885021
0.885234
0.885348
0.885355
0.885371
0.885404
0.885766
0.886059
0.8861
0.886141
0.886147
0.886201
0.886228
0.886228
0.886267
0.886284
0.886295
0.886311
0.886311
0.886319
0.886321
0.88634
0.88638
0.88638
0.886408
0.886441
0.886448
0.886448
0.886448
0.886448
0.886486
0.886486
0.886504
0.886523
0.886523
0.886525
0.886542
0.886554
0.88656
0.886564
0.886579
0.886579
0.886579
0.886579
0.886582
0.886584
0.886585
0.886587
0.886587
0.886587
0.886588
0.886589
0.88659
0.886594
0.886594
0.886594
0.886594
0.886595
0.886595
0.886597
0.886597
0.886598
0.886599
0.886599
0.886599
0.886599
0.886599
0.886599
0.886599
0.886599
0.8866
0.8866
0.8866
0.8866
0.8866
0.8866
0.8866
0.8866
0.8866
0.8866
0.8866
0.8866
0.8866
0.8866
0.886601
0.886601
0.886601
0.886601
0.886601
0.886601
0.886601
0.886601
0.886601
0.886601
0.886601
0.886601
0.886601
0.886601
0.886601
0.886601
0.886601
0.886601
0.886601
0.886601
0.886601
0.886601
0.886601
0.886601
0.886601
0.886601
0.886601
0.886601
0.886601
0.886601
0.886601
0.886601
0.886601
0.886601
0.886601
0.886601
0.886601
0.886601
0.886601
0.886601
0.886601
0.886601
0.886601
0.886601
0.886601
0.886601
0.886601
0.886601
0.886601
0.886601
0.886601
0.886601
0.886601
0.886601
0.886601
0.886601
0.886601
0.886601
0.886601
0.886601
0.886601
0.886601
0.886601
0.886601
0.886601
0.886601
0.886601
0.886601
0.886601
0.886601
0.886601
0.886601
0.886601
0.886601
0.886601
0.886601
0.886601
0.886601
0.886601
0.886601
0.886601
0.886601
0.886601
0.886601
0.886601
0.886601
0.886601
0.886601
0.886601
0.886601
0.886601
0.886601
0.886601
0.886601
0.886601
0.886601
0.886601
0.886601
0.886601
0.886601
0.886601
0.886601
0.886601
0.886601
0.886601
0.886601
0.886601
0.886601
0.886601
0.886601
0.886601
0.886601
0.886601
0.886601
0.886601
0.886601
0.886601
0.886601
0.886601
0.886601
0.886601
0.886601
0.886601
0.886601
0.886601
0.886601
0.886601
0.886601
0.886601
0.886601
0.886601
0.886601
0.886601
0.886601
0.886601
0.886601
0.886601
0.886601
0.886601
0.886601
0.886601
0.886601
0.886601
0.886601
0.886601
0.886601
0.886601
0.886601
0.886601
0.886601
0.886601
0.886601
0.886601
0.886601
0.886601
0.886601
0.886601
0.886601
0.886601
0.886601
0.886601
0.886601
0.886601
0.886601
0.886601
0.886601
0.886601
0.886601
0.886601
0.886601
0.886601
0.886601
0.886601
0.886601
0.886601
0.886601
0.886601
0.886601
0.886601
0.886601
0.886601
0.886601
0.886601
0.886601
0.886601
0.886601
0.886601
0.886601
0.886601
0.886601
0.886601
0.886601
0.886601
0.886601
0.886601
0.886601
0.886601
0.886601
0.886601
0.886601
0.886601
0.886601
0.886601
0.886601
0.886601
0.886601
0.886601
0.886601
0.886601
0.886601
0.886601
0.886601
0.886601
0.886601
0.886601
0.886601
0.886601
0.886601
0.886601
0.886601
0.886601
0.886601
0.886601
0.886601
0.886601
0.886601
0.886601
0.886601
0.886601
0.886601
0.886601
0.886601
0.886601
0.886601
0.886601
0.886601
0.886601
0.886601
0.886601
0.886601


0.0572195
0.091777
0.091777
0.091777
0.10201
0.105684
0.121254
0.142045
0.167511
0.167511
0.170966
0.18623
0.20029
0.221939
0.249434
0.277633
0.308996
0.380434
0.380781
0.386461
0.38683
0.414571
0.432962
0.463989
0.474253
0.496276
0.517594
0.588348
0.597351
0.616253
0.62394
0.627287
0.655182
0.673782
0.679754
0.686412
0.691985
0.725538
0.749815
0.756371
0.771842
0.792522
0.794695
0.808921
0.816678
0.824096
0.824269
0.824608
0.829143
0.832132
0.835625
0.843237
0.84439
0.848946
0.856087
0.856593
0.856616
0.857578
0.860789
0.862415
0.863125
0.863351
0.865086
0.866594
0.869294
0.869613
0.870183
0.870964
0.871583
0.872227
0.872309
0.873098
0.873644
0.873876
0.874023
0.874811
0.875097
0.875174
0.875174
0.875391
0.875472
0.875617
0.87575
0.875768
0.875871
0.875955
0.875979
0.876061
0.876144
0.876226
0.876317
0.876341
0.876413
0.876432
0.876436
0.876469
0.87648
0.87649
0.876504
0.876544
0.876562
0.876562
0.876572
0.876585
0.876589
0.876599
0.876619
0.87662
0.87662
0.876623
0.876629
0.876639
0.876639
0.876644
0.876648
0.876648
0.876654
0.876654
0.876655
0.876657
0.876659
0.876661
0.876662
0.876663
0.876664
0.876664
0.876664
0.876665
0.876665
0.876666
0.876666
0.876666
0.876666
0.876666
0.876667
0.876667
0.876667
0.876667
0.876667
0.876667
0.876668
0.876668
0.876668
0.876668
0.876668
0.876668
0.876668
0.876668
0.876668
0.876668
0.876668
0.876668
0.876668
0.876668
0.876668
0.876668
0.876668
0.876668
0.876668
0.876668
0.876668
0.876668
0.876668
0.876668
0.88743
0.88743
0.88743
0.88743
0.88743
0.89039
0.89039
0.897626
0.897626
0.899634
0.899651
0.902134
0.902134
0.902134
0.903769
0.904823
0.905786
0.907239
0.907239
0.907239
0.907748
0.907926
0.910165
0.910165
0.910165
0.910165
0.910256
0.910207
0.910339
0.910958
0.911155
0.911513
0.911727
0.911755
0.912012
0.912406
0.912642
0.912642
0.91277
0.912915
0.912915
0.912915
0.913313
0.913313
0.913502
0.913717
0.913974
0.91415
0.914223
0.914333
0.914333
0.91446
0.914605
0.914605
0.914729
0.914762
0.914762
0.914794
0.914827
0.914827
0.914834
0.914836
0.914846
0.914848
0.915303
0.919585
0.919585
0.921749
0.924401
0.925124
0.929301
0.939185
0.939185
0.939185
0.939185
0.940089
0.940089
0.939406
0.939406
0.939406
0.939406
0.940495
0.940495
0.941958
0.942113
0.942113
0.942159
0.942344
0.942344
0.943061
0.943093
0.943093
0.943245
0.943965
0.944177
0.944177
0.944177
0.945815
0.945815
0.94597
0.94597
0.94597
0.947064
0.947313
0.94782
0.948199
0.948637
0.949058
0.954029
0.956969
0.960499
0.961137
0.961436
0.964587
0.964587
0.964587
0.964792
0.964792
0.965728
0.965771
0.965771
0.965771
0.966157
0.966157
0.966259
0.966741
0.967558
0.967851
0.968936
0.970503
0.970503
0.971113
0.97269
0.97269
0.97269
0.974474
0.974474
0.974465
0.976018
0.976018
0.976018
0.97744
0.977961
0.978385
0.978656
0.978656
0.978656
0.978838
0.980252
0.980252
0.980674
0.980674
0.98093
0.98093
0.981331
0.981414
0.98165
0.981355
0.982071
0.982692
0.982707
0.982707
0.982709
0.982792
0.982819
0.982841
0.983093
0.983133
0.983163
0.983245
0.983379
0.983379
0.983436
0.983467
0.983506
0.983536
0.983581
0.983566
0.983589
0.983598
0.983792
0.983792
0.983924
0.983948
0.983949
0.984128
0.984247
0.984324
0.984324
0.984493
0.984493
0.984508
0.98458
0.98458
0.984613
0.984647
0.984647
0.984615
0.984757
0.984757
0.984862
0.984862
0.98491
0.98491
0.984929
0.984935
0.984985
0.984934
0.985058
0.985071
0.985071
0.985071
0.985071
0.985095
0.985095
0.985095
0.985099
0.985142
0.985145
0.985183
0.985183
0.985183
0.985183
0.985185
0.985199
0.985208
0.985211
0.985211
0.985215
0.985215
0.985215
0.985221
0.985227
0.985228
0.985228
0.98523


0.0678539
0.0730286
0.0748353
0.123146
0.128928
0.128936
0.150787
0.155866
0.15851
0.163809
0.182396
0.232046
0.268373
0.271016
0.271034
0.295139
0.31001
0.311952
0.328136
0.331954
0.368359
0.426122
0.427027
0.472511
0.480277
0.502867
0.547378
0.575548
0.625385
0.625385
0.646483
0.634388
0.681564
0.696174
0.696174
0.725724
0.733449
0.75429
0.76447
0.767907
0.795628
0.796364
0.797695
0.818604
0.818604
0.821525
0.827799
0.835905
0.847436
0.854759
0.856569
0.870753
0.870753
0.876068
0.876298
0.880098
0.88543
0.885995
0.886959
0.886959
0.89211
0.894077
0.895692
0.897845
0.897878
0.901223
0.901681
0.901805
0.903061
0.907063
0.907063
0.908157
0.90847
0.909664
0.910513
0.910513
0.910691
0.911026
0.911175
0.911397
0.911628
0.912329
0.912756
0.913237
0.913279
0.913393
0.913549
0.91388
0.913919
0.914108
0.914114
0.914136
0.914558
0.914823
0.914928
0.914928
0.915
0.91501
0.915039
0.915085
0.915395
0.915533
0.915536
0.915569
0.91558
0.915641
0.915687
0.915854
0.915855
0.915895
0.915988
0.915976
0.916021
0.916064
0.916152
0.916158
0.916182
0.916184
0.916184
0.916235
0.916278
0.916279
0.91628
0.9163
0.916321
0.916321
0.916341
0.916341
0.916349
0.916349
0.916363
0.916364
0.916364
0.916389
0.916397
0.916397
0.916399
0.916399
0.916406
0.916406
0.916408
0.916408
0.91641
0.916411
0.916412
0.916415
0.916415
0.916419
0.916419
0.916419
0.916419
0.916421
0.916421
0.916421
0.916421
0.916421
0.916422
0.916422
0.916422
0.916422
0.916422
0.916422
0.916422
0.916422
0.916422
0.916423
0.916423
0.916423
0.916423
0.916423
0.916423
0.916423
0.916423
0.916423
0.916423
0.916423
0.916423
0.916423
0.916423
0.916423
0.916423
0.916423
0.916423
0.916423
0.916423
0.916423
0.916423
0.916423
0.916423
0.916423
0.916423
0.916423
0.916423
0.916423
0.916423
0.916423
0.916423
0.916423
0.916423
0.916423
0.916423
0.916423
0.916423
0.916423
0.916423
0.916423
0.916423
0.916423
0.916423
0.916423
0.916423
0.916423
0.916423
0.916423
0.916423
0.916423
0.916423
0.916423
0.916423
0.916423
0.916423
0.916423
0.916423
0.916423
0.916423
0.916423
0.916423
0.916423
0.916423
0.916423
0.916423
0.916423
0.916423
0.916423
0.916423
0.916423
0.916423
0.916423
0.916423
0.916423
0.916423
0.916423
0.916423
0.916423
0.916423
0.916423
0.916423
0.916423
0.916423
0.916423
0.916423
0.916423
0.916423
0.916423
0.916423
0.916423
0.916423
0.916423
0.916423
0.916423
0.916423
0.916423
0.916423
0.916423
0.916423
0.916423
0.916423
0.916423
0.916423
0.916423
0.916423
0.916423
0.916423
0.916423
0.916423
0.916423
0.916423
0.916423
0.916423
0.916423
0.916423
0.916423
0.916423
0.916423
0.916423
0.916423
0.916423
0.916423
0.916423
0.916423
0.916423
0.916423
0.916423
0.916423
0.916423
0.916423
0.916423
0.916423
0.916423
0.916423
0.916423
0.916423
0.916423
0.916423
0.916423
0.916423
0.916423
0.916423
0.916423
0.916423
0.916423
0.916423
0.916423
0.916423
0.916423
0.916423
0.916423
0.916423
0.916423
0.916423
0.916423
0.916257
0.916423
0.916423
0.916423
0.916423
0.916423
0.916423
0.916423
0.916423
0.916423
0.916423
0.916423
0.916423
0.916423
0.916423
0.916423
0.916423
0.916423
0.916423
0.916423
0.916423
0.916423
0.916423
0.916423
0.916423
0.916423
0.916423
0.916423
0.916423
0.916423
0.916423
0.916423
0.916423
0.916423
0.916423
0.916423
0.916423
0.916423
0.916423
0.916423
0.916423
0.916423
0.916423
0.916423
0.916423
0.916423
0.916423
0.916423
0.916423
0.916423
0.916423
0.916423
0.916423
0.916423
0.916423
0.916423
0.916423
0.916423
0.916423
0.916423
0.916423
0.916423
0.916423
0.916423
0.916423
0.916423
0.916423
0.916423
0.916423
0.916423
0.916423
0.916423
0.916423
0.916423
0.916423
0.916423
0.916423
0.916423
0.916423


