6.25348
8.00472
9.19401
11.0222
11.2421
11.4922
14.149
14.4352
14.8803
17.7923
19.1925
20.3092
22.1185
24.3767
24.3767
25.3185
25.3185
26.5727
27.4813
29.771
32.7797
32.681
34.2183
34.649
36.3657
37.1253
37.2847
39.0242
39.8632
40.6711
42.4218
42.9832
43.3984
43.3984
43.6264
44.0808
45.4537
45.8404
46.051
46.4292
46.8666
47.8944
47.8944
47.8944
48.2808
48.349
48.4245
48.5079
48.5235
48.6442
48.7669
48.7949
48.985
49.0377
49.2319
49.4815
49.4815
49.5113
49.5554
49.6052
49.7083
49.7083
49.7211
49.7311
49.78
49.7852
49.8119
49.8404
49.8519
49.8559
49.8633
49.8739
49.886
49.886
49.8887
49.9019
49.9348
49.9385
49.946
49.9467
49.9542
49.9589
49.9645
49.9672
49.9688
49.9731
49.9794
49.9805
49.9825
49.9863
49.9888
49.9891
49.9901
49.9902
49.9913
49.9935
49.9944
49.9949
49.9949
49.9952
49.9958
49.9974
49.9977
49.9977
49.9979
49.998
49.9981
49.9981
49.9983
49.9984
49.9987
49.9988
49.999
49.9991
49.9993
49.9994
49.9995
49.9995
49.9995
49.9996
49.9996
49.9997
49.9997
49.9997
49.9997
49.9997
49.9998
49.9998
49.9999
49.9999
49.9999
49.9999
49.9999
49.9999
49.9999
49.9999
49.9999
50
50
50
50
50
50
50
50
50
50
50
50
50
50
50
50
50
50
50
50
50
50
50
50
50
50
50
50
50
50
50
50
50
50
50
50
50
50
50
50
50
50
50
50
50
50
50
50
50
50
50
50
50
50
50
50
50
50
50
50
50
50
50
50
50
50
50
50
50
50
50
50
50
50
50
50
50
50
50
50
50
50
50
50
50
50
50
50
50
50
50
50
50
50
50
50
50
50
50
50
50
50
50
50
50
50
50
50
50
50
50
50
50
50
50
50
50
50
50
50
50
50
50
50
50
50
50
50
50
50
50
50
50
50
50
50
50
50
50
50
50
50
50
50
50
50
50
50
50
50
50
50
50
50
50
50
50
50
50
50
50
50
50
50
50
50
50
50
50
50
50
50
50
50
50
50
50
50
50
50
50
50
50
50
50
50
50
50
50
50
50
50
50
50
50
50
50
50
50
50
50
50
50
50
50
50
50
50
50
50
50
50
50
50
50
50
50
50
50
50
50
50
50
50
50
50
50
50
50
50
50
50
50
50
50
50
50
50
50
50
50
50
50
50
50
50
50
50
50
50
50
50
50
50
50
50
50
50
50
50
50
50
50


9.54037
11.923
12.9289
17.1193
17.6122
19.8082
21.743
23.1301
26.3348
31.58
31.58
33.9172
35.6813
38.905
44.6102
45.4868
45.4868
52.3301
52.3301
54.0776
61.0511
58.2694
61.4273
67.7816
67.7816
68.8077
69.0266
69.5491
70.5266
71.9868
74.4083
76.523
78.5703
78.6079
78.8359
79.3917
80.7745
81.277
82.354
83.3394
83.6557
84.3976
84.5308
85.9307
86.7975
86.8869
86.8974
87.3027
87.9468
88.2562
88.5191
88.544
88.5454
88.8736
89.3231
89.635
89.6971
89.7373
90.0274
90.0274
90.2505
90.2455
90.3746
90.417
90.457
90.6015
90.7379
90.7667
90.8129
90.8485
90.8485
90.8611
90.9639
91.0101
91.0303
91.0905
91.1095
91.1281
91.1281
91.1406
91.1406
91.1433
91.1479
91.1636
91.1851
91.1951
91.2053
91.2053
91.2172
91.2206
91.2256
91.2267
91.2289
91.23
91.2304
91.2314
91.2323
91.2344
91.238
91.2384
91.2392
91.2412
91.2417
91.2417
91.2427
91.2429
91.2445
91.245
91.2456
91.2464
91.2464
91.2466
91.247
91.2477
91.2479
91.2481
91.2482
91.2486
91.2486
91.2487
91.2493
91.2492
91.2495
91.2495
91.2495
91.2496
91.2497
91.2498
91.2498
91.2498
91.2499
91.25
91.2501
91.2502
91.2503
91.2503
91.2503
91.2504
91.2504
91.2504
91.2505
91.2505
91.2505
91.2506
91.2506
91.2506
91.2506
91.2506
91.2506
91.2506
91.2506
91.2506
91.2507
91.2507
91.2507
91.2507
91.2507
91.2507
91.2507
91.2507
91.2507
91.2507
91.2507
91.2507
91.2507
91.2507
91.2507
91.2507
91.2507
91.2507
91.2507
91.2507
91.2507
91.2507
91.2507
91.2507
91.2507
91.2507
91.2507
91.2507
91.2507
91.2507
91.2507
91.2507
91.2507
91.2507
91.2507
91.2507
91.2507
91.2507
91.2507
91.2507
91.2507
91.2507
91.2507
91.2507
91.2507
91.2507
91.2507
91.2507
91.2507
91.2507
91.2507
91.2507
91.2507
91.2507
91.2507
91.2507
91.2507
91.2507
91.2507
91.2507
91.2507
91.2507
91.2507
91.2507
91.2507
91.2507
91.2507
91.2507
91.2507
91.2507
91.2507
91.2507
91.2507
91.2507
91.2507
91.2507
91.2507
91.2507
91.2507
91.2507
91.2507
91.2507
91.2507
91.2507
91.2507
91.2507
91.2507
91.2507
91.2507
91.2507
91.2507
91.2507
91.2507
91.2507
91.2507
91.2507
91.2507
91.2507
91.2507
91.2507
91.2507
91.2507
91.2507
91.2507
91.2507
91.2507
91.2507
91.2507
91.2507
91.2507
91.2507
91.2507
91.2507
91.2507
91.2507
91.2507
91.2507
91.2507
91.2507
91.2507
91.2507
91.2507
91.2507
91.2507
91.2507
91.2507
91.2507
91.2507
91.2507
91.2507
91.2507
91.2507
91.2507
91.2507
91.2507
91.2507
91.2507
91.2507
91.2507
91.2507
91.2507
91.2507
91.2507
91.2507
91.2507
91.2507
91.2507
91.2507
91.2507
91.2507
91.2507
91.2507
91.2507
91.2507
91.2507
91.2507
91.2507
91.2507
91.2507
91.2507
91.2507
91.2507
91.2507
91.2507
91.2507
91.2507
91.2507
91.2507
91.2507
91.2507
91.2507
91.2507
91.2507
91.2507
91.2507
91.2507
91.2507
91.2507
91.2507
91.2507
91.2507
91.2507
91.2507
91.2507
91.2507
91.2507
91.2507
91.2507
91.2507
91.2507
91.2507
91.2507
91.2507
91.2507
91.2507
91.2507
91.2507
91.2507
91.2507
91.2507
91.2507
91.2507
91.2507
91.2507
91.2507
91.2507
91.2507
91.2507
91.2507
91.2507
91.2507
91.2507
91.2507
91.2507
91.2507
91.2507
91.2507
91.2507
91.2507
91.2507
91.2507
91.2507
91.2507
91.2507
91.2507
91.2507
91.2507
91.2507
91.2507
91.2507
91.2507
91.2507
91.2507
91.2507
91.2507
91.2507
91.2507
91.2507
91.2507
91.2507
91.2507
91.2507
91.2507
91.2507
91.2507
91.2507
91.2507
91.2507


10.1667
10.7823
12.1419
13.7908
18.7503
19.2707
26.7062
26.7062
28.1794
28.6736
29.3817
32.2548
33.3172
37.3459
37.9956
39.3152
41.0733
43.4099
45.9211
50.9169
52.5483
52.8129
54.9622
61.7466
63.0196
63.9887
64.9981
66.1049
70.8078
71.6347
73.1023
71.8201
74.4869
76.1973
77.0717
77.6015
79.3182
80.6879
83.4317
83.4317
83.7062
84.076
86.5215
86.5215
87.1759
87.6195
87.8823
88.2593
88.687
88.7184
89.1403
89.3572
89.3767
89.6678
89.8418
90.1891
90.2218
90.5871
90.6344
90.7937
90.8158
90.7761
90.8791
90.9397
90.9843
91.0045
91.1101
91.1239
91.1763
91.1837
91.2237
91.2605
91.2624
91.2748
91.2869
91.3163
91.3163
91.3306
91.3366
91.3428
91.3535
91.3532
91.3582
91.3819
91.3833
91.3833
91.3833
91.3866
91.3885
91.3926
91.394
91.4
91.402
91.4028
91.4083
91.4083
91.4089
91.41
91.4102
91.411
91.4117
91.4117
91.4124
91.4133
91.4134
91.4134
91.4136
91.4146
91.4146
91.4149
91.4149
91.415
91.4153
91.4154
91.4155
91.4157
91.4158
91.4159
91.416
91.416
91.4161
91.4161
91.4162
91.4162
91.4162
91.4163
91.4163
91.4163
91.4163
91.4163
91.4164
91.4164
91.4164
91.4164
91.4164
91.4164
91.4164
91.4164
91.4164
91.4164
91.4164
91.4164
91.4164
91.4164
91.4164
91.4164
91.4164
91.4164
91.4164
91.4164
91.4164
91.4164
91.4164
91.4165
91.4165
91.4165
91.4165
91.4165
91.4165
91.4165
91.4165
91.4165
91.4165
91.4165
91.4165
91.4165
91.4165
91.4165
91.4165
91.4165
91.4165
91.4165
91.4165
91.4165
91.4165
91.4165
91.4165
91.4165
91.4165
91.4165
91.4165
91.4165
91.4165
91.4165
91.4165
91.4165
91.4165
91.4165
91.4165
91.4165
91.4165
91.4165
91.4165
91.4165
91.4165
91.4165
91.4165
91.4165
91.4165
91.4165
91.4165
91.4165
91.4165
91.4165
91.4165
91.4165
91.4165
91.4165
91.4165
91.4165
91.4165
91.4165
91.4165
91.4165
91.4165
91.4165
91.4165
91.4165
91.4165
91.4165
91.4165
91.4165
91.4165
91.4165
91.4165
91.4165
91.4165
91.4165
91.4165
91.4165
91.4165
91.4165
91.4165
91.4165
91.4165
91.4165
91.4165
91.4165
91.4165
91.4165
91.4165
91.4165
91.4165
91.4165
91.4165
91.4165
91.4165
91.4165
91.4165
91.4165
91.4165
91.4165
91.4165
91.4165
91.4165
91.4165
91.4165
91.4165
91.4165
91.4165
91.4165
91.4165
91.4165
91.4165
91.4165
91.4165
91.4165
91.4165
91.4165
91.4165
91.4165
91.4165
91.4165
91.4165
91.4165
91.4165
91.4165
91.4165
91.4165
91.4165
91.4165
91.4165
91.4165
91.4165
91.4165
91.4165
91.4165
91.4165
91.4165
91.4165
91.4165
91.4165
91.4165
91.4165
91.4165
91.4165
91.4165
91.4165
91.4165
91.4165
91.4165
91.4165
91.4165
91.4165
91.4165
91.4165
91.4165
91.4165
91.4165
91.4165
91.4165
91.4165
91.4165
91.4165
91.4165
91.4165
91.4165
91.4165
91.4165
91.4165
91.4165
91.4165
91.4165
91.4165
91.4165
91.4165
91.4165
91.4165
91.4165
91.4165
91.4165
91.4165
91.4165
91.4165
91.4165
91.4165
91.4165
91.4165
91.4165
91.4165
91.4165
91.4165
91.4165
91.4165
91.4165
91.4165
91.4165
91.4165
91.4165
91.4165
91.4165
91.4165
91.4165
91.4165
91.4165
91.4165
91.4165
91.4165
91.4165
91.4165
91.4165
91.4165
91.4165
91.4165
91.4165
91.4165
91.4165
91.4165
91.4165
91.4165
91.4165
91.4165
91.4165
91.4165
91.4165
91.4165
91.4165
91.4165
91.4165
91.4165
91.4165
91.4165
91.4165
91.4165
91.4165
91.4165
91.4165
91.4165
91.4165
91.4165
91.4165
91.4165
91.4165
91.4165
91.4165
91.4165
91.4165
91.4165
91.4165
91.4165


13.0205
13.0205
13.7765
14.3858
14.7704
18.7253
21.067
21.6918
23.7605
31.037
32.6836
29.2417
30.7824
35.5449
37.7462
37.7462
41.0904
41.536
46.68
46.68
48.366
50.8338
55.2615
55.8156
57.1797
61.1216
65.2143
66.3274
69.8516
71.192
71.6855
72.5136
75.0091
75.9732
78.2098
81.11
82.7864
83.1269
84.9567
85.4984
86.4779
86.4222
86.8382
87.9296
88.9634
88.9634
89.4843
89.9598
90.0829
90.1215
90.4284
90.4598
90.7835
90.9633
91.1693
91.5281
91.5681
91.5681
91.6872
91.7272
91.7272
91.8652
92.0008
92.066
92.0813
92.104
92.104
92.1332
92.186
92.2334
92.2451
92.2592
92.2998
92.3069
92.3249
92.342
92.3915
92.3915
92.4305
92.4305
92.4376
92.4471
92.4499
92.4581
92.4872
92.4873
92.488
92.49
92.4941
92.4952
92.4969
92.5028
92.5032
92.5053
92.5053
92.5064
92.5077
92.5123
92.5125
92.5133
92.5161
92.5171
92.5171
92.5187
92.5196
92.5212
92.5212
92.5221
92.5225
92.5229
92.5231
92.5235
92.5235
92.5236
92.5239
92.524
92.5242
92.5242
92.5244
92.5246
92.5247
92.5247
92.5248
92.5249
92.525
92.525
92.525
92.5251
92.5251
92.5251
92.5252
92.5252
92.5252
92.5253
92.5253
92.5253
92.5253
92.5253
92.5254
92.5254
92.5254
92.5254
92.5254
92.5254
92.5254
92.5254
92.5254
92.5254
92.5254
92.5254
92.5254
92.5254
92.5254
92.5254
92.5255
92.5255
92.5255
92.5255
92.5255
92.5255
92.5255
92.5255
92.5255
92.5255
92.5255
92.5255
92.5255
92.5255
92.5255
92.5255
92.5255
92.5255
92.5255
92.5255
92.5255
92.5255
92.5255
92.5255
92.5255
92.5255
92.5255
92.5255
92.5255
92.5255
92.7517
92.7517
93.4045
93.4045
93.4045
93.5514
93.5514
93.6445
93.6445
93.6445
93.6445
93.6445
93.6445
93.747
93.8209
93.8209
93.8209
93.8209
93.8209
93.826
93.826
93.8364
93.8747
93.9467
93.9467
93.9637
94.0002
94.0002
94.0132
94.0527
94.0527
94.0527
94.075
94.075
94.0769
94.0769
94.0769
94.0911
94.099
94.1008
94.1138
94.1178
94.1178
94.1321
94.1391
94.147
94.1484
94.1495
94.1591
94.1591
94.1591
94.1683
94.1683
94.1683
94.1683
94.1692
94.1703
94.1725
94.178
94.1806
94.1855
94.201
94.209
94.209
94.2102
94.2102
94.2169
94.218
94.218
94.2181
94.2201
94.2252
94.2264
94.2264
94.2266
94.2285
94.23
94.2308
94.2311
94.2311
94.2315
94.2321
94.2321
94.2324
94.2329
94.2332
94.2332
94.2335
94.2339
94.2339
94.2341
94.2341
94.2342
94.2345
94.2345
94.2345
94.2345
94.2345
94.2347
94.2347
94.2352
94.2353
94.2354
94.2354
94.2354
94.2354
94.2354
94.2354
94.2354
94.2356
94.2356
94.2356
94.2357
94.2357
94.2358
94.2358
94.2358
94.236
94.2361
94.2361
94.2361
94.2361
94.2361
94.2362
94.2362
94.2363
94.2363
94.2363
94.2365
94.2365
94.2365
94.2365
94.2365
94.2365
94.2365
94.2366
94.2366
94.2366
94.2366
94.2366
94.2366
94.2366
94.2366
94.2366
94.2366
94.2366
94.2366
94.2366
94.2367
94.2367
94.2367
94.2367
94.2367
94.2367
94.2368
94.2368
94.2368
94.2368
94.2368
94.2368
94.2368
94.2368
94.2368
94.2368
94.2368
94.2368
94.2368
94.2368
94.2368
94.2368
94.2368
94.2368
94.2368
94.2368
94.2368
94.2368
94.2368
94.2366
94.2368
94.2368
94.2368
94.2368
94.2368
94.2368
94.2368
94.2368
94.2368
94.2368
94.2368
94.2368
94.2368
94.2368
94.2368
94.2368
94.2368
94.2368
94.2368
94.2368
94.2368
94.2368
94.2368
94.2368
94.2368
94.2368
94.2368
94.2368
94.2368
94.2368
94.2368
94.2368
94.2368
94.2368
94.2368
94.2368
94.2368
94.2368


10.6873
13.6139
14.2541
14.3725
15.0273
16.8963
21.7136
25.6856
26.7177
30.8263
30.8263
32.2226
36.6133
36.6565
39.4057
41.5611
43.4521
50.0088
52.1763
52.9481
55.9201
62.2242
62.4612
68.2936
68.9568
70.4324
70.5076
72.7649
73.5689
76.2186
76.3263
77.6483
77.6483
77.9745
79.8987
80.8197
81.4654
82.733
84.0501
84.9414
85.0654
84.8261
86.2623
86.6392
88.2621
88.3506
88.5459
88.9644
89.3709
89.481
89.6183
89.847
90.0811
90.1403
90.5678
90.5678
90.8419
90.9006
91.2746
91.3309
91.4538
91.4538
91.5582
91.5582
91.6369
91.6743
91.8049
91.9137
91.9694
91.9819
92.0503
92.2214
92.2626
92.283
92.283
92.2897
92.3189
92.3239
92.354
92.3592
92.3748
92.3727
92.3854
92.3854
92.4013
92.4165
92.4227
92.4302
92.4327
92.4452
92.4578
92.4559
92.4629
92.4652
92.4652
92.4678
92.4858
92.4887
92.4931
92.5002
92.5009
92.5014
92.5055
92.5068
92.5095
92.5112
92.5153
92.5159
92.5163
92.5165
92.5177
92.5179
92.5184
92.5185
92.5185
92.5191
92.5199
92.5203
92.5211
92.5212
92.5215
92.5215
92.522
92.522
92.5226
92.5226
92.5227
92.523
92.523
92.523
92.5234
92.5237
92.5239
92.5239
92.5241
92.5245
92.5245
92.5246
92.5246
92.5247
92.5247
92.5249
92.5249
92.5249
92.525
92.525
92.5251
92.5251
92.5252
92.5252
92.5252
92.5252
92.5253
92.5253
92.5253
92.5253
92.5253
92.5253
92.5253
92.5254
92.5254
92.5254
92.5254
92.5254
92.5254
92.5254
92.5254
92.5254
92.5254
92.5254
92.5254
92.5254
92.5254
92.5254
92.5254
92.5255
92.5255
92.5255
92.5255
92.5255
92.5255
92.5255
92.5255
92.5255
92.5255
92.5255
92.5255
92.5255
92.5255
92.5255
92.5255
92.5255
92.5255
92.5255
92.5255
92.5255
92.5255
92.5255
92.5255
92.5255
92.5255
92.5255
92.5255
92.5255
92.5255
92.5255
92.5255
92.5255
92.5255
92.5255
92.5255
92.5255
92.5255
92.5255
92.5255
92.5255
92.5255
92.5255
92.5255
92.5255
92.5255
92.5255
92.5255
92.5255
92.5255
92.5255
92.5255
92.5255
92.5255
92.5255
92.5255
92.5255
92.5255
92.5255
92.5255
92.5255
92.5255
92.5255
92.5255
92.5255
92.5255
92.5255
92.5255
92.5255
92.5255
92.5255
92.5255
92.5255
92.5255
92.5255
92.5255
92.5255
92.5255
92.5255
92.5255
92.5255
92.5255
92.5255
92.5255
92.5255
92.5255
92.5255
92.5255
92.5255
92.5255
92.5255
92.5255
92.5255
92.5255
92.5255
92.5255
92.5255
92.5255
92.5255
92.5255
92.5255
92.5255
92.5255
92.5255
92.5255
92.5255
92.5255
92.5255
92.5255
92.5255
92.5255
92.5255
92.5255
92.5255
92.5255
92.5255
92.5255
92.5255
92.5255
92.5255
92.5255
92.5255
92.5255
92.5255
92.5255
92.5255
92.5255
92.5255
92.5255
92.5255
92.5255
92.5255
92.5255
92.5255
92.5255
92.5255
92.5255
92.5255
92.5255
92.5255
92.5255
92.5255
92.5255
92.5255
92.5255
92.5255
92.5255
92.5255
92.5255
92.5255
92.5255
92.5255
92.5255
92.5255
92.5255
92.5255
92.5255
92.5255
92.5255
92.5255
92.5255
92.5255
92.5255
92.5255
92.5255
92.5255
92.5255
92.5255
92.5255
92.5255
92.5255
92.5255
92.5255
92.5255
92.5255
92.5255
92.5255
92.5255
92.5255
92.5255
92.5255
92.5255
92.5255
92.5255
92.5255
92.5255
92.5255
92.5255
92.5255
92.5255
92.5255
92.5255
92.5255
92.5255
92.5255
92.5255
92.5255
92.5255
92.5255
92.5255
92.5255
92.5255
92.5255
92.5255
92.5255
92.5255
92.5255
92.5255
92.5255
92.5255
92.5255
92.5255
92.5255
92.5255
92.5255
92.5255
92.5255
92.5255
92.5255
92.5255
92.5255
92.5255
92.5255
92.5255
92.5255


11.6108
16.3251
19.1289
19.6965
26.8593
26.8593
28.0312
28.0312
32.4263
34.8209
37.0232
38.3616
42.2469
42.953
49.4789
49.4789
51.1191
56.6039
58.1501
59.5803
64.9486
66.0081
68.2012
68.2012
70.2195
74.4547
76.534
79.9619
80.9964
81.9435
83.7857
85.4877
85.8307
85.8448
87.2666
87.591
88.4143
89.4344
89.9735
90.3226
90.7295
90.742
90.848
92.3303
92.3303
92.5735
92.7509
92.8856
92.9663
93.2452
93.4766
93.5792
93.6761
93.7907
93.8676
93.8676
93.9793
94.0166
94.1937
94.2258
94.2835
94.3341
94.3557
94.3557
94.3716
94.4282
94.4452
94.4562
94.4614
94.4834
94.4969
94.5064
94.5264
94.5278
94.5326
94.5431
94.5431
94.548
94.5541
94.5554
94.5574
94.5584
94.5688
94.5729
94.5735
94.5738
94.5776
94.5785
94.5786
94.5803
94.5816
94.5818
94.5825
94.5829
94.5834
94.5854
94.5854
94.5859
94.5862
94.5866
94.5879
94.588
94.5883
94.5885
94.5885
94.5889
94.589
94.5891
94.5893
94.5893
94.5894
94.5896
94.5897
94.5898
94.5901
94.5901
94.5902
94.5902
94.5903
94.5903
94.5903
94.5904
94.5904
94.5905
94.5905
94.5905
94.5905
94.5906
94.5906
94.5906
94.5906
94.5906
94.5906
94.5906
94.5907
94.5907
94.5907
94.5907
94.5907
94.5907
94.5907
94.5907
94.5907
94.5907
94.5907
94.5907
94.5907
94.5907
94.5907
94.5907
94.5907
94.5907
94.5907
94.5907
94.5907
94.5907
94.5907
94.5907
94.5907
94.5907
94.5907
94.5907
94.5907
94.5907
94.5907
94.5907
94.5907
94.5907
94.5907
94.5907
94.5907
94.5907
94.5907
94.5907
94.5907
94.5907
94.5907
94.5907
94.5907
94.5907
94.5907
94.5907
94.5907
94.5907
94.5907
94.5907
94.5907
94.5907
94.5907
94.5907
94.5907
94.5907
94.5907
94.5907
94.5907
94.5907
94.5907
94.5907
94.5907
94.5907
94.5907
94.5907
94.5907
94.5907
94.5907
94.5907
94.5907
94.5907
94.5907
94.5907
94.5907
94.5907
94.5907
94.5907
94.5907
94.5907
94.5907
94.5907
94.5907
94.5907
94.5907
94.5907
94.5907
94.5907
94.5907
94.5907
94.5907
94.5907
94.5907
94.5907
94.5907
94.5907
94.5907
94.5907
94.5907
94.5907
94.5907
94.5907
94.5907
94.5907
94.5907
94.5907
94.5907
94.5907
94.5907
94.5907
94.5907
94.5907
94.5907
94.5907
94.5907
94.5907
94.5907
94.5907
94.5907
94.5907
94.5907
94.5907
94.5907
94.5907
94.5907
94.5907
94.5907
94.5907
94.5907
94.5907
94.5907
94.5907
94.5907
94.5907
94.5907
94.5907
94.5907
94.5907
94.5907
94.5907
94.5907
94.5907
94.5907
94.5907
94.5907
94.5907
94.5907
94.5907
94.5907
94.5907
94.5907
94.5907
94.5907
94.5907
94.5907
94.5907
94.5907
94.5907
94.5907
94.5907
94.5907
94.5907
94.5907
94.5907
94.5907
94.5907
94.5907
94.5907
94.5907
94.5907
94.5907
94.5907
94.5907
94.5907
94.5907
94.5907
94.5907
94.5907
94.5907
94.5907
94.5907
94.5907
94.5907
94.5907
94.5907
94.5907
94.5907
94.5907
94.5907
94.5907
94.5907
94.5907
94.5907
94.5907
94.5907
94.5907
94.5907
94.5907
94.5907
94.5907
94.5907
94.5907
94.5907
94.5907
94.5907
94.5907
94.5907
94.5907
94.5907
94.5907
94.5907
94.5907
94.5907
94.5907
94.5907
94.5907
94.5907
94.5907
94.5907
94.5907
94.5907
94.5907
94.5907
94.5907
94.5907
94.5907
94.5907
94.5907
94.5907
94.5907
94.5907
94.5907
94.5907
94.5907
94.5907
94.5907
94.5907
94.5907
94.5907
94.5907
94.5907
94.5907
94.5907
94.5907
94.5907
94.5907
94.5907
94.5907
94.5907
94.5907
94.5907
94.5907
94.5907
94.5907
94.5907
94.5907
94.5907
94.5907
94.5907
94.5907
94.5907
94.5907
94.5907
94.5907


12.8889
13.499
14.0693
15.9599
19.0395
19.4558
22.04
23.9364
25.4265
25.5485
28.7711
37.1269
37.1269
42.119
44.0338
44.4534
44.6051
47.2122
47.4754
53.0903
55.0256
56.1309
57.4725
63.2748
63.2748
65.1333
65.562
66.4486
67.7349
67.7349
68.7116
70.2483
72.2566
73.3391
75.2017
75.4427
76.4192
77.9109
77.9109
78.3273
79.1933
79.8622
80.3108
80.9078
81.2982
81.5776
82.0265
82.0969
82.2535
82.5745
82.6967
82.783
82.783
82.8777
82.9526
83.1458
83.2456
83.3081
83.3081
83.3261
83.4297
83.4413
83.4541
83.4622
83.6791
83.7425
83.763
83.7845
83.8403
83.8429
83.8666
83.9117
83.9431
83.9618
83.982
84.0012
84.0182
84.0192
84.0373
84.0443
84.0552
84.0572
84.0572
84.0757
84.0783
84.0846
84.1005
84.1044
84.1068
84.1068
84.1101
84.115
84.1219
84.1247
84.1299
84.1367
84.1388
84.1388
84.1402
84.1427
84.1449
84.1452
84.1453
84.1455
84.1463
84.1478
84.1482
84.1485
84.1486
84.1492
84.1496
84.1512
84.1513
84.1516
84.152
84.1524
84.1525
84.1526
84.1529
84.1535
84.1535
84.1538
84.1538
84.1538
84.154
84.1541
84.1542
84.1542
84.1543
84.1543
84.1544
84.1544
84.1544
84.1544
84.1545
84.1545
84.1546
84.1546
84.1546
84.1546
84.1546
84.1546
84.1546
84.1546
84.1547
84.1547
84.1547
84.1547
84.1547
84.1547
84.1547
84.1547
84.1547
84.1547
84.1547
84.1547
84.1547
84.1547
84.1547
84.1547
84.1547
84.1547
84.1547
84.1547
84.1547
84.1547
84.1547
84.1547
84.1547
84.1547
84.1547
84.1547
84.1547
84.1547
84.1547
84.1547
84.1547
84.1547
84.1547
84.1547
84.1547
84.1547
84.1547
84.1547
84.1547
84.1547
84.1547
84.1547
84.1547
84.1547
84.1547
84.1547
84.1547
84.1547
84.1547
84.1547
84.1547
84.1547
84.1547
84.1547
84.1547
84.1547
84.1547
84.1547
84.1547
84.1547
84.1547
84.1547
84.1547
84.1547
84.1547
84.1547
84.1547
84.1547
84.1547
84.1547
84.1547
84.1547
84.1547
84.1547
84.1547
84.1547
84.1547
84.1547
84.1547
84.1547
84.1547
84.1547
84.1547
84.1547
84.1547
84.1547
84.1547
84.1547
84.1547
84.1547
84.1547
84.1547
84.1547
84.1547
84.1547
84.1547
84.1547
84.1547
84.1547
84.1547
84.1547
84.1547
84.1547
84.1547
84.1547
84.1547
84.1547
84.1547
84.1547
84.1547
84.1547
84.1547
84.1547
84.1547
84.1547
84.1547
84.1547
84.1547
84.1547
84.2311
84.2989
84.2989
84.2989
84.3955
84.439
84.4393
84.4439
84.4737
84.5174
84.6145
84.7091
84.7541
84.8118
84.9013
84.9809
84.9809
84.9962
85.1123
85.2254
85.2485
85.2489
85.2489
85.2775
85.3149
85.5373
85.7177
85.808
85.8987
85.9082
85.9453
86.011
86.0522
86.1845
86.1845
86.235
86.3748
86.4045
86.4045
86.4045
86.4333
86.4506
86.4506
86.4517
86.4598
86.4603
86.4625
86.467
86.4674
86.4717
86.4717
86.5096
86.5171
86.5171
86.5519
86.6805
86.559
86.7358
86.795
86.795
86.795
86.8157
86.8537
86.8537
86.8607
86.861
86.8634
86.8634
86.8666
86.8666
86.8707
86.8951
86.9066
86.9124
86.9705
86.9731
86.9651
86.9884
86.9884
86.9969
86.9969
87.0254
87.0254
87.0254
87.0254
87.0254
87.026
87.026
87.026
87.0325
87.0325
87.0325
87.0331
87.0423
87.0487
87.0741
87.0846
87.088
87.1014
87.1097
87.1121
87.1224
87.1227
87.1227
87.1418
87.1418
87.1474
87.1474
87.1505
87.1505
87.1538
87.1568
87.1577
87.158
87.1606
87.1606
87.1598
87.1613
87.1613
87.1613
87.1613
87.165
87.1657
87.1695
87.1696
87.1702
87.1707
87.1708
87.1715
87.1715
87.1716
87.1733
87.1733
87.1736
87.1736


12.0373
12.9802
14.454
17.8018
17.8018
19.5167
21.1642
22.8065
25.4623
27.7496
27.988
30.2741
30.2741
32.309
33.6146
38.5319
38.5319
40.1386
40.8449
42.1303
43.822
45.3679
49.2653
50.8159
50.8744
54.1093
60.3873
63.7048
64.7114
66.3091
67.3383
66.6563
69.7064
70.7981
74.2205
74.8255
76.2832
76.2832
78.1612
79.7538
81.0586
81.6436
81.6436
82.5982
82.6736
83.0304
83.9333
84.7477
85.453
85.9469
86.5084
86.5084
86.8342
86.8672
88.1823
88.198
88.2364
88.3115
88.378
88.425
88.9632
89.1059
89.1059
89.1076
89.2331
89.3606
89.377
89.4541
89.5291
89.5788
89.5807
89.6238
89.7216
89.7393
89.8201
89.8418
89.9
89.9065
89.9958
89.9995
89.9995
90.0181
90.0181
90.0181
90.0467
90.0612
90.0612
90.073
90.0746
90.0754
90.0784
90.0882
90.0993
90.1111
90.1111
90.1127
90.1138
90.1166
90.1166
90.1211
90.1278
90.1278
90.1307
90.1316
90.1332
90.1338
90.1363
90.1363
90.1372
90.1388
90.1404
90.141
90.1414
90.1419
90.1419
90.1419
90.1425
90.143
90.1431
90.1431
90.1432
90.1441
90.1441
90.1442
90.1445
90.1449
90.1449
90.1449
90.145
90.1451
90.1451
90.1451
90.1453
90.1453
90.1453
90.1453
90.1454
90.1455
90.1455
90.1455
90.1455
90.1455
90.1455
90.1456
90.1456
90.1456
90.1456
90.1457
90.1457
90.1457
90.1457
90.1457
90.1457
90.1457
90.1457
90.1457
90.1457
90.1457
90.1457
90.1457
90.1457
90.1457
90.1457
90.1457
90.1457
90.1457
90.1457
90.1457
90.1457
90.1457
90.1457
90.1457
90.1457
90.1457
90.1457
90.1457
90.1457
90.1457
90.1457
90.1457
90.1457
90.1457
90.1457
90.1457
90.1457
90.1457
90.1457
90.1457
90.1457
90.1457
90.1457
90.1457
90.1457
90.1457
90.1457
90.1457
90.1457
90.1457
90.1457
90.1457
90.1457
90.1457
90.1457
90.1457
90.1457
90.1457
90.1457
90.1457
90.1457
90.1457
90.1457
90.1457
90.1457
90.1457
90.1457
90.1457
90.1457
90.1457
90.1457
90.1457
90.1457
90.1457
90.1457
90.1457
90.1457
90.1457
90.1457
90.1457
90.1457
90.1457
90.1457
90.1457
90.1457
90.1457
90.1457
90.1457
90.1457
90.1457
90.1457
90.1457
90.1457
90.1457
90.1457
90.1457
90.1457
90.1457
90.1457
90.1457
90.1457
90.1457
90.1457
90.1457
90.1457
90.1457
90.1457
90.1457
90.1457
90.1457
90.1457
90.1457
90.1457
90.1457
90.1457
90.1457
90.1457
90.1457
90.1457
90.1457
90.1457
90.1457
90.1457
90.1457
90.1457
90.1457
90.1457
90.1457
90.1457
90.1457
90.1457
90.1457
90.1457
90.1457
90.1457
90.1457
90.1457
90.1457
90.1457
90.1457
90.1457
90.1457
90.1457
90.1457
90.1457
90.1457
90.1457
90.1457
90.1457
90.1457
90.1457
90.1457
90.1457
90.1457
90.1457
90.1457
90.1457
90.1457
90.1457
90.1457
90.1457
90.1457
90.1457
90.1457
90.1457
90.1457
90.1457
90.1457
90.1457
90.1457
90.1457
90.1457
90.1457
90.1457
90.1457
90.1457
90.1457
90.1457
90.1457
90.1457
90.1457
90.1457
90.1457
90.1457
90.1457
90.1457
90.1457
90.1457
90.1457
90.1457
90.1457
90.1457
90.1457
90.1457
90.1457
90.1457
90.1457
90.1457
90.1457
90.1457
90.1457
90.1457
90.1457
90.1457
90.1457
90.1457
90.1457
90.1457
90.1457
90.1457
90.1457
90.1457
90.1457
90.1453
90.1457
90.1457
90.1457
90.1457
90.1457
90.1457
90.1457
90.1457
90.1457
90.1457
90.1457
90.1457
90.1457
90.1457
90.1457
90.1457
90.1457
90.1457
90.1457
90.1457
90.1457
90.1457
90.1457
90.1457
90.1457
90.1457
90.1457
90.1457
90.1457
90.1457
90.1457
90.1457
90.1457
90.1457
90.1457
90.1457
90.1457
90.1457


12.2971
13.8743
15.2767
17.2778
18.1186
18.4671
19.9405
21.0065
25.647
27.4017
27.4017
23.9866
28.8794
28.8794
32.5889
35.4927
35.4927
38.1788
38.1788
41.8699
44.5687
47.8958
50.1555
53.1557
54.3212
57.6765
59.7355
60.6315
60.7107
62.6787
65.0225
68.2266
69.8749
70.0246
70.6722
71.3029
73.2899
73.9366
76.3889
77.7543
78.1526
78.8504
79.0238
79.1415
79.9706
79.9965
80.5947
80.9315
81.4804
82.0464
82.9666
83.2984
83.3132
83.5774
84.0888
84.2158
85.1629
85.6696
85.8662
86.4028
86.4495
86.4288
86.5364
86.6732
86.6732
86.8194
86.8798
86.8945
87.0023
87.0275
87.0667
87.1154
87.1154
87.1215
87.207
87.2533
87.2605
87.2819
87.2862
87.3112
87.3112
87.3894
87.3998
87.4048
87.4103
87.4167
87.4169
87.43
87.4388
87.4407
87.443
87.447
87.4496
87.4527
87.4602
87.4724
87.4724
87.4734
87.4736
87.4745
87.4751
87.4786
87.4868
87.4868
87.487
87.4872
87.4878
87.4878
87.488
87.4887
87.4897
87.4903
87.4904
87.4904
87.4914
87.493
87.494
87.4941
87.4942
87.4943
87.4944
87.4946
87.4946
87.4948
87.4949
87.4952
87.4952
87.4953
87.4954
87.4954
87.4955
87.4955
87.4955
87.4955
87.4956
87.4956
87.4956
87.4957
87.4957
87.4957
87.4958
87.4957
87.4958
87.4958
87.4958
87.4958
87.4958
87.8215
87.8215
87.8215
87.8215
88.1737
88.1737
88.1737
88.1737
88.5147
88.887
88.887
88.9351
88.9351
88.9351
89.0157
89.0157
89.0157
89.0157
89.1537
89.5239
89.5239
89.5239
89.5239
89.5239
89.6788
90.0805
90.0805
90.3647
90.3647
90.4237
90.4237
90.4237
90.4237
90.555
90.555
90.5616
90.7463
90.8098
91.0439
91.3481
91.3481
91.4796
91.4796
91.4796
91.4796
91.4796
91.4796
91.4962
91.4962
91.5555
91.5555
91.6057
91.6067
91.6152
91.625
91.6274
91.6385
91.6385
91.6604
91.6883
91.7241
91.7241
91.7288
91.7376
91.7915
91.7915
91.8399
91.8544
91.8823
91.8823
91.8954
91.9006
91.9255
91.9255
91.9479
91.9479
91.9479
91.9523
91.9609
91.9609
91.9609
91.9685
91.9833
91.9946
92.0034
92.004
92.004
92.004
92.0066
92.0102
92.0102
92.0102
92.0102
92.011
92.013
92.0141
92.0179
92.0179
92.0181
92.0208
92.0219
92.0219
92.0246
92.0246
92.0246
92.0246
92.0246
92.0246
92.0246
92.0246
92.0247
92.0251
92.0251
92.0251
92.0249
92.0253
92.0257
92.0257
92.0261
92.0262
92.0268
92.0268
92.0271
92.0273
92.0273
92.0273
92.0275
92.0275
92.0275
92.0276
92.0276
92.0276
92.0277
92.0277
92.0277
92.0277
92.0277
92.0277
92.0278
92.0278
92.0278
92.0278
92.0278
92.0279
92.0279
92.0279
92.0279
92.0279
92.0279
92.0279
92.0279
92.0279
92.0279
92.028
92.0279
92.028
92.028
92.028
92.028
92.028
92.028
92.028
92.028
92.028
92.028
92.028
92.028
92.028
92.028
92.028
92.028
92.028
92.028
92.028
92.028
92.028
92.028
92.028
92.028
92.028
92.028
92.028
92.028
92.028
92.028
92.028
92.028
92.028
92.028
92.028
92.028
92.028
92.028
92.028
92.028
92.028
92.028
92.028
92.028
92.028
92.028
92.028
92.028
92.028
92.028
92.028
92.028
92.028
92.028
92.028
92.028
92.028
92.028
92.028
92.028
92.028
92.028
92.028
92.028
92.028
92.028
92.028
92.028
92.028
92.028
92.028
92.028
92.028
92.028
92.028
92.028
92.028
92.028
92.028
92.028
92.028
92.028
92.028
92.028
92.028
92.028
92.028
92.028
92.028
92.028
92.028
92.028
92.028
92.028
92.028
92.028
92.028
92.028


11.6123
15.6698
20.0615
20.8336
22.1366
26.1101
29.7619
30.5259
32.404
36.0051
38.9722
44.2401
47.0767
50.3549
54.2799
58.5593
60.2816
63.12
68.4576
70.9957
74.3814
73.6815
74.9528
77.0851
77.0851
78.1724
79.4612
79.5174
80.3628
80.5541
83.3463
83.6873
83.8586
84.5729
85.3526
85.8198
85.8372
86.2885
86.8109
87.4214
87.4506
87.8478
88.0101
88.0101
88.3071
88.4866
88.5151
88.9185
88.9603
89.0928
89.1521
89.2176
89.2324
89.2983
89.3002
89.3267
89.3631
89.3929
89.4529
89.5286
89.5529
89.585
89.585
89.6042
89.6085
89.6371
89.6468
89.6477
89.6537
89.6537
89.6647
89.6657
89.6753
89.6753
89.678
89.6832
89.6858
89.6869
89.6872
89.6944
89.6946
89.697
89.7013
89.7033
89.7042
89.7052
89.7085
89.7092
89.7111
89.7122
89.7124
89.713
89.7135
89.7138
89.7143
89.7149
89.7156
89.7158
89.7167
89.7171
89.7178
89.7179
89.718
89.7181
89.7183
89.7186
89.7189
89.7189
89.7191
89.7193
89.7193
89.7194
89.7194
89.7195
89.7195
89.7195
89.7196
89.7197
89.7197
89.7197
89.7197
89.7198
89.7198
89.7198
89.7198
89.7198
89.7198
89.7198
89.7198
89.7198
89.7199
89.7199
89.7199
89.7199
89.7199
89.7199
89.7199
89.7199
89.7199
89.7199
89.7199
89.7199
89.7199
89.7199
89.7199
89.7199
89.7199
89.7199
89.7199
89.7199
89.7199
89.7199
89.7199
89.7199
89.7199
89.7199
89.7199
89.7199
89.7199
89.7199
89.7199
89.7199
89.7199
89.7199
89.7199
89.7199
89.7199
89.7199
89.7199
89.7199
89.7199
89.7199
89.7199
89.7199
89.7199
89.7199
89.7199
89.7199
89.7199
89.7199
89.7199
89.7199
89.7199
89.7199
89.7199
89.7199
89.7199
89.7199
89.7199
89.7199
89.7199
89.7199
89.7199
89.7199
89.7199
89.7199
89.7199
89.7199
89.7199
89.7199
89.7199
89.7199
89.7199
89.7199
89.7199
89.7199
89.7199
89.7199
89.7199
89.7199
89.7199
89.7199
89.7199
89.7199
89.7199
89.7199
89.7199
89.7199
89.7199
89.7199
89.7199
89.7199
89.7199
89.7199
89.7199
89.7199
89.7199
89.7199
89.7199
89.7199
89.7199
89.7199
89.7199
89.7199
89.7199
89.7199
89.7199
89.7199
89.7199
89.7199
89.7199
89.7199
89.7199
89.7199
89.7199
89.7199
89.7199
89.7199
89.7199
89.7199
89.7199
89.7199
89.7199
89.7199
89.7199
89.7199
89.7199
89.7199
89.7199
89.7199
89.7199
89.7199
89.7199
89.7199
89.7199
89.7199
89.7199
89.7199
89.7199
89.7199
89.7199
89.7199
89.7199
89.7199
89.7199
89.7199
89.7199
89.7199
89.7199
89.7199
89.7199
89.7199
89.7199
89.7199
89.7199
89.7199
89.7199
89.7199
89.7199
89.7199
89.7199
89.7199
89.7199
89.7199
89.7199
89.7199
89.7199
89.7199
89.7199
89.7199
89.7199
89.7199
89.7199
89.7199
89.7199
89.7199
89.7199
89.7199
89.7199
89.7199
89.7199
89.7199
89.7199
89.7199
89.7199
89.7199
89.7199
89.7199
89.7199
89.7199
89.7199
89.7199
89.7199
89.7199
89.7199
89.7199
89.7199
89.7199
89.7199
89.7199
89.7199
89.7199
89.7199
89.7199
89.7199
89.7199
89.7199
89.7199
89.7199
89.7199
89.7199
89.7199
89.7199
89.7199
89.7199
89.7199
89.7199
89.7199
89.7199
89.7199
89.7199
89.7199
89.7199
89.7199
89.7199
89.7199
89.7199
89.7199
89.7199
89.7199
89.7199
89.7199
89.7199
89.7199
89.7199
89.7199
89.7199
89.7199
89.7199
89.7199
89.7199
89.7199
89.7199
89.7199
89.7199
89.7199
89.7199
89.7199
89.7199
89.7199
89.7199
89.7199
89.7199
89.7199
89.7199
89.7199
89.7199
89.7199
89.7199
89.7199
89.7199
89.7199
89.7199
89.7199
89.7199
89.7199
89.7199
89.7199
89.7199
89.7199


12.8466
13.4796
17.2533
18.2149
20.7921
22.1556
25.7536
25.7536
32.7093
34.2582
39.2527
39.4113
43.873
45.1919
47.5594
48.9588
51.358
54.0678
56.4895
59.2856
62.2862
62.4978
65.3502
67.2564
67.8044
70.4241
71.588
73.4
73.5425
76.1946
77.7473
78.2672
79.0801
80.0451
80.0451
81.3812
82.4182
82.621
82.9838
83.7085
84.0409
84.3623
85.3035
85.4379
85.8072
86.3108
86.3697
86.3996
86.5406
86.5758
86.9364
87.0735
87.4847
87.4847
87.4874
87.7178
87.7776
88.0707
88.0707
88.1199
88.1205
88.2081
88.2339
88.25
88.2936
88.3954
88.4191
88.4408
88.4606
88.4886
88.5103
88.549
88.5733
88.5852
88.6002
88.6251
88.6375
88.6516
88.6626
88.6666
88.6724
88.6788
88.6793
88.6829
88.6896
88.7
88.7017
88.7017
88.704
88.7043
88.7053
88.7072
88.7089
88.71
88.7117
88.7121
88.7124
88.7132
88.7137
88.7138
88.7145
88.7146
88.7149
88.715
88.7152
88.7154
88.7157
88.7163
88.7164
88.7165
88.7168
88.7168
88.7168
88.717
88.7171
88.7173
88.7173
88.7173
88.7173
88.7174
88.7174
88.7175
88.7175
88.7175
88.7175
88.7176
88.7176
88.7176
88.7176
88.7176
88.7176
88.7176
88.7176
88.7176
88.7176
88.7177
88.7177
88.7177
88.7177
88.7177
88.7177
88.7177
88.7177
88.7177
88.7177
88.7177
88.7177
88.7177
88.7177
88.7177
88.7177
88.7177
88.7177
88.7177
88.7177
88.7177
88.7177
88.7177
88.7177
88.7177
88.7177
88.7177
88.7177
88.7177
88.7177
88.7177
88.7177
88.7177
88.7177
88.7177
88.7177
88.7177
88.7177
88.7177
88.7177
88.7177
88.7177
88.7177
88.7177
88.7177
88.7177
88.7177
88.7177
88.7177
88.7177
88.7177
88.7177
88.7177
88.7177
88.7177
88.7177
88.7177
88.7177
88.7177
88.7177
88.7177
88.7177
88.7177
88.7177
88.7177
88.7177
88.7177
88.7177
88.7177
88.7177
88.7177
88.7177
88.7177
88.7177
88.7177
88.7177
88.7177
88.7177
88.7177
88.7177
88.7177
88.7177
88.7177
88.7177
88.7177
88.7177
88.7177
88.7177
88.7177
88.7177
88.7177
88.7177
88.7177
88.7177
88.7177
88.7177
88.7177
88.7177
88.7177
88.7177
88.7177
88.7177
88.7177
88.7177
88.7177
88.7177
88.7177
88.7177
88.7177
88.7177
88.7177
88.7177
88.7177
88.7177
88.7177
88.7177
88.7177
88.7177
88.7177
88.7177
88.7177
88.7177
88.7177
88.7177
88.7177
88.7177
88.7177
88.7177
88.7177
88.7177
88.7177
88.7177
88.7177
88.7177
88.7177
88.7177
88.7177
88.7177
88.7177
88.7177
88.7177
88.7177
88.7177
88.7177
88.7177
88.7177
88.7177
88.7177
88.7177
88.7177
88.7177
88.7177
88.7177
88.7177
88.7177
88.7177
88.7177
88.7177
88.7177
88.7177
88.7177
88.7177
88.7177
88.7177
88.7177
88.7177
88.7177
88.7177
88.7177
88.7177
88.7177
88.7177
88.7177
88.7177
88.7177
88.7177
88.7177
88.7177
88.7177
88.7177
88.7177
88.7177
88.7177
88.7177
88.7177
88.7177
88.7177
88.7177
88.7177
88.7177
88.7177
88.7177
88.7177
88.7177
88.7177
88.7177
88.7177
88.7177
88.7177
88.7177
88.7177
88.7177
88.7177
88.7177
88.7177
88.7177
88.7177
88.7177
88.7177
88.7177
88.7177
88.7177
88.7177
88.7177
88.7177
88.7177
88.7177
88.7177
88.7177
88.7177
88.7177
88.7177
88.7177
88.7177
88.7177
88.7177
88.7177
88.7177
88.7177
88.7177
88.7177
88.7177
88.7177
88.7177
88.7177
88.7177
88.7177
88.7177
88.7177
88.7177
88.7177
88.7177
88.7177
88.7177
88.7177
88.7177
88.7177
88.7177
88.7177
88.7177
88.7177
88.7177
88.7177
88.7177
88.7177
88.7177
88.7177
88.7177
88.7177
88.7177
88.7177
88.7177
88.7177
88.7177
88.7177


12.9721
13.5129
14.3512
18.6277
20.3393
21.3576
23.1858
27.85
28.5253
30.8151
35.8127
35.9281
39.2725
40.6635
44.3567
47.0721
48.0135
48.9732
52.6004
53.3402
55.3032
60.2594
61.4424
67.5803
67.6299
67.6299
68.3539
68.4437
68.4437
69.1589
70.1975
70.7877
71.1814
72.2329
72.2329
73.9542
75.7675
77.8268
78.1152
78.8307
79.2104
80.4633
80.8577
80.9564
81.0845
81.37
82.2748
83.0068
83.3055
83.8082
84.0799
84.1368
84.1667
84.4555
84.5229
84.5658
84.578
85.2371
85.5824
85.7348
85.8311
85.8357
85.9303
85.9874
86.0225
86.0225
86.0455
86.1183
86.2565
86.2775
86.2861
86.4114
86.4277
86.5389
86.5417
86.569
86.5722
86.5753
86.6251
86.6366
86.6447
86.6732
86.6841
86.704
86.7128
86.7129
86.7133
86.7213
86.7242
86.7242
86.7256
86.7423
86.7432
86.7504
86.7606
86.7643
86.771
86.7733
86.7827
86.7866
86.787
86.7881
86.792
86.792
86.7936
86.7936
86.7953
86.8014
86.8014
86.8015
86.8025
86.802
86.8039
86.8039
86.8046
86.8058
86.8058
86.8058
86.8063
86.8065
86.8065
86.8074
86.8075
86.808
86.808
86.8081
86.8081
86.8082
86.8087
86.8087
86.8088
86.8088
86.8091
86.8091
86.8092
86.8093
86.8093
86.8093
86.8094
86.8094
86.8096
86.8096
86.8096
86.8096
86.8096
86.8096
86.8097
86.8097
86.8097
86.8097
86.8097
86.8097
86.8097
86.8097
86.8097
86.8097
86.8098
86.8098
86.8098
86.8098
86.8098
86.8098
86.8098
86.8098
86.8098
86.8098
86.8098
86.8098
86.8098
86.8098
86.8098
86.8098
86.8098
86.8098
86.8098
86.8098
86.8098
86.8098
86.8098
86.8098
86.8098
86.8098
86.8098
86.8098
86.8098
86.8098
86.8098
86.8098
86.8098
86.8098
86.8098
86.8098
86.8098
86.8098
86.8098
86.8098
86.8098
86.8098
86.8098
86.8098
86.8098
86.8098
86.8098
86.8098
86.8098
86.8098
86.8098
86.8098
86.8098
86.8098
86.8098
86.8098
86.8098
86.8098
86.8098
86.8098
86.8098
86.8098
86.8098
86.8098
86.8098
86.8098
86.8098
86.8098
86.8098
86.8098
86.8098
86.8098
86.8098
86.8098
86.8098
86.8098
86.8098
86.8098
86.8098
86.8098
86.8098
86.8098
86.8098
86.8098
86.8098
86.8098
86.8098
86.8098
86.8098
86.8098
86.8098
86.8098
86.8098
86.8098
86.8098
86.8098
86.8098
86.8098
86.8098
86.8098
86.8098
86.8098
86.8098
86.8098
86.8098
86.8098
86.8098
86.8098
86.8098
86.8098
86.8098
86.8098
86.8098
86.8098
86.8098
86.8098
86.8098
86.8098
86.8098
86.8098
86.8098
86.8098
86.8098
86.8098
86.8098
86.8098
86.8098
86.8098
86.8098
86.8098
86.8098
86.8098
86.8098
86.8098
86.8098
86.8098
86.8098
86.8098
86.8098
86.8098
86.8098
86.8098
86.8098
86.8098
86.8098
86.8098
86.8098
86.8098
86.8098
86.8098
86.8098
86.8098
86.8098
86.8098
86.8098
86.8098
86.8098
86.8098
86.8098
86.8098
86.8098
86.8098
86.8098
86.8098
86.8098
86.8098
86.8098
86.8098
86.8098
86.8098
86.8098
86.8098
86.8098
86.8098
86.8098
86.8098
86.8098
86.8098
86.8098
86.8098
86.8098
86.8098
86.8098
86.8098
86.8098
86.8098
86.8098
86.8098
86.8098
86.8098
86.8098
86.8098
86.8098
86.8098
86.8098
86.8098
86.8098
86.8098
86.8098
86.8098
86.8098
86.8098
86.8098
86.8098
86.8098
86.8098
86.8098
86.8098
86.8098
86.8098
86.8098
86.8098
86.8098
86.8098
86.8098
86.8098
86.8098
86.8098
86.8098
86.8098
86.8098
86.8098
86.8098
86.8098
86.8098
86.8098
86.8098
86.8098
86.8098
86.8098
86.8098
86.8098
86.8098
86.8098
86.8098
86.8098
86.8098
86.8098
86.8098
86.8098
86.8098
86.8098
86.8098
86.8098


12.0931
14.2411
19.7294
20.6793
20.6793
24.6036
24.9967
31.5574
32.2422
33.404
35.5594
36.2024
38.8436
41.1275
44.1074
45.8267
48.6973
48.973
51.2635
52.6131
52.6131
58.9944
59.4255
59.8055
60.8397
61.9763
64.8977
65.6206
65.6206
68.0871
68.5744
70.0417
71.0995
72.2588
73.0121
74.1905
74.1905
74.5691
77.4047
78.2142
78.6814
78.8452
79.6895
79.7957
80.0748
80.8473
80.9623
81.0424
81.1472
81.6959
82.1166
82.1166
82.19
82.3894
82.4203
82.5461
82.882
82.9041
82.9967
83.1291
83.1622
83.1802
83.4863
83.5843
83.615
83.6158
83.6652
83.6661
83.694
83.71
83.7618
83.8223
83.8223
83.835
83.8578
83.8853
83.9135
83.9195
83.9466
83.947
83.9607
83.9629
83.9711
83.974
83.9841
83.9906
83.9978
84.0063
84.0063
84.0226
84.0238
84.0301
84.0346
84.0349
84.0367
84.038
84.0401
84.0406
84.0407
84.0414
84.0421
84.0458
84.0458
84.046
84.0462
84.0466
84.0467
84.0472
84.0475
84.0475
84.0481
84.0485
84.0485
84.0485
84.0486
84.0487
84.0488
84.0488
84.0489
84.0492
84.0492
84.0494
84.0494
84.0494
84.0494
84.0495
84.0495
84.0495
84.0496
84.0496
84.0496
84.0496
84.0496
84.0497
84.0497
84.0497
84.0497
84.0497
84.0497
84.0497
84.0497
84.0497
84.0498
84.0498
84.0498
84.0498
84.0498
84.0498
84.0498
84.0498
84.0498
84.0498
84.0498
84.0498
84.0498
84.0498
84.0498
84.0498
84.0498
84.0498
84.0498
84.0498
84.0498
84.0498
84.0498
84.0498
84.0498
84.0498
84.0498
84.0498
84.0498
84.0498
84.0498
84.0498
84.0498
84.0498
84.0498
84.0498
84.0498
84.0498
84.0498
84.0498
84.0498
84.0498
84.0498
84.0498
84.0498
84.0498
84.0498
84.0498
84.0498
84.0498
84.0498
84.0498
84.0498
84.0498
84.0498
84.0498
84.0498
84.0498
84.0498
84.0498
84.0498
84.0498
84.0498
84.0498
84.0498
84.0498
84.0498
84.0498
84.0498
84.0498
84.0498
84.0498
84.0498
84.0498
84.0498
84.0498
84.0498
84.0498
84.0498
84.0498
84.0498
84.0498
84.0498
84.0498
84.0498
84.0498
84.0498
84.0498
84.0498
84.0498
84.0498
84.0498
84.0498
84.0498
84.0498
84.0498
84.0498
84.0498
84.0498
84.0498
84.0498
84.0498
84.0498
84.0498
84.0498
84.0498
84.0498
84.0498
84.0498
84.0498
84.0498
84.0498
84.0498
84.0498
84.0498
84.0498
84.0498
84.0498
84.0498
84.0498
84.0498
84.0498
84.0498
84.0498
84.0498
84.0498
84.0498
84.0498
84.0498
84.0498
84.0498
84.0498
84.0498
84.0498
84.0498
84.0498
84.0498
84.0498
84.0498
84.0498
84.0498
84.0498
84.0498
84.0498
84.0498
84.0498
84.0498
84.0498
84.0498
84.0498
84.0498
84.0498
84.0498
84.0498
84.0498
84.0498
84.0498
84.0498
84.0498
84.0498
84.0498
84.0498
84.0498
84.0498
84.0498
84.0498
84.0498
84.0498
84.0498
84.0498
84.0498
84.0498
84.0498
84.0498
84.0498
84.0498
84.0498
84.0498
84.0498
84.0498
84.0498
84.0498
84.0498
84.0498
84.0498
84.0498
84.0498
84.0498
84.0498
84.0498
84.0498
84.0498
84.0498
84.0498
84.0498
84.0498
84.0498
84.0498
84.0498
84.0498
84.0498
84.0498
84.0498
84.0498
84.0498
84.0498
84.0498
84.0498
84.0498
84.0498
84.0498
84.0498
84.0498
84.0498
84.0498
84.0498
84.0498
84.0498
84.0498
84.0498
84.0498
84.0498
84.0498
84.0498
84.0498
84.0498
84.0498
84.0498
84.0498
84.0498
84.0498
84.0498
84.0498
84.0498
84.0498
84.0498
84.0498
84.0498
84.0498
84.0498
84.0498
84.0498
84.0498
84.0498
84.0498
84.0498
84.0498
84.0498
84.0498
84.0498
84.0498
84.0498
84.0498
84.0498
84.0498
84.0498
84.0498
84.0498


14.8418
17.9122
23.0364
23.6494
25.3374
27.5417
29.0582
31.0118
33.625
33.625
33.7428
38.3128
39.311
40.7377
44.8586
52.1031
53.3203
54.2103
54.3209
54.3209
55.028
63.0841
66.0242
67.2715
67.7632
68.0747
70.2616
72.2228
72.2228
75.3827
77.4331
77.859
77.9169
79.1697
79.5704
81.0484
82.2417
82.9492
83.0455
84.3079
84.3079
84.4264
84.6345
84.6632
85.2302
85.4273
85.5496
86.2155
86.2563
86.6405
86.7381
86.7536
87.0496
87.1444
87.2344
87.4269
87.5005
87.6147
87.7379
87.7565
87.8131
87.8716
87.9106
87.9148
87.9378
87.9684
88.0082
88.0262
88.0537
88.0906
88.1269
88.1485
88.1579
88.188
88.188
88.188
88.212
88.2414
88.2487
88.2495
88.2682
88.2714
88.2714
88.2751
88.2773
88.2779
88.2856
88.2892
88.2961
88.2973
88.2973
88.3013
88.3043
88.307
88.3084
88.3111
88.3127
88.3132
88.3145
88.315
88.3158
88.3162
88.3172
88.3186
88.3206
88.3206
88.3209
88.3211
88.3216
88.3219
88.322
88.3226
88.3232
88.3232
88.3233
88.3233
88.3235
88.3239
88.3243
88.3243
88.3243
88.3246
88.3246
88.3248
88.3249
88.3249
88.3249
88.3249
88.325
88.325
88.3251
88.3251
88.3251
88.3252
88.3252
88.3253
88.3253
88.3253
88.3253
88.3253
88.3253
88.3253
88.3253
88.3253
88.3253
88.3254
88.3254
88.3254
88.3254
88.3254
88.3254
88.3254
88.3254
88.3254
88.3254
88.3254
88.3254
88.3254
88.3254
88.3254
88.3254
88.3254
88.3254
88.3254
88.3254
88.3254
88.3254
88.3254
88.3254
88.3254
88.3254
88.3254
88.3254
88.3254
88.3254
88.3254
88.3254
88.3254
88.3254
88.3254
88.3254
88.3254
88.3254
88.3254
88.3254
88.3254
88.3254
88.3254
88.3254
88.3254
88.3254
88.3254
88.3254
88.3254
88.3254
88.3254
88.3254
88.3254
88.3254
88.3254
88.3254
88.3254
88.3254
88.3254
88.3254
88.3254
88.3254
88.3254
88.3254
88.3254
88.3254
88.3254
88.3254
88.3254
88.3254
88.3254
88.3254
88.3254
88.3254
88.3254
88.3254
88.3254
88.3254
88.3254
88.3254
88.3254
88.3254
88.3254
88.3254
88.3254
88.3254
88.3254
88.3254
88.3254
88.3254
88.3254
88.3254
88.3254
88.3254
88.3254
88.3254
88.3254
88.3254
88.3254
88.3254
88.3254
88.3254
88.3254
88.3254
88.3254
88.3254
88.3254
88.3254
88.3254
88.3254
88.3254
88.3254
88.3254
88.3254
88.3254
88.3254
88.3254
88.3254
88.3254
88.3254
88.3254
88.3254
88.3254
88.3254
88.3254
88.3254
88.3254
88.3254
88.3254
88.3254
88.3254
88.3254
88.3254
88.3254
88.3254
88.3254
88.3254
88.3254
88.3254
88.3254
88.3254
88.3254
88.3254
88.3254
88.3254
88.3254
88.3254
88.3254
88.3254
88.3254
88.3254
88.3254
88.3254
88.3254
88.3254
88.3254
88.3254
88.3254
88.3254
88.3254
88.3254
88.3254
88.3254
88.3254
88.3254
88.3254
88.3254
88.3254
88.3254
88.3254
88.3254
88.3254
88.3254
88.3254
88.3254
88.3254
88.3254
88.3254
88.3254
88.3254
88.3254
88.3254
88.3254
88.3254
88.3254
88.3254
88.3254
88.3254
88.3254
88.3254
88.3254
88.3254
88.3254
88.3254
88.3254
88.3254
88.3254
88.3254
88.3254
88.3254
88.3254
88.3254
88.3254
88.3254
88.3254
88.3254
88.3254
88.3254
88.3254
88.3254
88.3254
88.3254
88.3254
88.3254
88.3254
88.3254
88.3254
88.3254
88.3254
88.3254
88.3254
88.3254
88.3254
88.3254
88.3254
88.3254
88.3254
88.3254
88.3254
88.3254
88.3254
88.3254
88.3254
88.3254
88.3254
88.3254
88.3254
88.3254
88.3254
88.3254
88.3254
88.3254
88.3254
88.3254
88.3254
88.3254
88.3254
88.3254
88.3254
88.3254
88.3254
88.3254
88.3254
88.3254
88.3254


15.2632
16.2823
19.1592
20.0856
23.4109
25.743
26.3503
26.9153
29.0343
30.6121
37.7773
37.2761
38.7383
38.7383
40.8556
43.3906
45.4107
50.3739
52.0088
55.493
56.1207
58.9524
59.0004
63.7863
63.7863
65.0108
67.329
68.9629
73.2018
73.6441
75.7809
77.5437
77.6172
79.5652
80.6132
80.6219
80.7159
81.5142
82.1416
82.1416
82.1566
83.0212
84.0743
84.405
84.5082
84.7281
84.8789
85.6193
85.6193
85.6228
85.823
86.0099
86.0203
86.0275
86.2857
86.3155
86.4786
86.5672
86.6017
86.6092
86.6416
86.7613
86.8211
86.9543
86.9605
86.9704
87.008
87.0191
87.0239
87.0444
87.0769
87.0811
87.0861
87.5684
87.5762
87.5999
88.2532
88.2532
88.2532
89.8347
89.8359
89.8567
89.8581
90.5005
91.3276
91.3315
91.4404
91.7944
91.8902
91.8902
92.1619
92.1624
92.1694
92.1989
92.2009
92.3555
92.3658
92.5138
92.6342
92.6342
93.0864
93.0865
93.0867
93.0953
93.1158
93.1235
93.2306
93.2865
93.3177
93.4094
93.4217
93.4217
93.5226
93.5226
93.6273
93.6273
93.6273
93.659
93.669
93.6913
93.7059
93.7059
93.706
93.7431
93.7431
93.7431
93.7432
93.745
93.7546
93.755
93.757
93.7614
93.7614
93.765
93.7675
93.7678
93.7678
93.7732
93.7767
93.7792
93.7816
93.7865
93.7865
93.7865
93.7931
93.7933
93.7933
93.7933
93.7956
93.7956
93.7966
93.7979
93.7979
93.7991
93.7999
93.7999
93.8002
93.8009
93.8009
93.8009
93.8017
93.8017
93.8017
93.8051
93.8052
93.8052
93.8062
93.8062
93.8062
93.8066
93.8066
93.8066
93.8067
93.8069
93.8069
93.8071
93.8076
93.8076
93.8076
93.8076
93.8079
93.8079
93.8079
93.8081
93.8082
93.8083
93.8083
93.8083
93.8083
93.8084
93.8084
93.8084
93.8084
93.8084
93.8085
93.8085
93.8085
93.8085
93.8086
93.8086
93.8086
93.8086
93.8086
93.8086
93.8086
93.8086
93.8086
93.8086
93.8087
93.8087
93.8087
93.8087
93.8087
93.8087
93.8087
93.8087
93.8087
93.8087
93.8087
93.8087
93.8087
93.8087
93.8087
93.8087
93.8087
93.8087
93.8087
93.8087
93.8087
93.8087
93.8087
93.8087
93.8087
93.8087
93.8087
93.8087
93.8087
93.8087
93.8087
93.8087
93.8087
93.8087
93.8087
93.8087
93.8087
93.8087
93.8087
93.8087
93.8087
93.8087
93.8087
93.8087
93.8087
93.8087
93.8087
93.8087
93.8087
93.8087
93.8087
93.8087
93.8087
93.8087
93.8087
93.8087
93.8087
93.8087
93.8087
93.8087
93.8087
93.8087
93.8087
93.8087
93.8087
93.8087
93.8087
93.8087
93.8087
93.8087
93.8087
93.8087
93.8087
93.8087
93.8087
93.8087
93.8087
93.8087
93.8087
93.8087
93.8087
93.8087
93.8087
93.8087
93.8087
93.8087
93.8087
93.8087
93.8087
93.8087
93.8087
93.8087
93.8087
93.8087
93.8087
93.8087
93.8087
93.8087
93.8087
93.8087
93.8087
93.8087
93.8087
93.8087
93.8087
93.8087
93.8087
93.8087
93.8087
93.8087
93.8087
93.8087
93.8087
93.8087
93.8087
93.8087
93.8087
93.8087
93.8087
93.8087
93.8087
93.8087
93.8087
93.8087
93.8087
93.8087
93.8087
93.8087
93.8087
93.8087
93.8087
93.8087
93.8087
93.8087
93.8087
93.8087
93.8087
93.8087
93.8087
93.8087
93.8087
93.8087
93.8087
93.8087
93.8087
93.8087
93.8087
93.8087
93.8087
93.8087
93.8087
93.8087
93.8087
93.8087
93.8087
93.8087
93.8087
93.8087
93.8087
93.8087
93.8087
93.8087
93.8087
93.8087
93.8087
93.8087
93.8087
93.8087
93.8087
93.8087
93.8087
93.8087
93.8087
93.8087
93.8087
93.8087
93.8087
93.8087
93.8087
93.8087
93.8087
93.8087
93.8087
93.8087
93.8087
93.8087
93.8087
93.8087
93.8087
93.8087
93.8087
93.8087


13.669
20.9399
20.9399
21.9877
24.9527
27.4095
32.3844
34.5924
34.5924
38.5674
45.8754
46.9254
47.7096
50.2596
52.2306
52.8756
56.3747
57.0721
60.641
63.9691
63.975
65.5499
66.7879
66.8003
67.0302
68.4848
69.2023
71.4029
73.291
74.2833
74.9234
78.661
78.7754
78.9089
80.2715
80.4827
81.327
81.3987
82.4338
85.0115
85.2049
85.7599
85.8134
86.3834
86.4713
86.5444
86.6711
87.3724
87.3874
87.9386
88.0497
88.0732
88.1267
88.2191
88.2616
88.2753
88.5209
88.5519
88.5908
88.7134
88.9151
88.9852
88.9943
89.0179
89.0539
89.1553
89.1553
89.1879
89.2307
89.3194
89.4714
89.4749
89.4787
89.4922
89.5527
89.586
89.6144
89.616
89.6244
89.6274
89.6355
89.6482
89.6548
89.6572
89.6592
89.6625
89.6629
89.6633
89.6642
89.6753
89.6762
89.6815
89.6844
89.6856
89.6887
89.6921
89.6938
89.6962
89.6973
89.6974
89.6977
89.6981
89.6981
89.6993
89.6999
89.7002
89.7011
89.7011
89.7019
89.7036
89.7036
89.7036
89.7038
89.7038
89.7041
89.7047
89.7047
89.7049
89.7052
89.7052
89.7052
89.7054
89.7061
89.7063
89.7063
89.7064
89.7064
89.7064
89.7064
89.7065
89.7066
89.7065
89.7067
89.7067
89.7067
89.7067
89.7068
89.7068
89.7069
89.7069
89.7069
89.7069
89.7069
89.7069
89.7069
89.7069
89.7069
89.7069
89.7069
89.7069
89.7069
89.7069
89.7069
89.7069
89.7069
89.7069
89.7069
89.7069
89.707
89.707
89.707
89.707
89.707
89.707
89.707
89.707
89.707
89.707
89.707
89.707
89.707
89.707
89.707
89.707
89.707
89.707
89.707
89.707
89.707
89.707
89.707
89.707
89.707
89.707
89.707
89.707
89.707
89.707
89.707
89.707
89.707
89.707
89.707
89.707
89.707
89.707
89.707
89.707
89.707
89.707
89.707
89.707
89.707
89.707
89.707
89.707
89.707
89.707
89.707
89.707
89.707
89.707
89.707
89.707
89.707
89.707
89.707
89.707
89.707
89.707
89.707
89.707
89.707
89.707
89.707
89.707
89.707
89.707
89.707
89.707
89.707
89.707
89.707
89.707
89.707
89.707
89.707
89.707
89.707
89.707
89.707
89.707
89.707
89.707
89.707
89.707
89.707
89.707
89.707
89.707
89.707
89.707
89.707
89.707
89.707
89.707
89.707
89.707
89.707
89.707
89.707
89.707
89.707
89.707
89.707
89.707
89.707
89.707
89.707
89.707
89.707
89.707
89.707
89.707
89.707
89.707
89.707
89.707
89.707
89.707
89.707
89.707
89.707
89.707
89.707
89.707
89.707
89.707
89.707
89.707
89.707
89.707
89.707
89.707
89.707
89.707
89.707
89.707
89.707
89.707
89.707
89.707
89.707
89.707
89.707
89.707
89.707
89.707
89.707
89.707
89.707
89.707
89.707
89.707
89.707
89.707
89.707
89.707
89.707
89.707
89.707
89.707
89.707
89.707
89.707
89.707
89.707
89.707
89.707
89.707
89.707
89.707
89.707
89.707
89.707
89.707
89.707
89.707
89.707
89.707
89.707
89.707
89.707
89.707
89.707
89.707
89.707
89.707
89.707
89.707
89.707
89.707
89.707
89.707
89.707
89.707
89.707
89.707
89.707
89.707
89.707
89.707
89.707
89.707
89.707
89.707
89.707
89.707
89.707
89.707
89.707
89.707
89.707
89.707
89.707
89.707
89.707
89.707
89.707
89.707
89.707
89.707
89.707
89.707
89.707
89.707
89.707
89.707
89.707
89.707
89.707
89.707
89.707
89.707
89.707
89.707
89.707
89.707
89.707
89.707


10.0894
12.9569
14.3209
17.3984
17.3984
18.9457
21.7758
22.3624
24.347
26.0298
28.732
27.7096
30.6902
32.5994
38.5499
43.3773
46.243
46.243
48.7455
49.435
51.2718
56.3898
56.3898
60.6766
61.5266
61.7039
63.6264
65.331
66.2665
66.8426
67.3944
68.7868
71.9405
74.1343
74.9573
74.9581
75.0489
75.2518
76.0192
76.4249
76.4249
78.3415
78.3415
78.7058
79.0275
79.9303
79.9303
81.0194
81.0353
81.9715
81.9956
82.097
82.097
82.3245
82.7077
82.899
83.0447
83.1002
83.5799
83.5799
83.8806
83.8753
84.2818
84.5057
84.5111
84.5111
84.6111
84.6394
84.6612
84.6629
84.7069
84.7129
84.8677
84.9725
85.008
85.0285
85.0663
85.1095
85.1515
85.1539
85.1539
85.3096
85.3324
85.3324
85.3717
85.3815
85.385
85.3979
85.4252
85.4255
85.4407
85.4411
85.4684
85.4685
85.4686
85.506
85.506
85.5063
85.5232
85.5243
85.5244
85.5542
85.5587
85.5659
85.5661
85.5757
85.5804
85.5804
85.5806
85.5806
85.5831
85.5831
85.5852
85.5886
85.5886
85.5886
85.5919
85.594
85.5941
85.5954
85.5961
85.5971
85.5996
85.5996
85.5997
85.6
85.6
85.6002
85.6002
85.6005
85.6005
85.601
85.6011
85.6011
85.6012
85.6012
85.6013
85.6016
85.6016
85.6016
85.6017
85.6019
85.6019
85.6019
85.602
85.6021
85.6021
85.6021
85.6021
85.6022
85.6022
85.6022
85.6022
85.6023
85.6023
85.6023
85.6023
85.6023
85.6023
85.6023
85.6023
85.6023
85.6023
85.6023
85.6024
85.6024
85.6024
85.6024
85.6024
85.6024
85.6024
85.6024
85.6024
85.6024
85.6024
85.6024
85.6024
85.6024
85.6024
85.6024
85.6024
85.6024
85.6024
85.6024
85.6024
85.6024
85.6024
85.6024
85.6024
85.6024
85.6024
85.6024
85.6024
85.6024
85.6024
85.6024
85.6024
85.6024
85.6024
85.6024
85.6024
85.6024
85.6024
85.6024
85.6024
85.6024
85.6024
85.6024
85.6024
85.6024
85.6024
85.6024
85.6024
85.6024
85.6024
85.6024
85.6024
85.6024
85.6024
85.6024
85.6024
85.6024
85.6024
85.6024
85.6024
85.6024
85.6024
85.6024
85.6024
85.6024
85.6024
85.6024
85.6024
85.6024
85.6024
85.6024
85.6024
85.6024
85.6024
85.6024
85.6024
85.6024
85.6024
85.6024
85.6024
85.6024
85.6024
85.6024
85.6024
85.6024
85.6024
85.6024
85.6024
85.6024
85.6024
85.6024
85.6024
85.6024
85.6024
85.6024
85.6024
85.6024
85.6024
85.6024
85.6024
85.6024
85.6024
85.6024
85.6024
85.6024
85.6024
85.6024
85.6024
85.6024
85.6024
85.6024
85.6024
85.6024
85.6024
85.6024
85.6024
85.6024
85.6024
85.6024
85.6024
85.6024
85.6024
85.6024
85.6024
85.6024
85.6024
85.6024
85.6024
85.6024
85.6024
85.6024
85.6024
85.6024
85.6024
85.6024
85.6024
85.6024
85.6024
85.6024
85.6024
85.6024
85.6024
85.6024
85.6024
85.6024
85.6024
85.6024
85.6024
85.6024
85.6024
85.6024
85.6024
85.6024
85.6024
85.6024
85.6024
85.6024
85.6024
85.6024
85.6024
85.6024
85.6024
85.6024
85.6024
85.6024
85.6024
85.6024
85.6024
85.6024
85.6024
85.6024
85.6024
85.6024
85.6024
85.6024
85.6024
85.6024
85.6024
85.6024
85.6024
85.6024
85.6024
85.6024
85.6024
85.6024
85.6024
85.6024
85.6024
85.6024
85.6024
85.6024
85.6024
85.6024
85.6024
85.6024
85.6024
85.6024
85.6024
85.6024
85.6024
85.6024
85.6024
85.6024
85.6024
85.6024
85.6024
85.6024
85.6024
85.6024
85.6024
85.6024
85.6024
85.6024
85.6024
85.6024
85.6024
85.6024
85.6024
85.6024
85.6024
85.6024
85.6024
85.6024
85.6024
85.6024
85.6024
85.6024
85.6024
85.6024
85.6024
85.6024
85.6024
85.6024
85.6024
85.6024


10.8115
11.1897
12.1181
13.617
15.7674
16.1562
18.6583
19.3922
22.8813
27.5482
29.0241
29.5362
29.5396
30.1836
32.9301
34.6168
34.6168
35.8589
38.3072
39.8571
42.1534
42.4774
45.1758
46.3604
48.4197
50.8258
53.4556
53.7556
54.4616
54.4616
55.9
57.2347
57.9653
59.6772
62.12
63.2624
65.2321
65.526
65.526
65.572
66.7697
67.2166
67.5879
68.9465
69.0755
69.0755
70.8932
71.638
71.638
72.4811
72.86
72.9152
73.1781
73.8083
73.8238
74.0002
75.232
75.5822
75.7878
75.7878
75.8149
75.953
76.1698
76.1938
76.3169
76.3649
76.675
76.675
76.6937
76.7473
76.7636
76.7671
76.8569
76.9884
76.9884
77.0295
77.0617
77.092
77.1192
77.1419
77.1526
77.1589
77.184
77.1904
77.2096
77.227
77.2744
77.2744
77.276
77.2801
77.2833
77.3024
77.3031
77.3037
77.3097
77.3097
77.3167
77.3211
77.3237
77.3278
77.3338
77.3338
77.3341
77.3368
77.3402
77.3405
77.3407
77.3413
77.3442
77.3442
77.3458
77.3462
77.3462
77.3467
77.347
77.3472
77.3475
77.3475
77.3486
77.3489
77.3491
77.3486
77.3503
77.3503
77.3505
77.3507
77.3513
77.3514
77.3514
77.3515
77.3517
77.3519
77.3524
77.3528
77.3529
77.3529
77.3534
77.3535
77.3535
77.3535
77.3535
77.3535
77.3536
77.3538
77.3538
77.3538
77.3538
77.3538
77.3539
77.3539
77.3539
77.3539
77.3539
77.3539
77.354
77.354
77.354
77.354
77.354
77.354
77.354
77.354
77.354
77.354
77.354
77.354
77.354
77.354
77.354
77.354
77.354
77.3541
77.3541
77.3541
77.3541
77.3541
77.3541
77.3541
77.3541
77.3541
77.3541
77.3541
77.3541
77.3541
77.3541
77.3541
77.3541
77.3541
77.3541
77.3541
77.3541
77.3541
77.3541
77.3541
77.3541
77.3541
77.3541
77.3541
77.3541
77.3541
77.3541
77.3541
77.3541
77.3541
77.3541
77.3541
77.3541
77.3541
77.3541
77.3541
77.3541
77.3541
77.3541
77.3541
77.3541
77.3541
77.3541
77.3541
77.3541
77.3541
77.3541
77.3541
77.3541
77.3541
77.3541
77.3541
77.3541
77.3541
77.3541
77.3541
77.3541
77.3541
77.3541
77.3541
77.3541
77.3541
77.3541
77.3541
77.3541
77.3541
77.3541
77.3541
77.3541
77.3541
77.3541
77.3541
77.3541
77.3541
77.3541
77.3541
77.3541
77.3541
77.3541
77.3541
77.3541
77.3541
77.3541
77.3541
77.3541
77.3541
77.3541
77.3541
77.3541
77.3541
77.3541
77.3541
77.3541
77.3541
77.3541
77.3541
77.3541
77.3541
77.3541
77.3541
77.3541
77.3541
77.3541
77.3541
77.3541
77.3541
77.3541
77.3541
77.3541
77.3541
77.3541
77.3541
77.3541
77.3541
77.3541
77.3541
77.3541
77.3541
77.3541
77.3541
77.3541
77.3541
77.3541
77.3541
77.3541
77.3541
77.3541
77.3541
77.3541
77.3541
77.3541
77.3541
77.3541
77.3541
77.3541
77.3541
77.3541
77.3541
77.3541
77.3541
77.3541
77.3541
77.3541
77.3541
77.3541
77.3541
77.3541
77.3541
77.3541
77.3541
77.3541
77.3541
77.3541
77.3541
77.3541
77.3541
77.3541
77.3541
77.3541
77.3541
77.3541
77.3541
77.3541
77.3541
77.3541
77.3541
77.3541
77.3541
77.3541
77.3541
77.3541
77.3541
77.3541
77.3541
77.3541
77.3541
77.3541
77.3541
77.3541
77.3541
77.3541
77.3541
77.3541
77.3541
77.3541
77.3541
77.3541
77.3541
77.3541
77.3541
77.3541
77.3541
77.3541
77.3541
77.3541
77.3541
77.3541
77.3541
77.3541
77.3541
77.3541
77.3541
77.3541
77.3541
77.3541
77.3541
77.3541
77.3541
77.3541
77.3541
77.3541
77.3541
77.3541
77.3541
77.3541
77.3541
77.3541
77.3541
77.3541
77.3541
77.3541
77.3541
77.3541
77.3541
77.3541
77.3541


13.1666
14.79
15.9145
18.4115
19.6503
22.3229
22.4033
23.1394
31.9869
33.9852
33.9918
34.7749
35.2162
36.1018
42.0116
46.0012
48.2989
51.6575
54.1587
55.3077
55.3177
56.9521
57.7611
58.7909
58.9492
58.9492
59.1773
61.7209
62.4778
62.4778
64.6246
64.9655
65.9362
66.0966
66.3498
66.5079
66.57
67.3864
67.4005
68.063
68.155
68.3519
68.9735
68.9735
69.1362
69.1362
69.2204
69.2904
69.4216
69.7844
69.8023
69.8598
70.063
70.1214
70.1324
70.2065
70.2239
70.2239
70.2449
70.2682
70.3305
70.385
70.4121
70.4388
70.4499
70.477
70.5013
70.5013
70.5166
70.5309
70.5322
70.5516
70.5623
70.5751
70.5782
70.5874
70.5905
70.5923
70.5932
70.6056
70.6081
70.6155
70.6195
70.6196
70.6225
70.626
70.63
70.6302
70.6308
70.6313
70.6329
70.6334
70.6356
70.6357
70.6371
70.6372
70.6388
70.6388
70.6393
70.6398
70.6399
70.6405
70.6406
70.6407
70.6407
70.641
70.6414
70.6419
70.6421
70.6421
70.6421
70.6422
70.6423
70.6424
70.6425
70.6426
70.6428
70.6428
70.6428
70.6429
70.6429
70.6429
70.643
70.643
70.643
70.643
70.6431
70.6431
70.6431
70.6431
70.6431
70.6431
70.6431
70.6431
70.6432
70.6432
70.6432
70.6432
70.6432
70.6432
70.6432
70.6432
70.6432
70.6432
70.6432
70.6432
70.6432
70.6432
70.6432
70.6432
70.6432
70.6432
70.6432
70.6432
70.6432
70.6432
70.6432
70.6432
70.6432
70.6432
70.6432
70.6432
70.6432
70.6432
70.6432
70.6432
70.6432
70.6432
70.7328
70.8739
71.1365
71.1365
71.2533
71.2533
71.2535
71.2905
71.3106
71.323
71.3775
71.3775
71.4936
71.5158
71.5158
71.5158
71.6183
71.6183
71.6786
71.6993
71.6993
71.8831
71.892
72.1817
72.2004
72.2109
72.2319
72.2589
72.2589
72.2589
72.2589
72.2671
72.2732
72.2732
72.2732
72.2802
72.3086
72.3215
72.3383
72.3996
72.405
72.414
72.4335
72.4482
72.4642
72.5099
72.5225
72.5225
72.5598
72.5943
72.6563
72.7288
72.7952
73.0186
73.0203
73.1547
73.1547
73.195
73.2121
73.2121
73.2121
73.2173
73.2522
73.2522
73.261
73.2668
73.2738
73.2738
73.297
73.31
73.3136
73.3286
73.3607
73.3741
73.3873
73.4009
73.4009
73.4067
73.415
73.415
73.4157
73.4319
73.4366
73.4488
73.455
73.4567
73.4725
73.4725
73.4737
73.4764
73.4841
73.4841
73.4868
73.4868
73.4868
73.5001
73.5029
73.5029
73.508
73.508
73.508
73.508
73.5099
73.5132
73.5198
73.5198
73.5231
73.5238
73.5238
73.5242
73.5246
73.5254
73.5257
73.5259
73.5268
73.5268
73.5269
73.5282
73.5284
73.5284
73.5286
73.5292
73.5299
73.5309
73.5311
73.5317
73.5319
73.5319
73.5319
73.5319
73.5319
73.5319
73.5319
73.5319
73.5319
73.5319
73.5319
73.5319
73.5319
73.5319
73.5319
73.532
73.532
73.532
73.532
73.532
73.532
73.532
73.532
73.5324
73.5326
73.5326
73.5327
73.5329
73.5331
73.5333
73.5333
73.5333
73.5335
73.5335
73.5336
73.5336
73.5336
73.5337
73.5344
73.535
73.5366
73.5409
73.5444
73.5457
73.5457
73.5459
73.5459
73.5473
73.5475
73.5478
73.5484
73.5493
73.5493
73.551
73.551
73.551
73.5511
73.5513
73.5513
73.5513
73.5513
73.5513
73.5514
73.5514
73.5516
73.5516
73.5516
73.5516
73.5516
73.5517
73.5517
73.5517
73.5517
73.5518
73.5518
73.5518
73.5518
73.5518
73.5518
73.5518
73.5519
73.5519
73.552
73.552
73.552
73.5521
73.5521
73.5521
73.5521
73.5521
73.5524
73.5524
73.5525
73.5526
73.5526
73.5527
73.5527
73.5527
73.5527
73.5527
73.5528
73.5528
73.5528
73.5528
73.5528
73.5529


12.6271
13.3304
14.4499
15.286
17.1826
19.3051
23.3811
23.4663
24.3284
26.2689
33.5589
34.7339
36.4766
42.4118
46.1056
47.5201
47.8659
51.6159
54.8351
56.3948
59.2992
59.2011
61.8963
66.3109
70.9344
72.3208
72.7478
75.5491
75.8208
75.8208
77.0249
77.3945
77.6881
77.8917
78.6478
80.0678
80.732
81.4521
82.8028
83.1379
83.3054
83.9018
84.0917
84.3383
84.7688
85.1264
85.7396
85.7778
86.0889
86.1187
86.1726
86.4851
86.8908
86.9384
87.0844
87.3449
87.6239
87.6676
87.7261
87.9447
87.9712
88.0421
88.0868
88.1261
88.1795
88.2072
88.2072
88.2288
88.239
88.3091
88.3123
88.3064
88.3232
88.3278
88.3461
88.3475
88.3624
88.3668
88.3717
88.377
88.3801
88.3825
88.3837
88.3913
88.3939
88.3963
88.3963
88.3988
88.4035
88.405
88.4065
88.407
88.4086
88.409
88.4092
88.4098
88.4115
88.4121
88.4121
88.413
88.413
88.4141
88.4146
88.4148
88.4159
88.416
88.4164
88.4166
88.4166
88.417
88.417
88.4177
88.4177
88.4177
88.4177
88.4178
88.4178
88.418
88.418
88.4181
88.4181
88.4182
88.4182
88.4182
88.4182
88.4182
88.4182
88.4183
88.4183
88.4183
88.4183
88.4183
88.4183
88.4183
88.4183
88.4183
88.4183
88.4183
88.4183
88.4184
88.4184
88.4184
88.4184
88.4184
88.4184
88.4184
88.4184
88.4184
88.4184
88.4184
88.4184
88.4184
88.4184
88.4184
88.4184
88.4184
88.4184
88.4184
88.4184
88.4184
88.4184
88.4184
88.4184
88.4184
88.4184
88.4184
88.4184
88.4184
88.4184
88.4184
88.4184
88.4184
88.4184
88.4184
88.4184
88.4184
88.4184
88.4184
88.4184
88.4184
88.4184
88.4184
88.4184
88.4184
88.4184
88.4184
88.4184
88.4184
88.4184
88.4184
88.4184
88.4184
88.4184
88.4184
88.4184
88.4184
88.4184
88.4184
88.4184
88.4184
88.4184
88.4184
88.4184
88.4184
88.4184
88.4184
88.4184
88.4184
88.4184
88.4184
88.4184
88.4184
88.4184
88.4184
88.4184
88.4184
88.4184
88.4184
88.4184
88.4184
88.4184
88.4184
88.4184
88.4184
88.4184
88.4184
88.4184
88.4184
88.4184
88.4184
88.4184
88.4184
88.4184
88.4184
88.4184
88.4184
88.4184
88.4184
88.4184
88.4184
88.4184
88.4184
88.4184
88.4184
88.4184
88.4184
88.4184
88.4184
88.4184
88.4184
88.4184
88.4184
88.4184
88.4184
88.4184
88.4184
88.4184
88.4184
88.4184
88.4184
88.4184
88.4184
88.4184
88.4184
88.4184
88.4184
88.4184
88.4184
88.4184
88.4184
88.4184
88.4184
88.4184
88.4184
88.4184
88.4184
88.4184
88.4184
88.4184
88.4184
88.4184
88.4184
88.4184
88.4184
88.4184
88.4184
88.4184
88.4184
88.4184
88.4184
88.4184
88.4184
88.4184
88.4184
88.4184
88.4184
88.4184
88.4184
88.4184
88.4184
88.4184
88.4184
88.4184
88.4184
88.4184
88.4184
88.4184
88.4184
88.4184
88.4184
88.4184
88.4184
88.4184
88.4184
88.4184
88.4184
88.4184
88.4184
88.4184
88.4184
88.4184
88.4184
88.4184
88.4184
88.4184
88.4184
88.4184
88.4184
88.4184
88.4184
88.4184
88.4184
88.4184
88.4184
88.4184
88.4184
88.4184
88.4184
88.4184
88.4184
88.4184
88.4184
88.4184
88.4184
88.4184
88.4184
88.4184
88.4184
88.4184
88.4184
88.4184
88.4184
88.4184
88.4184
88.4184
88.4184
88.4184
88.4184
88.4184
88.4184
88.4184
88.4184
88.4184
88.4184
88.4184
88.4184
88.4184
88.4184
88.4184
88.4184
88.4184
88.4184
88.4184
88.4184
88.4184
88.4184
88.4184
88.4184
88.4184
88.4184
88.4184
88.4184
88.4184
88.4184
88.4184
88.4184
88.4184
88.4184
88.4184
88.4184
88.4184
88.4184
88.4184
88.4184
88.4184
88.4184
88.4184
88.4184
88.4184
88.4184


