8.18701
9.74432
9.84575
9.84575
10.8992
11.1606
11.1643
12.937
12.937
16.6
16.6
18.9206
18.9206
20.1238
25.3259
28.2596
29.6839
29.6839
31.2701
32.9058
34.7585
35.6057
36.2394
36.5163
37.2532
37.8531
39.0793
40.7001
40.8185
42.3347
42.5027
44.1963
44.6598
44.8742
45.8262
46.0797
46.2599
46.447
46.8552
47.397
48.0354
48.0375
48.1407
48.2714
48.4906
48.7008
48.7024
48.8207
48.8372
48.8988
49.2244
49.2195
49.312
49.4339
49.4363
49.4456
49.531
49.552
49.5813
49.5929
49.6679
49.6863
49.6923
49.7522
49.7744
49.8094
49.8299
49.8312
49.8515
49.872
49.8777
49.898
49.9136
49.9236
49.9282
49.9321
49.9377
49.9401
49.9557
49.9626
49.9651
49.9673
49.9684
49.9693
49.9743
49.977
49.9795
49.9825
49.983
49.983
49.9831
49.9862
49.9863
49.9878
49.9891
49.9918
49.992
49.9935
49.9944
49.9952
49.9959
49.9964
49.9966
49.9971
49.9971
49.9971
49.9976
49.9976
49.9979
49.9982
49.9983
49.9983
49.9983
49.9983
49.9986
49.9987
49.999
49.9992
49.9992
49.9993
49.9994
49.9995
49.9995
49.9995
49.9996
49.9997
49.9997
49.9997
49.9997
49.9998
49.9998
49.9998
49.9998
49.9998
49.9999
49.9999
49.9999
49.9999
49.9999
49.9999
49.9999
49.9999
49.9999
50
50
50
50
50
50
50
50
50
50
50
50
50
50
50
50
50
50
50
50
50
50
50
50
50
50
50
50
50
50
50
50
50
50
50
50
50
50
50
50
50
50
50
50
50
50
50
50
50
50
50
50
50
50
50
50
50
50
50
50
50
50
50
50
50
50
50
50
50
50
50
50
50
50
50
50
50
50
50
50
50
50
50
50
50
50
50
50
50
50
50
50
50
50
50
50
50
50
50
50
50
50
50
50
50
50
50
50
50
50
50
50
50
50
50
50
50
50
50
50
50
50
50
50
50
50
50
50
50
50
50
50
50
50
50
50
50
50
50
50
50
50
50
50
50
50
50
50
50
50
50
50
50
50
50
50
50
50
50
50
50
50
50
50
50
50
50
50
50
50
50
50
50
50
50
50
50
50
50
50
50
50
50
50
50
50
50
50
50
50
50
50
50
50
50
50
50
50
50
50
50
50
50
50
50
50
50
50
50
50
50
50
50
50
50
50
50
50
50
50
50
50
50
50
50
50
50
50
50
50
50
50
50
50
50
50
50
50
50
50
50
50
50
50
50
50
50
50
50
50
50
50
50
50
50
50
50


8.05234
12.6223
12.6374
13.7728
14.2427
15.7605
15.7605
19.4589
21.5346
23.0406
24.7298
25.7709
25.7769
26.6906
28.753
31.9729
34.8537
35.9792
36.1909
39.7544
44.4749
44.0368
46.6737
48.5205
52.8018
54.6649
55.671
57.2761
58.9955
59.3023
59.5572
61.4501
61.7902
65.3847
65.912
67.2535
67.7133
69.8819
71.0907
72.6041
74.7547
76.177
78.161
78.161
78.2088
78.7121
78.7491
79.007
79.2903
79.3847
79.9125
80.4477
80.5632
80.6852
81.0316
81.0316
81.5619
81.7972
81.8888
81.9834
82.075
82.1251
82.1251
82.244
82.3925
82.4801
82.5945
82.6624
82.687
82.8272
82.8301
82.89
82.8922
82.9017
83.0193
83.0474
83.0555
83.0843
83.1327
83.1382
83.1567
83.1739
83.1767
83.1984
83.2065
83.2139
83.2143
83.2203
83.2399
83.2696
83.2696
83.2692
83.276
83.2765
83.2805
83.283
83.2871
83.2871
83.2878
83.2909
83.2941
83.2966
83.2976
83.2981
83.2997
83.3003
83.3014
83.3022
83.3022
83.3022
83.3025
83.3035
83.3038
83.3046
83.3046
83.3049
83.3052
83.3054
83.3056
83.3059
83.3059
83.306
83.3065
83.3067
83.307
83.307
83.307
83.3071
83.3073
83.3074
83.3074
83.3075
83.7038
83.7038
83.7038
83.7038
83.7038
84.9141
84.9141
84.9141
84.9141
84.9142
84.9142
85.1742
85.3618
85.3618
85.4621
85.4621
85.4621
85.5876
85.5876
85.595
85.7766
85.7925
85.7925
85.9017
85.9017
85.9017
85.9515
85.9515
85.9515
85.9552
85.9895
86.057
86.057
86.057
86.057
86.073
86.2327
86.2867
86.4795
86.4795
86.4795
86.6275
86.6275
86.7368
86.7858
87.0438
87.1841
87.2188
87.2265
87.3873
87.396
87.396
87.396
87.6351
87.9363
87.9515
87.9548
88.0869
88.1047
88.3882
88.4878
88.5111
88.5343
88.5407
88.6326
88.6672
88.7673
88.8831
88.9087
88.8973
88.8987
88.9608
88.9812
89.0704
89.2052
89.2139
89.2139
89.3674
89.457
89.529
89.7075
89.7126
89.7126
89.7869
89.979
90.3602
90.5237
90.6336
90.6537
90.6467
90.6834
90.6834
90.7186
90.7588
90.7842
90.8663
90.8968
90.9404
90.9708
90.9948
91.0119
91.0196
91.0197
91.0265
91.0947
91.0947
91.1355
91.1355
91.1355
91.1355
91.1987
91.2607
91.2609
91.2609
91.2611
91.2612
91.2731
91.2731
91.3826
91.2724
91.4751
91.4832
91.53
91.5499
91.5501
91.573
91.573
91.6544
91.6544
91.6544
91.6544
91.669
91.669
91.6691
91.6816
91.6816
91.6849
91.7006
91.7006
91.7202
91.7202
91.7223
91.7723
91.7723
91.7723
91.7922
91.7922
91.8051
91.8169
91.8209
91.8264
91.8296
91.8296
91.8296
91.8316
91.8391
91.852
91.852
91.8525
91.8675
91.9009
91.9855
92.0243
92.1468
92.3228
92.3753
92.4592
92.4915
92.5833
92.6323
92.6323
92.6374
92.6374
92.6433
92.6726
92.6876
92.6913
92.6961
92.6972
92.6998
92.7017
92.7047
92.7075
92.7086
92.7117
92.7169
92.7212
92.7239
92.7248
92.725
92.725
92.7258
92.7259
92.7259
92.7263
92.7266
92.7271
92.7277
92.7289
92.7299
92.7322
92.7366
92.7422
92.7451
92.7518
92.7536
92.7539
92.7539
92.7541
92.7543
92.7543
92.7543
92.7543
92.7543
92.7543
92.7543
92.7543
92.7543
92.7545
92.7543
92.7543
92.7544
92.7545
92.7545
92.7546
92.7546
92.7546
92.7546
92.7546
92.7546
92.7546
92.7546
92.7547
92.7547
92.7548
92.7548
92.7548
92.7548
92.7548
92.7549
92.7549
92.7549
92.8515
92.8515
92.8579
92.8579
92.8579
92.8579
92.8579
92.8575
92.8575
92.8575
92.8584
92.8584
92.8584
92.8584
92.8584
92.8585
92.8585
92.8585
92.8587
92.8922
92.9199
92.9241
92.9443
92.9866
92.9866
93.0535


8.2062
8.86482
9.30694
9.50261
10.2591
10.775
10.8505
11.2751
12.1204
12.1204
13.351
13.9405
15.918
17.1172
17.4476
19.2185
19.4735
21.118
21.2943
22.7512
22.7519
28.2656
28.2656
28.2676
31.0401
31.0401
33.0319
33.0798
38.7159
39.305
39.305
39.4789
41.774
41.9257
42.4504
42.5106
43.0549
44.7944
44.7944
45.1327
46.5418
46.5713
47.5458
48.1909
49.335
49.5271
49.5271
49.6626
49.9718
50.5206
51.8071
51.947
52.587
52.7718
53.7837
53.7837
54.3897
55.207
55.8096
56.0666
56.1116
57.0337
57.272
57.272
57.3231
57.3767
57.3796
57.3825
57.7158
57.7399
57.7781
57.8148
57.8899
57.9106
57.9751
57.9948
58.0144
58.0945
58.1006
58.1551
58.1551
58.1939
58.2631
58.2727
58.2735
58.2735
58.2735
58.2889
58.2926
58.2974
58.3033
58.3307
58.3313
58.3572
58.3696
58.3707
58.3707
58.373
58.3737
58.3742
58.3742
58.3788
58.3845
58.39
58.3902
58.395
58.395
58.3998
58.4044
58.4048
58.406
58.4069
58.4073
58.4073
58.4079
58.4092
58.411
58.4116
58.4119
58.412
58.4123
58.4123
58.4124
58.4128
58.4128
58.413
58.4134
58.4136
58.4137
58.4137
58.4138
58.4139
58.4141
58.4143
58.4143
58.4145
58.4147
58.4147
58.4148
58.4148
58.4149
58.4149
58.4149
58.4149
58.415
58.415
58.415
58.415
58.415
58.4151
58.4151
58.4151
58.4151
58.4152
58.4152
58.4152
58.4152
58.4152
58.4152
58.4152
58.4152
58.4152
58.4152
58.4152
58.4153
58.4153
58.4153
58.4153
58.4153
58.4153
58.4153
58.4153
58.4153
58.4153
58.9431
60.6362
60.6362
60.8284
61.2015
62.4462
62.8199
63.0684
63.6381
63.7864
64.1916
64.1916
64.4875
66.381
69.8555
70.3683
70.3683
71.4282
71.4282
71.4282
71.4282
71.4282
71.4374
71.7182
71.7849
72.3529
72.3529
72.3941
72.7224
72.9501
73.2542
73.6437
74.2485
74.6877
75.1998
75.8127
76.0314
77.1546
77.9071
79.0141
79.2334
79.9247
79.9942
79.9942
80.0392
81.1585
82.0326
81.9135
82.1787
82.1787
83.3789
83.9506
83.9506
83.9908
84.0635
84.0635
84.0635
84.1916
85.3012
86.1121
86.9052
86.9418
87.1502
87.3403
87.4587
87.9628
88.1549
88.4438
88.6021
89.5201
89.7029
89.7029
89.7144
89.7768
89.8328
89.9767
90.0697
90.8466
90.8466
90.9536
91.0108
91.0873
91.2997
91.3888
91.4841
91.6894
91.9732
92.4084
92.521
92.7053
93.2338
93.719
93.9741
93.9741
94.1894
94.6999
94.9817
95.1515
95.1529
95.3151
95.4311
95.4311
95.4972
95.5133
95.6013
95.646
95.6653
95.7369
95.785
95.8187
96.0272
96.0897
96.2266
96.2266
96.2489
96.3701
96.4175
96.5135
96.5683
96.7321
96.8461
96.8617
96.901
97.0436
97.1036
97.1193
97.1257
97.1585
97.223
97.2508
97.2609
97.2837
97.345
97.3568
97.3905
97.394
97.394
97.3968
97.3983
97.4032
97.4032
97.4054
97.4167
97.4354
97.4495
97.4519
97.4523
97.458
97.4629
97.4648
97.4691
97.4691
97.476
97.4764
97.4764
97.4782
97.4798
97.48
97.4816
97.4818
97.4837
97.4907
97.4915
97.5068
97.5068
97.5148
97.526
97.526
97.5288
97.533
97.5341
97.5341
97.5345
97.5346
97.5351
97.5353
97.536
97.5356
97.5367
97.5371
97.5377
97.5387
97.5391
97.5392
97.5438
97.5458
97.5473
97.5459
97.5525
97.5628
97.5714
97.5935
97.6185
97.6312
97.6327
97.6331
97.6337
97.6371
97.6391
97.6395
97.6412
97.6457
97.6458
97.6458
97.6461
97.6462
97.6474
97.6499
97.6513
97.652
97.6529
97.6536
97.6536
97.6538
97.654
97.654
97.6546
97.6556
97.6556
97.6562
97.6568
97.6568
97.6572
97.6572
97.6582
97.6586


8.77494
8.95814
9.19488
10.6187
10.7182
12.4111
13.73
14.347
15.8434
16.0429
17.5799
18.8789
21.5986
22.3545
25.0904
25.5963
28.0292
29.6198
30.6035
30.8694
32.2891
33.0085
33.2011
35.0479
35.1532
37.6987
39.2624
39.2624
39.6096
39.8471
40.6876
42.9788
43.1642
43.5232
44.0339
44.2833
44.3488
46.3381
46.3667
47.7664
47.7945
49.0401
49.0401
49.1034
49.1424
49.6169
49.6472
50.0406
50.2156
50.2798
50.3058
50.3072
50.765
50.7666
50.768
50.7753
50.9159
50.9159
50.9511
50.9686
50.9686
51.0151
51.0263
51.0416
51.0455
51.0733
51.0733
51.0955
51.108
51.108
51.108
51.1166
51.1244
51.1316
51.1445
51.1478
51.1666
51.1726
51.1838
51.1851
51.1865
51.1871
51.1897
51.1931
51.1938
51.1938
51.2
51.2003
51.2003
51.2004
51.2006
51.2006
51.2022
51.2043
51.2061
51.2066
51.2079
51.2091
51.2091
51.2092
51.2098
51.2106
51.2116
51.2127
51.2127
51.2127
51.213
51.213
51.213
51.2131
51.2133
51.2139
51.2139
51.214
51.214
51.214
51.2141
51.2143
51.2143
51.2144
51.2144
51.2144
51.2145
51.2145
51.2146
51.2146
51.2146
51.2146
51.2146
51.2146
51.2146
51.2147
51.2147
51.2148
51.2148
51.2148
51.2148
51.2148
51.2148
51.2148
51.2148
51.2148
51.2148
51.2148
51.2149
51.2149
51.2149
51.2149
51.2149
51.2149
51.2149
51.2149
51.2149
51.2149
51.2149
51.2149
51.2149
51.2149
51.2149
51.2149
51.2149
52.3628
53.7498
53.9205
53.9205
53.9989
54.0489
54.0489
54.0489
54.1627
54.1627
54.1627
54.1627
54.188
54.2159
54.2159
54.2159
54.2214
54.2672
54.2897
54.301
54.3067
54.3098
54.3114
54.3124
54.3129
54.3133
54.4431
54.534
54.6377
54.7372
54.7933
54.9822
55.19
55.3607
55.5204
55.6176
55.6464
55.6501
55.6501
55.7359
55.8863
55.9419
56.0738
56.0937
56.0937
56.1684
56.433
56.5078
56.5292
56.5292
56.6181
56.7154
56.9064
57.3263
57.3748
57.3868
57.4056
58.0929
58.2011
58.808
59.0525
59.3787
59.4263
60.3622
60.4599
60.7588
60.9848
61.2711
61.3824
61.5661
62.1041
62.3498
62.5503
62.6663
62.6884
62.8158
63.0192
63.0581
63.067
63.3007
63.5722
64.0751
64.2438
64.3423
64.9101
65.2557
65.3066
65.4277
65.4587
65.5806
65.6605
65.7928
65.83
65.9097
65.9462
65.999
66.2338
66.2373
66.3401
66.3401
66.4593
66.5466
66.5983
66.6499
66.7131
66.7189
66.7218
66.7513
66.7984
66.8384
67.0216
67.0256
67.1264
67.1264
67.136
67.1565
67.169
67.1732
67.2091
67.2624
67.2697
67.2697
67.2718
67.2718
67.3117
67.3366
67.3519
67.3592
67.3718
67.4449
67.4884
67.4958
67.5003
67.502
67.5522
67.5573
67.5587
67.5641
67.6401
67.6999
67.748
67.7637
67.7637
67.7667
67.7698
67.7704
67.7718
67.78
67.7908
67.8587
67.9517
68.0803
68.0996
68.1102
68.1555
68.199
68.1999
68.2897
68.3389
68.3389
68.3735
68.4318
68.4341
68.4521
68.4802
68.5074
68.5349
68.6831
68.7304
68.7766
69.0096
69.0135
69.0266
69.1064
69.1684
69.1814
69.1823
69.1989
69.2003
69.2051
69.2084
69.2102
69.2104
69.2118
69.2124
69.2179
69.223
69.2248
69.2279
69.2297
69.2336
69.2349
69.237
69.2374
69.2383
69.2394
69.2394
69.2396
69.2402
69.2415
69.242
69.242
69.243
69.2432
69.2435
69.2445
69.2448
69.2453
69.2458
69.2468
69.2501
69.2511
69.3042
69.3051
69.3059
69.3064
69.3067
69.3071
69.3077
69.3084
29.5023
69.3039
69.3051
69.3248
69.3321
69.3382
69.3441
69.3468
69.3474
69.3491
69.3506
69.3506
69.3506
69.3514
69.3514
69.3516
69.3517
69.3532
69.3533


6.94683
8.35508
10.8972
10.9866
11.3922
14.0716
14.3929
14.3929
16.6161
17.4989
17.6125
23.6032
23.9493
27.8971
27.8971
30.6548
32.5498
37.1476
37.6438
37.6438
39.5577
40.5552
43.7744
44.474
46.5212
47.6076
49.8636
49.901
54.2446
57.8806
57.8806
58.7291
59.6983
62.51
65.571
66.7464
68.7634
69.2393
70.7654
70.7654
71.6299
74.1495
74.6994
75.8315
75.8315
76.6718
78.6992
80.4871
80.6108
80.7123
81.052
81.1508
81.1508
81.2521
81.9211
81.9211
82.3648
82.4373
82.5808
82.6261
83.1839
83.098
83.3588
83.3588
83.4009
83.4526
83.6336
83.6494
83.6675
83.676
83.6939
83.7669
83.7709
83.8218
83.8218
83.8661
83.8745
83.9016
83.9275
83.9615
84.0028
84.0025
84.0411
84.0464
84.0464
84.05
84.0534
84.0642
84.0652
84.0802
84.0881
84.0869
84.0982
84.1005
84.102
84.1032
84.1039
84.1128
84.1143
84.1157
84.1188
84.1221
84.1229
84.1256
84.1262
84.1266
84.1275
84.1286
84.1299
84.1311
84.1317
84.1327
84.1328
84.1329
84.1334
84.1337
84.1337
84.1341
84.1343
84.135
84.1351
84.1352
84.1355
84.1355
84.1355
84.1357
84.1357
84.1357
84.1358
84.1358
84.1359
84.1359
84.1359
84.136
84.136
84.136
84.1361
84.1361
84.1361
84.1361
84.1361
84.1361
84.1361
84.1361
84.1362
84.1362
84.1362
84.1362
84.1362
84.1362
84.1362
84.1362
84.1362
84.1362
84.1362
84.1362
84.1362
84.1362
84.1362
84.1362
84.1362
84.1362
84.1362
84.1362
84.1362
84.1362
84.1362
84.1362
84.1362
84.1362
84.1362
84.1362
84.1362
84.1362
84.1362
84.1362
84.1362
84.1362
84.1362
84.1362
84.1362
84.1362
84.1362
84.1362
84.1362
84.1362
84.1362
84.1362
84.1362
84.1362
84.1362
84.1362
84.1362
84.1362
84.1362
84.1362
84.1362
84.1362
84.1362
84.1362
84.1362
84.1362
84.1362
84.1362
84.1362
84.1362
84.1362
84.1362
84.1362
84.1362
84.1362
84.1362
84.1362
84.1362
84.1362
84.1362
84.1362
84.1362
84.1362
84.1362
84.1362
84.1362
84.1362
84.1362
84.1362
84.1362
84.1362
84.1362
84.1362
84.1362
84.1362
84.1362
84.1362
84.1362
84.1362
84.1362
84.1362
84.1362
84.1362
84.1362
84.1362
84.1362
84.1362
84.1362
84.1362
84.1362
84.1362
84.1362
84.1362
84.1362
84.1362
84.1362
84.1362
84.1362
84.1362
84.1362
84.1362
84.1362
84.1362
84.1362
84.1362
84.1362
84.1362
84.1362
84.1362
84.1362
84.1362
84.1362
84.1362
84.1362
84.1362
84.1362
84.1362
84.1362
84.1362
84.1362
84.1362
84.1362
84.1362
84.1362
84.1362
84.1362
84.1362
84.1362
84.1362
84.1362
84.1362
84.1362
84.1362
84.1362
84.1362
84.1362
84.1362
84.1362
84.1362
84.1362
84.1362
84.1362
84.1362
84.1362
84.1362
84.1362
84.1362
84.1362
84.1362
84.1362
84.1362
84.1362
84.1362
84.1362
84.1362
84.1362
84.1362
84.1362
84.1362
84.1362
84.1362
84.1362
84.1362
84.1362
84.1362
84.1362
84.1362
84.1362
84.1362
84.1362
84.1362
84.1362
84.1362
84.1362
84.1362
84.1362
84.1362
84.1362
84.1362
84.1362
84.1362
84.1362
84.1362
84.1362
84.5541
84.5541
84.5541
84.5541
84.5541
84.5541
84.5541
84.5541
84.5541
84.5541
84.5541
84.5541
84.5541
84.5541
84.5541
84.5541
84.5541
84.8545
84.8545
84.8545
84.8545
72.0133
84.1362
84.1362
84.1362
84.1362
84.1362
84.1362
84.1362
84.1362
84.1362
84.1362
84.1362
84.1362
84.1362
84.1362
84.1362
84.1362
84.1362
84.1362
84.1362
84.1362
84.1362
84.1362
84.1362
84.1362
84.1362
84.1362
84.1362
84.1362
84.1362
84.1362
84.1362
84.1362
84.1362
84.1362
84.1362
84.1362
84.1362
84.1362


7.75284
10.8371
12.5254
12.5254
12.5254
12.6064
12.8687
13.2999
13.8678
14.2189
16.6259
17.0576
18.0611
18.5388
21.8488
21.8488
22.1148
22.2047
22.9946
23.8039
23.9816
27.0807
27.3617
27.4079
27.9696
27.9696
28.1973
30.1629
30.3759
30.7505
30.7505
30.814
31.3519
31.398
31.5644
31.8828
32.0493
32.9564
33.3321
33.3785
33.4679
33.4725
33.7197
33.7274
33.7503
33.9972
34.0659
34.1012
34.2281
34.2818
34.3892
34.3984
34.4338
34.4479
34.514
34.5803
34.5808
34.5808
34.6048
34.6458
34.662
34.6529
34.6597
34.7173
34.7173
34.7173
34.7177
34.7295
34.7342
34.7408
34.742
34.7492
34.7548
34.7559
34.7599
34.7665
34.7672
34.7688
34.7725
34.7821
34.7876
34.7915
34.7915
34.7915
34.7915
34.7919
34.7919
34.7946
34.7947
34.795
34.795
34.7956
34.7963
34.7966
34.7967
34.7972
34.7974
34.7976
34.7983
34.7984
34.7986
34.7987
34.7987
34.7988
34.7988
34.7991
34.7991
34.7992
34.7992
34.7993
34.7994
34.7993
35.3281
35.3282
35.3282
35.8605
37.5897
37.5897
37.5897
37.5897
37.5897
37.5897
37.6332
37.6332
37.6332
37.6332
37.6332
37.9763
37.9763
38.034
38.034
38.034
38.1258
38.1258
38.1258
38.1258
38.1258
38.1258
39.712
39.712
39.712
39.712
39.712
39.715
39.7162
39.7166
39.7166
40.2825
46.435
46.4375
48.1527
49.4592
49.4592
49.4592
49.4592
49.4592
49.4592
49.4592
50.0533
50.0533
50.727
50.8778
50.8778
50.93
51.7286
52.2331
53.0305
53.0305
53.0305
53.125
53.2138
52.3689
52.3815
52.8446
52.8671
53.1549
53.5397
54.3187
56.4365
56.4365
56.4365
56.4924
57.5643
57.5643
57.5643
57.7337
59.5668
59.5668
59.8267
59.835
59.8392
59.3609
61.1969
61.9297
62.397
62.4364
63.6374
63.6374
63.6374
64.0567
66.2333
67.9735
68.0447
68.4929
68.4929
68.5222
68.8104
68.8382
68.9494
69.0695
69.0939
69.2208
69.262
69.4569
69.5405
69.6292
69.7728
69.8279
69.8535
69.8988
70.2878
70.6005
70.9561
71.0705
71.1457
71.4022
71.7859
71.8953
71.9843
72.1744
72.2616
72.2989
72.5663
72.6229
72.7943
72.9017
73.1467
73.3146
73.3924
73.5262
73.5262
73.5262
73.566
73.5672
73.7086
73.73
73.7406
73.8084
73.8347
74.1089
74.1677
74.3026
74.515
74.6537
74.8786
74.9934
75.1114
75.17
75.2495
75.3172
75.3721
75.9317
75.9317
75.9317
76.4347
76.842
76.842
76.921
76.921
77.0245
77.0245
77.0386
77.1182
77.1657
77.1966
77.2152
77.2173
77.262
77.2735
77.2895
77.3597
77.3987
77.4059
77.4308
77.4884
77.489
77.6261
77.6412
77.7186
77.8222
77.8292
77.9143
78.1003
78.6503
79.1482
79.4341
80.2779
80.2784
80.6112
80.7347
80.7701
80.7701
80.7701
80.7709
80.943
80.943
80.9431
80.9435
80.9438
81.0873
81.1277
81.105
81.1592
81.1596
81.1596
81.1721
81.1759
81.2649
81.2649
81.2799
81.2799
81.2711
81.2973
81.2974
81.2974
81.3007
81.3097
81.3177
81.3246
81.3307
81.3705
81.4892
81.4898
81.4904
81.4904
81.5766
81.5822
81.5824
81.593
81.619
81.6265
81.6375
81.6576
81.6738
81.686
81.6908
81.693
81.7195
81.7345
81.744
81.7485
81.7481
81.7496
81.7496
81.7503
81.7504
81.7504
81.7511
81.7547
81.7547
81.7574
81.7612
81.7653
81.7672
81.7846
81.7855
81.7914
81.7946
81.799
81.8022
84.6223
84.7911
85.273
85.4808
86.0643
86.445
86.4452
86.4452
86.4453
86.4453
86.4453
86.369
86.4456
86.4473
86.4508
86.4516
86.4577
86.4577
86.4626
86.4763
86.5316
86.5545
86.5956
86.5994
86.6447
86.6447
86.6722
86.6723
86.6727
86.7927


8.85724
8.85724
8.99663
10.2162
10.405
12.071
12.071
12.8419
13.2809
13.4188
14.1806
15.8699
17.0753
17.4266
17.8899
18.6768
18.6768
23.897
29.2328
29.5679
31.5319
32.9805
36.2581
37.9608
42.959
44.5667
50.0075
51.4124
53.8811
56.692
62.2151
64.0444
64.0572
65.2511
65.6833
67.7718
72.019
72.3487
74.155
75.1766
76.6006
76.9951
78.2477
79.4752
81.9279
83.3307
83.987
86.7785
87.5983
87.9116
89.8898
90.6569
90.6569
92.0776
92.1787
92.7637
93.0071
93.3646
93.7538
94.5853
94.5853
94.755
95.2331
95.4047
95.6119
95.7252
95.7494
96.0318
96.1008
96.2709
96.2709
96.2994
96.4225
96.4458
96.4458
96.4944
96.5131
96.5967
96.6338
96.6509
96.6612
96.7044
96.716
96.7609
96.7609
96.8028
96.807
96.8189
96.8282
96.8559
96.8559
96.8711
96.881
96.8832
96.8904
96.9061
96.9096
96.9134
96.9192
96.9259
96.9285
96.935
96.9362
96.9376
96.939
96.9412
96.943
96.9447
96.9447
96.9447
96.948
96.9481
96.9488
96.9497
96.9505
96.9508
96.9512
96.9521
96.9524
96.9524
96.9527
96.9527
96.9527
96.9533
96.9534
96.9537
96.9538
96.9539
96.954
96.9541
96.9541
96.9543
96.9544
96.9544
96.9544
96.9546
96.9546
96.9546
96.9546
96.9547
96.9547
96.9547
96.9547
96.9547
96.9547
96.9548
96.9548
96.9548
96.9548
96.9548
96.9548
96.9548
96.9548
96.9548
96.9549
96.9549
96.9549
96.9549
96.9549
96.9549
96.9549
96.9549
96.9549
96.9549
96.9549
96.9549
96.9549
96.9549
96.9549
96.9549
96.9549
96.9549
96.9549
96.9549
96.9549
96.9549
96.9549
96.9549
96.9549
96.9549
96.9549
96.9549
96.9549
96.9549
96.9549
96.9549
96.9549
96.9549
96.9549
96.9549
96.9549
96.9549
96.9549
96.9549
96.9549
96.9549
96.9549
96.9549
96.9549
96.9549
96.9549
96.9549
96.9549
96.9549
96.9549
96.9549
96.9549
96.9549
96.9549
96.9549
96.9549
96.9549
96.9549
96.9549
96.9549
96.9549
96.9549
96.9549
96.9549
96.9549
96.9549
96.9549
96.9549
96.9549
96.9549
96.9549
96.9549
96.9549
96.9549
96.9549
96.9549
96.9549
96.9549
96.9549
96.9549
96.9549
96.9549
96.9549
96.9549
96.9549
96.9549
96.9549
96.9549
96.9549
96.9549
96.9549
96.9549
96.9549
96.9549
96.9549
96.9549
96.9549
96.9549
96.9549
96.9549
96.9549
96.9549
96.9549
96.9549
96.9549
96.9549
96.9549
96.9549
96.9549
96.9549
96.9549
96.9549
96.9549
96.9549
96.9549
96.9549
96.9549
96.9549
96.9549
96.9549
96.9549
96.9549
96.9549
96.9549
96.9549
96.9549
96.9549
96.9549
96.9549
96.9549
96.9549
96.9549
96.9549
96.9549
96.9549
96.9549
96.9549
96.9549
96.9549
96.9549
96.9549
96.9549
96.9549
96.9549
96.9549
96.9549
96.9549
96.9549
96.9549
96.9549
96.9549
96.9549
96.9549
96.9549
96.9549
96.9549
96.9549
96.9549
96.9549
96.9549
96.9549
96.9549
96.9549
96.9549
96.9549
96.9549
96.9549
96.9549
96.9549
96.9549
96.9549
96.9549
96.9549
96.9549
96.9549
96.9549
96.9549
96.9549
96.9549
96.9549
96.9549
96.9549
96.9549
96.9549
96.9549
96.9549
96.9549
96.9549
96.9549
96.9549
96.9549
96.9549
96.9549
96.9549
96.9549
96.9549
96.9549
96.9549
96.9549
96.9549
96.9549
96.9549
96.9549
96.9549
96.9549
96.9549
96.9549
96.9549
96.9549
96.9549
96.9549
96.9549
96.9549
96.9549
96.9549
96.9549
96.9549
96.9549
96.9549
96.9549
96.9549
96.9549
96.9549
96.9549
96.9549
96.9549
96.9549
96.9549
96.9549
96.9549
96.9549
96.9549
96.9549
96.9549
96.9549
96.9549
96.9549
96.9549
96.9549
96.9549
96.9549
96.9549
96.9549
96.9549
96.9549


7.06682
8.16925
8.92376
10.2629
11.1861
13.7971
13.7971
14.7265
16.0649
16.0649
17.8957
21.3196
24.8722
26.1578
26.1636
26.2576
31.0542
36.0059
40.3351
40.3635
42.8455
48.5484
49.8038
51.7166
54.655
54.655
55.3088
57.1311
57.8861
59.5662
61.3167
62.6639
62.6639
67.2691
67.9746
71.4078
71.4078
73.1607
74.1626
75.1534
75.2397
76.0844
76.9078
77.728
77.7916
78.517
78.7017
78.7767
79.4573
79.5072
79.5843
80.1682
80.2553
80.3177
80.6014
80.8589
80.9503
81.0303
81.1677
81.2235
81.4476
81.527
81.6948
81.804
81.8562
82.0837
82.138
82.141
82.229
82.229
82.2522
82.2974
82.3535
82.3547
82.3812
82.3898
82.3984
82.4089
82.4653
82.4653
82.4958
82.4965
82.5209
82.525
82.5258
82.5352
82.5432
82.5432
82.5529
82.5636
82.5657
82.5695
82.571
82.5726
82.5744
82.5747
82.5768
82.5784
82.5795
82.5801
82.5815
82.5843
82.5845
82.5856
82.5857
82.5861
82.5868
82.5868
82.5875
82.5876
82.5878
82.5886
82.5889
82.5895
82.5895
82.5896
82.5904
82.5904
82.5904
82.5905
82.5905
82.5906
82.5906
82.5908
82.5908
82.5909
82.591
82.591
82.5911
82.5911
82.5911
82.5912
82.5912
82.5913
82.5913
82.5913
82.5913
82.5913
82.5914
82.5914
82.5914
82.5914
82.5914
82.5914
82.5914
82.5914
82.5914
82.5915
82.5915
82.5915
82.5915
82.5915
82.5915
82.5915
82.5915
82.5915
82.5915
82.5915
82.5915
82.5915
82.5915
82.5915
82.5915
82.5915
82.5915
82.5915
82.5915
82.5915
82.5915
82.5915
82.5915
82.5915
82.5915
82.5915
82.5915
82.5915
82.5915
82.5915
82.5915
82.5915
82.5915
82.5915
82.5915
82.5915
82.5915
82.5915
82.5915
82.5915
82.5915
82.5915
82.5915
82.5915
82.5915
82.5915
82.5915
82.5915
82.5915
82.5915
82.5915
82.5915
82.5915
82.5915
82.5915
82.5915
82.5915
82.5915
82.5915
82.5915
82.5915
82.5915
82.5915
82.5915
82.5915
82.5915
82.5915
82.5915
82.5915
82.5915
82.5915
82.5915
82.5915
82.5915
82.5915
82.5915
82.5915
82.5915
82.5915
82.5915
82.5915
82.5915
82.5915
82.5915
82.5915
82.5915
82.5915
82.5915
82.5915
82.5915
82.5915
82.5915
82.5915
82.5915
82.5915
82.5915
82.5915
82.5915
82.5915
82.5915
82.5915
82.5915
82.5915
82.5915
82.5915
82.5915
82.5915
82.5915
82.5915
82.5915
82.5915
82.5915
82.5915
82.5915
82.5915
82.6383
82.6383
82.7215
84.9016
84.9016
85.4974
86.3064
86.3064
86.6996
86.6996
86.7534
86.7534
86.7696
87.0613
87.6283
87.6634
87.7138
87.8028
87.8797
88.3847
88.6547
88.6547
88.9281
88.9281
88.9281
88.9303
88.9303
88.9303
89.0035
89.0081
89.0081
89.0597
89.3638
89.5703
89.6298
89.6456
89.6494
89.7351
89.7568
90.0207
90.2679
90.4957
90.5463
90.5463
90.5463
90.5623
90.5623
90.6682
90.7214
90.9653
90.9653
90.9653
90.9939
90.9939
91.028
91.1481
91.2033
91.2165
91.5207
91.5207
91.665
91.665
91.665
91.675
91.706
91.7779
91.7779
91.7779
91.7813
91.7813
91.7843
91.7843
92.4704
93.829
94.7
95.1016
95.1016
95.1016
95.3901
95.3901
95.788
95.788
95.8821
95.8821
95.8821
95.9887
95.9887
96.293
96.416
96.4459
96.5104
96.5904
96.6175
96.6316
96.7485
96.8527
96.8902
96.9733
97.0872
97.1241
97.2645
97.3142
97.4498
97.4616
97.4888
97.5371
97.5563
97.6038
97.6258
97.7039
97.7526
97.7631
97.8848
97.932
97.9472
97.9839
98.1129
98.1129
98.1326
98.2103
98.226
98.2293
98.2346
98.2367
98.2458
98.2529
98.2531
98.2531
98.2534
98.2534
98.2542
98.2576
98.2585
98.2599
98.2599
98.2599
98.2606


8.16548
9.74895
11.0255
11.5862
11.5862
12.7274
13.5695
14.5124
15.6801
17.09
17.1277
18.778
19.1653
20.2491
21.7206
22.2366
23.5711
25.1647
26.5731
26.6697
26.6857
27.0563
28.4689
30.8843
31.7001
33.4439
33.5711
35.3698
35.5455
38.897
39.2918
39.4937
40.0098
40.1427
40.838
40.8779
41.2545
42.3429
42.8673
43.1527
43.1739
43.5672
44.4998
44.7932
46.8475
50.6945
50.7713
51.7729
51.7729
54.2623
54.2623
54.0769
55.6455
56.0947
56.1272
56.3027
57.3058
57.5636
58.4763
59.0483
59.7929
60.5093
60.5143
60.5258
60.9554
61.2205
61.2351
61.2351
61.7054
61.9894
62.5006
62.7934
62.8229
62.8692
63.2231
63.2419
63.2435
63.2652
63.2662
63.6885
63.6918
63.892
63.892
64.0689
64.0853
64.087
64.146
64.2332
64.3881
64.4782
64.4787
64.4789
64.5258
64.6138
64.6274
64.6274
64.6307
64.631
64.6747
64.7012
64.7123
64.7123
64.7184
64.7186
64.7494
64.7531
64.7697
64.7807
64.7879
64.788
64.788
64.7948
64.7949
64.7991
64.8006
64.8107
64.9596
65.1125
65.8786
65.879
66.0411
66.0666
66.5046
66.7906
66.7945
67.1922
67.4804
67.4924
67.4926
67.4942
67.7583
67.891
67.9476
67.979
67.9997
68.0799
68.1734
68.338
68.4515
68.5076
70.7155
70.7163
70.7166
71.2248
71.225
71.2256
71.2259
71.2259
71.2259
71.5159
71.5159
71.6353
72.6702
72.6702
72.6703
72.9814
73.9234
75.5357
76.1978
78.3449
78.543
78.8612
78.8612
79.1928
79.2793
79.2793
79.6271
79.6271
79.7104
79.7104
79.7104
79.7105
79.7105
79.7105
80.337
80.7219
80.7219
80.8708
80.8708
81.1027
81.1027
78.1932
78.1932
79.0942
80.9885
80.9885
80.9886
80.9886
80.9886
80.9886
80.9886
78.2721
78.7764
79.9646
81.1308
81.1308
81.1308
81.1954
81.1954
81.4273
81.4273
79.4149
81.2936
81.4211
81.5183
81.5183
81.5991
81.6126
81.6126
81.6956
81.723
81.723
81.764
81.7806
81.7806
81.8669
81.924
81.9652
81.9943
82.0141
82.0288
82.039
82.0458
82.0515
82.0558
82.0592
82.0621
82.0644
82.066
82.0671
82.068
82.0685
82.0689
82.0691
82.0693
82.0695
82.0697
82.0697
82.0698
82.0699
82.0699
82.0699
82.07
82.07
82.07
82.07
82.07
82.07
82.07
82.07
82.07
82.07
82.07
82.07
82.07
82.07
82.07
82.07
82.07
82.07
82.07
82.07
82.07
82.07
82.07
82.07
82.07
82.07
82.07
82.07
82.07
82.07
82.07
82.07
82.07
82.07
82.07
82.07
82.07
82.07
82.07
82.07
82.07
82.1349
82.227
82.4009
82.6026
82.6026
82.6026
82.6026
82.6071
82.6071
82.6258
82.6455
82.647
82.6672
82.6724
82.6745
82.6745
82.6778
82.6778
82.7269
82.7269
82.7269
82.7364
82.7711
82.7735
82.7785
82.7785
82.7855
82.7905
82.7913
82.8003
82.8031
82.8037
82.8125
82.8125
82.8545
82.8555
82.8555
82.8696
82.869
82.8694
82.8732
82.8801
82.8858
82.8858
82.8921
82.8936
82.8962
82.9019
82.9105
82.9105
82.9105
82.9105
82.9105
82.9156
82.9205
82.9205
82.9205
82.9212
82.924
82.9296
82.9298
82.9298
82.9298
82.9298
82.9301
82.9315
82.9315
82.9316
82.9462
82.9462
82.9513
82.9513
82.9513
82.9567
82.9567
82.9608
82.9608
82.9615
82.9589
82.9619
82.9619
82.9642
82.9663
82.9668
82.9694
82.9694
82.9704
82.9704
82.9685
82.973
82.973
82.9733
82.9733
82.9733
82.9735
82.9743
82.9762
82.9762
82.9765
82.9765
82.9773
82.9779
82.9779
82.9779
82.978
82.9786
82.9791
82.9803
82.9807
82.9815
82.9815
82.9815
82.9817
82.9817
82.9818
82.9819
82.9825


8.27733
9.73505
9.76981
11.6708
13.9615
13.9615
15.3514
16.9247
17.9594
20.5832
20.6092
24.4188
24.9485
25.6645
27.0748
27.9503
28.2952
29.4151
30.5635
30.9784
31.3575
33.6086
34.0026
34.4355
34.5956
35.5028
35.5842
36.613
36.7422
36.8847
36.8847
36.8915
37.0842
37.4683
37.6797
37.6797
37.727
37.7524
38.0586
38.1438
38.2462
38.2462
38.2519
38.3667
38.4392
38.515
38.5554
38.5982
38.6317
38.6598
38.6936
38.7126
38.7219
38.7395
38.7672
38.7741
38.7757
38.7945
38.8054
38.8197
38.8278
38.8285
38.8325
38.8325
38.8354
38.8416
38.8416
38.8496
38.8535
38.8541
38.8577
38.858
38.8599
38.8623
38.8626
38.8655
38.8673
38.8673
38.8677
38.8687
38.8689
38.8701
38.8709
38.8713
38.8721
38.873
38.8731
38.8734
38.8736
38.874
38.8743
38.8744
38.8747
38.8749
38.8754
38.8756
38.8756
38.8757
38.8759
38.8761
38.8763
38.8763
38.8764
38.8764
38.8765
38.8765
38.8765
38.8766
38.8766
38.8766
38.8766
38.8767
38.8767
38.8767
38.8767
38.8767
38.8767
38.8768
38.8768
38.8768
38.8768
38.8768
38.8768
38.8768
38.8768
38.8768
38.8768
38.8768
38.8768
38.8768
38.8768
38.8768
38.8768
38.8768
38.8768
38.8768
38.8768
38.8768
38.8768
38.8768
38.8768
38.8768
38.8769
38.8769
38.8769
38.8769
38.8769
38.8769
38.8769
38.8769
38.8769
38.8769
38.8769
38.8769
38.8769
38.8769
38.8769
38.8769
38.8769
38.8769
38.8769
38.8769
38.8769
38.8769
38.8769
38.8769
38.8769
38.8769
39.2418
39.5803
39.7658
39.8776
40.0333
40.0879
40.1453
40.1975
40.2916
40.3381
40.3613
40.3731
40.399
40.4664
40.5176
40.5811
40.6272
40.6558
40.6812
40.7623
40.8603
41.0162
41.5213
42.0496
42.6131
43.1579
43.8603
45.4788
45.4788
46.5834
47.2677
48.7244
50.5338
51.3695
51.7395
51.7395
51.7662
51.7662
51.7662
51.8397
51.8397
51.8397
51.8397
51.8026
52.0491
52.0491
52.0778
52.1361
52.1589
52.6675
53.0323
53.4933
54.0159
54.1249
54.696
54.8563
55.7109
56.5347
56.5613
56.6577
56.6577
56.7209
56.7209
56.7209
56.7209
56.7209
56.7209
56.7397
56.7468
56.8029
56.8029
56.8029
56.8055
56.8055
56.8069
56.8069
56.8069
56.8069
56.8076
56.8076
56.8076
56.8076
56.8076
56.8076
56.8076
56.8076
56.8076
56.8077
56.8078
56.8078
56.8079
56.8079
56.8079
56.8081
56.8084
56.8084
56.8086
56.8086
56.8117
56.8134
56.8167
56.8216
56.8224
56.8298
56.8371
56.8446
56.8572
56.8833
56.905
56.905
56.9054
56.9054
56.9056
56.9056
56.9056
56.9058
56.9058
56.9059
56.9059
56.9059
56.9059
56.9062
56.9065
56.9067
56.9068
56.9068
56.907
56.907
56.907
56.907
56.9079
56.9084
56.9087
56.909
56.9096
56.914
56.9231
56.9314
56.9385
56.9467
56.9598
56.9684
56.9726
56.9791
57.0695
57.1159
57.1925
57.2932
57.3606
57.5563
58.0111
58.7398
59.1066
59.498
60.3204
61.1741
61.1741
61.2084
61.2113
61.2425
61.257
61.2903
61.3141
61.3469
61.3824
61.4459
61.5013
61.5299
61.5465
61.5543
61.5558
61.5558
61.5558
61.5558
61.5785
61.6236
61.64
61.6411
61.6437
61.6454
61.6504
61.6595
61.6633
61.677
61.6853
61.6994
61.7187
61.7496
61.7709
61.7845
61.7981
61.8509
61.8836
62.0178
62.0234
62.028
62.028
62.0293
62.0474
62.0722
62.0802
62.0864
62.0917
62.0783
62.1317
62.132
62.132
62.1335
62.1381
62.1409
62.1429
62.1429
62.1437
62.1436
62.1442
62.1442
62.1445
62.1446
62.1457
62.146
62.146
62.1461
62.1464
62.1464
62.1464
62.1464
62.1464
62.1464
62.1464
62.1467
62.1467
62.1467


8.0191
8.0191
8.39297
10.1719
10.7378
11.1946
12.0459
12.4865
14.197
16.34
17.1026
17.1683
17.7589
17.919
19.1015
20.7359
21.0375
22.8742
24.9778
25.1454
27.2614
27.2614
28.3662
30.9783
31.5568
34.3005
34.8824
38.5537
38.7175
41.424
43.8395
50.2351
50.2351
54.7284
63.4503
66.9777
70.3868
71.1919
71.449
74.4946
74.4946
75.3385
76.899
77.502
80.7777
80.7777
82.6362
83.7558
84.139
85.7156
87.2866
87.9028
88.7493
90.3996
90.4575
91.2512
91.8616
92.0029
92.2936
92.7446
92.9945
93.3326
93.4673
93.7635
94.3592
94.5316
94.5316
94.5433
94.665
94.8157
94.9091
94.9447
95.1054
95.128
95.2748
95.3494
95.3533
95.3533
95.4015
95.4886
95.5514
95.5891
95.6058
95.633
95.6573
95.6921
95.7191
95.7249
95.7316
95.7661
95.7751
95.7827
95.7871
95.7871
95.7932
95.8125
95.8125
95.814
95.8211
95.824
95.8372
95.8372
95.8396
95.8399
95.8417
95.8438
95.8443
95.846
95.846
95.8469
95.8471
95.8479
95.8496
95.8509
95.8512
95.8521
95.8523
95.8529
95.8531
95.8535
95.8535
95.8538
95.8539
95.8542
95.8545
95.8545
95.8545
95.8549
95.855
95.8551
95.8552
95.8552
95.8552
95.8554
95.8554
95.8556
95.8558
95.8558
95.8559
95.856
95.856
95.8561
95.8561
95.8561
95.8561
95.8562
95.8562
95.8563
95.8563
95.8563
95.8563
95.8563
95.8563
95.8564
95.8564
95.8564
95.8564
95.8564
95.8564
95.8564
95.8564
95.8564
95.8564
95.8564
95.8564
95.8564
95.8564
95.8564
95.8564
95.8564
95.8564
95.8564
95.8564
95.8564
95.8564
95.8564
95.8564
95.8564
95.8564
95.8564
95.8564
95.8564
95.8564
95.8564
95.8564
95.8564
95.8564
95.8564
95.8564
95.8564
95.8564
95.8564
95.8564
95.8564
95.8564
95.8564
95.8564
95.8564
95.8564
95.8564
95.8564
95.8564
95.8564
95.8564
95.8564
95.8564
95.8564
95.8564
95.8564
95.8564
95.8564
95.8564
95.8564
95.8564
95.8564
95.8564
95.8564
95.8564
95.8564
95.8564
95.8564
95.8564
95.8564
95.8564
95.8564
95.8564
95.8564
95.8564
95.8564
95.8564
95.8564
95.8564
95.8564
95.8564
95.8564
95.8564
95.8564
95.8564
95.8564
95.8564
95.8564
95.8564
95.8564
95.8564
95.8564
95.8564
95.8564
95.8564
95.8564
95.8564
95.8564
95.8564
95.8564
95.8564
95.8564
95.8564
95.8564
95.8564
95.8564
95.8564
95.8564
95.8564
95.8564
95.8564
95.8564
95.8564
95.8564
95.8564
95.8564
95.8564
95.8564
95.8564
95.8564
95.8564
95.8564
95.8564
95.8564
95.8564
95.9083
95.9083
95.9083
95.869
95.9036
95.9086
95.9848
95.9851
95.9851
95.9851
95.9851
95.9851
95.9851
95.9432
95.9432
96.0154
96.0154
96.0154
96.0785
96.0785
96.1367
96.1367
96.1367
96.1175
96.1308
96.3713
96.3713
96.3713
96.3713
96.3713
96.3713
96.3713
96.3855
96.3855
96.3934
96.3934
96.4069
96.4097
96.4265
96.4494
96.4494
96.4494
96.4494
96.459
96.459
96.459
96.459
96.4615
96.4615
96.4615
96.466
96.4683
96.4692
96.4696
96.4699
96.4912
96.4912
96.4912
96.5045
96.5045
96.507
96.5107
96.5107
96.5386
96.546
96.546
96.546
96.546
96.546
96.546
96.546
96.5484
96.5484
96.5492
96.5492
96.5531
96.5543
96.5545
96.5545
96.5547
96.5547
96.5548
96.5614
96.5617
96.5617
96.5629
96.5637
96.564
96.5641
96.5645
96.5645
96.5646
96.5646
96.5638
96.5638
96.5653
96.5666
96.5674
96.568
96.5685
96.5685
96.5696
96.5701
96.581
96.8816
96.9011
96.9011
96.9177
97.0853
97.1754
97.1754
97.2367
97.3918
97.4551
97.5401
97.7497
97.7867
97.8147
97.8252
98.0107
98.0117
98.0117


7.5696
8.24969
8.44779
12.7039
13.1055
15.1176
17.716
18.2934
21.5767
24.6111
29.1052
29.1867
32.5102
33.1235
36.862
36.862
39.4063
46.3116
53.2033
53.2033
55.0427
55.2829
58.1992
62.0307
62.2781
64.0746
64.8743
65.6316
69.2296
71.4547
71.9859
74.9154
74.9154
76.3974
76.9764
82.0773
82.3322
82.7958
83.5936
84.1178
85.1316
85.9215
87.0012
88.3325
88.8545
89.3692
89.5904
90.9165
91.1643
91.1893
91.359
91.5786
91.8529
91.9631
91.9642
92.3006
92.488
92.488
92.823
92.823
92.9481
93.0079
93.062
93.152
93.2699
93.2699
93.3259
93.3315
93.4646
93.511
93.5402
93.5643
93.5712
93.5783
93.623
93.623
93.6438
93.6725
93.7403
93.7403
93.7403
93.7561
93.7707
93.7871
93.7871
93.7944
93.8
93.8057
93.8083
93.8208
93.8221
93.8237
93.8279
93.8459
93.8475
93.8524
93.8527
93.8603
93.8666
93.8668
93.8689
93.8736
93.874
93.8794
93.8801
93.8802
93.8834
93.8856
93.8861
93.8861
93.8879
93.8879
93.8881
93.8929
93.8929
93.893
93.893
93.8956
93.8979
93.8979
93.8989
93.8989
93.8989
93.8996
93.8997
93.8999
93.9002
93.9005
93.9005
93.9005
93.9013
93.9011
93.9014
93.9014
93.9016
93.9016
93.9018
93.9018
93.9018
93.9022
93.9022
93.9022
93.9023
93.9023
93.9023
93.9024
93.9024
93.9024
93.9024
93.9024
93.9024
93.9024
93.9025
93.9025
93.9025
93.9025
93.9026
93.9026
93.9026
93.9026
93.9026
93.9026
93.9026
93.9026
93.9026
93.9026
93.9026
93.9026
93.9026
93.9027
93.9027
93.9027
93.9027
93.9027
93.9027
93.9027
93.9027
93.9027
93.9027
93.9027
93.9027
93.9027
93.9027
93.9027
93.9027
93.9027
93.9027
93.9027
93.9027
93.9027
93.9027
93.9027
93.9027
93.9027
93.9027
93.9027
93.9027
93.9027
93.9027
93.9027
93.9027
93.9027
93.9027
93.9027
93.9027
93.9027
93.9027
93.9027
93.9027
93.9027
93.9027
93.9027
93.9027
93.9027
93.9027
93.9027
93.9027
93.9027
93.9027
93.9027
93.9027
93.9027
93.9027
93.9027
93.9027
93.9027
93.9027
93.9027
93.9027
93.9027
93.9027
93.9027
93.9027
93.9027
93.9027
93.9027
93.9027
93.9027
93.9027
93.9027
93.9027
93.9027
93.9027
93.9027
93.9027
93.9027
93.9027
93.9027
93.9027
93.9027
93.9027
93.9027
93.9027
93.9027
93.9027
93.9027
93.9027
93.9027
93.9027
93.9027
93.9027
93.9027
93.9027
93.9027
93.9027
93.9027
93.9027
93.9027
93.9027
93.9027
93.9027
93.9027
93.9027
93.9027
93.9027
93.9027
93.9027
93.9027
93.9027
93.9027
93.9027
93.9027
93.9027
93.9027
93.9027
93.9027
93.9027
93.9027
93.9027
93.9027
93.9027
93.9027
93.9027
93.9027
93.9027
93.9027
93.9027
93.9027
93.9027
93.9027
93.9027
93.9027
93.9027
93.9027
93.9027
93.9027
93.9027
93.9027
93.9027
93.9027
93.9027
93.9027
93.9027
93.9027
93.9027
93.9027
93.9027
93.9027
93.9027
93.9027
93.9027
93.9027
93.9027
93.9027
93.9027
93.9027
93.9027
93.9027
93.9027
93.9027
93.9027
93.9027
93.9027
93.9027
93.9027
93.9027
93.9027
93.9027
93.9027
93.9027
93.9027
93.9027
93.9027
93.9027
93.9027
93.9027
93.9027
93.9027
93.9027
93.9027
93.9027
93.9027
93.9027
93.9027
93.9027
93.9027
93.9027
93.9027
93.9027
93.9027
93.9027
93.9027
93.9027
93.9027
93.9027
93.9027
93.9027
93.9027
93.9027
93.9027
93.9027
93.9027
93.9027
93.9027
93.9027
93.9027
93.9027
93.9027
93.9027
93.9027
93.9027
93.9027
93.9027
93.9027
93.9027
93.9027
93.9027
93.9027
93.9027
93.9027
93.9027
93.9027
93.9027
93.9027
93.9027
93.9027
93.9027
93.9027
93.9027
93.9027


8.52878
9.11683
10.8388
10.8388
11.5049
12.8481
12.8481
12.8481
13.5371
17.3244
18.8262
21.4992
25.0129
25.6361
30.8716
30.9889
30.9943
32.3457
35.7346
35.7346
35.9751
39.9329
41.1943
42.0195
49.5813
49.683
54.7807
54.8972
56.6329
59.3603
64.5273
69.5004
69.6387
70.0342
70.0916
70.5876
73.0504
74.7717
76.8331
77.37
79.3327
79.6002
79.9645
80.218
80.7531
82.555
82.9353
83.0692
85.9689
86.1368
86.2752
88.0148
88.1002
88.7431
88.9921
89.0997
89.3097
89.3097
89.4714
89.4847
89.4867
89.7594
89.8629
89.9024
89.9024
89.9932
90.0036
90.0769
90.1192
90.1884
90.1887
90.2211
90.2549
90.2877
90.3516
90.3705
90.3844
90.411
90.4431
90.4662
90.4831
90.5059
90.5145
90.5163
90.5303
90.5316
90.5321
90.5743
90.5766
90.5766
90.5775
90.5903
90.5933
90.5935
90.5943
90.6012
90.6012
90.6082
90.6098
90.6098
90.6098
90.6124
90.613
90.6165
90.6259
90.6321
90.6326
90.6327
90.6354
90.6394
90.64
90.6421
90.6424
90.6435
90.6435
90.6446
90.6448
90.645
90.6463
90.6463
90.6477
90.6485
90.6505
90.6505
90.6507
90.6507
90.6512
90.6512
90.6518
90.6519
90.6526
90.6526
90.6526
90.6533
90.6533
90.6534
90.6534
90.6534
90.6534
90.6539
90.6539
90.654
90.6542
90.6542
90.6542
90.6542
90.6542
90.6543
90.6545
90.6545
90.6546
90.6544
90.6544
90.6546
90.6546
90.6546
90.6547
90.6547
90.6768
90.6768
90.6768
91.0487
91.0487
91.0487
91.0763
91.0777
91.0777
91.0777
91.0795
91.1909
91.1909
91.1909
91.2754
91.2754
91.548
91.548
91.548
91.548
91.548
91.548
91.548
91.5679
91.6192
91.6192
91.6849
91.6849
91.7085
91.7476
91.7476
91.7559
91.7653
91.7777
91.8255
92.0856
92.6785
93.5816
93.5816
93.5904
93.5904
93.6028
93.6028
93.6028
93.6055
93.614
93.6141
93.6141
93.6163
93.6163
93.6168
93.6168
93.6176
79.4348
91.8916
91.8916
91.894
91.8946
91.8946
91.8969
91.8969
91.8979
91.8979
91.8979
91.8979
91.8985
91.8987
91.8987
91.8987
91.8991
91.8994
91.8995
91.9007
91.9007
91.9007
91.9007
91.9008
91.9008
91.9011
91.9014
91.9014
91.9014
91.9019
91.9018
91.9018
91.9018
91.9018
91.9019
91.902
91.902
91.9021
91.9021
91.9021
91.9022
91.9022
91.9022
91.9022
91.9022
91.9023
91.9023
91.9023
91.9023
91.9023
91.9023
91.9024
91.9024
91.9024
91.9024
91.9024
91.9024
91.9024
91.9024
91.9024
91.9024
91.9024
91.9024
91.9024
91.9024
91.9024
91.9024
91.9024
91.9024
91.9024
91.9024
91.9024
91.9024
91.9024
91.9024
91.9024
91.9024
91.9024
91.9024
91.9024
91.9024
91.9024
91.9024
91.9024
91.9024
91.9024
91.9024
91.9024
91.9024
91.9024
91.9024
91.9024
91.9024
91.9024
91.9024
91.9024
91.9024
91.9024
91.9024
91.9024
91.9024
91.9024
91.9024
91.9024
91.9024
91.9024
91.9024
92.2519
92.2519
92.2519
79.066
91.9024
91.9024
91.9024
91.9024
91.9024
91.9024
91.9024
91.9024
91.9024
91.9024
91.9024
91.9024
91.9024
91.9024
91.9024
91.9024
91.9024
91.9024
91.9024
91.9024
91.9024
91.9024
91.9024
91.9024
91.9024
91.9024
91.9024
91.9024
91.9024
91.9024
91.9024
91.9024
91.9024
91.9024
91.9024
91.9024
91.9024
91.9024
91.9024
91.9024
91.9024
91.9024
91.9024
91.9024
91.9024
91.9024
91.9024
91.9024
91.9024
91.9024
91.9024
91.9024
91.9024
91.9024
91.9024
91.9024
91.9024
91.9024
91.9024
91.9024
91.9024
91.9024
91.9024
91.9024
91.9024
91.9024
91.9024
91.9024
91.9024
91.9024
91.9024
91.9024
91.9024
91.9024
91.9024
91.9024
91.9024
92.3808


7.53744
10.002
10.9713
10.9713
12.6878
12.6878
12.9539
14.1623
14.1623
14.9094
17.547
18.7898
20.6205
25.1786
25.8283
27.2442
28.8692
30.8872
31.9955
35.3351
35.3351
35.3412
35.3917
36.7409
38.4596
41.6261
41.9343
47.8214
49.9651
50.2475
53.1555
53.3113
56.1863
56.1863
56.636
60.2339
60.2339
62.0665
63.2127
65.7286
70.6994
71.0154
72.6358
72.7694
72.9397
73.6632
76.7084
76.7084
76.715
77.6621
78.0255
78.8238
79.0075
79.6273
79.8301
80.4718
81.2735
81.2735
82.2874
82.337
82.5272
82.5272
82.7196
82.8401
82.9943
83.504
83.5859
83.7779
83.9002
83.9804
84.9359
84.9711
85.3118
85.3314
85.4099
85.4347
85.4347
85.5031
85.7049
85.7063
85.7343
85.8278
85.8322
85.8426
85.9722
86.0856
86.1587
86.1676
86.2681
86.2903
86.2915
86.3336
86.3336
86.3521
86.3522
86.4161
86.4539
86.4582
86.4609
86.4698
86.5061
86.508
86.5166
86.5192
86.5215
86.5273
86.5283
86.5386
86.5386
86.5386
86.5395
86.5522
86.5526
86.5634
86.5639
86.5738
86.5738
86.5741
86.5776
86.592
86.592
86.592
86.5925
86.5938
86.5984
86.5999
86.6015
86.6022
86.6029
86.6053
86.6054
86.6056
86.6072
86.6078
86.6078
86.6084
86.6084
86.6098
86.6105
86.6105
86.6118
86.6119
86.6129
86.6132
86.6132
86.6132
86.6132
86.6141
86.6141
86.6143
86.6143
86.6146
86.6147
86.6149
86.6154
86.6154
86.6155
86.616
86.616
86.616
86.616
86.6162
86.6162
86.6164
86.6164
86.6166
86.6166
86.6166
86.6166
86.6166
86.6167
86.6167
86.6169
86.6169
86.617
86.6171
86.6172
86.6172
86.6172
86.6172
86.6172
86.6173
86.6173
86.6173
86.6173
86.6173
86.6174
86.6174
86.6174
86.6174
86.6174
86.6175
86.6175
86.6175
86.6175
86.6175
86.6175
86.6175
86.6175
86.6175
86.6175
86.6175
86.6175
86.6175
86.6175
86.6175
86.6175
86.6175
86.6175
86.6175
86.6175
86.6175
86.6175
86.6175
86.6175
86.6175
86.6175
86.6175
86.6175
86.6175
86.6175
86.6175
86.6175
86.6175
86.6175
86.6175
86.6175
86.6175
86.6175
86.6175
86.6175
86.6175
86.6175
86.6175
86.6175
86.6175
86.6175
86.6175
86.6175
86.6175
86.6175
86.6175
86.6175
86.6175
86.6175
86.6175
86.6175
86.6175
86.6175
86.6175
86.6175
86.6175
86.6175
86.6175
86.6175
86.6175
86.6175
86.6175
86.6175
86.6175
86.6175
86.6175
86.6175
86.6175
86.6175
86.6175
86.6175
86.6175
86.6175
86.6175
86.6175
86.6175
86.6175
86.6175
86.6175
86.6175
86.6175
86.6175
86.6175
86.6175
86.6175
86.6175
86.6175
86.6175
86.6175
86.6175
86.6175
86.6175
86.6175
86.6175
86.6175
86.6175
86.6175
86.6175
86.6175
86.6175
86.6175
86.6175
86.6175
86.6175
86.6175
86.6175
86.6175
86.6175
86.6175
86.6175
86.6175
86.6175
86.6175
86.6175
86.6175
86.6175
86.6175
86.6175
86.6175
86.6175
86.6175
86.6175
86.6175
86.6175
86.6175
86.6175
86.6175
86.6175
86.6175
86.6175
86.6175
86.6175
86.6175
86.6175
86.6175
86.6175
86.6175
86.6175
86.6175
86.6175
86.6175
86.6175
86.6175
86.6175
86.6175
86.6175
86.6175
86.6175
86.6175
86.6175
86.6175
86.6175
86.6175
86.6175
86.6175
86.6175
86.6175
86.6175
86.6175
86.6175
86.6175
86.6175
86.6175
86.6175
86.6175
86.6175
86.6175
86.6175
86.6175
86.6175
86.6175
86.6175
86.6175
86.6175
86.6175
86.6175
86.6175
86.6175
86.6175
86.6175
86.6175
86.6175
86.6175
86.6175
86.6175
86.6175
86.6175
86.6175
86.6175
86.6175
86.6175
86.6175
86.6175
86.6175
86.6175
86.6175
86.6175
86.6175
86.6175
86.6175
86.6175
86.6175
86.6175
86.6175


8.34292
8.60225
8.96735
9.32467
11.9466
11.9466
13.6814
14.3272
17.0652
17.0652
18.9649
18.3228
18.3228
18.4553
21.0544
25.6866
26.0529
26.1224
26.3901
31.801
33.6537
34.4562
34.7232
38.8114
38.8114
40.7919
42.9913
42.9913
44.6761
45.3775
48.8375
50.645
51.983
56.3442
58.4307
58.7903
61.5035
61.7958
62.8913
63.4894
66.6329
65.5656
67.0111
68.2666
68.9122
69.0024
70.8578
70.9837
71.7935
71.8999
72.0314
72.1683
72.5842
72.9133
73.0859
73.2768
73.3412
73.5334
73.9176
74.1242
74.1288
74.1804
74.2393
74.5
74.5
74.5221
74.544
74.546
74.6574
74.7713
74.7713
74.8014
74.8526
74.8948
74.9154
74.9376
76.1183
76.1445
76.1551
76.1551
76.1551
76.1633
76.1641
76.1722
76.1722
76.1722
76.1777
76.1887
76.1887
76.1896
76.1896
76.1896
76.8383
77.184
77.1867
77.3361
77.3377
77.338
77.338
77.34
77.3401
78.0202
79.5048
79.5048
80.9753
80.9757
81.0946
81.9132
81.9431
82.5958
82.5958
82.5959
82.5959
83.5138
83.8811
85.8004
87.5805
87.5805
87.7074
87.9254
89.3865
90.0992
90.0993
90.0993
90.5205
91.2578
91.8022
91.8022
91.8022
91.8022
92.4514
92.4514
92.4514
93.5564
94.0068
94.0068
94.3143
95.0962
95.3465
95.3465
95.5647
95.5647
95.6567
95.6567
95.6567
95.6567
96.1514
96.2583
96.3271
96.3271
96.3271
96.3271
97.0176
97.0176
97.6561
97.9784
97.9784
97.9784
97.9784
97.9784
97.9784
97.7642
98.164
98.164
98.164
98.3142
98.4092
98.4092
98.4092
98.4092
98.4664
98.4664
98.4664
98.6737
98.6737
98.7046
98.8129
98.9431
98.9431
98.9448
98.9677
98.9724
99.0137
99.0137
99.0137
99.0386
99.0807
99.1017
99.1492
99.1492
99.1556
99.1556
99.1556
99.1696
99.1696
99.1696
99.1696
99.1743
99.1743
99.1748
99.1777
99.1724
99.1724
99.1724
99.177
99.1837
99.1846
99.1874
99.1887
99.1887
99.1887
99.1921
99.1921
99.1955
99.1955
99.1958
99.1967
99.1967
99.1973
99.1973
99.1975
99.1991
99.1991
99.1992
99.1992
99.2
99.2005
99.2005
99.201
99.2015
99.2015
99.2015
99.2017
99.2017
99.2017
99.2017
99.2017
99.2019
99.2019
99.202
99.2021
99.2022
99.2023
99.2024
99.2024
99.2024
99.2024
99.2025
99.2025
99.2025
99.2026
99.2026
99.2026
99.2026
99.2026
99.2026
99.2026
99.2026
99.2027
99.2027
99.2027
99.2027
99.2027
99.2027
99.2027
99.2027
99.2028
99.2028
99.2028
99.2028
99.2028
99.2028
99.2028
99.2028
99.2028
99.2028
99.2028
99.2028
99.2028
99.2028
99.2028
99.2028
99.2028
99.2028
99.2028
99.2028
99.2028
99.2028
99.2028
99.2028
99.2028
99.2028
99.2028
99.2028
99.2028
99.2028
99.2028
99.2028
99.2028
99.2028
99.2028
99.2028
99.2028
99.2028
99.2028
99.2028
99.2028
99.2028
99.2028
99.2028
99.2028
99.2028
99.2028
99.2028
99.2028
99.2028
99.2028
99.2028
99.2028
99.2028
99.2028
99.2028
99.2028
99.2028
99.2028
99.2028
99.2028
99.2028
99.2028
99.2028
99.2028
99.2028
99.2028
99.2028
99.2028
99.2028
99.2028
99.2028
99.2028
99.2028
99.2028
99.2028
99.2028
99.2028
99.2028
99.2028
99.2028
99.2028
99.2028
99.2028
99.2028
99.2028
99.2028
99.2028
99.2028
99.2028
99.2028
99.2028
99.2028
99.2028
99.2028
99.2028
99.2028
99.2028
99.2028
99.2028
99.2028
99.2028
99.2028
99.2028
99.2028
99.2028
99.2028
99.2028
99.2028
99.2028
99.2028
99.2028
99.2028
99.2028
99.2028
99.2028
99.2028
99.2028
99.2028
99.2028
99.2028
99.2028
99.2028
99.2028
99.2028
99.2028
99.2028
99.2028
99.2028
99.2028
99.2028
99.2028
99.2028
99.2028


8.69927
11.3221
11.687
11.9703
15.3384
15.3384
16.7623
17.7499
19.2871
20.244
23.117
23.2585
24.7933
26.1244
26.7263
28.8981
32.7496
35.4949
35.5098
37.2286
41.063
41.063
41.5687
42.7918
43.8027
44.8547
46.3112
50.6116
51.1666
53.4056
53.9311
54.6746
55.632
55.8704
58.4417
58.7726
59.5907
60.0457
60.2668
60.4087
61.1413
62.1481
63.2399
63.2399
63.6927
63.7995
64.1974
64.341
64.6613
64.9386
64.9386
65.8132
65.8469
65.8472
65.9288
66.1126
66.3154
66.6597
66.6812
66.8003
66.8152
66.7643
66.9795
67.0449
67.1634
67.3146
67.364
67.4226
67.4744
67.4946
67.4989
67.593
67.6734
67.685
67.6917
67.7241
67.7434
67.7446
67.7486
67.7892
67.7908
67.8219
67.8229
67.8641
67.8647
67.8647
67.8784
67.8851
67.9485
67.9485
67.9498
67.95
67.9673
67.9735
67.9737
67.974
67.9742
67.9782
67.9854
67.9856
67.9857
67.9872
67.9872
67.9875
67.9875
67.995
67.9956
67.9956
67.9988
67.9999
68.0005
68.0015
68.0031
68.0031
68.0038
68.0069
68.0085
68.0085
68.0092
68.0093
68.0094
68.0094
68.0095
68.0096
68.0096
68.0097
68.0103
68.0103
68.0106
68.0109
68.0111
68.0116
68.0116
68.0116
68.0119
68.0122
68.0123
68.0125
68.0125
68.0126
68.0126
68.0127
68.0127
68.0127
68.0128
68.0129
68.0129
68.0131
68.0131
68.0131
68.0131
68.0131
68.0131
68.0131
68.0132
68.0133
68.0133
68.0133
68.0133
68.0133
68.0133
68.0133
68.0133
68.0133
68.0133
68.0133
68.0133
68.0133
68.0134
68.0134
68.0134
68.0134
68.0134
68.0134
68.0134
68.0134
68.0134
68.0134
68.0134
68.0134
68.0134
68.0134
68.0134
68.0134
68.0134
68.0134
68.0134
68.0134
68.0134
68.0134
68.0134
68.0134
68.0134
68.0134
68.0134
68.0134
68.0134
68.0134
68.0134
68.0134
68.0134
68.0134
68.0134
68.0134
68.0134
68.0135
68.0135
68.0135
68.0135
68.0135
68.0135
68.0135
68.0135
68.0135
68.0135
68.0135
68.0135
68.0135
68.0135
68.0135
68.0135
68.0135
68.0135
68.0135
68.0135
68.0135
68.0135
68.0135
68.0135
68.0135
68.0135
68.0135
68.0135
68.0135
68.0135
68.0135
68.0135
68.0135
68.0135
68.0135
68.0135
68.0135
68.0135
68.0135
68.0135
68.0135
68.0135
68.0135
68.0135
68.0135
68.0135
68.0135
68.0135
68.0135
68.0135
68.0135
68.1357
68.5901
69.4427
69.4719
71.1455
72.5134
73.0822
73.0918
73.5316
73.6306
73.6306
74.2395
75.4455
75.4455
76.0061
76.1569
76.1569
76.3552
76.6147
76.6147
76.6915
77.1654
77.1654
77.1654
77.2118
77.2348
77.5157
77.6933
77.7173
77.769
77.7766
77.8068
77.8068
77.8296
77.8349
77.9141
78.018
78.0505
78.157
78.2181
78.2181
78.2557
78.582
78.582
78.582
78.4078
78.5945
78.5945
78.5945
78.5945
78.5957
78.6172
78.618
78.6354
78.6354
78.6359
78.6533
78.6867
78.7019
78.7064
78.7064
78.712
78.7233
78.7456
78.7586
78.7878
78.8093
78.8209
78.826
78.8411
78.8658
78.92
78.9351
78.9444
78.9681
78.9692
78.9699
78.9699
78.9715
79.2702
79.4308
79.5442
79.5719
79.6601
79.6738
79.7481
79.8975
80.17
80.17
80.17
80.2026
80.2077
80.2257
80.2507
80.2569
80.2639
80.2735
80.279
80.2852
80.2964
80.3254
80.4504
80.5088
80.6343
80.7574
80.8228
80.9187
81.0071
81.1157
81.1434
81.186
81.4118
81.4118
81.5154
81.778
81.8402
82.0481
82.1059
82.2911
82.5035
83.2863
83.3438
83.4792
83.5699
83.5699
83.9694
83.9694
84.091
84.091
84.091
84.091
84.091
84.091
84.091
84.091
84.0877
84.1218
84.1314
84.1314
84.1444
84.1444
84.1444
84.1664
84.1665


8.57607
11.6551
11.6615
11.9836
13.026
13.5888
13.5888
13.6244
14.3149
14.4927
14.6778
16.231
16.231
17.7276
17.9248
19.7848
22.599
22.599
24.5783
26.6353
27.4267
27.9003
28.0571
28.3017
32.2092
32.6292
32.6704
35.1814
39.5758
39.5758
42.2468
42.3885
45.7913
48.0776
48.0776
48.4744
49.7706
50.3015
50.3287
51.2611
51.978
53.5642
54.9479
55.0004
55.0004
55.374
55.5443
56.2488
56.268
56.2759
56.4379
56.6555
56.971
57.1266
57.2012
57.4914
57.6967
58.69
59.0889
59.3514
59.3514
59.478
59.5337
59.5802
60.3935
60.3991
60.5065
60.5335
60.6277
60.9164
61.1597
61.3172
61.3775
61.4652
61.4826
61.5758
61.5873
61.6245
61.6245
61.7144
61.753
61.776
62.1301
62.2473
62.6605
62.6605
62.6647
63.2061
63.603
65.828
65.8302
65.8294
67.2055
67.2081
68.3123
71.8841
71.8841
71.8845
74.1251
74.1265
74.1278
70.6153
73.5768
73.6748
75.1168
75.1175
75.1184
75.1191
77.353
77.353
77.7385
77.7386
77.7389
77.7392
77.7392
77.7394
77.8091
77.8092
77.8092
78.546
78.546
78.546
78.5462
79.6874
79.6875
79.6875
80.4046
80.5963
82.162
83.1483
83.1483
83.1483
83.6144
83.6144
83.841
83.8411
84.9033
84.9033
85.7726
85.7726
85.7726
84.3608
85.1073
85.9293
86.1475
86.3364
86.9057
86.9057
87.1506
87.1506
87.177
87.1968
87.1968
87.1968
87.1968
87.1968
87.2499
87.2741
87.4553
87.4553
87.4553
87.4553
87.4553
87.5324
87.5324
87.5483
87.7093
87.7093
87.7093
87.7945
87.8106
87.7502
87.8622
87.9262
87.9262
87.9262
88.08
88.08
88.1585
88.1585
88.1716
88.165
88.1711
88.2043
88.2278
88.2535
88.2685
88.2685
88.2685
88.2775
88.2818
88.2818
88.2826
88.3065
88.3246
88.3246
88.3246
88.3286
88.3286
88.3286
88.3286
88.3284
88.3425
88.3443
88.3479
88.3479
88.3524
88.3528
88.3566
88.3566
88.3566
88.3566
88.3568
88.3571
88.3587
88.3587
88.359
88.361
88.361
88.361
88.361
88.3617
88.3617
88.3623
88.3626
88.3629
88.3629
88.3629
88.363
88.363
88.3637
88.3637
88.3637
88.3645
88.3646
88.3646
88.3646
88.3647
88.3647
88.3651
88.3652
88.3652
88.3652
88.3652
88.3652
88.3653
88.3654
88.3655
88.3657
88.3657
88.3657
88.3657
88.3658
88.3658
88.3659
88.3659
88.366
88.366
88.366
88.366
88.366
88.366
88.366
88.3661
88.3661
88.3661
88.3661
88.3661
88.3661
88.3661
88.3661
88.3661
88.3661
88.3661
88.3661
88.3661
88.3661
88.3661
88.3661
88.3662
88.3662
88.3662
88.3662
88.3662
88.3662
88.3662
88.3662
88.3662
88.3662
88.3662
88.3662
88.3662
88.3662
88.3662
88.3662
88.3662
88.3662
88.3662
88.3662
88.3662
88.3662
88.3662
88.3662
88.3662
88.3662
88.3662
88.3662
88.3662
88.3662
88.3662
88.3662
88.3662
88.3662
88.3662
88.3662
88.3662
88.3662
88.3662
88.3662
88.3662
88.3662
88.3662
88.3662
88.3662
88.3662
88.3662
88.3662
88.3662
88.3662
88.3662
88.3662
88.3662
88.3662
88.3662
88.3662
88.3662
88.3662
88.3662
88.3662
88.3662
88.3662
88.3662
88.3662
88.3662
88.3662
88.3662
88.3662
88.3662
88.3662
88.3662
88.3662
88.3662
88.3662
88.3662
88.3662
88.3662
88.3662
88.3662
88.3662
88.3662
88.3662
88.3559
88.3662
88.3662
88.3662
88.3662
88.3662
88.3662
88.3662
88.3662
88.3662
88.3662
88.3662
88.3662
88.3662
88.3662
88.3662
88.3662
88.3662
88.3662
88.3662
88.3662
88.3662
88.3662
88.3662
88.3662
88.3662
88.3662
88.3662
88.3662
88.3662
88.3662
88.3662
88.3662
88.3662
88.3662
88.3662
88.3662
88.3662
88.3662


7.78945
9.12758
10.0418
10.0817
10.5115
12.9819
13.8175
13.8175
15.2828
16.1956
17.1991
17.6931
18.1847
18.1847
19.2251
21.8302
22.3991
22.3991
23.8268
24.2871
25.4396
26.3618
26.4399
26.4399
29.7132
30.2961
31.4888
31.4888
31.7509
31.9765
32.4065
32.7396
33.7863
33.7899
34.0612
34.0612
34.1122
34.7795
35.8204
37.0514
37.0514
37.5439
37.6617
37.7099
37.7099
39.2321
39.3914
39.7222
39.7351
39.7586
39.7762
40.8893
43.3699
43.78
44.3354
44.3354
44.4353
44.4973
45.2086
45.2919
45.586
46.905
46.98
47.0589
47.0589
48.3677
48.3881
48.3991
48.439
49.034
49.034
51.7187
51.7228
51.7506
51.7626
52.1608
52.1608
52.1608
54.4619
54.4834
54.4834
51.6275
54.5189
56.1762
56.9694
57.275
57.3819
57.4424
57.4677
57.48
57.4889
57.4975
57.4993
57.5003
57.5018
58.3955
58.3981
58.4011
58.4011
58.4025
59.6841
60.1272
60.1466
60.2407
61.5937
61.7639
62.7537
62.7564
62.8254
62.9178
62.9267
62.9267
62.9861
63.0154
63.8456
64.5132
66.3006
66.4995
66.9152
66.9548
66.9548
67.9006
68.0867
68.0867
69.0255
69.1271
70.5246
70.5814
71.1898
71.9464
71.9464
72.752
73.0581
73.1384
73.1425
73.1425
73.5412
75.1197
75.1197
75.1816
76.1055
76.2885
77.2678
78.1643
78.6932
80.0115
80.7214
80.7214
80.8917
80.9023
81.3107
81.3107
81.3107
81.4595
81.4595
83.2003
83.5479
83.8783
85.8084
85.8084
85.8084
88.3225
88.3225
88.3225
88.3724
88.3724
88.3724
88.3888
88.4104
88.5427
89.0021
89.0607
89.1914
89.2944
89.3259
89.5349
89.5672
89.7389
89.7871
89.8072
89.8707
89.8733
89.9303
89.9303
89.9977
90.0355
90.2223
90.2223
90.4192
90.4192
90.4976
90.3056
90.3381
90.4186
90.4308
90.5745
90.604
90.6184
90.6184
90.6184
90.6418
90.8428
90.872
90.872
90.872
90.8859
90.9617
91.0455
91.1842
91.2694
91.3509
91.423
91.496
91.5762
91.7207
91.8621
92.0847
92.1786
92.3967
92.4779
92.8547
92.9306
92.9306
92.934
93.0103
94.1552
94.2744
94.2759
94.8448
94.9617
94.9617
94.9732
95.5626
96.1461
96.3612
96.392
96.3941
96.5752
96.711
96.711
96.841
96.8456
96.9533
96.9533
96.9728
97.1159
97.2236
97.3846
97.3895
97.4929
97.776
97.7944
97.7959
97.8639
97.8639
97.8639
97.8639
97.949
97.949
97.9514
97.9514
97.9749
98.0805
98.0844
98.1278
98.1281
98.1283
98.1826
98.4312
98.4316
98.4547
98.4705
98.4705
98.5324
98.5327
98.5692
98.5744
98.6055
98.6055
98.607
98.6092
98.6412
98.6412
98.6451
98.6451
98.701
98.7017
98.7018
98.7019
98.7076
98.7245
98.7259
98.7263
98.7264
98.7287
98.7428
98.7486
98.7538
98.7908
98.8352
98.8497
98.85
98.8518
98.8651
98.8862
98.8862
98.9032
98.9073
98.9073
98.9221
98.9231
98.9423
98.947
98.9471
98.9567
98.9668
98.9716
98.9856
98.9984
98.9984
98.9984
98.9926
99.0004
99.0004
99.003
99.003
99.0068
99.0069
99.0074
99.0077
99.0078
99.0101
99.0153
99.0153
99.0165
99.0168
99.0189
99.0189
99.0197
99.0197
99.0203
99.0202
99.0204
99.0204
99.0204
99.0204
99.0205
99.0208
99.0211
99.0211
99.0211
99.0211
99.0212
99.0217
99.0225
99.0228
99.0233
99.0234
99.0235
99.0241
99.0242
99.0242
99.0242
99.0243
99.0243
99.0245
99.0245
99.0248
99.0248
99.0248
99.0249
99.0249
99.025
99.0251
99.0253
99.0253
99.0263
99.0263
99.0279
99.0279
99.0281
99.0279
99.028
99.028
99.0285
99.0285
99.0285
99.0286
99.0286
99.0288
99.0288
99.029
99.029
99.029
99.029
99.0292
99.0297
99.0297
99.0298
99.0298


9.07111
9.18706
10.6665
11.2522
12.4966
13.518
17.3361
17.633
18.6323
19.33
20.1721
20.3442
21.0248
21.4509
22.6244
24.3449
24.398
27.795
28.4402
28.4402
29.2859
35.2992
36.4406
36.4406
36.7515
37.6428
39.0065
40.0692
42.0508
47.0502
47.0502
47.5251
48.0226
48.4513
49.6563
50.7666
50.7666
51.8602
53.1016
53.2106
53.3371
54.6464
55.0592
55.0848
56.0866
57.3512
57.8959
58.6926
58.7093
59.1633
60.0027
60.4939
60.8947
60.9346
60.9416
60.9535
61.6802
61.7284
61.7293
61.7576
62.1939
62.2508
62.26
62.3176
62.3895
62.3981
62.4715
62.6437
62.7273
62.7576
62.8046
62.8093
62.8142
62.9343
62.9974
63.0469
63.0469
63.0603
63.0637
63.0748
63.13
63.1511
63.1566
63.1573
63.1777
63.1788
63.1925
63.1947
63.1947
63.1957
63.2071
63.2213
63.2249
63.2481
63.2537
63.2729
63.273
63.2732
63.2789
63.2791
63.2791
63.2798
63.2801
63.2808
63.2828
63.286
63.2867
63.2877
63.2885
63.2886
63.2887
63.2897
63.2897
63.2897
63.2918
63.2922
63.2925
63.2927
63.2929
63.293
63.2935
63.2935
63.2936
63.2936
63.2936
63.2937
63.2946
63.2946
63.2947
63.2947
63.2948
63.2948
63.2949
63.2949
63.2949
63.2949
63.2949
63.295
63.295
63.2951
63.2951
63.2952
63.2952
63.2953
63.2953
63.2953
63.2953
63.2953
63.2954
63.2954
63.2954
63.2954
63.2954
63.2954
63.2954
63.2954
63.2954
63.2954
63.2954
63.2954
63.2954
63.2954
63.2954
63.2954
63.2954
63.2954
63.2955
63.2955
63.2955
63.2955
63.2955
63.2955
63.2955
63.2955
63.2955
63.2955
63.2955
63.2955
63.2955
63.2955
63.2955
63.2955
63.2955
63.2955
63.2955
63.2955
63.2955
63.2955
63.2955
63.2955
63.2955
63.2955
63.2955
63.2955
63.2955
63.2955
63.2955
63.2955
63.2955
63.2955
63.2955
63.2955
63.2955
63.2955
63.2955
63.2955
63.2955
63.2955
63.2955
63.2955
63.2955
63.2955
63.2955
63.2955
63.2955
63.2955
63.2955
63.2955
63.2955
63.2955
63.2955
63.2955
63.2955
63.2955
63.2955
63.2955
63.2955
63.2955
63.2955
63.2955
63.2955
63.2955
63.2955
63.2955
63.2955
63.2955
63.2955
63.2955
63.2955
63.2955
63.2955
63.2955
63.2955
63.2955
63.2955
63.2955
63.2955
63.2955
63.2955
63.2955
63.2955
63.2955
63.2955
63.2955
63.2955
63.2955
63.2955
63.2955
63.2955
63.2955
63.2955
63.2955
63.2955
63.2955
63.2955
63.2955
63.2955
63.2955
63.2955
63.2955
63.2955
63.2955
63.2955
63.2955
63.2955
63.2955
63.2955
63.2955
63.2955
63.2955
63.2955
63.2955
63.2955
63.2955
63.2955
63.2955
63.2955
63.2955
63.2955
63.2955
63.2955
63.2955
63.2955
63.2955
63.2955
63.2955
63.2955
63.2955
63.2955
63.2955
63.2955
63.2955
63.2955
63.2955
63.2955
63.2955
63.2955
63.2955
63.2955
63.2955
63.2955
63.2955
63.2955
63.2955
63.2955
63.2955
63.2955
63.2955
63.2955
63.2955
63.2955
63.2955
63.2955
63.2955
63.2955
63.2955
63.2955
63.2955
63.2955
63.2955
63.2955
63.2955
63.2955
63.2955
63.2955
63.2955
63.2955
63.2955
63.2955
63.2955
63.2955
63.2955
63.2955
63.2955
63.2955
63.2955
63.2955
63.2955
63.2955
63.2955
63.2955
63.2955
63.2955
63.2955
63.2955
63.2955
63.2955
63.2955
63.2955
63.2955
63.2955
63.2955
63.2955
63.2955
63.2955
63.2955
63.2955
63.2955
63.2955
63.2955
63.2955
63.2955
63.2955
63.2955
63.2955
63.2955
63.2955
63.2955
63.2955
63.2955
63.2955
63.2955
63.2955
63.2955
63.2955
63.2955
63.2955
63.2955
63.2955
63.2955
63.2955
63.2955
63.2955
63.2955
63.2955
63.2955
63.2955
63.2955
63.2955
63.2955


8.60968
9.08107
11.6936
11.6936
11.8039
14.4363
14.6546
14.9698
17.1648
17.9838
20.111
20.4487
23.2489
25.0714
28.511
28.511
34.3604
35.0937
35.0937
36.4777
38.7825
42.0272
45.9593
49.0868
51.2291
53.4441
53.4441
54.1091
61.1899
61.1941
61.9937
63.0986
65.5562
65.9792
65.9792
67.507
68.2054
68.9481
69.2639
69.8037
70.0111
70.3803
71.2186
71.2186
71.5016
74.7989
74.7989
75.0522
76.0325
76.0949
76.0952
76.2543
77.0741
77.0989
77.413
77.5277
77.9068
78.3129
78.3287
78.6601
78.7001
78.7518
78.8282
79.0611
79.1038
79.3815
79.553
79.553
79.6135
79.8195
79.8705
79.9019
79.909
79.9223
79.9784
79.9874
80.0419
80.1027
80.1069
80.1094
80.1475
80.1643
80.1875
80.1899
80.194
80.2096
80.2104
80.2154
80.2172
80.2188
80.2254
80.2232
80.2254
80.2349
80.2435
80.2504
80.2504
80.2592
80.2612
80.2645
80.2646
80.2671
80.2678
80.2698
80.2738
80.2744
80.2754
80.2758
80.2765
80.2768
80.2768
80.2784
80.2795
80.2796
80.2797
80.2805
80.2806
80.281
80.281
80.2812
80.2813
80.2814
80.2814
80.2818
80.2818
80.2819
80.282
80.2822
80.2822
80.2823
80.2823
80.2823
80.2824
80.2824
80.2825
80.2826
80.2826
80.2826
80.2826
80.2826
80.2827
80.2827
80.2827
80.2827
80.2827
80.2827
80.2827
80.2828
80.2828
80.2828
80.2828
80.2828
80.2828
80.2828
80.2828
80.2828
80.2828
80.2829
80.2829
80.2829
80.2829
80.2829
80.2829
80.2829
80.2829
80.2829
80.2829
80.2829
80.2829
80.2829
80.2829
80.2829
80.2829
80.2829
80.2829
80.2829
80.2829
80.2829
80.2829
80.2829
80.2829
80.2829
80.2829
80.2829
80.2829
80.2829
80.2829
80.2829
80.2829
80.2829
80.2829
80.2829
80.2829
80.2829
80.2829
80.2829
80.2829
80.2829
80.2872
81.8741
81.8741
82.6606
82.6922
83.5349
83.5349
83.6433
83.6433
84.4716
84.5864
84.7792
85.5731
86.1658
86.1658
87.1182
87.6856
87.6856
87.8165
88.1899
88.4015
88.4015
88.4222
89.1966
89.1966
89.3034
89.3034
89.5329
89.6244
89.6351
89.8078
89.8415
89.8821
89.9946
89.9949
90.0097
90.1955
90.1955
90.1955
90.3728
90.8624
91.0784
91.0784
91.4577
91.4577
92.2876
92.5524
92.5524
92.9678
93.5113
93.7303
94.0122
94.0122
94.0122
94.0122
94.0186
94.0186
94.019
94.019
94.019
94.0198
94.1976
94.1976
94.1976
94.2876
94.2876
94.2876
94.368
94.368
94.368
94.368
94.4173
94.4173
94.38
94.3992
94.4346
94.4479
94.4532
94.4667
94.4738
94.4738
94.4853
94.4917
94.5005
94.5031
94.5041
94.5056
94.5108
94.5108
94.5123
94.5139
94.5139
94.5266
94.5266
94.5437
94.5437
94.5437
94.5437
94.5473
94.5473
94.5473
94.5513
94.5531
94.5531
94.5531
94.556
94.7254
94.7254
95.3598
95.3598
95.6217
95.6217
95.6609
95.7751
95.8563
96.0328
96.0351
96.0351
96.0351
96.145
96.145
96.145
96.145
96.1376
96.1925
96.1925
96.1925
96.1925
96.2252
96.2333
96.2599
96.2599
96.2599
96.3271
96.3271
96.3271
96.3566
96.3566
96.3849
96.3849
96.3849
96.3987
96.4045
96.4063
96.4094
96.4199
96.4239
96.4239
96.4239
96.4239
96.4332
96.4413
96.4599
96.4467
96.4587
96.4668
96.4684
96.4684
96.477
96.4837
96.4871
96.4927
96.4927
96.4956
96.4958
96.4969
96.497
96.4981
96.4986
96.499
96.499
96.499
96.4993
96.4993
96.4993
96.4993
96.4994
96.4995
96.4995
96.4996
96.4999
96.4999
96.4999
96.5004
96.5085
96.5176
96.5176
96.5261
96.5269
96.5269
96.5281
96.5282
96.5282
96.5291
96.5307
96.5343
96.5343
96.5346
96.5346
96.5348
96.5361
96.5361


