0.111355
0.135981
0.135981
0.144679
0.213084
0.213084
0.248754
0.303101
0.311735
0.363134
0.399095
0.41445
0.445197
0.445197
0.477141
0.551278
0.588645
0.590519
0.598766
0.630402
0.653313
0.724948
0.725137
0.737467
0.737467
0.7855
0.788218
0.837673
0.844416
0.857621
0.888791
0.895687
0.910115
0.912206
0.913807
0.921419
0.939196
0.939909
0.939909
0.953795
0.966874
0.966874
0.967183
0.974246
0.974246
0.978504
0.98054
0.982485
0.982838
0.983837
0.986373
0.989412
0.990137
0.992624
0.992968
0.993669
0.993669
0.99517
0.99517
0.995446
0.996431
0.996612
0.996688
0.996947
0.996947
0.997574
0.997894
0.998338
0.998414
0.99874
0.99874
0.998817
0.999019
0.999272
0.999272
0.999358
0.999358
0.999508
0.999523
0.99955
0.999595
0.999591
0.999638
0.999708
0.999734
0.999736
0.999785
0.999819
0.999825
0.999831
0.999857
0.999869
0.99988
0.999884
0.999902
0.999913
0.999923
0.999935
0.999943
0.999954
0.999956
0.99997
0.99997
0.99997
0.999971
0.999977
0.999977
0.99998
0.99998
0.999982
0.999983
0.999987
0.99999
0.99999
0.999992
0.999992
0.999992
0.999993
0.999993
0.999994
0.999994
0.999996
0.999997
0.999997
0.999997
0.999998
0.999998
0.999998
0.999998
0.999999
0.999999
0.999999
0.999999
0.999999
0.999999
0.999999
0.999999
0.999999
0.999999
1
1
1
1
1
1
1
1
1
1
1
1
1
1
1
1
1
1
1
1
1
1
1
1
1
1
1
1
1
1
1
1
1
1
1
1
1
1
1
1
1
1
1
1
1
1
1
1
1
1
1
1
1
1
1
1
1
1
1
1
1
1
1
1
1
1
1
1
1
1
1
1
1
1
1
1
1
1
1
1
1
1
1
1
1
1
1
1
1
1
1
1
1
1
1
1
1
1
1
1
1
1
1
1
1
1
1
1
1
1
1
1
1
1
1
1
1
1
1
1
1
1
1
1
1
1
1
1
1
1
1
1
1
1
1
1
1
1
1
1
1
1
1
1
1
1
1
1
1
1
1
1
1
1
1
1
1
1
1
1
1
1
1
1
1
1
1
1
1
1
1
1
1
1
1
1
1
1
1
1
1
1
1
1
1
1
1
1
1
1
1
1
1
1
1
1
1
1
1
1
1
1
1
1
1
1
1
1
1
1
1
1
1
1
1
1
1
1
1
1
1
1
1
1
1
1
1
1
1
1
1
1
1
1
1
1
1
1
1
1
1
1
1
1
1
1
1
1
1
1
1
1
1
1
1
1
1
1
1
1
1


0.0709615
0.0744087
0.0876279
0.0925597
0.108873
0.113591
0.12822
0.12822
0.136237
0.158484
0.158484
0.178658
0.209795
0.22823
0.22823
0.25049
0.263052
0.276595
0.279518
0.301124
0.301679
0.293405
0.324209
0.341847
0.370048
0.383946
0.384816
0.402298
0.41327
0.415661
0.433678
0.454117
0.461079
0.463019
0.490576
0.510887
0.51806
0.539878
0.547623
0.569802
0.57072
0.587983
0.616255
0.621236
0.625289
0.637534
0.645672
0.660106
0.66861
0.673794
0.690971
0.709087
0.710663
0.718247
0.721682
0.726635
0.748707
0.762082
0.768748
0.785562
0.788722
0.796325
0.796325
0.798345
0.808378
0.813752
0.851917
0.853769
0.855583
0.865096
0.868621
0.882714
0.882714
0.882714
0.883539
0.884202
0.885052
0.898613
0.916333
0.917728
0.917927
0.924279
0.928404
0.930794
0.94223
0.94223
0.950499
0.953577
0.953666
0.954749
0.956798
0.956798
0.963342
0.966101
0.966148
0.966178
0.972505
0.972583
0.97533
0.976741
0.979254
0.981706
0.981706
0.984485
0.988523
0.988535
0.990137
0.991761
0.992087
0.99301
0.993022
0.993612
0.994198
0.995305
0.995305
0.995305
0.995577
0.996267
0.996267
0.99627
0.996455
0.997244
0.997383
0.997645
0.997688
0.997956
0.997959
0.998423
0.998427
0.99843
0.998461
0.998461
0.998489
0.998608
0.998731
0.998731
0.999025
0.999026
0.999027
0.999059
0.999138
0.99935
0.99935
0.99935
0.999388
0.999482
0.999589
0.999589
0.999589
0.999673
0.999731
0.999731
0.999731
0.999731
0.999731
0.99976
0.99976
0.999774
0.999783
0.999824
0.999885
0.9999
0.999912
0.999912
0.999932
0.999941
0.999941
0.999942
0.999943
0.999943
0.99995
0.999953
0.999955
0.999955
0.999961
0.999961
0.999968
0.999971
0.999971
0.999971
0.999971
0.999978
0.999978
0.999978
0.999981
0.999982
0.999982
0.999982
0.999982
0.999986
0.999987
0.999986
0.999989
0.999989
0.99999
0.99999
0.99999
0.999991
0.999992
0.999992
0.999994
0.999994
0.999994
0.999994
0.999995
0.999995
0.999995
0.999995
0.999995
0.999996
0.999996
0.999997
0.999997
0.999997
0.999998
0.999998
0.999998
0.999998
0.999999
0.999999
0.999999
0.999999
0.999999
0.999999
0.999999
0.999999
0.999999
0.999999
1
1
1
1
1
1
1
1
1
1
1
1
1
1
1
1
1
1
1
1
1
1
1
1
1
1
1
1
1
1
1
1
1
1
1
1
1
1
1
1
1
1
1
1
1
1
1
1
1
1
1
1
1
1
1
1
1
1
1
1
1
1
1
1
1
1
1
1
1
1
1
1
1
1
1
1
1
1
1
1
1
1
1
1
1
1
1
1
1
1
1
1
1
1
1
1
1
1
1
1
1
1
1
1
1
1
1
1
1
1
1
1
1
1
1
1
1
1
1
1
1
1
1
1
1
1
1
1
1
1
1
1
1
1
1
1
1
1
1
1
1
1
1
1
1
1
1
1
1
1
1
1
1
1
1
1
1
1
1
1
1
1
1
1
1
1
1
1
1
1
1
1


0.0618578
0.0748234
0.0798791
0.0971999
0.0993135
0.119748
0.132224
0.152061
0.163355
0.164303
0.179277
0.210677
0.211029
0.233192
0.236424
0.27092
0.286868
0.328166
0.328487
0.357364
0.357364
0.388847
0.420924
0.434073
0.443172
0.507396
0.507396
0.531097
0.53904
0.53904
0.552559
0.5781
0.579462
0.580694
0.580722
0.614901
0.614901
0.617309
0.620893
0.634037
0.641141
0.643805
0.644003
0.656983
0.658222
0.658222
0.660585
0.663914
0.668576
0.670369
0.671247
0.672208
0.675227
0.676799
0.678245
0.678763
0.67907
0.680191
0.681261
0.682051
0.682801
0.684126
0.68459
0.684974
0.684974
0.684974
0.685761
0.686352
0.686445
0.686736
0.686922
0.686974
0.687035
0.687162
0.687261
0.687563
0.687592
0.68764
0.68776
0.687776
0.687786
0.687895
0.687895
0.687912
0.688004
0.688038
0.688104
0.688109
0.688131
0.688153
0.688187
0.688231
0.688233
0.688233
0.688246
0.688253
0.688263
0.688266
0.688274
0.688292
0.688292
0.688299
0.688302
0.688311
0.688311
0.688313
0.688313
0.688315
0.688323
0.688324
0.688324
0.688327
0.688329
0.688329
0.688329
0.688332
0.688332
0.688334
0.688334
0.688334
0.688335
0.688336
0.688336
0.688337
0.688338
0.68834
0.68834
0.68834
0.688341
0.688341
0.688341
0.688341
0.688341
0.688341
0.688341
0.688342
0.688342
0.688342
0.688343
0.688343
0.688343
0.688343
0.688343
0.688343
0.688343
0.688343
0.688343
0.688343
0.688343
0.688343
0.688343
0.688343
0.688343
0.688343
0.688343
0.688343
0.688343
0.688343
0.688343
0.688343
0.688343
0.688343
0.688343
0.688343
0.688343
0.688343
0.688343
0.688343
0.688343
0.688343
0.688343
0.688343
0.688343
0.688343
0.688343
0.688343
0.688343
0.688343
0.688343
0.688343
0.688343
0.688343
0.688343
0.688343
0.688343
0.688344
0.688344
0.688344
0.688344
0.688344
0.688344
0.688344
0.688344
0.688344
0.688344
0.688344
0.688344
0.688344
0.688344
0.688344
0.688344
0.688344
0.688344
0.688344
0.688344
0.688344
0.688344
0.688344
0.688344
0.688344
0.688344
0.688344
0.688344
0.688344
0.688344
0.688344
0.688344
0.688344
0.688344
0.688344
0.688344
0.688344
0.688344
0.688344
0.688344
0.688344
0.688344
0.688344
0.688344
0.688344
0.688344
0.688344
0.688344
0.688344
0.688344
0.688344
0.688344
0.688344
0.688344
0.688344
0.688344
0.688344
0.688344
0.688344
0.688344
0.688344
0.688344
0.688344
0.688344
0.688344
0.688344
0.688344
0.688344
0.688344
0.688344
0.688344
0.688344
0.688344
0.688344
0.688344
0.688344
0.688344
0.688344
0.688344
0.688344
0.688344
0.688344
0.688344
0.688344
0.688344
0.688344
0.688344
0.688344
0.688344
0.688344
0.688344
0.688344
0.688344
0.688344
0.688344
0.688344
0.688344
0.688344
0.688344
0.688344
0.688344
0.696565
0.707494
0.709613
0.709613
0.709613
0.717475
0.717475
0.717475
0.717475
0.725652
0.725652
0.728384
0.729773
0.730179
0.730299
0.730336
0.731447
0.732046
0.732046
0.740299
0.740299
0.741012
0.741012
0.75341
0.75341
0.753838
0.753838
0.755618
0.757902
0.758981
0.761054
0.761517
0.761517
0.762433
0.762807
0.762889
0.762904
0.763266
0.765159
0.76557
0.765911
0.766845
0.771758
0.772275
0.77645
0.77645
0.77645
0.776613
0.777562
0.777894
0.780072
0.78485
0.786078
0.789132
0.789132
0.789261
0.789261
0.790293
0.790293
0.790418
0.790644
0.790656
0.790921
0.790921
0.791228
0.791284
0.791328
0.791363
0.791363
0.791373
0.791373
0.791468
0.791624
0.791668
0.791682
0.791484
0.791687
0.791824
0.791824
0.792303
0.792303
0.792303
0.793687
0.793687
0.794775
0.795636
0.801193
0.821505
0.848369
0.848369
0.852082
0.852082
0.857596
0.861983
0.863142
0.863486
0.865382
0.865903
0.876342
0.879131
0.882252
0.883348
0.884943
0.886456
0.886456
0.885647
0.886478
0.886478
0.887091
0.887276
0.887489
0.887657
0.887657
0.887657


0.0618462
0.0689616
0.0809488
0.0900618
0.10107
0.105981
0.136562
0.136562
0.156117
0.164798
0.189629
0.187005
0.215872
0.229172
0.24294
0.257946
0.265332
0.279518
0.283556
0.290989
0.321987
0.321987
0.349784
0.349784
0.356397
0.356681
0.368461
0.378072
0.387741
0.400891
0.400891
0.403656
0.407674
0.426054
0.437567
0.437965
0.446027
0.485268
0.485268
0.489648
0.489648
0.490203
0.494019
0.499769
0.501632
0.502586
0.502586
0.505729
0.506336
0.510123
0.510123
0.510194
0.511635
0.512931
0.540539
0.544779
0.546033
0.546941
0.546941
0.546941
0.547025
0.547363
0.547795
0.548741
0.549004
0.563256
0.563859
0.563859
0.563859
0.56403
0.568397
0.568689
0.568689
0.56876
0.56876
0.569016
0.569016
0.570752
0.570873
0.574742
0.574767
0.567711
0.569309
0.572394
0.572455
0.573863
0.593625
0.593625
0.593625
0.593626
0.593655
0.59371
0.616653
0.616663
0.628479
0.628479
0.628479
0.628479
0.628479
0.628482
0.63133
0.610394
0.634335
0.634394
0.64133
0.641334
0.642782
0.643866
0.644433
0.644718
0.644867
0.644943
0.644998
0.645033
0.645051
0.645065
0.645073
0.645077
0.645081
0.645087
0.645088
0.645091
0.645092
0.645097
0.645097
0.645098
0.645098
0.645098
0.6451
0.645101
0.645101
0.645103
0.645103
0.645104
0.645104
0.645104
0.645104
0.645104
0.645105
0.645105
0.645105
0.645105
0.645105
0.646099
0.64996
0.64996
0.64996
0.64996
0.660061
0.660929
0.670334
0.670334
0.673905
0.675406
0.675454
0.677098
0.687917
0.687917
0.688355
0.689784
0.699431
0.699431
0.699431
0.714108
0.714108
0.714108
0.717028
0.721225
0.723495
0.723495
0.725326
0.72503
0.748374
0.748374
0.766358
0.766358
0.766358
0.769708
0.77892
0.77892
0.77892
0.77892
0.77892
0.782582
0.782582
0.782582
0.79504
0.79504
0.795391
0.795391
0.801526
0.801526
0.801526
0.801526
0.80173
0.801749
0.801749
0.80639
0.80639
0.809011
0.809767
0.809316
0.810709
0.810709
0.810709
0.813279
0.814105
0.814105
0.814694
0.815535
0.815535
0.815652
0.815652
0.815652
0.815652
0.815652
0.815972
0.816466
0.816715
0.816715
0.817139
0.817899
0.818588
0.819502
0.819502
0.820099
0.820956
0.821506
0.821506
0.821506
0.821506
0.821506
0.821506
0.821636
0.82169
0.821795
0.821795
0.821795
0.821891
0.821891
0.822059
0.822222
0.822222
0.822222
0.82223
0.822244
0.822259
0.822418
0.822418
0.822418
0.822458
0.822535
0.822654
0.822655
0.822655
0.822655
0.822691
0.822691
0.822691
0.82274
0.822741
0.822756
0.822756
0.822756
0.822762
0.822763
0.822763
0.822764
0.822766
0.822766
0.822775
0.822775
0.822779
0.822787
0.822787
0.82279
0.82279
0.82279
0.822797
0.822797
0.822797
0.822798
0.822799
0.822801
0.822804
0.822804
0.822804
0.822806
0.822806
0.822806
0.822806
0.822809
0.822809
0.822809
0.822809
0.822809
0.822809
0.822809
0.82281
0.822811
0.822811
0.822811
0.822811
0.822812
0.822812
0.822812
0.822812
0.822812
0.822812
0.822812
0.822812
0.822812
0.822812
0.822812
0.822812
0.822812
0.822812
0.822812
0.822812
0.822813
0.822813
0.822813
0.822813
0.822813
0.822813
0.822813
0.822813
0.822813
0.822813
0.822813
0.822813
0.822813
0.822813
0.822813
0.822813
0.822813
0.822813
0.822813
0.822813
0.822813
0.822813
0.822813
0.822813
0.822813
0.822813
0.822813
0.822813
0.822813
0.822813
0.822813
0.822813
0.822813
0.822813
0.822813
0.822813
0.822813
0.822813
0.822813
0.822813
0.822813
0.822813
0.822813
0.822813
0.822813
0.822813
0.822813
0.822813
0.822813
0.822813
0.822813
0.822813
0.822813
0.822813
0.822813
0.822813
0.822813
0.822813
0.822813
0.822813
0.822813
0.822813
0.822813
0.822813
0.822813
0.822813
0.822813
0.822813
0.822813
0.822813
0.822813
0.822813
0.822813
0.822813
0.822813
0.822813
0.822813
0.822813
0.822813
0.822813
0.822813


0.0713942
0.0855746
0.0857835
0.109745
0.123627
0.123639
0.136548
0.154749
0.168634
0.16923
0.177652
0.185458
0.188488
0.1932
0.202192
0.214539
0.23335
0.251
0.28062
0.28062
0.314883
0.329782
0.341992
0.350694
0.359803
0.430112
0.44792
0.462234
0.462234
0.466199
0.477516
0.496312
0.501057
0.505191
0.512075
0.515776
0.52829
0.543141
0.565819
0.567098
0.573463
0.578996
0.583986
0.589637
0.595541
0.596986
0.607005
0.608615
0.625172
0.629271
0.63256
0.631974
0.634367
0.6372
0.640825
0.64713
0.647619
0.647897
0.648542
0.652556
0.65628
0.656649
0.656683
0.65869
0.659511
0.660244
0.660244
0.66083
0.66083
0.662716
0.66278
0.663153
0.667016
0.667016
0.667016
0.668321
0.668321
0.668321
0.668535
0.668812
0.668874
0.668558
0.668916
0.669063
0.669125
0.669199
0.669281
0.669674
0.670089
0.670089
0.670106
0.670111
0.670118
0.670137
0.670179
0.670278
0.670365
0.670497
0.670586
0.670591
0.670675
0.670601
0.670709
0.670717
0.670717
0.670717
0.670718
0.670753
0.670756
0.670756
0.670757
0.67076
0.670764
0.670765
0.670784
0.670798
0.6708
0.670806
0.670812
0.670814
0.670822
0.670824
0.67083
0.67083
0.670833
0.67084
0.670841
0.670841
0.670844
0.670845
0.670845
0.67085
0.67085
0.670852
0.670852
0.670854
0.670856
0.670856
0.670857
0.670858
0.670859
0.670859
0.670859
0.67086
0.67086
0.67086
0.67086
0.67086
0.67086
0.67086
0.670861
0.670861
0.670861
0.670861
0.670861
0.670861
0.670861
0.670861
0.670861
0.670862
0.670862
0.670862
0.673671
0.674486
0.697212
0.697212
0.71086
0.71086
0.71086
0.716635
0.716635
0.722726
0.722726
0.728636
0.728636
0.728929
0.728929
0.728929
0.728929
0.728929
0.728929
0.72819
0.728937
0.729863
0.734211
0.742713
0.743871
0.743871
0.743871
0.75181
0.75181
0.755993
0.76312
0.765898
0.766558
0.766558
0.766864
0.772719
0.773392
0.775995
0.77753
0.77717
0.777298
0.778695
0.778695
0.78016
0.780193
0.780291
0.782198
0.782198
0.783208
0.783208
0.783208
0.783448
0.783448
0.783494
0.784041
0.784247
0.78432
0.784343
0.784348
0.784392
0.784408
0.784499
0.785278
0.785343
0.786098
0.786215
0.786215
0.786215
0.786215
0.786263
0.786263
0.786263
0.786301
0.786301
0.786301
0.786301
0.786301
0.786446
0.786557
0.786617
0.78685
0.787227
0.787295
0.788426
0.788426
0.788469
0.788887
0.789243
0.790041
0.79132
0.791993
0.79239
0.79239
0.79239
0.792475
0.792475
0.792573
0.792587
0.792751
0.792906
0.793023
0.793186
0.79345
0.793797
0.798349
0.798349
0.798869
0.799824
0.800384
0.800147
0.800147
0.800147
0.800528
0.800528
0.800622
0.800622
0.800624
0.800757
0.800822
0.800843
0.800843
0.801125
0.801975
0.801975
0.801975
0.80214
0.802187
0.802241
0.802241
0.802148
0.802238
0.802283
0.802333
0.802689
0.802844
0.802938
0.803006
0.803091
0.803346
0.803372
0.803372
0.803372
0.803451
0.803451
0.803451
0.803591
0.803643
0.803643
0.803705
0.803705
0.803705
0.80372
0.803725
0.803758
0.803758
0.803768
0.803776
0.803786
0.803789
0.80379
0.803791
0.803792
0.803792
0.803792
0.803792
0.803793
0.803795
0.803797
0.803798
0.803798
0.803798
0.803798
0.803798
0.803799
0.803799
0.803799
0.8038
0.803815
0.803867
0.803872
0.803914
0.803922
0.803926
0.803929
0.803929
0.803932
0.803934
0.803934
0.803937
0.803939
0.803939
0.803941
0.803941
0.803941
0.803942
0.803942
0.803942
0.803949
0.803956
0.803969
0.804059
0.804165
0.804165
0.804195
0.804214
0.804215
0.804232
0.804236
0.804263
0.804242
0.804267
0.80428
0.804289
0.804305
0.804305
0.80431
0.80431
0.80431
0.80431
0.804312
0.804312
0.804315
0.804315
0.804318
0.804322
0.804325
0.804328
0.804328
0.804328
0.804331
0.804332
0.804332
0.804339
0.804343
0.804346
0.804346
0.804346
0.804346


0.069782
0.0939338
0.0980383
0.0986335
0.102286
0.102286
0.105695
0.110653
0.137945
0.145328
0.165419
0.179406
0.200662
0.200662
0.208633
0.208633
0.24103
0.248658
0.282702
0.295406
0.320681
0.396626
0.396626
0.460046
0.470818
0.482375
0.515208
0.515208
0.516044
0.555445
0.560437
0.574353
0.574775
0.576738
0.610672
0.627746
0.627746
0.637478
0.637478
0.637478
0.657294
0.657294
0.662387
0.675706
0.677387
0.677387
0.680565
0.691621
0.691621
0.695865
0.695865
0.674004
0.674004
0.67615
0.678366
0.678366
0.68065
0.683929
0.685935
0.685935
0.686227
0.687101
0.687101
0.687471
0.688175
0.688343
0.695697
0.695697
0.695697
0.702038
0.702104
0.622097
0.642427
0.642491
0.656896
0.656923
0.656986
0.657137
0.657137
0.661173
0.661317
0.578581
0.58567
0.590111
0.623958
0.623958
0.624003
0.624003
0.63024
0.630277
0.630297
0.630358
0.630398
0.630398
0.630398
0.630404
0.630409
0.630409
0.630416
0.630416
0.630421
0.630423
0.637754
0.637754
0.637755
0.637756
0.637759
0.637759
0.637761
0.637761
0.637762
0.637763
0.637763
0.637763
0.648775
0.648775
0.648775
0.648776
0.652269
0.65647
0.65647
0.659228
0.669266
0.67457
0.679268
0.679269
0.680775
0.689274
0.689275
0.689275
0.689275
0.684757
0.684757
0.684757
0.684757
0.684757
0.684757
0.684757
0.684757
0.710297
0.710297
0.699671
0.699671
0.699671
0.699671
0.699672
0.699672
0.699672
0.699672
0.70083
0.70083
0.703105
0.703105
0.703484
0.703484
0.703484
0.703484
0.703484
0.703484
0.705612
0.706719
0.706719
0.706719
0.706719
0.706767
0.706767
0.706767
0.706808
0.706808
0.706816
0.706816
0.706816
0.706824
0.706824
0.706824
0.706824
0.706824
0.706824
0.720203
0.731777
0.731777
0.731777
0.731777
0.731777
0.757843
0.757843
0.75964
0.75964
0.75964
0.761096
0.761096
0.761096
0.761096
0.763597
0.765762
0.766781
0.767265
0.767501
0.76762
0.767682
0.767717
0.767736
0.767748
0.767755
0.767759
0.767762
0.767763
0.773646
0.784601
0.784601
0.784601
0.792714
0.792714
0.793543
0.793543
0.793543
0.793543
0.793749
0.794003
0.799068
0.818287
0.818287
0.818287
0.824879
0.824879
0.824879
0.824992
0.824992
0.824992
0.824992
0.824992
0.825151
0.825456
0.825499
0.825499
0.826849
0.827683
0.828187
0.828491
0.828674
0.828784
0.82885
0.82889
0.828914
0.828928
0.850973
0.850973
0.853232
0.853232
0.853232
0.853232
0.85626
0.85626
0.85626
0.85626
0.857011
0.857664
0.857893
0.857976
0.858006
0.858018
0.858023
0.858025
0.858026
0.858027
0.858027
0.858027
0.858028
0.858028
0.858028
0.858028
0.858028
0.858028
0.858028
0.86431
0.86431
0.865163
0.865163
0.865163
0.865163
0.865163
0.862191
0.865488
0.867282
0.868256
0.868786
0.869074
0.869229
0.869314
0.869359
0.869384
0.870012
0.870012
0.870012
0.870012
0.870012
0.870183
0.870334
0.870406
0.870442
0.87046
0.870469
0.870474
0.870476
0.870478
0.870478
0.870479
0.870479
0.870479
0.870479
0.870479
0.881109
0.881109
0.881109
0.881109
0.881109
0.881109
0.881109
0.881109
0.881109
0.881109
0.881109
0.881109
0.881109
0.881109
0.881109
0.881109
0.881109
0.881109
0.881109
0.881109
0.881109
0.881109
0.881109
0.881109
0.881109
0.881109
0.881109
0.881109
0.881109
0.881109
0.796057
0.870479
0.870479
0.870479
0.870479
0.870479
0.870479
0.870479
0.870479
0.870479
0.870479
0.870479
0.870479
0.870479
0.870479
0.870479
0.870479
0.870479
0.870479
0.870479
0.870479
0.870479
0.870479
0.870479
0.870479
0.870479
0.870479
0.870479
0.870479
0.870479
0.870479
0.870479
0.870479
0.870479
0.870479
0.870479
0.870479
0.870479
0.870479
0.870479
0.870479
0.870479
0.870479
0.870479
0.870479
0.870479
0.870479
0.870479
0.870479
0.870479
0.870479
0.870479
0.870479
0.870479
0.870479
0.870479
0.870479
0.870479
0.870479


0.0774899
0.0774899
0.0808863
0.0857552
0.0857552
0.106441
0.132855
0.145741
0.158637
0.168432
0.180616
0.195163
0.20607
0.211053
0.225308
0.234752
0.267247
0.280012
0.296926
0.338478
0.363394
0.392114
0.392114
0.423544
0.482791
0.501142
0.533041
0.534133
0.559965
0.593595
0.64386
0.67172
0.705399
0.718144
0.73867
0.757185
0.757185
0.770869
0.77913
0.79143
0.795034
0.81122
0.828839
0.832527
0.845818
0.853153
0.857278
0.860577
0.872337
0.876616
0.883484
0.883484
0.889241
0.893399
0.895304
0.897808
0.899968
0.903301
0.906063
0.908139
0.91472
0.932929
0.933081
0.933974
0.93519
0.953959
0.954789
0.95582
0.962448
0.965394
0.96802
0.967162
0.970656
0.971882
0.97269
0.97269
0.974396
0.974396
0.978527
0.978557
0.978762
0.979377
0.97959
0.979753
0.979877
0.980506
0.982113
0.982881
0.986074
0.986105
0.986114
0.986114
0.986114
0.987289
0.987334
0.987338
0.988459
0.988459
0.988459
0.989244
0.990593
0.990593
0.990614
0.991261
0.991267
0.991482
0.99164
0.991645
0.991648
0.991944
0.992003
0.991999
0.992023
0.992023
0.992071
0.992227
0.992234
0.992274
0.992297
0.992361
0.992416
0.992517
0.992555
0.992558
0.99266
0.99266
0.992708
0.992746
0.992796
0.992796
0.992797
0.99284
0.992847
0.992865
0.992897
0.992897
0.992897
0.992907
0.99293
0.99293
0.99293
0.992942
0.992942
0.992945
0.992948
0.99296
0.99296
0.992962
0.992964
0.992964
0.99297
0.992973
0.992973
0.992978
0.992979
0.992979
0.992979
0.992982
0.992982
0.992983
0.992983
0.992983
0.992984
0.992985
0.992986
0.992986
0.992987
0.992987
0.992988
0.992988
0.992988
0.992989
0.99299
0.99299
0.992991
0.992991
0.992991
0.992992
0.992992
0.992993
0.992993
0.992993
0.992993
0.992994
0.992994
0.992994
0.992994
0.992994
0.992994
0.992994
0.992994
0.992994
0.992994
0.992994
0.992994
0.992995
0.992995
0.992995
0.992995
0.992995
0.992995
0.992995
0.992995
0.992995
0.992995
0.992995
0.992995
0.992995
0.992995
0.992995
0.992995
0.992995
0.992995
0.992995
0.992995
0.992995
0.992995
0.992995
0.992995
0.992995
0.992995
0.992995
0.992995
0.992995
0.992995
0.992995
0.992995
0.992995
0.992995
0.992995
0.992995
0.992995
0.992995
0.992995
0.992995
0.992995
0.992995
0.992995
0.992995
0.992995
0.992995
0.992995
0.992995
0.992995
0.992995
0.992995
0.992995
0.992995
0.992995
0.992995
0.992995
0.992995
0.992995
0.992995
0.992995
0.992995
0.992995
0.992995
0.992995
0.992995
0.992995
0.992995
0.992995
0.992995
0.992995
0.992995
0.992995
0.992995
0.992995
0.992995
0.992995
0.992995
0.992995
0.992995
0.992995
0.992995
0.992995
0.992995
0.992995
0.992995
0.992995
0.992995
0.992995
0.992995
0.992995
0.992995
0.992995
0.992995
0.992995
0.992995
0.992995
0.992995
0.992995
0.992995
0.992995
0.992995
0.992995
0.992995
0.992995
0.992995
0.992995
0.992995
0.992995
0.992995
0.992995
0.992995
0.992995
0.992995
0.992995
0.992995
0.992995
0.992995
0.992995
0.992995
0.992995
0.992995
0.992995
0.992995
0.992995
0.992995
0.992995
0.992995
0.992995
0.992995
0.992995
0.992995
0.992995
0.992995
0.992995
0.992995
0.992995
0.992995
0.992995
0.992995
0.992995
0.992995
0.992995
0.992995
0.992995
0.992995
0.992995
0.992995
0.992995
0.992995
0.992995
0.992995
0.992995
0.992995
0.992995
0.992995
0.992995
0.992995
0.992995
0.992995
0.992995
0.992995
0.992995
0.992995
0.992995
0.992995
0.992995
0.992995
0.992995
0.992995
0.992995
0.992995
0.992995
0.992995
0.992995
0.992995
0.992995
0.992995
0.992995
0.992995
0.992995
0.992995
0.992995
0.992995
0.992995
0.992995
0.992995
0.992995
0.992995
0.992995
0.992995
0.992995
0.992995
0.992995
0.992995
0.992995
0.992995
0.992995
0.992995
0.992995
0.992995
0.992995
0.992995
0.992995
0.992995
0.992995


0.0823586
0.0929343
0.0946992
0.0947028
0.113961
0.136054
0.136054
0.163658
0.183587
0.215105
0.215105
0.222677
0.222677
0.290501
0.296487
0.296487
0.308149
0.314999
0.370319
0.370319
0.370613
0.398628
0.398865
0.421769
0.433213
0.433213
0.433213
0.455183
0.463734
0.463734
0.470659
0.475515
0.475515
0.479606
0.494732
0.494732
0.506342
0.514711
0.514811
0.522775
0.525598
0.513551
0.524738
0.53296
0.563704
0.569508
0.571778
0.57761
0.583284
0.585487
0.59577
0.601963
0.602773
0.604654
0.605248
0.608228
0.608353
0.610016
0.612727
0.614288
0.614678
0.617075
0.622509
0.625162
0.625398
0.629037
0.629288
0.629288
0.629491
0.629637
0.631453
0.631453
0.631574
0.631612
0.660449
0.674292
0.706461
0.723291
0.735316
0.735316
0.736539
0.735439
0.736085
0.737365
0.737501
0.7376
0.738082
0.739131
0.73915
0.739168
0.739168
0.739188
0.739266
0.744257
0.753186
0.755328
0.755333
0.760815
0.760817
0.76082
0.762522
0.772134
0.775282
0.77529
0.776316
0.776318
0.776318
0.781837
0.783838
0.784517
0.784795
0.784883
0.78491
0.785812
0.788377
0.789924
0.790475
0.793205
0.793206
0.795276
0.795438
0.795438
0.796149
0.796149
0.796224
0.796224
0.796224
0.796225
0.796225
0.796225
0.796225
0.796225
0.796225
0.796225
0.796225
0.796225
0.796225
0.796225
0.796225
0.796225
0.796225
0.798346
0.798346
0.798346
0.798916
0.800043
0.800488
0.800677
0.80072
0.80072
0.80072
0.80072
0.80072
0.800832
0.800924
0.800967
0.800986
0.800995
0.801
0.801003
0.801005
0.801005
0.801006
0.802768
0.802768
0.802768
0.802768
0.80806
0.80806
0.820623
0.820623
0.823869
0.834198
0.834198
0.834198
0.834198
0.834198
0.8409
0.842894
0.848948
0.851293
0.851293
0.851293
0.852636
0.852636
0.853872
0.854037
0.854037
0.85459
0.858014
0.858118
0.858728
0.858728
0.85885
0.85885
0.861453
0.861655
0.863595
0.863595
0.864754
0.864754
0.875858
0.886275
0.88913
0.893561
0.895847
0.898588
0.899225
0.900235
0.926863
0.942526
0.79589
0.79589
0.819716
0.819716
0.819716
0.82108
0.821312
0.821582
0.821744
0.82243
0.723078
0.773727
0.773821
0.778558
0.778558
0.778558
0.778737
0.779109
0.779109
0.779109
0.779705
0.779997
0.780671
0.781134
0.781134
0.781201
0.781201
0.781201
0.807707
0.807943
0.743257
0.779134
0.779257
0.779623
0.780213
0.780285
0.780356
0.780638
0.780909
0.781017
0.781133
0.781486
0.781869
0.782324
0.782402
0.782555
0.78273
0.782963
0.783243
0.783404
0.783532
0.783794
0.78399
0.784136
0.784351
0.784468
0.800546
0.80057
0.800575
0.800611
0.80066
0.80066
0.80066
0.80066
0.800702
0.800731
0.800792
0.800827
0.800828
0.800828
0.736926
0.786143
0.786143
0.786154
0.786202
0.78622
0.786223
0.786329
0.786376
0.786378
0.742781
0.783776
0.783802
0.783813
0.783828
0.783828
0.783849
0.783966
0.784078
0.784078
0.784094
0.784196
0.786933
0.797981
0.799699
0.799718
0.799718
0.799718
0.799718
0.799859
0.833083
0.833083
0.833146
0.833258
0.833258
0.833278
0.833304
0.833304
0.833304
0.833308
0.607012
0.831377
0.831396
0.831412
0.831421
0.831442
0.832536
0.832536
0.832576
0.832597
0.812095
0.822643
0.826793
0.826799
0.826814
0.826816
0.826816
0.826816
0.826824
0.826853
0.755641
0.810799
0.811341
0.811951
0.815322
0.816279
0.816663
0.820022
0.820023
0.820023
0.752864
0.818223
0.818866
0.818866
0.819499
0.820794
0.823475
0.823476
0.824705
0.825026
0.824646
0.825253
0.825372
0.825676
0.825678
0.82568
0.835286
0.835287
0.835287
0.835287
0.830137
0.830143
0.830147
0.830147
0.830147
0.830154
0.830154
0.830158
0.830164
0.830165
0.811712
0.829956
0.829957
0.829957
0.829957
0.839735
0.843238
0.843238
0.847595
0.847596
0.832769
0.842519
0.842521
0.842523
0.842523
0.842524
0.842524
0.842526
0.842526


0.0607165
0.0751046
0.0794874
0.0891832
0.089729
0.12063
0.1288
0.149368
0.156086
0.196553
0.218868
0.225878
0.236774
0.247778
0.283612
0.313451
0.322045
0.366518
0.369896
0.443329
0.443695
0.457059
0.457059
0.457059
0.493789
0.525154
0.567505
0.591756
0.601713
0.67082
0.697682
0.708858
0.742657
0.745157
0.745685
0.764938
0.771598
0.80799
0.80799
0.808278
0.815452
0.819943
0.82945
0.83288
0.833467
0.835666
0.841615
0.841876
0.851414
0.851414
0.855116
0.865961
0.870977
0.873393
0.875399
0.884024
0.886752
0.892398
0.892398
0.892594
0.892594
0.892921
0.895462
0.902504
0.902504
0.907708
0.90831
0.90922
0.90922
0.910005
0.910495
0.912163
0.913208
0.914407
0.914743
0.915639
0.915639
0.916253
0.916866
0.917724
0.918093
0.918012
0.918592
0.918978
0.919778
0.919814
0.919816
0.920122
0.92021
0.920226
0.920375
0.92044
0.920738
0.920738
0.921151
0.921232
0.921232
0.921466
0.921472
0.921498
0.921528
0.921558
0.921666
0.921735
0.921744
0.921835
0.921835
0.921969
0.921969
0.922003
0.922006
0.922018
0.92207
0.922103
0.922104
0.92221
0.922217
0.922232
0.922232
0.922233
0.922235
0.922242
0.922249
0.922263
0.922265
0.922283
0.922284
0.922284
0.922288
0.922289
0.922292
0.922292
0.922292
0.922295
0.922297
0.922301
0.922302
0.922302
0.922308
0.92231
0.922312
0.922312
0.922317
0.922318
0.922318
0.922322
0.922323
0.922325
0.922327
0.922327
0.922327
0.922327
0.922328
0.922328
0.92233
0.92233
0.922331
0.922331
0.922331
0.922331
0.922332
0.922332
0.922332
0.922333
0.922334
0.922334
0.922334
0.922335
0.922336
0.922336
0.922336
0.922336
0.922336
0.922336
0.922336
0.922336
0.922336
0.922336
0.922336
0.922336
0.922336
0.922336
0.922336
0.922336
0.922336
0.922336
0.922336
0.922336
0.922336
0.922336
0.922336
0.922337
0.922337
0.922337
0.922337
0.922337
0.922337
0.922337
0.922337
0.922337
0.922337
0.922337
0.922337
0.922337
0.922337
0.922337
0.922337
0.922337
0.922337
0.922337
0.922337
0.922337
0.922337
0.922337
0.922337
0.922337
0.922337
0.922337
0.922337
0.922337
0.922337
0.922337
0.922337
0.922337
0.922337
0.922337
0.922337
0.922337
0.922337
0.922337
0.922337
0.922337
0.922337
0.922337
0.922337
0.922337
0.922337
0.922337
0.922337
0.922337
0.922337
0.922337
0.922337
0.922337
0.922337
0.922337
0.922337
0.922337
0.922337
0.922337
0.922337
0.922337
0.922337
0.922337
0.922337
0.922337
0.922337
0.922337
0.922337
0.922337
0.922337
0.922337
0.922337
0.922337
0.922337
0.922337
0.922337
0.922337
0.922337
0.922337
0.922337
0.922337
0.922337
0.922337
0.922337
0.922337
0.922337
0.922337
0.922337
0.922337
0.922337
0.922337
0.922337
0.922337
0.922337
0.922337
0.922337
0.922337
0.922337
0.922337
0.922337
0.922337
0.922337
0.922337
0.922337
0.922337
0.922337
0.922337
0.922337
0.922337
0.922337
0.922337
0.922337
0.922337
0.922337
0.922337
0.922337
0.922337
0.922337
0.922337
0.922337
0.922337
0.922337
0.922337
0.922337
0.922337
0.922337
0.922337
0.922337
0.922337
0.922337
0.922337
0.922337
0.922337
0.922337
0.922337
0.922337
0.922337
0.922337
0.922337
0.922337
0.922337
0.922337
0.922337
0.922337
0.922337
0.922337
0.922337
0.922337
0.922337
0.922337
0.922337
0.922337
0.922337
0.922337
0.922337
0.922337
0.922337
0.922337
0.922337
0.922337
0.922337
0.922337
0.922337
0.922337
0.922337
0.922337
0.922337
0.922337
0.922337
0.922337
0.922337
0.922337
0.922337
0.922337
0.922337
0.922337
0.922337
0.922337
0.922337
0.922337
0.922337
0.922337
0.922337
0.922337
0.922337
0.922337
0.922337
0.922337
0.922337
0.922337
0.922337
0.922337
0.922337
0.922337
0.922337
0.922337
0.922337
0.922337
0.922337
0.922337
0.922337
0.922337
0.922337
0.922337
0.922337
0.922337
0.922337
0.922337
0.922337


0.0674674
0.0697699
0.075291
0.0920041
0.125126
0.129407
0.129561
0.136282
0.136282
0.181662
0.191214
0.183682
0.223009
0.232199
0.239296
0.296885
0.297948
0.326243
0.336779
0.336779
0.3552
0.396743
0.438588
0.450803
0.450803
0.467093
0.473931
0.485058
0.526192
0.530541
0.535071
0.53494
0.543018
0.546453
0.568285
0.589722
0.591103
0.592461
0.602157
0.605083
0.609307
0.60758
0.608052
0.620392
0.633168
0.637585
0.638613
0.654064
0.65696
0.663114
0.663342
0.66765
0.66765
0.675043
0.675043
0.675483
0.67568
0.675991
0.67626
0.677231
0.678957
0.679117
0.679545
0.679868
0.680474
0.681058
0.681712
0.682124
0.68216
0.682463
0.682522
0.682794
0.682849
0.683094
0.683206
0.683859
0.684361
0.68437
0.68437
0.684444
0.684565
0.684676
0.684815
0.684973
0.684974
0.685067
0.685133
0.685175
0.68528
0.68528
0.685282
0.685401
0.685401
0.685442
0.68553
0.685531
0.685543
0.685551
0.685581
0.685609
0.685624
0.68564
0.685648
0.685651
0.685661
0.685668
0.685672
0.685679
0.685689
0.685696
0.685698
0.685699
0.685705
0.685713
0.685719
0.685724
0.685724
0.685724
0.685725
0.685727
0.685727
0.685727
0.685727
0.685728
0.685729
0.685729
0.685729
0.68573
0.685732
0.685732
0.685732
0.685732
0.685733
0.685733
0.685733
0.685733
0.685733
0.685734
0.685734
0.685734
0.685734
0.685734
0.685734
0.685734
0.685734
0.685734
0.685734
0.685734
0.685734
0.685734
0.685734
0.685734
0.685734
0.685734
0.685734
0.685734
0.685734
0.685734
0.685734
0.685734
0.685734
0.685734
0.685734
0.685734
0.685734
0.685734
0.685734
0.685734
0.685734
0.685734
0.685734
0.685734
0.685734
0.685734
0.685734
0.685734
0.685734
0.687617
0.693925
0.693925
0.693925
0.693925
0.693925
0.693925
0.693925
0.693925
0.693925
0.693925
0.693925
0.693925
0.693925
0.693925
0.693925
0.693925
0.693925
0.693925
0.693925
0.693925
0.693925
0.693925
0.693925
0.693925
0.693925
0.693925
0.693925
0.693925
0.693925
0.693925
0.693925
0.693925
0.693925
0.693925
0.693925
0.693925
0.693925
0.693925
0.693925
0.693925
0.693925
0.693925
0.693925
0.693925
0.693925
0.694125
0.694125
0.694125
0.694125
0.694125
0.694125
0.694125
0.694125
0.647091
0.685734
0.685734
0.685734
0.685734
0.685734
0.685734
0.685734
0.685734
0.685734
0.685734
0.685734
0.685734
0.685734
0.685734
0.685734
0.685734
0.685734
0.685734
0.685734
0.685734
0.685734
0.685734
0.685734
0.685734
0.685734
0.685734
0.685734
0.685734
0.685734
0.685734
0.685734
0.685734
0.685734
0.685734
0.685734
0.685734
0.685734
0.685734
0.685734
0.685734
0.685734
0.685734
0.685734
0.685734
0.685734
0.685734
0.685734
0.685734
0.685734
0.685734
0.685909
0.685909
0.685909
0.685909
0.693197
0.693197
0.693197
0.693197
0.693197
0.693197
0.693197
0.693197
0.693197
0.693197
0.693197
0.693197
0.693197
0.693197
0.693197
0.628561
0.685734
0.685734
0.685734
0.685734
0.685734
0.685734
0.685734
0.686179
0.686179
0.693213
0.693213
0.693213
0.693213
0.693213
0.693213
0.693213
0.693213
0.693213
0.69795
0.634328
0.685734
0.685734
0.685734
0.685734
0.685734
0.685734
0.685734
0.685734
0.685734
0.685734
0.692263
0.692263
0.697839
0.697839
0.697839
0.697839
0.697839
0.697839
0.697839
0.677042
0.685734
0.685734
0.690467
0.690467
0.690467
0.703585
0.703585
0.703585
0.703585
0.664601
0.693743
0.694007
0.6941
0.694136
0.694151
0.694158
0.694161
0.694162
0.694163
0.694163
0.694163
0.694163
0.694163
0.694163
0.694163
0.706664
0.706664
0.706664
0.706664
0.675797
0.699185
0.699185
0.699185
0.699185
0.699185
0.700345
0.713267
0.719408
0.719408
0.717223
0.717223
0.717223
0.718323
0.719463
0.719868
0.720024
0.720086
0.720112
0.743453
0.57882
0.712651
0.722518
0.722518
0.722518
0.722518
0.722518
0.722718
0.722718


0.0620214
0.0858922
0.104554
0.117879
0.117879
0.133203
0.136663
0.154661
0.154661
0.206987
0.206987
0.207175
0.215133
0.233721
0.236998
0.292761
0.294688
0.309556
0.326565
0.352498
0.374487
0.40169
0.41547
0.433474
0.433474
0.45141
0.502625
0.504952
0.514357
0.540123
0.546333
0.54905
0.55185
0.55637
0.559243
0.559243
0.566935
0.587269
0.59523
0.59996
0.611458
0.614898
0.625215
0.625215
0.63601
0.644251
0.646817
0.652226
0.658497
0.659473
0.661682
0.663906
0.665684
0.665684
0.668163
0.669831
0.670831
0.671851
0.672795
0.672795
0.67341
0.674198
0.674415
0.675997
0.677333
0.678657
0.679938
0.681194
0.682377
0.682377
0.68282
0.683022
0.683793
0.683812
0.683838
0.684693
0.684845
0.685209
0.685361
0.685445
0.685742
0.685777
0.685892
0.685908
0.686031
0.686121
0.686277
0.686277
0.686317
0.686363
0.686363
0.686464
0.686486
0.686607
0.686607
0.68673
0.68673
0.686734
0.686735
0.686744
0.686775
0.686783
0.686815
0.686822
0.686824
0.686828
0.686845
0.686862
0.686863
0.686866
0.686879
0.68688
0.68688
0.686888
0.686888
0.686888
0.686895
0.686897
0.686897
0.686897
0.686898
0.686898
0.686901
0.686901
0.686901
0.686904
0.686904
0.686905
0.686906
0.686908
0.686908
0.686908
0.686908
0.686909
0.686909
0.686909
0.686909
0.68691
0.68691
0.68691
0.68691
0.68691
0.68691
0.68691
0.68691
0.686911
0.686911
0.686911
0.686911
0.686911
0.686911
0.686911
0.686911
0.686912
0.686912
0.686912
0.686912
0.686912
0.686912
0.686912
0.686912
0.686912
0.686912
0.686912
0.686912
0.686912
0.686912
0.686912
0.686912
0.686912
0.686912
0.686912
0.686912
0.686912
0.686912
0.686912
0.686912
0.686912
0.686912
0.686912
0.686912
0.686912
0.686912
0.686912
0.686912
0.686912
0.686912
0.686912
0.686912
0.686912
0.686912
0.686912
0.686912
0.686912
0.686912
0.686912
0.686912
0.686912
0.686912
0.686912
0.686912
0.686912
0.686912
0.686912
0.686912
0.686912
0.686912
0.686912
0.686912
0.686912
0.686912
0.686912
0.686912
0.686912
0.686912
0.686912
0.686912
0.686912
0.686912
0.686912
0.686912
0.686912
0.686912
0.686912
0.686912
0.686912
0.686912
0.686912
0.686912
0.686912
0.686912
0.686912
0.686912
0.686912
0.686912
0.686912
0.693149
0.693149
0.693149
0.693553
0.696501
0.702511
0.705677
0.706741
0.707423
0.708841
0.711393
0.712009
0.712851
0.713107
0.713172
0.713777
0.713786
0.717532
0.717532
0.717532
0.717532
0.719365
0.722995
0.722995
0.724067
0.724067
0.724067
0.730065
0.73064
0.73064
0.732723
0.735262
0.737124
0.737842
0.737846
0.738422
0.738451
0.738726
0.738993
0.739108
0.739414
0.739747
0.740143
0.740271
0.740314
0.740595
0.741166
0.741473
0.741883
0.742325
0.742325
0.742325
0.742356
0.742429
0.751283
0.744583
0.749678
0.75309
0.75309
0.755116
0.757306
0.757306
0.760427
0.767018
0.767018
0.767028
0.767028
0.76728
0.76728
0.768087
0.768657
0.768657
0.778368
0.778368
0.780054
0.783912
0.783912
0.783912
0.783912
0.784583
0.785043
0.785191
0.785358
0.7856
0.786868
0.786321
0.788309
0.788309
0.788688
0.788688
0.788688
0.788816
0.789332
0.789463
0.790137
0.790602
0.791608
0.791608
0.791608
0.791816
0.792473
0.792473
0.792676
0.792676
0.792676
0.792935
0.792935
0.792965
0.79299
0.793131
0.794181
0.794942
0.794942
0.794942
0.794942
0.794818
0.795004
0.795049
0.79506
0.795094
0.795121
0.795166
0.795328
0.795536
0.795557
0.795557
0.7957
0.795707
0.795784
0.796091
0.796131
0.796131
0.796131
0.796131
0.796398
0.796271
0.796475
0.796537
0.796743
0.796855
0.796855
0.796855
0.796855
0.796903
0.796952
0.797001
0.797267
0.797433
0.797434
0.797437
0.797437
0.797456
0.797463
0.797465
0.797479
0.79748
0.79748
0.797618
0.797618
0.797618
0.797634
0.797634
0.797654
0.79766


0.0666522
0.0789184
0.0956234
0.122624
0.128082
0.138645
0.142953
0.143652
0.158925
0.167905
0.179311
0.176082
0.183492
0.228122
0.250394
0.250394
0.263125
0.276112
0.302864
0.32732
0.339383
0.346272
0.346272
0.389325
0.419817
0.453268
0.453268
0.466076
0.466353
0.491375
0.520058
0.528062
0.528062
0.541716
0.563473
0.580196
0.586746
0.594866
0.596672
0.600261
0.618266
0.623941
0.635525
0.64011
0.641207
0.645234
0.647084
0.656157
0.662386
0.664015
0.667885
0.668866
0.672344
0.677543
0.678214
0.681438
0.682149
0.682231
0.683934
0.68486
0.686039
0.687254
0.690794
0.694509
0.694538
0.697299
0.69804
0.69804
0.698795
0.702507
0.702507
0.705547
0.722476
0.722599
0.722805
0.725565
0.732015
0.734643
0.734651
0.73475
0.73975
0.738995
0.740056
0.742068
0.742349
0.742358
0.742358
0.742362
0.742403
0.742403
0.742415
0.742923
0.743258
0.74328
0.743291
0.743291
0.74346
0.743809
0.743847
0.743995
0.744205
0.744252
0.744746
0.744746
0.744947
0.74497
0.745167
0.745178
0.746343
0.746343
0.746346
0.746347
0.746348
0.746349
0.752237
0.752237
0.752237
0.771256
0.771256
0.783358
0.783358
0.783358
0.783359
0.783359
0.783359
0.783359
0.78336
0.78336
0.795509
0.807136
0.807155
0.807155
0.80849
0.808491
0.808491
0.81021
0.81021
0.81021
0.810823
0.821576
0.83478
0.835884
0.839472
0.840592
0.840592
0.841264
0.84249
0.842785
0.846489
0.847414
0.847414
0.847414
0.848645
0.852042
0.852725
0.852725
0.852725
0.854297
0.854876
0.856113
0.856113
0.857094
0.85763
0.85763
0.858686
0.858686
0.859173
0.859173
0.859173
0.859173
0.860651
0.86041
0.860994
0.860994
0.860994
0.862074
0.862074
0.862074
0.862074
0.862741
0.864142
0.866767
0.866944
0.867341
0.867341
0.867341
0.867418
0.867529
0.867529
0.867947
0.868872
0.868872
0.868872
0.868872
0.869153
0.869153
0.869153
0.869167
0.869202
0.869202
0.869305
0.869191
0.869246
0.869246
0.869246
0.869312
0.869312
0.86932
0.86932
0.86937
0.869413
0.869442
0.869452
0.869459
0.869459
0.869459
0.86949
0.86951
0.869557
0.869557
0.86957
0.869588
0.869589
0.869604
0.869614
0.869624
0.869634
0.869636
0.869636
0.869636
0.869636
0.869637
0.869642
0.869642
0.869645
0.869651
0.869651
0.869656
0.869663
0.869667
0.869667
0.869672
0.869673
0.869673
0.86968
0.86968
0.86968
0.869683
0.869685
0.869691
0.869691
0.86969
0.86969
0.86969
0.869692
0.869692
0.869692
0.869692
0.869693
0.869693
0.869694
0.869694
0.869695
0.869695
0.869695
0.869696
0.869696
0.869696
0.869696
0.869696
0.869696
0.869696
0.869697
0.869697
0.869697
0.869697
0.869697
0.869698
0.869698
0.869698
0.869698
0.869698
0.869698
0.869698
0.869698
0.869698
0.869698
0.869698
0.869698
0.869698
0.869698
0.869698
0.869698
0.869698
0.869698
0.869698
0.869698
0.869698
0.869698
0.869698
0.869698
0.869698
0.869698
0.869698
0.869698
0.869698
0.869698
0.869698
0.869698
0.869698
0.869698
0.869698
0.869698
0.869698
0.869698
0.869698
0.869698
0.869698
0.869698
0.869698
0.869698
0.869698
0.869698
0.869698
0.869698
0.869698
0.869698
0.869698
0.869698
0.869698
0.869698
0.869698
0.869698
0.869698
0.869698
0.869698
0.869698
0.869698
0.869698
0.869698
0.869698
0.869698
0.869698
0.869698
0.869698
0.869698
0.869698
0.869698
0.869698
0.869698
0.869698
0.869698
0.869698
0.869698
0.869698
0.869698
0.869698
0.869698
0.869698
0.869698
0.869698
0.869698
0.869698
0.869698
0.869698
0.869698
0.869698
0.869698
0.869698
0.869698
0.869698
0.869653
0.869698
0.869698
0.869698
0.869698
0.869698
0.869698
0.869698
0.869698
0.869698
0.869698
0.869698
0.869698
0.869698
0.869698
0.869698
0.869698
0.869698
0.869698
0.869698
0.869698
0.869698
0.869698
0.869698
0.869698
0.869698
0.869698
0.869698
0.869698


0.0669055
0.0747352
0.0767096
0.0922537
0.116721
0.120063
0.120086
0.131439
0.151483
0.154063
0.179054
0.179054
0.192218
0.203581
0.203581
0.208456
0.240016
0.246934
0.27278
0.330516
0.348398
0.359953
0.376415
0.387291
0.394682
0.394682
0.438054
0.442296
0.46604
0.502374
0.520818
0.551182
0.561526
0.56877
0.56877
0.586781
0.608319
0.608319
0.620861
0.639269
0.640832
0.646066
0.669769
0.671527
0.673668
0.681995
0.683179
0.688831
0.700981
0.710219
0.710219
0.716348
0.728609
0.728609
0.731846
0.735269
0.735864
0.736809
0.737662
0.737948
0.738382
0.741739
0.743629
0.745387
0.750285
0.751043
0.751349
0.75283
0.753971
0.754197
0.755946
0.756052
0.756404
0.756692
0.756754
0.757554
0.758866
0.758866
0.759323
0.759551
0.759551
0.759762
0.759762
0.760051
0.760065
0.760249
0.760632
0.760853
0.760915
0.761261
0.761265
0.761307
0.761307
0.761369
0.76139
0.761473
0.761486
0.761487
0.761489
0.761624
0.761632
0.761633
0.761657
0.7617
0.761733
0.761752
0.761812
0.761817
0.761853
0.761856
0.761875
0.761879
0.761881
0.761898
0.761898
0.761899
0.7619
0.761904
0.761911
0.761914
0.761916
0.761916
0.761917
0.761917
0.761917
0.761925
0.761925
0.761931
0.761932
0.761934
0.761935
0.761935
0.761937
0.761937
0.761937
0.761938
0.761938
0.76194
0.76194
0.761941
0.761941
0.762092
0.762092
0.762094
0.762316
0.76416
0.765124
0.765125
0.765125
0.765125
0.765351
0.765675
0.766417
0.766417
0.769097
0.770772
0.770772
0.774001
0.776302
0.77633
0.778228
0.778228
0.778228
0.77867
0.77867
0.77867
0.77867
0.780191
0.780645
0.780947
0.781181
0.780339
0.780339
0.780595
0.780595
0.780595
0.781073
0.781073
0.781268
0.781268
0.781576
0.781786
0.781786
0.781786
0.781824
0.782663
0.782671
0.782671
0.783206
0.783206
0.783206
0.783157
0.783205
0.783506
0.783654
0.783729
0.783768
0.784159
0.784356
0.784569
0.784753
0.784915
0.784949
0.784989
0.785
0.785002
0.785083
0.785113
0.785127
0.78516
0.785208
0.785247
0.785281
0.785319
0.785362
0.785384
0.785409
0.785424
0.785455
0.7855
0.785527
0.785583
0.785633
0.785711
0.785764
0.785825
0.785899
0.785981
0.786094
0.786176
0.786226
0.786275
0.786336
0.786389
0.786421
0.786487
0.786534
0.786564
0.786603
0.786667
0.786738
0.786808
0.78688
0.786951
0.787115
0.7873
0.787419
0.787644
0.787793
0.787983
0.78814
0.788283
0.788397
0.788489
0.788625
0.788725
0.788783
0.788816
0.788958
0.789065
0.789296
0.789591
0.790007
0.790253
0.790495
0.79092
0.791382
0.791671
0.791861
0.792046
0.792208
0.792395
0.792514
0.792613
0.792749
0.792864
0.793001
0.793155
0.793261
0.793335
0.793376
0.793455
0.793581
0.793688
0.793755
0.793755
0.793755
0.793755
0.793756
0.793756
0.793756
0.793754
0.793754
0.793756
0.793756
0.793756
0.793757
0.793757
0.793757
0.793757
0.793757
0.793757
0.793757
0.793757
0.793757
0.793757
0.793757
0.793758
0.793758
0.793759
0.79376
0.793761
0.793764
0.793765
0.793766
0.793768
0.79377
0.793772
0.793773
0.793775
0.793776
0.793778
0.793779
0.79378
0.793782
0.793784
0.793785
0.793787
0.793789
0.793789
0.793791
0.793791
0.793792
0.793794
0.793797
0.7938
0.793804
0.793809
0.793815
0.793819
0.793831
0.793849
0.793858
0.793865
0.79388
0.793888
0.793895
0.793905
0.793913
0.793919
0.793924
0.793929
0.793934
0.793937
0.793941
0.793948
0.793953
0.793958
0.793965
0.793968
0.793972
0.793974
0.793975
0.793977
0.793978
0.793979
0.793981
0.793982
0.793985
0.793987
0.79399
0.793992
0.793995
0.793997
0.794
0.794002
0.794005
0.794007
0.794008
0.79401
0.794013
0.794014
0.794015
0.794018
0.794019
0.794025
0.794028
0.794037
0.794047
0.794063
0.79409
0.794131
0.794159
0.794201
0.794247
0.794268
0.794277
0.794298
0.794339
0.79436


0.0778017
0.08474
0.0946873
0.106495
0.109673
0.115487
0.145476
0.145476
0.155854
0.167595
0.169812
0.178346
0.186763
0.186816
0.192891
0.198283
0.207145
0.212113
0.214377
0.222513
0.223088
0.236065
0.236065
0.240933
0.248703
0.249169
0.249169
0.249485
0.24955
0.250616
0.25294
0.255357
0.255357
0.255423
0.260401
0.261062
0.266563
0.267905
0.269077
0.269952
0.270093
0.270461
0.270672
0.270721
0.271219
0.271343
0.272202
0.272202
0.272442
0.272969
0.273263
0.273716
0.274196
0.274593
0.274593
0.274862
0.275066
0.275345
0.275584
0.275669
0.276095
0.276434
0.276702
0.276742
0.276742
0.276844
0.276971
0.277118
0.277118
0.277162
0.277219
0.27729
0.277356
0.277356
0.27737
0.277409
0.277449
0.27749
0.277499
0.277504
0.27754
0.277551
0.277584
0.277596
0.277607
0.277632
0.277637
0.277646
0.277651
0.277653
0.277657
0.277662
0.277662
0.277668
0.277676
0.277679
0.277689
0.277692
0.277694
0.277697
0.277698
0.277704
0.277708
0.277709
0.277711
0.277713
0.277713
0.277714
0.277715
0.277716
0.277716
0.277716
0.277716
0.277718
0.277719
0.27772
0.27772
0.27772
0.27772
0.277721
0.277721
0.277722
0.277722
0.277722
0.277722
0.277722
0.277722
0.277723
0.277723
0.277723
0.277723
0.277723
0.277723
0.277723
0.277723
0.277723
0.277724
0.277724
0.277724
0.277724
0.277724
0.277724
0.277724
0.277724
0.277724
0.277724
0.277724
0.277724
0.277724
0.277724
0.277724
0.277724
0.277724
0.277724
0.277724
0.277724
0.277724
0.277724
0.277724
0.277724
0.277724
0.277724
0.277724
0.277724
0.277724
0.277724
0.277724
0.277724
0.277724
0.277724
0.277724
0.277724
0.277724
0.277724
0.277724
0.277724
0.277724
0.277724
0.277724
0.277724
0.277724
0.277724
0.277724
0.277724
0.277724
0.277724
0.277724
0.277724
0.277724
0.277724
0.277724
0.277724
0.277724
0.277724
0.277724
0.277724
0.277724
0.277724
0.277724
0.277724
0.277724
0.277724
0.277724
0.277724
0.277724
0.277724
0.277724
0.277724
0.277724
0.277724
0.277724
0.277724
0.277724
0.277724
0.277724
0.277724
0.277724
0.277724
0.277724
0.277724
0.277724
0.277724
0.277724
0.277724
0.277724
0.277724
0.277724
0.277724
0.277724
0.277724
0.277724
0.277724
0.277724
0.277724
0.277724
0.277724
0.277724
0.277724
0.277724
0.277724
0.277724
0.277724
0.277724
0.277724
0.277724
0.277724
0.277724
0.277724
0.277724
0.277724
0.277724
0.277724
0.277724
0.277724
0.277724
0.277724
0.277724
0.277724
0.277724
0.277724
0.277724
0.277724
0.277724
0.277724
0.277724
0.277724
0.277724
0.277724
0.277724
0.277724
0.277724
0.277724
0.277724
0.277724
0.277724
0.277724
0.277724
0.277724
0.277724
0.277724
0.277724
0.277724
0.277724
0.277724
0.277724
0.277724
0.277724
0.277724
0.277724
0.277724
0.277724
0.277724
0.277724
0.277724
0.277724
0.277724
0.277724
0.277724
0.277724
0.277724
0.277724
0.277724
0.277724
0.277724
0.277724
0.277724
0.277724
0.277724
0.277724
0.277724
0.277724
0.277724
0.277724
0.277724
0.277724
0.277724
0.277724
0.277724
0.277724
0.277724
0.277724
0.277724
0.277724
0.277724
0.277724
0.277724
0.277724
0.277724
0.277724
0.277724
0.277724
0.277724
0.277724
0.277724
0.277724
0.277724
0.277724
0.277724
0.277724
0.277724
0.277724
0.277724
0.277724
0.277724
0.277724
0.277724
0.277724
0.277724
0.277724
0.277724
0.277724
0.277724
0.277724
0.277724
0.277724
0.277724
0.277724
0.277724
0.277724
0.277724
0.277724
0.277724
0.277724
0.277724
0.277724
0.277724
0.277724
0.277724
0.277724
0.277724
0.277724
0.277724
0.277724
0.277724
0.277724
0.277724
0.277724
0.277724
0.277724
0.277724
0.277724
0.277724
0.277724
0.277724
0.277724
0.277724
0.277724
0.277724
0.277724
0.277724
0.277724
0.277724
0.277724
0.277724
0.277724
0.277724
0.277724
0.277724
0.277724
0.277724


0.0834454
0.100785
0.102986
0.118031
0.137611
0.137611
0.150133
0.150133
0.160534
0.160785
0.20373
0.218494
0.219684
0.219687
0.228316
0.238058
0.275839
0.282651
0.285287
0.328561
0.360078
0.363812
0.38229
0.38229
0.391573
0.394457
0.406596
0.436869
0.446709
0.456288
0.458835
0.469937
0.475315
0.476501
0.484193
0.513276
0.520976
0.521096
0.524135
0.529385
0.538851
0.542615
0.567218
0.570037
0.57819
0.57819
0.586964
0.587374
0.587438
0.588619
0.590809
0.591097
0.591237
0.602763
0.602785
0.603008
0.603008
0.607977
0.608036
0.610623
0.610724
0.611404
0.612149
0.612726
0.614456
0.614961
0.615032
0.616237
0.616237
0.617296
0.617334
0.617334
0.617395
0.617667
0.618144
0.618461
0.61877
0.61877
0.618796
0.61896
0.618969
0.618969
0.619078
0.619081
0.619186
0.619235
0.619483
0.619626
0.619679
0.619682
0.619684
0.619793
0.619801
0.619801
0.619802
0.619814
0.619855
0.619857
0.619858
0.619902
0.619942
0.619945
0.619948
0.619957
0.619957
0.619958
0.619967
0.619969
0.61998
0.61998
0.61999
0.61999
0.619997
0.619998
0.620002
0.620006
0.620007
0.62001
0.620014
0.620015
0.62002
0.620022
0.620023
0.620023
0.620023
0.620027
0.620029
0.620029
0.62003
0.62003
0.620031
0.620032
0.620034
0.620034
0.620035
0.620036
0.620036
0.620037
0.620037
0.620037
0.620037
0.620038
0.620038
0.620038
0.620038
0.620038
0.620038
0.620038
0.620039
0.620039
0.620039
0.620039
0.620039
0.620039
0.620039
0.620039
0.620039
0.620039
0.620039
0.620039
0.620039
0.620039
0.620039
0.620039
0.620039
0.620039
0.620039
0.620039
0.620039
0.620039
0.620039
0.620039
0.620039
0.62004
0.62004
0.62004
0.62004
0.62004
0.62004
0.62004
0.62004
0.62004
0.62004
0.62004
0.62004
0.62004
0.62004
0.62004
0.62004
0.62004
0.62004
0.62004
0.62004
0.62004
0.62004
0.62004
0.62004
0.62004
0.62004
0.62004
0.62004
0.62004
0.62004
0.62004
0.62004
0.62004
0.62004
0.62004
0.62004
0.62004
0.62004
0.62004
0.62004
0.62004
0.62004
0.62004
0.62004
0.62004
0.62004
0.62004
0.62004
0.62004
0.62004
0.62004
0.62004
0.62004
0.62004
0.62004
0.62004
0.62004
0.62004
0.62004
0.62004
0.62004
0.62004
0.62004
0.62004
0.62004
0.62004
0.62004
0.62004
0.62004
0.62004
0.62004
0.62004
0.62004
0.62004
0.62004
0.62004
0.62004
0.62004
0.62004
0.62004
0.62004
0.62004
0.62004
0.62004
0.62004
0.62004
0.62004
0.62004
0.62004
0.62004
0.62004
0.62004
0.62004
0.62004
0.62004
0.62004
0.62004
0.62004
0.62004
0.62004
0.62004
0.62004
0.62004
0.62004
0.62004
0.62004
0.62004
0.62004
0.62004
0.62004
0.62004
0.62004
0.62004
0.62004
0.62004
0.62004
0.62004
0.62004
0.62004
0.62004
0.62004
0.62004
0.62004
0.62004
0.62004
0.62004
0.62004
0.62004
0.62004
0.62004
0.62004
0.62004
0.62004
0.62004
0.62004
0.62004
0.62004
0.62004
0.62004
0.62004
0.62004
0.62004
0.62004
0.62004
0.62004
0.62004
0.62004
0.62004
0.62004
0.62004
0.62004
0.62004
0.62004
0.62004
0.62004
0.62004
0.62004
0.62004
0.62004
0.62004
0.62004
0.62004
0.62004
0.62004
0.62004
0.62004
0.62004
0.62004
0.62004
0.62004
0.62004
0.62004
0.62004
0.62004
0.62004
0.62004
0.62004
0.62004
0.62004
0.62004
0.62004
0.62004
0.62004
0.62004
0.62004
0.62004
0.62004
0.62004
0.62004
0.62004
0.62004
0.62004
0.62004
0.62004
0.62004
0.62004
0.62004
0.62004
0.62004
0.62004
0.62004
0.62004
0.62004
0.62004
0.62004
0.62004
0.62004
0.62004
0.62004
0.62004
0.62004
0.62004
0.62004
0.62004
0.62004
0.62004
0.62004
0.62004
0.62004
0.62004
0.62004
0.62004
0.62004
0.62004
0.62004
0.62004
0.62004


0.0771641
0.0807495
0.0807495
0.0858783
0.106273
0.115206
0.115975
0.123297
0.125367
0.165051
0.171857
0.188839
0.197966
0.202983
0.238811
0.238811
0.243286
0.243286
0.286169
0.286169
0.303399
0.339285
0.345342
0.34831
0.358236
0.359533
0.360538
0.387723
0.388036
0.392126
0.39863
0.409568
0.430131
0.430389
0.434733
0.441528
0.442299
0.451085
0.453557
0.466204
0.466256
0.474925
0.481444
0.487694
0.491969
0.491969
0.499862
0.501617
0.515214
0.515574
0.515587
0.524234
0.537738
0.537803
0.539552
0.540366
0.548045
0.549737
0.550311
0.550356
0.551176
0.560122
0.560138
0.560147
0.5632
0.563205
0.563839
0.563863
0.564284
0.564459
0.564459
0.567384
0.567503
0.567505
0.567521
0.567771
0.56821
0.568234
0.568452
0.569142
0.569152
0.569183
0.569481
0.569481
0.569482
0.569597
0.569597
0.56974
0.569922
0.570375
0.570375
0.57017
0.570462
0.570462
0.570718
0.570779
0.570779
0.570832
0.570832
0.570883
0.570916
0.570994
0.570994
0.571149
0.571211
0.571211
0.571214
0.57126
0.571314
0.571314
0.571317
0.571378
0.571378
0.571378
0.571378
0.571403
0.57143
0.57143
0.571437
0.571453
0.571453
0.571456
0.571456
0.571462
0.571467
0.571478
0.571484
0.571484
0.571492
0.571496
0.571496
0.571499
0.571501
0.571505
0.571505
0.571509
0.571509
0.571515
0.571515
0.571515
0.571517
0.571517
0.571517
0.571517
0.571518
0.571518
0.571519
0.571521
0.571521
0.571521
0.571521
0.571522
0.571523
0.571523
0.571524
0.571524
0.571524
0.571524
0.571524
0.571524
0.571524
0.571525
0.571525
0.571525
0.571525
0.571525
0.571526
0.571526
0.571526
0.571526
0.571526
0.571526
0.571527
0.571527
0.571527
0.571527
0.571527
0.571527
0.571527
0.571527
0.571527
0.571527
0.571527
0.571527
0.571527
0.571527
0.571527
0.571527
0.571527
0.571527
0.571527
0.571527
0.571527
0.571527
0.571527
0.571527
0.571527
0.571527
0.571527
0.571527
0.571528
0.571528
0.571528
0.571528
0.571528
0.571528
0.571528
0.571528
0.571528
0.571528
0.571528
0.571528
0.571528
0.571528
0.571528
0.571528
0.571528
0.571528
0.571528
0.571528
0.571528
0.571528
0.571528
0.571528
0.571528
0.571528
0.571528
0.571528
0.571528
0.571528
0.571528
0.571528
0.571528
0.571528
0.571528
0.571528
0.571528
0.571528
0.571528
0.571528
0.571528
0.571528
0.571528
0.571528
0.571528
0.571528
0.571528
0.571528
0.571528
0.571528
0.571528
0.571528
0.571528
0.571528
0.571528
0.571528
0.571528
0.571528
0.571528
0.571528
0.571528
0.571528
0.571528
0.571528
0.571528
0.571528
0.571528
0.571528
0.571528
0.571528
0.571528
0.571528
0.571528
0.571528
0.571528
0.571528
0.571528
0.571528
0.571528
0.571528
0.571528
0.571528
0.571528
0.571528
0.571528
0.571528
0.571528
0.571528
0.571528
0.571528
0.571528
0.571528
0.571528
0.571528
0.571528
0.571528
0.571528
0.571528
0.571528
0.571528
0.571528
0.571528
0.571528
0.571528
0.571528
0.571528
0.571528
0.571528
0.571528
0.571528
0.571528
0.571526
0.571528
0.571528
0.571528
0.571528
0.571528
0.571528
0.571528
0.571528
0.571528
0.571528
0.571528
0.571528
0.571528
0.571528
0.571528
0.571528
0.571528
0.571528
0.571528
0.571528
0.571528
0.571528
0.571528
0.571528
0.571528
0.571528
0.571528
0.571528
0.571528
0.571528
0.571528
0.571528
0.571528
0.571528
0.571528
0.571528
0.571528
0.571528
0.571528
0.571528
0.571528
0.571528
0.571528
0.571528
0.571528
0.571528
0.571528
0.571528
0.571528
0.571528
0.571528
0.571528
0.571528
0.571528
0.571528
0.571528
0.571528
0.571528
0.571528
0.571528
0.571528
0.571528
0.571528
0.571528
0.571528
0.571528
0.571528
0.571528
0.571528
0.571528
0.571528
0.571528
0.571528
0.571528
0.571528
0.571528
0.571528
0.571528
0.571528
0.571528
0.571528
0.571528
0.571528
0.571528
0.571528
0.571528
0.571528
0.571528


0.0667594
0.080252
0.113639
0.113639
0.113639
0.126986
0.136539
0.172409
0.181329
0.181595
0.189993
0.203055
0.209955
0.217644
0.244173
0.260135
0.279033
0.28915
0.319074
0.358448
0.376379
0.376628
0.406639
0.43121
0.453976
0.483113
0.525443
0.540605
0.545639
0.593754
0.593754
0.594275
0.627081
0.636998
0.662884
0.662884
0.702899
0.721036
0.748858
0.748858
0.752541
0.756491
0.774268
0.783763
0.783763
0.787607
0.789384
0.7934
0.802242
0.814847
0.815432
0.818368
0.818368
0.828012
0.828292
0.828638
0.828638
0.831948
0.836234
0.836234
0.836455
0.840656
0.840656
0.84255
0.843089
0.843089
0.843294
0.843685
0.844215
0.844454
0.844677
0.844867
0.84509
0.8461
0.846165
0.846298
0.84716
0.847316
0.847316
0.847359
0.847628
0.847778
0.847814
0.848197
0.848251
0.848294
0.848367
0.848375
0.848382
0.848427
0.848484
0.848511
0.848514
0.848586
0.848683
0.848728
0.848765
0.848765
0.848788
0.848805
0.848842
0.848839
0.848841
0.848851
0.848872
0.848886
0.848897
0.848908
0.848916
0.848931
0.84894
0.84894
0.848945
0.848951
0.848957
0.848962
0.848963
0.848968
0.84897
0.848971
0.848974
0.848976
0.848977
0.848979
0.848981
0.848982
0.848983
0.848983
0.848985
0.848987
0.848987
0.848988
0.848988
0.848988
0.848989
0.848989
0.848989
0.848989
0.848989
0.84899
0.84899
0.84899
0.84899
0.848991
0.848991
0.848991
0.848991
0.848991
0.848992
0.848992
0.848992
0.848992
0.848992
0.848992
0.848992
0.848992
0.848992
0.848992
0.848992
0.848992
0.848992
0.848992
0.848992
0.848992
0.848992
0.848992
0.848992
0.848992
0.848992
0.848992
0.848992
0.848992
0.848993
0.848993
0.848993
0.848993
0.848993
0.848993
0.848993
0.848993
0.848993
0.848993
0.848993
0.848993
0.848993
0.848993
0.848993
0.848993
0.848993
0.848993
0.848993
0.848993
0.848993
0.848993
0.848993
0.848993
0.848993
0.848993
0.848993
0.848993
0.848993
0.848993
0.848993
0.848993
0.848993
0.848993
0.848993
0.848993
0.848993
0.848993
0.848993
0.848993
0.848993
0.848993
0.848993
0.848993
0.848993
0.848993
0.848993
0.848993
0.848993
0.848993
0.848993
0.848993
0.848993
0.848993
0.848993
0.848993
0.848993
0.848993
0.848993
0.848993
0.848993
0.848993
0.848993
0.848993
0.848993
0.848993
0.848993
0.848993
0.848993
0.848993
0.848993
0.848993
0.848993
0.848993
0.848993
0.848993
0.848993
0.848993
0.848993
0.848993
0.848993
0.848993
0.848993
0.848993
0.848993
0.848993
0.848993
0.848993
0.848993
0.848993
0.848993
0.848993
0.848993
0.848993
0.848993
0.848993
0.848993
0.848993
0.848993
0.848993
0.848993
0.848993
0.848993
0.848993
0.848993
0.848993
0.848993
0.848993
0.848993
0.848993
0.848993
0.848993
0.848993
0.848993
0.848993
0.848993
0.848993
0.848993
0.848993
0.848993
0.848993
0.848993
0.848993
0.848993
0.848993
0.848993
0.848993
0.848993
0.848993
0.848993
0.848993
0.848993
0.848993
0.848993
0.848993
0.848993
0.848993
0.848993
0.848993
0.848993
0.848993
0.848993
0.848993
0.848993
0.848993
0.848993
0.848993
0.848993
0.848993
0.848993
0.848993
0.848993
0.848993
0.848993
0.848993
0.848993
0.848993
0.848993
0.848993
0.848993
0.848993
0.848993
0.848993
0.848993
0.848993
0.848993
0.848993
0.848993
0.848993
0.848993
0.848993
0.848993
0.848993
0.848993
0.848993
0.848993
0.848993
0.848993
0.848993
0.848993
0.848993
0.848993
0.848993
0.848993
0.848993
0.848993
0.848993
0.848993
0.848993
0.848993
0.848993
0.848993
0.848993
0.848993
0.848993
0.848993
0.848993
0.848993
0.848993
0.848993
0.848993
0.848993
0.848993
0.848993
0.848993
0.848993
0.848993
0.848993
0.848993
0.848993
0.848993
0.848993
0.848993
0.848993
0.848993
0.848993
0.848993
0.848993
0.848993
0.848993
0.848993
0.848993
0.848993
0.848993
0.848993
0.848993
0.848993
0.848993


0.0573744
0.0641135
0.0717775
0.0725446
0.0828583
0.0902486
0.104529
0.108858
0.12295
0.126984
0.140064
0.145732
0.181244
0.181997
0.182044
0.187918
0.209833
0.247539
0.253084
0.282094
0.306218
0.325337
0.345854
0.345854
0.3806
0.386124
0.402139
0.443398
0.461058
0.4904
0.514946
0.540839
0.543516
0.57291
0.591946
0.652669
0.657107
0.663958
0.696985
0.701034
0.711834
0.718028
0.721878
0.729911
0.740173
0.750673
0.750673
0.753003
0.754556
0.75892
0.767733
0.76969
0.77033
0.7752
0.781869
0.782726
0.784411
0.789831
0.793905
0.794275
0.796627
0.79678
0.796904
0.797404
0.797404
0.799349
0.800569
0.800569
0.801687
0.801816
0.802416
0.802759
0.802867
0.803046
0.803309
0.803394
0.804013
0.804154
0.804187
0.804513
0.804517
0.804626
0.805066
0.805208
0.805222
0.805302
0.805324
0.805469
0.805727
0.805775
0.805815
0.805883
0.806009
0.806045
0.806056
0.806162
0.806177
0.806189
0.806277
0.80631
0.806419
0.806402
0.806435
0.806484
0.806487
0.806505
0.806527
0.806537
0.806559
0.806561
0.806561
0.806581
0.806591
0.806593
0.806608
0.806619
0.806619
0.806621
0.806621
0.806628
0.806632
0.806631
0.806631
0.806632
0.806637
0.806638
0.806638
0.80664
0.806641
0.806642
0.806644
0.817586
0.817586
0.817588
0.817588
0.817588
0.817588
0.818795
0.819819
0.819819
0.820551
0.81908
0.82135
0.829182
0.837573
0.83827
0.846048
0.854746
0.854746
0.854746
0.854746
0.854746
0.854746
0.857683
0.857972
0.860062
0.86205
0.862354
0.864273
0.864273
0.864273
0.865591
0.865592
0.866707
0.867665
0.871032
0.871032
0.871032
0.872146
0.872146
0.872146
0.873614
0.874426
0.874584
0.874852
0.874852
0.875127
0.875735
0.875735
0.876287
0.876287
0.875934
0.87609
0.87609
0.87609
0.87609
0.87666
0.876866
0.876891
0.876891
0.876901
0.876901
0.877197
0.877197
0.877365
0.877365
0.877421
0.877421
0.877421
0.877474
0.87749
0.87749
0.87753
0.87753
0.87753
0.87753
0.87758
0.877581
0.877618
0.877646
0.87766
0.87766
0.87766
0.877664
0.877695
0.877708
0.877708
0.877708
0.877708
0.877716
0.877716
0.877714
0.877718
0.877721
0.877726
0.877726
0.87773
0.877731
0.877733
0.877738
0.877739
0.877744
0.877746
0.877746
0.87775
0.877751
0.877751
0.877751
0.877755
0.877757
0.877757
0.877757
0.877757
0.877757
0.877759
0.877759
0.877759
0.877759
0.877759
0.877759
0.87776
0.87776
0.87776
0.87776
0.877761
0.877761
0.877761
0.877761
0.877761
0.877761
0.877761
0.877761
0.877762
0.877762
0.877762
0.877762
0.877762
0.877762
0.877762
0.877762
0.877762
0.877762
0.877762
0.877762
0.877762
0.877762
0.877762
0.877762
0.877762
0.877762
0.877762
0.877762
0.877762
0.877762
0.877762
0.877762
0.877762
0.877762
0.877762
0.877762
0.877762
0.877762
0.877762
0.877762
0.877762
0.877762
0.877762
0.877762
0.877762
0.877762
0.877762
0.877762
0.877762
0.877762
0.877762
0.877762
0.877762
0.877762
0.877762
0.877762
0.877762
0.877762
0.877762
0.877762
0.877762
0.877762
0.877762
0.877762
0.877762
0.877762
0.877762
0.877762
0.877762
0.877762
0.877762
0.877762
0.877762
0.877762
0.877762
0.877762
0.877762
0.877762
0.877762
0.877762
0.877762
0.877762
0.877762
0.877762
0.877762
0.877762
0.887118
0.89377
0.896832
0.898247
0.903286
0.907526
0.910242
0.9121
0.912125
0.912125
0.913009
0.913413
0.914177
0.914254
0.916151
0.916151
0.916694
0.91687
0.916882
0.916882
0.917133
0.917437
0.917721
0.918047
0.918249
0.918249
0.918287
0.918287
0.918289
0.918321
0.918448
0.918578
0.918578
0.919007
0.920513
0.920793
0.921795
0.922799
0.92348
0.924008
0.92525
0.925257
0.925257
0.92635
0.927339
0.928122
0.928405
0.928426
0.928426
0.928523
0.92857
0.9288
0.929307
0.929465
0.929545
0.929647
0.929986
0.9302
0.930328
0.930343


0.0632823
0.0790617
0.0820988
0.0855975
0.123605
0.134371
0.144371
0.154984
0.159309
0.166458
0.172304
0.20644
0.213917
0.213917
0.234992
0.264582
0.309837
0.331419
0.354442
0.369925
0.369925
0.406781
0.417755
0.421785
0.441934
0.469765
0.50935
0.50935
0.520609
0.549569
0.556555
0.561455
0.570043
0.577735
0.589876
0.607069
0.627546
0.627806
0.632622
0.634777
0.643274
0.651274
0.6602
0.681286
0.687412
0.687412
0.690762
0.702509
0.704704
0.707996
0.7091
0.712324
0.717074
0.719972
0.722487
0.723578
0.724976
0.731572
0.735024
0.736061
0.73617
0.736359
0.736807
0.737168
0.739148
0.740062
0.740746
0.741243
0.74164
0.741712
0.742149
0.742636
0.743514
0.743775
0.743877
0.744348
0.744348
0.744372
0.744634
0.74464
0.74464
0.74468
0.744736
0.744887
0.744926
0.745029
0.74505
0.745096
0.745096
0.745119
0.74519
0.745206
0.745319
0.745319
0.745329
0.745339
0.745339
0.745385
0.745391
0.745414
0.745414
0.745436
0.745448
0.745448
0.745448
0.745452
0.745452
0.745457
0.745462
0.745463
0.745473
0.745473
0.745476
0.74548
0.745481
0.745485
0.745487
0.745488
0.745489
0.745491
0.745492
0.745492
0.745494
0.745495
0.745495
0.745496
0.745496
0.745497
0.745497
0.745498
0.745498
0.745498
0.745498
0.745498
0.745499
0.745499
0.745499
0.745499
0.745499
0.745499
0.745499
0.7455
0.7455
0.7455
0.7455
0.7455
0.7455
0.7455
0.7455
0.7455
0.7455
0.7455
0.7455
0.7455
0.7455
0.7455
0.7455
0.7455
0.7455
0.7455
0.7455
0.7455
0.7455
0.7455
0.7455
0.7455
0.7455
0.7455
0.7455
0.7455
0.7455
0.7455
0.7455
0.7455
0.7455
0.7455
0.7455
0.7455
0.7455
0.7455
0.7455
0.7455
0.7455
0.7455
0.7455
0.7455
0.7455
0.7455
0.7455
0.7455
0.7455
0.7455
0.7455
0.7455
0.7455
0.7455
0.7455
0.7455
0.7455
0.7455
0.7455
0.7455
0.7455
0.7455
0.7455
0.7455
0.7455
0.7455
0.7455
0.7455
0.7455
0.7455
0.7455
0.7455
0.7455
0.7455
0.7455
0.7455
0.7455
0.7455
0.7455
0.7455
0.7455
0.7455
0.7455
0.7455
0.7455
0.748025
0.748025
0.748025
0.748288
0.748288
0.748384
0.748384
0.748384
0.748384
0.748401
0.748463
0.748794
0.74898
0.749253
0.749179
0.749357
0.749357
0.750443
0.750443
0.750602
0.750602
0.750602
0.750689
0.751105
0.75092
0.751396
0.751537
0.751805
0.75231
0.752511
0.752579
0.753109
0.75321
0.753241
0.753508
0.753646
0.7542
0.754538
0.754538
0.75463
0.755152
0.755152
0.755557
0.756157
0.75617
0.756693
0.756693
0.756693
0.756809
0.756914
0.75696
0.75698
0.756991
0.756996
0.756998
0.757069
0.757249
0.757249
0.757374
0.757585
0.757585
0.757595
0.757765
0.757765
0.757949
0.757978
0.758057
0.758076
0.758076
0.758102
0.758184
0.758212
0.758269
0.758269
0.758271
0.758284
0.758284
0.758284
0.758297
0.758297
0.758297
0.758297
0.758298
0.758308
0.758317
0.758318
0.758318
0.758318
0.758318
0.758319
0.758326
0.758336
0.758336
0.758358
0.758358
0.758358
0.758365
0.758389
0.758404
0.75842
0.758428
0.758441
0.758442
0.758442
0.758486
0.758501
0.758506
0.758507
0.758532
0.758532
0.758586
0.758586
0.758586
0.758586
0.7586
0.7586
0.7586
0.758606
0.758606
0.758608
0.758616
0.758622
0.758628
0.758636
0.758651
0.758653
0.758653
0.758656
0.758659
0.758659
0.758661
0.758662
0.758664
0.758664
0.758665
0.758665
0.758665
0.758667
0.758669
0.758669
0.75867
0.75867
0.758674
0.758678
0.758681
0.758681
0.758683
0.758683
0.758685
0.758686
0.758687
0.758687
0.758692
0.758697
0.758702
0.758707
0.758708
0.758708
0.758708
0.758708
0.758708
0.758709
0.75871
0.758715
0.758715
0.758721
0.758721
0.758721
0.758721
0.758721
0.758722
0.758724
0.758725


0.0705893
0.0762789
0.0928971
0.103329
0.110668
0.134418
0.137883
0.16858
0.16858
0.186534
0.196445
0.20553
0.225112
0.232582
0.276736
0.276736
0.279696
0.285982
0.286126
0.329349
0.331502
0.339822
0.347486
0.397309
0.405258
0.405575
0.412298
0.42984
0.438635
0.445212
0.515769
0.521966
0.528766
0.543881
0.551208
0.551208
0.551208
0.565117
0.565117
0.566346
0.567618
0.567172
0.572626
0.575281
0.576206
0.579001
0.5879
0.632711
0.654353
0.662304
0.666684
0.670014
0.670491
0.670672
0.683458
0.683458
0.68381
0.685497
0.686003
0.686353
0.686362
0.686471
0.686706
0.68704
0.687462
0.687508
0.687632
0.687709
0.689987
0.695702
0.722697
0.722697
0.730791
0.743653
0.743661
0.743742
0.745382
0.750595
0.75141
0.751421
0.751429
0.751432
0.751473
0.751492
0.751492
0.756189
0.75621
0.75621
0.757015
0.757502
0.757508
0.758734
0.758736
0.758745
0.758751
0.758751
0.759183
0.759183
0.759183
0.759183
0.759183
0.759219
0.759232
0.759687
0.759688
0.759688
0.759853
0.759854
0.760156
0.760267
0.7604
0.760427
0.761477
0.761635
0.761635
0.761636
0.761751
0.761751
0.761751
0.7619
0.7619
0.761944
0.767159
0.767159
0.76737
0.771092
0.771092
0.771092
0.772777
0.772777
0.772777
0.772138
0.772872
0.772899
0.774001
0.774001
0.774138
0.774138
0.774138
0.774138
0.774138
0.774128
0.774128
0.774128
0.774128
0.774128
0.774128
0.774598
0.774598
0.774598
0.775328
0.775328
0.775328
0.776112
0.776454
0.776454
0.776454
0.776454
0.776454
0.776521
0.776521
0.776705
0.77683
0.77683
0.77683
0.77683
0.77683
0.776875
0.776889
0.776889
0.776972
0.776972
0.777107
0.777107
0.777135
0.777135
0.777135
0.777135
0.777135
0.777135
0.777135
0.777143
0.777176
0.777224
0.777241
0.777249
0.777252
0.777254
0.777254
0.777254
0.777254
0.777286
0.777291
0.777296
0.777296
0.777296
0.777308
0.777331
0.777331
0.777331
0.777335
0.777335
0.77734
0.77734
0.777344
0.777344
0.777344
0.777345
0.777346
0.777346
0.777346
0.777349
0.777349
0.777349
0.777355
0.777355
0.777355
0.777358
0.777359
0.777359
0.77736
0.77736
0.77736
0.77736
0.777371
0.777373
0.777373
0.777375
0.777378
0.777378
0.777378
0.777379
0.77738
0.77738
0.77738
0.77738
0.77738
0.77738
0.777381
0.777381
0.777382
0.777382
0.777383
0.777383
0.777383
0.777383
0.777383
0.777383
0.778071
0.789811
0.789811
0.788927
0.791563
0.794848
0.794848
0.794848
0.817758
0.824655
0.827872
0.828077
0.83315
0.834519
0.836578
0.837141
0.838168
0.83916
0.842201
0.842201
0.8519
0.8519
0.851901
0.852619
0.852619
0.852619
0.853314
0.853314
0.853314
0.853873
0.854178
0.854545
0.854589
0.854508
0.855179
0.855339
0.855696
0.855799
0.856146
0.85711
0.858064
0.858103
0.858115
0.859106
0.859829
0.860714
0.8608
0.862092
0.864368
0.86537
0.865555
0.865852
0.870648
0.876681
0.880753
0.882313
0.882955
0.883241
0.884513
0.892249
0.894746
0.898798
0.89931
0.89931
0.900444
0.901945
0.904997
0.907461
0.912442
0.91386
0.91386
0.913867
0.913867
0.914589
0.916517
0.917352
0.920012
0.922744
0.924238
0.924238
0.924238
0.924241
0.926115
0.927834
0.931699
0.932975
0.947
0.947
0.94726
0.948918
0.948918
0.950095
0.950677
0.950929
0.951043
0.951096
0.951151
0.951213
0.951668
0.951668
0.952176
0.970024
0.970024
0.968026
0.971347
0.971347
0.971347
0.971347
0.971905
0.972439
0.972439
0.97314
0.973313
0.973269
0.974205
0.975313
0.975313
0.975757
0.975757
0.975958
0.977052
0.977052
0.977611
0.977499
0.977569
0.977763
0.977763
0.977763
0.977763
0.977773
0.97778
0.977832
0.977874
0.977889
0.977924
0.979257
0.97939
0.97939
0.979465
0.979488
0.97968
0.97968
0.97968
0.981261
0.981261
0.982262
0.982262
0.982976
0.983064
0.983064
0.983064
0.983183


