7.30367
7.521
7.69298
7.69684
7.80091
8.37869
10.0163
11.1012
12.3975
12.8704
12.8704
12.8632
15.4056
16.4065
16.4095
17.0016
17.8594
18.2351
19.3493
20.8977
22.5674
26.3741
27.3921
27.7545
31.3084
31.8279
33.5255
34.5563
36.5836
37.1656
37.6258
38.4679
40.5427
41.075
41.4739
41.5141
41.5496
42.5328
43.1418
43.7667
44.6941
45.1814
46.2734
46.9448
47.5917
47.6276
47.8527
47.874
48.2232
48.2232
48.3242
48.5018
48.5027
48.8104
48.9304
48.9368
49.1084
49.2582
49.273
49.4405
49.4859
49.5112
49.5714
49.5876
49.6318
49.641
49.641
49.6912
49.7143
49.7289
49.7376
49.7583
49.8316
49.8316
49.841
49.8544
49.8835
49.9046
49.9094
49.9192
49.9242
49.9415
49.9543
49.9567
49.957
49.9618
49.9618
49.9639
49.9735
49.9735
49.9786
49.9769
49.983
49.9846
49.9857
49.9887
49.9887
49.9894
49.9908
49.9932
49.9932
49.9933
49.9937
49.9952
49.9957
49.9957
49.9961
49.9973
49.9976
49.9979
49.998
49.9986
49.9987
49.9989
49.999
49.9991
49.9992
49.9992
49.9993
49.9994
49.9995
49.9995
49.9996
49.9996
49.9997
49.9997
49.9998
49.9998
49.9998
49.9998
49.9998
49.9998
49.9999
49.9999
49.9999
49.9999
49.9999
49.9999
49.9999
49.9999
49.9999
49.9999
49.9999
50
50
50
50
50
50
50
50
50
50
50
50
50
50
50
50
50
50
50
50
50
50
50
50
50
50
50
50
50
50
50
50
50
50
50
50
50
50
50
50
50
50
50
50
50
50
50
50
50
50
50
50
50
50
50
50
50
50
50
50
50
50
50
50
50
50
50
50
50
50
50
50
50
50
50
50
50
50
50
50
50
50
50
50
50
50
50
50
50
50
50
50
50
50
50
50
50
50
50
50
50
50
50
50
50
50
50
50
50
50
50
50
50
50
50
50
50
50
50
50
50
50
50
50
50
50
50
50
50
50
50
50
50
50
50
50
50
50
50
50
50
50
50
50
50
50
50
50
50
50
50
50
50
50
50
50
50
50
50
50
50
50
50
50
50
50
50
50
50
50
50
50
50
50
50
50
50
50
50
50
50
50
50
50
50
50
50
50
50
50
50
50
50
50
50
50
50
50
50
50
50
50
50
50
50
50
50
50
50
50
50
50
50
50
50
50
50
50
50
50
50
50
50
50
50
50
50
50
50
50
50
50
50
50
50
50
50
50
50
50
50
50
50
50
50
50
50
50
49.996
50
50
50
50
50
50
50
50


7.63386
7.8793
10.3202
11.9134
12.2933
13.1436
13.9439
14.5245
16.1724
17.1862
18.8391
20.1278
22.579
22.9284
25.8681
26.1007
28.3925
28.3925
32.3338
33.0494
33.1436
33.8364
35.1351
37.9993
41.0733
42.9058
43.3731
43.6532
43.6541
43.7315
45.1534
46.3927
46.6211
49.628
49.851
50.2123
50.8856
52.1039
53.3062
53.7522
54.435
54.3934
54.4262
55.165
56.9451
57.7859
57.9165
58.2595
58.9624
59.1865
59.4217
59.6312
59.6312
59.7484
59.893
60.0818
60.2282
60.4907
60.6706
60.7882
60.8234
61.0166
61.1662
61.2079
61.447
61.5318
61.5801
61.5975
61.6095
61.6662
61.695
61.6966
61.7509
61.7509
61.7658
61.7778
61.8033
61.8141
61.8305
61.8368
61.8414
61.8627
61.8679
61.8719
61.8933
61.8946
61.8989
61.8989
61.9023
61.9032
61.9075
61.9141
61.9207
61.9215
61.9217
61.9233
61.9271
61.9274
61.9277
61.9294
61.9308
61.9308
61.9314
61.9326
61.9332
61.9341
61.9341
61.9345
61.9346
61.9347
61.9351
61.9357
61.9357
61.9358
61.9361
61.9362
61.9364
61.9366
61.9366
61.9367
61.9369
61.9369
61.9369
61.937
61.9371
61.9371
61.9371
61.9371
61.9372
61.9372
61.9372
61.9372
61.9372
61.9373
61.9373
61.9373
61.9373
61.9373
61.9373
61.9373
61.9373
61.9374
61.9374
61.9374
61.9374
61.9374
61.9374
61.9374
61.9374
61.9374
61.9374
61.9374
61.9374
61.9374
61.9374
61.9374
61.9374
61.9374
61.9374
61.9374
61.9374
61.9374
61.9374
61.9374
61.9374
61.9374
61.9374
61.9374
61.9374
61.9374
61.9374
61.9374
61.9374
61.9374
61.9374
61.9374
61.9374
61.9374
61.9374
61.9374
61.9374
61.9374
61.9374
61.9374
61.9374
61.9374
61.9374
61.9374
61.9374
61.9374
61.9374
61.9374
61.9374
61.9374
61.9374
61.9374
61.9374
61.9374
61.9374
61.9374
61.9374
61.9374
61.9374
61.9374
61.9374
61.9374
61.9374
61.9374
61.9374
61.9374
61.9374
61.9374
61.9374
61.9374
61.9374
61.9374
61.9374
61.9374
61.9374
61.9374
61.9374
61.9374
61.9374
61.9374
61.9374
61.9374
61.9374
61.9374
61.9374
61.9374
61.9374
61.9374
61.9374
61.9374
61.9374
61.9374
61.9374
61.9374
61.9374
61.9374
61.9374
61.9374
61.9374
61.9374
61.9374
61.9374
61.9374
61.9374
61.9374
61.9374
61.9374
61.9374
61.9374
61.9374
61.9374
61.9374
61.9374
61.9374
61.9374
61.9374
61.9374
61.9374
61.9374
61.9374
61.9374
61.9374
61.9374
61.9374
61.9374
61.9374
61.9374
61.9374
61.9374
61.9374
61.9374
61.9374
61.9374
61.9374
61.9374
61.9374
61.9374
61.9374
61.9374
61.9374
61.9374
61.9374
61.9374
61.9374
61.9374
61.9374
61.9374
61.9374
61.9374
61.9374
61.9374
61.9374
61.9374
61.9374
61.9374
61.9374
61.9374
61.9374
61.9374
61.9374
61.9374
61.9374
61.9374
61.9374
61.9374
61.9374
61.9374
61.9374
61.9374
61.9374
61.9374
61.9374
61.9374
61.9374
61.9374
61.9374
61.9374
61.9374
61.9374
61.9374
61.9374
61.9374
61.9374
61.9374
61.9374
61.9374
61.9374
61.9374
61.9374
61.9374
61.9374
61.9374
61.9374
61.9374
61.9374
61.9374
61.9374
61.9369
61.9374
61.9374
61.9374
61.9374
61.9374
61.9374
61.9374
61.9374
61.9374
61.9374
61.9374
61.9374
61.9374
61.9374
61.9374
61.9374
61.9374
61.9374
61.9374
61.9374
61.9374
61.9374
61.9374
61.9374
61.9374
61.9374
61.9374
61.9374
61.9374
62.1054
62.1054
62.1054
62.1054
62.1054
62.1054
62.1054
62.1054
62.1054
62.1054
61.8333
63.0024
63.2119
63.2119
63.232
63.247
63.2835
63.2835
63.2835
63.2835
63.2528
63.2551
63.2551
63.2551
63.2551
63.2551
63.2551
63.2551
63.2551


9.98998
10.3643
11.5772
13.6902
14.3675
16.5423
17.2345
17.9086
19.9157
20.3329
22.6627
26.3348
26.777
27.2274
29.1244
30.3869
31.2544
34.4242
35.4116
37.4688
40.7305
43.7796
47.5076
48.3282
49.1604
49.4334
51.5268
54.177
55.0123
56.9521
58.489
58.9962
60.2063
60.6029
62.3885
63.1336
63.1867
64.369
64.5174
65.589
65.589
65.7363
65.77
66.2486
66.3255
66.3827
66.6491
66.6491
66.7695
66.926
67.2316
67.3449
67.4398
67.4398
67.5129
67.5479
67.7878
67.8386
67.8386
67.8896
67.896
68.0121
68.0736
68.1091
68.1242
68.1852
68.1878
68.1878
68.224
68.2414
68.3159
68.2951
69.0845
69.0924
69.6613
71.0386
71.0394
71.0908
71.0952
71.6725
72.0932
72.0977
72.1939
72.8366
73.38
73.5986
73.6002
73.8842
73.9372
73.9372
73.9941
74.2122
74.5324
74.768
74.768
74.7694
74.7699
75.0608
75.3461
75.4994
75.5355
75.5365
75.5367
75.5509
75.551
75.56
75.5808
75.5913
75.5913
75.6123
75.617
75.6473
75.7491
75.7491
75.763
75.7714
75.7716
75.8648
75.8648
75.8648
75.8869
75.894
75.9332
75.9372
75.9379
75.9575
75.9631
75.9631
75.9671
75.9671
75.9696
75.974
75.9861
76.0085
76.0085
76.0108
76.0116
76.0176
76.0225
76.0225
76.0251
76.0263
76.027
76.0284
76.0284
76.0338
76.0338
76.0338
76.0338
76.0348
76.0392
76.0392
76.0392
76.0395
76.0395
76.0397
76.0397
76.0404
76.0404
76.0419
76.0445
76.0437
76.0437
76.0437
76.0441
76.0445
76.045
76.045
76.045
76.0468
76.047
76.0463
76.0467
76.0467
76.0475
76.0478
76.0478
76.0478
76.0478
76.0478
76.048
76.048
76.0481
76.0482
76.0483
76.0484
76.0484
76.0484
76.0485
76.0485
76.0486
76.0486
76.0486
76.0486
76.0486
76.0486
76.0487
76.0487
76.0487
76.0488
76.0488
76.0488
76.0488
76.0488
76.0488
76.0488
76.0488
76.0488
76.0488
76.0488
76.0488
76.0488
76.0488
76.0488
76.0488
76.0488
76.0488
76.0488
76.0488
76.0488
76.0488
76.0489
76.0489
76.0489
76.0489
76.0489
76.0489
76.0489
76.0489
76.0489
76.0489
76.0489
76.0489
76.0489
76.0489
76.0489
76.0489
76.0489
76.0489
76.0489
76.0489
76.0489
76.0489
76.0489
76.0489
76.0489
76.0489
76.0489
76.0489
76.0489
76.0489
76.0489
76.0489
76.0489
76.0489
76.0489
76.0489
76.0489
76.0489
76.0489
76.0489
76.0489
76.0489
76.0489
76.0489
76.0489
76.0489
76.0489
76.0489
76.0489
76.0489
76.0489
76.0489
76.0489
76.0489
76.0489
76.0489
76.0489
76.0489
76.0489
76.0489
76.0489
76.0489
76.0489
76.0489
76.0489
76.0489
76.0489
76.0489
76.0489
76.0489
76.0489
76.0489
76.0489
76.0489
76.0489
76.0489
76.0489
76.0489
76.0489
76.0489
76.0489
76.0489
76.0489
76.0489
76.0489
76.0489
76.0489
76.0489
76.0489
76.0489
76.0489
76.0489
76.0489
76.0489
76.0489
76.0489
76.0489
76.0489
76.0489
76.0489
76.0489
76.0489
76.0489
76.0489
76.0489
76.0489
77.6577
77.6577
77.6577
77.6577
77.6577
77.6577
77.6577
77.6577
77.6577
77.6577
77.6577
77.6577
77.6577
77.6577
77.6577
77.6577
77.6577
77.6577
77.6577
77.6577
77.6577
77.6577
77.6577
77.6577
74.5984
76.0489
76.0489
76.0489
76.0489
76.0489
76.0489
76.0489
76.0489
76.0489
76.0489
76.0489
76.0489
76.0489
76.0489
76.4
76.755
76.755
77.3732
77.3732
74.6131
76.0489
76.0489
76.0489
76.0489
76.0489
76.0489
76.0489
76.0489
76.0489
76.0489
76.3218
76.3218
76.3218
76.3218
76.3218
76.3218
76.3218
76.3218
76.3218
76.1955
76.2339
77.4265
77.4265
77.4265
77.4265
77.4265
77.4265
77.4265


10.0553
10.5805
12.271
12.6352
12.997
14.8255
16.1301
19.2752
19.4188
20.1063
23.1144
23.3778
23.8826
23.8826
25.714
28.7068
30.174
30.5972
34.6977
36.6804
38.0311
38.0083
42.0443
46.6571
48.5643
49.4964
52.9295
53.2729
57.2322
59.2153
59.4188
60.6593
62.5118
63.2492
64.7309
65.024
68.7952
69.3475
69.3475
70.4041
71.5213
71.8588
71.8588
74.4549
74.539
75.0225
75.2677
76.3227
76.6547
76.8413
77.0366
77.5662
77.758
77.758
77.8229
77.9315
78.2239
78.2645
78.2779
78.5241
78.781
78.9736
79.0082
79.1455
79.2023
79.3089
79.3253
79.3253
79.3474
79.3979
79.407
79.4356
79.4613
79.4947
79.4989
79.4989
79.5472
79.5603
79.5657
79.5844
79.5947
79.6071
79.6281
79.6356
79.6573
79.6595
79.6679
79.6679
79.6777
79.6808
79.6848
79.6879
79.6912
79.6931
79.6955
79.7041
79.7041
79.7085
79.7127
79.7153
79.7154
79.7154
79.7156
79.717
79.7189
79.7217
79.7226
79.7233
79.7236
79.7237
79.7243
79.7244
79.725
79.7258
79.7258
79.7262
79.7268
79.7274
79.7284
79.7286
79.7291
79.7292
79.7298
79.7299
79.7301
79.7301
79.7302
79.7303
79.7303
79.7306
79.7307
79.7308
79.731
79.7313
79.7313
79.7313
79.7313
79.7313
79.7313
79.7314
79.7314
79.7314
79.7315
79.7315
79.7315
79.7315
79.7315
79.7316
79.7316
79.7316
79.7316
79.7316
79.7316
79.7316
79.7316
79.7316
79.7316
79.7316
79.7316
79.7316
79.7316
79.7316
79.7317
79.7317
79.7317
79.7317
79.7317
79.7317
79.7317
79.7317
79.7317
79.7317
79.7317
79.7317
79.8321
80.364
80.7792
80.7792
80.7953
80.8192
80.8192
80.8192
80.8192
80.8343
80.8433
80.8465
80.9321
81.0433
81.1419
81.2507
81.2922
81.324
81.3735
81.3917
81.3917
81.4443
81.5347
81.5606
81.5833
81.6543
81.6543
81.749
81.7737
81.8089
81.8089
81.8501
81.8501
81.8501
81.8511
81.8598
81.8639
81.8639
81.8642
81.8652
81.8652
81.8652
81.8653
81.8653
81.867
81.867
81.9072
81.9093
81.9093
81.9093
81.9216
81.9327
81.9567
81.9883
82.0076
82.0468
82.0571
82.0611
82.0684
82.0694
82.0764
82.0764
82.0764
82.0765
82.0792
82.0803
82.084
82.0877
82.0906
82.0945
82.1076
82.1286
82.1495
82.2061
82.2365
82.2721
82.372
82.6707
83.3633
84.2311
84.5782
84.5782
84.5782
84.6723
84.6846
84.7229
84.7857
84.8657
84.8907
84.9192
84.9971
85.0508
85.1305
85.1752
85.1825
85.2027
85.2694
85.2597
85.2602
85.2695
85.2695
85.2968
85.2968
85.2968
85.3119
85.3164
85.331
85.346
85.3607
85.3671
85.4024
85.4026
85.4026
85.4026
85.4049
85.4049
85.4052
85.4064
85.4069
85.4083
85.4083
85.4084
85.4084
85.41
85.4142
85.4163
85.4202
85.4285
85.4399
85.4578
85.4666
85.4689
85.4689
85.4691
85.4696
85.4698
85.4726
85.4752
85.4768
85.4771
85.484
85.5249
85.5767
85.621
85.6391
85.6402
85.6516
85.6826
85.7118
85.7131
85.7227
85.7256
85.7305
85.7438
85.747
85.747
85.7485
85.7469
85.7469
85.7492
85.7492
85.7497
85.7497
85.7497
85.7497
85.7497
85.7498
85.75
85.7503
85.7504
85.7512
85.7515
85.7525
85.7529
85.7531
85.7531
85.7551
85.7564
85.7635
85.7694
85.9135
86.3194
86.5047
86.5432
87.0068
87.0696
87.0747
87.0584
87.0584
87.0714
87.0714
87.0822
87.0969
87.0985
87.1255
87.1448
87.1472
87.1815
87.1829
87.1848
87.1854
87.2053
87.2184
87.2306
87.2319
87.2368
87.248
87.2475
87.2475
87.2489
87.2489
87.2521
87.259
87.2631
87.2631
87.2632
87.2641
87.2641
87.2643
87.2644
87.2644
87.2647
87.265
87.2651
87.2659
87.2659


11.1948
13.207
15.1077
15.5393
16.3054
22.1872
22.9624
24.1663
25.1784
31.3847
33.9843
32.4043
35.6793
38.8008
41.6143
43.0046
44.1671
46.0639
47.7987
50.7397
53.0817
55.0051
63.3795
65.2651
66.1578
67.5908
70.7878
72.5938
72.8226
74.9139
75.5688
76.7401
78.2361
80.3426
81.1363
82.6345
83.7792
84.7006
85.7359
86.1291
87.3314
87.5071
87.8326
90.21
90.21
90.2636
90.6948
91.6968
91.6968
92.852
92.9845
93.0523
93.3465
93.4265
94.0657
94.1675
94.1675
94.1675
94.2699
94.2699
94.3373
94.3942
94.5117
94.5546
94.6954
94.7353
94.7529
94.7819
94.7919
94.8472
94.8536
94.8546
94.873
94.8917
94.945
94.9667
94.9837
95.002
95.0179
95.0395
95.045
95.0489
95.0515
95.0615
95.0641
95.0739
95.0844
95.0844
95.0913
95.0927
95.0969
95.0992
95.1017
95.1022
95.1039
95.1044
95.1056
95.1091
95.1091
95.1097
95.1115
95.1115
95.1119
95.1121
95.1126
95.1139
95.1139
95.1139
95.1144
95.1145
95.1146
95.1146
95.1149
95.115
95.1153
95.1154
95.1155
95.1156
95.1158
95.1159
95.1159
95.1161
95.1161
95.1161
95.1161
95.1161
95.1161
95.1162
95.1162
95.1163
95.1163
95.1163
95.1163
95.1163
95.1163
95.1163
95.1163
95.1163
95.1163
95.1163
95.1163
95.1164
95.1164
95.1164
95.1164
95.1164
95.1164
95.1164
95.1164
95.1164
95.1164
95.1164
95.1164
95.1164
95.1164
95.1164
95.1164
95.1164
95.1164
95.1164
95.1164
95.1164
95.1164
95.1164
95.1164
95.1164
95.1164
95.1164
95.1164
95.1164
95.1164
95.1164
95.1164
95.1164
95.1164
95.1164
95.1164
95.1164
95.1164
95.1164
95.1164
95.1164
95.1164
95.1164
95.1164
95.1164
95.1164
95.1164
95.1164
95.1164
95.1164
95.1164
95.1164
95.1164
95.1164
95.1164
95.1164
95.1164
95.1164
95.1164
95.1164
95.1164
95.1164
95.1164
95.1164
95.1164
95.1164
95.1164
95.1164
95.1164
95.1164
95.1164
95.1164
95.1164
95.1164
95.1164
95.1164
95.1164
95.1164
95.1164
95.1164
95.1164
95.1164
95.1164
95.1164
95.1164
95.1164
95.1164
95.1164
95.1164
95.1164
95.1164
95.1164
95.1164
95.1164
95.1164
95.1164
95.1164
95.1164
95.1164
95.1164
95.1164
95.1164
95.1164
95.1164
95.1164
95.1164
95.1164
95.1164
95.1164
95.1164
95.1164
95.1164
95.1164
95.1164
95.1164
95.1164
95.1164
95.1164
95.1164
95.1164
95.1164
95.1164
95.1164
95.1164
95.1164
95.1164
95.1164
95.1164
95.1164
95.1164
95.1164
95.1164
95.1164
95.1164
95.1164
95.1164
95.1164
95.1164
95.1164
95.1164
95.1164
95.1164
95.1164
95.1164
95.1164
95.1164
95.1164
95.1164
95.1164
95.1164
95.1164
95.1164
95.1164
95.1164
95.1164
95.1164
95.1164
95.1164
95.1164
95.1164
95.1164
95.1164
95.1164
95.1164
95.1164
95.1164
95.1164
95.1164
95.1164
95.1164
95.1164
95.1164
95.1164
95.1164
95.1164
95.1164
95.1164
95.1164
95.1164
95.1164
95.1164
95.1164
95.1164
95.1164
95.1164
95.1164
95.1164
95.1164
95.1164
95.1164
95.1164
95.1164
95.1164
95.1164
95.1164
95.1164
95.1164
95.1164
95.1164
95.1164
95.1164
95.1164
95.1164
95.1164
95.1164
95.1164
95.1164
95.1164
95.1164
95.1164
95.1164
95.1164
95.1164
95.1164
95.1164
95.1164
95.1164
95.1164
95.1164
95.1164
95.1164
95.1164
95.1164
95.1164
95.1164
95.1164
95.1164
95.1164
95.1164
95.1164
95.1164
95.1164
95.1164
95.1164
95.1164
95.1164
95.1164
95.1164
95.1164
95.1164
95.1164
95.1164
95.1164
95.1164
95.1164
95.1164
95.1164
95.1164
95.1164
95.1164
95.1164
95.1164
95.1164
95.1164
95.1164
95.1164
95.1164
95.1164
95.1164


9.70869
12.0673
12.2166
13.5692
14.763
17.1893
19.8873
19.991
23.174
24.658
27.7827
29.2113
34.8287
35.3475
40.3046
40.7356
41.0317
41.5834
41.9401
45.974
59.0112
61.6276
61.6276
61.8867
64.6627
67.3629
67.4094
68.3421
69.1669
70.8722
72.8674
72.1488
73.5993
76.0409
77.4708
77.4708
78.0225
80.336
80.5454
80.6984
81.1147
81.2369
81.4783
82.7843
82.7843
82.8815
82.9964
83.027
83.4162
83.4795
83.6974
83.8712
84.0125
84.1729
84.2844
84.3566
84.4209
84.4209
84.4467
84.4645
84.6153
84.6787
84.7176
84.719
84.777
84.8358
84.9088
84.9088
84.9191
84.9251
84.9445
84.9665
84.9804
84.9831
84.988
84.988
85.0182
85.0225
85.0278
85.03
85.0381
85.0389
85.0432
85.0467
85.052
85.0548
85.0571
85.0571
85.0571
85.0659
85.0659
85.0671
85.0684
85.0688
85.0691
85.0724
85.0727
85.0754
85.0777
85.0779
85.0783
85.0787
85.0788
85.0793
85.0793
85.0797
85.0799
85.0805
85.0808
85.0808
85.0811
85.0814
85.0815
85.0817
85.0819
85.0819
85.0821
85.0821
85.0822
85.0823
85.0824
85.0825
85.0825
85.0827
85.0827
85.0827
85.0827
85.0828
85.0828
85.0828
85.0828
85.0828
85.0828
85.0828
85.0828
85.0828
85.0828
85.0828
85.0828
85.0828
85.0828
85.0828
85.0828
85.0828
85.0829
85.0829
85.0829
85.0829
85.0829
85.0829
85.0829
85.0829
85.0829
85.0829
85.0829
85.0829
85.0829
85.0829
85.0829
85.0829
85.0829
85.0829
85.0829
85.0829
85.0829
85.0829
85.0829
85.0829
85.0829
85.0829
85.0829
85.0829
85.0829
85.0829
85.0829
85.0829
85.0829
85.0829
85.0829
85.0829
85.0829
85.0829
85.0829
85.0829
85.0829
85.0829
85.0829
85.0829
85.0829
85.0829
85.0829
85.0829
85.0829
85.0829
85.0829
85.0829
85.0829
85.0829
85.0829
85.0829
85.0829
85.0829
85.0829
85.0829
85.0829
85.0829
85.0829
85.0829
85.0829
85.0829
85.0829
85.0829
85.0829
85.0829
85.0829
85.0829
85.0829
85.0829
85.0829
85.0829
85.0829
85.0829
85.0829
85.0829
85.0829
85.0829
85.0829
85.0829
85.0829
85.0829
85.0829
85.0829
85.0829
85.0829
85.0829
85.0829
85.0829
85.0829
85.0829
85.0829
85.0829
85.0829
85.0829
85.0829
85.0829
85.0829
85.0829
85.0829
85.0829
85.0829
85.0829
85.0829
85.0829
85.0829
85.0829
85.0829
85.0829
85.0829
85.0829
85.0829
85.0829
85.0829
85.0829
85.0829
85.0829
85.0829
85.0829
85.0829
85.0829
85.0829
85.0829
85.0829
85.0829
85.0829
85.0829
85.0829
85.0829
85.0829
85.0829
85.0829
85.0829
85.0829
85.0829
85.0829
85.0829
85.0829
85.0829
85.0829
85.0829
85.0829
85.0829
85.0829
85.0829
85.0829
85.0829
85.0829
85.0829
85.5405
85.5405
85.6921
85.6921
85.6921
85.6921
85.6921
85.6921
85.6921
85.6921
85.6921
85.6921
85.6921
85.6921
85.5928
85.5928
85.5928
85.5928
85.5928
85.5928
85.5928
85.5928
85.5928
85.5928
79.6626
85.0829
85.0829
85.0829
85.0829
85.0829
85.2628
85.2628
85.2628
85.2628
80.4225
85.0829
85.0829
85.0829
85.0829
85.0829
85.0829
85.0829
85.196
85.196
80.5823
85.0829
85.0829
85.6661
85.6661
85.6661
85.6661
85.6661
85.6661
85.6661
78.3488
85.0829
85.0829
85.0829
85.2207
85.2207
85.2207
85.2207
85.2207
85.7873
81.9193
85.0829
85.0829
85.0829
85.0829
85.0829
85.0829
85.0829
85.0829
85.5952
86.6
86.6
86.8001
86.8001
86.8001
86.8001
86.8001
86.8001
86.8001
86.8001
85.5546
85.5546
86.4836
86.4836
86.4836
86.4836
86.4836
86.5073
86.5073
86.5073
77.2072
85.2568
85.8296
85.8296
85.8296
86.3619
86.3668
86.3668
86.3668


10.9374
11.4454
13.842
15.3812
18.6862
20.2362
22.3943
22.4114
22.5341
24.8326
27.7585
27.0244
33.0376
34.3368
38.8335
42.7896
45.1314
46.5209
47.4095
49.2399
50.7743
51.1997
55.9905
60.7784
63.0576
63.8666
67.7037
71.5315
78.1176
78.1176
79.1604
80.5513
85.4037
87.7224
87.8722
87.8948
87.9902
88.2186
89.7539
89.7539
91.3663
91.4314
91.6132
92.0527
92.3317
92.6473
93.7352
93.7352
93.765
94.0006
94.0409
94.2178
94.4265
94.4797
94.5823
94.6807
94.8683
95.0198
95.047
95.1115
95.2978
95.3147
95.382
95.5224
95.7031
95.7031
95.7832
95.803
95.8427
95.933
96.1054
96.1204
96.1264
96.1913
96.2265
96.2876
96.3022
96.3059
96.3681
96.3681
96.3727
96.3728
96.373
96.3803
96.3805
96.3846
96.3932
96.4002
96.4056
96.4149
96.4185
96.4272
96.4276
96.4318
96.4459
96.4488
96.4496
96.4541
96.4571
96.4573
96.4596
96.4615
96.4634
96.4646
96.4678
96.4687
96.4687
96.4702
96.4711
96.4711
96.4711
96.4712
96.4717
96.4724
96.4724
96.4735
96.4742
96.4742
96.4746
96.4752
96.4757
96.4763
96.4768
96.477
96.4771
96.4771
96.4773
96.4777
96.4778
96.4779
96.478
96.478
96.4783
96.4783
96.4785
96.4785
96.4786
96.4786
96.4787
96.4787
96.4787
96.4788
96.4788
96.4788
96.4789
96.479
96.479
96.479
96.479
96.479
96.479
96.479
96.479
96.479
96.479
96.4791
96.4791
96.4791
96.4791
96.4791
96.4791
96.4791
96.4791
96.4791
96.4791
96.4791
96.4791
96.4791
96.4791
96.4791
96.4791
96.4791
96.4791
96.4791
96.4791
96.4791
96.4791
96.4791
96.4791
96.4791
96.4791
96.4791
96.4791
96.4791
96.4791
96.4791
96.4791
96.4791
96.4791
96.4791
96.4791
96.4791
96.4791
96.4791
96.4791
96.4791
96.4791
96.4791
96.4791
96.4791
96.4791
96.4791
96.4791
96.4791
96.4791
96.4791
96.4791
96.4791
96.4791
96.4791
96.4791
96.4791
96.4791
96.4791
96.4791
96.4791
96.4791
96.4791
96.4791
96.4791
96.4791
96.4791
96.4791
96.4791
96.4791
96.4791
96.4791
96.4791
96.4791
96.4791
96.4791
96.4791
96.4791
96.4791
96.4791
96.4791
96.4791
96.4791
96.4791
96.4791
96.4791
96.4791
96.4791
96.4791
96.4791
96.4791
96.4791
96.4791
96.4791
96.4791
96.4791
96.4791
96.4791
96.4791
96.4791
96.4791
96.4791
96.4791
96.4791
96.4791
96.4791
96.4791
96.4791
96.4791
96.4791
96.4791
96.4791
96.4791
96.4791
96.4791
96.4791
96.4791
96.4791
96.4791
96.4791
96.4791
96.4791
96.4791
96.4791
96.4791
96.4791
96.4791
96.4791
96.4791
96.4791
96.4791
96.4791
96.4791
96.4791
96.4791
96.4791
96.4791
96.4791
96.4791
96.4791
96.4791
96.4791
96.4791
96.4791
96.4791
96.4791
96.4791
96.4791
96.4791
96.4791
96.4791
96.4791
96.4791
96.4791
96.4791
96.4791
96.4791
96.4791
96.4791
96.4791
96.4791
96.4791
96.4791
96.4791
96.4791
96.4791
96.4791
96.4791
96.4791
96.4791
96.4791
96.4791
96.4791
96.4791
96.4791
96.4791
96.4791
96.4791
96.4791
96.4791
96.4791
96.4791
96.4791
96.4791
96.4791
96.4791
96.4791
96.4791
96.4791
96.4791
96.4791
96.4791
96.4791
96.4791
96.4791
96.4791
96.4777
96.4791
96.4791
96.4791
96.4791
96.4791
96.4791
96.4791
96.4791
96.4791
96.4791
96.4791
96.4791
96.4791
96.4791
96.4791
96.4791
96.4791
96.4791
96.4791
96.4791
96.4791
96.4791
96.4791
96.4791
96.4791
96.4791
96.4791
96.4791
96.4791
96.4791
96.4791
96.4791
96.4791
96.4791
96.4791
96.4791
96.4791
96.4791
96.4791
96.4791
96.4791
96.4791
96.4791
96.4791
96.4791
96.4791
96.4791
96.4791


11.5134
12.8856
13.5078
14.4278
16.2048
18.2367
21.338
21.5573
23.2987
25.1132
27.4473
29.2997
29.2997
36.454
39.1198
39.4312
41.2805
41.6313
44.9451
47.381
47.7499
51.8836
55.3817
55.9553
56.4061
57.7687
61.7787
69.5773
70.6911
70.6911
70.7204
70.7734
72.4778
73.3032
77.4142
77.8704
78.5785
79.2664
79.559
80.7163
80.9801
81.5558
82.2503
82.2568
83.2232
83.6991
83.7753
84.0472
84.1702
84.2642
84.3673
84.5006
84.6543
84.7649
84.8934
84.8934
84.9933
85.1381
85.1831
85.3379
85.34
85.3
85.3703
85.3758
85.4087
85.4315
85.5017
85.5183
85.5236
85.5498
85.5498
85.6006
85.6038
85.6095
85.6109
85.6165
85.6235
85.6385
85.6421
85.6615
85.6635
85.6622
85.6661
85.67
85.6726
85.6747
85.6816
85.6843
85.6862
85.6862
85.6899
85.6915
85.6932
85.6936
85.6967
85.697
85.6988
85.6997
85.7001
85.7008
85.7021
85.7027
85.7029
85.7033
85.7034
85.7038
85.7039
85.7039
85.7043
85.7045
85.7046
85.7052
85.7053
85.7054
85.7054
85.7056
85.7056
85.7057
85.7057
85.7057
85.7058
85.7059
85.7059
85.7059
85.706
85.706
85.706
85.706
85.7061
85.7061
85.7061
85.7061
85.7061
85.7061
85.7061
85.7062
85.7062
85.7062
85.7062
85.7062
85.7062
85.7062
85.7062
85.7062
85.7062
85.7063
85.7063
85.7063
85.7063
85.7063
85.7063
85.7063
85.7063
85.7063
85.7063
85.7063
85.7063
85.7063
85.7063
85.7063
85.7063
85.7063
85.7063
85.7063
85.7063
85.7063
85.7063
85.7063
85.7063
85.7063
85.7063
85.7063
85.7063
85.7063
85.7063
85.7063
85.7063
85.7063
85.7063
85.7063
85.7063
85.7063
85.7063
85.7063
85.7063
85.7063
85.7063
85.7063
85.7063
85.7063
85.7063
85.7063
85.7063
85.7063
85.7063
85.7063
85.7063
85.7063
85.7063
85.7063
85.7063
85.7063
85.7063
85.7063
85.7063
85.7063
85.7063
85.7063
85.7063
85.7063
85.7063
85.7063
85.7063
85.7063
85.7063
85.7063
85.7063
85.7063
85.7063
85.7063
85.7063
85.7063
85.7063
85.7063
85.7063
85.7063
85.7063
85.7063
85.7063
85.7063
85.7063
85.7063
85.7063
85.7063
85.7063
85.7063
85.7063
85.7063
85.7063
85.7063
85.7063
85.7063
85.7063
85.7063
85.7063
85.7063
85.7063
85.7063
85.7063
86.1568
86.1568
86.1568
86.1568
86.1568
86.1568
86.1568
86.1568
86.1568
86.1568
86.1568
86.1568
86.1568
86.1568
86.1568
86.1568
86.1568
86.1568
86.1568
86.1568
86.1568
86.1568
80.6401
85.7063
85.7063
85.7063
85.7063
85.7063
85.7063
85.7063
85.7063
85.7063
85.7063
85.7063
85.7063
85.7063
85.7063
85.7063
85.7063
85.7063
85.7063
85.7063
85.7063
85.7063
85.7063
85.7063
85.7063
85.7063
85.7063
85.7063
85.7063
85.7063
85.7063
85.7063
85.7063
85.7063
85.7063
85.7063
85.7063
85.7063
85.7063
85.7063
85.7057
85.7063
85.7063
85.7063
85.7063
85.7063
85.7063
85.7063
85.7063
85.7063
85.7063
85.7063
85.7063
85.7063
85.7063
85.7063
85.7063
85.7063
85.7063
85.7063
85.7061
85.7063
85.7063
85.7063
85.7973
86.0106
86.0717
87.8243
87.8586
87.8595
82.891
86.3317
86.3321
86.3321
86.4069
86.4069
86.5538
86.7555
86.8055
86.8152
86.7012
86.8701
86.8701
86.9087
86.9087
86.9087
86.9986
86.9986
87.1306
87.2425
82.7201
87.158
87.2322
87.2322
87.26
87.3348
87.3348
87.3963
87.4069
87.4069
87.4172
87.4597
87.4917
87.5181
87.5427
87.6678
87.6678
87.6678
87.6678
87.6678
87.6724
87.6724
87.6796
87.6796
87.7385
87.8195
87.8195
87.8195
87.8253
88.8579
87.5924
88.4839
88.485
88.485
88.485
88.6282
90.0041
90.0082
90.0114


11.3439
13.3647
16.2462
17.6395
17.6726
19.1935
21.9043
22.9711
22.9711
26.3607
27.6939
30.2831
36.4578
41.3847
46.9328
48.7352
48.7352
49.6633
52.0998
53.0705
54.6441
58.6741
59.3149
62.6184
67.1667
68.5289
68.7909
72.4885
73.4765
74.4566
76.2505
78.021
79.2129
80.6777
81.5038
81.7552
83.1648
83.2313
83.2529
84.9713
85.0703
85.2166
85.7134
85.8244
86.6786
87.1139
87.2672
87.886
88.0066
88.2691
88.2691
88.5454
89.0055
89.0734
89.1486
89.4846
89.5002
89.7788
89.8359
90.3285
90.3561
90.4084
90.448
90.4955
90.8457
90.8671
90.8926
90.959
90.9591
91.2203
91.2436
91.2988
91.3003
91.3622
91.3833
91.441
91.4557
91.4557
91.4683
91.4911
91.5219
91.5221
91.5447
91.55
91.5512
91.5563
91.5638
91.5741
91.5787
91.5817
91.6005
91.6012
91.6015
91.6076
91.6114
91.6121
91.6295
91.6295
91.6295
91.6298
91.6349
91.6352
91.6356
91.6358
91.6372
91.639
91.6397
91.6399
91.6411
91.6412
91.6412
91.6421
91.6425
91.6438
91.6438
91.6447
91.6456
91.6457
91.6461
91.6461
91.6462
91.6462
91.6462
91.6463
91.6463
91.6464
91.6469
91.6474
91.6474
91.6474
91.6475
91.6475
91.6476
91.6476
91.6476
91.6477
91.6477
91.6477
91.6477
91.6479
91.6479
91.6479
91.6479
91.6479
91.648
91.648
91.648
91.648
91.6481
91.6481
91.6481
91.6481
91.6481
91.6481
91.6481
91.6481
91.6481
91.6482
91.6482
91.6482
91.6482
91.6482
91.6482
91.6482
91.6482
91.6482
91.6482
91.6482
91.6482
91.6482
91.6482
91.6482
91.6482
91.6482
91.6482
91.6483
91.6483
91.6483
91.6483
91.6483
91.6483
91.6483
91.6483
91.6483
91.6483
91.6483
91.6483
91.6483
91.6483
91.6483
91.6483
91.6483
91.6483
91.6483
91.6483
91.6483
91.6483
91.6483
91.6483
91.6483
91.6483
91.6483
91.6483
91.6483
91.6483
91.6483
91.6483
91.6483
91.6483
91.6483
91.6483
91.6483
91.6483
91.6483
91.6483
91.6483
91.6483
91.6483
91.6483
91.6483
91.6483
91.6483
91.6483
91.6483
91.6483
91.6483
91.6483
91.6483
91.6483
91.6483
91.6483
91.6483
91.6483
91.6483
91.6483
91.6483
91.6483
91.6483
91.6483
91.6483
91.6483
91.6483
91.6483
91.6483
91.6483
91.6483
91.6483
91.6483
91.6483
91.6483
91.6483
91.6483
91.6483
91.6483
91.6483
91.6483
91.6483
91.6483
91.6483
91.6483
91.6483
91.6483
91.6483
91.6483
91.6483
91.6483
91.6483
91.6483
91.6483
91.6483
91.6483
91.6483
91.6483
91.6483
91.6483
91.6483
91.6483
91.6483
91.6483
91.6483
91.6483
91.6483
91.6483
91.6483
91.6483
91.6483
91.6483
91.6483
91.6483
91.6483
91.6483
91.6483
91.6483
91.6483
91.6483
91.6483
91.6571
91.6846
91.7147
91.7435
91.7834
91.8033
91.8135
91.8281
91.8493
91.8783
91.922
91.9422
91.9521
91.9683
91.9816
91.9883
91.993
91.9984
92.0039
92.012
92.0158
92.0177
92.0273
92.0327
92.037
92.0413
92.044
92.0462
92.0481
92.049
92.0509
92.0518
92.0522
92.0522
92.0522
92.0522
92.0522
92.0522
92.0522
92.0522
92.0522
92.0522
92.0522
92.0522
92.0522
92.0522
92.0522
92.0522
92.0522
92.0522
92.0522
92.0522
92.0522
92.0522
92.0522
92.0522
92.0522
92.0522
92.0522
92.1716
92.2104
92.2566
92.2566
92.2566
92.2718
92.2731
92.2775
92.2784
92.2854
92.2875
92.2884
92.2887
92.2889
92.2889
92.2902
92.2894
92.29
92.29
92.2905
92.2905
92.2905
92.2907
92.2907
92.2907
92.2908
92.2908
92.2908
92.2908
92.2908
92.2908
92.2908
92.3327
92.3327
92.3327
92.3327
88.65
91.6483
91.6483
91.6483
91.6483
91.6483
91.6483
91.6483
91.6483


9.92888
14.2753
15.7193
15.9217
19.0593
19.0593
22.4656
24.4839
26.0444
26.0469
32.7712
40.8254
41.3718
42.9092
45.0991
49.3801
52.0045
52.9402
55.3411
56.1989
60.0037
62.0029
63.9709
69.0673
70.7169
73.2285
76.239
76.239
78.6916
82.1505
82.9136
82.9136
84.056
86.4825
86.8897
87.6069
88.3902
89.3249
89.4795
90.152
90.9609
90.7591
91.8623
92.4769
92.6288
93.1915
93.5164
94.2561
94.5554
94.7855
95.2405
95.2413
95.6147
95.7461
95.9895
96.0857
96.0857
96.148
96.2152
96.3213
96.3936
96.448
96.6855
96.7125
96.772
96.791
96.8187
96.8206
96.8206
96.8379
96.8522
96.8775
96.9016
96.9016
96.9332
96.9359
96.9417
96.9442
96.9442
96.9522
96.9645
96.9576
96.9601
96.9715
96.9745
96.9762
96.9779
96.9787
96.9792
96.9818
96.984
96.985
96.9864
96.9869
96.9872
96.9882
96.9885
96.9887
96.9894
96.9901
96.9906
96.9922
96.9927
96.9928
96.9928
96.9928
96.9928
96.993
96.9932
96.9933
96.9937
96.9939
96.9942
96.9946
96.9947
96.9947
96.9948
96.9948
96.9948
96.9949
96.9949
96.995
96.9951
96.9951
96.9952
96.9952
96.9952
96.9953
96.9954
96.9954
96.9955
96.9955
96.9955
96.9955
96.9955
96.9955
96.9955
96.9956
96.9956
96.9956
96.9956
96.9956
96.9956
96.9956
96.9956
96.9956
96.9956
96.9956
96.9956
96.9956
96.9956
96.9956
96.9956
96.9956
96.9956
96.9956
96.9956
96.9956
96.9956
96.9957
96.9957
96.9957
96.9957
96.9957
96.9957
96.9957
96.9957
96.9957
96.9957
96.9957
96.9957
96.9957
96.9957
96.9957
96.9957
96.9957
96.9957
96.9957
96.9957
96.9957
96.9957
96.9957
96.9957
96.9957
96.9957
96.9957
96.9957
96.9957
96.9957
96.9957
96.9957
96.9957
96.9957
96.9957
96.9957
96.9957
96.9957
96.9957
96.9957
96.9957
96.9957
96.9957
96.9957
96.9957
96.9957
96.9957
96.9957
96.9957
96.9957
96.9957
96.9957
96.9957
96.9957
96.9957
96.9957
96.9957
96.9957
96.9957
96.9957
96.9957
96.9957
96.9957
96.9957
96.9957
96.9957
96.9957
96.9957
96.9957
96.9957
96.9957
96.9957
96.9957
96.9957
96.9957
96.9957
96.9957
96.9957
96.9957
96.9957
96.9957
96.9957
96.9957
96.9957
96.9957
96.9957
96.9957
96.9957
96.9957
96.9957
96.9957
96.9957
96.9957
96.9957
96.9957
96.9957
96.9957
96.9957
96.9957
96.9957
96.9957
96.9957
96.9957
96.9957
96.9957
96.9957
96.9957
96.9957
96.9957
96.9957
96.9957
96.9957
96.9957
96.9957
96.9957
96.9957
96.9957
96.9957
96.9957
96.9957
96.9957
96.9957
96.9957
96.9957
96.9957
96.9957
96.9957
96.9957
96.9957
96.9957
96.9957
96.9957
96.9957
96.9957
96.9957
96.9957
96.9957
96.9957
96.9957
96.9957
96.9957
96.9957
96.9957
96.9957
96.9957
96.9957
96.9957
96.9957
96.9957
96.9957
96.9957
96.9957
96.9957
96.9957
96.9957
96.9957
96.9957
96.9957
96.9957
96.9957
96.9957
96.9957
96.9957
96.9957
96.9957
96.9957
96.9957
96.9957
96.9957
96.9957
96.9957
96.9957
96.9957
96.9957
96.9957
96.9957
96.9957
96.9957
96.9957
96.9957
96.9957
96.9957
96.9957
96.9957
96.9957
96.9957
96.9957
96.9957
96.9957
96.9957
96.9957
96.9957
96.9957
96.9957
96.9957
96.9957
96.9957
96.9957
96.9957
96.9957
96.9957
96.9957
96.9957
96.9957
96.9957
96.9957
96.9957
96.9957
96.9957
96.9957
96.9957
96.9957
96.9957
96.9957
96.9957
96.9957
96.9957
96.9957
96.9957
96.9957
96.9957
96.9957
96.9957
96.9957
96.9957
96.9957
96.9957
96.9957
96.9957
96.9957
96.9957
96.9957
96.9957
96.9957
96.9957
96.9957
96.9957
96.9957
96.9957
96.9957
96.9957


11.155
13.3712
13.6507
16.954
18.4089
18.6963
21.0026
22.0976
25.1127
25.7784
30.7481
31.9642
37.1919
40.122
40.1259
40.2334
43.4504
44.6426
48.2485
53.0706
53.933
54.8467
56.5044
58.1243
65.8021
70.1948
70.3785
70.6878
72.5032
74.0463
74.2116
76.4358
76.8488
78.3284
80.7075
82.4796
82.5756
85.25
85.7589
87.2478
87.6884
88.4005
88.4005
88.8108
90.0227
90.9406
91.3852
91.6866
91.883
93.612
94.1101
94.3535
94.6055
94.6291
94.6607
94.904
95.3707
95.432
95.4443
95.716
95.8979
96.1677
96.3373
96.3636
96.515
96.515
96.5461
96.5461
96.6227
96.6577
96.738
96.7707
96.7827
96.8567
96.8678
96.8788
96.8837
96.893
96.9215
96.9578
96.9652
97.0034
97.0077
97.0085
97.0227
97.0227
97.0404
97.0436
97.0581
97.0673
97.0852
97.0931
97.1263
97.1314
97.1354
97.1474
97.1474
97.1574
97.1681
97.1761
97.1903
97.1834
97.1877
97.1947
97.2014
97.2023
97.2039
97.2157
97.2178
97.2205
97.2205
97.2259
97.2268
97.2292
97.23
97.2317
97.2317
97.2334
97.2366
97.2366
97.2389
97.239
97.2399
97.2406
97.2407
97.2414
97.2421
97.2427
97.2427
97.2429
97.2431
97.2433
97.2437
97.2437
97.2439
97.2441
97.2441
97.2442
97.2444
97.2445
97.2445
97.2446
97.2447
97.2447
97.2448
97.2449
97.2449
97.245
97.2451
97.2451
97.2451
97.2451
97.2451
97.2451
97.2451
97.2452
97.2452
97.2452
97.2452
97.2452
97.2452
97.2452
97.2452
97.2453
97.2453
97.2453
97.2453
97.2453
97.2453
97.2453
97.2453
97.2453
97.2453
97.2453
97.2453
97.2453
97.2453
97.2453
97.2453
97.2453
97.2453
97.2453
97.2453
97.2454
97.2454
97.2454
97.2454
97.2454
97.2454
97.2454
97.2454
97.2454
97.2454
97.2454
97.2454
97.2454
97.2454
97.2454
97.2454
97.2454
97.2454
97.2454
97.2454
97.2454
97.2454
97.2454
97.2454
97.2454
97.2454
97.2454
97.2454
97.2454
97.2454
97.2454
97.2454
97.2454
97.2454
97.2454
97.2454
97.2454
97.2454
97.2454
97.2454
97.2454
97.2454
97.2454
97.2454
97.2454
97.2454
97.2454
97.2454
97.2454
97.2454
97.2454
97.2454
97.2454
97.2454
97.2454
97.2454
97.2454
97.2454
97.2454
97.2454
97.2454
97.2454
97.2454
97.2454
97.2454
97.2454
97.2454
97.2454
97.2454
97.2454
97.2454
97.2454
97.2454
97.2454
97.2454
97.2454
97.2454
97.2454
97.2454
97.2454
97.2454
97.2454
97.2454
97.2454
97.2454
97.2454
97.2454
97.2454
97.2454
97.2454
97.2454
97.2454
97.2454
97.2454
97.2454
97.2454
97.2454
97.2454
97.2454
97.2454
97.2454
97.2454
97.2454
97.2454
97.2454
97.2454
97.2454
97.2454
97.2454
97.2454
97.2454
97.2454
97.2454
97.2454
97.2454
97.2454
97.2454
97.2454
97.2454
97.2454
97.2454
97.2454
97.2454
97.2454
97.2454
97.2454
97.2454
97.2454
97.2454
97.2454
97.2454
97.2454
97.2454
97.2454
97.2454
97.2454
97.2454
97.2454
97.2454
97.2454
97.2454
97.2454
97.2454
97.2454
97.2454
97.2454
97.2454
97.2454
97.2454
97.2454
97.2454
97.2454
97.2454
97.2454
97.2454
97.2454
97.2454
97.2454
97.2454
97.2454
97.2454
97.2454
97.2454
97.2454
97.2454
97.2454
97.2454
97.2454
97.2454
97.2454
97.2454
97.2454
97.2454
97.2454
97.2454
97.2454
97.2454
97.2454
97.2454
97.2454
97.2454
97.2454
97.2454
97.2454
97.2454
97.2454
97.2454
97.2454
97.2454
97.2454
97.2454
97.2454
97.2454
97.2454
97.2454
97.2454
97.2454
97.2454
97.2454
97.2454
97.2454
97.2454
97.2454
97.2454
97.2454
97.2454
97.2454
97.2454
97.2454
97.2454
97.2454
97.2454
97.2454
97.2454
97.2454
97.2454
97.2454


10.7518
15.6308
15.7464
15.8519
19.6619
19.8312
20.0304
23.0969
24.6
29.7572
29.7572
30.8035
32.6612
38.036
39.9939
40.3831
44.219
44.9401
44.9401
45.6876
48.285
53.6504
53.6504
55.7115
60.2026
60.2026
61.3215
71.3978
72.6519
73.1151
73.371
76.5683
77.0023
77.3293
79.4564
80.9062
81.0504
82.8783
83.1068
83.6555
84.4432
84.7259
85.6877
86.4283
87.118
87.489
88.1157
88.8743
88.9211
89.1069
89.3717
89.1867
89.1867
89.7734
89.9202
90.3907
90.6361
90.7023
90.8933
90.9054
90.9766
91.3062
91.3062
91.5151
91.5294
91.5326
91.5426
91.6133
91.7877
91.8408
91.8599
91.8611
91.945
91.9579
91.9623
91.9654
91.9755
92.2044
92.236
92.2669
92.2677
92.2826
92.2845
92.3257
92.3677
92.3689
92.4605
92.5134
92.517
92.5202
92.5202
92.5288
92.5319
92.533
92.5449
92.549
92.5494
92.5722
92.5727
92.5737
92.5738
92.5924
92.5928
92.5935
92.5935
92.5971
92.5971
92.5981
92.5986
92.6014
92.6021
92.6022
92.6023
92.6041
92.6043
92.6043
92.6066
92.6079
92.6087
92.6088
92.6088
92.6094
92.6104
92.6112
92.613
92.613
92.613
92.613
92.6139
92.6144
92.6144
92.6145
92.6154
92.6156
92.6157
92.6157
92.6159
92.616
92.6161
92.6162
92.6165
92.6166
92.6166
92.6167
92.6168
92.6168
92.6168
92.6168
92.6168
92.6168
92.617
92.6169
92.617
92.6171
92.6171
92.6171
92.6172
92.6172
92.6172
92.6172
92.6172
92.6172
92.6172
92.6172
92.6172
92.6173
92.6173
92.6173
92.6173
92.6173
92.6173
92.6173
92.6174
92.6174
92.6174
92.6174
92.6174
92.6174
92.6174
92.6174
92.6174
92.6174
92.6174
92.6174
92.6174
92.6174
92.6174
92.6174
92.6174
92.6174
92.6174
92.6174
92.6174
92.6174
92.6174
92.6174
92.6174
92.6174
92.6174
92.6174
92.6174
92.6174
92.6174
92.6174
92.6174
92.6174
92.6174
92.6174
92.6174
92.6174
92.6174
92.6174
92.6174
92.6174
92.6174
92.6174
92.6174
92.6174
92.6174
92.6174
92.6174
92.6174
92.6174
92.6174
92.6174
92.6174
92.6174
92.6174
92.6174
92.6174
92.6174
92.6174
92.6174
92.6174
92.6174
92.6174
92.6174
92.6174
92.6174
92.6174
92.6174
92.6174
92.6174
92.6174
92.6174
92.6174
92.6174
92.6174
92.6174
92.6174
92.6174
92.6174
92.6174
92.6174
92.6174
92.6174
92.6174
92.6174
92.6174
92.6174
92.6174
92.6174
92.6174
92.6174
92.6174
92.6174
92.6174
92.6174
92.6174
92.6174
92.6174
92.6174
92.6174
92.6174
92.6174
92.6174
92.6174
92.6174
92.6174
92.6174
92.6174
92.6174
92.6174
92.6174
92.6174
92.6174
92.6174
92.6174
92.6174
92.6174
92.6174
92.6174
92.6174
92.6174
92.6174
92.6174
92.6174
92.6174
92.6174
92.6174
92.6174
92.6174
92.6174
92.6174
92.6174
92.6174
92.6174
92.6174
92.6174
92.6174
92.6174
92.6174
92.6174
92.6174
92.6174
92.6174
92.6174
92.6174
92.6174
92.6174
92.6174
92.6174
92.6174
92.6174
92.6174
92.6174
92.6174
92.6174
92.6174
92.6174
92.6174
92.6174
92.6174
92.6174
92.6174
92.6174
92.6174
92.6174
92.6174
92.6174
92.6174
92.6174
92.6174
92.6174
92.6174
92.6174
92.6174
92.6174
92.6174
92.6174
92.6174
92.6103
92.6174
92.6174
92.6174
92.6174
92.6174
92.6174
92.6174
92.6174
92.6174
92.6174
92.6174
92.6174
92.6174
92.6174
92.6174
92.6174
92.6174
92.6174
92.6174
92.6174
92.6174
92.6174
92.6174
92.6174
92.6174
92.6174
92.6174
92.6174
92.6174
92.6174
92.6174
92.6174
92.6174
92.6174
92.6174
92.6174
92.6174
92.6174
92.6174
92.6174
92.6174
92.6174
92.6174
92.6174
92.6174
92.6174
92.6174
92.6174


11.3811
13.7735
14.6702
14.9849
17.141
19.7264
19.7287
21.9353
24.5549
25.0851
27.415
29.2084
30.8192
33.7349
34.4499
36.6823
37.1931
40.2438
44.2429
49.4852
50.2312
52.8015
52.8015
54.8528
59.9974
62.734
62.7581
64.4694
64.4694
64.5525
67.8965
69.3489
73.1451
74.2214
74.2259
74.6643
76.5062
77.4329
77.7057
78.2689
79.2443
81.6099
81.9881
84.0275
84.1833
87.4137
87.5483
87.7346
89.6494
89.902
90.2309
90.6145
90.9155
91.0049
91.7548
91.9234
92.4544
92.9332
93.2116
93.2116
93.2559
93.4837
93.5371
93.8444
93.8707
93.9164
93.9328
94.0591
94.2931
94.3168
94.3177
94.3609
94.4733
94.5143
94.5346
94.5792
94.5851
94.605
94.605
94.6221
94.6262
94.6388
94.6395
94.6523
94.672
94.7049
94.7266
94.7484
94.7499
94.7513
94.7587
94.7665
94.7696
94.7942
94.8395
94.8395
94.8408
94.8681
94.8776
94.8776
94.8784
94.8774
94.8781
94.8844
94.891
94.8983
94.9034
94.9063
94.9065
94.9111
94.9114
94.9143
94.9173
94.9184
94.9189
94.9197
94.9217
94.9245
94.9245
94.9252
94.926
94.9268
94.9287
94.9287
94.9288
94.9288
94.9288
94.9293
94.9294
94.9297
94.93
94.93
94.93
94.9303
94.9303
94.9303
94.9307
94.9307
94.9307
94.9309
94.9309
94.9309
94.9309
94.9309
94.9311
94.9312
94.9312
94.9312
94.9313
94.9313
94.9313
94.9313
94.9313
94.9313
94.9313
94.9314
94.9314
94.9314
94.9314
94.9314
94.9314
94.9314
94.9314
94.9314
94.9314
94.9314
94.9314
94.9315
94.9315
94.9315
94.9315
94.9315
94.9315
94.9315
94.9315
94.9315
94.9315
94.9315
94.9315
94.9315
94.9315
94.9315
94.9315
94.9315
94.9315
94.9315
94.9315
94.9315
94.9315
94.9315
94.9315
94.9315
94.9315
94.9315
94.9315
94.9315
94.9315
94.9315
94.9315
94.9315
94.9315
94.9315
94.9315
94.9315
94.9315
94.9315
94.9315
94.9315
94.9315
94.9315
94.9315
94.9315
94.9315
94.9315
94.9315
94.9315
94.9315
94.9315
94.9315
94.9315
94.9315
94.9315
94.9315
94.9315
94.9315
94.9315
94.9315
94.9315
94.9315
94.9315
94.9315
94.9315
94.9315
94.9315
94.9315
94.9315
94.9315
94.9315
94.9315
94.9315
94.9315
94.9315
94.9315
94.9315
94.9315
94.9315
94.9315
94.9315
94.9315
94.9315
94.9315
94.9315
94.9315
94.9315
94.9315
94.9315
94.9315
94.9315
94.9315
94.9315
94.9315
94.9315
94.9315
94.9315
94.9315
94.9315
94.9315
94.9315
94.9315
94.9315
94.9315
94.9315
94.9315
94.9315
94.9315
94.9315
94.9315
94.9315
94.9315
94.9315
94.9315
94.9315
94.9315
94.9315
94.9315
94.9315
94.9315
94.9315
94.9315
94.9315
94.9315
94.9315
94.9315
94.9315
94.9315
94.9315
94.9315
94.9315
94.9315
94.9315
94.9315
94.9315
94.9315
94.9315
94.9315
94.9315
94.9315
94.9315
94.9315
94.9315
94.9315
94.9315
94.9315
94.9315
94.9315
94.9315
94.9315
94.9315
94.9315
94.9315
94.9315
94.9315
94.9315
94.9315
94.9315
94.9315
94.9315
94.9315
94.9315
94.9315
94.9315
94.9315
94.9315
94.9315
94.9315
94.9315
94.9315
94.9315
94.9315
94.9315
94.9315
94.9315
94.9315
94.9315
94.9315
94.9315
94.9315
94.9315
94.9315
94.9315
94.9315
94.9315
94.9315
94.9315
94.9315
94.9315
94.9315
94.9315
94.9315
94.9315
94.9315
94.9315
94.9315
94.9315
94.9315
94.9315
94.9315
94.9315
94.9315
94.9315
94.9315
94.9315
94.9315
94.9315
94.9315
94.9315
94.9315
94.9315
94.9315
94.9315
94.9315
94.9315
94.9315
94.9315
94.9315
94.9315
94.9315
94.9315
94.9315
94.9315
94.9315
94.9315
94.9315
94.9315
94.9315
94.9315
94.9315
94.9315
94.9315
94.9315


13.1354
13.6338
14.3923
15.3525
19.9039
19.9039
21.6974
21.9983
23.8422
27.6208
28.8796
30.1778
36.718
39.0451
39.0451
45.2546
47.4777
49.9377
51.4769
52.3854
53.3194
57.3467
60.0985
60.4954
64.7496
65.8028
69.5744
72.4642
73.0359
73.051
75.8595
76.2983
76.9994
78.2796
79.4924
81.2049
81.3049
81.5758
82.9046
83.7327
84.9881
84.9873
85.4146
86.2241
86.2241
86.6695
87.2844
87.5205
87.6076
87.7491
87.7753
88.033
88.4833
88.6307
88.7523
89.0165
89.1852
89.3565
89.4039
89.4202
89.584
89.5863
89.6278
89.6473
89.6705
89.6921
89.7468
89.8215
89.8565
89.9151
89.9275
89.9272
89.9272
89.9603
89.966
89.9741
89.9775
89.9805
89.9865
90.0327
90.0361
90.0409
90.0415
90.0436
90.0471
90.0475
90.0549
90.0576
90.0631
90.0713
90.0786
90.0801
90.0843
90.0845
90.0859
90.0861
90.0913
90.0951
90.0956
90.0977
90.0977
90.0988
90.1012
90.1019
90.102
90.1021
90.1063
90.1063
90.1079
90.108
90.1091
90.1096
90.1096
90.1098
90.11
90.1104
90.1105
90.1108
90.1108
90.1112
90.1114
90.1116
90.1117
90.1121
90.1121
90.1125
90.1127
90.1127
90.1128
90.1131
90.1133
90.1133
90.1135
90.1135
90.1136
90.1137
90.1137
90.1137
90.1137
90.1137
90.1137
90.1138
90.1138
90.1139
90.1139
90.1139
90.1139
90.114
90.114
90.114
90.114
90.1141
90.1141
90.1141
90.1141
90.1141
90.1141
90.1142
90.1142
90.1142
90.1142
90.1142
90.1142
90.1142
90.1142
90.1142
90.1142
90.1142
90.1142
90.1142
90.1142
90.1142
90.1142
90.1142
90.1142
90.1142
90.1142
90.1142
90.1142
90.1142
90.1142
90.1142
90.1142
90.1142
90.1142
90.1142
90.1142
90.1142
90.1142
90.1142
90.1142
90.1142
90.1142
90.1142
90.1142
90.1142
90.1142
90.1142
90.1142
90.1142
90.1142
90.1142
90.1142
90.1142
90.1142
90.1142
90.1142
90.1142
90.1142
90.1142
90.1142
90.1142
90.1142
90.1142
90.1142
90.1142
90.1142
90.1142
90.1142
90.1142
90.1142
90.1142
90.1142
90.1142
90.1142
90.1142
90.1142
90.1142
90.1142
90.1142
90.1142
90.1142
90.1142
90.1142
90.1142
90.1142
90.1142
90.1142
90.1142
90.1142
90.1142
90.1142
90.1142
90.1142
90.1142
90.1142
90.1142
90.1142
90.1142
90.1142
90.1142
90.1142
90.1142
90.1142
90.1142
90.1142
90.1142
90.1142
90.1142
90.1142
90.1142
90.1142
90.1142
90.1142
90.1142
90.1142
90.1142
90.1142
90.1142
90.1142
90.1142
90.1142
90.1142
90.1142
90.1142
90.1142
90.1142
90.1142
90.1142
90.1142
90.1142
90.4461
90.8229
90.8229
90.8229
90.955
91.3672
91.5026
91.5933
91.5933
91.6965
91.4388
91.5766
91.5766
91.5766
91.7304
91.7854
91.7912
91.8695
91.8892
91.8928
91.8929
91.8929
91.9355
91.9355
91.9355
91.9485
91.9485
91.9861
91.9861
91.9861
91.9861
91.9861
91.9861
91.9861
91.9861
91.9861
91.9861
92.0078
92.0106
92.0106
92.0106
92.014
92.014
92.014
92.0144
92.0159
92.0164
92.0425
92.0425
92.0425
92.682
93.1878
93.1878
93.3326
93.5165
93.6399
93.6399
93.6399
93.6639
93.6639
93.66
93.66
93.66
93.6737
93.6737
93.6737
93.6737
93.6737
93.7091
93.7091
93.6915
93.7054
93.7054
93.7346
93.7421
93.7421
93.753
93.7696
93.7696
93.7696
93.7696
93.7961
93.7961
93.7961
93.7961
93.7961
93.7961
93.7961
93.8109
93.8109
93.8069
93.8069
93.8119
93.8153
93.8167
93.8174
93.8322
93.8324
93.8324
93.8324
93.835
93.837
93.8376
93.8378
93.838
93.838
93.838
93.8612
93.8612
93.8635
93.859
93.8624
93.8766
93.8784
93.9084
93.9197
93.9197
93.9197
93.9214


10.797
12.1934
13.4865
14.4377
19.4952
19.5738
22.4675
22.9944
23.6719
30.719
31.8343
32.8954
34.8839
39.5952
41.9777
45.5532
47.4066
49.4227
50.129
51.0928
54.1697
55.7789
61.3032
61.3218
63.6432
64.9821
67.6688
67.8314
74.1484
74.3033
76.1343
76.1343
76.5654
76.9852
79.2387
79.405
79.6224
81.1702
81.198
82.4321
82.7354
83.3659
85.2808
85.9909
87.1631
88.0972
88.4107
88.4272
88.4272
88.7709
88.8957
90.2545
90.358
90.358
90.5691
91.3065
91.3065
91.7874
91.8847
92.0049
92.0157
92.3359
92.3532
92.5361
92.5361
92.7108
92.7459
92.7885
92.9135
93.1244
93.1244
93.3028
93.3875
93.4084
93.4084
93.4169
93.4592
93.4667
93.4746
93.5056
93.5157
93.5088
93.5553
93.5565
93.5713
93.5717
93.5984
93.599
93.6412
93.6509
93.6528
93.6545
93.6606
93.6737
93.6747
93.6931
93.7241
93.732
93.732
93.7348
93.735
93.7427
93.7467
93.7586
93.7623
93.7623
93.7892
93.7893
93.7894
93.7896
93.7898
93.7926
93.7926
93.7959
93.796
93.7961
93.7962
93.7976
93.7984
93.8
93.8003
93.8004
93.8004
93.8004
93.8017
93.8018
93.8024
93.8024
93.8025
93.8025
93.8033
93.8038
93.8038
93.8039
93.8039
93.804
93.8044
93.8044
93.8046
93.8048
93.8048
93.8048
93.8048
93.8048
93.8049
93.805
93.805
93.805
93.805
93.805
93.805
93.805
93.805
93.8051
93.8051
93.8051
93.8051
93.8051
93.8051
93.8052
93.8052
93.8052
93.8052
93.8052
93.8052
93.8052
93.8052
93.8052
93.8052
93.8052
93.8052
93.8053
93.8053
93.8053
93.8053
93.8053
93.8053
93.8053
93.8053
93.8053
93.8053
93.8053
93.8053
93.8053
93.8053
93.8053
93.8053
93.8053
93.8053
93.8053
93.8053
93.8053
93.8053
93.8053
93.8053
93.8053
93.8053
93.8053
93.8053
93.8053
93.8053
93.8053
93.8053
93.8053
93.8053
93.8053
93.8053
93.8053
93.8053
93.8053
93.8053
93.8053
93.8053
93.8053
93.8053
93.8053
93.8053
93.8053
93.8053
93.8053
93.8053
93.8053
93.8053
93.8053
93.8053
93.8053
93.8053
93.8053
93.8053
93.8053
93.8053
93.8053
93.8053
93.8053
93.8053
93.8053
93.8053
93.8053
93.8053
93.8053
93.8053
93.8053
93.8053
93.8053
93.8053
93.8053
93.8053
93.8053
93.8053
93.8053
93.8053
93.8053
93.8053
93.8053
93.8053
93.8053
93.8053
93.8053
93.8053
93.8053
93.8053
93.8053
93.8053
93.8053
93.8053
93.8053
93.8053
93.8053
93.8053
93.8053
93.8053
93.8053
93.8053
93.8053
93.8053
93.8053
93.8053
93.8053
93.8053
93.8053
93.8053
93.8053
93.8053
93.8053
93.8053
93.8053
93.8053
93.8053
93.8053
93.8053
93.8053
93.8053
93.8053
93.8053
93.8053
93.8053
93.8053
93.8053
93.8053
93.8053
93.8053
93.8053
93.8053
93.8053
93.8053
93.8053
93.8053
93.8053
93.8053
93.8053
93.8053
93.8053
93.8053
93.8053
93.8053
93.8053
93.8053
93.8053
93.8053
93.8053
93.8053
93.8053
93.8053
93.8053
93.8053
93.8053
93.8053
93.8053
93.8053
93.8053
93.8053
93.8053
93.8053
93.8053
93.8053
93.8053
93.8053
93.8053
93.8053
93.8053
93.8053
93.8053
93.8053
93.8053
93.8053
93.8053
93.8053
93.8053
93.8053
93.8053
93.8053
93.8053
93.8053
93.8053
93.8053
93.8053
93.8053
93.8053
93.8053
93.8053
93.8053
93.8053
93.8053
93.8053
93.8053
93.8053
93.8053
93.8053
93.8053
93.8053
93.8053
93.8053
93.8053
93.8053
93.8053
93.8053
93.8053
93.8053
93.8053
93.8053
93.8053
93.8053
93.8053
93.8053
93.8053
93.8053
93.8053
93.8053
93.8053
93.8053
93.8053
93.8053
93.8053
93.8053
93.8053
93.8053
93.8053
93.8053
93.8053
93.8053


11.6151
12.8703
14.3719
17.5683
20.1964
20.9368
22.7554
23.765
29.9625
34.2297
34.2297
35.7489
39.075
40.4156
47.415
48.5951
52.6043
61.4226
61.4226
64.4346
64.4346
65.4814
66.4643
68.8636
72.8451
73.399
73.4796
75.6626
77.2071
77.3242
77.724
79.5915
79.9023
80.9111
82.915
83.6775
85.2293
85.2714
86.0281
86.4929
87.3721
87.5963
87.7945
88.1944
88.2913
88.873
89.0218
89.2111
90.5629
90.6851
90.9601
90.5417
91.3126
91.678
91.8818
91.9504
92.1612
92.1612
92.2196
92.3558
92.4559
92.7134
93.0901
93.1184
93.1186
93.1878
93.2399
93.2886
93.2928
93.3107
93.3107
93.3245
93.4136
93.4184
93.4225
93.4628
93.5202
93.5216
93.5216
93.5495
93.5559
93.5631
93.565
93.581
93.5957
93.5963
93.5982
93.6008
94.3115
94.3115
94.3133
94.5592
94.5596
94.5612
95.2049
95.497
95.497
95.5582
95.6148
96.0563
96.1618
96.1633
96.2462
96.2473
96.2473
96.2677
96.268
96.32
96.5315
96.5317
96.5317
96.5317
96.6346
96.6629
96.6634
96.6634
96.8572
96.9833
97.1855
97.1855
97.2186
97.3006
97.3367
97.4293
97.4293
97.43
97.4726
97.4815
97.4815
97.5543
97.5544
97.6506
97.6506
97.6581
97.6582
97.6582
97.7179
97.7179
97.718
97.7244
97.742
97.745
97.745
97.753
97.753
97.7714
97.7714
97.7791
97.7915
97.7938
97.8028
97.8103
97.8103
97.8148
97.8156
97.8237
97.8245
97.8247
97.8247
97.8266
97.8284
97.8284
97.8312
97.8324
97.8345
97.8345
97.8383
97.8383
97.8383
97.839
97.8394
97.8385
97.8385
97.8392
97.8395
97.8412
97.8412
97.8412
97.8437
97.8437
97.844
97.8446
97.8449
97.8449
97.8449
97.8449
97.846
97.846
97.846
97.8462
97.8462
97.846
97.846
97.8462
97.8462
97.8466
97.8466
97.8466
97.8466
97.8468
97.8469
97.8467
97.8467
97.8469
97.8471
97.8471
97.8475
97.8478
97.8478
97.8478
97.8478
97.8477
97.8477
97.8479
97.8479
97.8479
97.8481
97.8481
97.8483
97.8483
97.8483
97.8483
97.8483
97.8483
97.8484
97.8484
97.8485
97.8485
97.8485
97.8485
97.8485
97.8485
97.8485
97.8485
97.8485
97.8486
97.8486
97.8486
97.8486
97.8486
97.8486
97.8486
97.8486
97.8486
97.8486
97.8486
97.8486
97.8486
97.8487
97.8487
97.8487
97.8487
97.8487
97.8487
97.8487
97.8487
97.8487
97.8487
97.8487
97.8487
97.8487
97.8487
97.8487
97.8487
97.8487
97.8487
97.8487
97.8487
97.8487
97.8487
97.8487
97.8487
97.8487
97.8487
97.8487
97.8487
97.8487
97.8487
97.8487
97.8487
97.8487
97.8487
97.8487
97.8487
97.8487
97.8487
97.8487
97.8487
97.8487
97.8487
97.8487
97.8487
97.8487
97.8487
97.8487
97.8487
97.8487
97.8487
97.8487
97.8487
97.8487
97.8487
97.8487
97.8487
97.8487
97.8487
97.8487
97.8487
97.8487
97.8487
97.8487
97.8487
97.8487
97.8487
97.8487
97.8487
97.8487
97.8487
97.8487
97.8487
97.8487
97.8487
97.8487
97.8487
97.8487
97.8487
97.8487
97.8487
97.8487
97.8487
97.8487
97.8487
97.8487
97.8487
97.8487
97.8487
97.8487
97.8487
97.8487
97.8487
97.8487
97.8487
97.8487
97.8487
97.8487
97.8487
97.8487
97.8487
97.8487
97.8487
97.8487
97.8487
97.8487
97.8487
97.8487
97.8487
97.8487
97.8487
97.8487
97.8487
97.8487
97.8487
97.8487
97.8487
97.8487
97.8487
97.8487
97.8487
97.8487
97.8487
97.8487
97.8487
97.8487
97.8487
97.8487
97.8487
97.8487
97.8487
97.8487
97.8487
97.8487
97.8487
97.8487
97.8487
97.8487
97.8487
97.8487
97.8487
97.8487
97.8487
97.8487
97.8487
97.8487
97.8487
97.8487
97.8487
97.8487
97.8487
97.8487
97.8487


10.1307
11.3531
13.905
14.974
17.6263
17.7602
19.5161
19.6305
23.1729
24.16
25.0233
25.3311
29.0446
32.1803
33.4227
36.0293
41.686
43.3287
43.8059
51.1873
58.2168
58.2168
61.1121
61.7196
62.8684
67.9905
71.8699
75.3324
75.3324
77.5549
78.1321
78.3721
79.5541
79.7905
82.1442
82.1706
82.6288
83.1885
84.7647
84.9171
85.8384
85.7692
86.4513
86.8402
87.2379
87.2379
87.921
88.0699
88.3761
88.5001
88.5931
89.0256
89.3584
89.3584
89.374
89.3944
89.9891
90.0752
90.3676
90.3807
90.3807
90.4566
90.5166
90.5297
90.5503
90.5503
90.6281
90.6281
90.6369
90.6612
90.6795
90.6818
90.7043
90.7043
90.7232
90.7343
90.7422
90.7448
90.7616
90.7717
90.7767
90.7775
90.7802
90.7932
90.798
90.8081
90.8082
90.8165
90.8228
90.8271
90.8289
90.8297
90.8387
90.8388
90.8494
90.8536
90.8538
90.8538
90.8539
90.8562
90.8593
90.8605
90.8606
90.8619
90.862
90.862
90.862
90.8635
90.864
90.8641
90.8641
90.8643
90.8646
90.8649
90.8649
90.8652
90.8653
90.8655
90.8655
90.8657
90.8658
90.8658
90.8658
90.866
90.866
90.8661
90.8661
90.8661
90.8662
90.8662
90.8662
90.8663
90.8663
90.8663
90.8664
90.8664
90.8664
90.8664
90.8665
90.8665
90.8665
90.8665
90.8665
90.8665
90.8665
90.8665
90.8665
90.8665
90.8665
90.8665
90.8665
90.8665
90.8665
90.8665
90.8665
90.8665
90.8665
90.8665
90.8665
90.8665
90.8665
90.8665
90.8665
90.8665
90.8665
90.8665
90.8665
90.8665
90.8665
90.8665
90.8665
90.8665
90.8665
90.8665
90.8665
90.8665
90.8665
90.8665
90.8665
90.8665
90.8665
90.8665
90.8665
90.8665
90.8665
90.8665
90.8665
90.8665
90.8665
90.8665
90.8665
90.8665
90.8665
90.8665
90.8665
90.8665
90.8665
90.8665
90.8665
90.8665
90.8665
90.8665
90.8665
90.8665
90.8665
90.8665
90.8665
90.8665
90.8665
90.8665
90.8665
90.8665
90.8665
90.8665
90.8665
90.8665
90.8665
90.8665
90.8665
90.8665
90.8665
90.8665
90.8665
90.8665
90.8665
90.8665
90.8665
90.8665
90.8665
90.8665
90.8665
90.8665
90.8665
90.8665
90.8665
90.8665
90.8665
90.8665
90.8665
90.8665
90.8665
90.8665
90.8665
90.8665
90.8665
90.8665
90.8665
90.8665
90.8665
90.8665
90.8665
90.8665
90.8665
90.8665
90.8665
90.8665
90.8665
90.8665
90.8665
90.8665
90.8665
90.8665
90.8665
90.8665
90.8665
90.8665
90.8665
90.8665
90.8665
90.8665
90.8665
90.8665
90.8665
90.8665
90.8665
90.8665
90.8665
90.8665
90.8665
90.8665
90.8665
90.8665
90.8665
90.8665
90.8665
90.8665
90.8665
90.8665
90.8665
90.8665
90.8665
90.8665
90.8665
90.8665
90.8665
90.8665
90.8665
90.8665
90.8665
90.8665
90.8665
90.8665
90.8665
90.8665
90.8665
90.8665
90.8665
90.8665
90.8665
90.8665
90.8665
90.8665
90.8665
90.8665
90.8665
90.8665
90.8665
90.8665
90.8665
90.8665
90.8665
90.8665
90.8665
90.8665
90.8665
90.8665
90.8665
90.8665
90.8665
90.8665
90.8665
90.8665
90.8665
90.8665
90.8665
90.8665
90.8665
90.8665
90.8665
90.8665
90.8665
90.8665
90.8665
90.8665
90.8665
90.8665
90.8665
90.8665
90.8665
90.8665
90.8665
90.8665
90.8665
90.8665
90.8665
90.8665
90.8665
90.8665
90.8665
90.8665
91.3161
92.2189
92.6127
92.6127
92.6127
92.6893
92.7072
92.8703
93.0094
93.0094
93.0094
93.3223
93.3527
93.4733
93.565
93.565
93.565
93.565
93.565
93.6414
93.6687
93.7539
93.8966
93.8966
93.8966
93.9199
93.9199
94.0152
94.0152
94.0152
94.0152
94.0413
94.0413
94.0617
94.0617
94.0617
94.0617
94.0682
94.0726
94.1085


10.2375
11.275
12.0783
12.5216
13.2175
16.3888
17.7695
17.7695
21.7111
23.9664
23.9664
24.866
26.2038
26.2038
27.6347
28.3158
30.6668
30.8926
31.3952
31.4963
35.0511
36.2917
41.2892
44.0168
45.6657
46.3797
48.6768
50.4382
50.7992
51.4719
51.5019
54.7868
58.1338
58.1338
59.8074
59.8774
62.6115
63.3983
66.7008
69.2747
70.1561
71.0307
74.208
75.0716
75.0716
78.1042
80.6007
81.3459
82.445
82.445
83.4143
83.7722
83.8344
84.2695
86.2382
86.2382
86.5719
87.0608
87.4862
87.7886
88.8743
88.9882
89.0654
89.2107
89.2107
89.6277
90.045
90.4157
90.8865
90.9435
91.1085
91.1101
91.1408
91.1565
91.3596
91.55
91.6592
91.6592
91.7011
91.7337
92.0254
92.0331
92.035
92.0726
92.1183
92.1531
92.2061
92.2774
92.2774
92.3415
92.3622
92.3734
92.3809
92.3823
92.3996
92.3996
92.4012
92.4012
92.4029
92.4314
92.4322
92.4513
92.4867
92.4879
92.4982
92.5057
92.5103
92.5282
92.5285
92.5285
92.5287
92.5287
92.5388
92.5478
92.5483
92.5577
92.5577
92.5699
92.5719
92.5745
92.5745
92.5822
92.583
92.583
92.5831
92.5831
92.5853
92.5853
92.5854
92.5854
92.5873
92.5873
92.5873
92.588
92.5883
92.5889
92.5895
92.59
92.5904
92.5912
92.5921
92.5928
92.5929
92.5934
92.5935
92.5943
92.5943
92.5944
92.5946
92.5947
92.595
92.5951
92.5951
92.5953
92.5956
92.5956
92.5956
92.5956
92.5958
92.5958
92.596
92.596
92.596
92.596
92.596
92.5961
92.5961
92.5961
92.5961
92.5961
92.5961
92.5962
92.5962
92.5962
92.5962
92.5962
92.5962
92.5962
92.5962
92.5962
92.5962
92.5962
92.5962
92.5962
92.5962
92.5962
92.5962
92.5962
92.5962
92.5962
92.5962
92.5962
92.5962
92.5963
92.5963
92.5963
92.5963
92.5963
92.5963
92.5963
92.5963
92.5963
92.5963
92.5963
92.5963
92.5963
92.5963
92.5963
92.5963
92.5963
92.5963
92.5963
92.5963
92.5963
92.5963
92.5963
92.5963
92.5963
92.5963
92.5963
92.5963
92.5963
92.5963
92.5963
92.5963
92.5963
92.5963
92.5963
92.5963
92.5963
92.5963
92.5963
92.5963
92.5963
92.5963
92.5963
92.5963
92.5963
92.5963
92.5963
92.5963
92.5963
92.5963
92.5963
92.5963
92.5963
92.5963
92.5963
92.5963
92.5963
92.5963
92.5963
92.5963
92.5963
92.5963
92.5963
92.5963
92.5963
92.5963
92.5963
92.5963
92.5963
92.5963
92.5963
92.5963
92.5963
92.5963
92.5963
92.5963
92.5963
92.5963
92.5963
92.5963
92.5963
92.5963
92.5963
92.5963
92.5963
92.5963
92.5963
92.5963
92.5963
92.5963
92.5963
92.5963
92.5963
92.5963
92.5963
92.5963
92.5963
92.5963
92.5963
92.5963
92.5963
92.5963
92.5963
92.5963
92.5963
92.5963
92.5963
92.5963
92.5963
92.5963
92.5963
92.5963
92.5963
92.5963
92.5963
92.5963
92.5963
92.5963
92.5963
92.5963
92.5963
92.5963
92.5963
92.5963
92.5963
92.5963
92.5963
92.5963
92.5963
92.5963
92.5963
92.5963
92.5963
92.5963
92.5963
92.5963
92.5963
92.5963
92.5963
92.5963
92.5963
92.5963
92.5963
92.5963
92.5963
92.5963
92.5963
92.5963
92.5963
92.5963
92.5963
92.5963
92.5963
92.5963
92.5963
92.5963
92.5963
92.5963
92.5963
92.5963
92.5963
92.5963
92.5963
92.5963
92.5963
92.5963
92.5963
92.5963
92.5963
92.5963
92.5963
92.5963
92.5963
92.5963
92.5963
92.5963
92.5963
92.5963
92.5963
92.5963
92.5963
92.5963
92.5963
92.5963
92.5963
92.5963
92.5963
92.5963
92.5963
92.5963
92.5963
92.5963
92.5963
92.5963
92.5963
92.5963
92.5963
92.5963
92.5963
92.5963
92.5963
92.5963
92.5963
92.5963
92.5963
92.5963
92.5963


11.5097
11.638
13.4569
15.378
17.9384
21.3586
22.5473
23.5559
24.5176
27.2362
27.2362
32.6696
32.9267
35.2611
36.1738
37.5018
38.6723
39.8513
45.3913
46.1695
53.1366
53.1366
54.4545
56.5627
59.1836
59.5049
61.6283
62.7219
64.3162
64.9723
66.1124
67.7034
68.1775
69.2229
71.9066
72.7455
73.8653
73.8653
74.1803
75.0138
75.8792
76.3789
77.8118
77.8118
78.0484
78.111
78.7981
79.0925
79.5791
79.5791
79.8452
79.8408
79.9999
80.083
80.5193
80.6435
80.6788
80.7312
80.8493
80.8791
81.0259
81.0413
81.1455
81.1868
81.2762
81.3129
81.3375
81.3789
81.3789
81.3789
81.4113
81.4257
81.4651
81.472
81.504
81.5468
81.5474
81.5625
81.5716
81.5716
81.5717
81.5658
81.5807
81.5895
81.5895
81.6096
81.6099
81.6173
81.6305
81.6326
81.6354
81.6357
81.6365
81.6492
81.6528
81.6598
81.7877
81.7877
81.7926
81.7926
81.7926
82.2444
82.4879
82.4895
82.4896
82.4897
82.5484
82.5488
82.5491
82.8721
83.9772
84.4959
85.1702
85.3568
85.3568
85.4666
85.8535
86.2289
86.4422
86.5321
87.2926
88.0055
88.3346
88.704
88.7702
89.0444
89.2122
89.2122
89.2123
89.2526
89.271
89.2711
89.2711
89.2712
89.2869
89.2869
89.3827
89.3827
89.3827
89.3866
89.3866
89.5064
89.5527
89.5527
89.5527
89.6213
89.6213
89.6213
89.6965
89.7301
89.7413
89.8118
89.8752
89.8772
89.8772
89.903
89.9053
89.9053
89.9327
89.9442
89.9472
89.9478
89.9478
89.9478
89.9512
89.9627
89.9627
89.9627
89.9681
89.9681
89.9929
89.9929
89.9929
89.993
90.0265
90.0481
90.0481
90.0481
90.0665
90.0665
90.0665
90.0665
90.0665
90.0787
90.0787
90.0787
90.0787
90.0787
90.215
90.2228
90.2267
90.2803
90.2947
90.2947
90.2947
90.3177
90.3486
90.359
90.3625
90.3636
90.3639
90.3639
90.3639
90.605
90.605
90.605
90.605
90.605
90.605
90.605
90.605
90.6214
90.6302
90.6321
90.6321
90.6335
90.6335
90.6335
90.6354
90.637
90.6375
90.656
90.7217
90.7968
90.7968
90.8718
90.8718
90.8718
90.8718
90.8718
90.8718
90.8718
90.8718
90.8718
90.8718
90.8813
90.8813
90.8813
90.8813
90.8962
90.8966
90.8966
90.9283
90.9283
90.9283
90.9283
90.9357
90.9357
90.9357
90.9357
90.9357
90.9342
90.9342
90.9354
90.9354
90.9402
90.9402
90.9402
90.9406
90.9441
90.9441
90.9397
90.9439
90.9764
91.0512
91.1139
91.1139
91.1356
91.2232
91.2232
91.2232
91.2232
91.2232
91.2232
91.2232
91.2232
91.2232
91.2232
91.2232
91.2232
91.2232
91.1064
91.1363
91.1363
91.1363
91.1672
91.1672
91.1672
91.2089
91.2284
91.2284
91.1653
91.2278
91.2278
91.2498
91.2622
91.2691
91.2729
91.2752
91.2764
91.277
91.2773
91.2775
91.2776
91.2777
91.2777
91.2777
91.2778
91.2778
91.2778
91.2778
91.2778
91.2778
91.2778
91.2778
91.2778
91.2778
91.2778
91.2778
91.2778
91.338
91.338
91.338
91.3569
91.3585
91.3585
91.3659
91.3725
91.3743
91.3744
91.3744
91.3735
91.3738
91.3738
91.3767
91.3819
91.3876
91.3876
91.3876
91.3905
91.3905
91.4054
91.4054
91.4054
91.4054
91.4054
91.4054
91.4054
91.4054
91.4054
91.4054
91.3967
91.4012
91.5968
91.7482
91.7482
91.7482
91.7482
93.2294
93.2294
93.2315
93.313
93.3883
93.3998
93.4028
93.517
93.517
93.5247
93.5247
93.5609
93.5609
93.5545
93.5551
93.5634
93.5774
93.5856
93.6184
93.6308
93.6361
93.6509
93.6509
93.6196
93.651
93.6546
93.6574
93.6612
93.6631
93.6641
93.6643
93.6703
93.6807
93.6563
93.6599
93.6668
93.6692
93.6978
93.6979
93.7075
93.7076
93.7076


11.5426
15.0383
15.2729
15.9756
15.9756
19.8332
20.5429
23.6247
26.6327
28.8212
28.8212
31.9187
34.449
35.2472
36.2045
37.5521
38.5877
44.8754
46.0637
48.6328
50.8574
57.1774
57.9544
63.3643
73.1292
73.1292
73.1292
73.1403
78.4922
78.6927
79.5
80.2146
81.4995
83.0823
85.0808
87.974
88.0403
88.8468
91.1585
91.1765
92.4102
93.1935
93.3327
93.5025
94.1121
94.2177
94.3439
94.8499
95.2868
95.4643
95.6259
95.7838
95.9702
96.106
96.2019
96.208
96.2499
96.3533
96.41
96.4537
96.5066
96.4871
96.5781
96.604
96.6223
96.6337
96.6489
96.6867
96.6867
96.7317
96.7364
96.7565
96.7922
96.7946
96.8048
96.8064
96.8096
96.8255
96.8313
96.8387
96.8462
96.8514
96.8575
96.8603
96.8642
96.8712
96.8724
96.877
96.877
96.8819
96.8822
96.8843
96.8864
96.887
96.887
96.8886
96.8896
96.8901
96.8911
96.8923
96.8923
96.8925
96.8926
96.8937
96.8937
96.8939
96.8941
96.8942
96.8943
96.8947
96.8947
96.8948
96.895
96.895
96.895
96.8951
96.8951
96.8954
96.8954
96.8954
96.8956
96.8956
96.8956
96.8956
96.8957
96.8957
96.8957
96.8957
96.8957
96.8957
96.8958
96.8958
96.8958
96.8958
96.8958
96.8958
96.8958
96.8958
96.8958
96.8958
96.8958
96.8958
96.8958
96.8958
96.8958
96.8958
96.8958
96.8958
96.8958
96.8958
96.8958
96.8958
96.8958
96.8958
96.8959
96.8959
96.8959
96.8959
96.8959
96.8959
96.8959
96.8959
96.8959
96.8959
96.8959
96.8959
96.8959
96.8959
96.8959
96.8959
96.8959
96.8959
96.8959
96.8959
96.8959
96.8959
96.8959
96.8959
96.8959
96.8959
96.8959
96.8959
96.8959
96.8959
96.8959
96.8959
96.8959
96.8959
96.8959
96.8959
96.8959
96.8959
96.8959
96.8959
96.8959
96.8959
96.8959
96.8959
96.8959
96.8959
96.8959
96.8959
96.8959
96.8959
96.8959
96.8959
96.8959
96.8959
96.8959
96.8959
96.8959
96.8959
96.8959
96.8959
96.8959
96.8959
96.8959
96.8959
96.8959
96.8959
96.8959
96.8959
96.8959
96.8959
96.8959
96.8959
96.8959
96.8959
96.8959
96.8959
96.8959
96.8959
96.8959
96.8959
96.8959
96.8959
96.8959
96.8959
96.8959
96.8959
96.8959
96.8959
96.8959
96.8959
96.8959
96.8959
96.8959
96.8959
96.8959
96.8959
96.8959
96.8959
96.8959
96.8959
96.8959
96.8959
96.8959
96.8959
96.8959
96.8959
96.8959
96.8959
96.8959
96.8959
96.8959
96.8959
96.8959
96.8959
96.8959
96.8959
96.8959
96.8959
96.8959
96.8959
96.8959
96.8959
96.8959
96.8959
96.8959
96.8959
96.8959
96.8959
96.8959
96.8959
96.8959
96.8959
96.8959
96.8959
96.8959
96.8959
96.8959
96.8959
96.8959
96.8959
96.8959
96.8959
96.8959
96.8959
96.8959
96.8959
96.8959
96.8959
96.8959
96.8959
96.8959
96.8959
96.8959
96.8959
96.8959
96.8959
96.8959
96.8959
96.8959
96.8959
96.8959
96.8959
96.8959
96.8959
96.8959
96.8959
96.8959
96.8959
96.8959
96.8959
96.8959
96.8959
96.8959
96.8959
96.8959
96.8959
96.8959
96.8959
96.8959
96.8959
96.8959
96.8959
96.8959
96.8959
96.8959
96.8959
96.8959
96.8959
96.8959
96.8959
96.8959
96.8959
96.8959
96.8959
96.8959
96.8959
96.8959
96.8959
96.8959
96.8959
96.8959
96.8959
96.8959
96.8959
96.8959
96.8959
96.8959
96.8959
96.8959
96.8959
96.8959
96.8959
96.8959
96.8959
96.8959
96.8959
96.8959
96.8959
96.8959
96.8959
96.8959
96.8959
96.8959
96.8959
96.8959
96.8959
96.8959
96.8959
96.8959
96.8959
96.8959
96.8959
96.8959
96.8959
96.8959
96.8959
96.8959
96.8959
96.8959
96.8959
96.8959
96.8959
96.8959
96.8959
96.8959
96.8959


