786.294
698.841
690.92
685.359
670.275
670.275
636.249
621.085
609.742
596.43
595.019
603.666
590.774
583.835
562.932
555.341
555.341
548.956
548.956
547.906
540.094
526.148
504.912
480.4
477.879
463.581
443.097
405.699
395.315
371.332
347.478
362.791
331.217
331.217
318.044
307.266
286.177
285.374
259.035
250.306
231.529
229.922
215.117
212.372
190.578
182.95
177.62
175.654
172.801
156.981
138.393
137.136
128.92
114.506
112.65
98.6803
97.9681
92.1231
83.8857
80.8194
80.2258
70.4692
69.8209
69.6745
68.1644
65.9648
64.0379
63.5797
63.5797
59.135
59.06
58.4254
55.5559
55.5559
55.5559
55.552
55.0613
54.4585
54.1411
54.0932
53.9551
53.1527
52.5342
52.4048
52.276
52.1335
52.1335
51.6068
51.6068
51.5879
51.3172
51.078
50.8082
50.7295
50.6635
50.6353
50.613
50.5474
50.5245
50.4942
50.4264
50.3617
50.3224
50.2664
50.2383
50.2208
50.1955
50.1753
50.1701
50.1653
50.1447
50.133
50.0939
50.081
50.0686
50.0686
50.0537
50.0513
50.0476
50.0467
50.0395
50.0373
50.0329
50.0322
50.0288
50.0259
50.0238
50.0223
50.0208
50.0208
50.019
50.0188
50.0181
50.0162
50.0154
50.0138
50.0102
50.0099
50.0096
50.009
50.0082
50.0078
50.0052
50.0046
50.0039
50.0037
50.0037
50.0031
50.0027
50.0023
50.0019
50.0018
50.0016
50.0011
50.0011
50.001
50.0009
50.0008
50.0008
50.0007
50.0007
50.0005
50.0005
50.0005
50.0005
50.0005
50.0003
50.0003
50.0003
50.0003
50.0002
50.0002
50.0002
50.0002
50.0002
50.0001
50.0001
50.0001
50.0001
50.0001
50.0001
50.0001
50.0001
50.0001
50.0001
50.0001
50.0001
50.0001
50
50
50
50
50
50
50
50
50
50
50
50
50
50
50
50
50
50
50
50
50
50
50
50
50
50
50
50
50
50
50
50
50
50
50
50
50
50
50
50
50
50
50
50
50
50
50
50
50
50
50
50
50
50
50
50
50
50
50
50
50
50
50
50
50
50
50
50
50
50
50
50
50
50
50
50
50
50
50
50
50
50
50
50
50
50
50
50
50
50
50
50
50
50
50
50
50
50
50
50
50
50
50
50
50
50
50
50
50
50
50
50
50
50
50
50
50
50
50
50
50
50
50
50
50
50
50
50
50
50
50
50
50
50
50
50
50
50
50
50
50
50
50
50
50
50
50
50
50
50
50
50
50
50
50
50
50
50
50
50
50
50
50
50.0148
50
50
50
50
50
50
50
50
50
50
50
50
50
50
50
50
50
50
50
50
50
50
50
50
50
50
50
50
50
50
50
50
50
50
50
50
50
50
50
50
50
50
50
50
50
50
50
50


846.853
812.373
749.808
745.368
696.025
696.025
685.147
662.645
656.88
656.88
619.041
599.504
581.26
581.26
575.056
562.746
552.034
546.143
532.694
510.334
506.624
517.6
509.809
434.441
400.44
356.968
341.404
328.333
316.371
316.371
315.788
301.809
301.809
287.15
271.676
257.431
248.098
234.989
216.49
198.965
195.69
182.131
165.05
165.05
158.182
142.115
135.853
119.66
119.66
109.995
109.995
108.018
102.314
97.0174
91.4222
88.2704
84.6651
84.6651
82.8803
81.2811
79.4967
74.8106
74.8106
73.1748
71.5064
70.9135
69.1073
67.2163
66.0708
64.5603
63.2055
63.2055
62.1846
61.3701
60.9626
60.3911
60.2364
60.1023
59.9937
59.3433
58.9993
58.6507
58.4167
56.9783
56.9783
56.9783
56.8285
56.666
56.3379
56.3106
56.0999
55.9799
55.7932
55.7604
55.5309
55.4496
55.4204
55.3557
55.3168
55.3046
55.2967
55.1991
55.181
55.153
55.1263
55.0894
55.0277
55.0041
54.995
54.99
54.9825
54.9703
54.9503
54.9094
54.9037
54.8768
54.8735
54.8693
54.8685
54.8673
54.8605
54.8538
54.8362
54.834
54.8338
54.8331
54.8329
54.831
54.8307
54.8267
54.8266
54.827
54.8248
54.823
54.8226
54.8219
54.8178
54.8165
54.8149
54.8138
54.8101
54.8094
54.8088
54.8079
54.8054
54.8048
54.8037
54.803
54.8028
54.801
54.801
54.8008
53.7212
53.7208
53.7208
53.7206
53.7204
53.7202
53.72
53.6509
52.6506
52.6504
52.5674
52.5673
52.3969
52.3969
51.973
51.704
51.704
51.2644
51.0324
51.0324
51.0323
50.5291
50.529
50.5289
50.5289
50.3207
50.289
50.1964
48.7899
49.0586
46.7389
46.5919
46.5744
46.5744
46.4763
46.4763
46.4763
46.3903
46.1417
45.8707
45.7692
45.3109
45.3109
45.3056
45.3056
45.2264
45.2264
45.087
44.8946
44.851
44.8065
44.7357
44.703
44.6887
44.4834
44.4782
44.4782
44.4399
44.4047
44.3652
44.3305
44.3227
44.3225
44.2936
44.285
44.278
44.2732
44.2481
44.244
44.1417
44.1417
44.1408
44.1296
44.1296
44.1269
44.1261
44.1067
44.1025
44.0946
44.093
44.0853
44.0853
44.0806
44.0736
44.0678
44.0643
44.0574
44.0499
44.0494
44.0509
44.0482
44.0434
44.0417
44.0404
44.0396
44.0372
44.0366
44.0362
44.034
44.0326
44.0323
44.032
44.0318
44.0318
44.0312
44.0312
44.031
44.0303
44.0303
44.03
44.0292
44.0285
44.0283
44.0283
44.0283
44.0282
44.0281
44.0279
44.0278
44.0278
44.0277
44.0277
44.0276
44.0276
44.0276
44.0275
44.0274
44.0274
44.0274
44.0273
44.0273
44.0273
44.0273
44.0273
44.0272
44.0272
44.0272
44.0272
44.0272
44.0272
44.0272
44.0272
44.0272
44.0272
44.0272
44.0272
44.0272
44.0272
44.0271
44.0271
44.0271
44.0271
44.0271
44.0271
44.0271
44.0271
44.0271
44.0271
44.0271
44.0271
43.976
43.7208
43.7208
42.9678
42.2522
42.0266
41.9509
41.9229
41.9113
41.9062
41.9038
41.9026
40.9921
40.9921
40.9921
40.5889
40.5591
39.4202
39.1353
39.1602
38.9509
38.9509
38.7145
38.3932
38.0783
38.0783
37.7647
37.3449
37.2169
37.1585
36.9885
36.9885
36.9885
36.2091
35.8489
35.8489
35.8489
35.1806
35.1806
35.491
35.1617
35.1617
34.3446
34.1369
34.1369
34.0258
34.0258
33.9476
33.9036
33.9275
33.7994
33.7994
33.7994
33.7994
33.7363
33.7363
33.7288
33.7042
33.602
33.5104
33.1828
33.1828
33.1828
33.1828
33.1828
33.1828
33.1367
33.1214
33.1127
32.9531
32.9531
32.9502
32.9462
32.9462
32.9462
32.9197
32.9197
32.8654
32.8282
32.8283
32.7904
32.7904
32.7212
32.7066
32.6687
32.6189
32.6189
32.5797


846.817
734.187
724.542
691.564
664.445
649.737
633.695
622.125
619.877
615.538
602.571
596.585
572.521
559.991
526.309
513.921
506.61
487.5
468.317
468.19
436.191
372.574
369.319
365.152
343.691
329.973
310.735
306.529
294.083
250.67
247.529
238.908
236.057
205.164
203.514
194.053
186.791
166.27
164.631
154.037
153.889
133.211
131.798
120.181
112.914
109.201
109.201
98.7656
90.084
88.9929
87.5703
81.0488
77.6511
76.4381
72.7327
69.6064
64.2672
64.2672
63.7447
63.1356
61.4822
61.1607
59.0124
58.2248
57.8946
53.2001
50.8995
49.1086
49.1086
45.7477
44.0226
44.0226
41.8714
41.5694
41.2603
39.9409
39.8969
39.8969
39.0063
37.6973
37.6089
37.0894
36.9778
36.9636
36.6448
36.2563
36.2563
36.2536
36.1833
35.2877
35.2877
35.215
35.215
35.1948
35.0943
34.8195
34.7639
34.6971
34.6897
34.6608
34.6315
34.5251
34.5013
34.4456
34.4374
34.4356
34.4181
34.4019
34.4019
34.3846
34.3825
34.4169
34.4169
34.4133
34.3812
34.3811
34.3716
34.3629
34.3567
34.3342
34.3333
34.3315
34.3302
34.3273
34.3209
34.3126
34.3052
34.305
34.3004
34.2813
34.2812
34.281
34.2729
34.2729
34.2709
34.2707
34.2683
34.2683
34.2665
34.2664
34.2565
34.2565
34.2528
34.2528
34.2528
34.2527
34.2522
34.2516
34.2513
34.2501
34.2501
34.2499
34.2495
34.2489
34.2484
34.2484
34.2481
34.2474
34.2469
34.2469
34.2468
34.2468
34.2467
34.246
34.2457
34.2453
34.2453
34.2452
34.2452
34.2452
34.2447
34.2446
34.2446
34.2445
34.2444
34.2441
34.2441
34.2441
34.2441
34.244
34.2438
34.2438
34.2438
34.2437
34.2436
34.2436
34.2435
34.2435
34.2435
34.2435
34.2435
34.2435
34.2435
34.2435
34.2435
34.2435
34.2435
34.2434
34.2434
34.2434
34.2434
34.2434
34.2434
34.2434
34.2434
34.2434
34.2434
34.2434
34.2434
34.2434
34.2434
34.2434
34.2434
34.2434
34.2434
34.2434
34.2434
34.2434
34.2434
34.2434
34.2434
34.2434
34.2434
34.2434
34.2434
34.2434
34.2434
34.2434
34.2434
34.2434
34.2434
34.2433
34.2433
34.2433
34.2433
34.2433
34.2433
34.2433
34.2433
34.2433
34.2433
34.2433
34.2433
34.2433
34.2433
34.2433
34.2433
34.2433
34.2433
34.2433
34.2433
34.2433
34.2433
34.2433
34.2433
34.2433
34.2433
34.2433
34.2433
34.2433
34.2433
34.2433
34.2433
34.2433
34.2433
34.2433
34.2433
34.2433
34.2433
34.2433
34.2433
34.2433
34.2433
34.2433
34.2433
34.2433
34.2433
34.2433
34.2433
34.2433
34.2433
34.2433
34.2433
34.2433
34.2433
34.2433
34.2433
34.2433
34.2433
34.2433
34.2433
34.2433
34.2433
34.2433
34.2433
34.2433
34.2433
34.2433
34.2433
34.2433
34.2433
34.2433
34.2433
34.2433
34.2433
34.2433
34.2433
34.2433
34.2433
34.2433
34.2433
34.2433
34.2433
34.2433
34.2433
34.2433
34.2433
34.2433
34.2433
34.2433
34.2433
34.2433
34.2433
34.2433
34.2433
34.2433
34.2433
34.2433
34.2433
34.2433
34.2433
34.2433
34.2433
34.2433
34.2433
34.2433
34.2433
34.2433
34.2433
34.2433
34.2433
34.2433
34.2433
34.2433
34.2433
34.2433
34.2433
34.2433
34.2433
34.2433
34.2433
34.2433
34.2433
34.2433
34.2433
34.2433
34.2433
34.2433
34.2433
34.2433
34.2433
34.2433
34.2433
34.2433
34.2433
34.2433
34.2433
34.2433
34.2433
34.2433
34.2433
34.2532
34.2433
34.2433
34.2433
34.2433
34.2433
34.2433
34.2433
34.2433
34.2433
34.2433
34.2433
34.2433
34.2433
34.2433
34.2433
34.2433
34.2433
34.2433
34.2433
34.2433
34.2433
34.2433
34.2433
34.2433
34.2433
34.2433
34.2433
34.2433


843.452
694.716
670.464
666.69
651.639
639.832
600.209
590.606
578.581
578.581
578.026
581.15
550.019
549.501
549.478
541.342
528.342
528.342
509.042
485.992
483.666
485.238
457.048
457.048
429.719
429.719
391.562
391.562
386.973
386.973
382.536
374.174
353.383
345.486
327.591
316.004
309.103
298.188
280.873
248.749
248.255
224.425
221.032
221.032
202.446
198.495
190.11
184.527
181.78
166.614
157.74
162.92
136.476
133.212
126.754
107.147
107.147
107.147
102.675
100.294
99.593
95.6032
95.5029
87.2433
80.7188
78.8831
75.923
71.3634
70.269
67.671
64.9612
63.6794
58.9977
57.2359
54.1248
53.7822
52.0593
51.3864
50.5017
48.5123
48.0563
47.5913
46.2987
46.2987
44.5419
42.7798
42.6721
41.8634
41.6549
40.9731
40.913
41.4795
39.9107
39.9107
39.6128
39.0588
38.9853
38.6336
38.2336
38.2336
38.0546
38.0509
38.0279
37.8841
37.8466
37.7269
37.529
37.529
37.5175
37.487
37.4347
37.3094
37.1073
36.9117
36.9117
36.8886
36.8371
36.7862
36.7862
36.7581
36.7118
36.6852
36.6852
36.6648
36.6081
36.5893
36.5809
36.5585
36.5542
36.5535
36.5495
36.549
36.5433
36.5337
36.5094
36.5005
36.4954
36.4867
36.4825
36.4807
36.4807
36.4791
36.4777
36.4688
36.4684
36.4675
36.4646
36.4645
36.4618
36.4617
36.4609
36.46
36.4587
36.4577
36.4577
36.4542
36.4525
36.4524
36.4524
36.4522
36.4522
36.4511
36.4494
36.4494
36.4494
36.4494
36.4488
36.4488
36.4481
36.448
36.4467
36.4472
36.4464
36.4464
36.4464
36.4464
36.4463
36.4462
36.4461
36.446
36.4458
36.4458
36.4457
36.4457
36.4457
36.4457
36.4456
36.4455
36.4455
36.4454
36.4454
36.4454
36.4454
36.4453
36.4452
36.4452
36.4452
36.4452
36.4452
36.4452
36.4452
36.4451
36.4451
36.4451
36.4451
36.4451
36.4451
36.4451
36.4451
36.4451
36.4451
36.4451
36.4451
36.4451
36.4451
36.4451
36.4451
36.4451
36.4451
36.4451
36.4451
36.4451
36.4451
36.4451
36.4451
36.4451
36.4451
36.4451
36.4451
36.4451
36.4451
36.4451
36.4451
36.4451
36.4451
36.4451
36.4451
36.4451
36.4451
36.4451
36.4451
36.4451
36.4451
36.4451
36.4451
36.4451
36.4451
36.4451
36.4451
36.4451
36.4451
36.4451
36.4451
36.4451
36.4451
36.4451
36.4451
36.4451
36.4451
36.4451
36.4451
36.4451
36.4451
36.4451
36.4451
36.4451
36.4451
36.4451
36.4451
36.4451
36.4451
36.4451
36.4451
36.4451
36.4451
36.4451
36.4451
36.4451
36.4451
36.4451
36.4451
36.4451
36.4451
36.4451
36.4451
36.4451
36.4451
36.4451
36.4451
36.4451
36.4451
36.4451
36.4451
36.4451
36.4451
36.4451
36.4451
36.4451
36.4451
36.4451
36.4451
36.4451
36.4451
36.4451
36.4451
36.4451
36.4451
36.4451
36.4451
36.4451
36.4451
36.4451
36.4451
36.4451
36.4451
36.4451
36.4451
36.4451
36.4451
36.4451
36.4451
36.4451
36.4451
36.4451
36.4451
36.4451
36.4451
36.4451
36.4451
36.4451
36.4451
36.4451
36.4451
36.4451
36.4451
36.4451
36.4451
36.4451
36.4451
36.4451
36.4451
36.4451
36.4451
36.4451
36.4451
36.4451
36.4451
36.4451
36.4451
36.4451
36.4451
36.4451
36.4451
36.4451
36.4451
36.4451
36.4451
36.4451
36.4451
36.4451
36.4451
36.4451
36.4451
36.4451
36.4451
36.4451
36.4451
36.4451
36.4451
36.4451
36.4451
36.4451
36.4451
36.4451
36.4451
36.4451
36.4451
36.4451
36.4451
36.4451
36.4451
36.4451
36.4451
36.4451
36.4451
36.4451
36.4451
36.4451
36.4451
36.4451
36.4451
36.4451
36.4451
36.4451
36.4451
36.4451
36.4451
36.4451
36.4451
36.4451


785.668
767.071
703.746
605.618
605.618
599.707
580.447
570.588
564.558
555.187
548.885
530.64
530.64
520.536
519.641
512.797
495.344
485.334
461.735
439.052
430.39
435.756
435.202
412.746
401.318
400.067
377.967
376.371
308.81
308.81
280.216
277.099
273.415
236.355
233.314
216.829
152.863
150.113
150.113
149.222
138.466
138.466
134.651
105.966
105.433
105.433
93.297
93.297
90.1131
88.7268
87.5153
87.2246
85.0091
77.3981
72.021
68.2088
67.6206
64.7084
62.8124
59.78
55.6781
51.5255
51.5255
50.4955
49.5712
47.9805
47.2995
44.3139
42.9207
41.9204
41.3998
40.6272
40.5932
38.9813
38.7542
38.4202
38.3901
37.9019
37.8808
37.3398
37.3398
37.5868
37.4397
37.1584
36.6002
36.4695
36.2036
36.1062
36.0722
36.0722
36.0534
35.8685
35.7871
35.6415
35.5784
35.5393
35.503
35.4905
35.4097
35.3961
35.3231
35.3529
35.3387
35.3153
35.2959
35.2603
35.2603
35.248
35.2317
35.2166
35.2087
35.1953
35.1885
35.1672
35.1593
35.1534
35.146
35.1318
35.1318
35.1288
35.1288
35.1238
35.1107
35.1101
35.1076
35.1041
35.1034
35.102
35.0996
35.0956
35.0936
35.0917
35.0899
35.0874
35.0862
35.0808
35.0808
35.0791
35.0775
35.0771
35.0767
35.0767
35.0761
35.0751
35.0751
35.0747
35.0735
35.0735
35.0729
35.0724
35.0723
35.0722
35.0719
35.0717
35.0716
35.0714
35.071
35.071
35.0709
35.0709
35.0706
35.0705
35.0704
35.0702
35.0702
35.0702
35.0701
35.0701
35.0701
35.07
35.07
35.07
35.0699
35.0699
35.0699
35.0699
35.0698
35.0698
35.0697
35.0697
35.0697
35.0697
35.0697
35.0697
35.0697
35.0697
35.0697
35.0696
35.0696
35.0696
35.0696
35.0696
35.0696
35.0696
35.0696
35.0696
35.0696
35.0696
35.0696
35.0696
35.0696
35.0696
35.0696
35.0696
35.0696
35.0696
35.0696
35.0696
35.0696
35.0696
35.0696
35.0696
35.0696
35.0696
35.0696
35.0696
35.0696
35.0696
35.0696
35.0696
35.0696
35.0696
35.0696
35.0696
35.0696
35.0696
35.0696
35.0696
35.0696
35.0696
35.0696
35.0696
35.0696
35.0696
35.0696
35.0696
35.0696
35.0696
35.0696
35.0696
35.0696
35.0696
35.0696
35.0696
35.0696
35.0696
35.0696
35.0696
35.0696
35.0696
35.0696
35.0696
35.0696
35.0696
35.0696
35.0696
35.0696
35.0696
35.0696
35.0696
34.9592
34.9592
34.9592
34.542
34.542
34.3587
34.2031
34.0816
33.8805
33.8158
33.8158
33.7769
33.6868
33.6868
33.5955
33.5955
33.5955
33.5257
33.436
33.3249
33.2926
33.292
33.292
33.2466
33.2176
33.1509
33.1509
32.9989
32.9989
32.9989
32.9989
32.9229
32.9229
32.8736
32.7994
32.7701
32.7563
32.7563
32.7236
32.7075
32.7034
32.6953
32.6761
32.6761
32.6595
32.6595
32.6595
32.6595
32.6439
32.6429
32.6405
32.6399
32.6397
32.6397
32.6397
32.6375
32.6249
32.6186
32.6175
32.6175
32.611
32.6088
32.5992
32.5963
32.5832
32.5715
32.5715
32.5715
32.5715
32.5687
32.5675
32.5674
32.5673
32.5633
32.5631
32.5623
32.5601
32.5596
32.5594
32.5505
32.5505
32.5505
32.5456
32.5456
32.5456
32.5446
32.5425
32.5422
32.5358
32.5342
32.5342
32.5366
32.5346
32.534
32.5336
32.5273
32.5273
32.5207
32.5191
32.5172
32.5169
32.518
32.5172
32.5162
32.5162
32.5159
32.5131
32.5131
32.5131
32.5131
32.5126
32.5132
32.5121
32.5115
32.5093
32.5093
32.5092
32.5092
32.5092
32.5092
32.5086
32.5086
32.5086
32.5086
32.5086
32.5086
32.5086
32.5085
32.5077
32.5077
32.5077
32.5083
32.5077
32.5077
32.5077
32.5076
32.5076
32.507
32.507
32.5068


832.505
696.659
688.707
674.962
660.641
643.665
629.937
619.158
603.85
599.45
586.005
581.074
581.074
571.865
560.882
545.3
545.3
534.933
534.431
529.708
522.457
501.142
497.988
460.397
460.397
443.453
430.382
395.983
384.737
361.114
347.956
333.983
298.954
272.392
268.564
267.012
267.012
248.256
219.75
208.318
191.589
187.351
167.438
167.438
163.73
141.998
137.789
136.87
121.54
120.68
107.435
99.9389
86.0572
86.0572
81.6888
81.5375
78.8956
78.8956
66.1442
65.418
61.6671
57.5938
50.287
50.287
48.6593
47.2818
47.2818
46.2021
44.191
44.1886
43.9111
42.5762
41.8066
41.5426
40.3488
40.0165
38.9288
38.0489
37.2959
36.2073
35.9743
35.482
35.3988
35.2956
35.0928
35.0928
34.7075
34.6508
33.9212
33.8945
33.5544
33.4313
33.3661
33.3219
33.1816
33.1412
32.9701
32.9209
32.8482
32.8382
32.828
32.6726
32.6699
32.6095
32.5635
32.4841
32.4841
32.4825
32.3342
32.3342
32.3101
32.2824
32.2778
32.2717
32.2634
32.2629
32.2613
32.1962
32.1883
32.1702
32.1689
32.1679
32.1639
32.1629
32.1548
32.1517
32.1492
32.1414
32.1406
32.1393
32.1373
32.1354
32.1245
32.1046
32.1046
32.0968
32.0964
32.0964
32.0945
32.0919
32.0917
32.0915
32.0915
32.0912
32.0884
32.0882
32.0874
32.0874
32.0841
32.0841
32.0833
32.0834
32.0826
32.0825
32.0824
32.0824
32.0823
32.0817
32.0816
32.0812
32.081
32.0809
32.0808
32.0808
32.0808
32.0806
32.0804
32.0804
32.0804
32.0803
32.0803
32.0802
32.0801
32.08
32.08
32.08
32.08
32.08
32.08
32.0799
32.0799
32.0799
32.0798
32.0798
32.0798
32.0797
32.0797
32.0797
32.0797
32.0797
32.0797
32.0797
32.0797
32.0797
32.0797
32.0797
32.0797
32.0797
32.0797
32.0797
32.0797
32.0797
32.0797
32.0797
32.0797
32.0797
32.0797
32.0797
32.0797
32.0797
32.0797
32.0796
32.0796
32.0796
32.0796
32.0796
32.0796
32.0796
32.0796
32.0796
32.0796
32.0796
32.0796
32.0796
32.0796
32.0796
32.0796
32.0796
32.0796
32.0796
32.0796
32.0796
32.0796
32.0796
32.0796
32.0796
32.0796
32.0796
32.0796
32.0796
32.0796
32.0796
32.0796
32.0796
32.0796
32.0796
32.0796
32.0796
32.0796
32.0796
32.0796
32.0796
32.0796
32.0796
32.0796
32.0796
32.0796
32.0796
32.0796
32.0796
32.0796
32.0796
32.0796
32.0796
32.0796
32.0796
32.0796
32.0796
32.0796
32.0796
32.0796
32.0796
32.0796
32.0796
32.0796
32.0796
32.0796
32.0796
32.0796
32.0796
32.0796
32.0796
32.0796
32.0796
32.0796
32.0796
32.0796
32.0796
32.0796
32.0796
32.0796
32.0796
32.0796
32.0796
32.0796
32.0796
32.0796
32.0796
32.0796
32.0796
32.0796
32.0796
32.0796
32.0796
32.0796
32.0796
32.0796
32.0796
32.0796
32.0796
32.0796
32.0796
32.0796
32.0796
32.0796
32.0796
32.0796
32.0796
32.0796
32.0796
32.0796
32.0796
32.0796
32.0796
32.0796
32.0796
32.0796
32.0796
32.0796
32.0796
32.0796
32.0796
32.0796
32.0796
32.0796
32.0796
32.0796
32.0796
32.0796
32.0796
32.0796
32.0796
32.0796
32.0796
32.0796
32.0796
32.0796
32.0796
32.0796
32.0796
32.0796
32.0796
32.0796
32.0796
32.0796
32.0796
32.0796
32.0796
32.0796
32.0796
32.0796
32.0796
32.0796
32.0796
32.0796
32.0796
32.0796
32.0796
32.0796
32.0796
32.0796
32.0796
32.0796
32.0796
32.0796
32.0796
32.0796
32.0796
32.0796
32.0796
32.0796
32.0796
32.0796
32.0796
32.0796
32.0796
32.0796
32.0796
32.0796
32.0796
32.0796
32.0797
32.0796
32.0796
32.0796
32.0796
32.0796
32.0796
32.0796
32.0796


752.217
711.837
679.576
664.091
647.637
639.097
625.485
608.976
603.614
597.264
594.416
588.768
587.783
582.856
559.079
549.246
545.473
532.623
528.865
526.704
516.716
477.802
477.802
446.866
446.279
440.454
399.488
399.488
388.989
388.989
381.712
373.587
338.075
321.766
303.307
293.063
287.606
267.213
249.386
249.386
216.124
230.319
216.709
203.389
202.258
177.476
177.476
169.6
156.76
137.434
134.644
127.616
117.838
114.103
98.1985
98.1985
90.692
90.692
78.2864
68.2143
59.0183
53.5069
49.7264
49.3465
49.2892
46.944
46.4119
46.061
43.6667
43.454
41.3164
41.243
40.4687
40.1195
39.2705
39.166
37.0058
36.721
36.7148
36.0847
35.8025
35.3866
34.9678
34.4325
34.0129
33.9996
33.9522
33.944
33.6597
33.4295
33.2953
33.2
33.0648
32.9775
32.6715
32.4467
32.3691
32.2408
32.2223
32.1667
32.1667
32.1701
32.0995
31.8716
31.8218
31.7809
31.7443
31.7443
31.7412
31.7333
31.7153
31.7102
31.6906
31.6906
31.6593
31.6392
31.6296
31.622
31.6185
31.6157
31.6017
31.5998
31.5942
31.5938
31.5922
31.5906
31.5861
31.5795
31.5794
31.5782
31.5775
31.5751
31.5751
31.5702
31.5697
31.5683
31.5674
31.567
31.5669
31.5663
31.5649
31.5641
31.5638
31.5633
31.5633
31.5619
31.5616
31.5614
31.5614
31.5612
31.561
31.5607
31.5606
31.5606
31.5601
31.5601
31.5601
31.5599
31.5599
31.5598
31.5598
31.5597
31.5597
31.5596
31.5596
31.5596
31.5596
31.5596
31.5595
31.5595
31.5595
31.5595
31.5595
31.5595
31.5595
31.5595
31.5595
31.5594
31.5594
31.5594
31.5594
31.5594
31.5594
31.5594
31.5594
31.5594
31.5594
31.5594
31.5594
31.5594
31.5594
31.5594
31.5594
31.5594
31.5594
31.5594
31.5594
31.5594
31.5594
31.5594
31.5594
31.5594
31.5594
31.5594
31.5594
31.5594
31.5594
31.5594
31.5594
31.5594
31.5594
31.5594
31.5594
31.5594
31.5594
31.5594
31.5594
31.5594
31.5594
31.5594
31.5594
31.5594
31.5594
31.5594
31.5594
31.5594
31.5594
31.5594
31.5594
31.5594
31.5594
31.5594
31.5594
31.5594
31.5594
31.5594
31.5594
31.5594
31.5594
31.5594
31.5594
31.5594
31.5594
31.5594
31.5594
31.5594
31.5594
31.5594
31.5594
31.5594
31.5594
31.5594
31.5594
31.5594
31.5594
31.5594
31.5594
31.5594
31.5594
31.5594
31.5594
31.5594
31.5594
31.5594
31.5594
31.5594
31.5594
31.5594
31.5594
31.5594
31.5594
31.5594
31.5594
31.5594
31.5594
31.5594
31.5594
31.5594
31.5594
31.5594
31.5594
31.5594
31.5594
31.5594
31.5594
31.5594
31.5594
31.5594
31.5594
31.5594
31.5594
31.5594
31.5594
31.5594
31.5594
31.5594
31.5594
31.5594
31.5594
31.5594
31.5594
31.5594
31.5594
31.5594
31.5594
31.5594
31.5594
31.5594
31.5594
31.5594
31.5594
31.5594
31.5594
31.5594
31.5594
31.5594
31.5594
31.5594
31.5594
31.5594
31.5594
31.5594
31.5594
31.5594
31.5594
31.5594
31.5594
31.5594
31.5594
31.5594
31.5594
31.5594
31.5594
31.5594
31.5594
31.5594
31.5594
31.5594
31.5594
31.5594
31.5594
31.5594
31.5594
31.5594
31.5594
31.5594
31.5594
31.5594
31.5594
31.5594
31.5594
31.5594
31.5594
31.5594
31.5594
31.5594
31.5594
31.5594
31.5594
31.5594
31.5594
31.5594
31.5594
31.5594
31.5594
31.5594
31.5594
31.5594
31.5594
31.5594
31.5594
31.5594
31.5594
31.5594
31.5594
31.5594
31.5594
31.5594
31.5594
31.5594
31.5594
31.5594
31.5594
31.5594
31.5594
31.5594
31.5594
31.5594
31.5594
31.5594
31.5594
31.5594
31.5594
31.5594
31.5594
31.5594
31.5594
31.5594
31.5594
31.5594


761.018
693.67
652.644
644.57
636.338
623.594
616.572
595.237
595.237
586.093
580.07
576.57
575.423
570.186
567.456
564.13
561.585
552.34
549.692
546.74
546.435
524.633
520.867
482.121
482.121
466.662
466.662
466.588
466.588
451.963
449.634
421.153
364.152
352.191
327.318
326.853
308.39
304.187
304.187
289.739
272.381
240.138
236.042
236.042
220.104
216.023
161.753
148.068
147.73
142.995
124.603
123.696
118.7
116.463
105.332
96.2161
85.3545
79.8866
77.8649
71.3445
60.8853
53.8141
53.4098
51.2946
49.72
49.72
48.799
48.4237
43.5279
43.3168
42.9321
42.0227
41.4451
40.2113
39.5013
39.0398
37.7177
37.2848
37.1223
35.8544
34.4838
33.1844
33.0813
32.6614
32.2821
31.846
31.6549
31.6534
31.1813
30.9724
30.6511
30.105
29.8121
29.6857
29.6807
29.6335
29.5647
29.4367
29.4254
29.3123
29.1317
29.0482
29.0482
29.0202
29.016
28.9973
28.9066
28.8918
28.8918
28.8442
28.8381
28.8095
28.8027
28.7608
28.7608
28.7605
28.7582
28.7561
28.7301
28.7256
28.7176
28.7184
28.6997
28.6979
28.6926
28.6882
28.6729
28.6616
28.6514
28.6514
28.6509
28.6527
28.6489
28.6484
28.6452
28.6444
28.643
28.642
28.6413
28.641
28.6409
28.6376
28.6358
28.6358
28.6344
28.6342
28.6342
28.6339
28.6338
28.6331
28.6329
28.6327
28.6327
28.6324
28.6323
28.6322
28.632
28.6319
28.6316
28.6315
28.6314
28.6314
28.6314
28.6314
28.6314
28.6314
28.6312
28.6312
28.6311
28.6311
28.6311
28.631
28.631
28.631
28.631
28.6309
28.6309
28.6309
28.6309
28.6309
28.6309
28.6309
28.6309
28.6309
28.6309
28.6309
28.6309
28.6309
28.6309
28.6309
28.6309
28.6309
28.6309
28.6309
28.6309
28.6309
28.6309
28.6309
28.6308
28.6308
28.6308
28.6308
28.6308
28.6308
28.6308
28.6308
28.6308
28.6308
28.6308
28.6308
28.6308
28.6308
28.6308
28.6308
28.6308
28.6308
28.6308
28.6308
28.6308
28.6308
28.6308
28.6308
28.6308
28.6308
28.6308
28.6308
28.6308
28.6308
28.6308
28.6308
28.6308
28.6308
28.6308
28.6308
28.6308
28.6308
28.6308
28.6308
28.6308
28.6308
28.6308
28.6308
28.6308
28.6308
28.6308
28.6308
28.6308
28.6308
28.6308
28.6308
28.6308
28.6308
28.6308
28.6308
28.6308
28.6308
28.6308
28.6308
28.6308
28.6308
28.6308
28.6308
28.6308
28.6308
28.6308
28.6308
28.6308
28.6308
28.6308
28.6308
28.6308
28.6308
28.6308
28.6308
28.6308
28.6308
28.6308
28.6308
28.6308
28.6308
28.6308
28.6308
28.6308
28.6308
28.6308
28.6308
28.6308
28.6308
28.6308
28.6308
28.6308
28.6308
28.6308
28.6308
28.6308
28.6308
28.6308
28.6308
28.6308
28.6308
28.6308
28.6308
28.6308
28.6308
28.6308
28.6308
28.6308
28.6308
28.6308
28.6308
28.6308
28.6308
28.6308
28.6308
28.6308
28.6308
28.6308
28.6308
28.6308
28.6308
28.6308
28.6308
28.6308
28.6308
28.6308
28.6308
28.6308
28.6308
28.6308
28.6308
28.6308
28.6308
28.6308
28.6308
28.6308
28.6308
28.6308
28.6308
28.6308
28.6308
28.6308
28.6308
28.6308
28.6308
28.6308
28.6308
28.6308
28.6308
28.6308
28.6308
28.6308
28.6308
28.6308
28.6308
28.6308
28.6308
28.6308
28.6308
28.6308
28.6308
28.6308
28.6308
28.6308
28.6308
28.6308
28.6308
28.6308
28.6308
28.6308
28.6308
28.6308
28.6308
28.6308
28.6308
28.6308
28.6308
28.6308
28.6308
28.6308
28.6308
28.6308
28.6308
28.6308
28.6308
28.6308
28.6308
28.6308
28.6308
28.6308
28.6308
28.6308
28.6308
28.6308
28.6308
28.6308
28.6308
28.6308
28.6308
28.6308
28.6308


847.579
764.998
744.832
716.923
688.667
667.23
649.467
649.467
641.891
637.57
637.57
626.768
624.627
620.443
617.379
602.96
586.129
583.571
578.122
564.458
551.244
523.464
474.813
471.173
470.748
469.788
463.067
450.321
442.763
404.456
395.346
373.863
365.648
325.089
325.089
325.089
287.489
284.459
277.684
249.561
244.018
244.422
199.895
199.895
195.496
172.334
166.73
165.59
165.483
146.852
139.759
138.196
119.054
97.1856
93.9468
83.6982
82.082
77.7013
76.5239
70.8828
66.3257
58.7631
56.8348
51.2583
49.3162
48.8187
46.8861
46.6271
43.1276
42.4045
38.7694
38.6583
38.1352
38.1099
36.905
36.7933
36.6975
36.168
35.32
32.5419
32.5021
31.3495
31.3495
29.384
26.0047
25.9784
25.9451
23.7644
23.7048
23.7048
22.6488
22.6444
21.7965
21.7074
20.8262
20.7834
20.7808
18.9793
18.9764
18.9598
18.9598
18.3528
18.3068
17.7004
17.2653
17.2652
17.0644
17.0036
16.6882
16.64
16.5883
16.5911
16.4999
16.4625
16.3467
16.1006
15.9803
15.955
15.9526
15.8701
15.8231
15.7965
15.7891
15.7219
15.6823
15.657
15.657
15.6568
15.6558
15.635
15.6345
15.6319
15.6032
15.581
15.5808
15.577
15.5747
15.5578
15.5577
15.553
15.5529
15.5495
15.5371
15.5357
15.5357
15.5253
15.5253
15.5252
15.5248
15.5248
15.5247
15.524
15.524
15.5235
15.5234
15.5224
15.5211
15.5211
15.5211
15.5211
15.5202
15.519
15.5179
15.5179
15.5162
15.5156
15.5156
15.5156
15.5152
15.515
15.515
15.5148
15.5142
15.5139
15.5139
15.5139
15.5137
15.5137
15.5137
15.5136
15.5135
15.5135
15.5135
15.5135
15.5135
15.5134
15.5133
15.5133
15.5132
15.5132
15.5131
15.5131
15.513
15.513
15.513
15.513
15.513
15.513
15.513
15.513
15.513
15.513
15.513
15.513
15.513
15.513
15.513
15.513
15.5129
15.5129
15.5129
15.5129
15.5129
15.5129
15.5129
15.5129
15.5129
15.5129
15.5129
15.5129
15.5129
15.5129
15.5129
15.5129
15.5129
15.5129
15.5129
15.5129
15.5129
15.5129
15.5129
15.5129
15.5129
15.5129
15.5129
15.5129
15.5129
15.5129
15.5129
15.5129
15.5129
15.5129
15.5129
15.5129
15.5129
15.5129
15.5129
15.5129
15.5129
15.5129
15.5129
15.5129
15.5129
15.5129
15.5129
15.5129
15.5129
15.5129
15.5129
15.5129
15.5129
15.5129
15.5129
15.5129
15.5129
15.5129
15.5129
15.5129
15.5129
15.5129
15.5129
15.5129
15.5129
15.5129
15.5129
15.5129
15.5129
15.5129
15.5129
15.5129
15.5129
15.5129
15.5129
15.5129
15.5129
15.5129
15.5129
15.5129
15.5129
15.5129
15.5129
15.5129
15.5129
15.5129
15.5129
15.5129
15.5129
15.5129
15.5129
15.5129
15.5129
15.5129
15.5129
15.5129
15.5129
15.5129
15.5129
15.5129
15.5129
15.5129
15.5129
15.5129
15.5129
15.5129
15.5129
15.5129
15.5129
15.5129
15.5129
15.5129
15.5129
15.5129
15.5129
15.5129
15.5129
15.5129
15.5129
15.5129
15.5129
15.5129
15.5129
15.5603
15.5129
15.5129
15.5129
15.5129
15.5129
15.5129
15.5129
15.5129
15.5129
15.5129
15.5129
15.5129
15.5129
15.5129
15.5129
15.5129
15.5129
15.5129
15.5129
15.5129
15.5129
15.5129
15.5129
15.5129
15.5129
15.5129
15.5129
15.5129
15.5129
15.5129
15.5129
15.5129
15.5129
15.5129
15.5129
15.5129
15.5129
15.5129
15.5129
15.5129
15.5129
15.5129
15.5129
15.5129
15.5129
15.5129
15.5129
15.5129
15.5129
15.5129
15.5129
15.5129
15.5129
15.5129
15.5129
15.5129
15.5129
15.5129
15.5129
15.5129
15.5129
15.5129
15.5129
15.5129
15.5129
15.5129
15.5129
15.5129


817.408
730.078
658.287
633.986
626.707
614.948
612.184
609.731
606.783
606.783
604.299
596.474
594.06
586.827
583.339
580.538
576.464
558.206
558.206
529.96
529.96
496.062
492.001
478.72
449.657
437.116
419.747
415.194
412.487
385.332
372.408
374.918
343.631
331.129
305.24
285.227
282.56
275.655
270.257
265.784
249.774
221.346
217.886
202.527
197.943
187.519
165.666
149.086
137.188
135.768
108.658
100.487
89.5903
89.5903
82.8157
80.1367
75.6082
75.3772
74.5032
69.9798
67.4241
59.8331
55.6995
55.6995
54.5554
52.3405
51.2537
48.7898
45.9827
41.8294
39.4887
39.4225
39.4225
38.8845
38.2118
37.4149
37.4149
37.0788
36.84
36.5143
36.234
36.0032
35.7807
35.0996
35.0996
34.6038
34.5356
34.5356
34.488
34.488
34.4607
34.3661
34.3656
34.2581
34.1157
34.086
34.0576
33.9858
33.9618
33.6869
33.6869
33.6253
33.5897
33.5851
33.5617
33.5352
33.5203
33.5203
33.5107
33.4729
33.4594
33.4632
33.4398
33.434
33.4326
33.4192
33.4113
33.4057
33.4057
33.4014
33.4014
33.3997
33.3946
33.3893
33.3846
33.3785
33.3779
33.3751
33.3703
33.3692
33.3663
33.3658
33.3643
33.3633
33.361
33.361
33.3591
33.3583
33.3582
33.3582
33.3572
33.3565
33.3557
33.3555
33.3549
33.3547
33.3545
33.3544
33.3538
33.3538
33.3537
33.3535
33.3534
33.3529
33.3528
33.3524
33.3523
33.3521
33.3516
33.3516
33.3514
33.3514
33.3513
33.3513
33.3512
33.351
33.3509
33.3508
33.3508
33.3507
33.3507
33.3506
33.3506
33.3506
33.3505
33.3505
33.3505
33.3505
33.3505
33.3505
33.3505
33.3505
33.3505
33.3504
33.3504
33.3504
33.3504
33.3504
33.3504
33.3504
33.3504
33.3504
33.3504
33.3504
33.3504
33.3504
33.3504
33.3504
33.3504
33.3504
33.3504
33.3504
33.3503
33.3503
33.3503
33.3503
33.3503
33.3503
33.3503
33.3503
33.3503
33.3503
33.3503
33.3503
33.3503
33.3503
33.3503
33.3503
33.3503
33.3503
33.3503
33.3503
33.3503
33.3503
33.3503
33.3503
33.3503
33.3503
33.3503
33.3503
33.3503
33.3503
33.3503
33.3503
33.3503
33.3503
33.3503
33.3503
33.3503
33.3503
33.3503
33.3503
33.3503
33.3503
33.3503
33.3503
33.3503
33.3503
33.3503
33.3503
33.3503
33.3503
33.3503
33.3503
33.3503
33.3503
33.3503
33.3503
33.3503
33.3503
33.3503
33.3503
33.3503
33.3503
33.3503
33.3503
33.3503
33.3503
33.3503
33.3503
33.3503
33.3503
33.3503
33.3503
33.3503
33.3503
33.3503
33.3503
33.3503
33.3503
33.3503
33.3503
33.3503
33.3503
33.3503
33.3503
33.3503
33.3503
33.3503
33.3503
33.3503
33.3503
33.3503
33.3503
33.3503
33.3503
33.3503
33.3503
33.3503
33.3503
33.3503
33.3503
33.3503
33.3503
33.3503
33.3503
33.3503
33.3503
33.3503
33.3503
33.3503
33.3503
33.3503
33.3503
33.3503
33.3503
33.3503
33.3503
33.3503
33.3503
33.3503
33.3503
33.3503
33.3503
33.3503
33.3503
33.3503
33.3503
33.3503
33.3503
33.3503
33.3503
33.3503
33.3503
33.3503
33.3503
33.3503
33.3503
33.3503
33.3503
33.3503
33.3503
33.3503
33.3503
33.3503
33.3503
33.3503
33.3503
33.3503
33.3503
33.3503
33.3503
33.3503
33.3503
33.3503
33.3503
33.3503
33.3503
33.3503
33.3503
33.3503
33.3503
33.3503
33.3503
33.3503
33.3503
33.3503
33.3503
33.3503
33.3503
33.3503
33.3503
33.3503
33.3503
33.3503
33.3503
33.3503
33.3503
33.3503
33.3503
33.3503
33.3503
33.3503
33.3503
33.3503
33.3503
33.3503
33.3503
33.3503
33.3503
33.3503
33.3503
33.3503
33.3503
33.3503
33.3503
33.3503
33.3503
33.3503
33.3503


751.485
660.517
618.964
580.71
580.71
574.855
573.12
572.329
558.037
553.803
547.109
544.375
537.202
533.164
527.023
516.927
510.823
496.875
490.951
490.951
478.781
473.517
470.473
460.868
460.868
440.253
435.961
424.143
423.7
413.852
411.297
407.141
405.459
390.444
363.034
362.484
357.516
340.809
334.888
320.332
302.244
284.033
277.087
276.773
266.607
250.437
234.85
204.779
201.824
191.724
185.181
172.625
169.583
143.483
142.873
142.217
142.217
133.175
132.88
128.824
119.611
110.404
108.615
108.149
107.115
100.066
91.7657
91.1744
91.1744
84.1275
80.3667
76.7623
76.5637
75.7259
73.4731
70.328
69.9431
64.3968
63.6521
61.4156
59.7826
58.8551
56.7848
56.3001
52.6225
51.5975
51.4823
51.4812
50.7287
50.6533
50.3432
49.8344
49.603
49.1605
49.1605
48.8115
48.564
48.4867
48.3479
48.2385
48.1502
48.1502
48.021
47.9777
47.8962
47.8528
47.7815
47.687
47.6583
47.6145
47.6145
47.5483
47.4221
47.4204
47.4196
47.4144
47.3171
47.2926
47.2788
47.2719
47.2581
47.237
47.2226
47.222
47.2192
47.2076
47.2038
47.2038
47.2038
47.1984
47.1977
47.1941
47.1941
47.1941
47.1905
47.1905
47.1882
47.1872
47.1849
47.1834
47.1833
47.1827
47.1802
47.1798
47.1796
47.1793
47.1792
47.1787
47.178
47.1765
47.1764
47.1764
47.1757
47.1756
47.1755
47.1751
47.175
47.1746
47.1745
47.1743
47.1741
47.1741
47.174
47.1739
47.1737
47.1737
47.1735
47.1733
47.1732
47.173
47.173
47.1729
47.1728
47.1728
47.1728
47.1727
47.1726
47.1726
47.1726
47.1725
47.1725
47.1725
47.1725
47.1724
47.1724
47.1724
47.1724
47.1724
47.1724
47.1724
47.1724
47.1724
47.1723
47.1723
47.1723
47.1723
47.1723
47.1723
47.1723
47.1723
47.1723
47.1723
47.1723
47.1723
47.1723
47.1723
47.1723
47.1723
47.1723
47.1723
47.1723
47.1723
47.1723
47.1723
47.1723
47.1723
47.1723
47.1723
47.1723
47.1723
47.1723
47.1723
47.1723
47.1723
47.1723
47.1723
47.1723
47.1723
47.1723
47.1723
47.1723
47.1723
47.1723
47.1723
47.1723
47.1723
47.1723
47.1723
47.1723
47.1723
47.1723
47.1723
47.1723
47.1723
47.1723
47.1723
47.1723
47.1723
47.1723
47.1723
47.1723
47.1723
47.1723
47.1723
47.1723
47.1723
47.1723
47.1723
47.1723
47.1723
47.1723
47.1723
47.1723
47.1723
47.1723
47.1723
47.1723
47.1723
47.1723
47.1723
47.1723
47.1723
47.1723
47.1723
47.1723
47.1723
47.1723
47.1723
47.1723
47.1723
47.1723
47.1723
47.1723
47.1723
47.1723
47.1723
47.1723
47.1723
47.1723
47.1723
47.1723
47.1723
47.1723
47.1723
47.1723
47.1723
47.1723
47.1723
47.1723
47.1723
47.1723
47.1723
47.1723
47.1723
47.1723
47.1723
47.1723
47.1723
47.1723
47.1723
47.1723
47.1723
47.1723
47.1723
47.1723
47.1723
47.1723
47.1723
47.1723
47.1723
47.1723
47.1723
47.1723
47.1723
47.1723
47.1723
47.1723
47.1723
47.1723
47.1723
47.1723
47.1723
47.1723
47.1723
47.1723
47.1723
47.1723
47.1723
47.1723
47.1723
47.1723
47.1723
47.1723
47.1723
47.1723
47.1723
47.1723
47.1723
47.1723
47.1723
47.1723
47.1723
47.1723
47.1723
47.1723
47.1723
47.1723
47.1723
47.1723
47.1723
47.1723
47.1723
47.1723
47.1723
47.1723
47.1723
47.1723
47.1723
47.1723
47.1723
47.1723
47.1723
47.1723
47.1723
47.1723
47.1723
47.1723
47.1723
47.1723
47.1723
47.1723
47.1723
47.1723
47.1723
47.1723
47.1723
47.1723
47.1723
47.1723
47.1723
47.1723
47.1723
47.1723
47.1723
47.1723
47.1723
47.1723
47.1723
47.1723
47.1723


735.784
675.777
624.036
611.545
609.406
593.349
586.248
578.61
569.94
564.559
560.815
558.662
556.213
550.704
549.748
549.142
548.899
547.946
545.651
545.343
540.243
532.79
522.146
507.727
507.727
505.368
479.36
465.045
460.931
447.694
442.481
437.032
434.494
433.817
433.817
413.082
413.081
402.495
399.086
377.285
377.277
377.277
376.139
362.062
362.062
357.155
354.595
354.594
333.621
333.621
333.621
331.074
330.366
330.366
330.323
326.168
326.168
322.634
322.116
318.334
316.63
316.466
313.859
313.859
313.859
312.99
309.133
309.133
309.133
309.133
308.424
308.424
308.029
308.029
307.475
307.475
307.008
306.464
306.395
305.285
305.285
305.285
305.285
305.285
305.164
305.164
305.081
304.861
304.799
304.799
304.738
304.752
304.752
304.632
304.564
304.513
304.513
304.513
304.433
304.433
304.433
304.38
304.38
304.378
304.369
304.369
304.363
304.352
304.34
304.337
304.337
304.326
304.326
304.319
304.317
304.312
304.312
304.296
304.291
304.289
304.289
304.289
304.288
304.288
304.288
304.286
304.284
304.284
304.283
304.283
304.283
304.283
304.283
302.571
302.266
302.014
299.766
299.645
299.017
299.017
298.669
298.503
295.169
293.808
291.659
289.718
289.507
285.442
285.441
285.44
284.604
284.247
281.474
281.474
280.896
279.986
279.529
275.72
261.551
261.551
261.551
261.551
259.466
250.937
242.657
237.912
237.912
237.912
237.912
225.093
225.093
219.27
219.27
211.363
211.363
210.989
210.956
210.956
210.013
209.499
201.307
203.336
201.436
201.436
200.626
200.626
200.626
199.146
196.984
189.097
189.097
186.5
171.761
171.761
171.761
171.761
153.183
152.399
147.626
147.626
147.626
139.679
129.731
129.731
129.494
129.494
129.494
129.494
127.578
125.155
123.987
121.777
119.112
119.112
117.789
117.789
117.786
117.412
117.412
116.925
116.41
115.543
115.543
113.749
113.749
113.214
106.765
105.149
104.261
101.646
99.749
100.061
98.573
98.573
98.573
97.9722
97.6941
96.6248
96.4262
95.833
95.2326
95.1035
95.0555
94.8618
94.8618
94.8618
94.8618
94.8618
94.8618
94.0329
94.0329
94.0329
93.9973
93.9912
93.0757
93.0136
92.523
92.0612
91.3381
90.5994
90.3649
90.2956
87.6881
84.3099
78.723
70.7794
67.1457
66.9762
66.9452
66.9452
66.8026
66.8212
66.8212
66.7131
66.7131
66.7131
66.6792
66.6792
66.6745
66.658
66.6492
66.6444
66.6419
65.1364
65.1364
65.0577
64.6308
64.6203
64.044
64.044
62.7557
63.1617
62.8591
62.8591
62.4858
62.4858
62.4536
62.2273
62.2
61.9868
61.9101
61.788
61.788
61.5415
61.3855
61.2354
60.9402
60.9319
60.7843
60.7843
60.7672
60.7489
60.3413
59.7191
59.5757
59.4655
59.4655
59.3888
59.3719
59.3372
59.3211
59.2545
59.2325
59.2325
59.1363
59.1363
59.1205
59.0815
59.0815
59.0481
59.0481
59.0137
58.9959
58.9697
58.9514
58.9117
58.8254
58.8117
58.6903
58.5879
58.5253
58.1225
57.5022
57.3789
57.3789
57.3789
57.1169
57.0171
56.9421
56.7919
56.6902
56.5991
56.589
56.589
56.5846
56.5454
56.5454
56.4769
56.4682
56.4042
56.3346
56.3609
56.3196
56.3106
56.2613
56.2613
56.2613
56.2562
56.1787
56.1787
56.1212
56.0984
56.0628
56.0474
56.0338
55.9566
55.9265
55.9134
55.8964
55.8964
55.887
55.8698
55.86
55.86
55.8544
55.8533
55.8533
55.8533
55.8462
55.8421
55.8393
55.8382
55.8348
55.8332
55.8332
55.8329
55.8056
55.7718
55.7649
55.7649


712.667
659.374
642.088
616.009
592.769
591.537
575.873
571.222
558.585
558.585
552.792
548.941
548.095
546.07
543.184
541.799
539.964
525.304
525.21
525.159
525.03
512.188
508.38
506.925
495.146
483.849
470.216
426.928
426.88
426.88
414.332
412.368
390.907
390.907
389.369
383.838
383.838
383.831
378.634
378.632
375.617
373.627
373.083
371.774
358.169
355.516
355.515
350.847
347.439
344.005
344.005
328.886
328.886
328.401
328.163
326.945
326.884
326.884
325.251
324.481
323.421
323.421
322.085
322.085
322.039
321.707
321.262
321.017
320.55
320.55
320.489
320.377
320.377
319.881
319.671
319.65
319.384
319.239
318.961
318.961
318.961
318.912
318.646
318.625
318.581
318.581
318.566
318.407
318.407
318.407
318.364
318.261
318.261
318.26
318.249
318.243
318.215
318.186
318.177
318.177
318.173
318.173
318.167
318.167
318.161
318.136
318.128
318.124
318.114
318.114
318.109
318.109
318.109
318.109
318.109
318.109
318.108
318.106
318.106
318.106
318.104
318.103
318.101
318.1
318.099
318.098
318.098
318.098
318.098
318.097
318.097
318.097
318.097
318.097
318.097
318.096
318.096
318.096
318.096
318.096
318.096
318.096
318.095
318.095
318.095
318.095
318.095
318.095
318.095
318.095
318.095
318.095
318.095
318.095
318.095
318.095
318.095
318.095
318.095
318.095
318.095
318.095
318.095
318.095
318.095
318.095
318.095
318.095
318.095
318.095
318.095
318.095
318.095
318.095
318.095
318.095
318.095
318.095
318.095
318.095
318.095
318.095
318.095
318.095
318.095
318.095
318.095
318.095
318.095
318.095
318.095
318.095
318.095
318.095
318.095
318.095
318.095
318.095
318.095
318.095
318.095
318.095
318.095
318.095
318.095
318.095
318.095
318.095
318.095
318.095
318.095
318.095
318.095
318.095
318.095
318.095
318.095
318.095
318.095
318.095
318.095
318.095
318.095
318.095
318.095
318.095
318.095
318.095
318.095
318.095
318.095
318.095
318.095
318.095
318.095
318.095
318.095
318.095
318.095
318.095
318.095
318.095
318.095
318.095
318.095
318.095
318.095
318.095
318.095
318.095
318.095
318.095
318.095
318.095
318.095
318.095
318.095
318.095
318.095
318.095
318.095
318.095
318.095
318.095
318.095
318.095
318.095
318.095
318.095
318.095
318.095
318.095
318.095
318.095
318.095
318.095
318.095
318.095
318.095
318.095
318.095
318.095
318.095
318.095
318.095
318.095
318.095
318.095
318.095
318.095
318.095
318.095
318.095
318.095
318.095
318.095
318.095
318.095
318.095
318.095
318.095
318.095
318.095
318.095
318.095
318.095
318.095
318.095
318.095
318.095
318.095
318.095
318.095
318.095
318.095
318.095
318.095
318.095
318.095
318.095
318.095
318.095
318.095
318.095
318.095
318.095
318.095
318.095
318.095
318.095
318.095
318.095
318.095
318.095
318.095
318.095
318.095
318.095
318.095
318.095
318.095
318.095
318.095
318.095
318.095
318.095
318.095
318.095
318.095
318.095
318.095
318.095
318.095
318.095
318.095
318.095
318.095
318.095
318.095
318.095
318.095
318.095
318.095
318.095
318.095
318.095
318.095
318.095
318.095
318.095
318.095
318.095
318.095
318.095
318.095
318.095
318.095
318.095
318.095
318.095
318.095
318.095
318.095
318.095
318.095
318.095
318.095
318.095
318.095
318.095
318.095
318.095
318.095
318.095
318.095
318.095
318.095
318.095
318.095
318.095


784.657
635.348
629.163
625.52
599.126
599.126
592.763
587.092
572.824
572.824
556.169
554.719
548.552
545.799
540.971
540.924
540.924
536.762
533.036
533.036
532.949
530.026
527.45
527.45
523.844
523.844
523.517
511.57
508.715
463.901
459.12
443.677
438.793
422.589
391.488
391.488
382.233
364.712
342.181
333.325
331.142
278.961
275.365
255.927
254.411
249.692
239.484
209.098
196.059
188.21
175.21
157.677
155.035
149.617
111.868
108.842
103.1
101.056
83.8216
77.7024
75.8922
77.8616
66.1462
65.1359
63.365
55.4858
54.4089
48.0192
48.0192
48.0192
46.347
45.2622
41.013
41.013
40.521
37.9971
37.9971
36.6218
36.6218
35.2114
32.0332
31.5448
31.5448
30.9465
30.9465
30.2744
30.2744
30.2191
28.8883
28.7995
28.768
28.5044
28.2137
28.1476
27.6244
27.355
27.004
26.6931
26.6931
26.0602
25.8566
25.8266
25.8061
25.6875
25.6063
25.5621
25.5491
25.331
25.3258
25.2849
25.2246
25.104
25.1015
25.0995
25.0987
25.0607
25.0129
25.0129
25.0129
25.0085
24.9672
24.9465
24.9443
24.944
24.9268
24.894
24.8939
24.87
24.8697
24.8678
24.8665
24.8662
24.8662
24.8589
24.8551
24.8539
24.8493
24.8379
24.8379
24.8374
24.8346
24.835
24.8283
24.8283
24.8282
24.8273
24.8273
24.8271
24.8255
24.8255
24.8241
24.823
24.8211
24.8211
24.8211
24.821
24.821
24.8209
24.8209
24.8209
24.8192
24.8192
24.8192
24.8187
24.8178
24.8177
24.8172
24.8171
24.8167
24.8163
24.8163
24.8157
24.8157
24.8157
24.8156
24.8156
24.8156
24.8153
24.8152
24.8152
24.815
24.8149
24.8149
24.8149
24.8149
24.8149
24.8148
24.8148
24.8148
24.8147
24.8147
24.8147
24.8147
24.8147
24.8147
24.8147
24.8147
24.8146
24.8146
24.8146
24.8146
24.8146
24.8146
24.8146
24.8145
24.8145
24.8145
24.8145
24.8145
24.8145
24.8145
24.8145
24.8145
24.8145
24.8145
24.8145
24.8145
24.8145
24.8145
24.8145
24.8145
24.8145
24.8145
24.8145
24.8145
24.8145
24.8145
24.8145
24.8145
24.8145
24.8145
24.8145
24.8145
24.8145
24.8145
24.8145
24.8145
24.8145
24.8145
24.8145
24.8145
24.8145
24.8145
24.8145
24.8145
24.8145
24.8145
24.8145
24.8145
24.8145
24.8145
24.8145
24.8145
24.8145
24.8145
24.8145
24.8145
24.8145
24.8145
24.8145
24.8145
24.8145
24.8145
24.8145
24.8145
24.8145
24.8145
24.8145
24.8145
24.8145
24.8145
24.8145
24.8145
24.8145
24.8145
24.8145
24.8145
24.8145
24.8145
24.8145
24.8145
24.8145
24.8145
24.8145
24.8145
24.8145
24.8145
24.8145
24.8145
24.8145
24.8145
24.8145
24.8145
24.8145
24.8145
24.8145
24.8145
24.8145
24.8145
24.8145
24.8145
24.8145
24.8145
24.8145
24.8145
24.8145
24.8145
24.8145
24.8145
24.8145
24.8145
24.8145
24.8145
24.8145
24.8145
24.8145
24.8145
24.8145
24.8145
24.8145
24.8145
24.8145
24.8145
24.8145
24.8145
24.8145
24.8145
24.8145
24.8145
24.8145
24.8145
24.8145
24.8145
24.8145
24.8145
24.8145
24.8145
24.8145
24.8145
24.8145
24.8145
24.8145
24.8145
24.8145
24.8145
24.8145
24.8145
24.8145
24.8145
24.8145
24.8145
24.8145
24.8145
24.8145
24.8145
24.8145
24.8145
24.8145
24.8145
24.8145
24.8145
24.8145
24.8145
24.8145
24.8145
24.8145
24.8145
24.8145
24.8145
24.8145
24.8145
24.8145
24.8145
24.8145
24.8145
24.8145
24.8145
24.8145
24.8145
24.8145
24.8145
24.8145
24.8145
24.8145
24.8145
24.8145
24.8145
24.8145
24.8145
24.8145
24.8145
24.8145
24.8145
24.8145
24.8145
24.8145
24.8145
24.8145
24.8145
24.8145


773.93
732.664
626.069
626.069
615.043
608.088
576.583
571.976
560.328
552.459
544.386
533.368
528.408
514.332
514.299
494.054
493.397
473.632
473.632
469.062
448.698
438.614
432.325
399.18
396.987
393.803
368.847
351.003
334.903
334.86
334.208
317.867
308.651
284.027
272.191
264.7
248.578
230.518
214.547
209.699
182.125
174.628
160.149
159.798
159.416
157.383
146.617
132.606
129.785
110.83
106.034
110.67
102.378
99.4927
85.4975
85.4975
83.8773
83.1735
82.3581
78.9547
78.9547
72.4294
64.7395
64.4259
59.5006
59.5006
56.471
54.9678
54.9678
54.9678
50.6284
46.4741
46.4741
45.3792
43.9529
40.6467
39.5932
38.6541
38.6541
38.3091
38.0431
37.1112
34.0311
34.0311
33.4262
31.8749
31.488
30.7499
30.7499
30.4928
30.0871
30.0946
29.6522
29.497
29.497
29.3926
29.0861
29.0319
28.8532
28.0725
28.0725
27.9133
27.8414
27.8326
27.7558
27.7408
27.738
27.6654
27.6518
27.5813
27.5234
27.4504
27.3814
27.3814
27.3641
27.3641
27.3397
27.3246
27.3137
27.2909
27.2613
27.2433
27.2433
27.2416
27.2327
27.232
27.2208
27.218
27.2045
27.2045
27.1843
27.1882
27.1785
27.1754
27.1736
27.1664
27.1516
27.1512
27.1403
27.1365
27.1332
27.1257
27.1251
27.1251
27.1169
27.1145
27.1145
27.1138
27.1113
27.1105
27.1101
27.1077
27.1055
27.1051
27.1047
27.1002
27.0995
27.0971
27.097
27.0966
27.0957
27.0938
27.0938
27.0938
27.0927
27.0921
27.092
27.0918
27.0914
27.0913
27.0905
27.0905
27.0905
27.0898
27.0895
27.0894
27.0892
27.0891
27.0891
27.0887
27.0885
27.0883
27.0881
27.0881
27.088
27.088
27.0879
27.0879
27.0879
27.0878
27.0876
27.0876
27.0876
27.0876
27.0875
27.0875
27.0875
27.0874
27.0874
27.0874
27.0874
27.0873
27.0873
27.0873
27.0873
27.0872
27.0872
27.0872
27.0872
27.0872
27.0872
27.0872
27.0872
27.0872
27.0872
27.0872
27.0872
27.0872
27.0872
27.0871
27.0871
27.0871
27.0871
27.0871
27.0871
27.0871
27.0871
27.0871
27.0871
27.0871
27.0871
27.0871
27.0871
27.0871
27.0871
27.0871
27.0871
27.0871
27.0871
27.0871
27.0871
27.0871
27.0871
27.0871
27.0871
27.0871
27.0871
27.0871
27.0871
27.0871
27.0871
27.0871
27.0871
27.0871
27.0871
27.0871
27.0871
27.0871
27.0871
27.0871
27.0871
27.0871
27.0871
27.0871
27.0871
27.0871
27.0871
27.0871
27.0871
27.0871
27.0871
27.0871
27.0871
27.0871
27.0871
27.0871
27.0871
27.0871
27.0871
27.0871
27.0871
27.0871
27.0871
27.0871
27.0871
27.0871
27.0871
27.0871
27.0871
27.0871
27.0871
27.0871
27.0871
27.0871
27.0871
27.0871
27.0871
27.0871
27.0871
27.0871
27.0871
27.0871
27.0871
27.0871
27.0871
27.0871
27.0871
27.0871
27.0871
27.0871
27.0871
27.0871
27.0871
27.0871
27.0871
27.0871
27.0871
27.0871
27.0871
27.0871
27.0871
27.0871
27.0871
27.0871
27.0871
27.0871
27.0871
27.0871
27.0871
27.0871
27.0871
27.0871
27.0871
27.0871
27.0871
27.0871
27.0871
27.0871
27.0871
27.0871
27.0871
27.0871
27.0871
27.0871
27.0871
27.0871
27.0871
27.0871
27.0871
27.0871
27.0871
27.0871
27.0871
27.0871
27.0871
27.0871
27.0871
27.0871
27.0871
27.0871
27.0871
27.0871
27.0871
27.0871
27.0871
27.0871
27.0871
27.0871
27.0871
27.0871
27.0871
27.0871
27.0871
27.0871
27.0871
27.0871
27.0871
27.0871
27.0871
27.0871
27.0871
27.0871
27.0871
27.0871
27.0871
27.0871
27.0871
27.0871
27.0871
27.0871
27.0871
27.0871
27.0871
27.0871
27.0871
27.0871
27.0871
27.0871
27.0871
27.0871


720.945
621.439
601.196
577.238
574.386
567.834
565.472
557.844
545.505
544.794
533.41
535.325
534.9
529.575
527.019
526.237
524.283
520.693
517.052
496.737
496.727
499.49
492.648
490.424
490.424
479.663
479.631
468.466
468.466
464.39
464.362
453.558
451.484
451.458
407.715
407.715
398.756
398.756
382.659
375.761
372.361
362.965
337.701
337.7
337.7
329.526
329.525
329.523
328.959
326.855
322.258
314.106
314.105
308.196
306.289
301.904
301.833
301.833
301.1
299.807
299.249
298.674
298.417
296.75
295.432
294.61
294.61
294.61
294.554
294.539
293.996
292.425
292.425
292.379
292.257
292.222
291.96
291.831
291.569
291.139
291.139
291.139
290.825
290.321
290.312
290.312
290.312
290.312
290.174
290.174
290.101
290.101
290.066
289.93
289.885
289.867
289.638
288.458
286.985
285.172
283.153
283.141
283.141
283.129
283.125
283.125
278.151
278.14
269.319
267.219
267.212
267.044
262.436
259.828
258.612
258.22
258.22
256.768
255.756
255.07
248.617
248.61
248.241
248.24
246.732
246.732
240.229
239.084
227.231
227.229
220.866
206.631
200.503
200.355
191.47
191.47
177.991
175.461
175.461
168.124
165.304
165.304
165.303
165.303
157.582
156.348
151.981
135.073
135.073
135.073
118.778
118.778
118.079
76.4552
76.4552
68.8381
68.838
68.838
68.838
68.838
68.838
68.838
61.4335
57.3233
54.4343
54.4343
54.1549
53.91
50.3948
50.3948
50.3948
50.3274
50.3274
50.129
47.659
41.2529
41.2529
41.2529
38.6405
38.6405
38.1688
34.0325
33.8164
30.3652
30.3652
28.4149
28.4149
28.4149
27.6146
27.5188
27.0112
27.0112
27.0112
27.0112
27.0112
27.0112
26.8871
26.8871
26.2435
26.1422
25.8184
25.7375
25.7375
25.7375
25.6772
25.1324
25.1324
24.9897
24.9897
24.9327
24.9327
24.4936
24.4936
24.4591
24.4591
24.4118
24.4118
24.4118
24.3465
24.3465
24.3428
24.3037
24.2185
24.2185
24.2185
24.2185
24.2024
24.1976
24.1885
24.165
24.1394
24.1394
24.1318
24.1239
24.115
24.115
24.1008
24.0776
24.0776
24.0776
24.0776
24.0775
24.0679
24.0679
24.0635
24.0635
24.0583
24.0574
24.0479
24.0479
24.0477
24.0418
24.0418
24.0418
24.0414
24.0414
24.0414
24.0397
24.039
24.0312
24.0312
24.0316
24.0294
24.0287
24.0287
24.0261
24.0261
24.0258
24.0255
24.0255
24.0253
24.0253
24.025
24.0247
24.0247
24.0245
24.0233
24.0233
24.0233
24.0233
24.0233
24.0233
24.0231
24.0229
24.0226
24.0226
24.0226
24.0225
24.0225
24.0225
24.0223
24.0223
24.0223
24.0223
24.0222
24.0222
24.0221
24.0221
24.0221
24.0221
24.0221
24.0221
24.0221
24.0221
24.0221
24.0221
24.0221
24.022
24.022
24.022
24.022
24.022
24.022
24.022
24.022
24.022
24.022
24.022
24.022
24.022
24.022
24.022
24.022
24.022
24.022
24.022
24.022
24.022
24.022
24.022
24.022
24.022
24.022
24.022
24.022
24.022
24.022
24.022
24.022
24.022
24.022
24.022
24.022
24.022
24.022
24.022
24.022
24.022
24.022
24.022
24.022
24.0446
24.022
24.022
24.022
24.022
24.022
24.022
24.022
24.022
24.022
24.022
24.022
24.022
24.022
24.022
24.022
24.022
24.022
24.022
24.022
24.022
24.022
24.022
24.022
24.022
24.022
24.022
24.022
24.022
24.022
24.022
24.022
24.022
24.022
24.022
24.022
24.022
24.022
24.022
24.022
24.022
24.022
24.022
24.022
24.022
24.022
24.022
24.022
24.022


827.248
665.451
629.172
600.291
578.394
569.143
562.582
554.939
540.773
538.24
520.194
522.883
514.118
514.118
513.249
509.955
492.218
491.215
490.725
490.121
472.527
455.772
445.9
435.045
435.045
422.445
409.069
395.821
386.347
382.636
372.906
351.557
351.557
323.76
315.066
290.149
266.958
265.487
261.3
228.599
207.059
201.355
181.018
181.018
180.174
156.624
156.624
146.01
137.426
129.41
129.246
119.642
118.32
117.652
105.177
104.026
100.402
95.6255
95.6255
95.6255
94.6169
93.0416
84.0543
82.921
78.3335
77.6313
77.2613
77.1493
75.7529
75.5495
75.0482
74.6899
74.0023
72.0026
71.6812
71.4984
71.4112
71.1436
71.1251
70.887
69.6699
68.7876
68.2596
68.0281
67.9776
67.9541
67.8887
67.7699
67.7112
67.5339
67.4912
67.5209
67.392
67.275
67.2238
67.2183
67.2049
67.1787
67.1642
67.1447
67.0683
67.0923
67.0425
67.0387
67.0336
67.0264
67.0263
66.9994
66.9866
66.9855
66.9777
66.9677
66.9614
66.9592
66.9588
66.9564
66.955
66.9536
66.9515
66.948
66.9473
66.9423
66.9369
66.9346
66.9292
66.9282
66.9263
66.9221
66.9214
66.9203
66.9201
66.9202
66.9201
66.9175
66.9174
66.9167
66.9156
66.9146
66.9144
66.9142
66.9133
66.9133
66.9133
66.9128
66.9128
66.9125
66.9125
66.912
66.912
66.912
66.9117
66.9117
66.9117
66.9117
66.9117
66.9117
66.9116
66.9116
66.9116
66.9116
66.9116
66.9116
66.9115
66.9115
66.9115
66.9114
66.9114
66.9114
66.9114
66.9114
66.9114
66.9114
66.9114
66.9114
66.9114
66.9113
66.9113
66.9113
66.9113
66.9113
66.9113
66.9113
66.9113
66.9113
66.9113
66.9113
66.9113
66.9113
66.9113
66.9113
66.9113
66.9113
66.9113
66.9113
66.9113
66.9113
66.9113
66.9113
66.9113
66.9113
66.9113
66.9113
66.9113
66.9113
66.9113
66.9113
66.9113
66.9113
66.9113
66.9113
66.9113
66.9113
66.9113
66.9113
66.9113
66.9113
66.9113
66.9113
66.9113
66.9113
66.9113
66.9113
66.9113
66.9113
66.9113
66.9113
66.9113
66.9113
66.9113
66.9113
66.9113
66.9113
66.9113
66.9113
66.9113
66.9113
66.9113
66.9113
66.9113
66.9113
66.9113
66.9113
66.9113
66.9113
66.9113
66.9113
66.9113
66.9113
66.9113
66.9113
66.9113
66.9113
66.9113
66.9113
66.9113
66.9113
66.9113
66.9113
66.9113
66.9113
66.9113
66.9113
66.9113
66.9113
66.9113
66.9113
66.9113
66.9113
66.9113
66.9113
66.9113
66.9113
66.9113
66.9113
66.9113
66.9113
66.9113
66.9113
66.9113
66.9113
66.9113
66.9113
66.9113
66.9113
66.9113
66.9113
66.9113
66.9113
66.9113
66.9113
66.9113
66.9113
66.9113
66.9113
66.9113
66.9113
66.9113
66.9113
66.9113
66.9113
66.9113
66.9113
66.9113
66.9113
66.9113
66.9113
66.9113
66.9113
66.9113
66.9113
66.9113
66.9113
66.9113
66.9113
66.9113
66.9113
66.9113
66.9113
66.9113
66.9113
66.9113
66.9113
66.9113
66.9113
66.9113
66.9113
66.9113
66.9113
66.9113
66.9113
66.9113
66.9113
66.9113
66.9113
66.9113
66.9113
66.9113
66.9113
66.9113
66.9113
66.9113
66.9113
66.9113
66.9113
66.9113
66.9113
66.9113
66.9113
66.9113
66.9113
66.9113
66.9113
66.9113
66.9113
66.9113
66.9113
66.9113
66.9113
66.9113
66.9113
66.9113
66.9113
66.9113
66.9113
66.9113
66.9113
66.9113
66.9113
66.9113
66.9113
66.9113
66.9113
66.9113
66.9113
66.9113
66.9113
66.9113
66.9113
66.9113
66.9113
66.9113
66.9113
66.9113
66.9113
66.9113
66.9113
66.9113
66.9113
66.9113
66.9113
66.9113
66.9113
66.9113
66.9113
66.9113
66.9113
66.9113
66.9113
66.9113
66.9113


714.203
619.079
600.045
579.376
544.447
536.276
528.996
511.935
511.935
509.867
509.151
508.045
498.391
490.389
489.004
488.905
486.313
484.42
480.553
476.952
473.04
471.992
465.629
461.715
456.488
448.889
436.411
420.557
420.487
409.077
409.077
400.408
396.38
385.777
376.314
368.058
349.167
342.585
334.439
316.109
316.109
309.024
284.572
264.398
251.863
216.546
212.748
196.498
194.28
194.28
168.362
168.11
167.679
167.679
159.251
155.086
145.939
144.348
133.886
124.204
122.523
118.658
117.256
104.209
104.209
103.803
103.516
102.441
93.9118
93.6781
89.4517
86.1543
84.8169
83.6111
82.9011
81.1746
77.2329
73.8018
73.5923
72.3347
69.7558
70.3014
67.6195
67.5285
67.5285
65.7875
64.1132
64.0178
64.0178
63.9389
62.5824
62.4729
62.1612
62.1414
60.9796
60.9189
60.9189
60.8957
60.8815
60.7748
60.7377
60.7377
60.5391
60.4953
60.4915
60.4779
60.3995
60.3918
60.3721
60.2898
60.2492
60.2685
60.2685
60.1972
60.1807
60.1805
60.1776
60.1151
60.1147
60.1123
59.9906
59.9906
59.9903
59.9901
59.9735
59.973
59.9729
59.9701
59.9698
59.9676
59.96
59.9584
59.9517
59.9444
59.9352
59.9336
59.9332
59.9331
59.931
59.9253
59.9225
59.9225
59.9196
59.918
59.9161
59.9129
59.9126
59.912
59.9103
59.9102
59.9076
59.9076
59.9066
59.9056
59.9049
59.9048
59.9027
59.9026
59.9025
59.9025
59.9015
59.9016
59.9016
59.901
59.9008
59.9006
59.9006
59.9006
59.9003
59.9003
59.9003
59.9003
59.9001
59.9001
59.9001
59.9
59.8998
59.8998
59.8998
59.8998
59.8998
59.8998
59.8998
59.8997
59.8997
59.8997
59.8997
59.8996
59.8996
59.8996
59.8996
59.8996
59.8996
59.8996
59.8996
59.8996
59.8996
59.8995
59.8995
59.8995
59.8995
59.8995
59.8995
59.8995
59.8995
59.8995
59.8995
59.8995
59.8995
59.8995
59.8995
59.8995
59.8995
59.8995
59.8995
59.8995
59.8995
59.8995
59.8995
59.8995
59.8995
59.8995
59.8995
59.8995
59.8995
59.8995
59.8995
59.8995
59.8995
59.8995
59.8995
59.8995
59.8995
59.8995
59.8995
59.8995
59.8995
59.8995
59.8995
59.8995
59.8995
59.8995
59.8995
59.8995
59.8995
59.8995
59.8995
59.8995
59.8995
59.8995
59.8995
59.8995
59.8995
59.8995
59.8995
59.8995
59.8995
59.8995
59.8995
59.8995
59.8995
59.8995
59.8995
59.8995
59.8995
59.8995
59.8995
59.8995
59.8995
59.8995
59.8995
59.8995
59.8995
59.8995
59.8995
59.8995
59.8995
59.8995
59.8995
59.8995
59.8995
59.8995
59.8995
59.8995
59.8995
59.8995
59.8995
59.8995
59.8995
59.8995
59.8995
59.8995
59.8995
59.8995
59.8995
59.8995
59.8995
59.8995
59.8995
59.8995
59.8995
59.8995
59.8995
59.8995
59.8995
59.8995
59.8995
59.8995
59.8995
59.8995
59.8995
59.8995
59.8995
59.8995
59.8995
59.8995
59.8995
59.8995
59.8995
59.8995
59.8995
59.8995
59.8995
59.8995
59.8995
59.8995
59.8995
59.8995
59.8995
59.8995
59.8995
59.8995
59.8995
59.8995
59.8995
59.8995
59.8995
59.8995
59.8995
59.8995
59.8995
59.8995
59.8995
59.8995
59.8995
59.8995
59.8995
59.8995
59.8995
59.8995
59.8995
59.8995
59.8995
59.8995
59.8995
59.8995
59.8995
59.8995
59.8995
59.8995
59.8995
59.8995
59.8995
59.8995
59.8995
59.8995
59.8995
59.8995
59.8995
59.8995
59.8995
59.8995
59.8995
59.8995
59.8995
59.8995
59.8995
59.8995
59.8995
59.8995
59.8995
59.8995
59.8995
59.8995
59.8995
59.8995
59.8995
59.8995
59.8995
59.8995
59.8995
59.8995
59.8995
59.8995
59.8995
59.8995
59.8995
59.8995
59.8995
59.8995


748.316
641.06
615.421
598.693
566.977
556.758
548.856
540.746
532.973
527.185
522.999
522.839
512.994
508.844
497.872
497.872
494.856
487.039
487.039
476.577
476.109
475.805
469.254
462.855
462.548
439.879
430.473
430.473
430.473
422.739
421.467
403.639
377.152
377.09
377.048
365.613
363.478
363.473
357.211
357.203
350.144
329.727
329.724
327.139
324.338
321.268
321.268
317.919
307.645
303.831
303.831
296.5
295.056
295.055
293.507
293.507
292.414
285.584
285.584
284.134
283.624
283.624
283.624
281.927
281.297
281.297
279.633
278.873
277.262
277.262
277.262
277.262
276.677
276.513
276.446
276.053
276.014
276.014
275.877
275.877
275.877
275.747
275.679
275.624
275.611
275.518
275.386
275.386
275.384
275.335
275.286
275.21
275.192
275.189
275.129
275.129
275.113
275.113
275.109
275.082
275.082
275.059
275.059
275.058
275.057
275.055
275.053
275.041
275.041
275.026
275.026
275.026
275.026
275.023
275.022
275.021
275.02
275.02
275.02
275.018
275.017
275.018
275.016
275.016
275.015
275.015
275.015
275.014
275.014
275.014
275.014
275.013
275.013
275.013
275.013
275.013
275.013
275.013
275.013
275.013
275.013
275.013
275.013
275.013
275.013
275.013
275.013
275.013
275.013
275.013
275.012
275.012
275.012
275.012
275.012
275.012
275.012
275.012
275.012
275.012
275.012
275.012
275.012
275.012
275.012
275.012
275.012
275.012
275.012
275.012
275.012
275.012
275.012
275.012
275.012
275.012
275.012
275.012
275.012
275.012
275.012
275.012
275.012
275.012
275.012
275.012
275.012
275.012
275.012
275.012
275.012
275.012
275.012
275.012
275.012
275.012
275.012
275.012
275.012
275.012
275.012
275.012
275.012
275.012
275.012
275.012
275.012
275.012
275.012
275.012
275.012
275.012
275.012
275.012
275.012
275.012
275.012
275.012
275.012
275.012
275.012
275.012
275.012
275.012
275.012
275.012
275.012
275.012
275.012
275.012
275.012
275.012
275.012
275.012
275.012
275.012
275.012
275.012
275.012
275.012
275.012
275.012
275.012
275.012
275.012
275.012
275.012
275.012
275.012
275.012
275.012
275.012
275.012
275.012
275.012
275.012
275.012
275.012
275.012
275.012
275.012
275.012
275.012
275.012
275.012
275.012
275.012
275.012
275.012
275.012
275.012
275.012
275.012
275.012
275.012
275.012
275.012
275.012
275.012
275.012
275.012
275.012
275.012
275.012
275.012
275.012
275.012
275.012
275.012
275.012
275.012
275.012
275.012
275.012
275.012
275.012
275.012
275.012
275.012
275.012
275.012
275.012
275.012
275.012
275.012
275.012
275.012
275.012
275.012
275.012
275.012
275.012
275.012
275.012
275.012
275.012
275.012
275.012
275.012
275.012
275.012
275.012
275.012
275.012
275.012
275.012
275.012
275.012
275.012
275.012
275.012
275.012
275.012
275.012
275.012
275.012
275.012
275.012
275.012
275.012
275.012
275.012
275.012
275.012
275.012
275.012
275.012
275.012
275.012
275.012
275.012
275.012
275.012
275.012
275.012
275.012
275.012
275.012
275.012
275.012
275.012
275.012
275.012
275.012
275.012
275.012
275.012
275.012
275.012
275.012
275.012
275.012
275.012
275.012
275.012
275.012
275.012
275.012
275.012
275.012
275.012
275.012
275.012
275.012
275.012
275.012
275.012
275.012
275.012
275.012
275.012
275.012
275.012
275.012
275.012
275.012
275.012
275.012
275.012
275.012


745.021
642.813
615.267
598.979
586.963
570.62
570.597
563.748
563.748
552.718
536.529
537.475
536.893
528.496
523.378
499.889
498.932
484.237
481.115
460.324
456.635
448.904
448.871
440.617
435.215
435.215
435.185
416.408
415.32
415.311
402.795
384.443
357.087
357.049
351.789
351.679
351.672
343.499
343.499
343.495
340.488
340.198
333.009
333.007
331.128
330.634
330.633
328.907
328.907
324.103
324.103
323.406
322.751
321.912
321.374
319.107
319.107
319.107
319.107
319.047
317.701
317.51
316.983
316.424
316.424
316.424
316.218
316.218
316.218
315.358
315.186
315.186
314.577
314.558
314.558
314.517
314.342
314.312
314.147
314.041
314.041
314.005
313.973
313.923
313.923
313.922
313.902
313.829
313.715
313.715
313.664
313.76
313.695
313.695
313.694
313.673
313.635
313.635
313.606
313.606
313.602
313.613
313.606
313.606
313.606
313.606
313.579
313.579
313.578
313.578
313.528
313.527
313.511
313.511
313.488
313.488
313.476
313.476
313.466
313.466
313.466
313.467
313.455
313.455
313.455
313.454
313.45
313.45
313.445
313.441
313.441
313.439
313.437
313.437
313.433
313.432
313.431
313.431
313.429
313.429
313.429
313.428
313.427
313.426
313.426
313.425
313.425
313.422
313.42
313.42
313.42
313.42
313.42
313.419
313.419
313.419
313.419
313.419
313.418
313.418
313.418
313.418
313.417
313.417
313.417
313.417
313.417
313.417
313.417
313.417
313.417
313.417
313.416
313.416
313.416
313.416
313.416
313.416
313.416
313.416
313.416
313.416
313.416
313.416
313.416
313.416
313.416
313.416
313.416
313.416
313.416
313.416
313.416
313.416
313.416
313.416
313.416
313.416
313.416
313.416
313.416
313.416
313.416
313.416
313.416
313.416
313.416
313.416
313.416
313.416
313.416
313.416
313.416
313.416
313.416
313.416
313.416
313.416
313.416
313.416
313.416
313.416
313.416
313.416
313.416
313.416
313.416
313.416
313.416
313.416
313.416
313.416
313.416
313.416
313.416
313.416
313.416
313.416
313.416
313.416
313.416
313.416
313.416
313.416
313.416
313.416
313.416
313.416
313.416
313.416
313.416
313.416
313.416
313.416
313.416
313.416
313.416
313.416
313.416
313.416
313.416
313.416
313.416
313.416
313.416
313.416
313.416
313.416
313.416
313.416
313.416
313.416
313.416
313.416
313.416
313.416
313.416
313.416
313.416
313.416
313.416
313.416
313.416
313.416
313.416
313.416
313.416
313.416
313.416
313.416
313.416
313.416
313.416
313.416
313.416
313.416
313.416
313.416
313.416
313.416
313.416
313.416
313.416
313.416
313.416
313.416
313.416
313.416
313.416
313.416
313.416
313.416
313.416
313.416
313.416
313.416
313.416
313.416
313.416
313.416
313.416
313.416
313.416
313.416
313.416
313.416
313.416
313.416
313.416
313.416
313.416
313.416
313.416
313.416
313.416
313.416
313.416
313.416
313.416
313.416
313.416
313.416
313.416
313.416
313.416
313.416
313.416
313.416
313.416
313.416
313.416
313.416
313.416
313.416
313.416
313.416
313.416
313.416
313.416
313.416
313.416
313.416
313.416
313.416
313.416
313.416
313.416
313.416
313.416
313.416
313.416
313.416
313.416
313.416
313.416
313.416
313.416
313.416
313.416
313.416
313.416
313.416
313.416
313.416
313.416
313.416
313.416
313.416
313.416
313.416
313.416
313.416
313.416
313.416
313.416
313.416
313.416
313.416
313.416
313.416


