0.0127051
0.0137306
0.0147446
0.0150934
0.0166524
0.0176059
0.0186657
0.0186657
0.0188036
0.0190451
0.0190953
0.0191715
0.0195807
0.0206041
0.0219653
0.0227501
0.0227501
0.0230343
0.0232856
0.0235187
0.0243997
0.0256328
0.0275556
0.0281003
0.0281021
0.0287342
0.0317313
0.0317313
0.0356953
0.0405498
0.0427768
0.0432105
0.0432105
0.0432855
0.0539218
0.0539218
0.0549227
0.0552662
0.0578579
0.0611102
0.0653707
0.0685805
0.0762345
0.0815523
0.0860822
0.0925277
0.0985026
0.0993346
0.102752
0.107385
0.107629
0.10735
0.111301
0.118419
0.12222
0.129468
0.135399
0.135399
0.138756
0.139938
0.142874
0.148413
0.148413
0.15044
0.15057
0.157692
0.159863
0.160187
0.161829
0.162656
0.162656
0.165146
0.166438
0.167271
0.169806
0.172891
0.173193
0.173522
0.173522
0.174707
0.174707
0.175454
0.176609
0.176773
0.176831
0.195671
0.233026
0.233039
0.233039
0.239332
0.239505
0.239569
0.246176
0.246206
0.246206
0.259635
0.292008
0.292051
0.300058
0.300118
0.315394
0.289901
0.305126
0.315115
0.326058
0.326438
0.328294
0.335631
0.342023
0.348682
0.361337
0.388628
0.38863
0.38863
0.396476
0.404157
0.412837
0.412837
0.415437
0.44553
0.477394
0.470374
0.481623
0.481623
0.486156
0.486157
0.49554
0.503843
0.503843
0.517351
0.517822
0.517823
0.518036
0.54149
0.542853
0.542853
0.545854
0.545854
0.550389
0.551741
0.551741
0.551741
0.556473
0.562832
0.56465
0.56465
0.570439
0.571085
0.571085
0.574124
0.574224
0.575244
0.575244
0.576046
0.576896
0.577703
0.577734
0.57865
0.579166
0.579166
0.579171
0.579171
0.579622
0.57969
0.579913
0.579913
0.580063
0.580063
0.58071
0.58071
0.58073
0.580945
0.580945
0.581
0.581
0.581103
0.581333
0.581368
0.581458
0.581458
0.581601
0.581601
0.581601
0.581619
0.581619
0.581629
0.581629
0.581733
0.581733
0.58178
0.58178
0.581819
0.581823
0.581823
0.581823
0.581838
0.581839
0.581853
0.581854
0.581866
0.581866
0.581873
0.581873
0.581876
0.581877
0.581877
0.581878
0.581878
0.581883
0.581888
0.581888
0.581888
0.581891
0.581892
0.581893
0.581893
0.581895
0.581895
0.581896
0.581896
0.581896
0.581896
0.581896
0.581896
0.581896
0.581897
0.581897
0.581897
0.581897
0.581898
0.581898
0.581898
0.581898
0.581898
0.581898
0.581898
0.581898
0.581899
0.581899
0.581899
0.581899
0.581899
0.581899
0.581899
0.581899
0.581899
0.581899
0.581899
0.581899
0.581899
0.581899
0.581899
0.581899
0.581899
0.581899
0.581899
0.581899
0.581899
0.581899
0.581899
0.581899
0.581899
0.581899
0.581899
0.581899
0.581899
0.581899
0.581899
0.581899
0.581899
0.581899
0.581899
0.581899
0.581899
0.581899
0.581899
0.581899
0.581899
0.581899
0.581899
0.581899
0.581899
0.581899
0.581899
0.581899
0.581899
0.581899
0.581899
0.581899
0.581899
0.581899
0.581899
0.581899
0.581899
0.581899
0.581899
0.581899
0.581899
0.581899
0.581899
0.581899
0.581899
0.581899
0.581899
0.581899
0.581899
0.581899
0.581899
0.581899
0.581899
0.581899
0.581899
0.581899
0.581899
0.581899
0.581899
0.581899
0.581899
0.581899
0.581899
0.581899
0.581899
0.581899
0.581899
0.581899
0.581899
0.581899
0.581899
0.581899
0.581899
0.581899
0.581899
0.581899
0.581899
0.581899
0.581899
0.581899
0.581899
0.581899
0.581899
0.581899
0.581899
0.581899
0.581899
0.581899
0.581899
0.581899
0.581899
0.581899
0.581899
0.581899
0.581899
0.581899
0.581899
0.581899
0.581899
0.581899
0.581899
0.581899
0.581899
0.581899
0.581899
0.581899
0.581899
0.581899
0.581899
0.581899
0.581899
0.581899
0.581899
0.581899
0.581899
0.581899
0.581899
0.581899
0.581899
0.581899
0.581899
0.581899
0.581899
0.581899
0.581899
0.581899
0.581899
0.581899
0.581899
0.581899
0.581899
0.581899
0.581899
0.581899
0.581899
0.581899
0.581899
0.581899
0.581899
0.581899
0.581899
0.581899
0.581899


0.0130135
0.0147109
0.0154297
0.0164042
0.0169748
0.0173194
0.0174669
0.0185917
0.0192775
0.0196534
0.0201976
0.0202931
0.0204479
0.0206591
0.0216479
0.0216659
0.0220757
0.0221176
0.0225387
0.0228181
0.0229568
0.0238413
0.0248175
0.0248444
0.0252072
0.0269457
0.0272058
0.0283638
0.0290019
0.0307856
0.0329113
0.0337687
0.0340754
0.0356549
0.0375944
0.0409249
0.0424254
0.0460458
0.0490298
0.0505651
0.0537233
0.0549175
0.0560885
0.0586486
0.0643011
0.0657255
0.0771125
0.0811829
0.0815867
0.0845486
0.0865382
0.0923639
0.0923639
0.0957072
0.0977184
0.104519
0.108499
0.110645
0.110861
0.114193
0.118538
0.11882
0.119757
0.119757
0.121943
0.122219
0.123979
0.125964
0.126296
0.126735
0.127718
0.12803
0.12945
0.130607
0.130966
0.13156
0.131781
0.132252
0.132326
0.132377
0.133073
0.133283
0.133432
0.133588
0.133802
0.133951
0.134083
0.134133
0.134493
0.134523
0.134547
0.134874
0.134886
0.134954
0.134954
0.134992
0.135136
0.135151
0.1352
0.135211
0.135262
0.135288
0.135303
0.135319
0.135332
0.135332
0.135336
0.135379
0.135384
0.135388
0.135391
0.135399
0.135407
0.135407
0.135415
0.135419
0.135434
0.13544
0.135445
0.135445
0.13545
0.135455
0.135456
0.135456
0.135458
0.13546
0.135462
0.135465
0.135465
0.135466
0.135467
0.135467
0.135468
0.135468
0.135468
0.135469
0.135469
0.138469
0.14207
0.144925
0.144925
0.148578
0.148578
0.156464
0.156464
0.167318
0.172193
0.172193
0.172193
0.172741
0.173132
0.173745
0.173745
0.174
0.175697
0.175789
0.176082
0.181155
0.181155
0.181155
0.181898
0.185054
0.190534
0.190534
0.19181
0.19181
0.193084
0.193744
0.194344
0.195435
0.195435
0.195435
0.195876
0.196438
0.196583
0.198025
0.198084
0.199262
0.199262
0.199262
0.199506
0.201014
0.201014
0.201014
0.201062
0.201062
0.201062
0.201653
0.201709
0.201709
0.201985
0.20172
0.201878
0.20208
0.202177
0.202296
0.202296
0.202344
0.202372
0.202372
0.202387
0.202324
0.202519
0.202519
0.202519
0.202766
0.202766
0.202826
0.202861
0.202861
0.202861
0.202859
0.202899
0.202916
0.202929
0.202976
0.202976
0.202976
0.202976
0.20298
0.20298
0.203024
0.203056
0.2031
0.203102
0.203102
0.203174
0.203183
0.203183
0.203217
0.203225
0.203225
0.203226
0.203237
0.203281
0.203281
0.2033
0.2033
0.203321
0.203321
0.203324
0.203335
0.203335
0.203345
0.203345
0.203351
0.203351
0.203358
0.203366
0.203366
0.203376
0.203376
0.203379
0.203383
0.203388
0.203388
0.203389
0.20339
0.20339
0.203391
0.203395
0.203395
0.203398
0.2034
0.203402
0.203402
0.203402
0.203403
0.203403
0.203404
0.203404
0.203405
0.203405
0.203406
0.203406
0.203407
0.203408
0.203408
0.203408
0.203409
0.203409
0.203409
0.203409
0.203409
0.203409
0.20341
0.20341
0.20341
0.20341
0.20341
0.20341
0.20341
0.20341
0.20341
0.20341
0.20341
0.20341
0.20341
0.20341
0.20341
0.20341
0.20341
0.20341
0.20341
0.20341
0.20341
0.20341
0.20341
0.20341
0.20341
0.203411
0.20341
0.203411
0.203411
0.203411
0.203411
0.203411
0.203411
0.203411
0.203411
0.203411
0.203411
0.203411
0.203411
0.203411
0.203411
0.203411
0.203411
0.203411
0.203411
0.203411
0.203411
0.203411
0.203411
0.203411
0.203411
0.203411
0.203411
0.203411
0.203411
0.203411
0.203411
0.203411
0.203411
0.203411
0.203411
0.203411
0.203411
0.203411
0.203411
0.203411
0.203411
0.203411
0.203411
0.203411
0.203411
0.203411
0.203411
0.203411
0.203411
0.203411
0.203411
0.203411
0.203411
0.203411
0.203411
0.203411
0.203411
0.203411
0.203411
0.203411
0.203411
0.203411
0.203411
0.203411
0.203411
0.203411
0.203411
0.203411
0.203411
0.203411
0.203411
0.203411
0.203411
0.203411
0.203411
0.203411
0.203411
0.203411
0.203411
0.203411
0.203411
0.203411
0.203411
0.203411
0.203411
0.203411
0.203411
0.203411
0.203411


0.0193921
0.0204729
0.0216049
0.0227062
0.0243105
0.024534
0.025235
0.0257432
0.0258315
0.0260377
0.026071
0.0260934
0.0264307
0.0266284
0.0266472
0.0274944
0.0275242
0.0278543
0.0278962
0.0278962
0.0286482
0.0286482
0.0290357
0.0297187
0.031422
0.031431
0.0331414
0.0331423
0.0344772
0.0344774
0.0344805
0.0421512
0.046156
0.0461578
0.0461685
0.0461685
0.0472933
0.0472936
0.0613323
0.0646006
0.0646013
0.0661412
0.0692351
0.0692353
0.0705776
0.0835891
0.0835891
0.0843363
0.088889
0.0954069
0.0954069
0.101552
0.105061
0.108604
0.109043
0.115732
0.116202
0.12425
0.12425
0.128144
0.128144
0.136422
0.138766
0.139684
0.139684
0.140342
0.143403
0.146083
0.147405
0.151547
0.152876
0.151704
0.151841
0.155891
0.156995
0.158902
0.158902
0.158902
0.159878
0.159878
0.160728
0.161818
0.162565
0.162693
0.162851
0.16296
0.163214
0.163214
0.163214
0.163461
0.16366
0.164745
0.165464
0.165721
0.165764
0.165803
0.165803
0.165803
0.166184
0.166184
0.166261
0.166472
0.16654
0.16658
0.166647
0.166659
0.166726
0.166771
0.166771
0.166781
0.167431
0.168221
0.16873
0.169005
0.169112
0.169135
0.169149
0.169155
0.169169
0.171563
0.171576
0.17266
0.172664
0.172944
0.175166
0.179613
0.179617
0.179617
0.183826
0.186547
0.18814
0.185289
0.196705
0.196706
0.197274
0.197276
0.197276
0.203267
0.203267
0.203268
0.211421
0.223167
0.231087
0.23576
0.23576
0.23576
0.23576
0.23576
0.260108
0.260108
0.263568
0.263567
0.271195
0.271195
0.276738
0.276738
0.276739
0.296057
0.296057
0.296057
0.296057
0.319596
0.319596
0.331542
0.331542
0.339706
0.339706
0.352193
0.352193
0.352193
0.352193
0.350552
0.353715
0.383612
0.383612
0.414396
0.423655
0.428831
0.439057
0.439057
0.439057
0.439057
0.447052
0.472072
0.506682
0.506682
0.535873
0.535873
0.535873
0.535873
0.535873
0.533651
0.565125
0.565125
0.565125
0.575153
0.597337
0.597337
0.597337
0.607308
0.607308
0.59641
0.603318
0.604081
0.606185
0.608097
0.61219
0.61219
0.62699
0.629011
0.630844
0.630844
0.630844
0.633338
0.633338
0.633731
0.633731
0.633731
0.635833
0.635833
0.639309
0.639309
0.639309
0.639309
0.639309
0.639429
0.639836
0.640677
0.640832
0.640832
0.641056
0.641889
0.642022
0.642022
0.64292
0.642938
0.643643
0.643643
0.643643
0.643665
0.646033
0.647987
0.649318
0.65466
0.656411
0.657422
0.657728
0.658491
0.658788
0.660005
0.670005
0.670028
0.670045
0.72674
0.72674
0.738354
0.738354
0.738457
0.750518
0.750543
0.765204
0.770881
0.770926
0.770968
0.776671
0.783611
0.787197
0.787735
0.793782
0.795562
0.796381
0.798652
0.798854
0.798854
0.798855
0.799741
0.799746
0.802016
0.804267
0.806626
0.806904
0.806655
0.806822
0.806829
0.807439
0.807486
0.807538
0.807782
0.807946
0.80797
0.808452
0.808747
0.811864
0.815501
0.821708
0.839406
0.849487
0.853853
0.893672
0.894913
0.895949
0.899077
0.900225
0.902612
0.930301
0.932065
0.932065
0.934123
0.934124
0.934124
0.936921
0.937499
0.939794
0.940762
0.940762
0.943487
0.943487
0.943487
0.943515
0.944843
0.944904
0.945231
0.947151
0.947762
0.947896
0.94792
0.948335
0.949912
0.95207
0.953606
0.95518
0.96149
0.971335
0.975135
0.977302
0.979895
0.982144
0.98491
0.986099
0.986375
0.986375
0.986375
0.986375
0.986478
0.986671
0.986723
0.987504
0.987504
0.988098
0.98864
0.98864
0.988823
0.988823
0.988823
0.989883
0.990327
0.990373
0.990373
0.990539
0.990683
0.991012
0.991159
0.991159
0.991252
0.991252
0.991266
0.991266
0.991266
0.991266
0.991267
0.991267
0.991281
0.991292
0.991296
0.991296
0.991324
0.991324
0.991332
0.991383
0.991733
0.991733
0.99182
0.99182
0.99189
0.991891
0.991894
0.991904
0.991906
0.991911
0.991912
0.991916
0.991917
0.991917
0.991917
0.991917
0.991923
0.991923
0.991929
0.991935
0.991937


0.0346331
0.0371692
0.0371692
0.0394235
0.0468215
0.0471143
0.047747
0.0484248
0.0500767
0.0504179
0.0517853
0.0514191
0.0526459
0.0533221
0.0534424
0.0539034
0.0539444
0.0541121
0.0542923
0.0543586
0.0553611
0.0558741
0.0565375
0.0596764
0.0598599
0.0626031
0.0626031
0.0640097
0.0710178
0.0722883
0.0789929
0.0776848
0.0789571
0.0789589
0.0815206
0.0879944
0.0879944
0.100241
0.100241
0.10026
0.109844
0.114208
0.138733
0.138733
0.142296
0.161885
0.164466
0.173816
0.176409
0.176409
0.188638
0.219507
0.241762
0.263461
0.263461
0.269238
0.297714
0.329251
0.349706
0.350827
0.36246
0.374682
0.393523
0.471603
0.484483
0.484483
0.507224
0.521411
0.521411
0.54384
0.544178
0.553424
0.60027
0.60442
0.606687
0.616664
0.626173
0.631923
0.641503
0.643968
0.652298
0.652144
0.658189
0.677841
0.688657
0.703816
0.703816
0.707674
0.717312
0.720005
0.720672
0.721033
0.725281
0.732684
0.733051
0.735097
0.738144
0.74025
0.74025
0.740955
0.742143
0.743384
0.743426
0.743426
0.744353
0.745752
0.746045
0.748638
0.74865
0.749932
0.75036
0.749804
0.750582
0.750634
0.751252
0.751252
0.751373
0.751888
0.751968
0.752296
0.752296
0.752296
0.752383
0.752645
0.752795
0.752853
0.752853
0.752859
0.752926
0.752952
0.753011
0.753041
0.753044
0.753197
0.753209
0.75321
0.753232
0.753249
0.753288
0.753296
0.753349
0.753349
0.753352
0.753357
0.753363
0.753363
0.753373
0.75338
0.75339
0.753391
0.753391
0.75339
0.75339
0.753393
0.753397
0.753405
0.753406
0.753406
0.753409
0.753411
0.753411
0.753417
0.753418
0.753419
0.75342
0.75342
0.75342
0.753421
0.753422
0.753423
0.753423
0.753424
0.753424
0.753424
0.753424
0.753424
0.753424
0.753425
0.753425
0.753425
0.753425
0.753425
0.753425
0.753425
0.753425
0.753426
0.753426
0.753426
0.753426
0.753426
0.753426
0.753426
0.753426
0.753426
0.753426
0.753426
0.753426
0.753426
0.753426
0.753426
0.753426
0.753426
0.753426
0.753426
0.753426
0.753426
0.753426
0.753426
0.753426
0.753426
0.753426
0.753426
0.753426
0.753426
0.753426
0.753426
0.753426
0.753426
0.753426
0.753426
0.753426
0.753426
0.753426
0.753426
0.753426
0.753426
0.753426
0.753426
0.753426
0.753426
0.753426
0.753426
0.753426
0.753426
0.753426
0.753426
0.753426
0.753426
0.753426
0.753426
0.753426
0.753426
0.753426
0.753426
0.753426
0.753426
0.753426
0.753426
0.753426
0.753426
0.753426
0.753426
0.753426
0.753426
0.753426
0.753426
0.753426
0.753426
0.753426
0.753426
0.753426
0.753426
0.753426
0.753426
0.753426
0.753426
0.753426
0.753426
0.753426
0.753426
0.753426
0.753426
0.753426
0.753426
0.753426
0.753426
0.753426
0.753426
0.753426
0.753426
0.753426
0.753426
0.753426
0.753426
0.753426
0.753426
0.753426
0.753426
0.753426
0.753426
0.753426
0.753426
0.753426
0.753426
0.753426
0.753426
0.753426
0.753426
0.753426
0.753426
0.753426
0.753426
0.753426
0.753426
0.753426
0.753426
0.753426
0.753426
0.753426
0.753426
0.753426
0.753426
0.753426
0.753426
0.753426
0.753426
0.753426
0.753426
0.753426
0.753426
0.753426
0.753426
0.753426
0.753426
0.753426
0.753426
0.753426
0.753426
0.753426
0.753426
0.753426
0.753426
0.753426
0.753426
0.753426
0.753426
0.753426
0.753426
0.753426
0.753426
0.753426
0.75339
0.753426
0.753426
0.753426
0.753426
0.753426
0.753426
0.753426
0.753426
0.753426
0.753426
0.753426
0.753426
0.753426
0.753426
0.753426
0.753426
0.753426
0.753426
0.753426
0.753425
0.753426
0.753426
0.753426
0.753426
0.753426
0.753426
0.753426
0.753426
0.753426
0.753426
0.753426
0.753426
0.753426
0.753426
0.753426
0.753426
0.753426
0.753426
0.753426
0.753426
0.753426
0.753426
0.753426
0.753426
0.753426
0.753426
0.753426
0.753426
0.753426
0.753426
0.753426
0.753426
0.753426
0.753426
0.753426
0.753426
0.753426
0.753426


0.0321277
0.0362407
0.0373534
0.0400655
0.0415052
0.0420093
0.0422829
0.0424516
0.0428701
0.0429041
0.0430871
0.0431893
0.0432566
0.043459
0.0435039
0.0436514
0.04396
0.0441573
0.0452654
0.0472564
0.0484674
0.0486611
0.0490563
0.0503885
0.0504123
0.0519505
0.0547994
0.0548096
0.0548216
0.0548216
0.0555671
0.0563837
0.0596617
0.0596623
0.060294
0.0645556
0.0687389
0.0758386
0.0767507
0.0767509
0.0862598
0.0948379
0.0948379
0.109589
0.110285
0.115352
0.130029
0.142179
0.145628
0.145628
0.145628
0.159439
0.159439
0.170881
0.178844
0.178844
0.182589
0.188167
0.190241
0.193847
0.193847
0.199419
0.20178
0.20178
0.211418
0.211418
0.217715
0.217715
0.230926
0.23528
0.24259
0.253595
0.253595
0.253595
0.257871
0.257871
0.258445
0.259618
0.261748
0.264524
0.264524
0.265797
0.265797
0.265797
0.266162
0.266162
0.266866
0.267712
0.268273
0.268273
0.268628
0.268792
0.269119
0.269119
0.269119
0.269433
0.269706
0.269706
0.26975
0.26975
0.269758
0.269908
0.269908
0.269908
0.269972
0.269972
0.270018
0.270097
0.270104
0.270104
0.270104
0.270142
0.270142
0.270204
0.270212
0.270245
0.270245
0.270245
0.270266
0.270266
0.270277
0.27029
0.27029
0.270296
0.270314
0.270314
0.270314
0.270314
0.27032
0.270327
0.270328
0.270332
0.270343
0.270343
0.270343
0.270347
0.270351
0.270354
0.270356
0.270357
0.270357
0.270361
0.270367
0.270367
0.270368
0.270369
0.270371
0.270375
0.270375
0.270375
0.270375
0.270375
0.270375
0.270375
0.270375
0.270375
0.270376
0.270377
0.270377
0.270377
0.270377
0.270378
0.270378
0.270378
0.270379
0.270379
0.270379
0.270379
0.270379
0.270379
0.270379
0.270379
0.270379
0.270379
0.270379
0.270379
0.270379
0.270379
0.270379
0.270379
0.270379
0.270379
0.270379
0.270379
0.270379
0.270379
0.270379
0.270379
0.270379
0.270379
0.270379
0.270379
0.270379
0.270379
0.270379
0.270379
0.270379
0.270379
0.270379
0.270379
0.270379
0.270379
0.270379
0.270379
0.270379
0.270379
0.270379
0.270379
0.270379
0.270379
0.270379
0.270379
0.270379
0.270379
0.270379
0.270379
0.270379
0.270379
0.270379
0.270379
0.270379
0.270379
0.270379
0.270379
0.270379
0.270379
0.270379
0.270379
0.270379
0.270379
0.270379
0.270379
0.270379
0.270379
0.270379
0.270379
0.270379
0.270379
0.270379
0.270379
0.270379
0.270379
0.270379
0.270379
0.270379
0.270379
0.270379
0.270379
0.270379
0.270379
0.270379
0.270379
0.270379
0.270379
0.270379
0.270379
0.270379
0.270379
0.270379
0.270379
0.270379
0.270379
0.270379
0.270379
0.270379
0.270379
0.270379
0.270379
0.270379
0.270379
0.270379
0.270379
0.270379
0.270379
0.270379
0.270379
0.270379
0.270379
0.270379
0.270379
0.270379
0.270379
0.270379
0.270379
0.270379
0.270379
0.270379
0.270379
0.270379
0.270379
0.270379
0.270379
0.270379
0.270379
0.270379
0.270379
0.270379
0.270379
0.270379
0.270379
0.270379
0.270379
0.270379
0.270379
0.270379
0.270379
0.270379
0.270379
0.270379
0.270379
0.270379
0.270379
0.270379
0.270379
0.270379
0.270379
0.270379
0.270379
0.270379
0.270379
0.270379
0.270379
0.270379
0.270379
0.270379
0.270379
0.270379
0.270379
0.270379
0.270379
0.270379
0.270379
0.270379
0.270379
0.270379
0.270379
0.270379
0.270379
0.270379
0.270379
0.270379
0.270379
0.270379
0.270379
0.270379
0.270379
0.270379
0.270379
0.270379
0.270379
0.270379
0.270379
0.270379
0.270379
0.270379
0.270379
0.270379
0.270379
0.270379
0.270379
0.270379
0.270379
0.270379
0.270379
0.270379
0.270379
0.270379
0.270379
0.270379
0.270379
0.270379
0.270379
0.270379
0.270379
0.270379
0.270379
0.270379
0.270379
0.270379
0.270379
0.270379
0.270379
0.270379
0.270379
0.270379
0.270379
0.270379
0.270379
0.270379
0.270379
0.270379
0.270379
0.270379
0.270379
0.270379
0.270379
0.270379
0.270379
0.270379
0.270379


0.0529081
0.053469
0.0541008
0.0595295
0.0596019
0.0596019
0.0652604
0.0652604
0.0653674
0.0666609
0.0673443
0.0685337
0.0689687
0.0691937
0.0701334
0.0703033
0.0710756
0.0712584
0.0717686
0.0719061
0.0719528
0.0720356
0.0721746
0.072947
0.0729734
0.0731672
0.073171
0.0733616
0.074941
0.0758629
0.0774879
0.0788347
0.0794413
0.0801129
0.0813291
0.0813291
0.0860432
0.0876235
0.0884423
0.0944832
0.0944832
0.0945195
0.0945197
0.0962386
0.10363
0.107197
0.116608
0.117539
0.12087
0.128309
0.128309
0.129503
0.136525
0.136525
0.148992
0.151332
0.151332
0.164938
0.164938
0.17113
0.173766
0.177433
0.182379
0.191368
0.196726
0.203185
0.204038
0.206602
0.206602
0.206602
0.210501
0.212256
0.221172
0.221172
0.221282
0.222317
0.222317
0.224026
0.224026
0.224301
0.227381
0.227983
0.230129
0.230808
0.232111
0.232316
0.234306
0.235023
0.237195
0.237195
0.237195
0.237839
0.237951
0.237951
0.238138
0.238324
0.238837
0.238997
0.239119
0.239119
0.239187
0.239306
0.239306
0.239316
0.239553
0.23956
0.23965
0.239721
0.239847
0.239865
0.240114
0.240114
0.240114
0.240204
0.240204
0.24026
0.24026
0.240262
0.240296
0.240296
0.240307
0.240314
0.240315
0.240334
0.240339
0.240339
0.240347
0.240352
0.240361
0.240361
0.24037
0.240372
0.240378
0.240378
0.240388
0.240388
0.240388
0.24039
0.24039
0.240391
0.240391
0.240392
0.240394
0.240394
0.240395
0.240395
0.240397
0.240397
0.240397
0.240397
0.240397
0.240398
0.240399
0.240399
0.2404
0.240401
0.240401
0.240401
0.240401
0.240401
0.240401
0.240402
0.240402
0.240402
0.240402
0.240402
0.240402
0.240402
0.240402
0.240402
0.240402
0.240402
0.240403
0.240403
0.240403
0.240403
0.240403
0.240403
0.240403
0.240403
0.240403
0.240403
0.240403
0.240403
0.240403
0.240403
0.240403
0.240403
0.240403
0.240403
0.240403
0.240403
0.240403
0.240403
0.240403
0.240403
0.240403
0.240403
0.240403
0.240403
0.240403
0.240403
0.240403
0.240403
0.240403
0.240403
0.240403
0.240403
0.240403
0.240403
0.240403
0.240403
0.240403
0.240403
0.240403
0.240403
0.240403
0.240403
0.240403
0.240403
0.240403
0.240403
0.240403
0.240403
0.240403
0.240403
0.240403
0.240403
0.240403
0.240403
0.240403
0.240403
0.240403
0.240403
0.240403
0.240403
0.240403
0.240403
0.240403
0.240403
0.240403
0.240403
0.240403
0.240403
0.240403
0.240403
0.240403
0.240403
0.240403
0.240403
0.240403
0.240403
0.240403
0.240403
0.240403
0.240403
0.240403
0.240403
0.240403
0.240403
0.240403
0.240403
0.240403
0.240403
0.240403
0.240403
0.240403
0.240403
0.240403
0.240403
0.240403
0.240403
0.240403
0.240403
0.240403
0.240403
0.240403
0.240403
0.240403
0.240403
0.240403
0.240403
0.240403
0.240403
0.240403
0.240403
0.240403
0.240403
0.240403
0.240403
0.240403
0.240403
0.240403
0.240403
0.240403
0.240403
0.240403
0.240403
0.240403
0.240403
0.240403
0.240403
0.240403
0.240403
0.240403
0.240403
0.240403
0.240403
0.240403
0.240403
0.240403
0.240403
0.240403
0.240403
0.240403
0.240403
0.240403
0.240403
0.240403
0.240403
0.240403
0.240403
0.240403
0.240403
0.240403
0.240403
0.240403
0.240403
0.240403
0.240403
0.240403
0.240403
0.240403
0.240403
0.240403
0.240403
0.240403
0.240403
0.240403
0.240403
0.240403
0.240403
0.240403
0.240403
0.240403
0.240403
0.240403
0.240403
0.240403
0.240403
0.240403
0.240403
0.240403
0.240403
0.240403
0.240403
0.240403
0.240403
0.240403
0.240403
0.240403
0.240403
0.240403
0.240403
0.240403
0.240403
0.240403
0.240403
0.240403
0.240403
0.240403
0.240403
0.240403
0.240403
0.240403
0.240403
0.240403
0.240403
0.240403
0.240403
0.240403
0.240403
0.240403
0.240403
0.240403
0.240403
0.240403
0.240403
0.240403
0.240403
0.240403
0.240403
0.240403
0.240403
0.240403
0.240403
0.240403
0.240403
0.240403
0.240403


0.0757809
0.0780413
0.0866353
0.0882193
0.0897197
0.0916155
0.0916856
0.0929102
0.0946547
0.0961637
0.0964949
0.0964119
0.0968694
0.0974784
0.0976062
0.0976973
0.097934
0.0979805
0.0983744
0.0992456
0.0996709
0.0993403
0.101316
0.101944
0.103584
0.104123
0.105836
0.112036
0.112036
0.116612
0.119263
0.118188
0.118891
0.132405
0.135499
0.148782
0.150808
0.154933
0.155842
0.16081
0.170597
0.183723
0.183723
0.197825
0.205559
0.223433
0.232481
0.25063
0.256108
0.263812
0.264918
0.285784
0.316932
0.316932
0.329837
0.342964
0.371517
0.394936
0.395946
0.401466
0.426684
0.415259
0.45565
0.457782
0.468207
0.477565
0.477565
0.477565
0.491825
0.496691
0.508966
0.515694
0.520434
0.533005
0.550586
0.567449
0.583602
0.592345
0.592345
0.605898
0.608795
0.618783
0.619972
0.619972
0.628326
0.62907
0.631168
0.640912
0.644423
0.644423
0.649038
0.651243
0.651243
0.653233
0.654132
0.654771
0.657718
0.658214
0.658385
0.660716
0.661597
0.661125
0.662912
0.663343
0.664981
0.665066
0.665726
0.665911
0.666317
0.666596
0.66684
0.667441
0.667441
0.667733
0.668021
0.668021
0.668078
0.668136
0.668187
0.668331
0.66849
0.668513
0.668713
0.668805
0.668831
0.668887
0.668944
0.669001
0.66906
0.669085
0.669148
0.669163
0.669163
0.669164
0.669206
0.669208
0.669267
0.669272
0.669273
0.669288
0.669303
0.669301
0.669305
0.669322
0.669352
0.669354
0.669356
0.669368
0.66937
0.669399
0.669417
0.669418
0.669419
0.66943
0.669445
0.669453
0.669455
0.669456
0.66946
0.676947
0.676947
0.67695
0.67695
0.676951
0.676951
0.693663
0.700137
0.700137
0.706448
0.713668
0.715414
0.715418
0.726256
0.733641
0.733641
0.733641
0.733641
0.733746
0.733746
0.73446
0.756448
0.770922
0.770922
0.772779
0.772779
0.77278
0.77278
0.780842
0.780842
0.782205
0.782205
0.782205
0.784427
0.784427
0.785058
0.785282
0.785282
0.78848
0.78848
0.78848
0.78848
0.789709
0.791129
0.792687
0.79277
0.79277
0.79277
0.793766
0.793766
0.793793
0.794122
0.794122
0.794122
0.794543
0.794812
0.794812
0.795086
0.795528
0.795528
0.79568
0.795785
0.796178
0.796178
0.796179
0.796179
0.796234
0.796546
0.796636
0.796742
0.796742
0.796742
0.796742
0.796769
0.796785
0.796785
0.796891
0.796891
0.796896
0.796896
0.79692
0.796974
0.79699
0.797031
0.797031
0.797038
0.797038
0.797047
0.797047
0.797047
0.797053
0.797064
0.797066
0.797071
0.797071
0.797073
0.797073
0.797078
0.797083
0.797083
0.797083
0.797088
0.797089
0.797092
0.797096
0.797096
0.797099
0.797099
0.797099
0.7971
0.797102
0.797102
0.797102
0.805339
0.810318
0.810319
0.81265
0.812651
0.814764
0.833176
0.833177
0.833177
0.824722
0.836628
0.838768
0.838768
0.838768
0.840938
0.840938
0.841447
0.841521
0.842533
0.842757
0.844322
0.847248
0.850653
0.853427
0.853734
0.858719
0.858958
0.858958
0.858958
0.859257
0.863343
0.864216
0.864216
0.864216
0.864216
0.866475
0.868794
0.868794
0.869688
0.871105
0.874331
0.874331
0.876281
0.876281
0.885666
0.885666
0.889365
0.889365
0.889916
0.889916
0.890191
0.890191
0.892564
0.892564
0.892564
0.892564
0.893285
0.893541
0.893541
0.893184
0.89341
0.893809
0.89387
0.89387
0.89387
0.894496
0.894504
0.894504
0.895004
0.895305
0.895305
0.896431
0.896643
0.896643
0.897194
0.897456
0.897456
0.89759
0.897622
0.897674
0.897942
0.898043
0.898043
0.898256
0.898343
0.898343
0.898363
0.898527
0.898561
0.898536
0.898583
0.89859
0.898591
0.898591
0.898591
0.898599
0.898655
0.898675
0.898682
0.898684
0.898685
0.898693
0.8987
0.898882
0.898882
0.89894
0.899111
0.899143
0.899143
0.899192
0.899192
0.899207
0.899215
0.899228
0.899228
0.899241
0.899242
0.899242
0.899253
0.899258
0.89926
0.89926
0.89926
0.899304
0.899325
0.899325
0.899352
0.899398


0.0521889
0.0543298
0.0655405
0.0672159
0.0680279
0.0723017
0.0723017
0.0756491
0.0756984
0.0800224
0.0804613
0.0804613
0.08122
0.0829339
0.0831336
0.0832658
0.0836545
0.0837618
0.0849837
0.085515
0.0876094
0.0876094
0.090004
0.0902883
0.0957165
0.100226
0.114645
0.116043
0.126022
0.130726
0.133871
0.13595
0.14281
0.18105
0.18105
0.182063
0.182063
0.184673
0.187516
0.187598
0.199435
0.206451
0.253992
0.260968
0.260968
0.268598
0.268783
0.309611
0.329489
0.329489
0.337907
0.347581
0.347581
0.374516
0.374516
0.408262
0.425943
0.448485
0.448485
0.461456
0.472037
0.469451
0.47134
0.488697
0.489084
0.53321
0.533431
0.536223
0.564738
0.579918
0.579918
0.598974
0.648079
0.648079
0.650897
0.656622
0.660436
0.664216
0.673923
0.683241
0.696047
0.712354
0.713292
0.714414
0.714917
0.725163
0.725271
0.726656
0.73284
0.734041
0.736262
0.741244
0.742393
0.748285
0.74879
0.749605
0.754368
0.754368
0.754564
0.757178
0.757623
0.758529
0.759106
0.760105
0.760105
0.760521
0.761024
0.762522
0.763233
0.763985
0.764862
0.765567
0.766237
0.766237
0.766303
0.767399
0.76744
0.767454
0.767483
0.76752
0.767593
0.767598
0.767835
0.767837
0.767859
0.767939
0.767943
0.768019
0.768022
0.768031
0.768041
0.768077
0.768153
0.768161
0.768188
0.768194
0.768235
0.768236
0.768244
0.768258
0.768261
0.768264
0.768282
0.768283
0.768283
0.768285
0.76829
0.768293
0.768298
0.768298
0.7683
0.768303
0.768303
0.768307
0.768308
0.76831
0.768312
0.768315
0.768316
0.768316
0.768316
0.768317
0.768317
0.768318
0.768319
0.768319
0.76832
0.768321
0.768321
0.768322
0.768322
0.768322
0.768322
0.768322
0.768322
0.768323
0.768323
0.768323
0.768323
0.768323
0.768323
0.768323
0.768323
0.768323
0.768323
0.768323
0.768323
0.768323
0.768323
0.768323
0.768323
0.768323
0.768323
0.768323
0.768323
0.768323
0.768323
0.768324
0.768324
0.768324
0.768324
0.768324
0.768324
0.768324
0.768324
0.768324
0.768324
0.768324
0.768324
0.768324
0.768324
0.768324
0.768324
0.768324
0.768324
0.768324
0.768324
0.768324
0.768324
0.768324
0.768324
0.768324
0.768324
0.768324
0.768324
0.768324
0.768324
0.768324
0.768324
0.768324
0.768324
0.768324
0.768324
0.768324
0.768324
0.768324
0.768324
0.768324
0.768324
0.768324
0.768324
0.768324
0.768324
0.768324
0.768324
0.768324
0.768324
0.768324
0.768324
0.768324
0.768324
0.768324
0.768324
0.768324
0.768324
0.768324
0.768324
0.768324
0.768324
0.768324
0.768324
0.768324
0.768324
0.768324
0.768324
0.768324
0.768324
0.768324
0.768324
0.768324
0.768324
0.768324
0.768324
0.768324
0.768324
0.768324
0.768324
0.768324
0.768324
0.768324
0.768324
0.768324
0.768324
0.768324
0.768324
0.768324
0.768324
0.768324
0.768324
0.768324
0.768324
0.768324
0.768324
0.768324
0.768324
0.768324
0.768324
0.768324
0.768324
0.768324
0.768324
0.768324
0.768324
0.768324
0.768324
0.768324
0.768324
0.768324
0.768324
0.768324
0.768324
0.768324
0.768324
0.768324
0.768324
0.768324
0.768324
0.768324
0.768324
0.768324
0.768324
0.768157
0.768324
0.768324
0.768324
0.768324
0.768324
0.768324
0.768324
0.768324
0.768324
0.768324
0.768324
0.768324
0.768324
0.768324
0.768324
0.768324
0.768324
0.768324
0.768324
0.768308
0.768324
0.768324
0.768324
0.768324
0.768324
0.768324
0.768324
0.768324
0.768324
0.768324
0.768324
0.768324
0.768324
0.768324
0.768324
0.768324
0.768324
0.768324
0.768324
0.768324
0.768324
0.768324
0.768324
0.768324
0.768324
0.768324
0.768324
0.768324
0.768324
0.768324
0.768324
0.768324
0.768324
0.768324
0.768324
0.768324
0.768324
0.768324
0.768324
0.768324
0.768324
0.768324
0.768324
0.768324
0.768324
0.768324
0.768324
0.768324
0.768324
0.768324
0.768324
0.768324
0.768324
0.768324
0.768324
0.768324
0.768324
0.768324


0.048832
0.0600794
0.0640317
0.066936
0.0716384
0.0752714
0.076424
0.0770545
0.0779007
0.0784245
0.0798376
0.0798376
0.0803816
0.08103
0.08103
0.08143
0.0819647
0.0826342
0.0830611
0.0831576
0.0833315
0.083972
0.0845566
0.0854812
0.0879872
0.0892245
0.0932154
0.0932974
0.0949781
0.0950333
0.0954679
0.096436
0.0965477
0.10251
0.102818
0.103867
0.10474
0.107344
0.114348
0.114639
0.122868
0.132279
0.143313
0.143576
0.143576
0.149423
0.153423
0.156818
0.163177
0.172657
0.177371
0.177698
0.182582
0.190528
0.224177
0.224177
0.235997
0.239849
0.251674
0.278065
0.287536
0.31859
0.31859
0.346942
0.346942
0.365352
0.368744
0.368969
0.377109
0.40319
0.419904
0.432689
0.460869
0.490114
0.490114
0.500816
0.511435
0.530642
0.541831
0.576498
0.576498
0.593865
0.653528
0.653528
0.658209
0.675189
0.675985
0.703654
0.732856
0.734301
0.734301
0.739562
0.740332
0.757902
0.794422
0.795224
0.795657
0.800322
0.802385
0.804781
0.809655
0.819162
0.819496
0.819973
0.822668
0.822994
0.823219
0.823704
0.825151
0.827624
0.828326
0.829478
0.83153
0.831854
0.833581
0.834518
0.835507
0.835766
0.836565
0.836711
0.83718
0.837831
0.837916
0.837992
0.838947
0.839079
0.839079
0.839598
0.83969
0.839914
0.839914
0.839991
0.840411
0.84044
0.840494
0.840501
0.840784
0.840808
0.840855
0.840918
0.840918
0.841007
0.84102
0.841117
0.841173
0.841173
0.841174
0.84124
0.841244
0.841266
0.841272
0.841299
0.841302
0.841317
0.841325
0.841344
0.841349
0.841352
0.841352
0.841373
0.841374
0.841375
0.84139
0.841392
0.841393
0.841393
0.841398
0.8414
0.841402
0.841403
0.841405
0.841406
0.84141
0.84141
0.841411
0.841412
0.841412
0.841415
0.841415
0.841415
0.841416
0.841416
0.841417
0.841418
0.841418
0.841418
0.841418
0.841419
0.84142
0.84142
0.84142
0.84142
0.841421
0.841421
0.841421
0.841421
0.841421
0.841421
0.841421
0.841421
0.841421
0.841421
0.841421
0.841421
0.841421
0.841421
0.841421
0.841421
0.841421
0.841422
0.841422
0.841422
0.841422
0.841422
0.841422
0.841422
0.841422
0.841422
0.841422
0.841422
0.841422
0.841422
0.841422
0.841422
0.841422
0.841422
0.841422
0.841422
0.841422
0.841422
0.841422
0.841422
0.841422
0.841422
0.841422
0.841422
0.841422
0.841422
0.841422
0.841422
0.841422
0.841422
0.841422
0.841422
0.841422
0.841422
0.841422
0.841422
0.841422
0.841422
0.841422
0.841422
0.841422
0.841422
0.841422
0.841422
0.841422
0.841422
0.841422
0.841422
0.841422
0.841422
0.841422
0.841422
0.841422
0.841422
0.841422
0.841422
0.841422
0.841422
0.841422
0.841422
0.841422
0.841422
0.841422
0.841422
0.841422
0.841422
0.841422
0.841422
0.841422
0.841422
0.841422
0.841422
0.841422
0.841422
0.841422
0.841422
0.841422
0.841422
0.841422
0.841422
0.841422
0.841422
0.841422
0.841422
0.841422
0.841422
0.841422
0.841422
0.841422
0.841422
0.841422
0.841422
0.841422
0.841422
0.841422
0.841422
0.841422
0.841422
0.841422
0.841422
0.841422
0.841422
0.841422
0.841422
0.841422
0.841422
0.841422
0.841422
0.841422
0.841422
0.841422
0.841422
0.841422
0.841422
0.841422
0.841422
0.841422
0.841422
0.841422
0.841422
0.841422
0.841422
0.841422
0.841422
0.841422
0.841422
0.841422
0.841422
0.841422
0.841422
0.841422
0.841422
0.841422
0.841422
0.841422
0.841422
0.841422
0.841422
0.841422
0.841422
0.841422
0.841422
0.841422
0.841422
0.841422
0.841422
0.841422
0.841422
0.841422
0.841422
0.841422
0.841422
0.841422
0.841422
0.841422
0.841422
0.841422
0.841422
0.841422
0.841422
0.841422
0.841422
0.841422
0.841422
0.841422
0.841422
0.841422
0.841422
0.841422
0.841422
0.841422
0.841422
0.841422
0.841422
0.841422
0.841422
0.841422
0.841422
0.841422
0.841422
0.841422
0.841422
0.841422
0.841422
0.841422
0.841422
0.841422
0.841422


0.0728049
0.0783289
0.0907336
0.0943832
0.100079
0.106784
0.109105
0.111693
0.112061
0.113112
0.1152
0.11505
0.117141
0.117141
0.117674
0.118254
0.118614
0.11883
0.118865
0.119516
0.120464
0.121682
0.122202
0.122202
0.123146
0.123146
0.123591
0.129133
0.131355
0.131778
0.139232
0.141604
0.153641
0.156143
0.15779
0.16082
0.177989
0.182976
0.196244
0.198851
0.211161
0.222396
0.222396
0.231231
0.247603
0.274469
0.274884
0.280849
0.283944
0.301352
0.308675
0.365374
0.365374
0.40945
0.425547
0.425547
0.465346
0.490027
0.541357
0.541357
0.557556
0.555178
0.585779
0.630862
0.675774
0.688247
0.689694
0.697898
0.711708
0.739797
0.777421
0.7967
0.811697
0.826714
0.856701
0.857876
0.883132
0.883262
0.89923
0.901988
0.904363
0.926482
0.926482
0.928428
0.938476
0.939717
0.942514
0.944427
0.953539
0.957511
0.959216
0.959079
0.962115
0.962994
0.966883
0.968397
0.969572
0.970897
0.971155
0.977067
0.977487
0.977401
0.977924
0.97862
0.979306
0.979775
0.980147
0.980703
0.981079
0.981466
0.981615
0.981941
0.982026
0.982361
0.982769
0.983233
0.983233
0.983453
0.983686
0.983905
0.983917
0.983911
0.983979
0.984222
0.984449
0.984454
0.984485
0.984553
0.984567
0.984575
0.984633
0.984723
0.984818
0.984845
0.98492
0.984952
0.984952
0.984996
0.985025
0.985032
0.985037
0.985058
0.985084
0.985095
0.985119
0.985139
0.985149
0.985161
0.985162
0.985165
0.98517
0.985179
0.98518
0.985181
0.985187
0.985191
0.985197
0.985199
0.985199
0.985199
0.985205
0.985208
0.985212
0.985214
0.985215
0.985216
0.985217
0.985218
0.985219
0.985223
0.985223
0.985224
0.985225
0.985226
0.985226
0.985227
0.985227
0.985227
0.985227
0.985228
0.985228
0.985228
0.985229
0.985229
0.985229
0.985229
0.985229
0.985229
0.985229
0.985229
0.985229
0.985229
0.98523
0.98523
0.98523
0.98523
0.98523
0.98523
0.98523
0.98523
0.98523
0.98523
0.98523
0.98523
0.98523
0.98523
0.98523
0.98523
0.98523
0.98523
0.98523
0.98523
0.98523
0.98523
0.98523
0.98523
0.98523
0.98523
0.98523
0.98523
0.98523
0.98523
0.98523
0.98523
0.98523
0.98523
0.98523
0.98523
0.98523
0.98523
0.98523
0.98523
0.98523
0.98523
0.98523
0.98523
0.98523
0.98523
0.98523
0.98523
0.98523
0.98523
0.98523
0.98523
0.98523
0.98523
0.98523
0.98523
0.98523
0.98523
0.98523
0.98523
0.98523
0.98523
0.98523
0.98523
0.98523
0.98523
0.98523
0.98523
0.98523
0.98523
0.98523
0.98523
0.98523
0.98523
0.98523
0.98523
0.98523
0.98523
0.98523
0.98523
0.98523
0.98523
0.98523
0.98523
0.98523
0.98523
0.98523
0.98523
0.98523
0.98523
0.98523
0.98523
0.98523
0.98523
0.98523
0.98523
0.98523
0.98523
0.98523
0.98523
0.98523
0.98523
0.98523
0.98523
0.98523
0.98523
0.98523
0.98523
0.98523
0.98523
0.98523
0.98523
0.98523
0.98523
0.98523
0.98523
0.98523
0.98523
0.98523
0.98523
0.98523
0.98523
0.98523
0.98523
0.98523
0.98523
0.98523
0.98523
0.98523
0.98523
0.98523
0.98523
0.98523
0.98523
0.98523
0.98523
0.98523
0.98523
0.98523
0.98523
0.98523
0.98523
0.98523
0.98523
0.98523
0.98523
0.98523
0.98523
0.98523
0.98523
0.98523
0.98523
0.98523
0.98523
0.98523
0.98523
0.98523
0.98523
0.98523
0.98523
0.98523
0.98523
0.98523
0.98523
0.98523
0.98523
0.98523
0.98523
0.98523
0.98523
0.98523
0.98523
0.98523
0.98523
0.98523
0.98523
0.98523
0.98523
0.98523
0.98523
0.98523
0.98523
0.98523
0.98523
0.98523
0.98523
0.98523
0.98523
0.98523
0.98523
0.98523
0.98523
0.98523
0.98523
0.98523
0.98523
0.98523
0.98523
0.98523
0.98523
0.98523
0.98523
0.98523
0.98523
0.98523
0.98523
0.98523
0.98523


0.0538801
0.0591891
0.0614352
0.0641016
0.066487
0.0678054
0.0690147
0.0702928
0.071548
0.0725071
0.0740892
0.0743509
0.0747605
0.0749334
0.0751739
0.0752634
0.0754831
0.0754831
0.0754834
0.0755658
0.0756784
0.0758382
0.0759746
0.076038
0.0761873
0.076341
0.076341
0.0763899
0.0766512
0.0770571
0.0793481
0.0796973
0.0796973
0.0799035
0.0799607
0.0803093
0.0815315
0.0844321
0.0844338
0.0844338
0.0948059
0.0989002
0.102172
0.102172
0.102183
0.103734
0.103752
0.10414
0.105632
0.105727
0.115091
0.118954
0.120547
0.122721
0.139319
0.139319
0.149919
0.149919
0.149919
0.16662
0.169059
0.175588
0.17738
0.178631
0.187071
0.204222
0.207713
0.220094
0.221894
0.225212
0.232736
0.235005
0.235005
0.239129
0.249046
0.26216
0.26216
0.272773
0.279664
0.282848
0.282848
0.290341
0.302348
0.307015
0.316322
0.324972
0.327176
0.329346
0.337426
0.338773
0.344445
0.340446
0.361041
0.361041
0.362431
0.370967
0.370967
0.37206
0.391071
0.391208
0.394097
0.412928
0.421723
0.430127
0.430501
0.44835
0.44835
0.45002
0.450514
0.451882
0.451882
0.454643
0.455332
0.456885
0.45693
0.457228
0.45984
0.464181
0.464313
0.465545
0.465562
0.466198
0.469619
0.471608
0.471627
0.471627
0.473771
0.4738
0.474829
0.475072
0.475275
0.475884
0.475884
0.478389
0.482725
0.482841
0.482841
0.483509
0.48421
0.490429
0.490472
0.490597
0.491657
0.492119
0.49212
0.492857
0.493489
0.493509
0.493535
0.493545
0.494169
0.494171
0.494181
0.494391
0.494537
0.494537
0.494749
0.495367
0.495367
0.495374
0.495374
0.495371
0.495386
0.49571
0.495792
0.496239
0.496281
0.496382
0.496387
0.496671
0.496671
0.496903
0.496903
0.496904
0.497025
0.497101
0.497102
0.497103
0.497109
0.497253
0.497257
0.497264
0.497265
0.497268
0.497303
0.497303
0.497366
0.497405
0.497405
0.497429
0.497468
0.497468
0.497472
0.497519
0.49754
0.49754
0.49754
0.49754
0.49754
0.497561
0.497561
0.497572
0.497572
0.497593
0.497593
0.497593
0.497593
0.497593
0.497597
0.497597
0.497604
0.497605
0.497605
0.497605
0.497607
0.49761
0.49761
0.497611
0.497612
0.497612
0.497613
0.497614
0.497614
0.497614
0.497615
0.497615
0.497615
0.497615
0.497615
0.497615
0.497616
0.497616
0.497616
0.497617
0.497617
0.497617
0.497618
0.497618
0.497618
0.497618
0.497618
0.497619
0.497619
0.497619
0.497619
0.497619
0.497619
0.497619
0.497619
0.497619
0.497619
0.497619
0.497619
0.497619
0.497619
0.497619
0.497619
0.497619
0.497619
0.497619
0.497619
0.497619
0.497619
0.497619
0.497619
0.497619
0.497619
0.497619
0.497619
0.497619
0.497619
0.497619
0.497619
0.497619
0.497619
0.497619
0.497619
0.497619
0.497619
0.497619
0.497619
0.497619
0.497619
0.497619
0.497619
0.497619
0.497619
0.49762
0.49762
0.49762
0.49762
0.49762
0.49762
0.49762
0.49762
0.49762
0.49762
0.49762
0.49762
0.49762
0.49762
0.49762
0.49762
0.49762
0.49762
0.49762
0.49762
0.49762
0.49762
0.49762
0.49762
0.49762
0.49762
0.49762
0.49762
0.49762
0.49762
0.49762
0.49762
0.49762
0.49762
0.49762
0.49762
0.49762
0.49762
0.49762
0.49762
0.49762
0.49762
0.49762
0.49762
0.49762
0.49762
0.49762
0.49762
0.49762
0.49762
0.49762
0.49762
0.49762
0.49762
0.49762
0.49762
0.49762
0.49762
0.49762
0.49762
0.49762
0.49762
0.49762
0.49762
0.49762
0.49762
0.49762
0.49762
0.49762
0.49762
0.49762
0.49762
0.49762
0.49762
0.49762
0.49762
0.49762
0.49762
0.49762
0.49762
0.49762
0.49762
0.49762
0.49762
0.49762
0.49762
0.49762
0.49762
0.49762
0.49762
0.49762
0.49762
0.49762
0.49762
0.49762
0.49762
0.49762
0.49762
0.49762
0.49762
0.49762
0.49762
0.49762
0.49762
0.49762
0.49762
0.49762
0.49762
0.49762
0.49762
0.49762
0.49762
0.49762


0.0685518
0.0768457
0.0871388
0.0981248
0.105953
0.111521
0.111593
0.112858
0.113558
0.116813
0.116813
0.117755
0.118138
0.120728
0.120871
0.124556
0.124556
0.125149
0.128622
0.13636
0.138254
0.144352
0.145726
0.145726
0.147955
0.151831
0.1524
0.153753
0.156079
0.161593
0.185638
0.183351
0.187374
0.197129
0.225252
0.225252
0.226476
0.230085
0.255868
0.257706
0.270858
0.280228
0.306339
0.313141
0.313141
0.371026
0.371026
0.383811
0.394951
0.403192
0.412835
0.442155
0.449522
0.460851
0.474493
0.50806
0.516432
0.532588
0.566404
0.566404
0.571222
0.57732
0.579955
0.587076
0.606703
0.60791
0.610612
0.622063
0.626324
0.63171
0.651084
0.65544
0.65969
0.661392
0.663762
0.672659
0.672659
0.674725
0.678535
0.678535
0.678581
0.678756
0.680856
0.683219
0.684494
0.685334
0.686205
0.68714
0.688614
0.689459
0.689561
0.689646
0.692278
0.692468
0.692468
0.693138
0.693229
0.693509
0.694326
0.694477
0.694514
0.694567
0.69504
0.695277
0.695401
0.695402
0.695402
0.695611
0.695739
0.695812
0.695828
0.695947
0.696029
0.696078
0.69611
0.69622
0.69622
0.69622
0.696282
0.696314
0.696339
0.69633
0.696345
0.696377
0.696398
0.696401
0.696423
0.696438
0.696443
0.696458
0.696466
0.696464
0.696474
0.696475
0.696478
0.696479
0.696482
0.696484
0.696485
0.69649
0.696495
0.696496
0.696498
0.696498
0.696501
0.696502
0.696503
0.696504
0.696506
0.696508
0.696508
0.696509
0.69651
0.696511
0.696511
0.696513
0.696513
0.696513
0.696513
0.696513
0.696513
0.696514
0.696514
0.696514
0.696514
0.696514
0.696514
0.696514
0.696514
0.696514
0.696515
0.696515
0.696515
0.696515
0.696515
0.696515
0.696515
0.696515
0.696515
0.696515
0.696515
0.696515
0.696515
0.696515
0.696515
0.696515
0.696515
0.696515
0.696515
0.696515
0.696515
0.696515
0.696515
0.696515
0.696515
0.696515
0.696515
0.696515
0.696515
0.696515
0.696515
0.696515
0.696515
0.696515
0.696515
0.696515
0.696515
0.696515
0.696515
0.696515
0.696515
0.696515
0.696515
0.696515
0.696515
0.696515
0.696515
0.696515
0.696515
0.696515
0.696515
0.696515
0.696515
0.696515
0.696515
0.696515
0.696515
0.696515
0.696515
0.696515
0.696515
0.696515
0.696515
0.696515
0.696515
0.696515
0.696515
0.696515
0.696515
0.696515
0.696515
0.696515
0.696515
0.696515
0.696515
0.696515
0.696515
0.696515
0.696515
0.696515
0.696515
0.696515
0.696515
0.696515
0.696515
0.696515
0.696515
0.696515
0.696515
0.696515
0.696515
0.696515
0.696515
0.696515
0.696515
0.696515
0.696515
0.696515
0.696515
0.696515
0.696515
0.696515
0.696515
0.696515
0.696515
0.696515
0.696515
0.696515
0.696515
0.696515
0.696515
0.696515
0.696515
0.696515
0.696515
0.696515
0.696515
0.696515
0.696515
0.696515
0.696515
0.696515
0.696515
0.696515
0.696515
0.696515
0.696515
0.696515
0.696515
0.696515
0.696515
0.696515
0.696515
0.696515
0.696515
0.696515
0.696515
0.696515
0.696515
0.696515
0.696515
0.696515
0.696515
0.696515
0.696515
0.696515
0.696515
0.696515
0.696515
0.696515
0.696515
0.696491
0.696515
0.696515
0.696515
0.696515
0.696515
0.696515
0.696515
0.696515
0.696515
0.696515
0.696515
0.696515
0.696515
0.696515
0.696515
0.696515
0.696515
0.696515
0.696515
0.696515
0.696515
0.696515
0.696515
0.696515
0.696515
0.696515
0.696515
0.696515
0.696515
0.696197
0.696515
0.696515
0.696515
0.696515
0.696515
0.696515
0.696515
0.696515
0.696515
0.696515
0.696515
0.696515
0.696515
0.696515
0.696515
0.696515
0.696515
0.696515
0.696515
0.696515
0.696515
0.696515
0.696515
0.696515
0.696515
0.696515
0.696515
0.696515
0.696515
0.696515
0.696515
0.696515
0.696515
0.696515
0.696515
0.696515
0.696515
0.696515
0.696515
0.696515
0.696515
0.696515
0.696515
0.696515
0.696515
0.696515
0.696515
0.696515


0.054983
0.058262
0.0622472
0.0633502
0.065643
0.069353
0.0710742
0.072614
0.0727113
0.0736628
0.0751195
0.0752591
0.0753695
0.0766316
0.0780657
0.078241
0.078241
0.0785184
0.0792153
0.0799277
0.0817509
0.0807901
0.0807901
0.0843674
0.0845461
0.0871626
0.0907503
0.0921357
0.0945406
0.0945406
0.0953025
0.107361
0.114716
0.116676
0.121153
0.123073
0.123073
0.127928
0.131758
0.1348
0.140972
0.155705
0.155705
0.160561
0.163
0.175108
0.181006
0.190517
0.201257
0.213236
0.236669
0.236669
0.241018
0.241018
0.25076
0.257585
0.27515
0.277355
0.278676
0.29241
0.319748
0.316853
0.337151
0.360887
0.360887
0.363859
0.383664
0.395508
0.399074
0.416305
0.416305
0.428318
0.459745
0.459745
0.462817
0.467056
0.480346
0.483758
0.489894
0.496555
0.513988
0.526789
0.530822
0.530822
0.530822
0.536227
0.536883
0.537355
0.544826
0.546055
0.54743
0.550947
0.551352
0.551821
0.56947
0.56947
0.569767
0.569767
0.56985
0.570514
0.571608
0.572548
0.572971
0.575551
0.575555
0.575555
0.57628
0.577184
0.577616
0.577668
0.577749
0.578239
0.578425
0.578425
0.578905
0.578905
0.578994
0.579007
0.579145
0.579243
0.579549
0.579503
0.57951
0.579673
0.579673
0.579797
0.579976
0.580076
0.580098
0.580098
0.580267
0.580235
0.580295
0.580355
0.580355
0.580357
0.580498
0.5805
0.5805
0.580515
0.58052
0.580546
0.580546
0.580547
0.580549
0.580561
0.580569
0.580569
0.580609
0.580619
0.580619
0.580646
0.58065
0.580652
0.580652
0.580661
0.580663
0.580663
0.580668
0.580673
0.580673
0.580673
0.580682
0.580684
0.580684
0.58069
0.58069
0.580693
0.580693
0.580693
0.580699
0.580699
0.5807
0.580705
0.580705
0.580705
0.580708
0.580708
0.580708
0.580708
0.58071
0.580711
0.580711
0.580711
0.580712
0.580712
0.580713
0.580713
0.580713
0.580713
0.580713
0.580713
0.580713
0.580715
0.580715
0.580715
0.580715
0.580715
0.580715
0.580715
0.580715
0.580715
0.580715
0.580715
0.580716
0.580716
0.580716
0.580716
0.580716
0.580716
0.580716
0.580716
0.580716
0.580716
0.580716
0.580716
0.580716
0.580716
0.580716
0.580716
0.580716
0.580716
0.580716
0.580716
0.580716
0.580716
0.580716
0.580716
0.580716
0.580716
0.580716
0.580716
0.580716
0.580716
0.580716
0.580716
0.580716
0.580716
0.580716
0.580716
0.580716
0.580716
0.580716
0.580716
0.580716
0.580716
0.580716
0.580716
0.580716
0.580716
0.580716
0.580716
0.580716
0.580716
0.580716
0.580716
0.580716
0.580716
0.580716
0.580716
0.580716
0.580716
0.580716
0.580716
0.580716
0.580716
0.580716
0.580716
0.580716
0.580716
0.580716
0.580716
0.580716
0.580716
0.580716
0.580716
0.580716
0.580716
0.580716
0.580716
0.580716
0.580716
0.580716
0.580716
0.580716
0.580716
0.580716
0.580716
0.580716
0.580716
0.580716
0.580716
0.580716
0.580716
0.580716
0.580716
0.580716
0.580716
0.580716
0.580716
0.580716
0.580716
0.580716
0.580716
0.580716
0.580716
0.580716
0.580716
0.580716
0.580716
0.580716
0.580716
0.580716
0.580716
0.580716
0.580716
0.580716
0.580716
0.580716
0.580716
0.580716
0.580716
0.580716
0.580716
0.580716
0.580716
0.580716
0.580716
0.580716
0.580716
0.580716
0.580716
0.580716
0.580716
0.580716
0.580716
0.580716
0.580716
0.580716
0.580716
0.580716
0.580716
0.580716
0.580716
0.580716
0.580716
0.580716
0.580716
0.580716
0.580716
0.580716
0.580716
0.580716
0.580716
0.580716
0.580716
0.580716
0.580716
0.580716
0.580716
0.580716
0.580716
0.580716
0.580716
0.580716
0.580716
0.580716
0.580716
0.580716
0.580716
0.580716
0.580716
0.580716
0.580716
0.580716
0.580716
0.580716
0.580716
0.580716
0.580716
0.580716
0.580716
0.580716
0.580716
0.580716
0.580716
0.580716
0.580716
0.580716
0.580716
0.580716
0.580716
0.580716
0.580716
0.580716
0.580716
0.580716
0.580716
0.580716
0.580716


0.0513895
0.0598254
0.0728706
0.0757475
0.0757475
0.0772671
0.0774994
0.0794379
0.0800027
0.0815948
0.0817814
0.0820591
0.0827047
0.0832692
0.0841281
0.0850264
0.0850338
0.0855283
0.0856354
0.0857525
0.0858307
0.0858937
0.0859297
0.08593
0.0859644
0.0859681
0.0859706
0.0859837
0.0860462
0.0860551
0.0860664
0.0860676
0.0860941
0.0860941
0.086095
0.0861016
0.0861071
0.086114
0.0861158
0.0861163
0.0861166
0.0861179
0.0861246
0.0861317
0.0861319
0.0861319
0.0861327
0.0861339
0.0861349
0.0861362
0.086137
0.0861374
0.0861375
0.0861375
0.0861378
0.0861381
0.0861381
0.0861381
0.0861386
0.0861386
0.0861386
0.0861387
0.086139
0.086139
0.0861391
0.0861393
0.0861393
0.0861395
0.0861395
0.0861396
0.0861397
0.0861397
0.0861399
0.0861399
0.08614
0.08614
0.08614
0.0861401
0.0861401
0.0861401
0.0861401
0.0861401
0.0861402
0.0861402
0.0861402
0.0861403
0.0861403
0.0861403
0.0861404
0.0861404
0.0861405
0.0861405
0.0861405
0.0861406
0.0861406
0.0861406
0.0861406
0.0861406
0.0861406
0.0861407
0.0861407
0.0861407
0.0861407
0.0861408
0.0861408
0.0861408
0.0861408
0.0861408
0.0861409
0.0861409
0.0861409
0.086141
0.086141
0.0861411
0.0861411
0.0861412
0.0861412
0.0861413
0.0861413
0.0861415
0.0861416
0.0861418
0.0861419
0.0861421
0.0861423
0.0861425
0.0861427
0.0861429
0.0861441
0.0861458
0.0861591
0.0861706
0.0862174
0.0863483
0.0873349
0.0881302
0.0885103
0.0892984
0.0932368
0.0933846
0.0942807
0.0957897
0.0959293
0.0976793
0.106263
0.108612
0.120773
0.120773
0.12348
0.124244
0.124244
0.124244
0.131549
0.132
0.135778
0.137205
0.141886
0.159598
0.17466
0.175955
0.189197
0.189197
0.191783
0.195022
0.221532
0.226675
0.252443
0.252443
0.286927
0.286927
0.296604
0.303089
0.303089
0.303089
0.310421
0.324483
0.324483
0.324483
0.351152
0.352883
0.352883
0.348901
0.366187
0.372088
0.372088
0.39279
0.39279
0.39279
0.39314
0.394423
0.406621
0.406621
0.431599
0.431599
0.431693
0.431693
0.431693
0.451926
0.458346
0.468503
0.468503
0.474922
0.486145
0.486734
0.486734
0.493658
0.503865
0.509565
0.509565
0.512481
0.514233
0.520871
0.521048
0.523022
0.524427
0.525964
0.525964
0.526553
0.528088
0.528088
0.532225
0.531387
0.53222
0.532624
0.532692
0.532692
0.532692
0.533881
0.533945
0.533945
0.533945
0.534437
0.534999
0.534999
0.535101
0.535101
0.535181
0.535181
0.535181
0.535744
0.535969
0.535969
0.535969
0.535969
0.536175
0.536397
0.536397
0.536424
0.536519
0.536538
0.536538
0.536579
0.536579
0.536778
0.536778
0.536778
0.536793
0.536819
0.536854
0.536865
0.53688
0.536852
0.536852
0.536852
0.536883
0.536887
0.536903
0.536903
0.536903
0.536996
0.536996
0.536996
0.536996
0.537006
0.537015
0.537071
0.537071
0.537094
0.537094
0.537112
0.537117
0.537155
0.537155
0.537155
0.537155
0.537155
0.537155
0.537168
0.537175
0.537175
0.537189
0.537197
0.537203
0.537203
0.537206
0.537208
0.537214
0.537214
0.537217
0.537218
0.537218
0.537223
0.53723
0.537234
0.537238
0.537238
0.537241
0.537244
0.537244
0.537244
0.537244
0.537243
0.537245
0.537245
0.537245
0.537246
0.537246
0.537246
0.537249
0.537249
0.537249
0.53725
0.53725
0.537251
0.537251
0.537251
0.537251
0.537251
0.537251
0.537251
0.537251
0.537251
0.537251
0.537252
0.537252
0.537252
0.537252
0.537252
0.537252
0.537252
0.537253
0.537253
0.537253
0.537253
0.537253
0.537253
0.537253
0.537253
0.537253
0.537253
0.537253
0.537253
0.537253
0.537253
0.537253
0.537253
0.537253
0.537253
0.537253
0.537253
0.537253
0.537253
0.537253
0.537253
0.537253
0.537253
0.537253
0.537253
0.537253
0.537253
0.537253
0.537253
0.537253
0.537253
0.537253
0.537253
0.537253
0.537253
0.537253
0.537253
0.537253
0.537253
0.537253
0.537253
0.537253
0.537253
0.537253
0.537253
0.537253
0.537253
0.537253
0.537253
0.537253
0.537253
0.537253
0.537253
0.537253
0.537253
0.537253
0.537253


0.0607739
0.0766652
0.0791571
0.0799333
0.0851758
0.0851758
0.0852479
0.0875409
0.0882344
0.0887707
0.0887853
0.0893625
0.0895952
0.0900656
0.0905592
0.0911745
0.0913602
0.0919398
0.091974
0.0919984
0.092061
0.0921762
0.0923764
0.0924512
0.0924749
0.0925784
0.0926689
0.0927301
0.0928309
0.0929052
0.0930459
0.0943265
0.0943265
0.0943394
0.0943408
0.0953437
0.0953458
0.0962727
0.0975394
0.0975397
0.0975404
0.0984444
0.100011
0.100011
0.100011
0.102245
0.109705
0.115769
0.119993
0.122444
0.122444
0.123211
0.126072
0.126072
0.126072
0.126782
0.126782
0.133014
0.155654
0.155654
0.155654
0.158703
0.162002
0.162002
0.166326
0.170033
0.170033
0.187527
0.187527
0.190183
0.202583
0.211838
0.220373
0.230422
0.230422
0.233067
0.259143
0.259143
0.259143
0.263591
0.263591
0.27005
0.271929
0.271929
0.271929
0.271929
0.287669
0.292074
0.298052
0.303082
0.303082
0.303755
0.311962
0.311962
0.311994
0.325036
0.330837
0.337903
0.337903
0.342328
0.342328
0.346017
0.350499
0.350499
0.350673
0.350673
0.357847
0.358614
0.358614
0.358936
0.360362
0.362712
0.362712
0.366495
0.366495
0.366495
0.369688
0.370751
0.371335
0.371348
0.371348
0.371348
0.373701
0.373701
0.375305
0.375305
0.375593
0.375811
0.376605
0.377093
0.377093
0.37669
0.377385
0.377385
0.377823
0.377913
0.378126
0.378126
0.378317
0.378583
0.378583
0.378705
0.378754
0.378879
0.3789
0.379091
0.379164
0.379164
0.379164
0.379183
0.379201
0.379214
0.379214
0.379237
0.379255
0.379287
0.379289
0.3793
0.379317
0.379317
0.379337
0.379337
0.379357
0.37937
0.379474
0.379486
0.379514
0.379514
0.379528
0.379545
0.379548
0.379564
0.379564
0.37957
0.379573
0.379583
0.379583
0.379595
0.379595
0.379601
0.379605
0.379607
0.379607
0.379607
0.379611
0.379611
0.379613
0.379614
0.379614
0.379616
0.379616
0.379617
0.379617
0.379617
0.379618
0.379618
0.379619
0.37962
0.37962
0.379621
0.379621
0.379621
0.379622
0.379622
0.379622
0.379622
0.379622
0.379622
0.379622
0.379622
0.379622
0.379622
0.379622
0.379622
0.379622
0.379622
0.379623
0.379623
0.379623
0.379623
0.379623
0.379623
0.379623
0.379623
0.379623
0.379623
0.379623
0.379623
0.379623
0.379623
0.379623
0.379623
0.379623
0.379623
0.379623
0.379623
0.379623
0.379623
0.379623
0.379623
0.379623
0.379623
0.379623
0.379623
0.379623
0.379623
0.379623
0.379623
0.379623
0.379623
0.379623
0.379623
0.379623
0.379623
0.379623
0.379623
0.379623
0.379623
0.379623
0.379623
0.379623
0.379623
0.379623
0.379623
0.379623
0.379623
0.379623
0.379623
0.379623
0.379623
0.379623
0.379623
0.379623
0.379623
0.379623
0.379623
0.379623
0.379623
0.379623
0.379623
0.379623
0.379623
0.379623
0.379623
0.379623
0.379623
0.379623
0.379623
0.379623
0.379623
0.379623
0.379623
0.379623
0.379623
0.379623
0.379623
0.379623
0.379623
0.379623
0.379623
0.379623
0.379623
0.379623
0.379623
0.379623
0.379623
0.379623
0.379623
0.379623
0.379623
0.379623
0.379623
0.379623
0.379623
0.379623
0.379623
0.379623
0.379623
0.379623
0.379623
0.379623
0.379623
0.379623
0.379623
0.379623
0.379623
0.379623
0.379623
0.379623
0.379623
0.379623
0.379623
0.379623
0.379623
0.379623
0.379623
0.379623
0.379623
0.379623
0.379623
0.379623
0.379623
0.379623
0.379623
0.379623
0.379623
0.379623
0.379623
0.379623
0.379623
0.379623
0.379623
0.379623
0.379623
0.379623
0.379623
0.379623
0.379623
0.379623
0.379623
0.379623
0.379623
0.379623
0.379623
0.379623
0.379623
0.379623
0.379623
0.379623
0.379623
0.379623
0.379623
0.379623
0.379623
0.379623
0.379623
0.379623
0.379623
0.379623
0.379623
0.379623
0.379623
0.379623
0.379623
0.379623
0.379623
0.379623
0.379623
0.379623
0.379623
0.379623
0.379623
0.379623
0.379623
0.379623
0.379623
0.379623
0.379623
0.379623
0.379623


0.0550641
0.0634102
0.0709338
0.0756872
0.0756872
0.0827866
0.0851598
0.0852038
0.0853977
0.0863713
0.0866472
0.0872938
0.0887722
0.0890862
0.0900068
0.0904387
0.0905273
0.0910498
0.0910538
0.0910538
0.0912116
0.0914716
0.0915006
0.0915664
0.0915824
0.0915824
0.0919612
0.0942109
0.0942178
0.0966069
0.0973828
0.0973845
0.0983979
0.0983999
0.0991375
0.100569
0.103591
0.10932
0.114901
0.114902
0.123547
0.127414
0.129526
0.129527
0.129527
0.129595
0.129932
0.136746
0.138643
0.139883
0.143619
0.151042
0.2117
0.2117
0.2117
0.236535
0.252149
0.252997
0.26725
0.267981
0.290523
0.301367
0.301367
0.302677
0.316226
0.322227
0.340765
0.346047
0.363141
0.363141
0.374999
0.374999
0.38449
0.396386
0.396386
0.399183
0.425682
0.425682
0.435993
0.443276
0.452397
0.465649
0.465649
0.468729
0.468729
0.476209
0.476278
0.481427
0.485423
0.491151
0.493464
0.493464
0.502088
0.505891
0.506524
0.506524
0.506635
0.506635
0.510027
0.510027
0.511072
0.511189
0.511189
0.512222
0.512254
0.512697
0.513479
0.513864
0.513954
0.514299
0.515611
0.51502
0.515414
0.515536
0.515536
0.515536
0.515883
0.516589
0.516628
0.516628
0.516787
0.51694
0.516944
0.516965
0.516965
0.516965
0.516965
0.517041
0.517041
0.517145
0.517145
0.517232
0.517232
0.517232
0.517264
0.51727
0.517271
0.517271
0.517271
0.517292
0.517331
0.517331
0.517335
0.517341
0.517343
0.517352
0.517353
0.51736
0.517365
0.517375
0.517375
0.517375
0.51738
0.51738
0.517383
0.517387
0.517387
0.517387
0.517388
0.517388
0.517392
0.517392
0.517393
0.517393
0.517394
0.517395
0.517395
0.517397
0.517398
0.517398
0.517398
0.517398
0.517399
0.517399
0.517399
0.517399
0.517399
0.517399
0.5174
0.5174
0.5174
0.5174
0.5174
0.517401
0.517401
0.517401
0.517401
0.517401
0.517401
0.517401
0.517401
0.517401
0.517401
0.517401
0.517401
0.517401
0.517401
0.517401
0.517401
0.517401
0.517401
0.517401
0.517401
0.517401
0.517401
0.517401
0.517401
0.517401
0.517401
0.517401
0.517401
0.517401
0.517401
0.517401
0.517401
0.517401
0.517401
0.517401
0.517401
0.517401
0.517401
0.517401
0.517401
0.517401
0.517401
0.517401
0.517401
0.517401
0.517401
0.517401
0.517401
0.517401
0.517401
0.517401
0.517401
0.517401
0.517401
0.517401
0.517401
0.517401
0.517401
0.517401
0.517401
0.517401
0.517401
0.517401
0.517401
0.517401
0.517401
0.517401
0.517401
0.517401
0.517401
0.517401
0.517401
0.517401
0.517401
0.517401
0.517401
0.517401
0.517401
0.517401
0.517401
0.517401
0.517401
0.517401
0.517401
0.517401
0.517401
0.517401
0.517401
0.517401
0.517401
0.517401
0.517401
0.517401
0.517401
0.517401
0.517401
0.517401
0.517401
0.517401
0.517401
0.517401
0.517401
0.517401
0.517401
0.517401
0.517401
0.517401
0.517401
0.517401
0.517401
0.517401
0.517401
0.517401
0.517401
0.517401
0.517401
0.517401
0.517401
0.517401
0.517401
0.517401
0.517401
0.517401
0.517401
0.517401
0.517401
0.517401
0.517401
0.517401
0.517401
0.517401
0.517401
0.517401
0.517401
0.517401
0.517401
0.517401
0.517401
0.517401
0.517401
0.517401
0.517401
0.517401
0.517401
0.517401
0.517401
0.517401
0.517401
0.517401
0.517401
0.517401
0.517401
0.517401
0.517401
0.517401
0.517401
0.517401
0.517401
0.517395
0.517401
0.517401
0.517401
0.517401
0.517401
0.517401
0.517401
0.517401
0.517401
0.517401
0.517401
0.517401
0.517401
0.517401
0.517401
0.517401
0.517401
0.517401
0.517401
0.517401
0.517401
0.517401
0.517401
0.517401
0.517401
0.517401
0.517401
0.517401
0.517401
0.517401
0.517401
0.517401
0.517401
0.517401
0.517401
0.517401
0.517401
0.517401
0.517401
0.517401
0.517401
0.517401
0.517401
0.517401
0.517401
0.517401
0.517401
0.517401
0.517401
0.517401
0.517401
0.517401
0.517401
0.517401
0.517401
0.517401
0.517401
0.517401


0.0587701
0.0600039
0.0609242
0.0652842
0.067003
0.067871
0.0685235
0.0686646
0.0694693
0.0705298
0.0713106
0.070819
0.072234
0.0724319
0.0732507
0.0735957
0.0737957
0.0739096
0.0739096
0.0740025
0.0740439
0.0744044
0.0747381
0.0747934
0.0748587
0.0750763
0.075352
0.0753582
0.075874
0.0760729
0.0760729
0.0761483
0.0763687
0.0763688
0.0763698
0.0763773
0.076826
0.07826
0.0782613
0.0805012
0.0805061
0.0805571
0.0835758
0.0866128
0.0866164
0.0866341
0.0876035
0.0876103
0.0876255
0.0891483
0.0893841
0.0988202
0.0988202
0.101853
0.104373
0.1054
0.105525
0.105674
0.131265
0.133355
0.133405
0.13505
0.137072
0.139426
0.142634
0.151496
0.152251
0.184402
0.184402
0.187232
0.197081
0.199566
0.217804
0.219563
0.236111
0.255656
0.274771
0.278332
0.295197
0.305014
0.356125
0.39032
0.405966
0.420811
0.496127
0.504717
0.504717
0.512192
0.52526
0.578097
0.578097
0.602348
0.603524
0.637873
0.638246
0.666285
0.673796
0.673796
0.709212
0.714857
0.748703
0.748703
0.752894
0.774437
0.780085
0.782541
0.835085
0.845964
0.855004
0.8737
0.8737
0.877062
0.877062
0.878612
0.892022
0.892685
0.909115
0.909632
0.910178
0.913238
0.913238
0.911899
0.919502
0.923947
0.926153
0.943444
0.945402
0.945569
0.952413
0.952499
0.968863
0.95762
0.961382
0.964474
0.965763
0.970378
0.970441
0.974977
0.974977
0.978431
0.978577
0.978546
0.979558
0.981487
0.981675
0.98272
0.984515
0.984581
0.987372
0.987397
0.987397
0.988972
0.989353
0.990221
0.990239
0.990239
0.991242
0.992079
0.992096
0.992335
0.99234
0.993009
0.993204
0.99378
0.993786
0.993871
0.994021
0.994163
0.994708
0.994709
0.994783
0.994788
0.995206
0.995817
0.995817
0.995817
0.995871
0.995872
0.995872
0.995969
0.996035
0.996019
0.996019
0.996041
0.996073
0.996096
0.996256
0.996256
0.99627
0.996295
0.996295
0.996339
0.996339
0.996339
0.996343
0.996385
0.996436
0.996436
0.99645
0.99645
0.996454
0.996439
0.996458
0.996464
0.996464
0.996464
0.996469
0.99647
0.996475
0.99648
0.99648
0.996482
0.996486
0.996486
0.996491
0.996491
0.996492
0.996501
0.996504
0.996508
0.996509
0.996514
0.996518
0.996518
0.996518
0.99652
0.996522
0.996524
0.996526
0.996529
0.996529
0.996532
0.996532
0.996533
0.996533
0.996533
0.996537
0.996538
0.996538
0.996538
0.996538
0.996537
0.996538
0.996538
0.996539
0.996539
0.996539
0.996539
0.996539
0.996539
0.996539
0.996539
0.996539
0.996539
0.99654
0.99654
0.99654
0.99654
0.996541
0.996541
0.996541
0.996541
0.996541
0.996541
0.996541
0.996541
0.996541
0.996541
0.996542
0.996542
0.996542
0.996542
0.996542
0.996542
0.996542
0.996542
0.996542
0.996542
0.996542
0.996542
0.996542
0.996542
0.996542
0.996542
0.996542
0.996542
0.996542
0.996542
0.996542
0.996542
0.996542
0.996542
0.996542
0.996542
0.996542
0.996542
0.996542
0.996542
0.996542
0.996542
0.996542
0.996542
0.996542
0.996542
0.996542
0.996542
0.996542
0.996542
0.996542
0.996542
0.996542
0.996542
0.996542
0.996542
0.996542
0.996542
0.996542
0.996542
0.996542
0.996542
0.996542
0.996542
0.996542
0.996542
0.996542
0.996542
0.996542
0.996542
0.996542
0.996542
0.996542
0.996542
0.996542
0.996542
0.996542
0.996542
0.996542
0.996542
0.996542
0.996542
0.996542
0.996542
0.996542
0.996542
0.996542
0.996542
0.996542
0.996542
0.996542
0.996542
0.996542
0.996542
0.996542
0.996542
0.996542
0.996542
0.996542
0.996542
0.996542
0.996542
0.996542
0.996542
0.996542
0.996542
0.996542
0.996542
0.996542
0.996542
0.996542
0.996542
0.996542
0.996542
0.996542
0.996542
0.996542
0.996542
0.996542
0.996542
0.996542
0.996542
0.996542
0.994721
0.996542
0.996542
0.996542
0.996542
0.996542
0.996542
0.996542
0.996542
0.996542
0.996542
0.996542
0.996542
0.996542
0.996542
0.996542
0.996542
0.996542
0.996542


0.0796686
0.0828489
0.0927514
0.105231
0.110498
0.110498
0.112608
0.113714
0.11727
0.119348
0.120809
0.121562
0.1218
0.122565
0.123688
0.125138
0.125866
0.126375
0.126659
0.127275
0.127474
0.12804
0.129445
0.129454
0.12952
0.129577
0.129577
0.129578
0.129652
0.132594
0.133779
0.130221
0.132574
0.134325
0.136353
0.137885
0.149069
0.158194
0.160069
0.161747
0.167148
0.168592
0.168598
0.170466
0.179446
0.190888
0.192042
0.203572
0.218424
0.218424
0.224857
0.242181
0.242182
0.248319
0.258473
0.27738
0.279321
0.295946
0.307085
0.355073
0.355073
0.362292
0.362292
0.366259
0.367688
0.381769
0.381769
0.395576
0.401293
0.416445
0.420397
0.425006
0.429519
0.452595
0.464491
0.465685
0.465685
0.468742
0.468742
0.475105
0.477076
0.475627
0.477694
0.483366
0.4867
0.493704
0.497735
0.497735
0.497735
0.498099
0.499247
0.499247
0.499935
0.500668
0.501276
0.503117
0.503653
0.503653
0.503653
0.505254
0.505254
0.505855
0.506484
0.506668
0.506668
0.506961
0.507351
0.507351
0.507463
0.507583
0.507583
0.507564
0.507564
0.507605
0.507737
0.507805
0.507805
0.507805
0.50792
0.508008
0.508014
0.508015
0.508031
0.508066
0.508066
0.508129
0.508204
0.508204
0.508215
0.508227
0.508235
0.508231
0.508231
0.508244
0.50826
0.50826
0.50828
0.50828
0.508282
0.508286
0.508291
0.508297
0.508297
0.508302
0.508302
0.508311
0.508311
0.508313
0.508313
0.508315
0.508316
0.508323
0.508323
0.508324
0.508324
0.508325
0.508325
0.508326
0.508327
0.508327
0.508327
0.508328
0.508329
0.508329
0.50833
0.508331
0.508331
0.508331
0.508331
0.508331
0.508331
0.508331
0.508331
0.508331
0.508331
0.508331
0.508331
0.508331
0.508332
0.508332
0.508332
0.508332
0.508332
0.508332
0.508332
0.508332
0.508332
0.508332
0.508332
0.508332
0.508332
0.508332
0.508332
0.508332
0.508332
0.508332
0.508332
0.508332
0.508332
0.508332
0.508332
0.508332
0.508332
0.508332
0.508332
0.508332
0.508332
0.508332
0.508332
0.508332
0.508332
0.508332
0.508332
0.508332
0.508332
0.508332
0.508332
0.508332
0.508332
0.508332
0.508332
0.508332
0.508332
0.508332
0.508332
0.508332
0.508332
0.508332
0.508332
0.508332
0.508332
0.508332
0.508332
0.508332
0.508332
0.508332
0.508332
0.508332
0.508332
0.508332
0.508332
0.508332
0.508332
0.508332
0.508332
0.508332
0.508332
0.508332
0.508332
0.508332
0.508332
0.508332
0.508332
0.508332
0.508332
0.508449
0.508704
0.509061
0.509224
0.509955
0.510596
0.512875
0.513427
0.514678
0.514678
0.514895
0.514895
0.515429
0.515429
0.515557
0.516147
0.516625
0.51755
0.518153
0.518941
0.520005
0.523906
0.523906
0.524314
0.524994
0.525025
0.525863
0.535358
0.535358
0.535358
0.539927
0.539927
0.539927
0.539927
0.546467
0.547838
0.548526
0.548526
0.54934
0.554499
0.556223
0.556223
0.557854
0.559252
0.559252
0.559252
0.560581
0.560581
0.560581
0.563224
0.565814
0.566386
0.566386
0.567769
0.626383
0.626383
0.618161
0.618161
0.628086
0.628086
0.62887
0.62887
0.629224
0.629325
0.629325
0.630158
0.629607
0.629852
0.63033
0.63033
0.63033
0.630397
0.631236
0.631236
0.631554
0.632648
0.632636
0.640394
0.640885
0.644285
0.644895
0.64988
0.651958
0.652698
0.653868
0.655587
0.656654
0.657688
0.658529
0.658989
0.659389
0.659888
0.660319
0.661014
0.665899
0.665899
0.666706
0.66677
0.666827
0.66791
0.668235
0.668235
0.668577
0.66903
0.669657
0.669864
0.669941
0.670592
0.670865
0.67135
0.673533
0.673533
0.673822
0.674004
0.675478
0.675506
0.67668
0.677217
0.677257
0.677257
0.677449
0.677459
0.677459
0.6778
0.677821
0.677821
0.677976
0.677977
0.67865
0.679085
0.679602
0.679602
0.679602
0.679621
0.679621
0.679826
0.679927
0.679953
0.679961
0.68034
0.68057
0.680809
0.681267
0.681408
0.681667


0.0563764
0.0752895
0.0754788
0.078359
0.0797083
0.0824684
0.0833016
0.0847627
0.0873864
0.0875332
0.0879049
0.0884481
0.0888799
0.0891751
0.0892779
0.0897252
0.0897252
0.0898143
0.0899257
0.0901327
0.0902757
0.0902411
0.0903085
0.0904594
0.0904867
0.0904937
0.0905279
0.0905341
0.0905856
0.0908898
0.0933258
0.0941323
0.0941323
0.0976754
0.100582
0.100582
0.100594
0.100947
0.100969
0.101504
0.102998
0.103713
0.103713
0.10894
0.108946
0.109542
0.110995
0.111732
0.111769
0.111924
0.117548
0.119373
0.119825
0.119825
0.120976
0.135236
0.167547
0.16796
0.172533
0.172533
0.208704
0.199804
0.199804
0.199804
0.199804
0.232374
0.232374
0.238177
0.251299
0.258759
0.287139
0.287139
0.311298
0.324821
0.337345
0.346922
0.36473
0.443609
0.469838
0.481804
0.481804
0.490579
0.528814
0.553878
0.554899
0.581943
0.601155
0.601155
0.620169
0.620169
0.634172
0.656705
0.661966
0.68158
0.750649
0.750649
0.76271
0.76271
0.767453
0.784011
0.793237
0.817653
0.820568
0.820578
0.825171
0.83461
0.83461
0.838309
0.838309
0.846198
0.848011
0.852259
0.86385
0.87032
0.877961
0.884812
0.888268
0.89356
0.89356
0.897909
0.899105
0.899859
0.899859
0.903793
0.904002
0.925822
0.927039
0.940178
0.94263
0.945305
0.945967
0.941215
0.944381
0.944381
0.944631
0.967874
0.967998
0.969001
0.971596
0.972051
0.972103
0.972353
0.973098
0.975609
0.976515
0.976515
0.978722
0.979408
0.980263
0.980514
0.981493
0.981554
0.982324
0.982324
0.982324
0.985327
0.988139
0.988675
0.988714
0.988774
0.990031
0.990182
0.991059
0.992728
0.992759
0.993243
0.993407
0.993737
0.995003
0.995043
0.995288
0.995288
0.9953
0.9953
0.995944
0.995963
0.996168
0.996186
0.996433
0.996444
0.996453
0.996485
0.996493
0.996493
0.997021
0.997027
0.997027
0.997291
0.997829
0.998386
0.99845
0.998345
0.998345
0.998529
0.99853
0.998532
0.998534
0.998534
0.998534
0.998542
0.998624
0.998717
0.998783
0.998784
0.998935
0.998935
0.998935
0.999061
0.999061
0.99914
0.99914
0.99914
0.999197
0.999428
0.99948
0.99948
0.99948
0.999526
0.999606
0.999673
0.999801
0.999822
0.999822
0.999891
0.999895
0.999895
0.999898
0.999898
0.999902
0.999912
0.999915
0.999918
0.999938
0.999938
0.999948
0.999953
0.999955
0.999959
0.999969
0.999974
0.999974
0.999974
0.999974
0.999974
0.999979
0.999982
0.999982
0.999984
0.999984
0.999987
0.999987
0.999987
0.999989
0.999992
0.999993
0.999993
0.999993
0.999995
0.999995
0.999995
0.999996
0.999996
0.999997
0.999997
0.999997
0.999997
0.999997
0.999997
0.999997
0.999998
0.999998
0.999998
0.999998
0.999998
0.999998
0.999998
0.999999
0.999999
0.999999
0.999999
0.999999
0.999999
0.999999
0.999999
0.999999
0.999999
0.999999
0.999999
0.999999
0.999999
0.999999
0.999999
1
1
1
1
1
1
1
1
1
1
1
1
1
1
1
1
1
1
1
1
1
1
1
1
1
1
1
1
1
1
1
1
1
1
1
1
1
1
1
1
1
1
1
1
1
1
1
1
1
1
1
1
1
1
1
1
1
1
1
1
1
1
1
1
1
1
1
1
1
1
1
1
1
1
1
1
1
1
1
1
1
1
1
1
1
1
1
1
1
1
1
1
1
1
1
1
1
1
1
1
1
1
1
1
1
1
1
1


0.069954
0.0716207
0.0782759
0.0873044
0.0873044
0.0887262
0.0926746
0.0999151
0.102364
0.102599
0.103
0.104154
0.104527
0.104924
0.106404
0.106404
0.106482
0.106697
0.1067
0.107975
0.109354
0.108952
0.110234
0.113679
0.115278
0.115278
0.115319
0.119607
0.120459
0.122399
0.129056
0.129893
0.129893
0.129897
0.133246
0.143794
0.143794
0.144029
0.14403
0.164583
0.170223
0.170224
0.182532
0.183015
0.197642
0.197642
0.205334
0.224719
0.23912
0.245042
0.245456
0.251666
0.276855
0.276855
0.285253
0.29139
0.292506
0.292506
0.30104
0.303262
0.304386
0.306791
0.306791
0.307925
0.310966
0.310966
0.314372
0.314372
0.314372
0.31543
0.318059
0.317133
0.318912
0.320123
0.321275
0.321275
0.321939
0.321939
0.323734
0.323734
0.324955
0.325473
0.325524
0.325886
0.325886
0.326413
0.326551
0.327207
0.327207
0.327218
0.327875
0.327875
0.327875
0.328036
0.328221
0.328396
0.328396
0.328552
0.328552
0.328597
0.328778
0.328806
0.328814
0.328892
0.328966
0.328985
0.328985
0.328985
0.329021
0.329061
0.329106
0.329115
0.329115
0.329117
0.329119
0.329128
0.329128
0.32913
0.329167
0.329173
0.329173
0.329175
0.329207
0.329221
0.329221
0.329221
0.329221
0.329222
0.329225
0.329225
0.329228
0.329231
0.329232
0.329235
0.329239
0.329239
0.329241
0.329241
0.329241
0.329242
0.329242
0.329243
0.329245
0.329245
0.329245
0.329245
0.329245
0.329246
0.329246
0.329246
0.329247
0.329247
0.329247
0.329247
0.329247
0.329247
0.329247
0.329247
0.329248
0.329248
0.329248
0.329248
0.329248
0.329248
0.329248
0.329248
0.329248
0.329248
0.329248
0.329248
0.329248
0.329248
0.329248
0.329248
0.329248
0.329248
0.329248
0.329248
0.329248
0.329248
0.329248
0.329248
0.329248
0.329248
0.329248
0.329248
0.329248
0.329248
0.329248
0.329248
0.329248
0.329248
0.329248
0.329248
0.329248
0.329248
0.329248
0.329248
0.329248
0.329248
0.329248
0.329248
0.329248
0.329248
0.329248
0.329248
0.329248
0.329248
0.329248
0.329248
0.329248
0.329248
0.329248
0.329248
0.329248
0.329248
0.329248
0.329248
0.329248
0.329248
0.329248
0.329248
0.329248
0.329248
0.329248
0.329248
0.329248
0.329248
0.329248
0.329248
0.329248
0.329248
0.329248
0.329248
0.329248
0.329248
0.329248
0.329248
0.329248
0.329248
0.329248
0.329248
0.329248
0.329248
0.329248
0.329248
0.329248
0.329248
0.329248
0.329248
0.329248
0.329248
0.329248
0.329248
0.329248
0.329248
0.329248
0.329248
0.329248
0.329248
0.329248
0.329248
0.329248
0.329248
0.329248
0.329248
0.329248
0.329248
0.329248
0.329248
0.329248
0.329248
0.329248
0.329248
0.329248
0.329248
0.329248
0.329248
0.329248
0.329248
0.329248
0.329248
0.329248
0.329248
0.329248
0.329248
0.329248
0.329248
0.329248
0.329248
0.329248
0.329248
0.329248
0.329248
0.329248
0.329248
0.329248
0.329248
0.329248
0.329248
0.329248
0.329248
0.329248
0.329248
0.329248
0.329248
0.329248
0.329248
0.329248
0.329248
0.329248
0.329248
0.329248
0.329248
0.329248
0.329248
0.329248
0.329248
0.329248
0.329248
0.329248
0.329248
0.329248
0.329248
0.329248
0.329248
0.329248
0.329248
0.329248
0.329248
0.329248
0.329248
0.329248
0.329248
0.329248
0.329248
0.329248
0.329248
0.329248
0.329248
0.329248
0.329248
0.329248
0.329248
0.329248
0.329248
0.329248
0.329248
0.329248
0.329248
0.329248
0.329248
0.329248
0.329248
0.329248
0.329248
0.329248
0.329248
0.329248
0.329248
0.329248
0.329248
0.329248
0.329248
0.329248
0.329248
0.329248
0.329248
0.329248
0.329248
0.329248
0.329248
0.329248
0.329248
0.329248
0.329248
0.329248
0.329248
0.329248
0.329248
0.329248
0.329248
0.329248
0.329248
0.329248
0.329248
0.329248
0.329248
0.329248
0.329248
0.329248
0.329248
0.329248
0.329248
0.329248
0.329248
0.329248
0.329248
0.329248
0.329248


