897.752
822.509
781.583
675.994
675.994
633.693
621.028
616.036
587.605
585.184
557.668
562.511
528.241
523.612
504.54
451.538
451.538
430.185
418.438
392.89
367.995
319.138
312.218
297.723
283.036
280.901
265.829
202.613
197.882
189.374
167.249
155.785
145.387
132.602
118.001
118.001
116.437
104.703
99.7916
93.0579
90.0486
90.0486
82.7591
82.1003
79.0141
75.8062
70.4418
69.3211
67.7844
64.5614
62.1324
61.0417
59.573
59.497
58.3395
56.6756
56.6756
55.4628
55.4628
55.1385
53.8126
53.8126
53.8126
53.5537
52.6888
52.5502
51.8802
51.7607
51.7607
51.386
51.1348
51.18
50.783
50.7355
50.6632
50.6456
50.5548
50.4633
50.3703
50.3443
50.2798
50.2577
50.2577
50.2034
50.2034
50.1823
50.1723
50.1677
50.1568
50.1274
50.1247
50.1147
50.0945
50.0855
50.0759
50.0663
50.0594
50.0519
50.0445
50.0431
50.0338
50.0333
50.033
50.03
50.0244
50.0188
50.0188
50.0164
50.0156
50.0155
50.0145
50.0115
50.0086
50.0086
50.008
50.007
50.0061
50.0059
50.0045
50.0041
50.0038
50.0037
50.0037
50.0035
50.0028
50.002
50.002
50.0019
50.0018
50.0012
50.0012
50.0011
50.001
50.001
50.0009
50.0008
50.0007
50.0006
50.0005
50.0005
50.0005
50.0004
50.0004
50.0003
50.0003
50.0003
50.0003
50.0003
50.0002
50.0002
50.0002
50.0002
50.0001
50.0001
50.0001
50.0001
50.0001
50.0001
50.0001
50.0001
50.0001
50
50
50
50
50
50
50
50
50
50
50
50
50
50
50
50
50
50
50
50
50
50
50
50
50
50
50
50
50
50
50
50
50
50
50
50
50
50
50
50
50
50
50
50
50
50
50
50
50
50
50
50
50
50
50
50
50
50
50
50
50
50
50
50
50
50
50
50
50
50
50
50
50
50
50
50
50
50
50
50
50
50
50
50
50
50
50
50
50
50
50
50
50
50
50
50
50
50
50
50
50
50
50
50
50
50
50
50
50
50
50
50
50
50
50
50
50
50
50
50
50
50
50
50
50
50
50
50
50
50
50
50
50
50
50
50
50
50
50
50
50
50
50
50
50
50
50
50
50
50
50
50
50
50
50
50
50
50
50
50
50
50
50
50
50
50
50
50
50
50
50
50
50
50
50
50
50
50
50
50
50
50
50
50
50
50
50
50
50
50
50
50
50
50
50
50
50
50
50
50
50
50
50
50
50
50
50
50
50
50
50
50
50
50
50
50
50
50
50
50
50
50
50
50
50
50
50
50
50
50
50
50
50
50
50
50
50
50
50


960.056
889.29
851.524
844.037
832.681
795.807
762.452
717.576
711.169
710.927
696.282
655.444
651.232
633.493
633.493
616.873
593.076
571.905
558.588
551.373
541.456
536.704
531.589
521.666
521.569
437.913
435.944
428.735
419.032
389.428
386.064
384.074
378.585
355.048
334.887
319.571
319.468
317.422
289.488
276.96
275.439
262.618
249.92
244.454
244.096
244.062
231.146
231.146
217.828
197.668
194.046
176.791
170.602
168.249
168.218
148.996
148.996
144.859
142.376
129.618
114.23
109.953
108.239
106.419
104.764
100.875
100.875
99.8526
92.0669
90.4072
85.891
82.516
82.516
78.611
78.611
78.611
73.3821
73.3821
72.1992
72.1992
67.8785
66.3645
64.2658
63.263
62.8369
62.8369
61.7313
61.2765
60.2275
60.0404
59.3007
58.4488
58.4453
58.218
57.4331
57.4331
57.0757
56.9047
56.9047
56.6383
56.3877
56.1103
55.6645
55.5364
55.4992
55.3789
55.1251
55.0327
54.8631
54.8194
54.6368
54.494
54.4365
54.4365
54.3665
54.3665
54.251
54.2085
54.1829
54.1684
54.1533
54.1432
54.1432
54.1316
54.0467
54.0467
54.0407
54.0346
54.0266
54.0235
54.0162
54.0127
54.0061
53.9727
53.9648
53.9573
53.9521
53.9521
53.9521
53.9441
53.9422
53.9422
53.9421
53.9338
53.931
53.9307
53.9285
53.9234
53.9229
53.9201
53.918
53.9174
53.9172
53.9161
53.915
53.9148
53.9137
53.9131
53.912
53.9097
53.9087
53.9085
53.9069
53.9067
53.9061
53.9059
53.9059
53.9058
53.9057
53.9057
53.9051
53.9052
53.905
53.905
53.9049
53.9048
53.9045
53.9045
53.9043
53.9042
53.9041
53.904
53.904
53.9039
53.9039
53.9038
53.9037
53.9037
53.9037
53.9037
53.9037
53.9037
53.9036
53.9036
53.9036
53.9035
53.9035
53.9035
53.9035
53.9035
53.9035
53.9035
53.9035
53.9035
53.9034
53.9034
53.9034
53.9034
53.9034
53.9034
53.4397
53.4397
50.9917
50.9917
50.9917
50.9916
50.1888
49.7136
49.7136
49.7136
49.3956
48.6332
48.1478
48.0304
46.9063
46.1297
45.0155
45.0155
45.0155
45.0155
45.0155
44.6775
44.6775
44.3657
44.3507
44.3507
43.8337
43.8337
43.6556
43.6556
43.6556
43.6556
43.5978
43.4941
43.4421
43.4381
43.1914
43.1914
43.1914
43.1914
43.086
43.086
43.0317
42.8422
42.8422
42.7945
42.7945
42.7945
42.7046
42.6438
42.5531
42.483
42.4632
42.4588
42.4323
42.429
42.3985
42.3705
42.3658
42.2984
42.0294
41.9699
41.8758
41.8513
41.8286
41.7935
41.7811
41.7474
41.5861
41.528
41.4474
41.3535
41.3111
41.2971
41.2943
41.2748
41.2722
41.2653
41.2392
41.2212
41.1985
41.187
41.1739
41.1686
41.0731
41.0341
41.0296
41.0296
41.0285
41.0219
41.0219
40.9965
40.9923
40.9875
40.9839
40.9786
40.9786
40.9752
40.9722
40.9695
40.9695
40.9694
40.9635
40.9635
40.9633
40.9633
40.9512
40.9512
40.9512
40.9512
40.9512
40.9486
40.9457
40.9457
40.9457
40.9457
40.9457
40.9396
40.9396
40.9396
40.9311
40.9328
40.9328
40.9319
40.9319
40.9319
40.9316
40.9308
40.9305
40.9304
40.9303
40.9303
40.9303
40.9303
40.9249
40.9231
40.9067
40.9024
40.8762
40.8534
40.8534
40.8531
40.8531
40.8531
40.846
40.8438
40.843
40.843
40.8426
40.8417
40.8417
40.8425
40.8398
40.8397
40.8376
40.8376
40.836
40.836
40.836
40.836
40.836
40.8381
40.837
40.8364
40.8364
40.8364
40.8364
40.8364
40.8359
40.8358
40.8358
40.8358
40.8331
40.8325
40.8325
40.8325
40.8324
40.8324
40.8324
40.8324
40.8323
40.8323
40.8323
40.832
40.832
40.8317
40.8317
40.8317
40.8317
40.8317


859.848
817.094
817.094
788.212
776.773
763.723
757.111
715.11
683.042
676.111
672.774
646.996
645.803
634.436
617.202
582.702
566.258
521.065
521.065
521
500.263
500.263
488.096
474.277
392.56
367.949
355.329
355.246
342.099
324.678
290.755
272.9
238.209
238.209
230.367
205.19
189.916
175.013
162.851
143.541
143.541
126.735
110.046
99.0018
91.2832
88.4194
82.1919
78.8763
78.8763
76.541
74.0839
65.5191
61.388
60.5389
58.8938
54.1403
53.8539
51.1613
50.5654
48.8801
46.5633
44.1316
42.7069
41.5648
40.5398
39.3604
38.9256
38.7548
38.3119
38.1673
38.0508
37.9576
36.7635
36.0785
35.8992
35.8458
35.2278
35.0741
35.0093
34.9484
34.8056
34.7652
34.752
34.6625
34.1888
33.9027
33.9027
33.8742
33.8201
33.7561
33.6237
33.5775
33.5775
33.4876
33.4713
33.4425
33.2941
33.2941
33.2579
33.1827
33.1827
33.1836
33.1777
33.1536
33.1288
33.119
33.1155
33.1069
33.104
33.104
33.0965
33.0898
33.0898
33.0864
33.0854
33.0778
33.0778
33.0771
33.0724
33.0724
33.0708
33.0698
33.0673
33.0653
33.0603
33.0601
33.0593
33.0573
33.0571
33.0569
33.0545
33.0545
33.0519
33.0515
33.0514
33.0505
33.0503
33.0492
33.0491
33.049
33.0486
33.0487
33.048
33.0477
33.0473
33.0471
33.047
33.0468
33.0468
33.0467
33.0466
33.0465
33.0465
33.0464
33.0464
33.0463
33.0463
33.0462
33.0462
33.0462
33.0461
33.0461
33.0461
33.046
33.046
33.046
33.046
33.046
33.046
33.046
33.046
33.046
33.046
33.046
33.046
33.046
33.046
33.0459
33.0459
33.0459
33.0459
33.0459
33.0459
33.0459
33.0459
33.0459
33.0459
33.0459
33.0459
33.0459
33.0459
33.0459
33.0459
33.0459
33.0459
33.0459
33.0459
33.0459
33.0459
33.0459
33.0459
33.0459
33.0459
33.0459
33.0459
33.0459
33.0459
33.0459
33.0459
33.0459
33.0459
33.0459
33.0459
33.0459
33.0459
33.0459
33.0459
33.0459
33.0459
33.0459
33.0459
33.0459
33.0459
33.0459
33.0459
33.0459
33.0459
33.0459
33.0459
33.0459
33.0459
33.0459
33.0459
33.0459
33.0459
33.0459
33.0459
33.0459
33.0459
33.0459
33.0459
33.0459
33.0459
33.0459
33.0459
33.0459
33.0459
33.0459
33.0459
33.0459
33.0459
33.0459
33.0459
33.0459
33.0459
33.0459
33.0459
33.0459
33.0459
33.0459
33.0459
33.0459
33.0459
33.0459
33.0459
33.0459
33.0459
33.0459
33.0459
33.0459
33.0459
33.0459
33.0459
33.0459
33.0459
33.0459
33.0459
33.0459
33.0459
33.0459
33.0459
33.0459
33.0459
33.0459
33.0459
33.0459
33.0459
33.0459
33.0459
33.0459
33.0459
33.0459
33.0459
33.0459
33.0459
33.0459
33.0459
33.0459
33.0459
33.0459
33.0459
33.0459
33.0459
33.0459
33.0459
33.0459
33.0459
33.0459
33.0459
33.0459
33.0459
33.0459
33.0459
33.0459
33.0459
33.0459
33.0459
33.0459
33.0459
33.0459
33.0459
33.0494
33.0459
33.0459
33.0459
33.0459
33.0459
33.0459
33.0459
33.0459
33.0459
33.0459
33.0459
33.0459
33.0459
33.0459
33.0459
33.0459
33.0459
33.0459
33.0459
33.0459
33.0459
33.0459
33.0459
33.0459
33.0459
33.0459
33.0459
33.0459
33.0459
33.0459
33.0459
33.0459
33.0459
33.0459
33.0459
33.0459
33.0459
33.0459
33.0459
33.0459
33.0459
33.0459
33.0459
33.0459
33.0459
33.0459
33.0459
33.0459
33.0459
33.0709
33.0459
33.0459
33.0459
33.0459
33.0459
33.0459
33.0459
33.0459
33.0459
33.0459
33.0459
33.0459
33.0459
33.0459
33.0459
33.0459
33.0459
33.0459
33.0459
33.0459
33.0459
33.0459
33.0459
33.0459
33.0459
33.0459
33.0459
33.0459


632.746
611.797
580.338
558.54
505.284
488.169
469.695
434.222
434.222
419.701
383.794
380.297
371.382
353.874
317.402
308.39
287.313
276.517
276.517
249.915
249.915
246.269
231.4
220.193
215.308
199.186
196.131
184.814
162.369
147.835
144.483
141.187
134.533
132.725
122.684
117.078
111.915
108.773
103.892
92.1703
85.9989
83.6222
76.8405
76.8405
74.3977
71.8366
69.5677
67.7454
66.5255
64.3531
62.691
60.8069
60.8069
59.907
58.9497
56.7077
55.2101
55.2101
53.6073
52.5958
52.5768
52.1661
52.1661
51.9509
51.644
51.4909
51.1835
51.05
50.7394
50.723
50.7221
50.6092
50.4306
50.3076
50.0509
50.0062
49.9498
49.949
49.7625
49.7414
49.7109
49.6179
49.5937
49.5849
49.5053
49.4987
49.4823
49.4696
49.4551
49.4527
49.4527
49.4356
49.4153
49.4012
49.3735
49.3688
49.3667
49.3636
49.3636
49.3622
49.3525
49.3522
49.3401
49.3393
49.3367
49.3367
49.3289
49.3289
49.3279
49.3239
49.3202
49.32
49.32
49.3177
49.3177
49.3173
49.3164
49.3159
49.3154
49.3151
49.3142
49.3142
49.3139
49.3135
49.3133
49.3131
49.3119
49.3118
49.3118
49.3117
49.3116
49.3113
49.3113
49.3113
49.3113
49.3111
49.311
49.311
49.3109
49.3109
49.3109
49.3108
49.3108
49.3107
49.3107
49.3107
49.3106
49.3106
49.3106
49.3106
49.3106
49.3105
49.3105
49.3105
49.3105
49.3105
49.3104
49.3104
49.3104
49.3104
49.3104
49.3104
49.3104
49.3104
49.3104
49.3104
49.3104
49.3104
49.3104
49.3104
49.3104
49.3104
49.3104
49.3104
49.3104
49.3104
49.3104
49.3104
49.3104
49.3104
49.3104
49.3104
49.3104
49.3104
49.3104
49.3104
49.3104
49.3104
49.3104
49.3104
49.3104
49.3104
49.3104
49.3104
49.3104
49.3104
49.3104
49.3104
49.3104
49.3104
49.3104
49.3104
49.3104
49.3104
49.3104
49.3104
49.3104
49.3104
49.3104
49.3104
49.3104
49.3104
49.3104
49.3104
49.3104
49.3104
49.3104
49.3104
49.3104
49.3104
49.3104
49.3104
49.3104
49.3104
49.3104
49.3104
49.3104
49.3104
49.3104
49.3104
49.3104
49.3104
49.3104
49.3104
49.3104
49.3104
49.3104
49.3104
49.3104
49.3104
49.3104
49.3104
49.3104
49.3104
49.3104
49.3104
49.3104
49.3104
49.3104
49.3104
49.3104
49.3104
49.3104
49.3104
49.3104
49.3104
49.3104
49.3104
49.3104
49.3104
49.3104
49.3104
49.3104
49.3104
49.3104
49.3104
49.3104
49.3104
49.3104
49.3104
49.3104
49.3104
49.3104
49.3104
49.3104
49.3104
49.3104
49.3104
49.3104
49.3104
49.3104
49.3104
49.3104
49.3104
49.3104
49.3104
49.3104
49.3104
49.3104
49.3104
49.3104
49.3104
49.3104
49.3104
49.3104
49.3104
49.3104
49.3104
49.3104
49.3104
49.3104
49.3104
49.3104
49.3104
49.3104
49.3104
49.3104
49.3104
49.3104
49.3104
49.3104
49.3104
49.3104
49.3104
49.3104
49.3104
49.3104
49.3104
49.3104
49.3104
49.3104
49.3104
49.3104
49.3104
49.3104
49.3104
49.3104
49.3104
49.3104
49.3104
49.3104
49.3104
49.3104
49.3104
49.3104
49.3104
49.3104
49.3104
49.3104
49.3104
49.3104
49.3104
49.3104
49.3104
49.3104
49.3104
49.3104
49.3104
49.3104
49.3104
49.3104
49.3104
49.3104
49.3104
49.3104
49.3104
49.3104
49.3104
49.3104
49.3104
49.3104
49.3104
49.3104
49.3104
49.3104
49.3104
49.3104
49.3104
49.3104
49.3104
49.3104
49.3104
49.3104
49.3104
49.3104
49.3104
49.3104
49.3104
49.3104
49.3104
49.3104
49.3104
49.3104
49.3104
49.3104
49.3104
49.3104
49.3104
49.3104
49.3104
49.3104
49.3104
49.3104
49.3104
49.3104
49.3104
49.3104
49.3104
49.3104
49.3104


956.233
839.812
784.576
772.855
771.738
760.983
739.374
721.079
707.1
707.1
683.913
649.163
647.107
640.997
635.371
619.129
583.976
553.61
543.097
534.723
529.885
503.232
496.294
456.23
444.243
408.936
399.415
393.43
374.633
330.074
329.034
305.13
264.962
251.687
231.723
212.092
204.893
188.654
182.112
180.166
162.074
151.22
139.235
126.82
107.571
107.571
104.49
97.477
87.0903
82.1664
78.1702
75.8911
69.6662
63.8685
53.7213
47.872
44.8523
40.1696
40.1696
37.9623
35.5779
32.1254
31.0003
30.2696
29.9009
25.3916
24.589
23.3654
22.3284
21.8068
21.008
21.01
19.4503
19.4503
18.6455
18.0459
17.7003
17.3635
17.1994
16.7769
16.4764
16.6102
16.4986
16.3622
16.0411
15.8577
15.6435
15.354
15.2955
15.1363
14.9483
14.8773
14.8435
14.7098
14.7098
14.6829
14.6718
14.6057
14.6057
14.552
14.5188
14.5049
14.5028
14.4991
14.4471
14.4116
14.4116
14.381
14.3752
14.3752
14.3749
14.3674
14.3594
14.3582
14.3544
14.3443
14.3414
14.3372
14.3364
14.3364
14.3354
14.3341
14.3238
14.3195
14.3131
14.3128
14.3123
14.3111
14.3111
14.3109
14.3104
14.3104
14.3088
14.3064
14.3055
14.304
14.3038
14.3038
14.3038
14.3037
14.3032
14.3033
14.3033
14.3022
14.302
14.3016
14.3014
14.3014
14.3012
14.3012
14.3012
14.3008
14.3007
14.3007
14.3006
14.3004
14.3003
14.3003
14.3002
14.3002
14.3001
14.3001
14.3
14.3
14.3
14.3
14.3
14.2999
14.2998
14.2998
14.2998
14.2998
14.2998
14.2998
14.2998
14.2998
14.2998
14.2998
14.2998
14.2998
14.2998
14.2998
14.2998
14.2998
14.2997
14.2997
14.2997
14.2997
14.2997
14.2997
14.2997
14.2997
14.2997
14.2997
14.2997
14.2997
14.2997
14.2997
14.2997
14.2997
14.2997
14.2997
14.2997
14.2997
14.2997
14.2997
14.2997
14.2997
14.2997
14.2997
14.2997
14.2997
14.2997
14.2997
14.2997
14.2997
14.2997
14.2997
14.2997
14.2997
14.2997
14.2997
14.2997
14.2997
14.2997
14.2997
14.2997
14.2997
14.2997
14.2997
14.2997
14.2997
14.2997
14.2997
14.2997
14.2997
14.2997
14.2997
14.2997
14.2997
14.2997
14.2997
14.2997
14.2997
14.2997
14.2997
14.2997
14.2997
14.2997
14.2997
14.2997
14.2997
14.2997
14.2997
14.2997
14.2997
14.2997
14.2997
14.2997
14.2997
14.2997
14.2997
14.2997
14.2997
14.2997
14.2997
14.2997
14.2997
14.2997
14.2997
14.2997
14.2997
14.2997
14.2997
14.2997
14.2997
14.2997
14.2997
14.2997
14.2997
14.2997
14.2997
14.2997
14.2997
14.2997
14.2997
14.2997
14.2997
14.2997
14.2997
14.2997
14.2997
14.2997
14.2997
14.2997
14.2997
14.2997
14.2997
14.2997
14.2997
14.2997
14.2997
14.2997
14.2997
14.2997
14.2997
14.2997
14.2997
14.2997
14.2997
14.2997
14.2997
14.2997
14.2997
14.2997
14.2997
14.2997
14.2997
14.2997
14.2997
14.2997
14.2997
14.2997
14.2997
14.2997
14.2997
14.2997
14.2997
14.2997
14.2997
14.2997
14.2997
14.2997
14.2997
14.2997
14.2997
14.2997
14.2997
14.2997
14.2997
14.2997
14.2997
14.2997
14.2997
14.2997
14.2997
14.2997
14.2997
14.2997
14.2997
14.2997
14.2997
14.2997
14.2997
14.2997
14.2997
14.2997
14.2997
14.2997
14.2997
14.2997
14.2999
14.2991
14.2991
14.2677
14.2546
14.2352
14.2335
14.2335
14.2224
14.2191
14.2177
14.2177
14.2177
14.2177
14.1998
14.1962
14.1962
14.1911
14.1911
14.0572
14.0698
14.0651
14.0414
14.0414
14.0289
14.0289
14.0207
14.0207
14.0109
14.0109
14.0067
14.0067
14.006
14.0025
14.0025
13.9994
13.9923
13.991
13.9909


774.17
718.117
672.682
611.475
578.53
578.53
578.013
578.013
555.579
555.579
552.064
546.591
545.901
545.901
532.832
528.486
515.849
513.494
507.628
507.448
493.636
478.634
473.198
469.389
430.706
409.623
393.514
393.514
392.477
372.511
357.252
329.091
322.39
308.613
292.439
291.136
280.367
269.934
259.948
245.386
227.786
221.732
209.485
199.202
196.652
183.855
168.034
158.667
155.964
150.594
142.989
138.654
131.165
130.002
121.845
118.443
117.155
117.155
116.084
115.558
108.312
111.325
111.325
108.297
104.241
100.936
96.0039
90.9803
90.6854
86.8297
86.8297
86.0446
84.0695
83.0252
73.315
73.315
70.6613
67.8982
66.5518
65.277
64.1439
63.5821
63.5821
63.048
62.3532
62.3532
60.8361
59.8742
59.5721
59.5721
58.7385
58.7385
58.659
58.5336
58.4453
58.3928
57.1666
56.619
56.2793
56.2719
56.0196
56.0196
55.9396
55.8874
55.7415
55.7208
55.6082
55.5657
55.4887
55.479
55.4443
55.3606
55.3606
55.3158
55.3158
55.2647
55.1913
55.1769
55.1383
55.1383
55.1221
55.1083
55.1038
55.0989
55.0898
55.0567
55.0423
54.9702
54.9664
54.9634
54.9444
54.9365
54.927
54.9194
54.9155
54.9082
54.9041
54.8928
54.875
54.875
54.8744
54.8798
54.8787
54.8632
54.8632
54.8578
54.8544
54.8497
54.8493
54.8489
54.8459
54.8455
54.8451
54.8447
54.8419
54.8419
54.8418
54.8382
54.8366
54.8366
54.8352
54.8354
54.834
54.8337
54.8336
54.8326
54.8315
54.8313
54.8313
54.8306
54.8306
54.83
54.8297
54.8296
54.8294
54.8293
52.2985
52.2984
52.2984
50.8217
50.3663
53.1004
47.9128
47.9128
47.9128
47.9128
47.1918
46.849
46.849
46.2969
45.0683
45.0289
43.4843
43.4843
43.2915
42.7655
42.7655
42.7655
42.4801
40.9314
40.9313
40.4004
40.4004
40.0623
39.3342
38.585
38.5041
38.4425
38.4425
38.4425
37.4486
37.4486
37.4486
37.4486
37.4205
37.4205
37.1652
36.9713
36.9713
36.9334
36.9334
36.9334
36.9244
36.8466
36.7982
36.7972
36.7649
36.7649
36.7383
36.4545
36.4545
36.4267
36.416
36.416
36.3901
36.3431
36.3431
36.3389
36.3236
36.3236
36.3139
36.3044
36.2869
36.2869
36.2845
36.2842
36.2694
36.2694
36.2685
36.2613
36.2613
36.2565
36.2508
36.2508
36.2443
36.2388
36.2368
36.2368
36.2354
36.2354
36.2354
36.2363
36.2363
36.2352
36.2349
36.2344
36.2326
36.2323
36.2318
36.2316
36.2313
36.2306
36.2306
36.2303
36.2293
36.2293
36.2291
36.2291
36.2289
36.2284
36.2284
36.2282
36.2279
36.2279
36.2279
36.2276
36.2276
36.2275
36.2275
36.2273
36.2273
36.2272
36.2272
36.2272
36.2272
36.2272
36.2271
36.2271
36.2271
36.227
36.227
36.227
36.227
36.2269
36.2269
36.2269
36.2269
36.2269
36.2269
36.2269
36.2269
36.2269
36.2269
36.2269
36.2269
36.2269
36.2269
36.2269
36.2268
36.2268
36.2268
36.2268
36.2268
36.2268
36.2268
36.2268
36.2268
36.2268
36.2268
36.2268
36.2268
36.2268
36.2268
36.2268
36.2268
36.2268
36.2268
36.2268
36.2268
36.2268
36.2268
36.2268
36.2268
36.2268
36.2268
36.2268
36.2268
36.2268
36.2268
36.2268
36.2268
36.2268
36.2268
36.2268
36.2268
36.2268
36.2268
36.2268
36.2268
36.2268
36.2268
36.2268
36.2268
36.2268
36.2268
36.2268
36.2268
36.2268
36.2268
36.2268
36.2268
36.2268
36.2268
36.2268
36.2268
36.2268
36.2268
36.2268
36.2268
36.2268
36.2268
36.2268
36.2268
36.2268
36.2268
36.2268
36.2268
36.2268
36.2268
36.2268
36.2268
36.2268
36.2268
36.2268
36.2268
36.2268
36.2268
36.2268
36.2268
36.2268


594.132
539.179
533.21
533.21
527.182
517.479
513.48
509.509
501.846
490.841
482.719
466.652
455.903
444.994
427.285
420.888
413.542
401.183
399.602
383.572
366.953
349.158
328.683
328.378
321.737
318.746
290.807
287.904
273.832
220.801
220.801
208.724
157.036
138.038
126.125
122.054
111.965
107.661
96.6205
91.6619
91.6619
81.4711
75.8632
71.6306
69.2151
69.2151
69.0014
60.9291
51.999
48.2561
46.9692
46.1932
44.4395
40.5964
38.2521
37.2839
35.8032
35.0959
33.8507
28.8064
28.7903
27.7265
26.4033
24.5579
24.4341
23.6799
23.0867
22.5469
22.5469
21.6139
21.249
21.0735
20.6728
20.2433
20.2433
19.9792
19.6398
19.4254
19.3815
19.2904
19.274
19.1911
19.1823
19.1196
19.0316
19.016
18.9743
18.9567
18.922
18.8408
18.8403
18.8032
18.7735
18.7179
18.7179
18.7179
18.6898
18.6885
18.6448
18.6375
18.6235
18.6116
18.5862
18.5862
18.5725
18.5631
18.5566
18.5432
18.5404
18.5404
18.5343
18.5305
18.5296
18.5274
18.523
18.5225
18.5219
18.5163
18.5151
18.5149
18.5141
18.5148
18.5144
18.5125
18.5104
18.5101
18.5097
18.5093
18.5092
18.5089
18.5074
18.5074
18.5067
18.5062
18.5054
18.5046
18.5046
18.5046
18.5041
18.5038
18.5038
18.5038
18.5036
18.5035
18.5033
18.5032
18.5032
18.5031
18.5031
18.5031
18.5031
18.5029
18.5029
18.5029
18.5028
18.5028
18.5028
18.5028
18.5027
18.5027
18.5027
18.5027
18.5026
18.5026
18.5026
18.5026
18.5026
18.5026
18.5026
18.5026
18.5026
18.5026
18.5026
18.5026
18.5026
18.5026
18.5026
18.5026
18.5026
18.5026
18.5026
18.5026
18.5026
18.5026
18.5026
18.5026
18.5026
18.5026
18.5026
18.5026
18.5026
18.5026
18.5026
18.5026
18.5026
18.5026
18.5025
18.5025
18.5025
18.5025
18.5025
18.5025
18.5025
18.5025
18.5025
18.5025
18.5025
18.5025
18.5025
18.5025
18.5025
18.5025
18.5025
18.5025
18.5025
18.5025
18.5025
18.5025
18.5025
18.5025
18.5025
18.5025
18.5025
18.5025
18.5025
18.5025
18.5025
18.5025
18.5025
18.5025
18.5025
18.5025
18.5025
18.5025
18.5025
18.5025
18.5025
18.5025
18.5025
18.5025
18.5025
18.5025
18.5025
18.5025
18.5025
18.5025
18.5025
18.5025
18.5025
18.5025
18.5025
18.5025
18.5025
18.5025
18.5025
18.5025
18.5025
18.5025
18.5025
18.5025
18.5025
18.5025
18.5025
18.5025
18.5025
18.5025
18.5025
18.5025
18.5025
18.5025
18.5025
18.5025
18.5025
18.5025
18.5025
18.5025
18.5025
18.5025
18.5025
18.5025
18.5025
18.5025
18.5025
18.5025
18.5025
18.5025
18.5025
18.5025
18.5025
18.5025
18.5025
18.5025
18.5025
18.5025
18.5025
18.5025
18.5025
18.5025
18.5025
18.5025
18.5025
18.5025
18.5025
18.5025
18.5025
18.5025
18.5025
18.5025
18.5025
18.5025
18.5025
18.5025
18.5025
18.5025
18.5025
18.5025
18.5025
18.5025
18.5025
18.5025
18.5025
18.5239
18.5025
18.5025
18.5025
18.5025
18.5025
18.5025
18.5025
18.5025
18.5025
18.5025
18.5025
18.5025
18.5025
18.5025
18.5025
18.5025
18.5025
18.5025
18.5025
18.5025
18.5025
18.5025
18.5025
18.5025
18.5025
18.5025
18.5025
18.5025
18.5025
18.5025
18.5025
18.5025
18.5025
18.5025
18.5025
18.5025
18.5025
18.5025
18.5025
18.5025
18.5025
18.5025
18.5025
18.5025
18.5025
18.5025
18.5025
18.5025
18.5025
18.5025
18.5025
18.5025
18.5025
18.5025
18.5025
18.5025
18.5025
18.5025
18.5025
18.5025
18.5025
18.5025
18.5025
18.5025
18.5025
18.5025
18.5025
18.5025
18.5025
18.5025
18.5025
18.5025
18.5025
18.5025
18.5025
18.5025
18.5025
18.5025


982.98
885.602
843.725
745.042
744.346
715.345
715.345
687.49
687.49
679.354
679.228
681.556
670.387
670.387
655.536
638.947
591.467
546.518
535.417
535.417
535.315
535.315
535.255
525.334
525.334
493.58
478.146
478.146
469.058
468.277
446.019
419.722
404.276
402.395
361.719
359.982
354.835
262.73
262.73
250.053
211.979
189.38
183.756
177.859
167.888
146.677
146.677
141.002
140.32
131.165
120.758
121.853
118.97
114.866
111.224
101.438
94.8415
91.3956
90.2699
85.999
82.6204
80.6732
77.0627
74.437
71.3062
71.3062
71.3062
70.1969
68.4382
66.761
64.3217
62.1509
62.1509
61.3013
61.2587
60.4307
59.9541
59.5565
58.9218
58.2366
57.5374
57.3941
57.2688
57.0864
56.8961
56.724
56.7135
56.7135
56.3874
56.1042
56.0616
56.0735
55.9992
55.8681
55.7448
55.7047
55.6454
55.6121
55.4854
55.4651
55.3763
55.3207
55.3169
55.2738
55.2537
55.234
55.2305
55.1946
55.1875
55.1716
55.1716
55.1536
55.1471
55.1471
55.1242
55.1157
55.1111
55.1046
55.0958
55.0846
55.0794
55.0765
55.0735
55.0711
55.0691
55.0586
55.0528
55.0523
55.0455
55.0422
55.037
55.0367
55.0347
55.0341
55.0317
55.0277
55.0274
55.0269
55.0259
55.0253
55.0241
55.0226
55.0224
55.0212
55.021
55.0206
55.0206
55.0203
55.0202
55.0201
55.0199
55.0197
55.0197
54.7227
49.9997
48.5536
48.5536
48.5535
45.4579
43.3539
43.1552
41.8505
40.4706
38.3426
38.3425
37.2708
35.2106
33.6378
33.6378
33.0662
33.0662
30.3218
29.9106
29.9106
29.9106
29.9106
28.8556
28.8556
26.9485
26.9485
26.9485
27.0187
27.0187
25.5013
24.8834
23.3229
23.3229
23.3229
23.3229
23.3229
23.3229
23.3229
23.3229
22.5348
22.5348
21.948
21.948
21.948
21.948
21.922
21.8337
21.7827
21.6016
21.5997
21.5997
21.4584
21.4584
21.3353
21.3035
21.3035
21.2698
21.2698
21.2698
21.2698
21.2054
21.1644
21.1644
21.133
21.133
21.0971
21.07
21.0627
21.0627
21.0443
20.9875
20.9875
20.9875
20.9679
20.9645
20.9437
20.9327
20.9277
20.9277
20.9277
20.9257
20.9157
20.9074
20.903
20.9008
20.8967
20.894
20.8927
20.8882
20.8852
20.8851
20.885
20.8789
20.8789
20.8789
20.8789
20.8758
20.8738
20.8716
20.8711
20.87
20.868
20.868
20.8667
20.8667
20.8667
20.8667
20.8666
20.8661
20.8661
20.866
20.8659
20.8658
20.8652
20.865
20.8649
20.8649
20.8646
20.8646
20.8644
20.8644
20.8644
20.8642
20.8642
20.8641
20.8641
20.8641
20.8641
20.864
20.864
20.8639
20.8639
20.8639
20.8639
20.8639
20.8639
20.8639
20.8639
20.8639
20.8639
20.8639
20.8639
20.8639
20.8639
20.8639
20.8639
20.8639
20.8638
20.8638
20.8638
20.8638
20.8638
20.8638
20.8638
20.8638
20.8638
20.8638
20.8638
20.8638
20.8638
20.8638
20.8638
20.8638
20.8638
20.8638
20.8638
20.8638
20.8638
20.8638
20.8638
20.8638
20.8638
20.8638
20.8638
20.8638
20.8638
20.8638
20.8638
20.8638
20.8638
20.8638
20.8638
20.8638
20.8638
20.8638
20.8638
20.8638
20.8638
20.8638
20.8638
20.8638
20.8638
20.8638
20.8638
20.8638
20.8638
20.8638
20.8638
20.8638
20.8638
20.8638
20.8638
20.8638
20.8638
20.8638
20.8638
20.8638
20.8638
20.8638
20.8638
20.8638
20.8638
20.8638
20.8638
20.8638
20.8638
20.8638
20.8638
20.8638
20.8638
20.7564
20.7564
20.7564
20.7564
20.7564
20.7257
20.7257
20.7738
20.706
20.6945
20.6944
20.6944
20.6904
20.6813
20.6682
20.6682
20.6535
20.6363
20.6363
20.6334
20.6334
20.6334
20.6325
20.6324
20.6306
20.6306


696.496
661.465
631.263
620.675
601.131
556.712
551.537
547.087
540.799
506.377
506.377
504.218
501.482
500.095
485.797
464.42
441.826
438.84
436.694
429.234
428.644
416.397
394.68
379.227
360.047
348.101
348.101
323.935
323.797
323.797
292.702
275.415
257.299
230.847
224.918
212.969
194.294
184.431
183.799
180.103
169.112
175.447
153.108
135.19
134.184
127.42
105.592
97.7065
97.7065
97.2007
96.9355
90.5912
81.5055
81.5055
77.2681
75.6686
74.0506
71.7638
71.0151
68.5237
67.5082
66.048
63.3886
61.9164
60.9746
59.6581
58.5173
57.6014
57.1275
51.6688
51.653
51.4976
51.3902
50.4401
50.2835
50.2835
49.2819
48.9858
48.9315
48.7958
48.7096
48.6991
48.3129
47.8918
47.7589
47.7419
47.5979
47.4968
47.4047
47.2694
47.1877
47.1695
47.159
47.1022
47.0738
46.9953
46.9933
46.9471
46.8794
46.852
46.8459
46.8262
46.8262
46.819
46.8075
46.7717
46.7717
46.7647
46.7613
46.754
46.7447
46.7423
46.7343
46.7309
46.722
46.7185
46.7163
46.7126
46.7116
46.7115
46.7064
46.7058
46.7053
46.7048
46.7026
46.7013
46.7013
46.7008
46.7001
46.6991
46.6988
46.6981
46.6981
46.698
46.6976
46.6975
46.6971
46.6965
46.6963
46.6958
46.6953
46.6953
46.6951
46.6949
44.9477
44.9477
44.9477
44.7348
44.5149
44.5149
44.5149
44.5148
44.3128
43.9011
43.9008
43.8732
42.5667
42.4126
42.4126
42.1374
40.6571
39.8771
39.877
39.4164
39.3735
38.266
37.9093
37.9093
37.9093
37.9093
37.53
37.53
37.4816
37.4433
37.4433
37.0288
37.0287
36.7892
36.7321
36.7321
36.7321
36.5947
36.5947
36.5947
36.4717
36.4599
36.4599
36.4599
36.4599
36.4335
36.4211
36.3373
36.3373
36.3373
36.3187
36.2015
36.1819
36.1819
36.1628
36.1628
36.1628
36.1368
36.1368
36.1215
36.1215
36.1215
36.1215
36.1215
36.1164
36.1164
36.1164
36.1164
36.1109
36.1109
36.1011
36.0888
36.0869
36.0869
36.0869
36.0801
36.0801
36.0823
36.0785
36.0785
36.0779
36.0779
36.0779
36.0773
36.0754
36.0752
36.0748
36.0738
36.0738
36.0719
36.0719
36.0719
36.0712
36.0703
36.0698
36.0698
36.0698
36.0697
36.0697
36.0697
36.0695
36.069
36.069
36.0688
36.0687
36.0686
36.0685
36.068
36.068
36.068
36.0679
36.0679
36.0678
36.0678
36.0678
36.0678
36.0677
36.0676
36.0676
36.0676
36.0676
36.0676
36.0675
36.0675
36.0675
36.0675
36.0675
36.0675
36.0675
36.0675
36.0675
36.0675
36.0675
36.0674
36.0674
36.0674
36.0674
36.0674
36.0674
36.0674
36.0674
36.0674
36.0674
36.0674
36.0674
36.0674
36.0674
36.0674
36.0674
36.0674
36.0674
36.0674
36.0674
36.0674
36.0674
36.0674
36.0674
36.0674
36.0674
36.0674
36.0674
36.0674
36.0674
36.0674
36.0674
36.0674
36.0674
36.0674
36.0674
36.0674
36.0674
36.0674
36.0674
36.0674
36.0674
36.0674
36.0674
36.0674
36.0674
36.0674
36.0674
36.0674
36.0674
36.0674
36.0674
36.0674
36.0674
36.0674
36.0674
36.0674
36.0674
36.0674
36.0674
36.0674
36.0674
36.0674
36.0674
36.0674
36.0674
36.0674
36.0674
36.0674
36.0674
36.0674
36.0674
36.0674
36.0674
36.0674
36.0674
36.0674
36.0674
36.0674
36.0674
36.0674
36.0674
36.0674
36.0674
36.0674
36.0674
36.0674
36.0674
36.0674
36.0674
36.0674
36.0674
36.0674
36.0674
36.0674
36.0674
36.0674
36.0674
36.0674
36.0674
36.0674
36.0674
36.0674
36.0674
36.0674
36.0674
36.0674
36.0674
36.0674
36.0674
36.0674
36.0674
36.0674
36.0674
36.0674
36.0674
36.0674
36.0674
36.0674
36.0674
36.0674
36.0674
36.0674


648.419
624.928
592.965
586.903
548.212
531.255
509.532
447.723
445.694
437.828
437.796
430.805
422.072
421.715
415.236
413.286
401.556
391.535
384.497
384.497
374.486
376.632
361.761
332.649
328.529
325.586
318.378
288.333
275.178
271.3
230.75
224.504
224.361
213.44
181.757
172.823
167.835
147.851
145.026
123.796
82.8524
100.206
79.7261
73.415
73.3132
71.0719
60.0692
60.0692
52.6665
52.6665
49.8091
48.5786
48.5786
46.6643
43.1181
40.8892
40.8892
40.0928
40.0928
39.8061
34.9862
34.5178
33.7708
33.5408
32.6703
32.3845
32.3845
31.2705
30.7641
29.7251
29.3077
28.5349
28.1879
27.8041
27.6223
27.5137
27.4858
27.254
27.2131
27.2131
26.7689
26.7414
26.7109
26.6127
26.6127
26.5669
26.5605
26.4836
26.2496
26.2496
26.2278
26.2111
26.2067
26.149
26.1439
26.1378
26.1039
26.0964
26.0883
26.0652
26.0642
26.0625
26.0625
26.0489
26.0489
26.0473
26.0431
26.0422
26.0422
26.0388
26.0372
26.04
26.0274
26.0274
26.0212
26.0212
26.0207
26.0202
26.0173
26.0168
26.0165
26.0151
26.0151
26.0114
26.009
26.0084
26.008
26.0072
26.0065
26.0062
26.0061
26.0056
26.0056
26.0048
26.0047
26.0045
26.0041
26.0039
26.0037
26.0037
26.0034
26.0034
26.0033
26.0033
26.0033
26.0032
26.003
26.003
26.0028
26.0028
26.0026
26.0026
26.0025
26.0024
26.0024
26.0024
26.0023
26.0022
26.0022
26.0022
26.0022
26.0022
26.0021
26.002
26.002
26.002
26.002
26.002
26.0019
26.0019
26.0019
26.0018
26.0018
26.0018
26.0018
26.0018
26.0018
26.0018
26.0018
26.0018
26.0018
26.0018
26.0018
26.0018
26.0018
26.0017
26.0017
26.0017
26.0017
26.0017
26.0017
26.0017
26.0017
26.0017
26.0017
26.0017
26.0017
26.0017
26.0017
26.0017
26.0017
26.0017
26.0017
26.0017
26.0017
26.0017
26.0017
26.0017
26.0017
26.0017
26.0017
26.0017
26.0017
26.0017
26.0017
26.0017
26.0017
26.0017
26.0017
26.0017
26.0017
26.0017
26.0017
26.0017
26.0017
26.0017
26.0017
26.0017
26.0017
26.0017
26.0017
26.0017
26.0017
26.0017
26.0017
26.0017
26.0017
26.0017
26.0017
26.0017
26.0017
26.0017
26.0017
26.0017
26.0017
26.0017
26.0017
26.0017
26.0017
26.0017
26.0017
26.0017
26.0017
26.0017
26.0017
26.0017
26.0017
26.0017
26.0017
26.0017
26.0017
26.0017
26.0017
26.0017
26.0017
26.0017
26.0017
26.0017
26.0017
26.0017
26.0017
26.0017
26.0017
26.0017
26.0017
26.0017
26.0017
26.0017
26.0017
26.0017
26.0017
26.0017
26.0017
26.0017
26.0017
26.0017
26.0017
26.0017
26.0017
26.0017
26.0017
26.0017
26.0017
26.0017
26.0017
26.0017
26.0017
26.0017
26.0017
26.0017
26.0017
26.0017
26.0017
26.0017
26.0017
26.0017
26.0017
26.0017
26.0017
26.0017
26.0017
26.0017
26.0017
26.0017
26.0017
26.0017
26.0017
26.0017
26.0017
25.4888
21.9937
20.5179
20.1847
19.5372
18.8772
18.6435
18.6435
18.4914
18.0972
17.9338
17.9338
17.8476
17.8212
17.8182
17.8182
17.8161
17.8152
17.7592
17.7364
17.7364
17.7364
17.7333
17.7324
17.7324
17.7191
17.7064
17.7064
17.5204
17.4214
17.4035
17.2322
17.2009
17.1089
16.9545
16.7801
16.7424
16.7343
16.6052
16.6052
16.4244
15.5177
15.4387
15.4387
15.4387
14.9653
14.9653
14.5521
14.5521
14.5521
14.3923
14.3923
14.2205
14.2205
14.2205
13.9292
13.9292
13.8761
13.8761
13.8761
13.7867
13.7838
13.7342
13.7233
13.7233
13.7146
13.7146
13.704
13.7006
13.6967
13.6331
13.5996
13.5803
13.5674
13.4899
13.4135
13.3841
13.3841
13.3563
13.3542
13.3212


903.81
860.973
833.906
808.091
804.319
799.229
768.693
752.789
751.455
744.984
735.698
726.468
725.13
692.286
691.011
665.304
642.537
642.537
630.127
595.419
579.31
598.447
533.848
531.729
477.776
477.776
464.479
408.191
402.704
390.722
369.371
353.277
336.179
313.274
271.095
266.886
257.712
253.197
220.396
197.74
197.74
176.601
176.601
165.982
159.212
159.005
124.934
117.73
116.475
106.858
105.677
96.3873
96.3873
90.9373
89.4815
81.2023
81.2023
81.041
77.5524
73.93
73.043
71.5632
69.1962
68.2428
66.2264
64.9684
64.3478
64.3478
63.6579
62.5187
61.079
60.5126
59.8836
59.3361
59.0859
58.6898
58.5125
57.5591
57.5553
57.5553
57.5553
57.522
57.522
57.2368
57.1878
57.0483
56.9725
56.8343
56.7282
56.5786
56.5786
56.4582
56.4576
56.4334
56.3732
56.2381
56.2381
56.222
56.1729
56.1502
56.0638
56.0649
56.0352
55.9891
55.9891
55.9606
55.8486
55.8173
55.7814
55.7721
55.7645
55.6901
55.6869
55.6058
55.5474
55.4157
55.4157
55.3792
55.3648
55.3644
55.3538
55.3475
55.3316
55.33
55.3001
55.3001
55.2966
55.2963
55.2895
55.2744
55.2742
55.2733
55.2716
55.2622
55.2567
55.2383
55.2377
55.2375
55.2372
55.2371
55.2339
55.2339
55.2321
55.2308
55.2301
55.2301
55.2189
55.2174
55.2172
55.2159
55.2138
55.2136
55.2133
55.2133
55.2132
55.2131
55.2122
55.2117
55.2115
55.2111
55.2111
55.2107
55.2107
55.2107
55.2105
55.2105
55.2105
55.2103
55.2099
55.2099
55.2099
55.2096
55.2096
55.2094
55.2094
55.2094
55.2093
55.2093
55.2092
55.2092
55.2092
55.2092
55.2092
55.2091
55.2091
55.2091
55.2091
55.209
55.209
55.209
55.209
55.209
55.209
55.209
55.209
55.2089
55.2089
55.2089
55.2089
55.2089
55.2089
55.2089
55.2089
55.2089
55.2089
55.2089
55.2089
55.2088
55.2088
55.2088
55.2088
55.2088
55.2088
55.2088
55.2088
55.2088
55.2088
55.2088
55.2088
55.2088
55.2088
55.2088
55.2088
55.2088
55.2088
55.2088
55.2088
55.2088
55.2088
55.2088
55.2088
55.2088
55.2088
55.2088
54.2574
53.7842
53.7842
53.7842
50.7137
50.7137
49.5004
48.781
48.0149
47.2415
47.2415
47.2415
47.2415
47.1527
46.6274
45.9633
45.9633
46.1066
46.017
46.017
45.8211
45.6716
45.6553
44.6127
44.6127
44.6127
43.6211
43.073
42.9385
42.1727
42.1727
41.9036
41.7492
41.5855
41.5855
41.5855
41.5143
41.5143
41.5143
41.4145
41.4145
41.3411
41.3411
41.3278
41.3083
41.2587
41.2514
41.1371
41.1371
41.1074
41.1074
41.0549
41.0068
40.9902
40.889
40.889
40.889
40.8972
40.8201
40.8077
40.8077
40.7726
40.7273
40.7002
40.5847
40.5575
40.4271
40.3726
40.3585
40.343
40.3326
40.3326
40.3
40.2602
40.2602
40.1592
40.1592
40.1498
40.1498
40.1445
40.1445
40.1445
40.1445
40.1445
40.1402
40.1277
40.1247
40.1229
40.1195
40.1127
40.0879
40.0879
40.0879
40.078
40.0662
40.0662
40.0662
40.0233
40.0174
40.0174
40.0174
40.0104
40.0045
40.0013
40.0013
39.9961
39.9888
39.9879
39.9809
39.9799
39.9793
39.979
39.9771
39.9741
39.9737
39.9721
39.971
39.9623
39.9569
39.9555
39.9525
39.9512
39.9512
39.9459
39.9459
39.9459
39.9371
39.926
39.922
39.922
39.9179
39.917
39.917
39.9159
39.9147
39.9119
39.9099
39.9067
39.9067
39.9059
39.9057
39.9056
39.9056
39.9054
39.9054
39.905
39.905
39.9034
39.9018
39.9018
39.8999
39.8999
39.8996
39.8996
39.8991
39.8989
39.8988
39.8986
39.8986
39.8982
39.8982
39.8976
39.8976
39.8976
39.8974
39.8974


819.171
789.62
747.211
692.001
679.612
628.516
618.184
602.002
597.008
596.949
591.84
581.547
551.041
542.447
542.447
490.459
483.434
472.799
465.123
454.453
445.631
392.59
389.488
389.396
355.985
337.017
334.904
289.403
289.403
289.244
252.966
238.955
235.506
204.314
204.314
161.592
161.592
161.592
125.833
103.079
101.786
104.367
103.26
92.8849
91.9267
85.3577
70.8414
68.3658
68.3658
65.1483
65.1483
50.8588
46.5128
44.9595
44.9595
41.2757
39.693
35.5062
35.3631
34.4081
33.3995
28.6441
27.8294
25.7179
25.1669
24.6818
22.4199
21.7888
20.229
19.3856
18.7541
18.5513
18.5513
18.2143
18.1512
17.5604
16.7663
16.7663
16.6477
16.212
15.65
15.2976
15.2653
15.1716
15.0892
15.0852
14.6431
14.5754
14.5026
14.2823
14.2823
14.1855
14.176
14.1408
14.0839
14.0372
14.0339
14.0339
13.8574
13.7827
13.7788
13.7628
13.7625
13.729
13.7279
13.7279
13.7239
13.7221
13.7221
13.6653
13.6643
13.6614
13.6489
13.6294
13.6294
13.629
13.6246
13.6227
13.6136
13.6059
13.6058
13.5983
13.5983
13.5982
13.5816
13.581
13.5809
13.5768
13.5728
13.5682
13.5679
13.5675
13.5675
13.5661
13.5661
13.5652
13.5652
13.5642
13.5642
13.5638
13.5637
13.563
13.5629
13.5628
13.5628
13.562
13.5616
13.5616
13.5616
13.5613
13.5612
13.5611
13.5611
13.561
13.5608
13.5608
13.5608
13.5607
13.5606
13.5606
13.5605
13.5605
13.5604
13.5604
13.5604
13.5603
13.5603
13.5603
13.5602
13.5602
13.5602
13.5602
13.5602
13.5602
13.5601
13.5601
13.5601
13.5601
13.5601
13.5601
13.5601
13.5601
13.5601
13.5601
13.56
13.56
13.56
13.56
13.56
13.56
13.56
13.56
13.56
13.56
13.56
13.56
13.56
13.56
13.5599
13.5599
13.5599
13.5599
13.5599
13.5599
13.5599
13.5599
13.5599
13.5599
13.5599
13.5599
13.5599
13.5599
13.5599
13.5599
13.5599
13.5599
13.5599
13.5599
13.5599
13.5599
13.5599
13.5599
13.5599
13.5599
13.5599
13.5599
13.5599
13.5599
13.5599
13.5599
13.5599
13.5599
13.5599
13.5599
13.5599
13.5599
13.5599
13.5599
13.5599
13.5599
13.5599
13.5599
13.5599
13.5599
13.5599
13.5599
13.5599
13.5599
13.5599
13.5599
13.5599
13.5599
13.5599
13.5599
13.5599
13.5599
13.5599
13.5599
13.5599
13.5599
13.5599
13.5599
13.5599
13.5599
13.5599
13.5599
13.5599
13.5599
13.5599
13.5599
13.5599
13.5599
13.5599
13.5599
13.5599
13.5599
13.5599
13.5599
13.5599
13.5599
13.5599
13.5599
13.5599
13.5599
13.5599
13.5599
13.5599
13.5599
13.5599
13.5599
13.5599
13.5599
13.5599
13.5599
13.5599
13.5599
13.5599
13.5599
13.5599
13.5599
13.5599
13.5599
13.5599
13.5599
13.5599
13.5599
13.5599
13.5599
13.5599
13.5599
13.5599
13.5599
13.5599
13.5599
13.5599
13.5599
13.5599
13.5599
13.5599
13.5599
13.5599
13.5599
13.5599
13.5599
13.5599
13.5599
13.5599
13.5599
13.5599
13.5599
13.5599
13.5663
13.5599
13.5599
13.5599
13.5599
13.5599
13.5599
13.5599
13.5599
13.5599
13.5599
13.5599
13.5599
13.5599
13.5599
13.5599
13.5599
13.5599
13.5599
13.5599
13.5599
13.5599
13.5599
13.5599
13.5599
13.5599
13.5599
13.5599
13.5599
13.5599
13.5599
13.5599
13.5599
13.5599
13.5599
13.5599
13.5599
13.5599
13.5599
13.5599
13.5599
13.5599
13.5599
13.5599
13.5599
13.5599
13.5599
13.5599
13.5599
13.5599
13.5599
13.5599
13.5599
13.5599
13.5599
13.5599
13.5599
13.5599
13.5599
13.5599
13.5599
13.5599
13.5599
13.5599
13.5599
13.5599
13.5599
13.5599
13.5599


1073.69
949.362
906.275
870.854
853.344
841.884
841.884
785.542
768.802
767.911
766.064
744.429
701.104
670.981
664.863
654.214
621.427
621.427
587.573
561.553
517.013
453.367
395.17
394.275
394.007
393.406
372.108
343.477
338.344
323.598
290.577
269.667
266.613
246.703
222.809
196.158
161.697
160.997
156.066
143.933
128.652
116.419
114.516
109.629
109.629
105.284
101.711
100.286
89.891
86.5452
80.6079
77.9241
75.764
72.0888
70.2548
70.2548
68.1018
66.9364
65.473
65.473
64.8807
64.1305
59.2557
57.8773
57.6976
57.6378
57.3193
55.8823
55.2652
53.0017
52.6488
53.5292
52.8503
51.893
51.7457
51.406
51.3225
51.2117
50.5449
50.3164
50.1779
49.407
49.3336
49.3336
49.2723
49.2723
49.2313
49.066
48.961
48.9518
48.9215
48.9015
48.8501
48.8213
48.7417
48.7355
48.7192
48.685
48.6464
48.5933
48.5255
48.5012
48.492
48.4865
48.4763
48.4295
48.4291
48.4133
48.4105
48.3704
48.3568
48.3429
48.3409
48.3389
48.3302
48.3279
48.3253
48.3238
48.3174
48.3117
48.311
48.3015
48.2975
48.2975
48.2965
48.2951
48.2907
48.2902
48.2902
48.29
48.2897
48.2866
48.2857
48.2846
48.2843
48.2842
48.2835
48.2824
48.2823
48.2817
48.2814
48.2815
48.2808
48.2793
48.2789
48.2788
48.2787
48.2787
48.2786
48.2782
48.2781
48.2778
48.2778
48.2774
48.2772
48.277
48.277
48.2769
48.2769
48.2769
48.2768
48.2768
48.2768
48.2768
48.2768
48.2767
48.2767
48.2766
48.2766
48.2766
48.2766
48.2766
48.2766
48.2765
48.2765
48.2765
48.2765
48.2765
48.2765
48.2765
48.2765
48.2764
48.2764
48.2764
48.2764
48.2764
48.2764
48.2764
48.2764
48.2764
48.2764
48.2764
48.2764
48.2764
48.2764
48.2764
48.2764
48.2764
48.2764
48.2764
48.2764
48.2764
48.2764
48.2764
48.2764
48.2764
48.2764
48.2764
48.2764
48.2764
48.2764
48.2764
48.2764
48.2764
48.2764
48.2764
48.2764
48.2764
48.2764
48.2764
48.2764
48.2764
48.2764
48.2764
48.2764
48.2764
48.2764
48.2764
48.2764
48.2764
48.2764
48.2764
48.2764
48.2764
48.2764
48.2764
48.2764
48.2764
48.2764
48.2764
48.2764
48.2764
48.2764
48.2764
48.2764
48.2764
48.2764
48.2764
48.2764
48.2764
48.2764
48.2764
48.2764
48.2764
48.2764
48.2764
48.2764
48.2764
48.2764
48.2764
48.2764
48.2764
48.2764
48.2764
48.2764
48.2764
48.2764
48.2764
48.2764
48.2764
48.2764
48.2764
48.2764
48.2764
48.2764
48.2764
48.2764
48.2764
48.2764
48.2764
48.2764
48.2764
48.2764
48.2764
48.2764
48.2764
48.2764
48.2764
48.2764
48.2764
48.2764
48.2764
48.2764
48.2764
48.2764
48.2764
48.2764
48.2764
48.2764
48.2764
48.2764
48.2764
48.2764
48.2764
48.2764
48.2764
48.2764
48.2764
48.2764
48.2764
48.2764
48.2764
48.2764
48.2764
48.2764
48.2764
48.2764
48.2764
48.2764
48.2764
48.2764
48.2764
48.2764
48.2764
48.2764
48.2764
48.2764
48.2764
48.2764
48.2764
48.2764
48.2764
48.2764
48.2764
48.2764
48.2764
48.2764
48.2764
48.2764
48.2764
48.2764
48.2764
48.2764
48.2764
48.2764
48.2764
48.2764
48.2764
48.2764
48.2764
48.2764
48.2764
48.2764
48.2764
48.2764
48.2764
48.2764
48.2764
48.2764
48.2764
48.2764
48.2764
48.2764
48.2764
48.2764
48.2764
48.2764
48.2764
48.2764
48.2764
48.2764
48.2764
48.2764
48.2764
48.2764
48.2764
48.2764
48.2764
48.2764
48.2764
48.2764
48.2764
48.2764
48.2764
44.5133
40.1339
40.1339
40.1339
39.37
39.37
39.37
38.4017
37.3893
37.0112
37.0077
36.5614
34.8723
34.5998
34.5657
34.5645


887.784
822.181
741.886
716.521
709.125
685.482
670.409
630.436
620.432
620.432
615.57
677.722
605.845
582.87
571.552
571.552
567.76
550.022
545.452
542.959
541.261
531.757
507.28
506.194
486.169
458.285
457.839
442.68
435.974
420.584
400.739
376.023
360.727
353.901
332.369
305.202
266.283
265.965
265.89
226.873
226.873
222.523
202.573
202.573
192.374
179.216
176.808
170.618
168.505
156.678
154.549
146.274
133.345
133.345
133.345
131.607
117.287
116.618
111.847
101.923
99.684
96.9268
96.8024
84.4109
84.2985
82.7707
82.4326
81.2934
78.3798
78.2789
77.8048
76.6982
74.9607
73.4449
73.1822
71.6802
68.7335
68.7335
68.6808
66.9121
66.9121
66.9054
66.9037
66.2245
66.1291
66.1291
66.1035
66.0995
65.9871
65.9013
65.8884
65.3456
64.97
64.9683
64.651
64.4936
64.4936
64.4889
64.1379
64.1362
64.0592
64.0514
63.9394
63.9392
63.8843
63.8793
63.8766
63.8455
63.8154
63.7955
63.741
63.7028
63.5976
63.5975
63.5966
63.5462
63.5046
63.4987
63.4543
63.4466
63.446
63.4459
63.4406
63.427
63.4219
63.4219
63.4169
63.3884
63.3882
63.388
63.3852
63.3805
63.3783
63.3725
63.3633
63.3535
63.3502
63.3502
63.3492
63.3479
63.3438
63.3438
63.3432
63.3411
63.3407
63.3407
63.3401
63.3399
63.3399
63.3392
63.3389
63.3365
63.3365
63.3365
63.3356
63.3356
63.3356
63.3354
63.3351
63.3351
63.3349
63.3348
63.3348
63.3346
63.3346
63.3345
63.3345
63.3345
63.3344
63.3343
63.3343
63.3343
63.3342
63.3342
63.3342
63.3342
63.3342
63.3342
63.3342
63.3341
63.3341
63.3341
63.3341
63.3341
63.3341
63.3341
63.3341
63.3341
63.3341
63.3341
63.334
63.334
63.334
63.334
63.334
63.334
63.334
63.334
63.334
63.334
63.334
63.334
63.334
63.334
63.334
63.334
63.334
63.334
63.334
63.334
63.334
63.1173
62.4071
60.9939
60.6442
59.9833
59.9833
59.8649
59.0163
58.2771
58.2771
58.2771
58.0694
58.0338
58.0338
57.458
57.2569
57.2067
57.1838
57.1838
57.1838
56.997
56.9373
56.9373
56.9373
56.9371
56.8921
56.8092
56.8092
56.7195
56.5436
56.7662
56.4866
56.467
56.4216
56.3574
56.2918
56.2918
56.2342
56.193
56.0826
56.0826
56.0121
55.9997
55.9459
55.9459
55.8859
55.8859
55.8859
55.8516
55.8252
55.8252
55.8199
55.7895
55.7493
55.7492
55.7297
55.7087
55.6585
55.6585
55.656
55.644
55.6261
55.6261
55.6261
55.6189
55.6083
55.6012
55.6012
55.601
55.5984
55.5916
55.5888
55.587
55.5768
55.5757
55.5757
55.563
55.5603
55.5594
55.5594
55.5581
55.5581
55.5549
55.5525
55.5525
55.5518
55.5518
55.5517
55.5515
55.5493
55.5477
55.5444
55.5444
55.5444
55.5444
55.5437
55.5437
55.5426
55.5426
55.5424
55.5418
55.5418
55.5395
55.5393
55.5379
55.5365
55.5363
55.5363
55.5363
55.5358
55.536
55.5359
55.5358
55.535
55.535
55.535
55.535
55.535
55.5347
55.5345
55.5345
55.5344
55.5341
55.5341
55.534
55.5339
55.5339
55.5338
55.5337
55.5337
55.5337
55.5337
55.5336
55.5336
55.5336
55.5336
55.5336
55.5336
55.5336
55.5335
55.5335
55.5335
55.5335
55.5335
55.5335
55.5335
55.5335
55.5335
55.5335
55.5335
55.5335
55.5335
55.5335
55.5335
55.5335
55.5335
55.5335
55.5335
55.5335
55.5335
55.5335
55.5335
55.5335
55.5335
55.5335
55.5334
55.5334
55.5334
55.5334
55.5334
55.5334
55.5334
55.5334
55.5334
55.5334
55.5334
55.5334
55.5334
55.5334
55.5334
55.5334
55.5334
55.5334
55.5334
55.5334
55.5334
55.5334
55.5334
55.5334


910.75
907.896
841.654
818.269
804.229
725.88
725.88
683.646
683.646
678.674
676.775
665.066
630.363
625.965
621.955
593.681
587.398
581.475
567.082
513.83
505.317
504.75
503.847
422.112
396.535
396.535
385.92
353.625
346.256
326.647
314.216
314.216
287.347
265.498
261.353
241.501
237.662
237.662
195.619
169.754
169.754
150.937
137.683
135.471
133.134
121.486
115.236
99.0849
98.9594
96.9865
93.4338
92.4206
88.7219
88.7219
80.6912
78.1506
76.0362
75.7613
75.6958
75.6958
72.4237
71.0819
70.433
70.195
68.9613
66.2073
65.5308
65.278
64.3474
63.9405
61.846
61.4231
61.4231
61.2031
61.2031
60.7772
60.7572
60.7572
60.4861
60.4861
60.4246
60.3604
60.2786
60.2488
60.2432
59.8748
59.8739
59.699
59.6959
59.6959
59.6013
59.6522
59.5746
59.4869
59.4623
59.4547
59.339
59.3387
59.3378
59.3118
59.3007
59.2899
59.283
59.2286
59.223
59.199
59.1539
59.151
59.1505
59.1418
59.1354
59.1354
59.1335
59.1268
59.1268
59.1161
59.1098
59.1092
59.1016
59.1016
59.0978
59.1058
59.1006
59.0802
59.08
59.0792
59.079
59.079
59.079
59.072
59.0718
59.0739
59.0686
59.0685
59.0675
59.0674
59.0673
59.0655
59.0649
59.0648
59.0647
59.0644
59.0644
59.0634
59.0626
59.0626
59.0625
59.062
59.0619
59.0616
59.0614
59.0612
59.0612
59.0612
59.0609
59.0609
59.0607
59.0601
59.0601
59.0601
59.0601
59.06
59.0599
59.0596
59.0596
59.0594
57.4531
56.3641
54.8314
53.2747
51.3128
51.3128
51.3127
50.2599
50.2599
50.2598
50.0604
48.6879
48.6879
42.5348
42.5348
41.6375
41.6375
40.0143
39.4394
39.4394
38.968
38.5724
38.5724
38.4683
37.5531
36.7486
36.7486
35.7441
35.5175
35.5175
34.1702
34.1702
34.1642
33.6461
33.6461
33.3329
33.3329
33.3329
33.3329
33.2036
33.2036
33.1819
32.9833
32.9833
32.9677
32.9893
32.9893
32.9606
32.9606
32.9027
32.9027
32.9027
32.8916
32.7982
32.7957
32.8113
32.6167
32.6167
32.5319
32.5166
32.5166
32.5166
32.4639
32.4639
32.453
32.453
32.453
32.453
32.4351
32.4351
32.3759
32.3759
32.3759
32.3759
32.3535
32.3651
32.364
32.364
32.3533
32.3484
32.3478
32.3478
32.3442
32.3358
32.3358
32.3346
32.3346
32.3346
32.3324
32.3324
32.3324
32.3313
32.3238
32.3211
32.3211
32.3191
32.3161
32.3157
32.315
32.315
32.3136
32.3125
32.3125
32.309
32.309
32.309
32.309
32.309
32.3081
32.3081
32.3081
32.3079
32.3072
32.3067
32.3067
32.3066
32.3066
32.3061
32.3055
32.3055
32.3053
32.3053
32.3053
32.3053
32.3053
32.3053
32.3052
32.3051
32.305
32.305
32.305
32.305
32.305
32.305
32.305
32.305
32.305
32.3049
32.3049
32.3049
32.3049
32.3049
32.3049
32.3049
32.3048
32.3048
32.3048
32.3047
32.3047
32.3047
32.3047
32.3047
32.3047
32.3047
32.3047
32.3047
32.3047
32.3047
32.3047
32.3047
32.3046
32.3046
32.3046
32.3046
32.3046
32.3046
32.3046
32.3046
32.3046
32.3046
32.3046
32.3046
32.3046
32.3046
32.3046
32.3046
32.3046
32.3046
32.3046
32.3046
32.3046
32.3046
32.3046
32.3046
32.3046
32.3046
32.3046
32.3046
32.3046
32.3046
32.3046
32.3046
32.3046
32.3046
32.3046
32.3046
32.3046
32.3046
32.3046
32.3046
32.3046
32.3046
32.3046
32.3046
32.3046
32.3046
32.3046
32.3046
32.3046
32.3046
32.3046
32.3046
32.3046
32.3046
32.3046
32.3046
32.3046
32.3046
32.3046
32.3046
32.3046
32.3046
32.3046
32.3046
32.3046
32.3046
32.3046
32.3046
32.3046
32.3046
32.3046
32.3046
32.3046
32.3046


890.916
828.059
794.344
768.503
737.914
704.406
657.175
588.861
588.857
585.237
578.251
567.492
562.926
530.968
517.883
498.358
495.684
475.927
453.688
453.344
438.376
434.567
398.215
394.136
389.787
346.807
314.534
304.635
287.436
284.567
278.081
243.337
243.337
203.857
200.283
164.267
153.717
141.502
141.502
135.101
117.552
110.828
98.1653
94.8554
78.7729
77.0842
68.4032
62.0046
60.1311
52.5449
52.5449
51.5751
44.7887
43.137
39.0353
38.0996
37.7237
37.4062
32.6332
29.7448
29.7435
27.8638
26.4741
23.5618
23.3836
23.1902
21.9134
21.7462
21.1211
20.4706
19.4815
19.6559
18.8807
18.5771
18.3513
17.738
17.4438
17.2068
17.1437
17.0576
16.2926
16.2837
16.2837
16.0989
16.0915
16.0285
16.0162
15.9308
15.847
15.6586
15.6586
15.3565
15.1567
15.1219
15.1219
15.0527
14.6816
14.6599
14.2395
13.8136
13.7924
13.7512
13.7512
13.5813
13.5648
13.5648
13.4487
13.2536
13.2536
13.252
13.252
13.0987
13.052
12.9978
12.994
12.9397
12.9397
12.8364
12.8342
12.8342
12.8213
12.7535
12.7527
12.7502
12.7419
12.7261
12.7005
12.6999
12.663
12.6593
12.6593
12.6569
12.6322
12.6291
12.6289
12.6264
12.6262
12.6007
12.5981
12.598
12.5896
12.5896
12.5796
12.5787
12.5765
12.5764
12.5679
12.5679
12.5678
12.5674
12.5669
12.5637
12.5575
12.5575
12.5566
12.5565
12.556
12.556
12.556
12.5558
12.5553
12.5556
12.5546
12.5534
12.5534
12.5534
12.5534
12.553
12.5525
12.5517
12.5517
12.5515
12.5514
12.5514
12.5514
12.5511
12.5511
12.5509
12.5509
12.5507
12.5506
12.5506
12.5504
12.5504
12.5504
12.5502
12.5501
12.55
12.55
12.55
12.5499
12.5499
12.5499
12.5499
12.5499
12.5499
12.5499
12.5499
12.5499
12.5499
12.5499
12.5498
12.5498
12.5497
12.5497
12.5497
12.5497
12.5497
12.5497
12.5497
12.5497
12.5497
12.5497
12.5497
12.5497
12.5497
12.5497
12.5497
12.5497
12.5497
12.5497
12.5497
12.5497
12.5497
12.5497
12.5497
12.5497
12.5497
12.5497
12.5497
12.5497
12.5497
12.5497
12.5497
12.5497
12.5497
12.5497
12.5497
12.5497
12.5497
12.5497
12.5497
12.5496
12.5496
12.5496
12.5496
12.5496
12.5496
12.5496
12.5496
12.5496
12.5496
12.5496
12.5496
12.5496
12.5496
12.5496
12.5496
12.5496
12.5496
12.5496
12.5496
12.5496
12.5496
12.5496
12.5496
12.5496
12.5496
12.5496
12.5496
12.5496
12.5496
12.5496
12.5496
12.5496
12.5496
12.5496
12.5496
12.5496
12.5496
12.5496
12.5496
12.5496
12.5496
12.5496
12.5496
12.5496
12.5496
12.5496
12.5496
12.5496
12.5496
12.5496
12.5496
12.5496
12.5496
12.5496
12.5496
12.5496
12.5496
12.5496
12.5496
12.5496
12.5496
12.5496
12.5496
12.5496
12.5496
12.5496
12.5496
12.5496
12.5496
12.5496
12.5496
12.5496
12.5496
12.5496
12.5496
12.5496
12.5496
12.5496
12.5496
12.5496
12.5496
12.5496
12.5496
12.5496
12.5496
12.5496
12.5496
12.5496
12.5496
12.5496
12.5496
12.5496
12.5496
12.5496
12.5496
12.5496
12.5496
12.5496
12.5496
12.5496
12.5496
12.5496
12.5496
12.5496
12.5496
12.5496
12.5496
12.5496
12.5496
12.5496
12.5496
12.5496
12.5496
12.5496
12.5496
12.5496
12.5496
12.5496
12.5496
12.5496
12.5496
12.5496
12.5496
12.5496
12.5496
12.5496
12.5496
12.5496
12.5496
12.5496
12.5496
12.5496
12.5496
12.5496
12.5496
12.5496
12.5496
12.5496
12.5496
12.5496
12.5496
12.5496
12.5496
12.5496
12.5496
12.5496
12.5496
12.5496
12.5496
12.5496
12.5496
12.5496
12.5496
12.5496
12.5496
12.5496
12.5496


657.897
637.031
583.822
566.1
566.1
561.427
558.922
538.645
513.692
503.518
496.215
494.408
492.832
464.802
440.203
438.573
438.453
430.557
413.46
392.434
375.723
376.424
365.933
346.892
331.744
293.34
287.995
262.448
239.758
220.769
216.428
215.226
211.041
204.552
194.998
180.865
174.68
136.885
136.745
133.53
124.338
118.324
115.322
110.303
101.663
98.6594
97.9902
82.8316
79.532
72.6735
68.9419
67.0347
65.5116
63.8721
63.5026
62.9473
59.7401
56.9646
56.6248
55.0677
52.9122
52.3887
51.0038
51.0038
50.9987
50.8789
49.0824
48.2297
48.0371
47.8293
46.9876
46.6211
46.5687
46.5656
46.209
45.7919
45.7771
45.5934
45.5252
45.4287
45.3663
45.2975
45.2298
45.1421
45.1078
45.101
45.09
45.0635
45.0539
45.0034
44.9724
44.8775
44.8667
44.857
44.8495
44.8314
44.8059
44.8021
44.7818
44.7571
44.7523
44.7383
44.7309
44.7205
44.7142
44.7036
44.6906
44.6888
44.6849
44.6835
44.6759
44.6715
44.6704
44.6696
44.6657
44.6607
44.6603
44.6554
44.6546
44.6545
44.6509
44.6496
44.6481
44.646
44.6453
44.6447
44.6431
44.6429
44.6429
44.6425
44.6421
44.642
44.6416
44.6412
44.6405
44.6404
44.6404
44.6402
44.6402
44.6402
44.64
44.6399
44.6399
44.6399
44.6397
44.6397
44.6396
44.6395
44.6395
44.6395
44.6395
44.6395
44.6394
44.6394
44.6394
44.6394
44.6393
44.6393
44.6393
44.6393
44.6393
44.6393
44.6393
44.6393
44.6393
44.6393
44.6393
44.6393
44.6393
44.6393
44.6393
44.6393
44.6393
44.6393
44.6393
44.6392
44.6392
44.6392
44.6392
44.6392
44.6392
44.6392
44.6392
44.6392
44.6392
44.6392
44.6392
44.6392
44.6392
44.6392
44.6392
44.6392
44.6392
44.6392
44.6392
44.6392
44.6392
44.6392
44.6392
44.6392
44.6392
44.6392
44.6392
44.6392
44.6392
44.6392
44.6392
44.6392
44.6392
44.6392
44.6392
44.6392
44.6392
44.6392
44.6392
44.6392
44.6392
44.6392
44.6392
44.6392
44.6392
44.6392
44.6392
44.6392
44.6392
44.6392
44.6392
44.6392
44.6392
44.6392
44.6392
44.6392
44.6392
44.6392
44.6392
44.6392
44.6392
44.6392
44.6392
44.6392
44.6392
44.6392
44.6392
44.6392
44.6392
44.6392
44.6392
44.6392
44.6392
44.6392
44.6392
44.6392
44.6392
44.6392
44.6392
44.6392
44.6392
44.6392
44.6392
44.6392
44.6392
44.6392
44.6392
44.6392
44.6392
44.6392
44.6392
44.6392
41.8983
41.8983
41.8983
41.6663
41.6663
40.998
35.2377
34.0493
34.0493
34.0493
32.7426
30.7045
30.6959
28.5214
27.2347
26.3864
26.3864
25.399
25.399
25.399
24.4281
24.4281
24.4281
23.2337
23.2337
21.9724
21.9724
21.9724
21.3064
20.8248
20.8248
20.3532
20.1999
20.1999
20.1999
20.1999
20.1999
19.8087
19.505
18.7946
18.7946
18.6107
18.5987
18.6698
18.559
18.5075
17.7392
17.7392
17.4665
17.4665
17.3776
17.3245
17.3245
17.2144
17.1094
17.1094
17.1094
16.9983
16.8062
16.799
16.7982
16.7674
16.7553
16.7314
16.6806
16.6634
16.6634
16.4222
16.3236
16.3236
16.3236
16.2231
16.2231
16.2631
16.2324
16.2324
16.2299
16.2174
16.2174
16.1656
16.1656
16.1516
16.1441
16.1384
16.1311
16.1311
16.1189
16.0495
16.0495
16.0302
16.0302
15.9858
15.9638
15.9408
15.9408
15.9244
15.9221
15.9158
15.9158
15.913
15.8939
15.8846
15.8846
15.8828
15.8828
15.8786
15.8747
15.8653
15.8571
15.8503
15.8492
15.8491
15.8482
15.8482
15.8482
15.8477
15.8442
15.8376
15.8376
15.8279
15.8279
15.8253
15.8157
15.8306
15.821
15.8161
15.8113
15.8113
15.804
15.804
15.804
15.804


794.4
712.38
712.38
694.337
653.61
643.291
634.415
594.575
557.562
557.562
541.079
533.994
522.857
512.474
512.474
508.079
487.301
487.301
487.301
478.16
464.555
446.982
394.65
389.4
382.117
382.117
381.956
358.847
355.951
344.94
306.684
285.525
275.772
274.139
266.769
258.766
249.471
195.932
185.956
178.348
161.394
158.543
153.478
141.998
139.865
127.241
120.277
116.468
110.78
105.664
105.428
100.969
97.1943
92.9275
90.5142
80.6983
70.7171
63.2445
63.2445
62.4863
61.5631
60.2135
57.0134
56.5379
56.5379
56.5379
55.8442
55.41
53.7722
52.3769
52.3769
50.6674
50.6674
50.1435
49.8919
49.7114
49.4534
48.8868
48.8868
48.6691
48.5964
47.6289
47.2921
47.252
46.5289
46.5289
46.4506
46.3881
46.3116
46.2681
46.0265
46.0219
45.9932
45.9593
45.9593
45.9112
45.746
45.7363
45.6187
45.6122
45.5701
45.5234
45.5161
45.5055
45.5037
45.4882
45.4764
45.4632
45.4402
45.437
45.3939
45.3852
45.376
45.3713
45.3625
45.3625
45.3561
45.3413
45.3358
45.3352
45.3257
45.3286
45.3286
45.3284
45.3221
45.3202
45.3159
45.3119
45.3119
45.3113
45.3055
45.3043
45.3042
45.3035
45.3016
45.3009
45.2999
45.2995
45.2995
45.2989
45.2989
45.2979
45.2972
45.2969
45.2953
45.2951
45.2948
45.2947
45.2945
45.2944
45.2942
45.2942
45.2939
45.2937
45.2934
45.2934
45.2933
45.293
45.293
45.2929
45.2928
45.2928
45.2927
45.2926
45.2926
45.2925
45.2925
45.2925
45.2924
45.2924
45.2924
45.2923
45.2923
45.2923
45.2923
45.2922
45.2922
45.2922
45.2922
45.2922
45.2922
45.2922
45.2922
45.2922
45.2922
45.2922
45.2922
45.2921
45.2921
45.2921
45.2921
45.2921
45.2921
45.2921
45.2921
45.2921
45.2921
45.2921
45.2921
45.2921
45.2921
45.2921
45.2921
45.2921
45.2921
45.2921
45.2921
45.2921
45.2921
45.2921
45.2921
45.2921
45.2921
45.2921
45.2921
45.2921
45.2921
45.2921
45.2921
45.2921
45.2921
45.2921
45.2921
45.2921
45.2921
45.2921
45.2921
45.2921
45.2921
45.2921
45.2921
45.2921
45.2921
45.2921
45.2921
45.2921
45.2921
45.2921
45.2921
45.2921
45.2921
45.2921
45.2921
45.2921
45.2921
45.2921
45.2921
45.2921
45.2921
45.2921
45.2921
45.2921
45.2921
45.2921
45.2921
45.2921
45.2921
45.2921
45.2921
45.2921
45.2921
45.2921
45.2921
45.2921
45.2921
45.2921
45.2921
45.2921
45.2921
45.2921
45.2921
45.2921
45.2921
45.2921
45.2921
45.2921
45.2921
45.2921
45.2921
45.2921
45.2921
45.2921
45.2921
45.2921
45.2921
45.2921
45.2921
45.2921
45.2921
45.2921
45.2921
45.2921
45.2921
45.2921
45.2921
45.2921
45.2921
45.2921
45.2921
45.2921
45.2921
45.2921
45.2921
45.2921
45.2921
45.2921
45.2921
45.2921
45.2921
45.2921
45.2921
45.2921
45.2921
45.2921
45.2921
45.2921
45.2921
45.2921
45.2921
45.2921
45.2921
45.2921
45.2921
45.2921
45.2921
45.2921
45.2921
45.2921
45.2921
45.2921
45.2921
45.2921
45.2921
45.2921
45.2921
45.2921
45.2921
45.2921
45.2921
45.2921
45.2921
45.2921
45.2921
45.2921
45.2921
45.2921
45.2921
45.2921
45.2921
45.2921
45.2921
45.2921
45.2921
45.2921
45.2921
45.2921
45.2921
45.2921
45.2921
45.2921
45.2921
45.2921
45.2921
45.2921
45.2921
45.2921
45.2921
45.2921
45.2921
45.2921
45.2921
45.2921
45.2921
45.2921
45.2921
45.2921
45.2921
45.2921
45.2921
45.2921
45.2921
45.2921
45.2921
45.2921
45.2921
45.2921
45.2921
45.2921
45.2921
45.2921
45.2921
45.2921
45.2921
45.2921
45.2921
45.2921
45.2921
45.2921
45.2921
45.2921


783.112
687.562
663.098
645.627
627.615
609.975
609.975
593.347
590.176
590.168
588.835
587.826
579.856
572.592
572.592
560.011
556.599
556.064
552.312
541.871
532.003
504.403
487.606
487.606
473.207
471.125
450.397
440.341
440.341
430.071
430.071
444.626
417.094
410.295
382.34
353.219
350.832
350.832
346.104
340.065
340.065
325.143
325.143
319.187
313.058
284.399
282.062
266.597
256.05
256.05
244.239
230.892
216.672
214.575
186.54
178.678
173.11
173.11
170.838
163.9
155.353
151.41
149.77
147.998
140.738
140.738
139.758
131.401
126.866
126.261
124.879
124.879
124.093
124.093
118.764
118.764
117.711
108.832
108.63
108.199
108.199
108.413
99.1383
88.7485
88.5969
82.9143
82.3113
82.2354
81.7793
78.9858
78.9494
75.6933
75.6735
75.2254
75.1959
75.1959
75.168
71.7761
71.7761
71.7471
69.2926
67.4352
67.4352
67.206
66.9297
66.9163
66.8971
65.6883
64.9756
64.7294
64.1852
64.1624
62.2885
60.9976
60.6417
60.5449
58.3328
58.3328
58.2169
58.0366
57.9036
57.8998
57.6826
57.6826
57.6249
57.6249
57.6237
57.6162
57.6148
57.614
57.6136
57.5741
57.5094
57.5094
57.5089
57.4902
56.749
56.7489
56.7151
56.7151
55.3795
55.3795
54.9619
54.9616
54.9608
54.8925
54.5272
54.5272
54.0954
54.0954
54.0952
53.8964
53.8871
53.8871
53.885
53.8849
53.8849
53.795
53.7183
53.7183
53.602
53.6731
53.6249
53.6249
53.5671
53.5671
53.4621
53.334
53.334
53.3339
53.328
53.3248
53.3248
53.3248
53.3248
53.3017
53.2518
53.2087
53.2014
53.2014
53.1992
53.1758
53.1758
53.1565
53.1538
53.1511
53.1475
53.1418
53.1416
53.1416
53.1399
53.1369
53.1369
53.115
53.112
53.1099
53.1061
53.1018
53.1018
53.0963
53.0963
53.0966
53.0966
52.6219
50.7042
48.022
48.022
48.022
44.9176
44.9176
44.9176
45.1976
45.1976
40.8402
39.4862
39.4862
36.3424
32.3319
32.3319
32.3319
31.9884
31.1407
29.6101
29.6101
29.6101
29.6101
26.1099
26.1099
26.1099
26.1099
26.1099
25.9843
25.3944
25.3944
25.0903
24.8519
24.8519
23.7416
23.7416
23.3445
23.3445
23.3445
23.3445
22.8621
22.8621
22.613
22.5963
22.4222
22.3668
22.3668
21.5516
21.2145
20.2712
20.1469
19.9888
19.7165
19.57
19.57
19.5484
19.5472
19.5024
19.5024
19.4627
19.3692
19.3644
19.3428
19.3228
19.2524
19.2524
19.2224
19.2114
19.1928
19.0888
18.9486
18.461
18.461
18.461
18.461
18.461
18.461
18.461
18.461
18.4597
18.3993
18.2745
18.2745
18.2745
18.193
18.1534
18.1354
18.0324
17.9707
17.9593
17.9593
17.9586
17.9195
17.9195
17.9156
17.9156
17.9156
17.8983
17.8983
17.8582
17.8463
17.8443
17.8419
17.8386
17.8357
17.8357
17.8343
17.8343
17.8351
17.7796
17.7777
17.7488
17.7488
17.7274
17.7202
17.7101
17.7101
17.6994
17.6994
17.6994
17.6878
17.6878
17.6878
17.6878
17.6749
17.6734
17.6734
17.6695
17.6695
17.6691
17.6681
17.6669
17.6645
17.663
17.6622
17.6622
17.6607
17.6596
17.6583
17.6582
17.6571
17.6571
17.6543
17.653
17.653
17.6529
17.6514
17.6495
17.6503
17.6497
17.6496
17.6492
17.6492
17.6489
17.6488
17.6487
17.6485
17.6481
17.6458
17.6456
17.6444
17.6444
17.6444
17.6372
17.6372
17.6368
17.6361
17.6341
17.6342
17.6342
17.6335
17.6335
17.6335
17.6326
17.6325
17.6323
17.6323
17.6322
17.6323
17.631
17.631
17.631
17.631
17.6307
17.6307
17.6307
17.6306
17.6305
17.63
17.6298
17.6295
17.6295
17.6295
17.6295
17.6295
17.6295
17.6295


667.644
615.637
587.609
551.371
536.377
532.737
517.735
511.418
504.596
490.984
490.984
490.751
487.934
484.612
478.907
450.54
444.382
415.027
396.874
362.14
339.682
337.615
317.301
310.109
286.353
286.353
278.439
259.756
220.75
183.936
183.606
177.483
176.605
172.809
161.394
158.351
142.315
133.668
133.668
129.38
126.671
122.001
114.242
103.856
100.424
96.6527
89.9703
84.3642
83.7736
83.3642
79.6076
76.672
76.672
75.0761
73.6249
73.3017
70.5694
70.5694
70.2907
67.6807
63.7049
63.5069
61.674
61.674
60.6216
60.3034
59.5311
59.3754
58.8084
58.5675
58.4234
58.2831
58.0814
57.7733
57.715
57.7135
57.41
57.0211
56.9638
56.7877
56.6144
56.6144
56.569
56.4025
56.3988
56.2864
56.2752
56.2587
56.2541
56.2316
56.1334
56.112
56.112
56.0311
56.0251
56.0137
55.9484
55.9484
55.9289
55.9195
55.9164
55.9157
55.8944
55.8906
55.8859
55.8674
55.8582
55.8582
55.8534
55.8523
55.8486
55.8487
55.8479
55.8454
55.8391
55.8382
55.8382
55.8356
55.8348
55.8343
55.8342
55.8326
55.8318
55.8317
55.8301
55.8292
55.8277
55.8274
55.8271
55.8248
55.824
55.8234
55.823
55.823
55.8228
55.8219
55.8218
55.8212
55.8211
55.821
55.8206
55.8207
55.8207
55.8206
55.8206
55.8205
55.8204
55.8203
55.8203
55.8203
55.8202
55.8202
55.8202
55.8201
55.8201
55.82
55.82
55.82
55.82
55.8199
55.8199
55.8199
55.8199
55.8199
55.8199
55.8199
55.8199
55.8199
55.8199
55.8198
55.8198
55.8198
55.8198
55.8198
55.8198
55.8198
55.8198
55.8198
55.8198
55.8198
55.8198
55.8198
55.8198
55.8198
55.8198
55.8198
55.8198
55.8198
55.8198
55.8198
55.8198
55.8198
55.8198
55.8198
55.8198
55.8198
55.8198
55.8198
55.8198
55.8198
55.8198
55.8198
55.8198
55.8198
55.8198
55.8198
55.8198
55.8198
55.8198
55.8198
55.8198
55.8198
55.8198
55.8198
55.8198
55.8198
55.8198
55.8198
55.8198
55.8198
55.8198
55.8198
55.8198
55.8198
55.8198
55.8198
55.8198
55.8198
55.8198
55.8198
55.8198
55.8198
55.8198
55.8198
55.8198
55.8198
55.8198
55.8198
55.8198
55.8198
55.8198
55.8198
55.8198
55.8198
55.8198
55.8198
55.8198
55.8198
55.8198
55.8198
55.8198
55.8198
55.8198
55.8198
55.8198
55.8198
55.8198
55.8198
55.8198
55.8198
55.8198
55.8198
55.8198
55.8198
55.8198
55.8198
55.8198
55.8198
55.8198
55.8198
55.8198
55.8198
55.8198
55.8198
55.8198
55.8198
55.8198
55.8198
55.8198
55.8198
55.8198
55.8198
55.8198
55.8198
55.8198
55.8198
55.8198
55.8198
55.8198
55.8198
55.8198
55.8198
55.8198
55.8198
55.8198
55.8198
55.8198
55.8198
54.1948
53.7467
53.7467
53.357
52.563
52.563
52.563
52.563
52.563
52.3731
52.1157
52.1157
52.0042
51.7261
50.7299
50.7299
50.7299
50.7299
50.7299
50.7299
50.7299
50.7299
50.7299
50.6161
49.8694
49.8694
49.1235
48.5152
48.5152
48.4096
48.4096
48.3023
48.3023
48.2939
48.2939
48.0262
48.0262
48.0262
47.9716
47.8834
47.6777
47.6068
47.6068
47.6034
47.5785
47.5785
47.5785
47.4869
47.4869
47.3655
47.3655
47.3097
47.2714
47.2459
47.2142
47.2142
47.205
47.205
47.205
47.205
47.205
47.1654
47.1579
47.1614
47.1477
47.1477
47.1477
47.1464
47.0834
47.0834
47.0834
47.0819
47.0819
47.0745
47.0745
47.0715
47.0241
47.0241
47.0133
47.0133
46.9821
46.9569
46.9548
46.9396
46.9251
46.9251
46.9133
46.9133
46.9133
46.9133
46.9132
46.9129
46.9089
46.9098
46.9039
46.9036
46.8998
46.8984
46.8984
46.8983
46.8976
46.8952


