1401.57
1352.55
1317.53
1295.21
1274.66
1274.58
1274.58
1266.39
1257.3
1253.54
1250.54
1253.13
1220.71
1218.5
1213.59
1205.11
1205.11
1178.08
1164.47
1135.25
1114.39
1114.39
1102.26
1076.36
1075.91
1073.39
1073.2
1072.5
1070.29
1059.93
1048.18
1043.7
1042.53
1041.95
1041.95
1041.58
1040.79
1032.19
1030.66
1029.38
1029.24
1024.36
1021.03
1021.03
1019.81
1018.85
1012.2
993.087
992.946
992.799
992.747
984.271
984.271
978.963
978.949
978.199
975.281
975.124
974.406
973.152
971.778
968.229
968.222
967.588
966.993
966.445
966.341
966.341
966.058
965.891
965.713
965.713
964.585
954.15
950.291
947.168
947.168
947.15
946.33
946.294
943.023
935.664
935.664
935.664
935.4
935.386
935.386
922.764
922.764
922.757
922.755
922.754
922.754
922.754
922.754
922.753
922.753
922.753
922.753
922.752
922.752
922.752
922.752
918.303
918.303
918.303
918.303
914.796
913.683
901.353
901.353
898.942
898.942
898.772
898.716
898.144
897.977
897.924
897.867
897.528
897.523
897.179
896.882
896.603
896.028
895.941
891.413
891.413
890.135
884.72
884.719
881.02
881.011
878.816
812.394
812.388
812.386
812.384
812.381
805.753
805.751
835.593
828.416
828.416
705.59
705.589
705.589
705.589
693.755
693.755
693.755
693.754
693.754
693.754
693.754
689.106
676.77
650.394
650.394
627.32
600.692
626.732
619.801
608.433
586.547
583.801
583.801
564.168
554.593
554.593
537.801
537.801
531.148
514.772
514.772
514.772
511.951
502.434
500.473
490.263
487.984
481.453
480.278
480.278
478.106
475.087
474.374
463.356
461.826
460.571
456.354
456.352
456.347
456.347
455.731
454.822
450.627
449.116
449.114
448.226
448.213
445.148
445.148
445.145
444.351
442.659
439.822
439.82
439.818
439.633
439.632
439.413
439.078
439.078
433.31
427.525
427.525
420.549
420.114
419.687
418.61
418.492
418.067
417.918
417.918
417.682
417.593
417.593
417.593
417.549
417.53
417.311
417.202
417.156
417.137
417.039
417.015
417.014
417.013
417.012
416.963
416.962
414.592
414.592
414.556
414.553
414.545
414.247
414.242
414.242
414.242
414.25
414.133
413.973
413.939
413.93
413.928
413.83
413.828
413.569
413.536
413.422
413.422
413.419
413.394
413.358
413.275
413.262
413.262
413.257
413.254
413.25
413.249
413.247
413.246
413.246
413.244
413.243
413.241
413.238
413.235
413.233
413.23
413.229
413.229
413.229
413.228
413.227
413.224
413.221
413.219
413.218
413.217
413.217
413.216
413.214
413.214
412.887
412.849
412.849
412.714
412.61
412.61
412.596
412.596
412.592
412.588
412.587
412.586
412.586
412.586
412.586
412.585
412.581
412.581
412.581
412.581
412.581
412.58
412.578
412.576
412.575
412.574
412.573
412.571
412.57
412.569
412.569
412.568
412.567
412.567
412.566
412.566
412.566
412.566
412.565
412.565
412.564
412.337
412.301
412.248
412.238
412.234
412.209
412.181
412.143
412.124
412.106
412.093
412.086
412.083
412.082
412.082
412.082
412.082
412.082
412.082
412.082
412.082
412.082
412.082
412.082
412.082
412.082
412.082
412.082
412.082
412.082
412.082
412.081
412.081
412.08
412.079
412.078
412.077
412.004
412.004
412.004
412.004
412.004
412.004
412.007
412.006
412.002
412.002
412.002
412.001
412.001
412.001
412.001
412.001
412.001
412.001
412.001
412.001
412.001
412.001
412.001
412.001
412.001


1396.66
1360.34
1360.34
1360.15
1340.38
1305.56
1292.13
1292.13
1291.96
1291.96
1291.96
1286.63
1285.26
1261.66
1230.69
1211.6
1204.62
1184.62
1176.79
1176.51
1173.59
1184.14
1171.45
1164.05
1164.05
1150.95
1144.32
1129.62
1089.77
1089.77
1089.28
1082.48
1068.97
1054.68
1054.38
1054.38
1051.7
1007.68
1007.68
998.548
998.548
996.737
994.595
978.402
972.654
965.808
965.527
961.326
956.363
954.641
953.241
952.552
951.103
950.533
950.12
949.703
949.167
948.903
948.687
948.618
948.543
948.47
948.402
948.402
948.367
948.313
948.302
948.302
948.298
948.298
948.26
948.24
948.21
948.21
948.196
948.192
948.187
948.187
948.187
948.187
948.185
948.185
948.184
948.183
948.183
948.183
948.182
948.182
948.182
948.182
948.182
948.181
948.181
924.739
923.619
923.619
923.519
923.519
923.519
923.384
923.277
923.329
923.219
923.193
923.095
923.095
922.916
922.737
922.737
922.733
922.707
922.679
922.676
922.676
922.666
922.638
922.631
922.628
922.627
922.626
922.619
922.619
922.619
922.617
916.982
916.982
915.527
908.138
907.321
907.321
906.211
906.03
906.03
906.03
905.963
905.963
905.963
905.963
905.963
905.963
905.963
905.963
901.594
899.725
899.725
899.007
899.007
898.801
898.801
897.958
893.918
892.892
892.892
892.892
892.892
892.892
892.633
892.633
892.633
892.463
892.39
892.39
892.248
892.248
892.248
892.248
891.917
891.802
891.763
891.627
891.627
891.595
891.571
891.544
891.364
891.26
884.513
883.546
883.015
873.358
860.743
860.568
859.974
841.967
841.967
841.842
837.95
834.836
834.237
834.237
831.565
831.334
817.571
807.37
804.97
804.97
798.031
798.031
790.78
790.514
790.514
795.201
789.604
789.543
789.258
758.607
736.015
633.265
628.63
618.587
618.542
587.743
587.743
577.37
569.787
569.675
558.84
541.724
539.483
530.367
517.88
520.271
516.978
516.417
507.756
504.366
488.548
488.548
488.306
488.306
485.023
480.28
480.257
477.62
477.609
477.244
477.225
475.556
475.549
475.302
474.744
472.722
472.688
472.682
471.095
471.086
469.519
469.519
469.005
468.866
468.866
468.477
468.415
468.396
468.192
468.154
468.154
468.034
468.034
467.778
467.693
467.725
466.038
465.803
465.795
465.574
465.31
465.249
465.243
465.146
464.923
464.725
464.712
464.633
464.497
464.497
464.428
464.426
464.311
464.244
464.204
464.203
464.15
464.15
464.093
464.012
464.012
464.007
464.007
463.989
463.968
463.964
463.962
463.948
463.947
463.926
463.925
463.924
463.913
463.911
463.91
463.91
463.91
463.907
463.907
463.906
463.906
463.906
463.905
463.904
463.903
463.903
463.902
463.901
463.901
463.9
463.9
463.9
463.9
463.899
463.899
463.9
463.9
463.899
463.899
463.899
463.899
463.899
463.898
463.898
463.898
463.898
463.898
463.898
463.898
463.898
463.898
463.897
463.897
463.897
463.897
463.897
463.897
463.897
463.897
463.897
463.897
463.897
463.897
463.897
463.897
463.897
463.897
463.897
463.897
463.897
463.897
463.897
463.897
463.897
463.897
463.897
463.897
463.897
463.897
463.897
463.897
463.897
463.897
463.897
463.897
463.897
463.897
463.897
463.897
463.897
463.897
463.897
463.897
463.897
463.897
463.897
463.897
463.897
463.897
463.897
463.897
463.897
463.897
463.897
463.897
463.897
463.897
463.897
463.897
463.897
463.897
463.897
463.897
463.897


1382.81
1341.33
1315.97
1237.76
1214.77
1138.09
1138.09
1138.05
1138.05
1138.05
1091.75
1094.25
1094.25
1094.07
1052.66
1052.48
1020.58
991.137
991.137
991.12
973.921
973.818
973.818
964.59
963.624
955.538
946.596
944.897
941.15
937.378
933.926
934.334
932.171
930.02
930.02
921.467
921.15
919.373
916.133
914.771
914.002
913.872
913.652
912.956
912.383
911.337
910.793
910.751
909.981
909.527
909.269
908.391
908.367
908.203
908.18
907.867
907.867
907.694
896.023
890.963
890.926
890.891
888.21
885.495
883.609
881.652
880.57
880.566
879.646
879.575
879.339
879.314
861.225
849.426
848.144
845.962
844.884
844.744
843.721
843.721
842.946
842.624
842.603
842.47
841.876
840.082
838.181
838.08
837.782
836.471
836.191
836.108
835.782
835.779
833.482
831.537
831.537
830.492
830.32
830.32
828.738
828.737
827.271
827.271
827.022
826.553
826.435
826.435
826.412
826.248
826.11
826.071
825.506
825.282
825.149
825.149
825.099
825.099
825.064
825.008
824.931
824.931
824.927
824.927
824.922
824.91
824.91
824.903
824.895
824.895
804.514
823.859
805.11
805.11
804.41
801.727
801.573
800.791
800.608
800.356
800.356
800.149
800.07
800.07
800.062
799.775
799.619
799.619
799.587
799.587
799.566
799.556
799.513
799.5
799.484
799.484
799.475
799.475
799.47
799.464
799.462
799.463
799.462
799.458
799.458
799.458
799.458
799.457
799.457
799.457
799.457
799.457
799.456
799.456
799.456
799.456
799.456
799.456
799.456
799.456
799.456
799.456
799.456
799.456
799.456
799.456
799.456
799.456
799.456
799.456
799.456
799.456
799.456
799.456
799.456
799.456
799.456
799.456
799.456
799.456
799.456
799.456
799.456
799.456
799.456
799.456
799.456
799.456
799.456
799.456
799.456
799.456
799.456
799.456
799.456
799.456
799.456
799.456
799.456
799.456
799.456
799.456
799.456
799.456
799.456
799.456
799.456
799.456
799.456
799.456
799.456
799.456
799.456
799.456
799.456
799.456
799.456
799.456
799.456
799.456
799.456
799.456
799.456
799.456
799.456
799.456
799.456
799.456
799.456
799.456
799.456
799.456
799.456
799.456
799.456
799.456
796.484
796.484
796.463
796.463
796.463
796.463
796.463
792.038
792.038
791.884
791.884
789.28
785.072
784.665
779.624
778.684
775.452
773.661
773.34
773.34
773.145
772.972
772.58
772.58
770.318
770.318
770.318
770.318
770.061
770.061
770.003
769.999
769.945
769.623
769.49
769.375
769.35
769.35
769.35
769.34
769.34
769.337
769.335
769.335
769.332
769.33
769.33
769.33
769.326
769.322
769.322
769.322
769.322
769.322
769.322
769.322
769.321
769.321
769.321
769.321
769.321
769.321
769.321
769.321
769.321
769.321
769.32
769.32
769.32
769.32
769.32
769.32
769.32
769.32
769.32
769.32
769.32
769.32
769.32
769.32
769.32
769.32
769.32
769.32
769.32
769.32
769.32
769.32
769.32
769.32
769.32
769.32
769.32
769.32
769.32
769.32
769.32
769.32
769.32
769.32
769.32
769.32
769.32
769.32
769.32
769.32
769.32
769.32
769.32
769.32
769.32
769.32
769.32
769.32
769.32
769.32
769.32
769.32
769.32
769.32
769.32
769.32
769.32
769.32
769.32
769.32
769.32
769.32
769.32
769.32
769.32
769.32
769.32
769.32
769.32
769.32
769.32
769.32
769.32
769.32
769.32
769.32
769.32
769.32


1423.85
1317.71
1308.69
1292.65
1252.16
1252.16
1252
1237
1218.58
1197.64
1174.85
1180.78
1160.88
1160.88
1160.11
1150.09
1144.9
1124.59
1117.79
1115.66
1100.8
1100.8
1052.27
1047.35
1045.29
1045.19
1044.46
1039.99
1027.93
1027.93
1025.26
1023.85
1017.51
1011.86
1010.97
1010.21
1010.21
1009.34
1008.93
1008.62
1008.07
1007.82
1007.79
1007.63
1007.11
1006.98
1006.74
1006.29
1006.29
1006.27
1000.04
997.34
997.299
997.299
992.385
992.368
990.032
988.69
985.888
982.352
982.352
969.676
969.676
969.584
967.534
966.327
966.212
964.899
964.826
963.956
963.279
963.214
962.897
962.897
962.707
962.58
961.985
961.985
961.813
961.742
961.617
961.531
961.509
961.506
961.486
961.456
961.456
961.432
961.413
961.413
961.413
961.392
961.375
961.368
961.361
961.361
960.953
955.384
955.384
952.521
933.947
933.947
933.946
922.073
922.073
922.072
922.072
922.072
922.031
922.031
919.708
919.882
919.227
919.19
919.19
917.573
902.371
899.417
899.388
899.377
893.912
893.094
892.575
892.525
892.441
892.252
891.906
891.295
891.163
890.914
890.252
889.649
889.306
888.85
888.481
888.27
888.27
888.27
888.19
888.055
888.051
888.01
887.884
887.585
887.487
887.487
887.45
887.441
887.441
887.431
887.431
887.42
887.386
887.386
887.384
887.384
887.382
887.382
887.369
887.361
887.361
887.362
887.356
887.356
887.353
887.353
887.352
887.349
887.347
887.347
887.346
887.346
887.346
887.345
887.345
887.345
887.345
887.345
887.344
887.344
887.344
887.344
887.344
887.344
887.344
887.344
887.344
887.344
887.344
887.344
887.344
886.504
885.707
885.707
885.707
885.33
885.33
885.33
884.355
884.355
884.182
884.182
884.182
883.983
883.972
883.832
883.832
883.727
883.466
883.419
883.419
883.47
883.431
883.238
883.153
881.852
881.492
880.787
867.537
865.216
863.703
859.171
859.171
859.125
859.125
854.449
854.449
854.449
854.449
853.788
853.788
853.595
853.452
853.133
851.678
851.678
850.577
850.466
850.326
849.865
848.762
848.762
848.37
848.37
848.205
848.135
848.126
848.028
847.839
847.767
847.75
847.491
847.052
846.428
846.118
845.987
845.563
844.408
843.957
843.348
843.127
843.176
843.071
843.058
843.015
842.991
842.989
842.901
842.897
842.894
842.88
842.855
842.853
842.836
842.805
842.803
842.801
842.783
842.775
842.773
842.773
842.769
842.769
842.764
842.756
842.755
842.755
842.755
842.754
842.752
842.751
842.728
842.724
842.697
842.68
825.877
825.877
825.877
825.877
825.877
825.877
842.539
842.525
842.505
842.398
824.1
824.1
824.1
824.1
824.1
824.1
824.895
816.293
799.684
799.684
799.684
793.733
793.733
787.55
787.512
732.743
732.743
732.743
692.353
673.531
647.315
641.078
631.549
587.105
587.105
587.105
578.266
578.266
578.266
575.911
575.911
566.512
566.512
566.512
566.512
566.108
566.885
566.885
551.94
543.696
539.765
539.765
539.765
536.716
536.716
526.597
520.072
520.072
520.072
517.272
515.239
514.728
514.585
514.539
514.522
513.296
499.888
499.888
491.74
486.583
486.274
478.165
478.165
477.794
469.18
468.326
469.028
468.628
467.44
467.44
467.44
463.86
463.86
453.992
453.992
453.992
455.657
451.784
449.735
449.655
449.259
448.472
447.646
447.255
446.993
446.852
446.487
440.583
440.084
440.084
438.453
436.939
436.437
436.255
436.185


1467.6
1434.14
1414.06
1386.94
1331.84
1331.84
1322.25
1322.25
1322.25
1322.25
1322.25
1278.41
1278.41
1278.41
1278.41
1278.41
1278.41
1278.05
1278.05
1278.05
1243.05
1243.05
1242.52
1236.67
1236.67
1236.67
1236.07
1236.07
1233.57
1233.23
1233.23
1213.58
1194.92
1185.71
1173.29
1173.29
1172.8
1172.8
1171.42
1138.29
1138.29
1136.74
1136.74
1136.74
1133.49
1131.09
1131.09
1130.97
1127.65
1122.58
1122.58
1116.51
1115.49
1112.07
1111.66
1106.41
1102.55
1100.88
1099.11
1094.38
1094.38
1094.36
1092.32
1091.7
1090.59
1089.93
1089.66
1088.29
1085.67
1084.68
1084.68
1084.34
1083.82
1083.67
1083.16
1083.16
1083.16
1082.09
1082.09
1082.08
1081.1
1081.09
1072.09
1072.06
1072.06
1072.05
1072.05
1068.47
1068.45
1068.45
1064.42
1064.42
1059.14
1059.14
1059.13
1059.12
1059.12
1059.12
1056.38
1056.27
1056.27
1056.24
1056.24
1056.24
1054.57
1054.43
1054.43
1054.43
1054.3
1054.19
1053.57
1053.57
1053.57
1052.02
1052.02
1051.8
1051.8
1051.28
1051.28
1049.97
1049.97
1049.48
1049.08
1049.08
1049.08
1048.99
1048.99
1048.51
1048.51
1048.51
1044.75
1040.48
1040.11
1039.53
1038.22
1038.22
1037.58
1028.47
1028.4
1026.32
1025.62
1026.05
1026.03
1025.22
1025.21
1025.04
1025.01
1025.01
1024.23
1024.17
1023.62
1023.68
1023.06
1023.06
1000.33
1000.33
1000.33
1000.33
1000.33
1000.32
1000.32
1222.97
1022.56
1022.51
1022.51
1022.51
1022.5
1022.49
1022.48
1020.28
1020.27
1020.26
1019.93
1019.42
1019.14
1017.54
1017.19
1017.19
1017.19
1017.04
1017.03
1016.97
1016.97
1016.93
1014.45
1012.34
1006.27
1005.96
1004.82
1004.28
1003.7
1003.59
1003.16
1002.43
1001.34
1000.89
1000.5
1000.34
999.958
999.546
998.899
995.481
995.481
995.212
995.212
995.176
975.616
975.616
975.503
975.455
975.45
973.079
973.079
971.538
971.538
971.234
969.325
969.309
969.309
968.315
968.029
968.029
967.875
967.875
967.87
967.773
967.203
967.03
967.03
967.026
966.828
966.585
966.465
966.4
966.286
966.198
963.752
963.378
960.892
959.91
957.915
956.101
954.546
953.124
944.743
943.081
943.081
942.875
942.196
939.174
937.078
936.463
934.201
934.201
930.624
930.543
928.64
928.632
926.361
926.309
925.07
933.279
926.525
924.641
920.596
920.372
918.543
918.166
917.902
917.822
917.093
916.495
914.373
910.672
905.103
905.043
905.043
904.574
904.213
901.575
901.575
900.545
900.256
900.129
899.62
899.618
899.491
899.491
899.47
899.47
899.469
899.094
898.858
898.858
898.858
898.404
898.404
898.404
898.325
898.324
898.306
898.306
898.3
898.281
898.281
898.281
898.253
898.253
898.242
898.222
898.219
898.216
898.207
898.207
898.206
898.203
898.203
898.203
898.203
898.2
898.2
898.2
898.197
898.194
898.194
898.194
898.193
898.193
898.193
898.193
898.193
898.193
898.192
898.192
898.192
898.191
898.191
898.191
898.191
898.191
898.191
898.191
898.191
898.19
898.19
898.19
898.19
898.19
898.19
898.19
898.19
898.19
898.19
898.19
898.19
898.19
898.19
898.19
898.19
898.19
898.19
898.19
898.19
898.19
898.19
898.19
898.19
898.19
898.19
898.19
898.19
898.19
898.19
898.19
898.19
898.19
898.19
898.19
898.19
898.19
898.19
898.19
898.19
898.19
898.19
898.19
898.19
898.19
898.19
898.19
898.19
898.19
898.19
898.19
898.19
898.19
898.19
898.19
898.19
898.19


1460.65
1456.72
1386.69
1384.23
1359.99
1359.99
1359.99
1281.77
1281.77
1281.77
1247.66
1237.29
1237.29
1235.49
1213.43
1213.43
1188.65
1156.03
1156.03
1132.65
1118.47
1198.43
1124.01
1121.67
1113.08
1105.15
1089.55
1089.55
1057.87
1057.87
1056.69
1055.7
1051.36
1047.86
1042.65
1034.9
1026.23
1019.8
1019.8
1010.34
1010.34
1009.61
1009.61
1005.86
1004.54
1004.44
1003.58
1002.16
995.725
995.418
992.949
993.332
991.126
990.841
990.821
990.724
990.214
989.635
985.509
985.509
985.372
1052.65
988.178
988.008
987.696
987.696
987.286
987.283
987.201
987.153
987.024
987.035
986.986
986.962
986.921
986.921
986.918
982.585
716.226
716.216
715.067
715.058
706.296
704.803
700.8
700.8
687.297
669.859
658.662
658.662
651.551
689.556
668.888
668.083
643.254
640.387
627.52
619.449
614.374
614.374
614.374
613.162
608.617
607.424
607.424
602.415
602.415
602.101
602.101
600.624
600.624
597.976
597.455
597.343
596.452
584.037
568.661
568.661
568.437
568.346
568.032
551.286
550.773
550.042
549.933
547.474
547.281
547.175
544.311
544.224
544.138
543.305
542.669
542.507
533.031
531.086
525.318
525.255
524.708
524.3
524.21
520.886
520.091
520.009
519.962
519.27
518.048
517.446
517.437
517.437
516.38
515.646
515.646
513.146
512.036
512.03
511.929
511.887
511.465
510.788
510.779
510.587
510.414
510.414
510.374
510.348
510.344
510.329
510.23
510.23
510.23
510.248
510.203
510.17
510.17
510.128
510.128
510.073
510.073
510.073
510.061
508.253
505.176
505.174
502.233
500.846
500.846
498.2
498.198
498.198
497.379
497.177
497.177
497.091
496.462
496.462
496.362
496.362
495.974
495.974
495.765
495.511
489.797
488.624
480.792
480.792
476.766
475.764
475.764
475.764
475.764
475.493
475.493
474.881
474.138
474.138
474.138
473.698
473.481
473.39
473.24
473.237
473.124
473.081
473.065
473.06
473.032
472.996
472.996
472.97
472.97
472.97
472.933
472.913
472.857
472.835
472.801
472.776
472.723
472.719
472.652
472.626
472.606
472.568
472.56
472.536
472.506
472.501
472.501
472.496
472.468
472.449
472.429
472.429
472.429
472.429
472.423
472.421
472.399
472.392
472.391
472.392
472.378
472.374
472.371
472.359
472.359
472.356
472.356
472.335
472.325
472.322
472.311
472.288
472.287
472.287
472.282
472.28
472.28
472.279
472.279
472.279
472.279
472.279
472.266
472.266
472.261
472.261
472.26
472.26
472.256
472.256
472.249
472.249
472.248
472.248
472.248
472.248
472.248
472.247
472.247
472.247
472.247
472.245
472.245
472.244
472.244
472.244
472.244
472.243
472.243
472.242
472.242
472.242
472.242
472.241
472.241
472.241
472.241
472.241
472.241
472.241
472.241
472.241
472.241
472.241
472.24
472.24
472.24
472.24
472.24
472.24
472.24
472.24
472.24
472.24
472.24
472.24
472.24
472.24
472.24
472.24
472.24
472.24
472.24
472.24
472.24
472.239
472.239
472.239
472.239
472.239
472.239
472.239
472.239
472.239
472.239
472.239
472.239
472.239
472.239
472.239
472.239
472.239
472.239
472.239
472.239
472.239
472.239
472.239
472.239
472.239
472.239
472.239
472.239
472.239
472.239
472.239
472.239
472.239
472.239
472.239
472.239
472.239
472.239
472.239
472.239
472.239
472.239
472.239
472.239
472.239
472.239
472.239
472.239
472.239
472.239
472.239
472.239
472.239


1429.76
1330.03
1319.67
1319.67
1319.67
1307.08
1307.08
1281.13
1236.42
1236.42
1216.22
1215.04
1162.58
1143.53
1143.53
1143.43
1135.7
1128.22
1128.22
1109.61
1109.61
1117.29
1115.7
1099.1
1094.32
1085.53
1075.97
1075.84
1063.87
1053.44
1038.5
1038.5
1038.16
1037.81
1035.59
1035.25
1032.95
1028.67
1028.5
1026.06
1025.89
1021.16
1020.16
1020.03
1017.97
1017.54
1017.48
1016.66
1016.66
1016.31
1016.26
1014.6
1009.8
1008.7
1008.7
1008.68
1008.55
1008.55
1008.52
1008.37
1008.09
1008.13
1008.13
1008.13
1007.57
1007.57
1007.39
1007.39
1007.38
1007.37
1007.3
1007.22
1007.22
1007.21
1007.17
1007.17
1007.12
1003.27
1003.26
1003.26
1003.25
1000.35
998.753
998.751
998.741
996.942
992.403
992.4
990.536
990.177
990.176
990.175
987.182
984.969
983.848
983.126
979.825
979.825
978.597
977.746
977.746
973.359
973.359
972.463
972.239
972.152
972.152
966.318
966.318
966.265
966.265
966.265
966.032
965.821
965.683
965.683
965.661
958.919
958.817
958.786
958.703
958.703
958.691
958.663
958.663
958.635
958.632
958.632
958.627
958.609
958.607
958.606
949.273
949.263
949.263
949.26
948.562
948.562
948.562
947.678
947.499
942.316
942.245
942.245
942.234
942.234
941.998
941.938
933.604
933.604
933.604
931.798
931.798
931.403
930.783
930.783
930.783
930.783
930.345
930.316
930.316
930.167
930.091
930.091
929.964
929.901
929.901
929.752
929.739
929.739
929.352
929.127
928.868
928.868
928.818
922.141
922.098
922.062
922.041
922.039
922.038
922.015
922.013
921.992
921.992
921.992
921.992
921.987
917.848
914.675
914.675
914.676
914.669
914.663
914.663
914.663
911.503
911.503
911.503
911.503
911.503
938.786
926.47
926.469
919.632
919.632
919.632
919.632
919.632
919.632
919.632
938.575
923.921
923.921
923.201
923.201
922.984
922.984
922.901
922.901
922.901
922.839
910.234
908.186
908.186
908.186
904.056
904.056
904.013
904.013
904.013
904.013
904.013
904.013
903.881
894.402
894.402
894.402
894.402
893.695
893.162
891.723
891.723
888.455
888.09
888.09
887.094
887.094
886.717
886.636
886.636
886.421
886.387
885.029
884.671
884.179
882.661
882.33
881.505
880.924
880.381
879.551
878.866
878.073
877.378
876.037
875.467
874.931
874.708
870.709
870.709
871.672
871.096
871.096
870.439
870.439
870.392
870.392
870.068
869.348
869.196
869.154
869.151
869.018
868.427
868.177
867.864
866.987
864.252
864.167
864.167
864.353
864.074
864.074
864.04
863.867
863.867
863.514
863.514
863.462
863.148
862.996
862.919
862.681
862.529
862.416
862.414
862.198
862.198
862.077
862.047
861.971
861.945
861.887
861.887
861.872
861.847
861.805
861.745
861.745
861.745
861.725
861.598
861.583
861.519
861.483
861.47
861.463
861.439
861.402
861.374
861.374
861.368
861.367
861.36
861.34
861.335
861.335
861.326
861.324
861.324
861.322
861.32
861.319
861.319
861.317
861.311
861.311
861.309
861.309
861.308
861.307
861.306
861.305
861.305
861.305
861.304
861.304
861.304
861.303
861.303
861.303
861.303
861.302
861.302
861.302
861.302
861.297
861.297
861.295
861.292
861.293
861.293
861.292
861.292
861.292
861.292
861.291
861.291
861.291
861.291
861.291
861.291
861.291
861.291
861.291
861.291
861.291
861.291
861.291
861.291
861.291
861.291
861.291
861.291
861.291
861.291
861.291
861.291
861.291


1469.69
1393.73
1392.85
1392.85
1386.9
1380.32
1346.1
1327.99
1327.99
1327.73
1327.63
1282.92
1282.92
1282.92
1279.18
1278.67
1278.67
1271.1
1249.27
1244.21
1244.03
1395.35
1281.47
1267.09
1251.79
1235.83
1235.83
1222.91
1222.91
1222.68
1176.6
1176.6
1161.06
1161.06
1160.81
1155.37
1145.61
1145.61
1145.48
1143.8
1143.42
1140.38
1139.65
1126.84
1126.84
1126.74
1122.66
1122.66
1122.66
1093.35
1087.55
1087.55
1081.86
1081.86
1081.15
1079.22
1070.58
1069.1
1059.6
1056.74
1053.7
1053.7
1050.8
1040.44
1040.44
1036.61
1030.8
1030.8
1030.4
1029.78
1027.84
1027.45
1026.52
1025.15
1024.76
1024.37
1024.03
1023.89
1023.89
1017.99
1016.75
1016.75
1016.75
1015.66
1013.43
1012.74
1012.63
1012.62
1012.62
1012.54
1012.51
1012.38
1012.37
1012.33
1012.33
1012.32
1012.32
1012.27
1012.27
1012.27
1012.26
1012.26
1012.25
1012.25
1012.25
1012.25
1012.25
1012.25
1012.25
1012.24
1012.24
1012.24
1012.24
1012.24
1012.24
1012.24
1012.24
1012.24
1012.24
1012.24
1012.24
1012.24
1012.24
1012.24
1012.24
995.085
995.085
995.085
995.085
995.085
995.085
995.085
995.085
995.085
995.085
995.085
983.392
983.392
983.392
981.017
981.017
981.017
981.017
981.017
981.017
981.017
981.017
981.017
981.017
980.533
980.533
988.301
982.91
977.883
976.493
976.179
976.154
976.154
976.154
976.085
976.001
975.959
975.937
975.924
975.918
975.914
975.912
975.911
975.911
975.91
974.716
974.716
974.716
968.585
968.585
968.585
967.389
967.389
967.389
967.389
967.389
967.389
967.389
967.323
964.893
951.968
947.699
947.699
947.699
943.882
943.882
942.598
941.639
932.435
921.161
912.327
910.796
910.772
909.555
908.204
899.711
899.668
899.581
899.545
899.528
899.52
898.953
898.243
897.284
896.789
896.188
895.959
895.485
894.691
894.691
894.691
893.976
893.738
893.082
892.485
892.34
890.986
890.504
890.276
889.868
889.757
889.467
888.939
871.442
871.442
871.432
922.895
881.205
874.381
870.689
870.647
870.647
870.633
870.426
870.37
870.37
870.364
870.316
869.889
869.886
869.873
869.872
869.872
869.866
869.855
869.847
869.844
869.834
869.814
869.762
869.722
869.699
869.511
869.474
869.384
869.377
868.864
867.637
867.622
867.392
867.384
867.133
866.842
866.404
865.854
865.819
865.47
865.453
865.443
865.436
865.428
865.381
865.364
865.251
865.159
865.008
864.891
864.804
864.706
864.428
863.975
863.61
863.165
862.889
862.251
862.031
862.061
862.061
862.061
862.039
861.992
861.887
861.85
861.847
861.829
861.823
861.812
861.726
861.706
861.646
861.64
861.631
861.628
861.626
861.618
861.499
861.5
861.494
861.477
861.47
861.47
861.461
861.453
861.449
861.448
861.407
861.394
861.394
861.392
861.385
861.384
861.383
861.352
861.34
861.337
861.334
861.337
861.33
861.33
861.329
861.329
861.329
861.319
861.319
861.316
861.315
861.314
861.314
861.314
861.313
860.367
860.367
860.349
860.249
860.249
860.249
860.242
860.102
860.102
860.102
860.102
860.091
860.091
860.074
860.055
859.957
859.877
859.727
859.727
859.727
859.708
859.707
859.565
859.561
859.561
859.55
859.541
859.541
859.541
859.52
859.503
859.489
859.481
859.476
859.473
859.453
859.448
859.446
859.445
859.445
859.445
859.442
859.428
859.428
859.404
859.404
859.401
859.4
859.4
859.4
859.399
859.398
859.398
859.398
859.398


1446.49
1418.4
1377.17
1312.55
1312.55
1287.86
1287.86
1287.86
1284.38
1268.56
1268.56
1266.65
1266.65
1265.74
1260.49
1260.49
1156.06
1156.06
1155.61
1154.62
1131.81
1139.85
1124.82
1124.82
1124.82
1105.51
1105.51
1102.49
1093.55
1093.55
1090.2
1043.21
1043.21
1043.14
1034.32
1023.51
1020.24
1016.96
1012.44
1008.38
1006.63
1005.13
1004.5
1003.83
997.878
995.469
995.469
995.469
995.459
982.788
959.649
963.843
953.801
953.801
953.491
949.575
949.575
948.32
947.273
947.273
944.599
939.363
938.138
938
938
936.864
936.864
935.761
935.181
935.019
934.719
933.38
933.271
932.415
932.361
931.703
931.703
928.905
928.891
923.713
921.978
921.918
920.698
920.698
920.696
920.675
920.191
911.869
911.862
907.266
883.66
883.66
883.657
883.656
883.655
883.112
883.11
882.232
882.232
882.041
881.002
881.525
881.524
881.26
881.26
880.794
880.794
880.793
879.318
879.318
878.317
878.114
878.05
877.872
877.853
877.846
877.846
877.845
877.756
877.682
877.682
877.682
877.682
877.682
877.682
877.641
877.528
876.953
876.818
876.766
876.495
876.495
876.461
876.46
876.46
876.438
876.325
876.285
876.145
876.11
876.089
876.079
876.079
876.05
876.044
876.035
876.035
876.035
876.019
876.011
876.011
876.004
876.003
876.001
876.001
876.001
876.001
875.999
875.999
875.999
875.998
875.997
875.996
875.996
875.996
875.996
875.996
875.996
875.995
875.995
875.995
875.995
875.995
875.995
875.995
871.408
864.363
864.363
864.363
864.363
864.363
862.527
862.025
861.474
858.231
856.701
856.577
856.407
855.302
854.916
854.799
853.328
853.328
852.533
851.538
850.95
850.95
850.95
850.256
850.256
850.256
850.196
850.196
850.184
850.006
849.802
849.69
849.287
849.287
849.287
849.227
849.227
849.129
849.129
849.129
849.129
849.129
849.123
849.123
849.12
849.12
849.12
849.046
848.97
848.57
848.57
848.514
848.475
848.475
848.474
848.44
848.409
848.408
848.408
848.4
848.4
848.4
848.388
848.386
848.386
848.368
848.371
848.364
848.364
848.364
848.364
848.362
811.29
810.76
810.76
810.76
786.935
660.94
623.854
605.798
576.19
576.19
564.872
560.322
551.799
551.799
536.64
536.64
536.64
529.83
529.83
529.83
520.556
518.899
515.828
515.828
508.909
505.195
503.938
503.938
503.472
498.18
498.18
496.448
493.112
492.519
491.327
491.327
491.16
490.275
489.505
489.321
489.321
487.15
487.15
486.639
487.463
485.488
485.488
485.207
483.395
483.395
483.226
483.162
483.162
483.162
481.356
481.253
481.253
480.571
480.571
480.248
479.601
479.156
479.156
479.132
479.681
479.681
479.564
479.307
478.952
478.952
478.597
478.493
478.493
478.4
478.407
478.407
478.232
478.232
478.157
478.157
478.003
478.003
477.651
477.651
477.768
477.706
477.706
477.47
477.47
477.431
477.388
477.326
477.248
477.16
477.126
477.126
477.098
477.098
477.098
477.065
477.065
477.044
477.019
477.019
477.006
477.002
476.998
476.994
476.983
476.983
476.965
476.965
476.965
476.954
476.97
476.97
476.969
476.967
476.967
476.964
476.962
476.962
476.962
476.954
476.954
476.945
476.945
476.943
476.935
476.935
476.935
476.934
476.93
476.93
476.93
476.93
476.93
476.93
476.93
476.929
476.929
476.929
476.929
476.928
476.928
476.927
476.927
476.926
476.926
476.926
476.926
476.925
476.925


1381.94
1312
1291.25
1272.98
1245.81
1222.86
1222.86
1222.86
1222.86
1222.86
1182.37
1209.8
1154.61
1117.84
1117.84
1117.64
1117.64
1117.09
1117
1110.38
1110.38
1092.82
1092.82
1091.16
1090.13
1088.69
1079.55
1071.93
1065.26
1065.26
1064.04
1055.65
1050.36
1044.8
1036.18
1036.18
1016.12
1014.8
986.723
986.723
986.631
986.631
986.333
976.29
975.513
966.602
965.13
962.282
959.415
951.098
951.079
951.794
950.49
949.232
949.225
949.205
949.185
948.714
948.713
948.457
948.303
948.058
947.984
947.98
947.941
947.865
947.863
947.463
947.463
947.298
947.05
946.746
946.746
946.694
946.681
946.539
946.538
946.538
946.534
946.529
946.499
946.501
946.499
946.481
946.47
946.462
946.462
946.461
946.461
946.46
946.458
946.457
946.457
946.456
946.456
946.456
946.456
946.456
946.456
946.456
946.456
946.456
946.456
946.456
946.456
946.456
946.456
946.456
925.991
924.41
924.41
922.979
922.979
922.318
922.155
922.148
921.396
921.396
920.733
919.162
919.162
919.162
918.644
918.145
918.086
917.555
917.404
917.394
917.216
917.165
917.113
916.989
916.849
916.77
916.77
916.398
916.398
916.269
916.181
916.181
916.123
916.123
916.123
916.058
916.058
916.058
916.049
916.048
916.03
916.03
916.023
916.023
916.018
916.016
916.016
916.015
916.013
916.012
916.012
916.008
916.008
916.006
916.005
916.005
916.005
916.005
916.004
916.004
916.004
916.004
916.004
916.004
916.004
916.003
916.003
916.003
916.003
911.881
911.459
911.459
911.209
912.163
910.664
910.555
910.555
910.313
910.313
910.313
910.313
909.95
909.559
909.322
909.175
908.743
907.53
906.966
906.696
906.563
906.494
906.054
906.054
905.437
905.41
905.41
905.236
905.236
905.236
905.236
905.236
904.809
904.809
904.809
904.809
904.798
904.362
898.58
893.337
893.337
893.337
893.337
891.42
891.42
891.42
890.189
889.925
887.521
886.876
886.876
885.879
885.879
885.879
885.571
885.571
885.46
884.862
884.731
884.549
884.434
884.305
884.304
883.446
883.437
883.437
883.426
883.188
883.163
883.062
883.057
883.057
883.057
883.047
883.037
883.013
883.013
883.011
883.011
883.011
883.008
882.999
882.999
882.999
882.997
882.996
882.996
882.996
882.992
882.992
882.99
882.989
882.989
882.988
882.988
882.988
882.988
882.988
882.988
882.988
882.987
882.987
882.987
882.987
882.987
882.987
882.987
882.987
882.987
882.987
882.987
882.987
882.987
882.987
882.987
882.987
882.987
882.987
882.987
882.987
882.987
882.987
882.987
882.987
882.987
882.987
882.987
882.987
882.987
882.987
882.987
882.987
882.987
882.987
882.987
882.987
882.987
882.987
882.987
882.987
882.987
882.987
882.987
882.987
882.987
882.987
882.987
882.987
882.987
882.987
882.987
882.987
882.987
882.987
882.987
882.987
882.987
882.987
882.987
882.987
882.987
882.987
882.987
882.987
882.987
882.987
882.987
882.987
882.987
882.987
882.987
882.987
882.987
882.987
882.987
882.987
882.987
882.987
882.987
882.987
882.987
882.987
882.987
882.987
882.987
882.987
882.987
882.987
882.987
882.987
882.987
882.987
882.987
882.987
882.987
882.987
882.987
882.987
882.987
882.987
882.987
882.987
882.987
882.987
882.987
882.987
873.474
873.474
873.474
871.494
870.979
870.979
870.329
869.778
867.128
866.987
866.946
866.543
866.341
866.273
866.244
866.211
866.194


1477.23
1383.36
1372.75
1311.29
1281.27
1281.27
1228.07
1227.37
1223.59
1223.59
1191.41
1169.22
1153.96
1153.96
1125.85
1120.92
1119.37
1105.23
1105.2
1103.06
1103.06
1090.16
1082.82
1060.88
1049.53
1041.19
1037.67
1030.04
1028.44
1026.85
1020.99
1013.79
1013.79
1013.77
1007.29
1006.29
1005.37
1005.37
1004.19
1004.15
1003.1
1002.81
1002.78
1002.41
1001.95
1001.89
1001.69
1001.6
1001.6
1001.42
1001.1
1001.1
1001.1
1001.06
1001.05
997.388
986.756
986.752
986.748
972.95
961.689
960.984
959.66
958.179
958.179
958.177
942.554
903.075
896.183
895.672
823.592
815.916
815.916
777.703
729.103
729.103
718.117
605.556
506.135
471.524
448.903
464.622
446.677
439.755
360.524
353.871
343.663
317.189
277.773
263.806
216.111
210.075
201.52
180.494
180.494
175.094
174.941
150.916
137.081
135.824
125.125
111.933
106.756
101.208
94.2103
80.0052
69.0605
65.287
60.0322
60.0322
58.4345
56.5208
53.9215
51.1606
42.7825
41.7566
41.5779
38.0484
37.4644
35.4394
34.6702
34.1583
31.9892
30.663
29.1091
28.1097
27.9645
27.6243
26.4847
25.8277
24.5353
24.5353
24.1717
24.1717
23.9413
23.4864
22.7317
22.6309
22.5819
22.383
22.2714
22.4273
22.2786
22.2053
22.1825
22.0522
22.0417
21.9777
21.8106
21.8106
21.7989
21.7989
21.6689
21.6089
21.5704
21.5416
21.4697
21.4098
21.3779
21.3779
21.3448
21.2915
21.282
21.2674
21.2411
21.2166
21.2023
21.1894
21.1702
21.158
21.1573
21.1393
21.1252
21.1223
21.1167
21.1167
21.1149
21.1116
21.11
21.1074
21.1018
21.1024
21.0915
21.0907
21.0896
21.0871
21.0763
21.0651
21.065
21.0562
21.0513
21.0508
21.0499
21.0479
21.0465
21.043
21.042
21.0409
21.0401
21.0397
21.0383
21.0378
21.0377
21.0373
21.0352
21.035
21.0344
21.0343
21.0331
21.0331
21.0329
21.0321
21.0321
21.0319
21.0314
21.0313
21.0311
21.0308
21.0305
21.0305
21.0304
21.0302
21.03
21.0299
21.0299
21.0298
21.0297
21.0296
21.0294
21.0294
21.0293
21.0293
21.0293
21.0293
21.0292
21.0292
21.0291
21.0291
21.029
21.029
21.029
21.029
21.029
21.029
21.029
21.029
21.0289
21.0289
21.0289
21.0289
21.0289
21.0289
21.0289
21.0289
21.0289
21.0289
21.0289
21.0288
21.0288
21.0288
21.0288
21.0288
21.0288
21.0288
21.0288
21.0288
21.0288
21.0288
21.0288
21.0288
21.0288
21.0288
21.0288
21.0288
21.0288
21.0288
21.0288
21.0288
21.0288
21.0288
21.0288
21.0288
21.0288
21.0288
21.0288
21.0288
21.0288
21.0288
21.0288
21.0288
21.0288
21.0288
21.0288
21.0288
21.0288
21.0288
21.0288
21.0288
21.0288
21.0288
21.0288
21.0288
21.0288
21.0288
21.0288
21.0288
21.0288
21.0288
21.0288
21.0288
21.0288
21.0288
21.0288
21.0288
21.0288
21.0288
21.0288
21.0288
21.0288
21.0288
21.0288
21.0288
21.0288
21.0288
21.0288
21.0288
21.0288
21.0288
21.0288
21.0288
21.0288
21.0288
21.0288
21.0288
21.0288
21.0288
21.0288
21.0288
21.0288
21.0288
21.0288
21.0288
21.0288
21.0288
21.0288
21.0288
21.0288
21.0288
21.0288
21.0288
21.0288
21.0288
21.0288
21.0288
21.0288
21.0288
21.0288
21.0288
21.0288
21.0288
21.0288
21.0288
21.0288
21.0288
21.0288
21.0288
21.0288
21.0288
21.0288
21.0288
21.0288
21.0288
21.0288
21.0288
21.0288
21.0288
21.0288
21.0288
21.0288
21.0288
21.0288
21.0288
21.0288
21.0288
21.0288
21.0288
21.0288
21.0288
21.0288
21.0288
21.0288
21.0288
21.0288
21.0288
21.0288
21.0288
21.0288
21.0288
21.0288
21.0288


1463.64
1350.15
1338.54
1321.74
1321.74
1317.22
1268.32
1268.32
1268.14
1244.38
1244.38
1236.81
1236.81
1236.81
1236.53
1236.53
1197.03
1197.03
1197.03
1197.03
1195.26
1178.17
1168.46
1143.35
1126.2
1126.2
1124.93
1077.89
1067.68
1067.68
1067.68
1066.83
1065
1065
1065
1064.49
1064.49
1055.85
1051.54
1048.51
1048.51
1046.1
1045.15
1043.71
1042.48
1041.53
1041.4
1039.11
1035.09
1035.09
1035.09
1033.53
1033.21
1033.2
1030.4
1030.12
1030.12
1029.79
1028.88
1028.81
1028.5
1028.07
1027.43
1027.39
1026.75
1026.69
1026.28
1025.88
1025.8
1025.76
1025.06
1025.06
1024.92
1024.92
1024.76
1024.76
1024.76
1024.76
1024.7
1024.7
1024.7
1024.61
1024.6
1024.6
1024.6
1018.04
1017.95
1017.94
1017.94
1017.94
1017.94
1017.93
1017.62
1014.14
1014.04
1009.08
1005.02
1004
1003.94
1003.12
1002.24
1002.5
1002.45
1002.1
1001.2
1000.62
999.991
998.968
998.853
998.853
998.409
997.991
997.991
997.87
997.618
997.485
997.33
997.275
997.163
997.163
997.159
997.047
996.996
996.909
996.883
996.883
996.845
996.835
979.682
979.682
977.806
978.915
978.021
973.328
973.326
973.317
973.097
972.706
972.706
972.404
972.404
972.367
972.366
972.287
972.178
972.153
972.04
972.025
972.008
972.006
972.006
971.954
971.941
971.94
971.94
971.94
971.94
971.935
971.935
971.933
971.933
971.934
971.933
971.933
971.933
971.932
971.932
971.932
971.931
971.931
971.931
971.931
971.931
971.931
971.931
971.931
971.931
971.931
971.931
971.931
965.698
951.364
950.506
950.21
947.503
947.313
945.787
945.119
945.119
944.959
944.934
944.845
944.845
944.837
944.761
944.705
944.705
944.698
944.698
944.69
944.66
943.557
943.557
942.103
942.103
940.614
940.614
934.305
934.305
930.822
929.943
927.248
926.774
926.774
925.062
925.056
925.056
925.056
924.986
924.891
924.833
923.417
923.375
923.375
923.375
923.285
921.299
921.276
920.992
920.992
920.992
920.992
920.992
920.962
920.953
920.953
920.953
920.936
920.671
920.669
920.471
920.467
920.12
919.992
919.948
919.933
919.348
919.348
919.348
919.347
919.133
919.022
918.911
918.857
918.557
918.496
918.496
918.377
918.377
918.262
918.242
918.08
917.861
917.629
917.464
917.393
917.358
917.257
917.158
916.895
916.769
916.639
916.209
915.868
915.868
915.841
915.785
915.684
915.621
915.603
915.6
915.424
915.398
915.398
915.373
915.371
915.344
915.318
915.278
915.253
915.24
914.971
914.971
914.971
914.971
914.971
914.907
914.89
914.866
914.845
914.839
914.829
914.829
914.829
914.829
914.827
914.827
914.826
914.8
914.8
914.8
914.782
914.501
914.269
914.241
914.234
914.234
914.164
914.164
914.164
914.164
914.135
914.126
914.126
914.125
914.125
914.115
914.115
914.115
914.113
914.113
914.114
914.112
914.112
914.112
914.111
914.105
914.104
914.103
914.103
914.101
914.1
914.1
914.099
914.096
914.096
914.092
914.092
914.091
914.09
914.09
914.089
914.088
914.086
914.086
914.086
914.083
914.078
914.078
914.076
914.076
914.076
914.075
914.075
914.074
914.074
914.074
914.074
914.074
914.073
914.073
914.072
914.068
914.067
914.061
914.06
914.059
914.058
914.057
914.057
914.055
914.055
914.053
914.053
914.049
914.047
914.047
914.042
914.04
914.038
914.037
914.037
914.037
914.034
914.032
914.032
914.031
914.031
914.03
914.03


1450.34
1423.23
1385.33
1333.1
1322.32
1308.09
1284.83
1266.75
1266.75
1266.75
1262.17
1321.03
1199.53
1192.91
1185.21
1151.87
1151.87
1151.87
1151.77
1151.77
1151.18
1141.65
1127.89
1125.31
1125.31
1124.17
1114.56
1111.39
1111.3
1111.3
1105.92
1106.01
1105.97
1098.67
1098.5
1098.5
1098.46
1098.32
1081.01
1080.97
1080.97
1072.84
1072.35
1064.06
1063.42
1063.42
1050.21
1050.21
1027.63
1016.01
1014.36
1008.67
1008.67
1007.4
1000.7
997.152
994.021
992.374
992.207
992.162
992.142
992.133
992.072
991.822
991.044
990.889
990.889
990.889
990.818
990.818
990.135
990.114
990.104
989.773
975.429
975.429
975.14
971.169
970.882
964.72
964.378
959.664
959.664
956.934
956.879
954.71
950.608
950.374
948.614
948.439
948.364
945.203
943.043
941.613
941.152
941.152
939.945
939.868
939.675
939.579
939.225
938.969
938.878
938.67
938.458
938.321
938.321
938.314
938.195
938.167
938.133
938.064
938.051
937.951
937.912
937.912
937.912
937.89
937.863
937.809
937.806
937.808
937.764
937.761
937.759
937.751
937.744
937.742
937.739
937.738
937.735
937.734
937.733
937.731
937.73
937.728
937.728
937.728
937.728
937.728
937.728
937.728
937.728
937.728
937.728
937.728
937.728
937.727
937.727
937.727
937.727
937.727
937.727
937.727
937.727
937.727
937.727
937.727
937.727
937.727
937.727
937.727
937.727
937.727
937.727
937.727
937.727
937.727
937.727
937.727
937.727
937.727
937.727
937.727
937.727
937.727
937.727
937.727
937.727
937.727
937.727
937.727
937.727
937.727
937.727
937.727
937.727
937.727
937.727
937.727
937.727
937.727
937.727
937.727
937.727
937.727
937.727
937.727
937.727
937.727
937.727
937.727
937.727
937.727
937.727
937.727
937.727
937.727
937.727
937.727
937.727
937.727
937.727
937.727
937.727
937.727
937.727
937.727
937.727
937.727
937.727
937.727
937.727
937.727
937.727
937.727
937.727
937.727
937.727
937.727
937.727
937.727
937.727
937.727
937.727
937.727
937.727
937.727
937.727
937.727
937.727
937.727
937.727
937.727
937.727
937.727
937.727
937.727
937.727
936.081
933.369
931.744
931.744
931.47
930.929
930.929
930.847
930.842
929.818
929.677
929.677
929.278
929.067
928.969
928.545
928.168
927.741
927.412
927.412
927.031
927.031
926.905
926.905
926.753
926.738
926.738
926.73
926.73
926.727
926.681
926.599
926.072
925.975
925.975
925.827
925.793
925.793
925.72
925.711
925.665
925.664
925.665
925.652
925.649
925.643
925.643
925.639
925.634
925.634
925.633
925.632
925.631
925.629
925.624
925.624
925.624
925.623
925.623
925.623
925.623
925.622
925.622
925.622
925.622
925.622
925.622
925.622
925.622
925.622
925.622
925.622
925.622
925.621
925.621
925.621
925.621
925.621
925.621
925.621
925.621
925.621
925.621
925.621
925.621
925.621
925.621
925.621
925.621
925.621
925.621
925.621
925.621
925.621
925.621
925.621
925.621
925.621
925.621
925.621
925.621
925.621
925.621
925.621
925.621
925.621
925.621
925.621
925.621
925.621
925.621
925.621
925.621
925.621
925.621
925.621
925.621
925.621
925.621
925.621
925.621
925.621
925.621
925.621
925.621
925.621
925.621
925.621
925.621
925.621
925.621
925.621
925.621
925.621
925.621
925.621
925.621
925.621
925.621
925.621
925.621
925.621
925.621
925.621
925.621
925.621
925.621
925.621
925.621
925.621
925.621


1420.35
1399.71
1395.49
1385.7
1369.75
1323.27
1323.27
1314.09
1314.09
1314.09
1310.59
1336.94
1243.81
1243.81
1238.26
1238.26
1192.27
1191.65
1121.65
1121.65
1121.62
1121.62
1121.62
1100.98
1100.98
1100.98
1100.86
1095.59
1088.29
1081.74
1049.03
1041.82
1018.58
1015.3
1008.58
1003.41
1000.39
994.293
988.64
988.64
986.696
991.273
987.703
983.594
961.472
961.472
961.403
959.193
949.91
949.302
947.407
947.046
939.257
938.058
935.877
934.127
934.108
931.999
923.873
920.563
920.543
920.525
920.5
920.376
920.146
920.12
920.042
919.931
919.825
919.456
919.454
919.437
919.169
919.168
919.167
919.166
919.149
919.032
919.031
919.031
919.022
918.969
918.967
918.967
918.965
918.951
918.951
918.951
918.951
918.948
918.948
918.946
918.946
918.945
918.943
918.942
918.942
918.942
918.941
918.941
918.941
918.941
918.941
918.941
918.941
918.941
918.941
918.941
918.941
918.941
918.941
918.941
918.941
918.941
918.941
918.941
918.941
918.941
918.941
918.941
918.941
918.941
918.941
918.941
918.941
918.941
918.941
918.941
918.941
918.941
918.909
918.473
918.473
918.463
917.745
917.745
917.745
917.742
917.587
917.563
917.563
917.533
917.479
917.479
917.385
917.287
908.105
907.25
906.63
900.169
900.109
900.078
897.346
897.346
895.611
895.583
895.381
889.337
889.337
889.192
876.937
875.32
871.585
871.581
870.551
868.513
868.331
867.984
867.528
867.511
867.287
867.29
867.185
866.397
866.381
866.381
866.112
865.996
865.896
865.622
865.622
865.61
865.584
865.521
865.5
865.496
865.46
865.459
865.449
865.43
865.429
865.421
865.412
865.406
865.406
865.405
865.405
865.403
865.401
865.399
865.399
865.398
865.398
865.397
865.397
865.396
865.396
865.396
865.396
865.396
865.396
865.396
865.396
865.396
865.396
865.396
865.396
865.396
865.396
865.396
865.396
865.396
865.396
865.396
865.396
865.396
865.396
865.396
865.396
865.396
865.396
865.396
865.396
865.396
865.396
865.396
865.396
865.396
865.396
865.396
865.396
865.396
865.396
865.396
865.396
865.396
865.396
865.396
865.396
865.396
865.396
865.396
865.396
865.396
865.396
865.396
865.396
865.396
865.396
865.396
865.396
865.396
865.396
865.396
865.396
865.396
865.396
865.396
865.396
865.396
865.396
865.396
865.396
865.396
865.396
865.396
865.396
865.396
865.396
865.396
865.396
865.396
865.396
865.396
865.396
865.396
865.396
865.396
865.396
865.396
865.396
865.396
865.396
865.396
865.396
865.396
865.396
865.396
865.396
865.396
865.396
865.396
865.396
865.396
865.396
865.396
865.396
865.396
865.396
865.396
865.396
865.396
865.396
865.396
865.396
865.396
865.396
865.396
865.396
865.396
865.396
865.396
865.396
865.396
865.396
865.396
865.396
865.396
865.396
865.396
865.396
865.396
865.396
865.396
865.396
865.396
865.396
865.396
865.396
865.396
865.396
865.396
865.396
865.396
865.396
865.396
865.396
865.396
865.396
865.396
865.396
865.396
865.396
865.396
865.396
865.396
865.396
865.396
865.396
865.396
865.396
865.396
865.396
865.396
865.396
865.396
865.396
865.396
865.396
865.396
865.396
865.396
865.396
865.396
865.396
865.396
865.396
865.396
865.396
865.396
865.396
865.396
865.396
865.396
865.396
865.396
865.396
865.396
865.396
865.396
865.396
865.396
865.396
865.396
865.396
865.396
865.396
865.396
865.396
865.396


1459.33
1305.45
1271.98
1252.61
1243.08
1242.92
1176.06
1171.32
1108.77
1108.58
1101.72
1086.28
1085.34
1085.33
1085.26
1073.07
1072.79
1066.11
1066.11
1036.27
1033.45
1033.45
1028.39
1020.62
1011.08
1011.08
988.661
985.258
985.258
984.181
951.583
1002.01
961.895
959.846
953.625
953.625
950.799
949.579
946.029
928.694
928.694
911.567
911.567
911.567
900.632
900.632
898.078
898.078
891.925
890.884
890.884
882.717
882.717
881.067
880.459
879.396
877.187
877.187
875.889
875.878
875.629
875.556
875.556
875.49
875.452
874.319
874.201
873.854
873.798
873.765
873.741
873.741
873.694
873.186
873.186
873.172
873.134
873.013
872.98
872.941
872.835
872.688
872.679
872.648
872.643
872.605
872.603
872.603
872.556
872.556
872.555
872.556
872.556
872.55
872.547
872.546
872.542
872.541
872.541
872.541
872.54
872.537
872.535
872.535
872.534
872.532
872.532
872.532
872.531
872.531
872.531
872.53
872.528
872.528
872.528
872.528
872.528
872.527
872.527
872.527
872.527
872.527
872.526
872.526
872.526
872.526
872.526
872.526
872.526
872.526
872.526
872.526
872.526
872.526
872.526
872.526
872.526
872.526
872.526
872.526
872.526
872.526
872.526
872.526
872.526
872.526
872.526
872.526
872.526
872.526
872.526
872.526
872.526
872.526
872.526
872.526
872.526
872.526
872.526
872.526
872.526
872.526
872.526
872.526
872.526
872.526
872.526
872.526
872.526
872.526
872.526
872.526
872.526
872.526
872.526
872.526
872.526
872.526
872.526
872.526
872.526
872.526
872.526
872.526
872.526
872.526
872.526
872.526
872.526
872.526
872.526
872.526
872.526
872.526
872.526
872.526
872.526
872.526
872.526
872.526
872.526
872.526
872.526
872.526
872.526
872.526
872.228
871.959
871.959
871.597
871.251
871.143
871.12
871.12
871.12
871.098
871.051
871.025
869.698
869.698
869.698
865.198
864.511
863.559
860.39
860.061
859.795
859.795
859.769
859.093
858.827
858.651
858.651
858.59
857.945
857.945
857.945
857.861
857.447
857.447
857.409
857.409
857.399
857.271
857.264
857.224
857.015
857.015
857.014
856.992
856.992
856.929
856.928
856.928
856.866
856.851
856.848
856.848
856.848
856.829
856.812
856.813
856.776
856.776
856.776
856.776
856.744
856.744
856.744
856.708
856.708
856.708
856.707
856.69
856.681
856.681
856.681
856.681
856.681
856.674
856.674
856.673
856.671
856.666
856.665
856.664
856.664
856.664
856.664
856.663
856.662
856.662
856.662
856.662
856.662
856.662
856.662
856.661
856.661
856.661
856.661
856.659
856.659
856.659
856.659
856.659
856.659
856.659
856.659
856.659
856.659
856.659
856.659
856.659
856.659
856.659
856.659
856.659
856.659
856.659
856.659
856.659
856.659
856.659
856.659
856.659
856.659
856.659
856.659
856.659
856.659
856.659
856.659
856.659
856.659
856.659
856.659
856.659
856.659
856.659
856.659
856.659
856.659
856.659
856.659
856.659
856.659
856.659
856.659
856.659
856.659
856.659
856.659
856.659
856.659
856.659
856.659
856.659
856.659
856.659
856.659
856.659
856.659
856.659
856.659
856.659
856.659
856.659
856.659
856.659
856.659
856.659
856.659
856.659
856.659
856.659
856.659
856.659
856.659
856.659
856.659
856.659
856.659
856.659
856.659
856.659
856.659
856.659
856.659
856.659
856.659
856.659
856.659
856.659
856.659
856.659
856.659
856.659
856.659
856.659


1455.94
1433.63
1381.77
1352.16
1317.26
1301.38
1293.48
1293.48
1281.04
1251.09
1229.47
1229.45
1207.51
1199.74
1174.32
1174.32
1174.27
1174.27
1174.08
1162.05
1147.39
1141.67
1121.57
1121.57
1117.03
1103.5
1103.15
1103.15
1101.22
1101.22
1100.81
1096.07
1095.35
1094.32
1093.92
1087.47
1087.47
1087.46
1067.96
1066.51
1064.7
1063.82
1063.82
1063.24
1061.22
1055.45
1055.45
1050.28
1049.84
1042.88
1042.88
1039.63
1039.54
1038.92
1038.06
1037.77
1035.11
1035.08
1027.23
1027.23
1018.69
998.811
998.811
998.117
980.852
975.042
974.764
974.764
963.686
959.453
959.453
959.453
959.187
958.915
957.473
957.356
957.085
955.516
955.509
954.635
954.037
953.985
953.896
953.896
953.818
953.625
953.443
953.294
953.292
953.291
953.209
953.118
953.089
953.042
952.965
952.965
952.949
952.858
952.742
952.717
952.702
952.698
952.694
952.676
952.673
952.67
952.665
952.66
952.656
952.654
952.646
952.63
952.623
952.618
952.618
952.616
952.613
952.61
952.609
952.608
952.605
952.605
952.605
952.605
952.604
952.604
952.604
952.604
952.604
952.604
952.604
952.604
952.604
952.604
952.604
952.604
952.604
952.603
952.603
952.603
952.603
952.603
952.603
952.603
952.603
952.603
952.603
952.603
952.603
952.603
952.603
952.603
952.603
952.603
952.603
952.603
952.603
952.603
952.603
952.603
952.603
952.603
952.603
952.603
952.603
952.603
952.603
952.603
935.729
935.587
935.566
935.298
920.665
919.345
919.061
913.134
911.973
907.196
907.196
906.839
906.765
905.24
905.063
903.955
903.904
903.709
903.54
903.148
902.231
902.085
902.065
901.816
901.751
901.683
901.629
901.536
901.422
901.364
901.336
901.334
901.33
901.322
901.298
901.282
901.274
899.039
899.035
899.035
899.033
899.027
899.024
899.022
882.767
882.767
882.762
882.762
882.762
882.76
882.76
882.76
882.76
882.76
882.759
882.759
882.759
882.759
882.759
882.239
882.239
882.239
882.198
881.911
881.713
881.713
881.679
881.594
881.594
881.328
881.328
881.328
881.328
881.244
881.199
881.184
881.177
881.174
881.173
881.172
881.172
881.172
881.172
881.171
881.171
881.169
881.081
881.021
880.991
880.95
880.929
880.907
880.891
880.885
880.88
880.875
880.872
880.868
880.863
880.861
880.858
880.853
880.849
880.843
880.837
880.829
880.823
880.813
880.799
880.78
880.763
880.751
880.745
880.742
880.74
880.737
880.734
880.731
880.727
880.723
880.72
880.715
880.71
880.703
880.699
880.692
880.68
880.664
880.653
880.643
880.633
880.625
880.618
880.615
880.611
880.606
880.603
880.601
880.6
880.598
880.596
880.281
880.218
880.225
880.225
880.181
880.178
880.093
879.162
878.707
877.122
876.99
876.99
877.155
876.967
876.967
876.944
876.667
876.61
876.61
876.574
876.504
876.504
876.488
876.452
876.452
876.449
876.449
876.449
876.449
876.444
876.422
876.417
876.416
876.413
876.413
876.413
876.412
876.403
876.362
876.36
876.36
876.344
876.249
876.119
876.023
875.5
873.538
870.609
870.609
865.244
864.038
863.995
863.995
863.783
863.772
862.772
862.772
861.467
861.467
861.451
860.758
860.648
860.551
860.434
860.434
860.434
860.404
860.247
860.02
858.475
858.399
858.2
858.161
858.161
858.137
858.104
858.099
858.066
858.066
858.066
858.057
858.046
858.052
858.044
858.04
858.04
858.037
858.033
858.033
858.032
858.028


1433.67
1422.93
1402.04
1364.93
1324.95
1291.09
1271.32
1271.32
1262.3
1205.18
1205.12
1193.46
1178.99
1178.99
1178.99
1178.99
1165.57
1134.45
1134.26
1128.71
1113.43
1103.23
1092.54
1090.09
1084.44
1084.44
1075.79
1075.79
1072.27
1072.27
1072.26
1070.02
1066
1066
1065.9
1063.82
1063.82
1061
1060.82
1059.85
1058.98
1057.02
1052.25
1052.15
1052.15
1050.62
1048.33
1047.89
1047.74
1047.74
1047.74
1047.31
1047.14
1047.14
1047.03
1046.98
1046.94
1046.92
1046.71
1046.7
1046.69
1046.69
1046.6
1046.57
1046.57
1034.29
1032.69
1030.55
1030.55
1030.53
1022.49
1022.46
1022.46
1016.44
1016.44
1016.42
1015.89
1015.01
1014.92
1010.44
1008.55
1005.59
1004.77
988.361
985.47
978.08
978.08
974.084
973.51
973.45
973.448
973.373
970.605
970.152
970.152
970.038
970.038
969.815
969.61
969.061
967.696
967.342
963.18
959.228
959.228
959.228
959.05
957.822
957.754
957.746
954.796
951.966
950.623
950.341
949.646
949.386
947.898
946.439
946.122
944.836
944.836
944.794
943.67
943.67
943.579
943.576
943.249
943.065
943.016
943.015
942.963
943.055
942.906
942.859
942.687
942.686
942.673
942.673
942.673
942.618
942.584
942.565
942.562
942.554
942.553
942.553
942.538
942.538
942.532
942.532
942.532
942.529
942.529
942.529
942.51
942.51
942.51
942.51
942.507
942.507
942.506
942.506
942.506
942.505
942.505
942.505
942.504
942.504
942.504
942.504
942.504
942.504
942.504
942.504
942.504
942.504
942.504
942.503
942.503
942.503
942.503
942.503
942.503
942.503
942.503
942.503
942.503
942.503
942.503
942.503
942.503
942.503
942.503
942.503
942.503
942.503
942.503
942.503
942.503
942.503
942.503
942.503
942.503
942.503
942.503
942.503
942.503
942.503
942.503
942.503
942.503
942.503
942.503
942.503
942.503
942.503
942.503
942.503
942.503
942.503
942.503
942.503
942.503
942.503
942.503
942.503
942.503
942.503
942.503
942.503
942.503
942.503
942.503
942.503
942.503
942.503
942.503
942.503
942.382
942.382
942.103
942.041
942.041
941.944
941.914
941.911
941.882
941.873
941.702
941.693
941.376
941.376
941.376
941.156
941.152
941.02
941.02
941.001
941.001
940.998
940.995
940.977
940.71
940.71
940.71
940.71
940.71
940.635
940.579
940.577
940.393
940.309
940.172
940.172
940.14
940.128
940.121
939.922
939.885
939.75
939.67
939.656
939.627
939.56
939.542
939.539
939.539
939.538
939.534
939.533
939.368
939.25
939.119
939.059
938.778
938.778
938.129
938.129
938.099
938.099
938.099
938.132
937.97
937.97
937.97
937.958
937.958
937.958
937.939
937.937
937.931
937.925
937.882
937.718
937.718
937.709
937.682
937.622
937.622
937.612
937.608
937.556
937.55
937.535
937.511
937.472
937.424
937.396
937.346
937.339
937.33
937.326
937.326
937.326
937.323
937.318
937.313
937.303
937.291
937.291
937.291
937.29
937.29
937.29
937.29
937.284
937.28
937.28
937.28
937.28
937.278
937.276
937.274
937.274
937.274
937.274
937.274
937.274
937.274
937.274
937.274
937.273
937.272
937.272
937.272
937.271
937.271
937.271
937.271
937.271
937.271
937.271
937.27
937.27
937.27
937.269
937.269
937.269
937.269
937.269
937.269
937.269
937.269
937.269
937.269
937.269
937.269
937.269
937.269
937.269
937.269
937.269
937.269
937.268
937.268
937.268
937.268
937.268
937.268
937.268


1481.36
1449.76
1372.18
1327.84
1327.84
1327.84
1325.41
1311.86
1247.52
1247.52
1242.36
1242.36
1242.36
1242.36
1211.26
1211.26
1211.26
1191.99
1191.99
1191.99
1171.79
1171.79
1171.62
1166.11
1166.11
1149.72
1149.72
1149.68
1141.29
1119.93
1112.7
1110.09
1110.09
1102.85
1088.98
1088.98
1077.48
1077.48
1068.02
1068.02
1056.19
1060.05
1055.64
1051.41
1046.26
1046.26
1046.21
1045.18
1043.97
1043.97
1034.03
1031.05
1029.84
1025.93
1025.93
1023.66
1023.53
1023.52
1023.51
1022.96
1022.9
1022.9
1022.9
1021.52
1020.27
1020.26
1019.92
1019.19
1018.45
1018.25
1018.25
1018.21
1018.1
1018.09
1018.09
1018.09
1018.08
1018.04
1018.04
1018.04
1017.98
1017.95
1017.95
1017.95
1017.91
1017.85
1017.85
1017.84
1017.84
1017.82
1017.76
1017.75
1017.75
1000.89
1000.39
1000
999.971
999.971
999.014
999.014
998.911
998.911
998.854
998.84
998.789
998.744
998.567
998.557
998.325
998.218
998.218
998.217
997.793
997.793
997.497
997.443
997.384
997.384
997.275
997.211
997.211
997.152
997.122
997.072
997.043
997.043
997.043
997.042
997.037
997.036
997.035
997.03
997.029
997.029
997.025
997.025
997.022
997.018
997.018
995.081
995.079
995.08
995.059
994.315
994.314
994.314
993.793
993.792
993.741
992.961
992.961
992.908
992.423
992.127
990.987
990.123
990.123
981.018
980.746
979.976
979.976
980.975
978.711
974.368
973.159
972.995
972.811
972.454
972.454
972.453
972.071
972.855
968.813
968.806
968.393
968.381
968.13
968.095
968.095
967.73
967.251
967.164
967.164
967.155
966.901
966.899
966.773
966.769
966.734
966.457
966.389
965.9
965.516
965.498
965.498
965.497
964.565
963.645
963.389
962.537
961.763
961.663
961.663
961.663
961.467
961.419
961.17
961.144
961.135
961.135
960.985
960.914
960.905
960.874
960.74
960.734
960.659
960.514
960.513
960.513
960.422
960.346
960.346
960.346
960.329
960.329
960.321
960.307
960.306
960.305
960.305
960.285
960.285
960.285
960.28
960.28
960.28
960.28
960.275
960.275
960.275
960.274
960.274
960.271
960.27
960.27
960.27
960.27
960.269
960.269
960.269
960.269
960.269
960.268
960.268
960.268
960.268
960.268
960.268
960.268
960.268
960.268
960.268
960.268
960.268
960.268
960.268
960.268
960.268
960.268
960.268
960.268
960.268
960.268
960.268
960.268
960.268
960.268
960.268
960.268
960.268
960.268
960.268
960.268
960.268
960.268
960.268
960.268
960.268
960.268
960.268
960.268
960.268
960.268
960.268
960.268
960.268
960.268
960.268
960.268
960.268
956.037
956.037
956.037
956.037
956.037
956.037
956.037
956.037
956.037
956.037
956.047
956.026
956.024
956.024
956.024
956.024
956.024
945.11
945.11
944.048
946.749
943.886
943.886
943.886
943.509
943.508
943.508
943.508
943.504
943.504
943.486
943.486
943.486
943.486
943.483
943.437
943.421
943.228
943.124
943.085
942.806
941.59
937.945
933.852
933.14
932.265
932.018
931.749
931.749
931.519
931.226
931.163
931.155
931.041
931.041
931.024
931.024
930.869
930.753
930.707
930.765
930.736
930.736
930.716
930.622
930.622
930.622
930.464
930.464
930.448
930.447
930.406
930.406
930.389
930.389
930.354
930.354
930.343
930.343
930.328
930.326
930.315
930.3
930.299
930.299
930.298
930.296
930.296
930.296
930.296
930.294
930.293
930.293
930.293
930.292
930.292
930.292
930.292
930.292


1476.48
1387.85
1313.63
1304.77
1302.63
1302.63
1279.18
1270.28
1267.98
1236.91
1236.91
1212.96
1212.12
1211.24
1167.68
1167.29
1167.29
1167.07
1164.01
1127.59
1127.59
1127.59
1110.91
1110.91
1100.85
1094.59
1064.77
1056.46
1049.45
1046.85
1044.74
1033.73
1033.35
1030.27
1027.88
1002.19
1002.16
944.563
943.952
914.784
914.784
913.905
912.736
887.428
886.097
884.052
878.83
866.629
866.468
808.527
756.328
730.955
720.526
719.988
684.018
669.762
669.353
660.712
647.585
647.585
647.575
620.133
618.844
618.794
611.134
611.123
578.81
578.8
578.8
577.969
576.952
569.063
567.119
563.923
560.938
560.938
560.66
558.023
554.718
554.718
553.362
549.911
546.591
544.199
544.197
541.623
540.633
539.913
538.101
538.02
538.02
536.141
536.093
535.715
535.715
535.25
535.25
534.46
534.3
533.625
533.624
533.095
533.095
532.866
532.448
532.448
532.333
532.248
532.167
532.167
532.031
531.91
531.816
531.782
531.782
531.782
531.734
531.734
531.605
531.6
531.6
531.524
531.524
531.472
531.472
531.47
531.452
531.444
531.411
531.411
531.41
531.403
531.403
531.403
531.399
531.394
531.394
531.392
531.388
531.38
531.38
531.379
531.377
531.376
531.376
531.374
531.372
531.372
531.372
531.371
531.371
531.37
531.369
531.368
531.367
531.367
531.366
531.366
531.366
531.366
531.366
531.365
531.365
531.365
531.365
531.365
531.365
531.365
531.365
531.365
531.364
531.365
531.365
531.364
531.364
531.364
531.364
531.364
531.364
531.364
531.364
531.364
531.364
531.364
531.364
531.364
531.364
531.364
531.364
531.364
531.364
514.141
514.141
514.141
514.141
514.141
503.612
503.612
503.612
500.343
498.695
498.695
498.695
496.699
490.522
490.522
487.929
487.929
481.796
481.796
481.796
480.861
480.861
480.432
480.373
480.373
480.373
480.368
480.368
479.794
479.694
479.823
479.561
479.445
479.045
478.652
478.652
478.491
478.491
478.452
478.452
478.389
478.389
478.353
478.235
478.167
478.13
478.028
478.025
477.998
477.998
477.987
477.947
477.947
477.941
477.941
477.941
477.94
477.94
477.94
477.939
477.939
477.939
477.938
477.938
477.938
477.937
477.937
477.937
477.937
477.937
477.937
477.937
477.937
477.937
477.937
477.937
477.936
477.936
477.936
477.936
477.936
477.936
477.936
477.936
477.936
477.936
477.936
477.936
477.936
477.936
477.936
477.936
477.936
477.936
477.936
477.936
477.936
477.936
477.936
477.936
477.936
477.936
477.936
477.936
477.936
477.936
477.936
477.936
477.936
477.936
477.936
477.936
477.936
477.936
477.936
477.936
477.936
477.936
477.936
477.936
477.936
477.936
477.936
477.936
477.936
477.936
477.936
477.936
477.936
477.936
477.936
477.936
477.936
477.936
477.936
477.936
477.936
477.936
477.936
477.936
477.936
477.936
477.936
477.936
477.936
477.936
477.936
477.936
477.936
477.936
477.936
477.936
477.936
477.936
477.936
477.936
477.936
477.936
477.936
477.936
477.936
477.936
477.936
477.936
477.936
477.936
477.936
477.936
477.936
477.936
477.936
477.936
477.936
477.936
477.936
477.936
477.936
477.936
477.936
477.936
477.936
477.936
477.936
477.936
477.936
477.936
477.936
477.936
477.936
477.936
477.936
477.936
477.936
477.936
477.936
477.936
477.936
477.936
477.936
477.936
477.936
477.936
477.936
477.936
477.936
477.936
477.936
477.936
477.936


1377.44
1315.86
1315.86
1295.05
1295.05
1294.55
1244.38
1227.35
1227.34
1227.34
1182.12
1315.77
1241.05
1241.05
1222.82
1221.71
1193.16
1182.99
1182.99
1168.65
1168.65
1168.51
1168.51
1168.51
1168.51
1168.51
1138.11
1112.86
1111.39
1100.27
1100.27
1174.36
1111.74
1109.43
1092.15
1088.51
1088.51
1087.59
1073.46
1072.97
1068.89
1068.91
1067.28
1063.46
1047.3
1047.3
1042.53
1039.89
1039.89
1038.2
1037.24
1037.24
1021.28
1020.76
1019.71
1016.79
1010.55
1006.11
1006.11
994.389
994.389
994.38
992.092
992.092
992.029
991.315
990.576
990.576
990.553
989.391
988.303
989.227
988.836
981.303
981.303
981.235
977.519
977.474
976.958
976.958
976.796
977.025
976.622
976.559
976.559
976.28
976.219
975.61
970.904
970.856
970.776
970.144
969.726
969.268
969.101
969.091
967.401
967.401
966.568
966.567
966.564
966.564
966.564
966.561
964.135
960.369
960.368
960.365
960.361
960.361
959.915
959.847
956.505
955.526
952.924
952.78
952.046
952.046
951.393
951.393
951.384
951.344
950.836
950.836
950.555
950.555
950.526
950.118
950.047
950.047
949.819
949.748
949.372
935.503
935.452
908.817
908.817
908.817
908.785
907.289
907.289
905.189
905.187
904.029
903.595
903.575
902.587
902.35
902.35
901.179
900.637
900.358
900.357
900.289
900.289
900.289
900.056
900.056
900.038
899.839
899.839
899.703
899.617
899.617
899.613
899.613
899.578
899.578
899.53
899.53
899.53
899.508
899.508
899.508
899.502
899.5
899.5
899.5
899.492
899.492
899.491
899.468
899.465
899.465
897.916
897.913
897.91
897.91
897.91
897.905
897.902
898.163
897.744
896.936
896.935
895.971
894.64
893.344
893.344
893.343
893.343
893.217
893.217
893.175
893.175
893.145
893.145
893.097
893.097
893.031
892.896
892.445
892.208
892.208
892.144
892.144
892.144
891.779
891.776
891.776
891.72
891.72
891.639
891.494
891.482
891.482
891.451
891.216
891.167
891.057
891.057
891.022
890.997
890.993
890.993
890.991
890.974
890.958
890.942
890.931
890.923
890.921
890.921
890.919
890.919
890.917
890.917
890.912
890.912
890.912
890.911
890.91
890.907
890.907
890.906
890.906
890.904
890.904
890.903
890.903
890.903
890.903
890.903
890.903
890.903
890.903
890.903
890.903
890.903
890.902
890.902
890.902
890.902
890.902
890.902
890.902
890.902
890.902
890.902
890.902
890.902
890.902
890.902
890.902
890.902
890.902
890.902
890.902
890.902
890.902
890.902
890.902
890.902
890.902
890.902
890.902
890.902
890.902
890.902
890.902
890.902
890.902
890.902
890.902
890.902
890.902
890.902
890.902
890.902
890.902
890.902
890.902
890.902
890.902
890.902
890.902
890.902
890.902
890.902
890.902
890.902
890.902
890.902
890.902
890.902
890.902
890.902
890.902
890.902
890.902
890.902
890.902
890.902
890.902
890.902
890.902
890.902
890.902
890.902
890.902
890.902
890.902
890.902
890.902
890.902
890.902
890.902
890.902
890.902
890.902
890.902
890.902
890.902
890.902
890.902
890.902
890.902
890.902
890.902
890.902
890.902
890.902
890.902
890.902
890.902
890.902
890.902
890.902
890.902
890.902
890.902
890.902
890.902
890.902
890.902
890.902
887.426
886.803
886.803
886.803
886.222
886.735
886.735
886.683
886.026
886.017
885.862
885.173
885.142
885.142
885.142
885.155
885.129
885.057
885.016
885.016
884.392
884.392
883.935
883.854


