0.0356455
0.0367225
0.0379738
0.0379758
0.0384633
0.039538
0.039538
0.0398567
0.0398567
0.0398567
0.0399403
0.0393281
0.0406957
0.0417245
0.0422844
0.0422844
0.043039
0.0436068
0.0442244
0.0443516
0.0448139
0.0442959
0.0442959
0.0443138
0.0449215
0.0449215
0.0449273
0.0450879
0.0459343
0.0459343
0.0461448
0.0454886
0.0454886
0.0459678
0.0476222
0.0476222
0.0476222
0.0476469
0.0477843
0.047906
0.0480315
0.0480741
0.0481051
0.0482822
0.0483401
0.0484802
0.0485225
0.049232
0.049232
0.0492352
0.049312
0.049312
0.0496048
0.049609
0.0507853
0.0515267
0.0515267
0.0515586
0.0515949
0.051727
0.0517923
0.051326
0.0515148
0.0515205
0.0518464
0.0518476
0.0520052
0.0520052
0.0520382
0.0523895
0.0526825
0.0527409
0.0532865
0.0532865
0.0534451
0.0534451
0.0534725
0.0535192
0.0535229
0.0535229
0.0539964
0.0528628
0.0541704
0.0546613
0.0546613
0.0547019
0.0547093
0.0547093
0.0547233
0.0547319
0.0547319
0.054884
0.054884
0.0549314
0.0552905
0.0554921
0.0554924
0.0555958
0.0556502
0.0557101
0.0558143
0.0558869
0.0558933
0.0558933
0.0559288
0.0559784
0.0559784
0.0559942
0.0559944
0.0559944
0.0560294
0.0560311
0.0560378
0.0560533
0.0560533
0.0560533
0.0560538
0.0560641
0.0560641
0.0560642
0.0560642
0.0560683
0.0560714
0.0560714
0.0560714
0.0560734
0.0560764
0.0560764
0.0560791
0.0560791
0.0560805
0.0560825
0.0560825
0.0560836
0.0560842
0.0560844
0.0560844
0.0560846
0.0560846
0.0560848
0.0560849
0.0560851
0.0560851
0.0560851
0.0560852
0.0560855
0.0560855
0.0560855
0.0560856
0.0560856
0.0560857
0.0560857
0.0560857
0.0560858
0.0560858
0.0560858
0.0560858
0.0560858
0.0560858
0.0560858
0.0560858
0.0560858
0.0560858
0.0560858
0.0560858
0.0560858
0.0560858
0.0560858
0.0560858
0.0560858
0.0560858
0.0560858
0.0560858
0.0560858
0.0560858
0.0560858
0.0560858
0.0560858
0.0560858
0.0560858
0.0560858
0.0560858
0.0560858
0.0560858
0.0560858
0.056133
0.056133
0.056133
0.056133
0.056133
0.056264
0.0563635
0.0565366
0.0570376
0.0570376
0.0571563
0.0580767
0.0580767
0.0582845
0.0596277
0.0596277
0.0598023
0.0598509
0.0598509
0.0598509
0.0601402
0.0604822
0.0612717
0.0612717
0.0614053
0.0614053
0.0611667
0.0614266
0.0615488
0.061655
0.061655
0.0616741
0.0616741
0.0618264
0.0618353
0.0619039
0.0661401
0.0768846
0.0768846
0.0816731
0.0825379
0.0846596
0.0847607
0.112086
0.112086
0.112397
0.10955
0.114601
0.114601
0.120579
0.12073
0.134743
0.134823
0.134823
0.134825
0.14296
0.13948
0.14631
0.14631
0.14631
0.150474
0.150498
0.160585
0.161306
0.165696
0.165696
0.172547
0.177623
0.177623
0.181296
0.250877
0.250885
0.250911
0.253565
0.306814
0.306814
0.317593
0.332064
0.332064
0.390509
0.390509
0.400205
0.400227
0.404229
0.41898
0.44436
0.444363
0.455074
0.460116
0.473665
0.48007
0.503981
0.503982
0.503984
0.504465
0.504465
0.504912
0.51316
0.51316
0.514679
0.51605
0.516051
0.516051
0.522295
0.522295
0.522296
0.522614
0.522807
0.523846
0.523915
0.524828
0.524828
0.524829
0.525649
0.525708
0.52643
0.52769
0.52769
0.52769
0.527845
0.528185
0.528185
0.528931
0.529251
0.529251
0.529251
0.529347
0.529347
0.529481
0.529523
0.529614
0.529614
0.529637
0.529637
0.529642
0.529851
0.529981
0.529981
0.530043
0.530043
0.530043
0.53015
0.530153
0.530154
0.530159
0.530198
0.530205
0.530221
0.530221
0.53031
0.53031
0.53031
0.530316
0.530316
0.530316
0.530418
0.530391
0.530398
0.53044
0.530455
0.530477
0.530477
0.530477
0.530477
0.530482
0.530489
0.530493
0.530512
0.530513
0.530514
0.530514
0.530525
0.530525
0.530534
0.530536
0.53054
0.530541
0.530543
0.530543
0.530547
0.530551
0.530551
0.530552
0.530553
0.530553
0.530556
0.530557
0.530557
0.530558
0.530562
0.530562
0.530564
0.530565
0.530565
0.530566
0.530566
0.530568
0.530568
0.530568
0.530569
0.531886
0.532066
0.53228
0.53228
0.53228
0.532376
0.532425
0.532425
0.532425
0.532425
0.532425
0.532425
0.532426
0.532426
0.532426


0.00904092
0.00970556
0.00983495
0.00983495
0.0101796
0.0101796
0.0103743
0.0103743
0.0108695
0.0108695
0.0114898
0.0118186
0.0118443
0.0118443
0.0119827
0.0119827
0.0121785
0.0121785
0.0121785
0.0121844
0.0122358
0.012192
0.012453
0.0124737
0.0125863
0.0126003
0.0126003
0.0127124
0.0130524
0.0130524
0.0133468
0.0132718
0.0134007
0.013557
0.0135591
0.0137165
0.0137478
0.0137852
0.0138556
0.0138768
0.0139477
0.0141368
0.0141895
0.0141966
0.0143369
0.0144266
0.0144507
0.0144567
0.0144691
0.0145024
0.0145052
0.0146308
0.0146332
0.0146332
0.0147479
0.014767
0.014767
0.0148045
0.0148046
0.0148277
0.0152376
0.015246
0.0153193
0.0153244
0.0153244
0.0153359
0.0154096
0.0154143
0.0154316
0.0154519
0.0154563
0.0154618
0.0154642
0.0154701
0.0154749
0.0154752
0.0154754
0.0154789
0.0154892
0.0154893
0.0154927
0.0154926
0.0154935
0.0154936
0.0154945
0.0154953
0.0154956
0.0154956
0.0154956
0.0154958
0.0154959
0.015496
0.0154961
0.0154963
0.0154964
0.0154964
0.0154964
0.0154965
0.0154965
0.0154965
0.0154966
0.0154966
0.0158346
0.0161336
0.0162736
0.0162964
0.0165894
0.0165894
0.0166978
0.0167179
0.016737
0.0167805
0.0167877
0.0168089
0.0168995
0.0169992
0.0170928
0.0171144
0.0171159
0.0171188
0.017132
0.0171457
0.0171519
0.0171751
0.017177
0.0171794
0.0171801
0.0171838
0.0171978
0.0172012
0.0172091
0.0172093
0.0172144
0.0172154
0.0172187
0.0172192
0.017221
0.0172216
0.0172221
0.0172232
0.0172244
0.0172242
0.0172245
0.0172246
0.017225
0.0172251
0.0172254
0.0172257
0.0172258
0.0172259
0.017226
0.017226
0.017226
0.017226
0.017226
0.017226
0.0172261
0.0172261
0.0172261
0.0172261
0.0172261
0.0172261
0.0172261
0.0172261
0.0172261
0.0172261
0.0172261
0.0172261
0.0172261
0.0172261
0.0172261
0.0172261
0.0172261
0.0172261
0.0172261
0.0172261
0.0172261
0.0172261
0.0172261
0.0172261
0.0172261
0.0172261
0.0172261
0.0172261
0.0172261
0.0172261
0.0172261
0.0172261
0.0172261
0.0172261
0.0172261
0.0172261
0.0172261
0.0172261
0.0172261
0.0172261
0.0172261
0.0172261
0.0172261
0.0172261
0.0172261
0.0172261
0.0172261
0.0172261
0.0172261
0.0172261
0.0172261
0.0172261
0.0172261
0.0172261
0.0172261
0.0172261
0.0172261
0.0172261
0.0172261
0.0172261
0.0172261
0.0172261
0.0172261
0.0172261
0.0172261
0.0172261
0.0172261
0.0172261
0.0172261
0.0172261
0.0172261
0.0172261
0.0172261
0.0172261
0.0172261
0.0172261
0.0172261
0.0172261
0.0172261
0.0172261
0.0172261
0.0172261
0.0172261
0.0172261
0.0172261
0.0172261
0.0172261
0.0172261
0.0172261
0.0172261
0.0172261
0.0172261
0.0172261
0.0172261
0.0172261
0.0172261
0.0172261
0.0172261
0.0172261
0.0172261
0.0172261
0.0172261
0.0172261
0.0172261
0.0172261
0.0172261
0.0172261
0.0172261
0.0172261
0.0172261
0.0172261
0.0172261
0.0172261
0.0172261
0.0172261
0.0172261
0.0172261
0.0172261
0.0172261
0.0172261
0.0172261
0.0172261
0.0172261
0.0172261
0.0172261
0.0172261
0.0172261
0.0172261
0.0172261
0.0172261
0.0172261
0.0172261
0.0172261
0.0172261
0.0172261
0.0172261
0.0172261
0.0172261
0.0172261
0.0172261
0.0172261
0.0172261
0.0172261
0.0172261
0.0172261
0.0172261
0.0172261
0.0172261
0.0172261
0.0172261
0.0172261
0.0172261
0.0172261
0.0172261
0.0172261
0.0172261
0.0172261
0.0172261
0.0172261
0.0172261
0.0172261
0.0172261
0.0172261
0.0172261
0.0172261
0.0172261
0.0172261
0.0172261
0.0172261
0.0172261
0.0172261
0.0172261
0.0172261
0.0172261
0.0172261
0.0172261
0.0172261
0.0172261
0.0172261
0.0172261
0.0172261
0.0172261
0.0172261
0.0172261
0.0172261
0.0172261
0.0172261
0.0172261
0.0172261
0.0172261
0.0172261
0.0172261
0.0172261
0.0172261
0.0172261
0.0172261
0.0172261
0.0172261
0.0172261
0.0172261
0.0172261
0.0172261
0.0172261
0.0172261
0.0172261
0.0172261
0.0172261
0.0172261
0.0172261
0.0172261
0.0172261
0.0172261
0.0172261
0.0172261
0.0172261
0.0172261
0.0172261
0.0172261
0.0172261
0.0172261
0.0172261
0.0172261
0.0172261
0.0172261
0.0172261
0.0172261
0.0172261
0.0172261
0.0172261
0.0172261
0.0172261
0.0172261
0.0172261
0.0172261
0.0172261
0.0172261
0.0172261
0.0172261
0.0172261
0.0172261
0.0172261
0.0172261
0.0172261
0.0172261


0.0135874
0.0135874
0.01383
0.01383
0.0138716
0.0142755
0.0142755
0.014276
0.0143249
0.0147243
0.0147986
0.0150585
0.0152062
0.0152062
0.0152062
0.015219
0.0154217
0.015653
0.0157472
0.0158737
0.0162266
0.0162287
0.0164341
0.0165501
0.0165536
0.0167252
0.0167252
0.0172497
0.0175909
0.0175909
0.0176363
0.0176562
0.0179622
0.0182791
0.0182791
0.0182802
0.0184107
0.0185443
0.0185443
0.0185729
0.0186283
0.0186976
0.0187709
0.0187937
0.0188085
0.0188085
0.0188427
0.0188623
0.0188869
0.0188875
0.0189158
0.0189163
0.0189473
0.0189507
0.0189629
0.0189772
0.0189781
0.0189798
0.0189813
0.0189818
0.0190033
0.0190031
0.0190176
0.0190189
0.0190317
0.019032
0.0190331
0.0190339
0.0190421
0.0190437
0.0190456
0.0190457
0.019047
0.019048
0.0196414
0.0196423
0.0196427
0.0196427
0.0196453
0.0196453
0.0196586
0.0197662
0.0197669
0.0197787
0.0199622
0.0199622
0.0199645
0.0200989
0.0200989
0.0200989
0.020136
0.020136
0.0201492
0.0201579
0.0201587
0.0201587
0.0201762
0.0201762
0.0201762
0.0201853
0.0201853
0.0201855
0.0201884
0.0201884
0.0205272
0.0205272
0.0205272
0.0205937
0.0205937
0.0206558
0.0207358
0.0208535
0.0208535
0.0208535
0.0208954
0.0208954
0.0209892
0.0209892
0.0210421
0.0211183
0.0211183
0.0211183
0.0211372
0.0211579
0.0211579
0.0211962
0.0211994
0.0212004
0.0212072
0.0212082
0.0212089
0.0212095
0.0212206
0.0212272
0.0212302
0.0212315
0.0212325
0.0212325
0.0212331
0.0212331
0.0212333
0.0212333
0.0212341
0.0212342
0.0212344
0.0212344
0.0212348
0.0212352
0.0212352
0.0212352
0.0212353
0.0212353
0.0212353
0.0212353
0.0212353
0.0212354
0.0212354
0.0212355
0.0212355
0.0212355
0.0212356
0.0212356
0.0212356
0.0212356
0.0212356
0.0212356
0.0212356
0.0212356
0.0212356
0.0212356
0.0212357
0.0212357
0.0212357
0.0212357
0.0212357
0.0212357
0.0212357
0.0232116
0.0232116
0.0232116
0.0232116
0.0232116
0.0232116
0.0232116
0.0232116
0.0232116
0.0232116
0.0245562
0.0263157
0.0271692
0.0283255
0.0283255
0.0283255
0.0283255
0.0286075
0.0291899
0.0294321
0.0294321
0.0294321
0.0294321
0.029497
0.0298056
0.0299436
0.0300044
0.0300313
0.0304046
0.0307539
0.0307539
0.0309217
0.0311218
0.0311218
0.0314867
0.0315328
0.0315328
0.031921
0.032347
0.0327084
0.0327997
0.0327997
0.0328934
0.0329335
0.0330823
0.0332067
0.0332067
0.0334215
0.0334215
0.0334215
0.0334764
0.0335651
0.0335912
0.0336491
0.033634
0.0341017
0.0342348
0.0342348
0.0351851
0.0351851
0.0351851
0.0353509
0.0353509
0.0353509
0.0353509
0.0353865
0.0353988
0.0354449
0.035474
0.0354749
0.0355166
0.035534
0.0355466
0.0355517
0.0355527
0.0355867
0.035591
0.0355915
0.0355993
0.0356049
0.0356078
0.0356096
0.0356158
0.0356421
0.0356747
0.0356906
0.035704
0.0357179
0.0357314
0.0357421
0.0357667
0.0357803
0.0357961
0.035844
0.0358754
0.0359086
0.0359302
0.0359559
0.0360284
0.0360671
0.0361172
0.0362109
0.036271
0.0363472
0.0364914
0.0366959
0.0369487
0.0415237
0.0436334
0.0443252
0.0471324
0.0538631
0.0538631
0.0550929
0.0614569
0.0716307
0.0716307
0.0731329
0.0731329
0.0769106
0.0769106
0.0782127
0.0782127
0.0782127
0.0816388
0.0824461
0.0826677
0.0831296
0.0831296
0.084764
0.0866863
0.0874741
0.088003
0.0961472
0.0944925
0.0944925
0.104003
0.105751
0.106866
0.106866
0.106866
0.107817
0.108335
0.11276
0.115761
0.115859
0.116806
0.117087
0.118213
0.118213
0.118213
0.119266
0.121554
0.121554
0.1221
0.1221
0.122782
0.122806
0.123463
0.12398
0.125462
0.127185
0.128607
0.129135
0.129351
0.132491
0.134247
0.135759
0.136249
0.136427
0.136498
0.137736
0.140413
0.142824
0.144822
0.146631
0.14759
0.147758
0.147777
0.147777
0.147943
0.152229
0.152903
0.156248
0.164019
0.164019
0.164019
0.166615
0.17553
0.17553
0.205317
0.205317
0.220303
0.220303
0.220856
0.223798
0.226893
0.226893
0.232318
0.243738
0.243738
0.244876
0.247015
0.247754
0.248114
0.251782
0.251782
0.251782
0.257941
0.257941
0.25832
0.259044
0.268165
0.268165
0.27916
0.281142
0.287614
0.290103
0.291124
0.291282
0.294161
0.299402
0.299402


0.00754334
0.00760137
0.00792636
0.00808181
0.00823241
0.00823241
0.00873023
0.00892016
0.00895286
0.00903797
0.00903797
0.00932874
0.00932874
0.00932874
0.00932874
0.00973496
0.00973496
0.00973496
0.00977513
0.00977513
0.00978312
0.00931587
0.00951824
0.00951824
0.00966408
0.00966523
0.00966523
0.00977692
0.00977692
0.00985781
0.010027
0.01015
0.0101516
0.0101519
0.0101585
0.0101651
0.0103893
0.0103893
0.0103917
0.0104468
0.0104468
0.0105457
0.0105457
0.0105501
0.010572
0.010572
0.0106818
0.0107509
0.0108219
0.0108731
0.0108906
0.0109328
0.0109964
0.0110094
0.0111288
0.0111395
0.0111678
0.0111797
0.0112022
0.0112119
0.0112913
0.0112913
0.0113112
0.0113112
0.0113215
0.0113398
0.0113398
0.011377
0.0114898
0.0115997
0.0115997
0.0116039
0.0116141
0.0116141
0.0116144
0.0116504
0.0116631
0.0116646
0.0117166
0.0117228
0.0117315
0.0117753
0.0117755
0.01179
0.0117902
0.0117903
0.0117908
0.011799
0.0118009
0.0118009
0.0118023
0.0118024
0.0118024
0.0123509
0.0123895
0.0123895
0.0123957
0.0124202
0.0124202
0.0124455
0.0124484
0.012458
0.012461
0.0124612
0.0124616
0.0124636
0.0124636
0.0124636
0.0124636
0.0124651
0.0124682
0.0124673
0.0124676
0.0124687
0.0124688
0.0124691
0.0124691
0.0124691
0.0124694
0.0124698
0.0124703
0.0124703
0.0124703
0.0124705
0.0124705
0.0124705
0.0124705
0.0124706
0.0124706
0.0124707
0.0124707
0.0124707
0.0124707
0.0124707
0.0124708
0.0124708
0.0124708
0.0124708
0.0124708
0.0124708
0.0124708
0.0124708
0.0124708
0.0124708
0.0124708
0.0124708
0.0124708
0.0124708
0.0124708
0.0124708
0.0124708
0.0124708
0.0124708
0.0124708
0.0124708
0.0124708
0.0124708
0.0124708
0.0124708
0.0124708
0.0124708
0.0124708
0.0124708
0.0124708
0.0124708
0.0124708
0.0124708
0.0124708
0.0124708
0.0124708
0.0124708
0.0124708
0.0124708
0.0124708
0.0124708
0.0124708
0.0124708
0.0124708
0.0124708
0.0124708
0.0124708
0.0124708
0.0124708
0.0124708
0.0124708
0.0124708
0.0125277
0.0125277
0.0125277
0.0126558
0.0126558
0.0126306
0.012655
0.0126882
0.01269
0.0127023
0.0127023
0.0127023
0.0127036
0.0127052
0.0127119
0.0127119
0.0127139
0.0127163
0.0127166
0.0127173
0.0127173
0.0127174
0.0127174
0.0127176
0.0127176
0.0127247
0.0127272
0.0127273
0.0127284
0.0127285
0.0127285
0.0127286
0.0127286
0.0127286
0.0127287
0.0127287
0.0127288
0.0127288
0.0127288
0.0127288
0.0127288
0.0127288
0.0127288
0.0127289
0.0127289
0.0127289
0.0127289
0.0127289
0.0127289
0.0127289
0.0127289
0.0127289
0.0127289
0.0127289
0.0127289
0.0127289
0.0127289
0.0127289
0.0127289
0.0127289
0.0127289
0.0127289
0.0127289
0.0127289
0.0127289
0.0127289
0.0127289
0.0127289
0.0127289
0.0127289
0.0127289
0.0127289
0.0127289
0.0127289
0.0127289
0.0127289
0.0127289
0.0127289
0.0127289
0.0127289
0.0127289
0.0127289
0.0127289
0.0127289
0.0127289
0.0127289
0.0127289
0.0127289
0.0127289
0.0127289
0.0127289
0.0127289
0.0127289
0.0127289
0.0127289
0.0127289
0.0127289
0.0127289
0.0127289
0.0127289
0.0127289
0.0127289
0.0127289
0.0127289
0.0127289
0.0127289
0.0127289
0.0127289
0.0127289
0.0127289
0.0127289
0.0127289
0.0127289
0.0127289
0.0127289
0.0127289
0.0127289
0.0127289
0.0127289
0.0127289
0.0127289
0.0127289
0.0127289
0.0127289
0.0127289
0.0127289
0.0127289
0.0127289
0.0127289
0.0127289
0.0127289
0.0127289
0.0127289
0.0127289
0.0127289
0.0127289
0.0127289
0.0127289
0.0127289
0.0127289
0.0127289
0.0127289
0.0127289
0.0127289
0.0127289
0.0127289
0.0127289
0.0127289
0.0127289
0.0127289
0.0127289
0.0127289
0.0127289
0.0127289
0.0127289
0.0127289
0.0127289
0.0127289
0.0127289
0.0127289
0.0127289
0.0127289
0.0127289
0.0127289
0.0127289
0.0127289
0.0127289
0.0127289
0.0127289
0.0127289
0.0127289
0.0127289
0.0127289
0.0127289
0.0127289
0.0127289
0.0127289
0.0127289
0.0127289
0.0127289
0.0127289
0.0127289
0.0127289
0.0127289
0.0127289
0.0127289
0.0127289
0.0127289
0.0127289
0.0127289
0.0127289
0.0127289
0.0127289
0.0127289
0.0127289
0.0127289
0.0127289
0.0127289
0.0127289
0.0127289
0.0127289
0.0127289
0.0127289
0.0127289
0.0127289
0.0127289
0.0127289
0.0127289
0.0127289
0.0127289
0.0127289
0.0127289
0.0127289
0.0127289


0.0128873
0.0128873
0.0132893
0.013925
0.0141954
0.0141975
0.0142518
0.0150586
0.0150591
0.0150591
0.0150634
0.0151103
0.0151505
0.0151617
0.0151617
0.0152485
0.0152485
0.0153284
0.0154159
0.0156272
0.0158092
0.0158034
0.0158049
0.0158652
0.0159759
0.0159766
0.0159799
0.0161469
0.0161673
0.0164583
0.0164583
0.0165519
0.0165524
0.0165561
0.0167472
0.0167837
0.0168702
0.016877
0.0169113
0.0169488
0.0169488
0.0169653
0.0169841
0.0170212
0.0170377
0.0172259
0.0172841
0.0172881
0.017427
0.017427
0.0179437
0.0182013
0.0182013
0.0182041
0.0187128
0.0187128
0.0188308
0.0188357
0.0188357
0.0188497
0.0189659
0.0190913
0.0196587
0.0196596
0.0196602
0.0196603
0.0197539
0.0198392
0.0200465
0.0201335
0.0201743
0.0202692
0.0202694
0.020332
0.020391
0.0203911
0.020404
0.0204783
0.0205017
0.0205088
0.0205329
0.0205303
0.0205427
0.0205427
0.0205516
0.0205516
0.0205625
0.0205703
0.0205706
0.0205727
0.0205789
0.0205805
0.0205814
0.0205827
0.020583
0.020583
0.0205835
0.0205835
0.0205836
0.0205838
0.0205842
0.0205842
0.0205842
0.0205842
0.0205843
0.0205843
0.0205844
0.0205845
0.0205845
0.0205845
0.0205846
0.0205846
0.0205846
0.0205846
0.0205846
0.0205846
0.0205888
0.0205888
0.0205888
0.0205909
0.0205927
0.0206087
0.0206148
0.0206149
0.0206163
0.0206733
0.0206733
0.0206733
0.0206778
0.0206778
0.0206778
0.0206806
0.020682
0.0206843
0.0206866
0.0206869
0.0206869
0.0206869
0.0206882
0.0206882
0.0206884
0.0206883
0.0206886
0.0206886
0.0206891
0.0206893
0.0206893
0.0206896
0.0206896
0.0206898
0.0206898
0.0206903
0.0206905
0.0206906
0.0206906
0.0206907
0.0206907
0.0206907
0.0206907
0.0206907
0.0206907
0.0206907
0.0206907
0.0206907
0.0206908
0.0206909
0.020691
0.020691
0.020691
0.0207451
0.020749
0.0207726
0.0207726
0.0208567
0.0208567
0.0208598
0.0208966
0.0209226
0.020949
0.0209513
0.0209513
0.020952
0.020979
0.0209917
0.0210023
0.021005
0.0210152
0.0210293
0.0210313
0.0210331
0.0210346
0.0210348
0.0210362
0.0210378
0.0210378
0.0210378
0.0210381
0.0210388
0.0210394
0.0210407
0.0210407
0.021067
0.0211381
0.0211495
0.0211819
0.0211819
0.021208
0.0212166
0.0212166
0.0212168
0.0212281
0.02121
0.0212618
0.0212618
0.0212619
0.021289
0.021289
0.0213598
0.0213598
0.0213598
0.0213697
0.0213883
0.0214004
0.021405
0.0214073
0.0214073
0.0214073
0.0214098
0.0214098
0.021414
0.0214171
0.0214175
0.0214178
0.0214246
0.0214256
0.0214279
0.0214279
0.0214312
0.0214312
0.0214333
0.0214333
0.0214335
0.0214339
0.0214339
0.021434
0.021434
0.0214341
0.0214341
0.0214343
0.0214343
0.0214343
0.0214344
0.0214344
0.0214344
0.0214345
0.0214345
0.0214345
0.0214345
0.0214345
0.0214345
0.0214345
0.0214345
0.0214345
0.0214345
0.0214345
0.0214345
0.0214345
0.0214345
0.0214345
0.0214345
0.0214345
0.0214345
0.0214345
0.0214345
0.0214345
0.0214345
0.0214345
0.0214345
0.0214345
0.0214345
0.0214345
0.0214345
0.0214397
0.0214397
0.0214397
0.0214397
0.0214397
0.0214397
0.0214397
0.0214397
0.0214397
0.0214397
0.0214397
0.0214397
0.0214397
0.0214397
0.0214397
0.0214397
0.0214397
0.0214397
0.0214397
0.0212175
0.0213856
0.0213856
0.0214184
0.0214229
0.0214229
0.0214229
0.0214229
0.0214229
0.0214305
0.0214311
0.0214311
0.021432
0.0214333
0.021434
0.021434
0.0214344
0.0214344
0.0214344
0.0214344
0.0214344
0.0214345
0.0214345
0.0214345
0.0214345
0.0214345
0.0214345
0.0214345
0.0214345
0.0214345
0.0214345
0.0214345
0.0214345
0.0214345
0.0214345
0.0214345
0.0214345
0.0214345
0.0214345
0.0214345
0.0214345
0.0214345
0.0214345
0.0214345
0.0214345
0.0214345
0.0214345
0.0214345
0.0214345
0.0214345
0.0214345
0.0214345
0.0214345
0.0214345
0.0214345
0.0214345
0.0214345
0.0214345
0.0214345
0.0214345
0.0214345
0.0214345
0.0214345
0.0214345
0.0214345
0.0214345
0.0214345
0.0214345
0.0214345
0.0214345
0.0214345
0.0214345
0.0214345
0.0214345
0.0214345
0.0214345
0.0214345
0.0214345
0.0214345
0.0214345
0.0214345
0.0214345
0.0214345
0.0214345
0.0214345
0.0214345
0.0214345
0.0214345
0.0214345
0.0214345
0.0214345
0.0214345
0.0214345
0.0214345
0.0214345
0.0214345
0.0214345
0.0214345
0.0214345


0.00781111
0.00859668
0.00861773
0.00911018
0.00911018
0.00911018
0.00912803
0.00912923
0.00934309
0.00958265
0.00958265
0.00976053
0.00985434
0.0100107
0.0101413
0.0103263
0.0103263
0.0103645
0.0103645
0.010366
0.0103809
0.010379
0.0103949
0.0103949
0.0104119
0.0104119
0.0109965
0.0110494
0.011276
0.011276
0.011276
0.0112745
0.0112764
0.0112847
0.0112857
0.0112857
0.0112867
0.0113341
0.011392
0.011531
0.011536
0.0115131
0.0116712
0.0117787
0.0117787
0.0117988
0.0118232
0.0118343
0.011914
0.011914
0.0119405
0.011892
0.011896
0.0119588
0.0119718
0.0119722
0.011983
0.0120251
0.0120524
0.0120746
0.0123601
0.0123592
0.0123612
0.0123668
0.0124413
0.0124413
0.0124415
0.0124836
0.0124838
0.0124838
0.0124846
0.0124417
0.012461
0.0124867
0.0125103
0.0125171
0.0125171
0.0125198
0.0125316
0.0125369
0.0125373
0.0125408
0.0125411
0.0125415
0.0125422
0.0125429
0.0125438
0.0125443
0.0125443
0.012545
0.0125453
0.0125458
0.0125458
0.0125458
0.0125458
0.0125459
0.0125461
0.0125461
0.0125462
0.0125464
0.0125464
0.0125464
0.0125464
0.0125467
0.0125467
0.0125467
0.0125468
0.0125468
0.0125468
0.0125468
0.0125468
0.0125469
0.0125469
0.0125469
0.0125469
0.0125469
0.0125469
0.0125469
0.012547
0.012547
0.012547
0.012547
0.012547
0.012547
0.012547
0.012547
0.012547
0.012547
0.012547
0.0126948
0.0127872
0.012877
0.012877
0.012877
0.0129082
0.0129082
0.0129401
0.0129482
0.0129482
0.0129552
0.0129554
0.0129548
0.0129556
0.0129557
0.0129763
0.0129764
0.0129819
0.0129859
0.0129859
0.0129877
0.0129877
0.0129886
0.0129896
0.0129902
0.0129911
0.0129911
0.0129914
0.0129915
0.0129932
0.0129932
0.0129932
0.0129932
0.0129936
0.0129936
0.0129936
0.012994
0.0129944
0.0129944
0.0129944
0.0129944
0.0129944
0.0129946
0.0129946
0.0129947
0.0129947
0.0129948
0.0129948
0.0129949
0.0129949
0.0129949
0.012995
0.0129951
0.0129951
0.0129951
0.0129952
0.0129952
0.0129952
0.0129952
0.0129952
0.0129952
0.0129952
0.0129952
0.0129952
0.0129952
0.0129952
0.0129952
0.0129952
0.0129953
0.0129953
0.0129953
0.0129953
0.0129953
0.0129953
0.0129953
0.0129953
0.0129953
0.0129953
0.013047
0.013047
0.013047
0.013047
0.013047
0.0130622
0.0130622
0.0130659
0.0130788
0.0130791
0.0131211
0.0131218
0.0131218
0.0131218
0.0131253
0.0131253
0.0131267
0.0131267
0.0131293
0.0131293
0.0131332
0.0131332
0.0131333
0.0131375
0.0131375
0.0131406
0.0131409
0.013143
0.013143
0.013143
0.0131451
0.0131451
0.0131451
0.0131457
0.0131457
0.0131457
0.0131458
0.0131461
0.0131461
0.0131462
0.0131464
0.0131464
0.0131464
0.0131465
0.0131465
0.0131465
0.0131465
0.0131465
0.0131465
0.0131466
0.0131467
0.0131467
0.0131467
0.0131467
0.0131467
0.0131467
0.0131467
0.0131467
0.0131467
0.0131467
0.0131467
0.0131467
0.0131467
0.0131467
0.0131467
0.0131467
0.0131467
0.0131467
0.0131467
0.0131467
0.0131468
0.0131468
0.0131468
0.0131468
0.0131468
0.0131468
0.0131468
0.0131468
0.0131468
0.0131468
0.0131468
0.0131468
0.0131468
0.0131468
0.0131468
0.0131468
0.0131468
0.0131468
0.0131468
0.0131468
0.0131468
0.0131468
0.0131468
0.0131468
0.0131468
0.0131468
0.0131468
0.0131468
0.0131468
0.0131468
0.0131468
0.0131468
0.0131468
0.0131468
0.0131468
0.0131468
0.0131468
0.0131468
0.0131468
0.0131468
0.0131468
0.0131468
0.0131468
0.0131468
0.0131468
0.0131468
0.0131468
0.0131468
0.0131468
0.0131468
0.0131468
0.0131468
0.0131468
0.0131468
0.0131468
0.0131468
0.0131468
0.0131468
0.0131468
0.0131468
0.0131468
0.0131468
0.0131468
0.0131468
0.0131468
0.0131468
0.0131468
0.0131468
0.0131468
0.0131468
0.0131468
0.0131468
0.0131468
0.0131468
0.0131487
0.0131604
0.0131667
0.0131674
0.0131674
0.0131762
0.0131809
0.0131816
0.0131827
0.0131827
0.0131834
0.0131854
0.0131856
0.0131858
0.0131858
0.0131858
0.0131863
0.0131871
0.01319
0.013191
0.0131931
0.0131945
0.0131949
0.0131949
0.013195
0.013195
0.0131951
0.0131951
0.0131951
0.0131951
0.0131951
0.0131951
0.0131952
0.0131952
0.0131953
0.0131953
0.0131953
0.0131953
0.0131958
0.0131959
0.0131958
0.0131964
0.0131964
0.0131964
0.0131967
0.0131967
0.0131969
0.0131972
0.0131986


0.00802874
0.00823301
0.00829532
0.00829532
0.00829532
0.00835298
0.00848005
0.00871042
0.00906654
0.00906654
0.00913875
0.00916674
0.00916674
0.00949489
0.00949489
0.00959083
0.00959083
0.00959181
0.00959181
0.00959181
0.0100474
0.0102806
0.0102806
0.0103456
0.0103971
0.0104208
0.0105232
0.0105232
0.0105263
0.0109421
0.0111291
0.0106475
0.0109597
0.0110294
0.0110294
0.0110935
0.0112609
0.0112717
0.0113574
0.0115017
0.0115276
0.0115733
0.0115757
0.0120383
0.0120565
0.0120991
0.0122695
0.012313
0.0123248
0.0123277
0.0123563
0.0123872
0.0125196
0.0125213
0.0125303
0.0125539
0.0125618
0.0125657
0.0125754
0.0125824
0.0126079
0.0126044
0.012617
0.0126228
0.0126228
0.0126228
0.0126259
0.0126393
0.0126459
0.0126466
0.0126497
0.0126546
0.0126602
0.0126617
0.0126637
0.0126641
0.0126651
0.0126677
0.0126677
0.0126685
0.0126686
0.0126685
0.0126696
0.0126697
0.0126698
0.0126698
0.0126703
0.0126703
0.0126703
0.0127148
0.012731
0.0127092
0.0127305
0.0127306
0.0127348
0.0127349
0.0127494
0.0127841
0.0127841
0.0127845
0.0127845
0.0127845
0.0127856
0.0127868
0.0127905
0.0127906
0.0127917
0.0127917
0.012792
0.0127933
0.0127942
0.0127943
0.0127964
0.0127965
0.0127966
0.0127967
0.0127973
0.0127973
0.0127974
0.0127976
0.0127977
0.0127976
0.0127979
0.0127979
0.0127981
0.0127981
0.0127981
0.0127981
0.0127981
0.0127981
0.0127981
0.0127981
0.0127981
0.0127981
0.0127981
0.0127982
0.0127988
0.0127988
0.0128152
0.0128613
0.0128661
0.0128746
0.0128909
0.0128909
0.0129413
0.0129413
0.012958
0.0129732
0.0129732
0.0129742
0.0130186
0.0130186
0.0130253
0.0130354
0.013038
0.013038
0.0130395
0.0130407
0.0130407
0.0130421
0.0130425
0.0130425
0.0130425
0.0130427
0.0130429
0.0130437
0.0130437
0.0130438
0.0130439
0.0130439
0.0130439
0.013044
0.013044
0.013044
0.013044
0.013044
0.0130441
0.0130441
0.0130441
0.0130441
0.0130441
0.0130441
0.0130441
0.0130441
0.0130441
0.0130441
0.0130441
0.0130441
0.0130441
0.0130441
0.0130441
0.0130441
0.0130441
0.0130441
0.0130441
0.0130441
0.0130441
0.0130441
0.0130441
0.0130441
0.0130441
0.0130441
0.0130441
0.0130441
0.0130441
0.0130441
0.0130441
0.0130441
0.0130441
0.0130441
0.0130441
0.0130441
0.0130441
0.0130441
0.0130441
0.0130441
0.0130441
0.0130441
0.0130441
0.0130441
0.0130441
0.0130441
0.0130441
0.0130441
0.0130441
0.0130441
0.0130441
0.0130441
0.0130441
0.0130441
0.0130441
0.0130441
0.0130441
0.0130441
0.0130441
0.0130441
0.0130441
0.0130441
0.0130441
0.0130441
0.0130441
0.0130441
0.0130441
0.0130441
0.0130441
0.0130441
0.0130441
0.0130441
0.0130441
0.0130441
0.0130441
0.0130441
0.0130441
0.0130441
0.0130441
0.0130441
0.0130441
0.0130441
0.0130441
0.0130441
0.0130441
0.0130441
0.0130441
0.0130441
0.0130441
0.0130441
0.0130441
0.0130441
0.0130441
0.0130441
0.0130441
0.0130441
0.0130441
0.0130441
0.0130441
0.0130441
0.0130441
0.0130441
0.0130441
0.0130441
0.0130441
0.0130441
0.0130441
0.0130441
0.0130441
0.0130441
0.0130441
0.0130441
0.0130441
0.0130441
0.0130441
0.0130441
0.0130441
0.0130441
0.0130441
0.0130441
0.0130441
0.0130441
0.0130441
0.0130441
0.0130441
0.0130441
0.0130441
0.0130441
0.0130441
0.0130441
0.0130441
0.0130441
0.0130441
0.0130441
0.0130441
0.0130441
0.0130441
0.0130441
0.0130441
0.0130441
0.0130441
0.0130441
0.0130441
0.0130441
0.0130441
0.0130441
0.0130441
0.0130441
0.0130441
0.0130441
0.0130441
0.0130441
0.0130441
0.0130441
0.0130441
0.0130441
0.0130441
0.0130441
0.0130441
0.0130441
0.0130441
0.0130441
0.0130441
0.0130441
0.0130441
0.0130441
0.0130441
0.0130441
0.0130441
0.0130441
0.0130441
0.0130441
0.0130441
0.0130441
0.0130441
0.0130441
0.0130441
0.0130441
0.0130441
0.0130441
0.0130441
0.0130441
0.0130441
0.0130441
0.0130441
0.0130441
0.0130441
0.0130441
0.0130441
0.0130441
0.0130441
0.0130441
0.0130441
0.0130441
0.0130441
0.0130441
0.0130441
0.0130441
0.0130441
0.0130441
0.0130441
0.0130441
0.0130441
0.0130441
0.0130441
0.0130441
0.0130441
0.0130441
0.0130441
0.0130441
0.0130441
0.0130441
0.0130441
0.0130441
0.0130441
0.0130441
0.0130441
0.0130441
0.0130441
0.0130441
0.0130441
0.0130441
0.0130441
0.0130441


0.0153711
0.0162582
0.016417
0.0164732
0.0164739
0.0171694
0.0172609
0.0173015
0.0173096
0.017325
0.0173396
0.0172532
0.0172532
0.0175372
0.0175372
0.0175372
0.0175372
0.0175789
0.0181734
0.0181886
0.0181886
0.0179331
0.0180686
0.0182096
0.0182168
0.0182168
0.0183862
0.0183862
0.0185112
0.0185216
0.0185292
0.0186933
0.0186949
0.0189225
0.0189225
0.0189322
0.0193242
0.0193242
0.0193256
0.0193566
0.0193863
0.0193874
0.0193874
0.0194426
0.0195492
0.0195492
0.0195492
0.019584
0.019584
0.0196489
0.019696
0.0179734
0.0196333
0.0196333
0.0197878
0.0198647
0.0198647
0.0199099
0.0199114
0.020001
0.020001
0.0200531
0.020126
0.0203473
0.0204109
0.0204959
0.0205221
0.0205884
0.0205884
0.0206509
0.0206752
0.0206822
0.0206882
0.0206882
0.0207003
0.0207021
0.0207087
0.0207094
0.0207189
0.0207197
0.0207206
0.0207587
0.0207587
0.0207603
0.0207612
0.0207664
0.0207686
0.0207686
0.0207723
0.0212145
0.0212153
0.0215199
0.0215199
0.0215201
0.0215205
0.0217617
0.0217617
0.0217622
0.0217622
0.0217641
0.0217641
0.0217667
0.0217667
0.0217686
0.0217686
0.0217717
0.0217717
0.0217717
0.0217717
0.0217727
0.0217801
0.0218511
0.0218511
0.0218921
0.0218987
0.0218987
0.0221043
0.0221043
0.0221166
0.0221166
0.02212
0.02212
0.0221263
0.0221909
0.0221909
0.0221909
0.02222
0.02222
0.0222767
0.0222767
0.0222767
0.0222767
0.0222767
0.0224082
0.0224082
0.0224082
0.0226546
0.0226546
0.0226546
0.0226546
0.0226546
0.0226546
0.0227342
0.0227342
0.0227342
0.0227342
0.0227342
0.0227342
0.022741
0.022741
0.0228025
0.0228217
0.0228217
0.0228859
0.0229779
0.0229779
0.0229779
0.0229779
0.0230862
0.0230862
0.0230862
0.0230761
0.0230761
0.0230908
0.0230908
0.023102
0.0231298
0.0231298
0.0231298
0.0231349
0.0231385
0.0231544
0.0231677
0.0231677
0.0231677
0.0231677
0.0231707
0.0231707
0.0231829
0.0231839
0.0231841
0.0231889
0.0231889
0.0231889
0.0231901
0.0232421
0.0232479
0.0232521
0.0232553
0.0232637
0.023264
0.0232652
0.0232654
0.0232664
0.0232674
0.0232703
0.0232703
0.0232716
0.0232716
0.0232721
0.0232731
0.0232729
0.0232733
0.0232734
0.0232737
0.0232738
0.0232738
0.0232738
0.0232741
0.0232742
0.0232748
0.0233393
0.0233394
0.0233746
0.0234617
0.0234617
0.0234617
0.0234618
0.0234758
0.0234758
0.0235115
0.0234713
0.0235564
0.0235564
0.0235895
0.0235895
0.0238919
0.0238919
0.0239105
0.0240323
0.0240323
0.0240323
0.0240324
0.024042
0.0240484
0.0240585
0.0240612
0.0240624
0.0240624
0.0240639
0.0240862
0.024108
0.0241263
0.0241455
0.0241459
0.0241583
0.0241794
0.0241846
0.0241867
0.0242012
0.0242073
0.0242068
0.0242146
0.0242196
0.0242197
0.0242205
0.0242205
0.0242205
0.0242205
0.0242221
0.0242221
0.0242222
0.0242226
0.0242228
0.0242242
0.0242249
0.0242254
0.0242255
0.0242255
0.0242257
0.0242257
0.0242258
0.0242259
0.024226
0.024226
0.024226
0.024226
0.0242261
0.0242261
0.0242261
0.0242261
0.0242261
0.0242261
0.0242261
0.0242261
0.0242261
0.0242261
0.0242261
0.0242261
0.0242261
0.0242261
0.0242262
0.0242262
0.0242262
0.0242262
0.0242262
0.0242262
0.0242262
0.0242262
0.0242262
0.0242262
0.0242262
0.0242262
0.0242262
0.0242262
0.0242262
0.0242262
0.0242262
0.0242262
0.0242262
0.0242262
0.0242262
0.0242262
0.0242262
0.0242262
0.0242262
0.0242262
0.0242262
0.0242262
0.0242262
0.0242262
0.0242262
0.0242262
0.0242262
0.0242262
0.0242262
0.0242262
0.0242262
0.0242262
0.0242262
0.0242262
0.0242262
0.0242262
0.0242262
0.0242262
0.0242262
0.0242262
0.0242262
0.0242262
0.0242262
0.0242262
0.0242262
0.0242262
0.0242262
0.0242262
0.0242262
0.0242262
0.0242262
0.0242262
0.0242262
0.0242262
0.0242262
0.0242262
0.0242262
0.0242262
0.0242262
0.0242262
0.0242262
0.0242262
0.0242262
0.0242262
0.0242262
0.0242262
0.0242262
0.0242262
0.0242262
0.0242262
0.0242262
0.0242262
0.0242262
0.0242262
0.0242262
0.0242262
0.0242262
0.0242262
0.0242262
0.0242262
0.0242262
0.0242262
0.0242262
0.0242262
0.0242262
0.0242262
0.0242262
0.0242262
0.0242262
0.0242262
0.0242262
0.0242262
0.0242262
0.0242262
0.0242262
0.0242262
0.0242262
0.0242262
0.0242262
0.0242262
0.0242262
0.0242262
0.0242262


0.0194635
0.0212665
0.0213784
0.021476
0.021476
0.021476
0.0216874
0.0216874
0.0216874
0.0224926
0.0224926
0.0227281
0.0227281
0.0227281
0.0230334
0.0230334
0.0233459
0.023349
0.0236196
0.0236196
0.0246076
0.0240649
0.0240841
0.0246373
0.0246386
0.0247697
0.0259728
0.0259728
0.0259728
0.0260935
0.0260935
0.0241302
0.0259988
0.0260123
0.0262311
0.0263707
0.0264371
0.0265081
0.0265764
0.0269512
0.0270956
0.0271469
0.0271473
0.0272257
0.0272463
0.0272504
0.0272624
0.0272859
0.0272934
0.0273182
0.0273182
0.0273297
0.0273365
0.0273391
0.0273391
0.0273578
0.0273599
0.0273622
0.0273723
0.0273757
0.0273777
0.0273787
0.0273809
0.0273837
0.0276158
0.0276158
0.0276168
0.027772
0.0285308
0.0285308
0.0285312
0.0285314
0.0285314
0.028533
0.0285331
0.0285331
0.0285332
0.0285336
0.0285336
0.0285338
0.0285338
0.0285339
0.0285339
0.0285339
0.0285341
0.0285341
0.0285341
0.0285341
0.0285341
0.0285341
0.0285342
0.0291659
0.0292709
0.0292709
0.0296639
0.0296639
0.0297699
0.0297699
0.0297699
0.0297699
0.0297699
0.02977
0.0297701
0.0297701
0.0297706
0.0297706
0.0297708
0.0297708
0.0297709
0.0299653
0.0299653
0.0299844
0.0299844
0.0299844
0.0299844
0.0299845
0.0299845
0.0299846
0.0299846
0.0299847
0.0301236
0.0301876
0.0301876
0.0302367
0.0302378
0.0303909
0.0303909
0.0303909
0.0303909
0.0303909
0.0304119
0.0304119
0.0305738
0.0305738
0.0306151
0.0306266
0.0306266
0.0306266
0.0306975
0.0306975
0.0307023
0.0307023
0.0307026
0.0307104
0.0307116
0.0307116
0.0307123
0.030725
0.0307321
0.0307321
0.0307321
0.0307312
0.0307369
0.0307373
0.0307373
0.0307392
0.0307395
0.0307395
0.0307398
0.0307398
0.0307416
0.0307416
0.0307416
0.0307442
0.0307442
0.0308124
0.0308145
0.0308145
0.0308146
0.0308147
0.0308149
0.0308152
0.0308152
0.0308152
0.0308152
0.0308153
0.0308153
0.0308153
0.0308154
0.0308154
0.0308154
0.0308154
0.0308154
0.0308155
0.0308155
0.0308155
0.0308155
0.0308155
0.0308155
0.0308155
0.0308156
0.0308156
0.0308156
0.0308156
0.0308156
0.0308156
0.0308156
0.0308156
0.0308156
0.0308156
0.0308156
0.0308156
0.0308156
0.0309382
0.0309382
0.0309821
0.0309862
0.0309862
0.0309862
0.0309862
0.0310313
0.0310522
0.0310603
0.0310631
0.0310644
0.0310649
0.0310652
0.0310654
0.0311828
0.0311828
0.0312433
0.0312978
0.0313405
0.0313434
0.0313526
0.0313526
0.0313835
0.031407
0.0314299
0.0314358
0.0314358
0.0314326
0.0314326
0.031477
0.0315052
0.0315123
0.0315302
0.031632
0.0316499
0.0316499
0.0316499
0.0316551
0.0316572
0.0316572
0.0316645
0.0316666
0.0316666
0.0316666
0.0316717
0.0316717
0.0316717
0.0316717
0.0316727
0.0316727
0.0316862
0.0316862
0.0316862
0.0316862
0.0316862
0.0316862
0.0316881
0.0316847
0.0316847
0.0316847
0.0316861
0.0316861
0.0316861
0.0316861
0.0316861
0.0316861
0.0316861
0.0316809
0.0316809
0.0316843
0.0316843
0.0316843
0.0316843
0.0316853
0.0316853
0.0316853
0.0316853
0.0316803
0.0316803
0.0316803
0.0316803
0.0316803
0.0316828
0.0316828
0.0316828
0.0316828
0.0316828
0.0316803
0.0316803
0.031689
0.031689
0.031689
0.031689
0.031689
0.0320629
0.0320629
0.0320629
0.0321237
0.0321237
0.0321237
0.0321411
0.0321411
0.0321489
0.0321608
0.0321643
0.0321654
0.0321658
0.032166
0.0322816
0.0322816
0.0322816
0.0322816
0.0322892
0.0322892
0.0323156
0.0323156
0.0323156
0.0323439
0.0323439
0.0323439
0.0323439
0.0323439
0.0323906
0.0324303
0.0324407
0.032442
0.032442
0.0324344
0.0324494
0.0324749
0.0325846
0.0325846
0.0325934
0.0326153
0.0326183
0.03262
0.0326267
0.0326332
0.0326393
0.0326413
0.0326431
0.0326446
0.0326449
0.0326449
0.0326465
0.0326465
0.0326465
0.0326464
0.0326488
0.0326488
0.0326503
0.0326503
0.0326519
0.0326519
0.0326524
0.0326524
0.0326524
0.0326524
0.0326526
0.0326526
0.0326526
0.0326529
0.0326532
0.0326532
0.0326532
0.0326538
0.0326541
0.0326543
0.0326543
0.0326558
0.0326566
0.0326566
0.0326568
0.0326571
0.0326571
0.0326573
0.0326575
0.0326576
0.0326578
0.0326579
0.032658
0.0326582
0.0326583
0.0326583
0.0326583
0.0326583
0.0326583
0.0326583
0.0326583
0.0326584
0.0326584
0.0326584
0.0326585
0.0326585
0.0326585
0.0326585


0.0191468
0.0196224
0.0204666
0.020498
0.0208458
0.0208458
0.0208458
0.0216897
0.0223609
0.023319
0.023319
0.0236597
0.0236597
0.0236597
0.0244955
0.0244955
0.0247979
0.0247979
0.0249655
0.0249655
0.0249655
0.0249691
0.0249691
0.0249765
0.0249765
0.0261147
0.0261147
0.0264233
0.0270447
0.0270502
0.0270908
0.0273973
0.027636
0.0277225
0.0277228
0.0279511
0.027973
0.0283633
0.0284438
0.0284887
0.0285163
0.0285163
0.0285219
0.0285219
0.0285219
0.0285238
0.0285416
0.0285416
0.0285416
0.0285428
0.0285697
0.0285707
0.0285707
0.0285723
0.0286482
0.0286522
0.0287293
0.0288388
0.0288414
0.0288477
0.0288777
0.0290157
0.0290736
0.02908
0.0290851
0.0291802
0.029262
0.0292629
0.0292629
0.0292835
0.0293286
0.0293358
0.0293367
0.029337
0.0293553
0.0293573
0.0293601
0.0293601
0.0293601
0.0293601
0.0293686
0.0293705
0.0293708
0.0293836
0.0293836
0.0293843
0.0293843
0.0293924
0.0293924
0.0293924
0.0293943
0.0293967
0.0293974
0.0294014
0.0294014
0.0294014
0.029403
0.0294128
0.0294172
0.0294172
0.029421
0.0294242
0.0294242
0.0294242
0.0294254
0.0294254
0.0294254
0.0294259
0.0294277
0.0294277
0.0294291
0.0294306
0.0294339
0.0294346
0.0294356
0.0294364
0.0294384
0.0294384
0.0295078
0.0295078
0.0295078
0.0295078
0.0295078
0.0295078
0.0295078
0.0295965
0.0295965
0.0295965
0.0295965
0.0295965
0.0295965
0.0295833
0.0295836
0.029592
0.029597
0.0296215
0.0296919
0.0297081
0.0297081
0.0298045
0.0298126
0.0298825
0.0298825
0.0298825
0.0298825
0.0298825
0.0299072
0.0299268
0.029942
0.0299429
0.0299565
0.0299887
0.0299887
0.03
0.0300129
0.0300244
0.0300244
0.0300412
0.0300457
0.0300627
0.0300627
0.0300635
0.0300635
0.0300662
0.0300662
0.0300662
0.0300672
0.0300672
0.0300684
0.0300684
0.0300684
0.0300685
0.0300688
0.0300688
0.0300693
0.0300693
0.0301586
0.0302578
0.0302951
0.0302951
0.0302973
0.0303105
0.0303105
0.0303147
0.0303188
0.0303188
0.0303224
0.0303258
0.030373
0.0303836
0.0304168
0.0304168
0.0305527
0.0305527
0.0305636
0.0305639
0.0305852
0.0306257
0.0306257
0.0306861
0.0306897
0.0306901
0.03148
0.03148
0.0314916
0.0318556
0.0318594
0.0318924
0.0321277
0.0321735
0.0323815
0.0331977
0.0333723
0.0334124
0.0334124
0.0335303
0.0336307
0.0336493
0.0336586
0.03366
0.0336859
0.0336944
0.033806
0.033908
0.0340532
0.034072
0.034072
0.0341097
0.0341139
0.0341265
0.0341272
0.0341419
0.0341424
0.0341675
0.0341698
0.0341736
0.0341785
0.0341785
0.0341793
0.0341796
0.0341796
0.0341799
0.0341832
0.0341864
0.0349429
0.0528136
0.0528136
0.0528137
0.0681725
0.0727838
0.0727838
0.080059
0.080059
0.0802469
0.0872959
0.0872959
0.0978242
0.12502
0.125021
0.12519
0.129526
0.131708
0.141968
0.141968
0.142808
0.151841
0.153568
0.154782
0.154782
0.157887
0.166412
0.166412
0.17144
0.189219
0.202313
0.209072
0.209072
0.212023
0.215072
0.219845
0.219845
0.2314
0.2314
0.235417
0.236467
0.252017
0.256713
0.256713
0.256713
0.25972
0.260426
0.265983
0.265983
0.268549
0.275249
0.276741
0.276741
0.276741
0.288315
0.288315
0.292229
0.289241
0.297629
0.297629
0.302036
0.303238
0.303238
0.304696
0.305248
0.306934
0.309505
0.309392
0.310617
0.311839
0.311839
0.313896
0.313896
0.317975
0.318793
0.319143
0.31934
0.318894
0.319236
0.319236
0.321476
0.321476
0.321476
0.322004
0.322004
0.322938
0.323231
0.323344
0.325353
0.325353
0.325353
0.325588
0.325745
0.325894
0.326115
0.326218
0.326254
0.326448
0.326448
0.326627
0.326627
0.327252
0.327252
0.327643
0.327644
0.32772
0.327935
0.327935
0.327935
0.328
0.328
0.328249
0.328249
0.328273
0.328273
0.328367
0.328432
0.328445
0.328468
0.328589
0.328589
0.328589
0.328589
0.328601
0.328622
0.328622
0.328646
0.328664
0.328671
0.328671
0.328708
0.328708
0.328709
0.328716
0.328716
0.328725
0.328727
0.328736
0.32875
0.328754
0.328768
0.328768
0.328768
0.328773
0.328808
0.328826
0.328832
0.328836
0.328867
0.328872
0.328887
0.328894
0.328896
0.328898
0.328899
0.328905


0.00799886
0.00860778
0.00860778
0.00874204
0.00933889
0.00933889
0.00933889
0.0093416
0.0093416
0.00957549
0.00977165
0.00988427
0.00988427
0.00988427
0.00988427
0.00994917
0.00995213
0.0100173
0.0101282
0.0101383
0.0101383
0.0102593
0.0104208
0.0104208
0.0104208
0.010459
0.0110554
0.0113338
0.0113491
0.0114706
0.0114709
0.011471
0.0115791
0.0116445
0.0116445
0.0118177
0.0120199
0.0120221
0.012364
0.012364
0.0123829
0.0125227
0.012535
0.0126272
0.0127406
0.0128778
0.0129467
0.0130209
0.0130209
0.0130209
0.013038
0.0130062
0.0130822
0.0130894
0.0130903
0.0131026
0.013115
0.0131267
0.0131583
0.0132033
0.0132033
0.0132208
0.0132243
0.0132347
0.0132364
0.0132429
0.0132463
0.0132538
0.0132587
0.0132606
0.0132606
0.013261
0.0132616
0.0132637
0.0132644
0.0132644
0.0132656
0.0132658
0.0132661
0.0132662
0.0132662
0.0132666
0.0132667
0.0132668
0.0132668
0.0132668
0.013267
0.013267
0.013267
0.013267
0.0132671
0.0132671
0.0132671
0.0132671
0.0132671
0.0132671
0.0132671
0.0132672
0.0132672
0.0132672
0.0132672
0.0132672
0.0132672
0.0132672
0.0132672
0.0132672
0.0132672
0.0132672
0.0132672
0.0132672
0.0132672
0.0132672
0.0132672
0.0132672
0.0132672
0.0132672
0.0132672
0.0132672
0.0132672
0.0132672
0.0132672
0.0132672
0.0132672
0.0132672
0.0132672
0.0132672
0.0132672
0.0132672
0.0132672
0.0132672
0.0132672
0.0132672
0.0132672
0.0132672
0.0132672
0.0132672
0.0132672
0.0132672
0.0132672
0.0132672
0.0132672
0.0132672
0.0132672
0.0132672
0.0132672
0.0132672
0.0132672
0.0132672
0.0132672
0.0132672
0.0132672
0.0132672
0.0132672
0.0132672
0.0132672
0.0132672
0.0132672
0.0132672
0.0132672
0.0132672
0.0132672
0.0132672
0.0132672
0.0132672
0.0132672
0.0132672
0.0132672
0.0132672
0.0132672
0.0132672
0.0132672
0.0132672
0.0132672
0.0132672
0.0132672
0.0132672
0.0132672
0.0132672
0.0132672
0.0132672
0.0132672
0.0132672
0.0133105
0.0133782
0.0134034
0.0134034
0.0134034
0.0134042
0.013405
0.013406
0.0134079
0.0134075
0.013408
0.013413
0.0134195
0.0134217
0.0134217
0.0134217
0.0134224
0.0134224
0.0134229
0.0134228
0.0134229
0.0134272
0.0134334
0.0134344
0.0134344
0.0134449
0.0134462
0.0134475
0.0134475
0.0134478
0.0134487
0.013449
0.0134491
0.0134491
0.0134492
0.0134492
0.0134492
0.0134493
0.0134493
0.0134493
0.0134494
0.0134494
0.0134494
0.0134494
0.0134494
0.0134495
0.0134495
0.0134495
0.0134495
0.0134495
0.0134495
0.0134495
0.0134495
0.0134495
0.0134495
0.0134495
0.0134495
0.0134495
0.0134495
0.0134495
0.0134495
0.0134495
0.0134495
0.0134495
0.0134495
0.0134495
0.0134495
0.0134495
0.0134495
0.0134495
0.0134495
0.0134495
0.0134495
0.0134495
0.0134495
0.0134495
0.0134495
0.0134495
0.0134495
0.0134495
0.0134495
0.0134495
0.0134495
0.0134495
0.0134495
0.0134495
0.0134495
0.0134495
0.0134495
0.0134495
0.0134495
0.0134495
0.0134495
0.0134495
0.0134495
0.0134495
0.0134495
0.0134495
0.0134495
0.0134495
0.0134495
0.0134495
0.0134495
0.0134495
0.0134495
0.0134495
0.0134495
0.0134495
0.0134495
0.0134495
0.0134495
0.0134495
0.0134495
0.0134495
0.0134495
0.0134495
0.0134495
0.0134495
0.0134495
0.0134495
0.0134495
0.0134495
0.0134495
0.0134495
0.0134495
0.0134495
0.0134495
0.0134495
0.0134495
0.0134495
0.0134495
0.0134495
0.0134495
0.0134495
0.0134495
0.0134495
0.0134495
0.0134495
0.0134495
0.0134495
0.0134495
0.0134495
0.0134495
0.0134495
0.0134495
0.0134495
0.0134495
0.0134495
0.0134495
0.0134495
0.0134495
0.0134495
0.0134495
0.0134495
0.0134495
0.0134495
0.0134495
0.0134495
0.0134495
0.0134495
0.0134495
0.0134495
0.0134495
0.0134495
0.0134495
0.0134495
0.0134495
0.0134495
0.0134495
0.0134495
0.0134775
0.0134775
0.0134786
0.0134786
0.0134796
0.0134899
0.0134899
0.0134899
0.0134899
0.0134907
0.0134907
0.0134922
0.0134922
0.0134933
0.0134958
0.0134971
0.0135011
0.0135071
0.0135071
0.0135065
0.0135081
0.0135081
0.0135094
0.0135096
0.0135101
0.0135193
0.0135217
0.0135219
0.0135219
0.0135219
0.0135219
0.013522
0.0135226
0.0135228
0.0135228
0.0135231
0.0135234
0.0135234
0.013524
0.013524
0.0135243
0.0135245
0.0135245
0.0135246
0.0135246
0.0135246
0.0135246
0.0135246


0.0110476
0.0118665
0.0119261
0.0120641
0.0120641
0.0120642
0.0122973
0.0123699
0.0123699
0.0125609
0.0125609
0.0125909
0.0125909
0.0127978
0.0127978
0.0127978
0.0131562
0.0131562
0.0131577
0.0131577
0.0131645
0.0127148
0.0132093
0.013215
0.0132375
0.0133706
0.0134806
0.0134806
0.0136033
0.0136912
0.0137939
0.013794
0.013794
0.0139662
0.0141638
0.0142063
0.0142063
0.0143948
0.0143948
0.0144062
0.0144538
0.0146111
0.0146628
0.0146969
0.0147088
0.0147336
0.0147336
0.0147404
0.0147404
0.0147611
0.0147718
0.0147737
0.0147899
0.0148132
0.0149255
0.0149255
0.014952
0.0149728
0.0150125
0.0150201
0.0150497
0.0150154
0.0150345
0.0150724
0.0150952
0.0150963
0.0151098
0.0153309
0.0153415
0.0155233
0.0155507
0.0155588
0.0155707
0.0155776
0.0157887
0.0157887
0.0158555
0.0159275
0.0160048
0.0160081
0.0160121
0.0160185
0.0160543
0.016074
0.0160949
0.0160956
0.0161031
0.0161134
0.0161241
0.0161241
0.0161423
0.0161438
0.0161503
0.0161557
0.0161563
0.0161621
0.016163
0.0161648
0.0161651
0.0161672
0.0161676
0.0161679
0.0161682
0.0161684
0.0161686
0.0161689
0.0161696
0.0161696
0.0161696
0.0161697
0.0161698
0.0161698
0.01617
0.0161702
0.0161702
0.0161703
0.0161704
0.0161704
0.0161704
0.0161704
0.0161705
0.0161705
0.0161705
0.0161705
0.0161705
0.0161705
0.0161705
0.0161705
0.0161705
0.0161705
0.0161705
0.0161705
0.0161705
0.0161705
0.0161705
0.0161705
0.0161705
0.0161705
0.0162006
0.0162006
0.0162006
0.0162196
0.0162196
0.016268
0.0163731
0.0163877
0.0164793
0.0165213
0.0165687
0.0165687
0.0165822
0.0166167
0.0166167
0.016623
0.016623
0.016623
0.0166244
0.0167011
0.0167278
0.0168412
0.0168412
0.0168034
0.0168034
0.0168161
0.0168161
0.0168856
0.0169707
0.0169707
0.0169851
0.0169916
0.0169916
0.0169916
0.0170007
0.0170007
0.0170007
0.0170489
0.0170489
0.0170514
0.0170514
0.0170517
0.0170792
0.0170802
0.0170802
0.0170807
0.017081
0.0170933
0.0170933
0.0170933
0.0171114
0.0171322
0.0171494
0.0171713
0.0171713
0.017172
0.0171729
0.0171729
0.0171747
0.0171788
0.0171813
0.017195
0.0173772
0.0173109
0.0174326
0.0174326
0.0175037
0.0175228
0.0176639
0.0177073
0.0177142
0.0177142
0.0177544
0.0177391
0.0177391
0.0177444
0.0177638
0.017798
0.017798
0.0178121
0.0178249
0.0178328
0.0178336
0.0178555
0.0178643
0.0178663
0.0178693
0.0178732
0.0178753
0.0178757
0.0178779
0.0178779
0.0178784
0.0178786
0.0178786
0.0178793
0.0178801
0.0178808
0.0178811
0.0178827
0.0178831
0.0178849
0.0178862
0.0178875
0.0178886
0.0178904
0.0178914
0.0178931
0.017896
0.0178975
0.0178994
0.0179005
0.0179024
0.0179107
0.017911
0.017911
0.0179126
0.0179129
0.0179137
0.0179144
0.0179144
0.0179158
0.0179158
0.0179161
0.0179163
0.0179163
0.0179167
0.0179169
0.017917
0.017917
0.017917
0.017917
0.0179171
0.0179171
0.0179171
0.0179172
0.0179173
0.0179173
0.0179174
0.0179174
0.0179176
0.0179178
0.0179184
0.0179189
0.0179202
0.0179204
0.0179204
0.0179204
0.0179204
0.0179204
0.0179205
0.0179206
0.0179206
0.0179206
0.0179207
0.0179207
0.0179208
0.0179208
0.017921
0.017921
0.017921
0.017921
0.017921
0.017921
0.017921
0.0179229
0.0179253
0.0179282
0.0179284
0.0179284
0.0179289
0.0179291
0.0179291
0.0179291
0.0179291
0.0179291
0.0179292
0.0179292
0.0179292
0.0179293
0.0179293
0.0179293
0.0179293
0.0179293
0.0179294
0.0179294
0.0179294
0.0179294
0.0179294
0.0179294
0.0179294
0.0179294
0.0179295
0.0179295
0.0179295
0.0179295
0.0179295
0.0179296
0.0179296
0.0179296
0.0179296
0.0179296
0.0179296
0.0179296
0.0179296
0.0179296
0.0179296
0.0179296
0.0179296
0.0179296
0.0179296
0.0179296
0.0179296
0.0179296
0.0179297
0.0179297
0.0179297
0.0179297
0.0179297
0.0179297
0.0179297
0.0179297
0.0179297
0.0179297
0.0179297
0.0179297
0.0179297
0.0179297
0.0179297
0.0179297
0.0179297
0.0179297
0.0179297
0.0179297
0.0179297
0.0179297
0.0179297
0.0179297
0.0179297
0.0179297
0.0179297
0.0179297
0.0179297
0.0179297
0.0179297
0.0179297
0.0179297
0.0179297
0.0179297
0.0179297
0.0179297
0.0179297
0.0179297
0.0179297
0.0179297
0.0179297
0.0179297
0.0179297
0.0179297
0.0179297
0.0179297
0.0179297


0.01229
0.0126085
0.0126145
0.0127185
0.0127185
0.0127869
0.0129035
0.0133973
0.0138543
0.0138543
0.0139818
0.0143666
0.0143666
0.0146831
0.0146831
0.0146845
0.0146845
0.0147181
0.0150323
0.0150323
0.0150557
0.0154546
0.01549
0.0158134
0.0160849
0.0161401
0.0161673
0.0161783
0.0164166
0.0164971
0.0165992
0.0165948
0.0166577
0.0166577
0.0167081
0.0167097
0.0167854
0.0167854
0.0168099
0.0168362
0.0168567
0.0168567
0.0168765
0.0168774
0.0168793
0.0168894
0.0168902
0.0168953
0.0168973
0.0168996
0.0169004
0.0169016
0.0169036
0.0169062
0.017218
0.0172183
0.0175866
0.0175866
0.0175921
0.0176442
0.0176446
0.0176491
0.0176667
0.0177777
0.0177904
0.0178009
0.0178029
0.0178262
0.0178279
0.0178341
0.0178349
0.0178441
0.0178492
0.0178492
0.017851
0.0178518
0.0178576
0.0178615
0.0178615
0.0178632
0.0178667
0.0178669
0.0178706
0.0178707
0.0178711
0.0178715
0.0178721
0.0178723
0.0178727
0.0178731
0.0178731
0.0178734
0.0178734
0.0178734
0.0178736
0.0178736
0.0178736
0.0178737
0.0178737
0.0178737
0.0178737
0.0178737
0.0178738
0.0178738
0.0178738
0.0178738
0.0178738
0.0178738
0.0178738
0.0178738
0.0178738
0.0178738
0.0178738
0.0178738
0.0178738
0.0178738
0.0178738
0.0178738
0.0178738
0.0178738
0.0178738
0.0178738
0.0178738
0.0178738
0.0178738
0.0178738
0.0178738
0.0178738
0.0178738
0.0178738
0.0178738
0.0178738
0.0178738
0.0178738
0.0178738
0.0178738
0.0178738
0.0178738
0.0178738
0.0178738
0.0178738
0.0178738
0.0178738
0.0178738
0.0178738
0.0178738
0.0178738
0.0178738
0.0178738
0.0178738
0.0178738
0.0178738
0.0178738
0.0178738
0.0178738
0.0178738
0.0178738
0.0178738
0.0178738
0.0178738
0.0178738
0.0178738
0.0178738
0.0178738
0.0178738
0.0178738
0.0178738
0.0178738
0.0178738
0.0178738
0.0178738
0.0178738
0.0178738
0.0178738
0.0178738
0.0178738
0.0178738
0.0178738
0.0178738
0.0178738
0.0178738
0.0178738
0.0178738
0.0178738
0.0178738
0.0178738
0.0178738
0.0185935
0.0185935
0.0186312
0.0187646
0.0187646
0.0187646
0.0188075
0.0188075
0.0188288
0.0189261
0.0190485
0.0190877
0.0192603
0.0193473
0.0193867
0.0193889
0.0193889
0.0193889
0.0194103
0.0194662
0.0195054
0.0195054
0.0195081
0.0195109
0.019514
0.0195228
0.0195279
0.0195355
0.019536
0.019538
0.0195407
0.0195422
0.0195447
0.019546
0.0195463
0.0195476
0.0195499
0.0197474
0.0198528
0.019853
0.0198731
0.0198731
0.0198915
0.0198915
0.0199049
0.0199423
0.0199425
0.0199425
0.0199425
0.0199822
0.020058
0.0201099
0.0201099
0.0201578
0.0201578
0.0201935
0.0201967
0.0201967
0.0202192
0.0202192
0.0202239
0.0202269
0.0202269
0.0202299
0.020232
0.0202391
0.0202391
0.0202397
0.0202409
0.0202409
0.020242
0.020242
0.0202422
0.0202427
0.0202433
0.0202452
0.0202482
0.0202482
0.0202482
0.0202491
0.0202496
0.0202497
0.0202497
0.0202497
0.0202499
0.0202499
0.0202499
0.02025
0.02025
0.02025
0.02025
0.0202501
0.0202501
0.0202502
0.0202502
0.0202502
0.0202502
0.0202502
0.0202502
0.0202502
0.0202502
0.0202502
0.0202502
0.0202502
0.0202502
0.0202502
0.0202502
0.0202502
0.0202502
0.0202502
0.0202502
0.0202502
0.0202502
0.0202502
0.0202502
0.0202502
0.0202502
0.0202502
0.0202502
0.0202502
0.0202502
0.0202502
0.0202502
0.0202502
0.0202502
0.0202502
0.0202502
0.0202502
0.0202502
0.0202502
0.0202502
0.0202502
0.0202502
0.0202502
0.0202502
0.0202502
0.0202502
0.0202502
0.0202502
0.0202502
0.0202502
0.0202502
0.0202502
0.0202502
0.0202502
0.0202502
0.0202502
0.0202502
0.0202502
0.0202502
0.0202502
0.0202502
0.0202502
0.0202502
0.0202502
0.0202502
0.0202502
0.0202502
0.0202502
0.0202502
0.0202502
0.0202502
0.0202502
0.0202502
0.0202502
0.0202502
0.0202502
0.0202502
0.0202502
0.0202502
0.0202502
0.0202502
0.0202502
0.0202502
0.0202502
0.0202502
0.0202502
0.0202502
0.0202502
0.0202502
0.0202502
0.0202502
0.0202502
0.0202502
0.0202502
0.0202502
0.0202502
0.0202502
0.0202502
0.0202502
0.0202502
0.0202502
0.0202502
0.0202502
0.0202502
0.0202502
0.0202502
0.0202502
0.0202502
0.0202502
0.0202502
0.0202502
0.0202502
0.0202502
0.0202502
0.0202502
0.0202502
0.0202502
0.0202502
0.0202502
0.0202502
0.0202502
0.0202502


0.0109635
0.011209
0.0117831
0.0117831
0.0117932
0.0124619
0.0124619
0.0124619
0.0125151
0.0125151
0.0125912
0.0125912
0.0126394
0.0126394
0.0126544
0.012936
0.0130019
0.0130019
0.0130034
0.0131353
0.0131471
0.0131651
0.0131876
0.0135769
0.0135769
0.0135769
0.0135769
0.0135769
0.0135769
0.0135769
0.0135769
0.0134572
0.0136079
0.0140619
0.0145296
0.0145524
0.0147206
0.0147206
0.0147206
0.0152569
0.0152777
0.0153533
0.015356
0.0154168
0.015503
0.0158209
0.0158209
0.0159865
0.016018
0.0160336
0.0160523
0.0161836
0.0163169
0.0163647
0.0163647
0.0163759
0.0163952
0.0164016
0.0164663
0.0164921
0.016504
0.0165494
0.0166043
0.0166482
0.0166482
0.0166665
0.0168064
0.0168282
0.016939
0.0170609
0.0170906
0.0170921
0.0171669
0.0171675
0.0171741
0.0171741
0.0171761
0.0171766
0.0172015
0.0172015
0.017209
0.0172145
0.0172171
0.0172227
0.0172232
0.0172232
0.0172289
0.0172313
0.0172333
0.0172337
0.0172348
0.0172338
0.0172354
0.0172358
0.0172358
0.0172372
0.0172372
0.0172373
0.0172374
0.0172375
0.0172376
0.0172377
0.0172377
0.0172378
0.0172378
0.0172379
0.0172379
0.017238
0.017238
0.017238
0.017238
0.017238
0.0172381
0.0172381
0.0172381
0.0172381
0.0172381
0.0172381
0.0172381
0.0172381
0.0172381
0.0172381
0.0172381
0.0172381
0.0172381
0.0172381
0.0172381
0.0172381
0.0172381
0.0172381
0.0172381
0.0172381
0.0172381
0.0172381
0.0172381
0.0172381
0.0172381
0.0172381
0.0172521
0.0172555
0.0173308
0.0171567
0.0172381
0.0172381
0.0173918
0.0174772
0.0174772
0.0174772
0.0174772
0.0175957
0.0175957
0.0175957
0.0175957
0.0175957
0.017632
0.017632
0.0176473
0.0176634
0.0176634
0.0176634
0.0177376
0.0177376
0.0177376
0.0177376
0.0177376
0.0177376
0.0177376
0.0177465
0.0177465
0.0177468
0.0177568
0.0177573
0.01776
0.0177613
0.0177625
0.0177625
0.0177625
0.0177655
0.0177671
0.0177674
0.0177772
0.0177829
0.0177829
0.0177829
0.0177829
0.0177829
0.0177844
0.0177844
0.0177844
0.0177867
0.0177882
0.0177888
0.0177888
0.0177888
0.0177888
0.0177888
0.0177888
0.017789
0.017789
0.0177891
0.0177893
0.0177893
0.0177894
0.0177894
0.0177894
0.0177894
0.0177894
0.0177894
0.0177895
0.0177895
0.0177895
0.0177895
0.0177895
0.0177895
0.0177895
0.0177895
0.0177895
0.0177895
0.0177895
0.0177895
0.0177895
0.0177895
0.0177895
0.0177895
0.0177895
0.0177895
0.0177895
0.0177895
0.0177895
0.0177895
0.0177895
0.0177895
0.0177895
0.0177895
0.0177895
0.0177895
0.0177895
0.0177895
0.0177895
0.0177895
0.0177895
0.0177895
0.0177895
0.0177895
0.0177895
0.0177895
0.0177895
0.0177895
0.0177895
0.0177895
0.0177895
0.0177895
0.0177895
0.0177895
0.0177895
0.0177895
0.0177895
0.0177895
0.0177895
0.0177895
0.0177895
0.0177895
0.0177895
0.0177895
0.0178649
0.01796
0.01796
0.0179642
0.0179699
0.017978
0.017978
0.0179802
0.0179802
0.0179905
0.0179905
0.0179915
0.017992
0.0179938
0.018007
0.0180104
0.0180914
0.0182175
0.0182423
0.0182568
0.0182764
0.0183037
0.01831
0.01831
0.0183228
0.0183228
0.0183305
0.0183322
0.0183322
0.0183322
0.0183322
0.0183322
0.0183328
0.0183328
0.0183328
0.0183328
0.0183329
0.018333
0.0183331
0.0183349
0.018335
0.018335
0.018335
0.0183351
0.0183353
0.0183354
0.0183354
0.0183355
0.0183355
0.0183356
0.0183358
0.0183358
0.0183358
0.0183359
0.0183359
0.0183359
0.0183359
0.0183359
0.018336
0.018336
0.018336
0.018336
0.018336
0.018336
0.018336
0.018336
0.018336
0.018336
0.018336
0.018336
0.018336
0.018336
0.018336
0.018336
0.018336
0.018336
0.018336
0.018336
0.018336
0.018336
0.018336
0.018336
0.018336
0.018336
0.018336
0.018336
0.018336
0.018336
0.018336
0.018336
0.018336
0.018336
0.018336
0.018336
0.018336
0.018336
0.018336
0.018336
0.018336
0.018336
0.018336
0.018336
0.018336
0.018336
0.018336
0.018336
0.018336
0.018336
0.018336
0.018336
0.018336
0.018336
0.018336
0.018336
0.018336
0.018336
0.018336
0.018336
0.018336
0.018336
0.018336
0.018336
0.018336
0.018336
0.018336
0.018336
0.018336
0.018336
0.018336
0.018336
0.018336
0.018336
0.018336
0.018336
0.018336
0.018336


0.0229834
0.024436
0.024436
0.024436
0.024436
0.024436
0.024436
0.0266198
0.0267107
0.0267266
0.0272013
0.0272013
0.0272036
0.0274615
0.0274661
0.0274661
0.0274661
0.0274716
0.0274716
0.0275142
0.0279146
0.0278953
0.0279435
0.0284346
0.0284346
0.028484
0.028484
0.028484
0.028484
0.0284842
0.0284842
0.0284874
0.0285057
0.0285812
0.0285827
0.0285827
0.0285932
0.0287367
0.0287367
0.0287367
0.0287754
0.0287754
0.0288538
0.0288636
0.0288891
0.0288891
0.0289215
0.0289418
0.0289743
0.028986
0.0293327
0.029335
0.0293376
0.0293531
0.0297428
0.0297428
0.0297428
0.0297484
0.0297484
0.0297624
0.0297816
0.0298383
0.0298616
0.0300695
0.0301193
0.0301253
0.0301253
0.0301292
0.0301295
0.0301314
0.0301322
0.0301698
0.0301698
0.0301702
0.0301702
0.0301704
0.0301722
0.0301815
0.0301818
0.0301827
0.0303499
0.0305299
0.0308731
0.0308731
0.0309535
0.0310036
0.0310129
0.0310736
0.0313029
0.0313362
0.0313388
0.0313413
0.0313496
0.0317429
0.0317452
0.031936
0.0319373
0.0319373
0.0320039
0.0321183
0.0323016
0.0323027
0.0323511
0.0323856
0.0323869
0.0323869
0.0323872
0.032758
0.0328139
0.0328213
0.0328213
0.0328241
0.0328241
0.0328565
0.0328873
0.0328937
0.0329003
0.0329151
0.0329151
0.0329151
0.0329196
0.0329255
0.0329255
0.0329287
0.0329323
0.0329326
0.0329341
0.0329341
0.0329341
0.0329341
0.0329357
0.0329363
0.0329374
0.0329374
0.0329385
0.0329385
0.0329392
0.0329393
0.0329408
0.0329415
0.0329418
0.0329418
0.0329423
0.0329424
0.0329426
0.0329426
0.0329428
0.0329428
0.0329428
0.0329428
0.0329429
0.0331499
0.0331499
0.0331499
0.0331499
0.0331499
0.0331499
0.0331499
0.0331499
0.0335612
0.0335612
0.0298727
0.032943
0.032943
0.0332585
0.0332585
0.0336854
0.0336854
0.0336854
0.0336854
0.0336854
0.0336854
0.0336994
0.0336994
0.0337002
0.0337002
0.0337002
0.0337002
0.0337002
0.0337152
0.0337212
0.0337291
0.0337326
0.0337342
0.0337348
0.0337351
0.0337353
0.0337353
0.0337353
0.0337537
0.0337581
0.0337589
0.0337652
0.0337655
0.0337655
0.0338196
0.0338323
0.0338392
0.0338459
0.0338577
0.0338605
0.0338635
0.0338689
0.0338724
0.033875
0.0338824
0.0340583
0.0341384
0.0341426
0.0341457
0.0341661
0.0340756
0.034084
0.0341693
0.0341722
0.0342049
0.0342079
0.0342098
0.0342114
0.0342152
0.0342205
0.0342243
0.0342371
0.0342453
0.0342475
0.0343374
0.0343379
0.0343382
0.0343736
0.0343847
0.034391
0.0344013
0.0344018
0.0344022
0.0344102
0.0344106
0.0344155
0.0344318
0.0344323
0.0344338
0.0344385
0.0344819
0.0345051
0.0345057
0.0345341
0.0345347
0.0345351
0.0345356
0.0345402
0.0345419
0.0348385
0.0348385
0.0350089
0.0350412
0.0350412
0.0350471
0.0350471
0.0350598
0.0350598
0.03506
0.0350704
0.0350743
0.0350743
0.0350764
0.0350955
0.0351817
0.0351818
0.03521
0.0352129
0.0352172
0.035219
0.0352191
0.0352403
0.0352403
0.0352465
0.0352465
0.0352466
0.0352508
0.0353291
0.0353962
0.0354464
0.0355203
0.0355586
0.0355881
0.0356123
0.0356585
0.035694
0.0357111
0.0357157
0.0357234
0.0357371
0.0357411
0.0357411
0.035743
0.0357437
0.0357443
0.0357449
0.0357451
0.0357466
0.0357467
0.035748
0.0357485
0.0357486
0.0357486
0.0357488
0.0357491
0.0357512
0.0357549
0.0357549
0.035756
0.0357589
0.0357608
0.0357619
0.035762
0.0357633
0.0357638
0.0357641
0.0357657
0.0357677
0.0357694
0.035771
0.0357739
0.0357755
0.0357801
0.0357828
0.035787
0.0357919
0.0357944
0.0357965
0.0357989
0.0358045
0.0358141
0.0358254
0.0358363
0.0358673
0.0358886
0.0359007
0.0359457
0.0359997
0.0360374
0.0360513
0.0360434
0.0360491
0.0360521
0.0360522
0.0360522
0.0360524
0.0360537
0.0360547
0.0360547
0.0360552
0.036056
0.0360597
0.0360602
0.0360614
0.0360617
0.0360617
0.036062
0.036063
0.036063
0.0360635
0.036063
0.036063
0.036063
0.0360634
0.0360635
0.0360635
0.0360636
0.0360636
0.0360636
0.0360647
0.0360647
0.0360647
0.0360649
0.036065
0.036065
0.0360653
0.0360654
0.0360657
0.0360658
0.0360663
0.0360664
0.0360665
0.0360668
0.0360669
0.0360677
0.0360678
0.0360678
0.0360679
0.0360679
0.0360679
0.0360679
0.0360679
0.036068
0.036068
0.036068
0.0361064
0.0361064
0.0361064
0.0361073


0.019379
0.0195976
0.0203938
0.0206581
0.0207104
0.0215526
0.0215526
0.0215526
0.0220241
0.0221258
0.0229282
0.0229366
0.0237641
0.0237641
0.0237641
0.0237641
0.0242728
0.0242728
0.0242757
0.0243461
0.0246834
0.0245112
0.02456
0.0247223
0.0247608
0.0247608
0.0256246
0.0260518
0.0260955
0.0261564
0.0261585
0.0262521
0.026394
0.0264703
0.0264849
0.0265016
0.0265099
0.0265222
0.0265251
0.0265665
0.0265955
0.0266984
0.0267329
0.0267391
0.0267391
0.0267469
0.0267516
0.0267596
0.0267631
0.026776
0.0267847
0.0267857
0.0267904
0.0268027
0.0268061
0.0268072
0.0268114
0.0268116
0.026812
0.026812
0.0268127
0.0268138
0.0268138
0.0268138
0.0268138
0.026814
0.026814
0.0268141
0.0268143
0.0268143
0.0268146
0.0268146
0.0268958
0.0269081
0.0269081
0.0269291
0.0269593
0.0269593
0.0269712
0.0269888
0.0269888
0.0270143
0.0270248
0.0270279
0.0270279
0.0270301
0.0270356
0.0270503
0.0270503
0.0270539
0.0270577
0.0270629
0.0270629
0.0270652
0.0270679
0.0270679
0.0270682
0.0270682
0.0270698
0.0270698
0.0270713
0.027073
0.0270736
0.0270737
0.0270747
0.0270752
0.0270752
0.0270758
0.0270762
0.0270764
0.0270764
0.0270764
0.0270765
0.0270765
0.0270766
0.0270767
0.0270768
0.0270768
0.0270768
0.0270768
0.0270769
0.0270769
0.0270769
0.0270769
0.0270769
0.0270769
0.0270769
0.0270769
0.0270769
0.0270769
0.0270769
0.0270769
0.0270769
0.0270769
0.0270769
0.0270769
0.0270769
0.0270769
0.0270769
0.0270769
0.0270769
0.0270769
0.0270769
0.0270769
0.0270769
0.0270769
0.0270769
0.0270769
0.0270769
0.0270769
0.0270769
0.0270937
0.0270937
0.0270937
0.0271011
0.0271011
0.0271011
0.0271721
0.0272074
0.0272074
0.0272394
0.0272394
0.0272394
0.0272394
0.0272402
0.0272493
0.0272493
0.0272626
0.0272626
0.0272782
0.0272783
0.0272823
0.0272823
0.0272823
0.0272869
0.0272869
0.02729
0.0272973
0.0272973
0.0272973
0.0272979
0.027298
0.027298
0.027298
0.027298
0.0272991
0.0272991
0.0272991
0.0273001
0.0273001
0.0273001
0.0273001
0.0273002
0.0273002
0.0273002
0.0273004
0.0273004
0.0273004
0.0273004
0.0273004
0.0273004
0.0273004
0.0273004
0.0273004
0.0273004
0.0273005
0.0273005
0.0273005
0.0273005
0.0273005
0.0273005
0.0273005
0.0273005
0.0273005
0.0273005
0.0273005
0.0273005
0.0273005
0.0273005
0.0273005
0.0273005
0.0273005
0.0273005
0.0273005
0.0273005
0.0273553
0.0274318
0.0274941
0.0274941
0.0274941
0.0274949
0.0274949
0.0274961
0.0274975
0.0274975
0.0274984
0.0274984
0.0275002
0.0275014
0.0275143
0.027526
0.0275358
0.0275358
0.0275358
0.0275358
0.0275362
0.0275362
0.0275381
0.0275381
0.027539
0.0275394
0.02754
0.0275404
0.0275408
0.0275453
0.0275473
0.0275623
0.0275623
0.0275625
0.0275654
0.0275655
0.0275757
0.027576
0.0275772
0.0275772
0.0275772
0.0275885
0.0275893
0.0275893
0.0275921
0.0275921
0.0275922
0.0275979
0.027599
0.0276022
0.0276029
0.0276104
0.0276168
0.0276218
0.0276392
0.0276846
0.0277197
0.0277375
0.0277467
0.027761
0.0277885
0.0278062
0.0278201
0.0278563
0.0278604
0.0278625
0.0278694
0.0278817
0.0278943
0.0279023
0.0279034
0.0279034
0.0279035
0.0279035
0.0279036
0.0279036
0.0279039
0.027904
0.027904
0.0279042
0.0279042
0.0279042
0.0279042
0.0279042
0.0279042
0.0279042
0.0279042
0.0279042
0.0279042
0.0279043
0.0279044
0.0279044
0.0279044
0.0279044
0.0279355
0.0279355
0.0279419
0.0279419
0.0279419
0.0279419
0.0279432
0.027946
0.0279466
0.0279477
0.0279479
0.0279487
0.0279496
0.0279496
0.0279496
0.0279498
0.0279498
0.0279498
0.0279504
0.0279516
0.0279522
0.0279526
0.0279532
0.0279537
0.0279598
0.0280447
0.0280447
0.0280651
0.0281292
0.0281292
0.0281292
0.0281331
0.0281282
0.0281282
0.0281403
0.0281403
0.0281403
0.0281467
0.0281503
0.0281529
0.0281531
0.0281531
0.0281547
0.0281547
0.0281547
0.0281547
0.0281561
0.0281561
0.0281565
0.0281566
0.028157
0.0281572
0.0281573
0.0281573
0.0281581
0.0281581
0.0281602
0.028161
0.0281614
0.0281651
0.0281653
0.0281654
0.0281649
0.0281662
0.0281662
0.0281664
0.0281664
0.0281676
0.0281688
0.0281692
0.0281694
0.0281701
0.0281703
0.0281706
0.0281707
0.028171
0.028171
0.0281711
0.0281711
0.0281711
0.0281711


0.0119428
0.0121481
0.012315
0.0125355
0.0127646
0.0129616
0.0129629
0.0132637
0.0132637
0.0132898
0.0132898
0.0129655
0.0131594
0.0131662
0.0132868
0.0132868
0.0134605
0.0136511
0.0137604
0.0142712
0.0142716
0.0143874
0.0144486
0.0144963
0.0145813
0.0147019
0.0147031
0.0148512
0.0148512
0.0148621
0.0149733
0.0150278
0.0150278
0.0150971
0.0151242
0.0153012
0.0153092
0.0153698
0.0153963
0.0154792
0.0154792
0.0155225
0.0155523
0.015597
0.0156365
0.0156869
0.0156869
0.0156926
0.0157429
0.0157444
0.0157606
0.0157941
0.0157949
0.0158047
0.0158084
0.0158201
0.0158208
0.015823
0.0158239
0.0158287
0.0158287
0.0158315
0.0158334
0.0158391
0.01584
0.0158426
0.0158428
0.0158432
0.0158452
0.0158452
0.0158453
0.0158457
0.0158462
0.0158464
0.0158465
0.0158465
0.0158465
0.0158465
0.0158465
0.0158466
0.0158466
0.0158467
0.0158467
0.0158468
0.0158468
0.0158468
0.015968
0.015968
0.0160025
0.016012
0.0160332
0.0160332
0.0160332
0.016048
0.0160566
0.0160566
0.0160731
0.0160731
0.0160781
0.0160792
0.0160807
0.0160894
0.0160894
0.0160899
0.016094
0.0160953
0.0160953
0.0160953
0.0160959
0.0160973
0.0160978
0.0160978
0.0160986
0.0160986
0.0160988
0.0160989
0.016099
0.0160991
0.0160994
0.0160994
0.0161831
0.0161831
0.016241
0.016241
0.0162413
0.0162652
0.0162685
0.0162685
0.0162685
0.0162758
0.0162758
0.0162758
0.016278
0.0162871
0.0163017
0.0163135
0.0163135
0.0163135
0.0163143
0.0163143
0.0163351
0.0163286
0.0163299
0.0163671
0.0163733
0.0163733
0.0163733
0.0163774
0.0163916
0.0163916
0.0163916
0.0163919
0.016393
0.0164405
0.0164429
0.016444
0.0164442
0.0164445
0.0164642
0.0164726
0.0164748
0.0164943
0.0164947
0.0164947
0.0164999
0.0165032
0.0165033
0.0165037
0.0165077
0.0165078
0.0165078
0.0165078
0.0165088
0.0165095
0.0165106
0.0165106
0.0165134
0.0166192
0.0166192
0.0166193
0.0166193
0.0165934
0.0166013
0.0166323
0.016634
0.0167005
0.0167826
0.0167826
0.0167862
0.0167879
0.0167879
0.0168225
0.0168335
0.0168438
0.0168543
0.0168634
0.0168639
0.0168645
0.0168655
0.0168674
0.0168685
0.0168663
0.0168684
0.0168817
0.0168866
0.0168897
0.01689
0.0168919
0.0168955
0.0168955
0.0168957
0.0168956
0.0168972
0.016905
0.0169063
0.0169064
0.0169068
0.016908
0.0169081
0.0169082
0.0169087
0.0169093
0.0169097
0.0169098
0.0169106
0.0169109
0.0169109
0.0169112
0.0169113
0.0169116
0.0169116
0.0169117
0.016912
0.016912
0.016912
0.016912
0.016912
0.0169121
0.0169121
0.0169122
0.0169122
0.0169122
0.0169122
0.0169122
0.0169122
0.0169122
0.0169122
0.0169122
0.0170687
0.0170687
0.0170687
0.0170687
0.0170688
0.0170695
0.0170695
0.0170926
0.0171293
0.0171317
0.0171585
0.0171743
0.0172306
0.0172306
0.0172849
0.0172972
0.0173342
0.0173524
0.0174375
0.0174375
0.0174618
0.0174618
0.017471
0.0174995
0.0175006
0.0175006
0.0175202
0.0175204
0.0175204
0.0175348
0.0175534
0.0175534
0.0175732
0.0175732
0.01758
0.0175803
0.0175821
0.0175821
0.0175831
0.0175831
0.0175857
0.0175873
0.0175873
0.0175873
0.0175873
0.0175884
0.0175884
0.0175884
0.0175884
0.0175887
0.017589
0.017589
0.017589
0.0175891
0.0175891
0.0175891
0.0175892
0.0175892
0.0175892
0.0175892
0.0175892
0.0175893
0.0175893
0.0175893
0.0175893
0.0175893
0.0175893
0.0175893
0.0175893
0.0175893
0.0175893
0.0175893
0.0175893
0.0175893
0.0175893
0.0175893
0.0175893
0.0175893
0.0175893
0.0175893
0.0175893
0.0175893
0.0175893
0.0175893
0.0175893
0.0175893
0.0175893
0.0175893
0.0175893
0.0175893
0.0175893
0.0175893
0.0175893
0.0175893
0.0175893
0.0175893
0.0175893
0.0175893
0.0175893
0.0175893
0.0175893
0.0175893
0.0175893
0.0175893
0.0175893
0.0175893
0.0175893
0.0175893
0.0175893
0.0175893
0.0175893
0.0175893
0.0175893
0.0175893
0.0175893
0.0175893
0.0175893
0.0175893
0.0175893
0.0175893
0.0175893
0.0175893
0.0176958
0.0176883
0.0176883
0.0176977
0.0176977
0.0176977
0.0176979
0.0178079
0.0178434
0.0178434
0.0178594
0.0178617
0.0178724
0.017882
0.017882
0.017882
0.0178821
0.017884
0.017884
0.017885
0.0178858
0.0178864
0.0178869
0.017887
0.017887
0.0178872
0.0178872
0.0178872
0.0178892
0.0178892


0.016312
0.0167785
0.0169182
0.01694
0.0169815
0.0174833
0.0182248
0.0182829
0.0182829
0.0191499
0.0191499
0.0191474
0.0194473
0.0195374
0.0195374
0.0197252
0.0199223
0.0200248
0.0200248
0.0200248
0.0200248
0.0202549
0.0202598
0.0202598
0.02026
0.0204886
0.0204886
0.0205444
0.0205625
0.0205625
0.0205814
0.020603
0.0206336
0.0206714
0.0206889
0.0206889
0.0207128
0.0207332
0.0207382
0.0210842
0.0210872
0.019939
0.0213274
0.0214212
0.0214319
0.0214319
0.0214856
0.0214856
0.0214861
0.0214861
0.0214865
0.0214925
0.0215028
0.0215958
0.0216088
0.0216924
0.0217351
0.0217395
0.0217395
0.0217645
0.0217645
0.0218547
0.0218547
0.0220583
0.0220583
0.0220597
0.0221791
0.0222265
0.0222531
0.0222642
0.0223179
0.0223252
0.0223463
0.0223513
0.0223518
0.0223518
0.0226289
0.0226289
0.0226336
0.0226337
0.0226337
0.0226395
0.0226397
0.0226498
0.0226607
0.0227401
0.0227401
0.0227754
0.0230762
0.0230763
0.0232845
0.0223031
0.0226121
0.0227511
0.0229261
0.0229261
0.0229791
0.0229791
0.0230321
0.0230322
0.0230322
0.0230156
0.0231553
0.023175
0.0236406
0.0236406
0.023691
0.0237457
0.0237457
0.0237536
0.0237536
0.0238253
0.0239439
0.0240419
0.024088
0.0241187
0.0242332
0.0242332
0.0242332
0.0242332
0.0242332
0.0242809
0.0242809
0.024293
0.0243009
0.0243076
0.0243349
0.024336
0.0243496
0.0243566
0.0243566
0.0243566
0.0243574
0.0243623
0.0243631
0.0243631
0.0243631
0.0243632
0.0243632
0.0243636
0.0243636
0.0243635
0.0243637
0.0243648
0.0243654
0.0243654
0.0243656
0.0243657
0.0243657
0.0243657
0.0243657
0.0243658
0.0243659
0.0243659
0.0243659
0.0243659
0.024366
0.024366
0.024366
0.0243661
0.0243661
0.0243661
0.0243661
0.0243661
0.0243661
0.0243662
0.0243662
0.0243663
0.0243663
0.0243663
0.0243663
0.0243663
0.024379
0.0243791
0.0243791
0.0243791
0.0243791
0.0243791
0.0243791
0.0243791
0.0243791
0.0242159
0.0243663
0.0243663
0.0243709
0.0243709
0.0243709
0.0243709
0.0243709
0.0243709
0.024452
0.02448
0.024513
0.024513
0.0245136
0.0245136
0.0245193
0.0245193
0.0245193
0.0245303
0.0245538
0.0246006
0.0246102
0.0246102
0.0246118
0.0246118
0.024712
0.0247164
0.0247382
0.0247409
0.0247444
0.0241903
0.024648
0.0246498
0.0249227
0.0249227
0.0249917
0.0249935
0.0249935
0.0249962
0.0249966
0.0249691
0.0249694
0.0249694
0.0249825
0.0249904
0.0249925
0.0250028
0.0250605
0.0250605
0.0251177
0.0251058
0.0251059
0.025128
0.0251281
0.0251295
0.0251295
0.0251665
0.0251665
0.0251694
0.0251697
0.0251697
0.0251716
0.0251716
0.0251716
0.0251722
0.0251722
0.0251772
0.0251772
0.0251781
0.0251798
0.0251818
0.0251822
0.0251826
0.025183
0.025183
0.0251842
0.0251854
0.0251861
0.0251864
0.0251865
0.0251893
0.0251904
0.025193
0.0251954
0.0251972
0.0251975
0.0251978
0.025198
0.0251981
0.0251981
0.0251982
0.0251984
0.0251996
0.0251996
0.0252004
0.0252008
0.0252008
0.025201
0.0252012
0.0252012
0.0252012
0.0252012
0.0252012
0.0252012
0.0252013
0.0252013
0.0252013
0.0252014
0.0252015
0.0252015
0.0252015
0.0252015
0.0252015
0.0252015
0.0252015
0.0252015
0.0252015
0.0252015
0.0252015
0.0252015
0.0252015
0.0252015
0.0252015
0.0252015
0.0252015
0.0252015
0.0252015
0.0252015
0.0252015
0.0252015
0.0252015
0.0252015
0.0252015
0.0252015
0.0252015
0.0252015
0.0252015
0.0252015
0.0252015
0.0252015
0.0252015
0.0252015
0.0252015
0.0252015
0.0252015
0.0252015
0.0252015
0.0252015
0.0252015
0.0252015
0.0252015
0.0252015
0.0252015
0.0252015
0.0252015
0.0252015
0.0252015
0.0252015
0.0252015
0.0255339
0.0252265
0.0257417
0.0257417
0.0257508
0.0257508
0.0257508
0.0257508
0.0257508
0.0257535
0.0257909
0.0257549
0.0257827
0.0257827
0.0258265
0.0258265
0.0258265
0.0258322
0.0258322
0.0258412
0.0258412
0.0259136
0.0276575
0.0276575
0.0282601
0.0282601
0.0282601
0.0282601
0.0297814
0.0297814
0.0297814
0.0308962
0.0308962
0.0310616
0.0334748
0.0337066
0.035744
0.035744
0.0365626
0.0378815
0.0404805
0.0406447
0.040695
0.040695
0.0421595
0.0424754
0.0433311
0.0436604
0.046566
0.0468898
0.0489151
0.051525
0.0528438
0.0553475
0.0553475
0.0553475
0.0567115
0.0567115
0.0580223
0.0613102


0.0105194
0.0107174
0.0115071
0.0116444
0.0116444
0.0118452
0.0118452
0.0118566
0.0118576
0.0118576
0.0119046
0.011569
0.0118423
0.0119465
0.0119553
0.0120608
0.0120608
0.0123309
0.0123309
0.0123632
0.0123632
0.0123649
0.0123977
0.0123977
0.0126758
0.0126758
0.0128507
0.0128507
0.0130729
0.0132035
0.0133192
0.0136305
0.0136598
0.0136598
0.0138607
0.0139468
0.0139604
0.0139695
0.0140722
0.0143272
0.0143272
0.0144022
0.0144769
0.0145553
0.0145553
0.0151561
0.0151689
0.0151699
0.0151699
0.0152593
0.0152619
0.0153037
0.0153087
0.0153087
0.0155484
0.0155484
0.0155555
0.0156869
0.0156869
0.0157274
0.0157511
0.0157142
0.0157219
0.015737
0.0158063
0.0158101
0.0158431
0.0158811
0.0158833
0.0158833
0.0158833
0.0158839
0.0158936
0.0158947
0.0158958
0.015906
0.0159527
0.0159894
0.0160986
0.0163192
0.0163194
0.0163198
0.01632
0.01632
0.01632
0.01632
0.0163629
0.0163629
0.016363
0.0163752
0.0163752
0.0164003
0.0164159
0.0164299
0.0164335
0.0164542
0.0164542
0.0164777
0.0164777
0.0164777
0.016487
0.016487
0.0164962
0.0164962
0.0164962
0.0165017
0.0165067
0.0165067
0.0165331
0.0165335
0.0165335
0.0165335
0.0165335
0.016534
0.0165381
0.0165459
0.0165487
0.0165487
0.01655
0.01655
0.0165507
0.0165514
0.0165514
0.0165522
0.0165522
0.0165522
0.0165529
0.0165529
0.0165533
0.0165533
0.0168522
0.0171245
0.0171357
0.017153
0.0171746
0.0171749
0.0171751
0.0171809
0.017181
0.0171828
0.0171911
0.0171921
0.017196
0.0172051
0.0172101
0.0172156
0.0172275
0.0172282
0.0172309
0.0172314
0.017232
0.0172333
0.0172333
0.0172343
0.0172348
0.0172348
0.0172348
0.0172348
0.017235
0.017235
0.0172351
0.0172352
0.0172353
0.0172353
0.0172353
0.0172353
0.0172354
0.0172354
0.0172354
0.0172354
0.0172354
0.0172354
0.0172354
0.0172354
0.0172354
0.0172354
0.0172354
0.0172354
0.0172354
0.0172354
0.0172354
0.0172354
0.0172354
0.0172354
0.0172354
0.0172354
0.0172354
0.0172354
0.0172354
0.0172354
0.0172354
0.0172354
0.0172354
0.0172354
0.0172354
0.0172354
0.0172354
0.0172354
0.0172354
0.0172354
0.0172354
0.0172354
0.0172354
0.0172354
0.0172354
0.0172354
0.0172354
0.0172354
0.0172354
0.0172354
0.0172354
0.0172354
0.0172354
0.0172354
0.0172354
0.0172354
0.0172354
0.0172354
0.0172354
0.0172354
0.0172354
0.0172354
0.0172354
0.0172354
0.0172354
0.0172354
0.0172354
0.0172354
0.0172354
0.0172354
0.0172354
0.0172354
0.0172354
0.0172354
0.0172354
0.0172354
0.0172354
0.0172354
0.0172354
0.0172354
0.0172354
0.0172354
0.0172354
0.0172354
0.0172354
0.0172354
0.0172354
0.0172354
0.0172354
0.0172354
0.0172354
0.0172354
0.0172354
0.0172354
0.0172354
0.0172354
0.0172354
0.0172354
0.0172354
0.0172354
0.0172354
0.0172354
0.0172354
0.0172354
0.0172354
0.0172354
0.0172354
0.0172354
0.0172354
0.0172354
0.0172354
0.0172354
0.0172354
0.0172354
0.0172354
0.0172354
0.0172354
0.0172354
0.0172354
0.0172354
0.0172354
0.0172354
0.0172354
0.0172354
0.0172354
0.0172354
0.0172354
0.0172354
0.0172354
0.0172354
0.0172818
0.0173111
0.0173111
0.0173111
0.0173111
0.0173111
0.0173111
0.0173121
0.0173121
0.0173121
0.0173131
0.0173156
0.0173221
0.0173266
0.0173269
0.0173305
0.0173305
0.0173305
0.0173307
0.0173321
0.0173321
0.0173327
0.0173327
0.0173327
0.017334
0.0173364
0.0173737
0.0173737
0.0173739
0.017375
0.017375
0.0173748
0.0173754
0.0173754
0.0173756
0.0173763
0.0173776
0.0173779
0.0173779
0.0173787
0.0173787
0.0173788
0.0173788
0.0173788
0.0173788
0.0173789
0.017379
0.017379
0.0173791
0.0173791
0.0173791
0.0173792
0.0173792
0.0173792
0.0173793
0.0173795
0.0173795
0.0173796
0.0173796
0.0173796
0.0173796
0.0173796
0.0173796
0.0173796
0.0173796
0.0173796
0.0173796
0.0173796
0.0173796
0.0173796
0.0173797
0.0173797
0.0173797
0.0173797
0.0173797
0.0173797
0.0173797
0.0173797
0.0173797
0.0173797
0.0173797
0.0173797
0.0173797
0.0173797
0.0173797
0.0173797
0.0173797
0.0173797
0.0173797
0.0173797
0.0173797
0.0173797
0.0173797
0.0173797
0.0173797
0.0173797
0.0173797
0.0173797
0.0173797
0.0173797
0.0173797
0.0173797
0.0173797
0.0173797
0.0173797
0.0173797
0.0173797
0.0173797
0.0173797
0.0173797


0.0192246
0.0197189
0.0205246
0.0210313
0.0214186
0.0219604
0.0221775
0.0221775
0.0222274
0.0230328
0.0230328
0.0237098
0.0237121
0.0237121
0.0239634
0.0239652
0.0239672
0.0242868
0.0242911
0.0244129
0.0248813
0.0242163
0.0247273
0.024998
0.0250022
0.0252819
0.0252819
0.025438
0.025438
0.0261782
0.0262064
0.0265689
0.0267025
0.0267114
0.0267997
0.0268441
0.0271242
0.0271273
0.0272462
0.0272462
0.0276795
0.0274575
0.0274758
0.0274928
0.0277199
0.027749
0.0277968
0.0278756
0.0278825
0.0279237
0.0280076
0.0280088
0.0280126
0.0280286
0.0280338
0.028041
0.028045
0.0280502
0.0280502
0.0280518
0.0280591
0.0280672
0.0280704
0.0280704
0.0280727
0.0280727
0.028073
0.0280746
0.0280754
0.0280755
0.0280761
0.0280768
0.0280776
0.0280778
0.0280778
0.0280781
0.0280783
0.0280787
0.0280787
0.0280787
0.0280787
0.028079
0.0280791
0.0280793
0.0280793
0.0280793
0.0280794
0.0280794
0.0280795
0.0280795
0.0280795
0.0280796
0.0280796
0.0280796
0.0280796
0.0280796
0.0280796
0.0280796
0.0280796
0.0280796
0.0280796
0.0280796
0.0280796
0.0280796
0.0280796
0.0280796
0.0280796
0.0280796
0.0280796
0.0280796
0.0280796
0.0280796
0.0280796
0.0280796
0.0280796
0.0280796
0.0280796
0.0280796
0.0280796
0.0280796
0.0280796
0.0280796
0.0280796
0.0280796
0.0280796
0.0280796
0.0280796
0.0280796
0.0280796
0.0280796
0.0280796
0.0280796
0.0280796
0.0280796
0.0280796
0.0280796
0.0280796
0.0280796
0.0280796
0.0280796
0.0280796
0.0280796
0.0280796
0.0280796
0.0280796
0.0280796
0.0280796
0.0281932
0.0285181
0.0285181
0.0285869
0.0285869
0.0285869
0.0286902
0.0286902
0.0286902
0.0286902
0.0286902
0.0286994
0.0286994
0.0286994
0.0287389
0.0287565
0.0288197
0.0288284
0.0288535
0.0288535
0.0288614
0.0288676
0.0288781
0.0288781
0.0288781
0.0288781
0.0288781
0.0288868
0.0288868
0.0288913
0.0288913
0.0288975
0.0289001
0.0289131
0.0289112
0.0289112
0.0289117
0.0289165
0.0289165
0.0289165
0.0289169
0.0289169
0.0289176
0.0289176
0.0289179
0.028918
0.0289184
0.0289184
0.0289185
0.0289185
0.0289188
0.0289189
0.0289189
0.0289189
0.0289189
0.0289189
0.028919
0.028919
0.028919
0.0289192
0.0289192
0.0289192
0.0289192
0.0289192
0.0289192
0.0289192
0.0289192
0.0289192
0.0289192
0.0289192
0.0289192
0.0289192
0.0289193
0.0289193
0.0289193
0.0289193
0.0289193
0.0289193
0.0289193
0.0289193
0.0289193
0.0289193
0.0289193
0.0289193
0.0289193
0.0289193
0.0289193
0.0289193
0.0289193
0.0289193
0.0289193
0.0289193
0.0289193
0.0289193
0.0289193
0.0289193
0.0289193
0.0289193
0.0289193
0.0289193
0.0289193
0.0289193
0.0289193
0.0289193
0.0289193
0.0289193
0.0289193
0.0289193
0.0289193
0.0289193
0.0289193
0.0289193
0.0289193
0.0289193
0.0289193
0.0289193
0.0289193
0.0289193
0.0289193
0.0289193
0.0289193
0.0289193
0.0289193
0.0289193
0.0289193
0.0289193
0.0289193
0.0289193
0.0289193
0.0289193
0.0289193
0.0289193
0.0289193
0.0289193
0.0289378
0.029172
0.0292324
0.0292324
0.0292392
0.0292406
0.0292446
0.0292446
0.0292491
0.0292521
0.0292531
0.0292531
0.029254
0.029254
0.029254
0.0292543
0.0292547
0.0292562
0.0292562
0.0292564
0.0292565
0.0292571
0.0292573
0.0292669
0.029268
0.029268
0.029269
0.0292691
0.0292695
0.02927
0.02927
0.02927
0.0292701
0.0292704
0.0292704
0.0292706
0.0292707
0.0292707
0.0292708
0.0292708
0.0292708
0.0292708
0.0292708
0.0292708
0.0292708
0.0292709
0.029271
0.029271
0.029271
0.029271
0.029271
0.029271
0.029271
0.029271
0.029271
0.029271
0.029271
0.029271
0.029271
0.029271
0.029271
0.029271
0.029271
0.029271
0.029271
0.029271
0.029271
0.029271
0.029271
0.029271
0.029271
0.029271
0.029271
0.029271
0.029271
0.029271
0.029271
0.029271
0.029271
0.029271
0.029271
0.029271
0.029271
0.029271
0.029271
0.029271
0.029271
0.029271
0.029271
0.029271
0.029271
0.029271
0.029271
0.029271
0.029271
0.029271
0.029271
0.029271
0.029271
0.029271
0.029271
0.029271
0.029271
0.029271
0.029271
0.029271
0.029271
0.029271
0.029271
0.029271
0.029271
0.029271
0.029271
0.029271
0.029271
0.029271
0.029271
0.029271
0.029271


