0.035685
0.0369916
0.0379627
0.0386535
0.0392442
0.0392468
0.0392468
0.0395133
0.0398178
0.0399295
0.040032
0.0399434
0.040962
0.0410374
0.041202
0.0414899
0.0414899
0.042467
0.042947
0.044116
0.0448905
0.0448905
0.0454137
0.0464918
0.0465127
0.0466157
0.0466238
0.0466526
0.0467445
0.0471834
0.047735
0.047939
0.0479901
0.0480159
0.0480159
0.0480334
0.0480685
0.0484866
0.0485633
0.0486202
0.0486264
0.0488723
0.0490434
0.0490434
0.0490991
0.049149
0.0494998
0.0505655
0.0505718
0.0505784
0.0505807
0.0510797
0.0510797
0.0514019
0.0514025
0.0514488
0.0516304
0.0516374
0.0516825
0.0517606
0.0518458
0.0520731
0.0520735
0.0521126
0.0521511
0.0521867
0.0521935
0.0521935
0.0522116
0.0522221
0.0522337
0.0522337
0.0523074
0.0527845
0.0529659
0.0531151
0.0531151
0.0531163
0.0531556
0.053158
0.0533163
0.0536802
0.0536802
0.0536802
0.0536936
0.0536945
0.0536945
0.0543447
0.0543447
0.0543451
0.0543453
0.0543453
0.0543453
0.0543453
0.0543453
0.0543454
0.0543454
0.0543454
0.0543454
0.0543454
0.0543455
0.0543455
0.0543455
0.0545827
0.0545827
0.0545827
0.0545827
0.0548148
0.0548749
0.0556614
0.0556614
0.0558043
0.0558043
0.0558141
0.055818
0.0558529
0.0558646
0.0558683
0.0558723
0.0558915
0.0558918
0.0559112
0.0559281
0.0559443
0.0559764
0.0559814
0.0562368
0.0562368
0.0563102
0.056624
0.0566241
0.0568427
0.0568433
0.0569747
0.0616513
0.0616517
0.0616518
0.061652
0.0616522
0.0622079
0.062208
0.0598467
0.0603829
0.0603829
0.0737783
0.0737783
0.0737783
0.0737783
0.0757106
0.0757106
0.0757106
0.0757106
0.0757106
0.0757106
0.0757106
0.0765167
0.0787987
0.0845086
0.0845086
0.0907122
0.0998731
0.0908887
0.093048
0.0969385
0.105952
0.107256
0.107256
0.118056
0.124492
0.124492
0.138369
0.138369
0.145058
0.165652
0.165652
0.165652
0.168489
0.184907
0.188784
0.189519
0.194275
0.208844
0.211889
0.211889
0.217784
0.226603
0.228612
0.270508
0.277382
0.283519
0.307155
0.307155
0.307155
0.307155
0.310802
0.31664
0.347059
0.359664
0.359664
0.367545
0.367546
0.397922
0.397922
0.397922
0.406703
0.426902
0.46611
0.466111
0.466111
0.468912
0.468912
0.472319
0.477599
0.477599
0.491106
0.497259
0.497259
0.497812
0.497847
0.505384
0.505471
0.5076
0.515421
0.518224
0.518224
0.518604
0.520288
0.520288
0.520288
0.521138
0.521484
0.522887
0.523828
0.524213
0.524334
0.526121
0.526531
0.526531
0.526531
0.526531
0.527494
0.527494
0.529564
0.529564
0.530278
0.530333
0.530499
0.530524
0.530621
0.530621
0.530621
0.530464
0.530551
0.530622
0.530999
0.531177
0.531215
0.531316
0.531341
0.531362
0.531365
0.531585
0.531585
0.531661
0.531729
0.531763
0.531778
0.531837
0.531837
0.53194
0.53194
0.531968
0.531993
0.532027
0.532048
0.532048
0.532086
0.532086
0.532122
0.532122
0.532123
0.532128
0.532148
0.532148
0.532151
0.532151
0.532165
0.532165
0.532169
0.53217
0.53217
0.53217
0.532175
0.532181
0.532181
0.532184
0.532187
0.532216
0.53222
0.532222
0.532233
0.532243
0.532243
0.532244
0.532245
0.532246
0.532247
0.532247
0.532247
0.532248
0.532248
0.532248
0.532248
0.532249
0.532249
0.53225
0.53225
0.53225
0.53225
0.53225
0.532251
0.532251
0.532251
0.532251
0.532252
0.532252
0.532252
0.532252
0.532252
0.532252
0.532252
0.532252
0.532252
0.532252
0.532252
0.532253
0.532253
0.532253
0.532272
0.532275
0.532279
0.53228
0.53228
0.532282
0.532285
0.532288
0.532289
0.532291
0.532292
0.532293
0.532293
0.532293
0.532293
0.532293
0.532293
0.532293
0.532293
0.532293
0.532293
0.532293
0.532293
0.532293
0.532293
0.532293
0.532293
0.532293
0.532293
0.532293
0.532293
0.532293
0.532293
0.532293
0.532293
0.532293
0.532293
0.532299
0.532299
0.532299
0.532299
0.532299
0.532299
0.532299
0.532299
0.5323
0.5323
0.5323
0.5323
0.5323
0.5323
0.5323
0.5323
0.5323
0.5323
0.5323
0.5323
0.5323
0.5323
0.5323
0.5323
0.5323


0.00894135
0.00918596
0.00918596
0.00918716
0.00933082
0.00960445
0.00971724
0.00971724
0.0097183
0.0097183
0.0097183
0.0097529
0.00976178
0.00993058
0.0101942
0.0103787
0.0104492
0.0106582
0.0107445
0.0107477
0.0107806
0.0107065
0.010796
0.0108499
0.0108499
0.010987
0.011037
0.0112091
0.0116281
0.0116281
0.0116347
0.0116909
0.011807
0.0120027
0.0120053
0.0120053
0.0120432
0.0126801
0.0126801
0.0128186
0.0128186
0.0128351
0.0128612
0.0130298
0.0131056
0.0131985
0.0132035
0.0132637
0.0133266
0.0133441
0.0133637
0.0133762
0.0133942
0.0134001
0.0134044
0.0134102
0.01342
0.013423
0.013427
0.0134281
0.0134289
0.0134297
0.0134306
0.0134306
0.0134312
0.0134322
0.0134323
0.0134323
0.0134323
0.0134323
0.0134329
0.0134331
0.0134335
0.0134335
0.0134337
0.0134338
0.0134339
0.0134339
0.0134339
0.0134339
0.0134339
0.0134339
0.0134339
0.0134339
0.0134339
0.0134339
0.013434
0.013434
0.013434
0.013434
0.013434
0.013434
0.013434
0.0136896
0.0137025
0.0137025
0.0137037
0.0137037
0.0137037
0.0137052
0.0137064
0.0137058
0.0137071
0.0137074
0.0137085
0.0137085
0.0137106
0.0137127
0.0137127
0.0137127
0.013713
0.0137133
0.0137134
0.0137134
0.0137135
0.0137138
0.0137139
0.0137139
0.0137139
0.0137139
0.013714
0.013714
0.013714
0.0137141
0.0137799
0.0137799
0.0137972
0.0138866
0.0138967
0.0138967
0.0139104
0.0139127
0.0139127
0.0139127
0.0139135
0.0139135
0.0139135
0.0139135
0.0139135
0.0139135
0.0139135
0.0139135
0.0139683
0.013992
0.013992
0.0140012
0.0140012
0.0140038
0.0140038
0.0140147
0.0140671
0.0140806
0.0140806
0.0140806
0.0140806
0.0140806
0.014084
0.014084
0.014084
0.0140862
0.0140872
0.0140872
0.0140891
0.0140891
0.0140891
0.0140891
0.0140934
0.014095
0.0140955
0.0140973
0.0140973
0.0140977
0.014098
0.0140984
0.0141008
0.0141021
0.014227
0.0142398
0.0142494
0.0144332
0.0146891
0.0146915
0.0146994
0.0150924
0.0150924
0.0150941
0.0151723
0.0152449
0.0152529
0.0152529
0.0153008
0.0153062
0.0156431
0.0159088
0.0159703
0.0159703
0.0161617
0.0161617
0.0163602
0.0163638
0.0163638
0.0162211
0.0163821
0.0163829
0.0163869
0.0173663
0.0182104
0.0244529
0.0248772
0.0258913
0.0258919
0.0298095
0.0298095
0.0315007
0.0328948
0.0328964
0.0351768
0.0396866
0.0403822
0.0435319
0.0489175
0.0477694
0.0493673
0.049375
0.054136
0.0561094
0.0693682
0.0693682
0.0696288
0.0696288
0.0733921
0.0797174
0.0797177
0.08362
0.0836201
0.0842118
0.0842121
0.0870095
0.0870097
0.0874368
0.0884378
0.092184
0.0921995
0.0921996
0.095457
0.0954572
0.0988861
0.0988861
0.100084
0.10035
0.10035
0.101318
0.10143
0.10143
0.101924
0.101965
0.101965
0.102261
0.102261
0.102893
0.103106
0.103028
0.105108
0.105111
0.105111
0.105513
0.106096
0.106153
0.106153
0.106388
0.106913
0.107351
0.107351
0.107517
0.10763
0.10763
0.107802
0.107802
0.108031
0.108217
0.108308
0.108331
0.108462
0.108462
0.108519
0.108747
0.108747
0.108748
0.108748
0.108796
0.108856
0.108868
0.108869
0.108906
0.108906
0.108965
0.108965
0.108965
0.108997
0.109004
0.109004
0.109004
0.109004
0.10901
0.10901
0.109012
0.109012
0.109014
0.109016
0.109017
0.109023
0.109021
0.109025
0.109028
0.109028
0.109029
0.109029
0.109031
0.109031
0.109032
0.109032
0.109031
0.109031
0.109034
0.109034
0.109034
0.109034
0.109034
0.109034
0.109034
0.109036
0.109035
0.109036
0.109036
0.109036
0.109036
0.109037
0.109037
0.109037
0.109037
0.109037
0.109037
0.109038
0.109038
0.109038
0.109038
0.109038
0.109038
0.109038
0.109038
0.109038
0.109038
0.109038
0.109038
0.109038
0.109038
0.109038
0.109038
0.109038
0.109038
0.109038
0.109038
0.109039
0.109039
0.109039
0.109039
0.109039
0.109039
0.109039
0.109039
0.109039
0.109039
0.109039
0.109039
0.109039
0.109039
0.109039
0.109039
0.109039
0.109039
0.109039
0.109039
0.109039
0.109039
0.109039
0.109039
0.109039
0.109039
0.109039
0.109039
0.109039
0.109039
0.109039
0.109039
0.109039
0.109039
0.109039
0.109039
0.109039
0.109039


0.00912766
0.00937224
0.00957437
0.0100991
0.0103049
0.0110551
0.0110551
0.0110554
0.0110554
0.0110554
0.0114604
0.0115515
0.0115515
0.0115538
0.0119245
0.0119269
0.0122665
0.0126766
0.0126766
0.0126768
0.0128689
0.0128704
0.0128704
0.0129794
0.0129911
0.0131123
0.0132226
0.0132443
0.0132922
0.0133417
0.0133872
0.0133816
0.0134105
0.0134395
0.0134395
0.0135701
0.0135751
0.0135998
0.0136471
0.013666
0.0136774
0.0136793
0.0136824
0.0136927
0.0137018
0.0137177
0.0137259
0.0137266
0.0137389
0.0137453
0.0137489
0.013763
0.0137634
0.0137658
0.0137662
0.0137709
0.0137709
0.0137736
0.0139427
0.014019
0.0140196
0.0140202
0.0140613
0.0141036
0.0141333
0.0141644
0.0141817
0.0141818
0.0141966
0.0141977
0.0142016
0.014202
0.0145055
0.0147159
0.0147391
0.0147792
0.0147993
0.0148016
0.0148205
0.0148205
0.0148349
0.014841
0.0148413
0.0148438
0.014855
0.014889
0.0149253
0.0149273
0.0149329
0.0149582
0.0149637
0.0149653
0.0149716
0.0149717
0.0150165
0.0150549
0.0150549
0.0150756
0.015079
0.015079
0.0151107
0.0151107
0.0151402
0.0151402
0.0151452
0.0151547
0.0151571
0.0151571
0.0151576
0.0151609
0.0151637
0.0151645
0.015176
0.0151806
0.0151833
0.0151833
0.0151843
0.0151843
0.015185
0.0151862
0.0151878
0.0151878
0.0151878
0.0151878
0.0151879
0.0151882
0.0151882
0.0151883
0.0151885
0.0151885
0.0156257
0.0152097
0.0156123
0.0156123
0.015628
0.0156889
0.0156924
0.0157103
0.0157145
0.0157203
0.0157203
0.0157251
0.0157269
0.0157269
0.0157271
0.0157337
0.0157373
0.0157373
0.015738
0.015738
0.0157385
0.0157388
0.0157397
0.01574
0.0157404
0.0157404
0.0157406
0.0157406
0.0157407
0.0157409
0.0157409
0.0157409
0.0157409
0.015741
0.015741
0.015741
0.015741
0.015741
0.015741
0.015741
0.015741
0.015741
0.015741
0.0157411
0.0157411
0.0157411
0.0157411
0.0157411
0.0157411
0.0157411
0.0157411
0.0157411
0.0157411
0.0157411
0.0157411
0.0157411
0.0157411
0.0157411
0.0157411
0.0157411
0.0157411
0.0157411
0.0157411
0.0157411
0.0157411
0.0157411
0.0157411
0.0157411
0.0157411
0.0157411
0.0157411
0.0157411
0.0157411
0.0157411
0.0157411
0.0157411
0.0157411
0.0157411
0.0157411
0.0157411
0.0157411
0.0157411
0.0157411
0.0157411
0.0157411
0.0157411
0.0157411
0.0157411
0.0157411
0.0157411
0.0157411
0.0157411
0.0157411
0.0157411
0.0157411
0.0157411
0.0157411
0.0157411
0.0157411
0.0157411
0.0157411
0.0157411
0.0157411
0.0157411
0.0157411
0.0157411
0.0157411
0.0157411
0.0157411
0.0157411
0.0157411
0.0157411
0.0157411
0.0157411
0.0157411
0.0157411
0.0157411
0.0157411
0.0157411
0.0157411
0.0157411
0.0157411
0.0157411
0.0157411
0.0157411
0.0157411
0.0158102
0.0158102
0.0158107
0.0158107
0.0158107
0.0158107
0.0158107
0.0159156
0.0159156
0.0159193
0.0159193
0.0159822
0.0160855
0.0160957
0.0162228
0.0162469
0.0163305
0.0163775
0.016386
0.016386
0.0163911
0.0163957
0.0164061
0.0164061
0.0164664
0.0164664
0.0164664
0.0164664
0.0164733
0.0164733
0.0164749
0.016475
0.0164765
0.0164851
0.0164887
0.0164918
0.0164925
0.0164925
0.0164925
0.0164928
0.0164928
0.0164928
0.0164929
0.0164929
0.016493
0.016493
0.016493
0.016493
0.0164931
0.0164932
0.0164932
0.0164932
0.0164932
0.0164932
0.0164932
0.0164932
0.0164933
0.0164933
0.0164933
0.0164933
0.0164933
0.0164933
0.0164933
0.0164933
0.0164933
0.0164933
0.0164933
0.0164933
0.0164933
0.0164933
0.0164933
0.0164933
0.0164933
0.0164933
0.0164933
0.0164933
0.0164933
0.0164933
0.0164933
0.0164933
0.0164933
0.0164933
0.0164933
0.0164933
0.0164933
0.0164933
0.0164933
0.0164933
0.0164933
0.0164933
0.0164933
0.0164933
0.0164933
0.0164933
0.0164933
0.0164933
0.0164933
0.0164933
0.0164933
0.0164933
0.0164933
0.0164933
0.0164933
0.0164933
0.0164933
0.0164933
0.0164933
0.0164933
0.0164933
0.0164933
0.0164933
0.0164933
0.0164933
0.0164933
0.0164933
0.0164933
0.0164933
0.0164933
0.0164933
0.0164933
0.0164933
0.0164933
0.0164933
0.0164933
0.0164933
0.0164933
0.0164933
0.0164933
0.0164933
0.0164933
0.0164933
0.0164933
0.0164933
0.0164933
0.0164933
0.0164933
0.0164933
0.0164933
0.0164933
0.0164933
0.0164933
0.0164933
0.0164933
0.0164933


0.0118969
0.0126475
0.0127589
0.0129644
0.013405
0.013405
0.0134062
0.0136229
0.0139029
0.0140557
0.014235
0.0141869
0.0143751
0.0143751
0.0143822
0.0145436
0.0145883
0.0147721
0.0148848
0.0149049
0.0151389
0.0151389
0.0158678
0.0159639
0.0159853
0.0159873
0.0160016
0.0160602
0.0162967
0.0162967
0.016334
0.0163623
0.0164869
0.0165996
0.0166142
0.0166223
0.0166223
0.0166327
0.0166371
0.0166439
0.0166528
0.0166555
0.0166561
0.0166586
0.0166664
0.0166679
0.0166714
0.01668
0.01668
0.0166805
0.0168182
0.0168785
0.016879
0.016879
0.0169911
0.0169913
0.0170453
0.01706
0.0171255
0.0171918
0.0171918
0.0174277
0.0174277
0.0174299
0.0174755
0.0175052
0.0175081
0.0175377
0.0175386
0.0175536
0.0175652
0.0175668
0.0175747
0.0175747
0.0175792
0.0175824
0.0175927
0.0175927
0.0175947
0.0175959
0.0175975
0.0175997
0.0176002
0.0176002
0.0176007
0.0176011
0.0176011
0.0176017
0.0176019
0.0176019
0.0176019
0.0176022
0.0176024
0.0176025
0.0176026
0.0176026
0.0176129
0.0177541
0.0177541
0.0178281
0.01833
0.01833
0.01833
0.0186727
0.0186727
0.0186727
0.0186727
0.0186727
0.0186739
0.0186739
0.0187431
0.0187378
0.0187575
0.0187586
0.0187586
0.0187771
0.0189587
0.0189964
0.0189973
0.0189976
0.01907
0.0190946
0.0191103
0.0191118
0.0191144
0.0191172
0.0191226
0.0191327
0.0191349
0.0191393
0.0191505
0.0191621
0.0191674
0.0191735
0.0191783
0.0191815
0.0191815
0.0191815
0.0191825
0.019185
0.0191851
0.0191858
0.0191874
0.0191915
0.019193
0.019193
0.0191936
0.0191938
0.0191938
0.0191939
0.0191939
0.0191941
0.0191946
0.0191946
0.0191946
0.0191946
0.0191947
0.0191947
0.0191948
0.019195
0.019195
0.019195
0.019195
0.019195
0.0191951
0.0191951
0.0191951
0.0191952
0.0191952
0.0191953
0.0191953
0.0191953
0.0191953
0.0191953
0.0191953
0.0191953
0.0191953
0.0191953
0.0191953
0.0191953
0.0191953
0.0191953
0.0191953
0.0191953
0.0191953
0.0191953
0.0191953
0.0191953
0.0191953
0.0191953
0.0191953
0.0192062
0.0192165
0.0192165
0.0192165
0.0192215
0.0192215
0.0192215
0.0192342
0.0192342
0.0192365
0.0192365
0.0192365
0.0192391
0.0192392
0.0192411
0.0192411
0.0192424
0.0192459
0.0192465
0.0192465
0.0192458
0.0192463
0.0192489
0.01925
0.0192672
0.0192719
0.0192813
0.0196723
0.0197035
0.0197441
0.0198901
0.0198901
0.0198907
0.0198907
0.0200464
0.0200464
0.0200464
0.0200464
0.0200688
0.0200688
0.020075
0.020077
0.0200861
0.0201059
0.0201059
0.0201433
0.0201471
0.0201519
0.0201582
0.0201733
0.0201733
0.0201815
0.0201815
0.0201838
0.0201848
0.0201851
0.0201864
0.0201891
0.0201911
0.0201918
0.020196
0.0202022
0.0202113
0.0202159
0.0202189
0.0202249
0.0202419
0.0202484
0.0202577
0.0202608
0.0202601
0.0202619
0.0202621
0.020263
0.0202634
0.0202634
0.0202649
0.020265
0.0202651
0.0202653
0.0202656
0.0202657
0.020266
0.0202664
0.0202665
0.0202665
0.0202668
0.020267
0.020267
0.020267
0.0202671
0.0202671
0.0202671
0.0202673
0.0202673
0.0202673
0.0202673
0.0202673
0.0202673
0.0202674
0.0202677
0.0202677
0.0202681
0.0202684
0.0205156
0.0205156
0.0205156
0.0205156
0.0205156
0.0205156
0.0202704
0.0202706
0.0202708
0.0202723
0.020543
0.020543
0.020543
0.020543
0.020543
0.020543
0.0205307
0.020666
0.0209445
0.0209445
0.0209445
0.0210502
0.0210502
0.0211637
0.0211644
0.0223641
0.0223641
0.0223641
0.0235552
0.0242386
0.0253769
0.0256871
0.0261958
0.0293234
0.0293234
0.0293234
0.0301515
0.0301515
0.0301515
0.0303877
0.0303877
0.0314048
0.0314048
0.0314048
0.0314048
0.0314514
0.031362
0.031362
0.0332629
0.0345041
0.0351549
0.0351549
0.0351549
0.0356893
0.0356893
0.0376764
0.0391657
0.0391657
0.0391657
0.0398644
0.0403966
0.0405341
0.0405728
0.0405853
0.0405899
0.0409266
0.0452651
0.0452651
0.0486666
0.0512337
0.0513997
0.0563617
0.0563617
0.0566206
0.0636767
0.064507
0.063823
0.06421
0.065398
0.065398
0.065398
0.0693442
0.0693442
0.0842266
0.0842266
0.0842266
0.0811758
0.0887274
0.0934557
0.0936546
0.0946422
0.096682
0.0989383
0.10005
0.10081
0.101227
0.102322
0.124812
0.127249
0.127249
0.136029
0.145496
0.148973
0.150276
0.150782


0.0191792
0.0196066
0.0199405
0.0202543
0.0210073
0.0210073
0.0211783
0.0211783
0.0211783
0.0211783
0.0211783
0.0220253
0.0220253
0.0220253
0.0220253
0.0220253
0.0220253
0.0220327
0.0220327
0.0220327
0.0225438
0.0225438
0.022552
0.0226433
0.0226433
0.0226433
0.0226529
0.0226529
0.0226926
0.0226996
0.0226996
0.0230983
0.0234536
0.0236099
0.0238288
0.0238288
0.0238387
0.0238387
0.0238656
0.0246511
0.0246511
0.0246793
0.0246793
0.0246793
0.0247583
0.0248022
0.0248022
0.0248045
0.0248889
0.0250067
0.0250067
0.0251654
0.0251844
0.0252483
0.0252593
0.0253995
0.0255038
0.0255474
0.0255904
0.0257204
0.0257204
0.0257207
0.0257776
0.0257917
0.0258231
0.0258409
0.025846
0.0258849
0.025959
0.0259873
0.0259873
0.0259967
0.0260112
0.0260139
0.0260288
0.0260288
0.0260288
0.02606
0.02606
0.0260601
0.0260804
0.0260807
0.0262552
0.0262561
0.0262561
0.0262563
0.0262563
0.0263274
0.026328
0.0263281
0.0264091
0.0264092
0.0265173
0.0265173
0.0265176
0.0265177
0.0265177
0.0265177
0.0265747
0.026577
0.026577
0.0265777
0.0265778
0.0265778
0.0266127
0.0266157
0.0266157
0.0266157
0.0266183
0.0266206
0.0266339
0.0266339
0.0266339
0.0266666
0.0266666
0.0266713
0.0266713
0.0266824
0.0266824
0.0267104
0.0267104
0.0267209
0.0267294
0.0267294
0.0267294
0.0267315
0.0267315
0.0267417
0.0267418
0.0267418
0.0268512
0.0269789
0.0269869
0.0270023
0.0270416
0.0270416
0.0270601
0.0273418
0.0273432
0.0274088
0.0274308
0.0274171
0.0274176
0.027443
0.0274432
0.0274487
0.0274496
0.0274497
0.0274744
0.0274763
0.0274939
0.027492
0.0275119
0.0275119
0.0282752
0.0282753
0.0282753
0.0282753
0.0282753
0.0282753
0.0282753
0.022892
0.0275278
0.0275294
0.0275294
0.0275294
0.0275295
0.02753
0.0275303
0.0275781
0.0275783
0.0275787
0.0275863
0.0275974
0.0276035
0.0276388
0.0276463
0.0276464
0.0276466
0.0276499
0.0276501
0.0276515
0.0276515
0.0276523
0.0277325
0.0278016
0.0280027
0.0280128
0.0280509
0.028069
0.0280888
0.0280922
0.0281043
0.0281227
0.0281543
0.0281667
0.0281791
0.0281846
0.0281939
0.0282036
0.0282213
0.0283073
0.0283073
0.0283165
0.0283165
0.0283177
0.0287784
0.0287784
0.0287823
0.0287839
0.0287841
0.0288432
0.0288432
0.028882
0.028882
0.0288898
0.0289374
0.028938
0.028938
0.0289633
0.0289707
0.0289707
0.0289748
0.0289748
0.0289749
0.0289774
0.0289918
0.0289962
0.0289962
0.0289964
0.0290014
0.0290076
0.0290107
0.0290123
0.0290152
0.0290175
0.0290999
0.0291094
0.0291872
0.0292216
0.0292783
0.0293298
0.0293848
0.0294354
0.0297397
0.0298013
0.0298013
0.0298079
0.0298326
0.0299461
0.0300237
0.0300472
0.0301331
0.0301331
0.0302711
0.0302732
0.0303477
0.0303479
0.0304376
0.0304389
0.0304882
0.0301636
0.0304276
0.0305
0.0306618
0.0306676
0.0307412
0.0307535
0.0307604
0.0307625
0.0307925
0.0308126
0.0308978
0.0310531
0.0312901
0.0312917
0.0312917
0.0313121
0.0313278
0.0314432
0.0314432
0.0314887
0.0315015
0.0315071
0.0315298
0.0315298
0.0315355
0.0315355
0.0315364
0.0315364
0.0315364
0.0315531
0.0315636
0.0315636
0.0315636
0.0315839
0.0315839
0.0315839
0.0315874
0.0315874
0.0315883
0.0315883
0.0315885
0.0315894
0.0315894
0.0315894
0.0315906
0.0315906
0.0315911
0.031592
0.0315921
0.0315922
0.0315926
0.0315926
0.0315927
0.0315928
0.0315928
0.0315928
0.0315928
0.0315929
0.0315929
0.0315929
0.0315931
0.0315932
0.0315932
0.0315932
0.0315932
0.0315932
0.0315932
0.0315933
0.0315933
0.0315933
0.0315933
0.0315933
0.0315933
0.0315933
0.0315933
0.0315933
0.0315933
0.0315933
0.0315933
0.0315933
0.0315933
0.0315933
0.0315933
0.0315933
0.0315933
0.0315933
0.0315933
0.0315933
0.0315933
0.0315933
0.0315933
0.0315933
0.0315933
0.0315933
0.0315933
0.0315933
0.0315933
0.0315933
0.0315933
0.0315933
0.0315933
0.0315933
0.0315933
0.0315933
0.0315933
0.0315933
0.0315933
0.0315933
0.0315933
0.0315933
0.0315933
0.0315933
0.0315933
0.0315933
0.0315933
0.0315933
0.0315933
0.0315933
0.0315933
0.0315933
0.0315933
0.0315933
0.0315933
0.0315933
0.0315933
0.0315933
0.0315933
0.0315933
0.0315933
0.0315933
0.0315933
0.0315933
0.0315933
0.0315933
0.0315933
0.0315933
0.0315933
0.0315933


0.0134996
0.0135356
0.014248
0.0142711
0.0145212
0.0145212
0.0145212
0.0154154
0.0154154
0.0154154
0.0158913
0.0160068
0.0160068
0.0160284
0.0163676
0.0163676
0.0167821
0.0173902
0.0173902
0.0176685
0.017958
0.0170911
0.017893
0.0179411
0.018048
0.0182197
0.0185557
0.0185557
0.0193502
0.0193502
0.0193648
0.019385
0.0195034
0.0195918
0.0197391
0.019837
0.0199524
0.0201396
0.0201396
0.0203271
0.0203271
0.0203369
0.0203369
0.0204493
0.020467
0.0204702
0.0204818
0.0205156
0.0206403
0.0206458
0.0206852
0.0206774
0.0207171
0.020726
0.0207263
0.0207293
0.0207406
0.0207487
0.0208124
0.0208124
0.0208167
0.0199639
0.0207784
0.0207826
0.0207886
0.0207886
0.0207944
0.0207945
0.0207966
0.0207976
0.0207995
0.0207996
0.0208004
0.0208011
0.0208017
0.0208017
0.0208018
0.0209396
0.047516
0.0475162
0.0478713
0.0478715
0.0508365
0.0513837
0.052929
0.052929
0.0590822
0.0593349
0.0658925
0.0658925
0.0710142
0.0705596
0.0708403
0.0714795
0.0796118
0.0826492
0.100234
0.11627
0.129575
0.129575
0.129575
0.133253
0.149301
0.15422
0.15422
0.17927
0.17927
0.181132
0.181132
0.190453
0.190453
0.209965
0.214304
0.215263
0.21615
0.217037
0.217283
0.217283
0.219258
0.220071
0.222919
0.22387
0.228726
0.230299
0.23137
0.231414
0.233335
0.234415
0.234466
0.235357
0.236235
0.238348
0.239036
0.239039
0.239213
0.239625
0.240388
0.240389
0.240399
0.240594
0.241563
0.241595
0.241698
0.24259
0.243099
0.243209
0.243233
0.244128
0.244228
0.244228
0.244486
0.244965
0.244965
0.245015
0.245115
0.245182
0.245422
0.245422
0.245443
0.245459
0.245561
0.245592
0.2457
0.2457
0.245731
0.24582
0.245862
0.246028
0.24603
0.24603
0.246031
0.246085
0.246086
0.246122
0.246122
0.246156
0.246158
0.246177
0.246177
0.246177
0.24618
0.246217
0.246288
0.246303
0.246365
0.246394
0.246397
0.246453
0.246469
0.246469
0.246487
0.246492
0.246494
0.246496
0.246511
0.246512
0.246515
0.246516
0.246528
0.246528
0.246534
0.246542
0.246667
0.246694
0.246872
0.246872
0.246966
0.246991
0.246991
0.246991
0.246993
0.247
0.247
0.247015
0.247033
0.247033
0.247033
0.247044
0.24705
0.247052
0.247056
0.247056
0.247059
0.24706
0.247061
0.247061
0.247062
0.247063
0.247063
0.247063
0.247063
0.247063
0.247064
0.247065
0.247066
0.247067
0.247068
0.247068
0.24707
0.24707
0.247071
0.247072
0.247073
0.247073
0.247074
0.247074
0.247075
0.247075
0.247075
0.247075
0.247076
0.247076
0.247077
0.247077
0.247077
0.247077
0.247077
0.247077
0.247078
0.247078
0.247078
0.247078
0.247078
0.247078
0.247078
0.247079
0.247079
0.247079
0.247079
0.247079
0.24708
0.24708
0.24708
0.24708
0.24708
0.24708
0.247081
0.247081
0.247081
0.247081
0.247081
0.247081
0.247081
0.247081
0.247081
0.247081
0.247081
0.247081
0.247081
0.247081
0.247081
0.247081
0.247081
0.247081
0.247081
0.247081
0.247081
0.247081
0.247081
0.247081
0.247081
0.247081
0.247081
0.247081
0.247081
0.247081
0.247081
0.247081
0.247081
0.247081
0.247081
0.247081
0.247081
0.247082
0.247082
0.247082
0.247082
0.247082
0.247082
0.247082
0.247082
0.247082
0.247082
0.247082
0.247082
0.247082
0.247082
0.247082
0.247082
0.247082
0.247082
0.247082
0.247082
0.247082
0.247082
0.247082
0.247082
0.247082
0.247082
0.247082
0.247082
0.247082
0.247082
0.247082
0.247082
0.247082
0.247082
0.247082
0.247082
0.247082
0.247082
0.247082
0.247082
0.247082
0.247082
0.247082
0.247082
0.247082
0.247082
0.247082
0.247082
0.247082
0.247082
0.247082
0.247082
0.247082
0.247082
0.247082
0.247082
0.247082
0.247082
0.247082
0.247082
0.247082
0.247082
0.247082
0.247082
0.247082
0.247082
0.247082
0.247082
0.247082
0.247082
0.247082
0.247082
0.247082
0.247082
0.247082
0.247082
0.247082
0.247082
0.247082
0.247082
0.247082
0.247082
0.247082
0.247082
0.247082
0.247082
0.247082


0.0113067
0.0120176
0.0121089
0.0121089
0.0121089
0.0122492
0.0122492
0.012556
0.0129303
0.0129303
0.013106
0.0131207
0.0138407
0.0140536
0.0140536
0.0140551
0.0141282
0.0142444
0.0142444
0.0145477
0.0145477
0.0144785
0.0144933
0.0147035
0.0147872
0.014915
0.0150104
0.0150127
0.0151368
0.0153053
0.0154741
0.0154741
0.0154804
0.0154859
0.0155112
0.0155176
0.0155453
0.0155961
0.0155993
0.0156311
0.0156341
0.0156924
0.0157043
0.0157068
0.0157317
0.015737
0.015738
0.0157482
0.0157482
0.0157527
0.0157536
0.0157735
0.0158332
0.0158473
0.0158473
0.0158475
0.0158493
0.0158493
0.0158496
0.0158516
0.0158551
0.0158546
0.0158547
0.0158547
0.0158618
0.0158618
0.015864
0.015864
0.0158642
0.0158644
0.0158653
0.0158663
0.0158663
0.0158663
0.0158669
0.0158669
0.0158675
0.0159404
0.0159405
0.0159405
0.0159407
0.0159962
0.0160271
0.0160271
0.0160272
0.0160622
0.0161518
0.0161518
0.016189
0.0161963
0.0161963
0.0161963
0.0162344
0.016279
0.0162992
0.0163128
0.0163622
0.0163622
0.0163836
0.0163967
0.0163967
0.0164529
0.0164529
0.0164714
0.016476
0.0164778
0.0164778
0.0165587
0.0165587
0.0165598
0.0165598
0.0165598
0.0165646
0.016569
0.0165718
0.0165718
0.0165723
0.0166651
0.0166672
0.0166678
0.0166695
0.0166695
0.0166698
0.0166704
0.0166704
0.016671
0.016671
0.016671
0.0166711
0.0166715
0.0166715
0.0166716
0.0168044
0.0168047
0.0168047
0.0168047
0.0168192
0.0168192
0.0168192
0.0168321
0.0168347
0.0169438
0.0169449
0.0169449
0.016945
0.016945
0.0169485
0.0169494
0.0170734
0.0170734
0.0170734
0.0171119
0.0171119
0.0171204
0.0171337
0.0171337
0.0171337
0.0171337
0.0171431
0.0171438
0.0171438
0.017147
0.0171486
0.0171486
0.0171514
0.0171527
0.0171527
0.0171559
0.0171562
0.0171562
0.0171646
0.0171695
0.0171751
0.0171751
0.0171761
0.0172794
0.0172803
0.0172811
0.0172815
0.0172816
0.0172816
0.0172821
0.0172821
0.0172826
0.0172826
0.0172826
0.0172826
0.0172827
0.0173479
0.0173988
0.0173988
0.0173988
0.0173989
0.017399
0.017399
0.017399
0.0174504
0.0174504
0.0174504
0.0174504
0.0174504
0.0170302
0.0172136
0.0172136
0.0173198
0.0173198
0.0173198
0.0173198
0.0173198
0.0173198
0.0173198
0.0170333
0.0172528
0.0172528
0.017264
0.017264
0.0172673
0.0172673
0.0172686
0.0172686
0.0172686
0.0172696
0.0174712
0.0175051
0.0175051
0.0175051
0.0175743
0.0175743
0.0175751
0.0175751
0.0175751
0.0175751
0.0175751
0.0175751
0.0175773
0.0177416
0.0177416
0.0177416
0.0177416
0.017757
0.0177686
0.0177941
0.0177941
0.0178617
0.0178698
0.0178698
0.0178918
0.0178918
0.0178991
0.0179005
0.0179005
0.0179053
0.0179061
0.017931
0.017939
0.0179499
0.0179792
0.0179866
0.0180038
0.0180164
0.0180286
0.0180473
0.0180628
0.0180806
0.0180965
0.0181271
0.0181395
0.0181518
0.0181565
0.018249
0.018249
0.0182264
0.018239
0.018239
0.0182534
0.0182534
0.0182542
0.0182542
0.0182602
0.018276
0.0182796
0.0182807
0.0182807
0.0182831
0.0182971
0.0183029
0.0183104
0.018331
0.0183961
0.0183981
0.0183981
0.0183937
0.0184003
0.0184003
0.0184011
0.0184053
0.0184053
0.0184118
0.0184118
0.0184127
0.0184192
0.0184229
0.0184247
0.0184301
0.0184336
0.0184363
0.0184363
0.0184415
0.0184415
0.018444
0.0184446
0.0184464
0.0184469
0.0184479
0.0184479
0.0184482
0.0184488
0.0184497
0.0184508
0.0184508
0.0184508
0.0184513
0.0184542
0.0184546
0.0184561
0.0184569
0.0184573
0.0184574
0.0184579
0.0184588
0.0184595
0.0184595
0.0184596
0.0184596
0.0184598
0.0184603
0.0184604
0.0184604
0.0184606
0.0184607
0.0184607
0.0184607
0.0184608
0.0184608
0.0184608
0.0184608
0.018461
0.018461
0.018461
0.018461
0.018461
0.0184611
0.0184611
0.0184611
0.0184611
0.0184611
0.0184611
0.0184611
0.0184611
0.0184611
0.0184611
0.0184611
0.0184611
0.0184612
0.0184612
0.0184612
0.0184612
0.0184613
0.0184613
0.0184613
0.0184614
0.0184614
0.0184614
0.0184614
0.0184614
0.0184614
0.0184614
0.0184614
0.0184614
0.0184614
0.0184614
0.0184614
0.0184614
0.0184614
0.0184614
0.0184614
0.0184614
0.0184614
0.0184614
0.0184614
0.0184614
0.0184614
0.0184614
0.0184614
0.0184614
0.0184614
0.0184614
0.0184614
0.0184614
0.0184614


0.013701
0.0144585
0.0144644
0.0144644
0.0145041
0.0145974
0.0148399
0.0149789
0.0149789
0.0149809
0.0149824
0.0156655
0.0156655
0.0156655
0.0156952
0.0157016
0.0157016
0.0158268
0.016008
0.0160934
0.0160949
0.0143334
0.0157485
0.0158623
0.0160842
0.0163682
0.0163682
0.0165309
0.0165309
0.0165328
0.0174586
0.0174586
0.017593
0.017593
0.0175984
0.0176471
0.0177595
0.0177595
0.0177615
0.0177986
0.0178023
0.0178696
0.0178781
0.0180367
0.0180367
0.0180389
0.0181315
0.0181315
0.0181315
0.0184784
0.0185718
0.0185718
0.0186362
0.0186362
0.0186528
0.018674
0.0188352
0.0188551
0.0190517
0.0191046
0.0191493
0.0191493
0.0191827
0.0193064
0.0193064
0.0193661
0.0194478
0.0194478
0.0194538
0.0194616
0.0194861
0.019491
0.0195049
0.0195223
0.0195294
0.0195343
0.019543
0.0195447
0.0195447
0.0196722
0.0197037
0.0197037
0.0197037
0.0197306
0.0197866
0.0198024
0.0198051
0.0198053
0.0198053
0.0198073
0.0198083
0.0198101
0.0198104
0.0198109
0.0198109
0.0198111
0.0198111
0.0198118
0.0198118
0.0198118
0.0198118
0.0198119
0.019812
0.019812
0.019812
0.019812
0.019812
0.019812
0.019812
0.0198121
0.0198121
0.0198121
0.0198121
0.0198121
0.0198121
0.0198121
0.0198121
0.0198121
0.0198121
0.0198121
0.0198121
0.0198121
0.0198121
0.0198122
0.0198122
0.0202724
0.0202724
0.0202724
0.0202724
0.0202724
0.0202724
0.0202724
0.0202724
0.0202724
0.0202724
0.0202724
0.0206046
0.0206046
0.0206046
0.020674
0.020674
0.020674
0.020674
0.020674
0.020674
0.020674
0.020674
0.020674
0.020674
0.0206882
0.0206882
0.0204632
0.0206186
0.0207666
0.0208081
0.0208175
0.0208182
0.0208182
0.0208182
0.0208203
0.0208228
0.0208241
0.0208248
0.0208251
0.0208253
0.0208254
0.0208255
0.0208255
0.0208255
0.0208255
0.0208615
0.0208615
0.0208615
0.0210487
0.0210487
0.0210487
0.0210857
0.0210857
0.0210857
0.0210857
0.0210857
0.0210857
0.0210857
0.0210878
0.0211192
0.0212917
0.0213525
0.0213525
0.0213525
0.0214125
0.0214125
0.0214307
0.0214607
0.0215951
0.0217661
0.0219073
0.0219397
0.0219405
0.0219603
0.0219825
0.022125
0.0221263
0.022129
0.0221302
0.0221307
0.022131
0.0221488
0.0221711
0.0222012
0.0222168
0.022236
0.0222433
0.0222584
0.0222819
0.0222819
0.0222819
0.0223048
0.0223124
0.0223285
0.0223437
0.0223462
0.0223785
0.0223917
0.022397
0.0224102
0.0224137
0.0224193
0.0224364
0.0230275
0.0230275
0.0230277
0.0214066
0.0226915
0.0229236
0.0230521
0.0230529
0.0230529
0.0230531
0.0230601
0.0230611
0.0230611
0.0230611
0.023062
0.0230767
0.0230767
0.023077
0.023077
0.023077
0.0230771
0.0230773
0.0230774
0.0230775
0.0230776
0.023078
0.0230789
0.0230796
0.02308
0.0230861
0.0230868
0.0230893
0.0230894
0.0231076
0.0231511
0.0231515
0.0231596
0.0231598
0.0231683
0.0231783
0.0231935
0.0232131
0.0232137
0.023226
0.0232262
0.0232264
0.0232265
0.0232267
0.0232279
0.0232282
0.0232318
0.0232348
0.0232396
0.0232431
0.0232448
0.0232465
0.0232552
0.0232688
0.0232784
0.0232862
0.023291
0.0233022
0.0233071
0.023306
0.023306
0.023306
0.0233067
0.0233082
0.0233114
0.023312
0.0233121
0.0233124
0.0233125
0.0233127
0.0233155
0.0233161
0.0233182
0.0233183
0.0233185
0.0233185
0.0233186
0.0233187
0.0233229
0.0233229
0.023323
0.0233235
0.0233237
0.0233237
0.023324
0.0233241
0.0233242
0.0233242
0.0233256
0.023326
0.023326
0.023326
0.0233263
0.0233263
0.0233263
0.0233274
0.0233279
0.023328
0.0233281
0.023328
0.0233282
0.0233282
0.0233283
0.0233283
0.0233283
0.0233286
0.0233286
0.0233288
0.0233288
0.0233288
0.0233288
0.0233288
0.0233288
0.0233455
0.0233455
0.0233458
0.0233476
0.0233476
0.0233476
0.0233477
0.0233502
0.0233502
0.0233502
0.0233502
0.0233504
0.0233504
0.0233507
0.023351
0.0233528
0.0233542
0.0233569
0.0233569
0.0233569
0.0233572
0.0233572
0.0233597
0.0233598
0.0233598
0.02336
0.0233602
0.0233602
0.0233602
0.0233605
0.0233608
0.0233611
0.0233612
0.0233613
0.0233614
0.0233617
0.0233618
0.0233618
0.0233619
0.0233619
0.0233619
0.0233619
0.0233622
0.0233622
0.0233626
0.0233626
0.0233626
0.0233627
0.0233627
0.0233627
0.0233627
0.0233627
0.0233627
0.0233627
0.0233627


0.00933075
0.00952597
0.00984231
0.0103449
0.0103449
0.0105812
0.0105812
0.0105812
0.0106045
0.0107138
0.0107138
0.0107324
0.0107324
0.01074
0.0107775
0.0107775
0.0117036
0.0117036
0.0117087
0.0117198
0.0119608
0.0118672
0.0120444
0.0120444
0.0120444
0.0122381
0.0122381
0.0122753
0.0123655
0.0123655
0.0124003
0.0129359
0.0129359
0.0129367
0.0130465
0.0131834
0.0132263
0.0132702
0.0133279
0.0133807
0.0134043
0.0134243
0.0134329
0.0134421
0.0135243
0.0135568
0.0135568
0.0135568
0.0135569
0.0137285
0.0140686
0.0140108
0.0141613
0.0141613
0.0141661
0.0142287
0.0142287
0.0142462
0.0142631
0.0142631
0.0143054
0.0143917
0.0144089
0.0144108
0.0144108
0.0144268
0.0144268
0.0144424
0.0144521
0.0144548
0.0144593
0.0144813
0.0144832
0.0144971
0.014498
0.0145092
0.0145092
0.0145568
0.014557
0.0146468
0.0146773
0.0146782
0.0146998
0.0146998
0.0146998
0.0147001
0.0147087
0.0148598
0.0148599
0.0149457
0.0154167
0.0154167
0.0154167
0.0154167
0.0154167
0.0154282
0.0154282
0.0154468
0.0154468
0.0154509
0.015473
0.0154619
0.0154619
0.0154675
0.0154675
0.0154774
0.0154774
0.0154774
0.0155091
0.0155091
0.0155307
0.0155351
0.0155365
0.0155403
0.0155407
0.0155409
0.0155409
0.0155409
0.0155429
0.0155445
0.0155445
0.0155445
0.0155445
0.0155445
0.0155445
0.0155454
0.0155478
0.0155603
0.0155633
0.0155644
0.0155703
0.0155703
0.015571
0.0155711
0.0155711
0.0155715
0.015574
0.0155749
0.0155779
0.0155787
0.0155792
0.0155794
0.0155794
0.01558
0.0155801
0.0155803
0.0155803
0.0155803
0.0155807
0.0155809
0.0155809
0.015581
0.015581
0.0155811
0.0155811
0.0155811
0.0155811
0.0155811
0.0155811
0.0155811
0.0155811
0.0155812
0.0155812
0.0155812
0.0155812
0.0155812
0.0155812
0.0155812
0.0155812
0.0155812
0.0155812
0.0155812
0.0155812
0.0155812
0.0155812
0.0156828
0.0158433
0.0158433
0.0158433
0.0158433
0.0158433
0.0158861
0.0158979
0.0159108
0.0159878
0.0160245
0.0160275
0.0160316
0.0160584
0.0160678
0.0160706
0.0161066
0.0161066
0.0161262
0.0161507
0.0161653
0.0161653
0.0161653
0.0161826
0.0161826
0.0161826
0.0161841
0.0161841
0.0161844
0.0161888
0.0161939
0.0161967
0.0162068
0.0162068
0.0162068
0.0162083
0.0162083
0.0162108
0.0162108
0.0162108
0.0162108
0.0162108
0.0162109
0.0162109
0.016211
0.016211
0.016211
0.0162129
0.0162148
0.0162248
0.0162248
0.0162262
0.0162272
0.0162272
0.0162272
0.0162281
0.0162289
0.0162289
0.0162289
0.0162291
0.0162291
0.0162291
0.0162294
0.0162295
0.0162295
0.0162299
0.0162299
0.01623
0.01623
0.01623
0.01623
0.0162301
0.017265
0.0172814
0.0172814
0.0172814
0.0180763
0.0255576
0.0300765
0.0331625
0.0404694
0.0404694
0.044453
0.0463322
0.050407
0.050407
0.0601865
0.0601865
0.0601865
0.0661615
0.0661615
0.0661615
0.076831
0.0791532
0.083891
0.083891
0.0972258
0.106477
0.110052
0.110052
0.111442
0.130343
0.130343
0.138099
0.156169
0.159912
0.168032
0.168032
0.169239
0.175956
0.182259
0.183841
0.183841
0.20485
0.20485
0.210535
0.201513
0.224636
0.224636
0.228375
0.255988
0.255988
0.258914
0.260044
0.260044
0.260044
0.296592
0.299018
0.299018
0.315993
0.315993
0.324777
0.343895
0.358438
0.358438
0.359277
0.341401
0.341401
0.345053
0.353352
0.36555
0.36555
0.378616
0.38262
0.38262
0.386281
0.386003
0.386003
0.39305
0.39305
0.396157
0.396157
0.402714
0.402714
0.418539
0.418539
0.413151
0.415976
0.415976
0.427162
0.427162
0.429098
0.431229
0.434325
0.43828
0.442871
0.444628
0.444628
0.446144
0.446144
0.446144
0.447864
0.447864
0.448994
0.450394
0.450394
0.451064
0.451302
0.451508
0.45173
0.452327
0.452327
0.453315
0.453315
0.453315
0.453902
0.453061
0.453061
0.453104
0.453201
0.453201
0.453372
0.453506
0.453506
0.453508
0.453931
0.45394
0.454402
0.454406
0.454512
0.454998
0.454998
0.454998
0.455049
0.455263
0.455263
0.455258
0.455258
0.455258
0.455268
0.455268
0.45529
0.45529
0.455312
0.455315
0.455357
0.45538
0.455424
0.455424
0.455469
0.455492
0.455492
0.455492
0.455525
0.455532


0.0122862
0.0132294
0.0133545
0.013471
0.0136566
0.0138261
0.0138261
0.0138261
0.0138261
0.0138261
0.0141579
0.0139283
0.0144135
0.0149761
0.0149761
0.0149781
0.0149781
0.0149873
0.0149882
0.015054
0.015054
0.0152365
0.0152365
0.0152608
0.0152719
0.0152875
0.0154048
0.015491
0.0155685
0.0155685
0.015583
0.015704
0.0157965
0.0158644
0.0159911
0.0159911
0.0163469
0.0163637
0.0169278
0.0169278
0.016929
0.016929
0.0169328
0.0171505
0.0171605
0.0173606
0.0173944
0.0174605
0.0175277
0.0177254
0.0177256
0.0177082
0.0177398
0.0177707
0.0177708
0.0177711
0.0177713
0.0177829
0.0177829
0.0177891
0.0177929
0.017799
0.0178008
0.0178009
0.0178017
0.0178036
0.0178036
0.0178135
0.0178135
0.0178176
0.0178237
0.0178313
0.0178313
0.0178325
0.0178328
0.0178364
0.0178364
0.0178364
0.0178365
0.0178366
0.0178374
0.0178373
0.0178373
0.0178378
0.0178381
0.0178383
0.0178383
0.0178383
0.0178383
0.0178383
0.0178384
0.0178384
0.0178384
0.0178384
0.0178384
0.0178384
0.0178384
0.0178384
0.0178384
0.0178384
0.0178384
0.0178384
0.0178384
0.0178384
0.0178384
0.0178384
0.0178384
0.0178384
0.0183712
0.0184143
0.0184143
0.0184537
0.0184537
0.0184719
0.0184765
0.0184767
0.0184975
0.0184975
0.018516
0.0185599
0.0185599
0.0185599
0.0185745
0.0185885
0.0185902
0.0186052
0.0186094
0.0186097
0.0186148
0.0186162
0.0186177
0.0186212
0.0186252
0.0186274
0.0186274
0.018638
0.018638
0.0186416
0.0186442
0.0186442
0.0186458
0.0186458
0.0186458
0.0186477
0.0186477
0.0186477
0.0186479
0.0186479
0.0186484
0.0186484
0.0186487
0.0186487
0.0186488
0.0186488
0.0186488
0.0186489
0.0186489
0.018649
0.018649
0.0186491
0.0186491
0.0186491
0.0186491
0.0186491
0.0186491
0.0186491
0.0186492
0.0186492
0.0186492
0.0186492
0.0186492
0.0186492
0.0186492
0.0186492
0.0186492
0.0186492
0.0186492
0.0187028
0.0187084
0.0187084
0.0187117
0.0186991
0.0187188
0.0187203
0.0187203
0.0187235
0.0187235
0.0187235
0.0187235
0.0187283
0.0187335
0.0187366
0.0187385
0.0187443
0.0187605
0.018768
0.0187716
0.0187734
0.0187743
0.0187802
0.0187802
0.0187886
0.0187889
0.0187889
0.0187913
0.0187913
0.0187913
0.0187913
0.0187913
0.018797
0.018797
0.018797
0.018797
0.0187972
0.0188031
0.0188824
0.0189561
0.0189561
0.0189561
0.0189561
0.0189835
0.0189835
0.0189835
0.0190012
0.019005
0.0190399
0.0190493
0.0190493
0.0190639
0.0190639
0.0190639
0.0190684
0.0190684
0.0190701
0.0190789
0.0190808
0.0190835
0.0190852
0.0190871
0.0190871
0.0190998
0.0191
0.0191
0.0191001
0.0191037
0.019104
0.0191055
0.0191056
0.0191056
0.0191056
0.0191058
0.0191059
0.0191063
0.0191063
0.0191063
0.0191063
0.0191063
0.0191063
0.0191065
0.0191065
0.0191065
0.0191065
0.0191065
0.0191065
0.0191065
0.0191066
0.0191066
0.0191066
0.0191066
0.0191066
0.0191066
0.0191066
0.0191066
0.0191066
0.0191066
0.0191066
0.0191066
0.0191066
0.0191067
0.0191067
0.0191067
0.0191067
0.0191067
0.0191067
0.0191067
0.0191067
0.0191067
0.0191067
0.0191067
0.0191067
0.0191067
0.0191067
0.0191067
0.0191067
0.0191067
0.0191067
0.0191067
0.0191067
0.0191067
0.0191067
0.0191067
0.0191067
0.0191067
0.0191067
0.0191067
0.0191067
0.0191067
0.0191067
0.0191067
0.0191067
0.0191067
0.0191067
0.0191067
0.0191067
0.0191067
0.0191067
0.0191067
0.0191067
0.0191067
0.0191067
0.0191067
0.0191067
0.0191067
0.0191067
0.0191067
0.0191067
0.0191067
0.0191067
0.0191067
0.0191067
0.0191067
0.0191067
0.0191067
0.0191067
0.0191067
0.0191067
0.0191067
0.0191067
0.0191067
0.0191067
0.0191067
0.0191067
0.0191067
0.0191067
0.0191067
0.0191067
0.0191067
0.0191067
0.0191067
0.0191067
0.0191067
0.0191067
0.0191067
0.0191067
0.0191067
0.0191067
0.0191067
0.0191067
0.0191067
0.0191067
0.0191067
0.0191067
0.0191067
0.0191067
0.0191067
0.0191067
0.0191067
0.0191067
0.0191067
0.0191067
0.0191067
0.0191067
0.0191067
0.0191067
0.0191067
0.0191067
0.0191067
0.0191067
0.0191067
0.0191067
0.0191067
0.0191067
0.0191067
0.0192514
0.0192514
0.0192514
0.0192823
0.0192904
0.0192904
0.0193006
0.0193093
0.0193515
0.0193537
0.0193544
0.0193608
0.0193641
0.0193652
0.0193656
0.0193662
0.0193664


0.0142953
0.0152212
0.0153309
0.016033
0.0164177
0.0164177
0.0172003
0.0172088
0.017257
0.017257
0.0176759
0.0180299
0.018299
0.018299
0.0187314
0.0188057
0.018834
0.0191061
0.0191065
0.0191399
0.0191399
0.0193797
0.0194949
0.0198942
0.0200917
0.0202371
0.0203003
0.0204444
0.020479
0.0205136
0.020622
0.0207643
0.0207643
0.0207647
0.0208939
0.0209135
0.0209315
0.0209315
0.0209555
0.0209563
0.0209772
0.0209833
0.020984
0.0209913
0.0210006
0.0210018
0.0210058
0.0210076
0.0210077
0.0210114
0.0210176
0.0210176
0.0210176
0.0210186
0.0210188
0.0210919
0.0213106
0.0213107
0.0213107
0.0216085
0.0218641
0.0218805
0.0219114
0.0219462
0.0219462
0.0219462
0.0223269
0.0234136
0.0236223
0.0236382
0.0255273
0.0257707
0.0257707
0.0270722
0.0289539
0.0289539
0.0294223
0.0348443
0.0446596
0.050971
0.0569042
0.0496591
0.0535988
0.0540047
0.0655883
0.066205
0.0695611
0.0724658
0.081448
0.0841507
0.103419
0.111619
0.121557
0.128263
0.128263
0.13083
0.131035
0.145056
0.16556
0.168253
0.184796
0.230771
0.235246
0.250376
0.271495
0.292395
0.321874
0.354499
0.380978
0.380978
0.400432
0.412981
0.433679
0.446035
0.502732
0.513629
0.51529
0.569162
0.575485
0.60328
0.615268
0.622574
0.659487
0.693091
0.724495
0.748386
0.752367
0.762267
0.794089
0.814962
0.857281
0.857281
0.870943
0.870943
0.878862
0.895233
0.924953
0.929034
0.931028
0.939298
0.943991
0.937441
0.943787
0.946849
0.947834
0.953379
0.953833
0.956606
0.963944
0.963944
0.964458
0.964458
0.970265
0.972942
0.974683
0.975984
0.979287
0.982045
0.98352
0.98352
0.985018
0.98753
0.987979
0.988669
0.989887
0.991041
0.991724
0.992326
0.993235
0.993816
0.993849
0.994711
0.995383
0.995515
0.995787
0.995787
0.995871
0.99602
0.996094
0.996223
0.996488
0.996456
0.99697
0.997009
0.997062
0.997182
0.997709
0.998247
0.998253
0.998675
0.998915
0.998942
0.998981
0.999078
0.999149
0.999319
0.999365
0.999419
0.999459
0.999477
0.99954
0.999564
0.999568
0.999591
0.99969
0.999702
0.999729
0.999735
0.999791
0.999791
0.999803
0.999843
0.999843
0.999852
0.999877
0.999882
0.999889
0.999905
0.999918
0.99992
0.999925
0.999935
0.999941
0.999947
0.999948
0.999953
0.999959
0.999964
0.999973
0.999973
0.999975
0.999975
0.999976
0.999976
0.999979
0.99998
0.999986
0.999987
0.999989
0.99999
0.999991
0.999991
0.999992
0.999992
0.999992
0.999993
0.999994
0.999994
0.999995
0.999995
0.999995
0.999996
0.999997
0.999997
0.999997
0.999998
0.999998
0.999998
0.999998
0.999998
0.999998
0.999999
0.999999
0.999999
0.999999
0.999999
0.999999
0.999999
0.999999
0.999999
0.999999
0.999999
0.999999
0.999999
0.999999
0.999999
0.999999
1
1
1
1
1
1
1
1
1
1
1
1
1
1
1
1
1
1
1
1
1
1
1
1
1
1
1
1
1
1
1
1
1
1
1
1
1
1
1
1
1
1
1
1
1
1
1
1
1
1
1
1
1
1
1
1
1
1
1
1
1
1
1
1
1
1
1
1
1
1
1
1
1
1
1
1
1
1
1
1
1
1
1
1
1
1
1
1
1
1
1
1
1
1
1
1
1
1
1
1
1
1
1
1
1
1
1
1
1
1
1
1
1
1
1
1
1
1
1
1
1
1
1


0.0143446
0.015515
0.0156112
0.0158631
0.0158631
0.015933
0.016491
0.016491
0.0164939
0.0167493
0.0167493
0.0168764
0.0168764
0.0168764
0.0168812
0.0168812
0.0173035
0.0173035
0.0173035
0.0173035
0.017328
0.0175531
0.0176723
0.018124
0.0183575
0.0183575
0.0183744
0.0192824
0.0194245
0.0194245
0.0194245
0.0194366
0.0194628
0.0194628
0.0194628
0.0194701
0.0194701
0.0196298
0.0197254
0.0197933
0.0197933
0.0198449
0.0198626
0.0198941
0.0199221
0.0199392
0.019942
0.0199932
0.0200823
0.0200823
0.0200823
0.0201193
0.0201239
0.0201242
0.0201886
0.0201953
0.0201953
0.0202024
0.0202237
0.0202252
0.0202326
0.020242
0.0202569
0.0202575
0.0202729
0.0202744
0.0202836
0.0202931
0.020295
0.0202956
0.0203125
0.0203125
0.020316
0.0203161
0.0203198
0.0203198
0.0203198
0.0203198
0.0203212
0.0203212
0.0203212
0.0203234
0.0203236
0.0203236
0.0203236
0.0204223
0.0204243
0.0204246
0.0204246
0.0204247
0.0204247
0.0204248
0.0204296
0.0205125
0.0205141
0.0205906
0.0206574
0.0206778
0.0206788
0.0206918
0.0207059
0.0206994
0.0207006
0.0207076
0.0207279
0.0207411
0.0207512
0.0207688
0.0207716
0.0207716
0.0207826
0.0207908
0.0207908
0.0207928
0.0207977
0.020801
0.0208049
0.0208058
0.0208086
0.0208086
0.0208086
0.0208106
0.0208115
0.0208136
0.020814
0.020814
0.0208149
0.0208151
0.0212569
0.0212569
0.021307
0.0212773
0.0213012
0.021428
0.0214281
0.0214283
0.0214343
0.0214449
0.0214449
0.0214532
0.0214532
0.0214542
0.0214542
0.0214564
0.0214594
0.0214601
0.0214631
0.0214636
0.021464
0.0214641
0.0214641
0.0214655
0.0214659
0.0214659
0.0214659
0.0214659
0.0214659
0.021466
0.021466
0.0214661
0.0214661
0.0214661
0.0214661
0.0214661
0.0214661
0.0214661
0.0214661
0.0214661
0.0214661
0.0214661
0.0214661
0.0214661
0.0214661
0.0214661
0.0214661
0.0214661
0.0214661
0.0214661
0.0214661
0.0214661
0.0216392
0.0220539
0.0220795
0.0220884
0.0221699
0.0221756
0.022222
0.0222424
0.0222424
0.0222472
0.022248
0.0222507
0.0222507
0.022251
0.0222533
0.022255
0.022255
0.0222552
0.0222552
0.0222555
0.0222564
0.0222902
0.0222902
0.0223351
0.0223351
0.0223813
0.0223813
0.0225804
0.0225804
0.0226483
0.0226765
0.022748
0.0227634
0.0227634
0.0227982
0.0227984
0.0227984
0.0227984
0.0228006
0.0228037
0.0228056
0.0228303
0.0228316
0.0228316
0.0228316
0.0228346
0.0228678
0.0228686
0.0228739
0.0228739
0.0228739
0.0228739
0.0228739
0.0228749
0.0228752
0.0228752
0.0228752
0.0228757
0.0228802
0.0228803
0.0228836
0.0228838
0.0228896
0.0228918
0.0228926
0.0228928
0.0229028
0.0229028
0.0229028
0.0229028
0.0229065
0.0229083
0.0229102
0.0229112
0.0229162
0.0229173
0.0229173
0.0229193
0.0229193
0.0229213
0.0229216
0.0229244
0.0229281
0.0229321
0.0229349
0.0229361
0.0229367
0.0229384
0.0229401
0.0229446
0.0229468
0.022949
0.0229564
0.0229623
0.0229623
0.0229627
0.0229637
0.0229654
0.0229665
0.0229668
0.0229669
0.0229699
0.0229704
0.0229704
0.0229708
0.0229708
0.0229713
0.0229718
0.0229724
0.0229729
0.0229731
0.0229778
0.0229778
0.0229778
0.0229778
0.0229778
0.0229789
0.0229792
0.0229796
0.0229799
0.02298
0.0229802
0.0229802
0.0229802
0.0229802
0.0229802
0.0229802
0.0229803
0.0229807
0.0229807
0.0229807
0.022981
0.0229859
0.0229899
0.0229904
0.0229905
0.0229905
0.0229917
0.0229917
0.0229917
0.0229917
0.0229922
0.0229924
0.0229924
0.0229924
0.0229924
0.0229926
0.0229926
0.0229926
0.0229926
0.0229926
0.0229926
0.0229926
0.0229926
0.0229926
0.0229927
0.0229928
0.0229928
0.0229928
0.0229928
0.0229928
0.0229928
0.0229928
0.0229929
0.0229929
0.0229929
0.022993
0.022993
0.022993
0.022993
0.022993
0.022993
0.0229931
0.0229931
0.0229931
0.0229931
0.0229931
0.0229932
0.0229932
0.0229933
0.0229933
0.0229933
0.0229933
0.0229933
0.0229933
0.0229933
0.0229933
0.0229933
0.0229933
0.0229933
0.0229933
0.0229933
0.0229934
0.0229934
0.0229935
0.0229935
0.0229936
0.0229936
0.0229936
0.0229936
0.0229936
0.0229936
0.0229937
0.0229937
0.0229937
0.0229938
0.0229938
0.0229939
0.0229939
0.0229939
0.0229939
0.0229939
0.0229939
0.022994
0.022994
0.022994
0.022994
0.022994
0.0229941
0.0229941


0.0132125
0.0134842
0.0139028
0.0143803
0.0144662
0.0146627
0.0149031
0.0151756
0.0151756
0.0151756
0.01523
0.014777
0.0158313
0.0159361
0.0160609
0.0166399
0.0166399
0.0166399
0.0166417
0.0166417
0.0166526
0.016831
0.0170993
0.0171511
0.0171511
0.0171639
0.0172762
0.0173108
0.0173126
0.0173126
0.0173738
0.0173719
0.0173726
0.0174572
0.0174608
0.0174608
0.0174615
0.0174643
0.017671
0.0176718
0.0176718
0.0177735
0.0177835
0.0179017
0.0179149
0.0179149
0.0181928
0.0181928
0.0186743
0.018951
0.0189914
0.0190668
0.0190668
0.0190837
0.0192503
0.0193405
0.0193949
0.0194209
0.0194246
0.0194258
0.0194263
0.0194266
0.0194274
0.0194309
0.0194415
0.0194436
0.0194437
0.0194437
0.0194446
0.0194446
0.0194621
0.0194626
0.0194627
0.019471
0.0196734
0.0196734
0.0196809
0.0197391
0.0197465
0.0198532
0.0198583
0.0199715
0.0199715
0.0200287
0.0200295
0.0200628
0.0201264
0.0201326
0.0201603
0.020163
0.0201642
0.0202155
0.0202505
0.0202751
0.0202826
0.0202826
0.0203023
0.0203043
0.0203077
0.0203103
0.0203176
0.0203218
0.0203242
0.0203276
0.020331
0.0203333
0.0203333
0.0203335
0.0203354
0.0203362
0.0203367
0.0203385
0.0203387
0.0203403
0.020341
0.020341
0.020341
0.0203413
0.0203421
0.0203433
0.0203433
0.0203433
0.0203444
0.0203445
0.0203445
0.0203447
0.0203448
0.0203449
0.0203449
0.020345
0.020345
0.020345
0.0203451
0.0203451
0.0203451
0.0203451
0.0203451
0.0203451
0.0203452
0.0203452
0.0203452
0.0203452
0.0203452
0.0203452
0.0203452
0.0203452
0.0203452
0.0203452
0.0203452
0.0203452
0.0203452
0.0203452
0.0203452
0.0203452
0.0203452
0.0203452
0.0203452
0.0203452
0.0203452
0.0203452
0.0203452
0.0203452
0.0203452
0.0203452
0.0203452
0.0203452
0.0203452
0.0203452
0.0203452
0.0203452
0.0203452
0.0203452
0.0203452
0.0203452
0.0203452
0.0203452
0.0203452
0.0203452
0.0203452
0.0203452
0.0203452
0.0203452
0.0203452
0.0203452
0.0203452
0.0203452
0.0203452
0.0203452
0.0203452
0.0203452
0.0203452
0.0203452
0.0203452
0.0203452
0.0203452
0.0203452
0.0203452
0.0203452
0.0203452
0.0203452
0.0203452
0.0203452
0.0203452
0.0203452
0.0203452
0.0203452
0.0203452
0.0203452
0.0203452
0.0203452
0.0203452
0.0203452
0.0203452
0.0203452
0.0203452
0.0203452
0.0203452
0.0203452
0.0203452
0.0203452
0.0203452
0.0203452
0.0203452
0.0203452
0.0203452
0.0203452
0.0203452
0.0203452
0.0203452
0.0203452
0.0203452
0.0203452
0.0203452
0.0203452
0.0203452
0.0203452
0.0203452
0.0203452
0.0203452
0.0203452
0.0203452
0.0203452
0.0203452
0.0203452
0.0203452
0.0203452
0.0203452
0.0203452
0.0203452
0.0203724
0.0204176
0.0204449
0.0204449
0.0204496
0.0204587
0.0204587
0.0204601
0.0204602
0.0204776
0.02048
0.02048
0.0204868
0.0204904
0.0204921
0.0204994
0.0205058
0.0205132
0.0205188
0.0205188
0.0205254
0.0205254
0.0205276
0.0205276
0.0205302
0.0205304
0.0205304
0.0205306
0.0205306
0.0205306
0.0205314
0.0205328
0.020542
0.0205436
0.0205436
0.0205462
0.0205468
0.0205468
0.0205481
0.0205482
0.020549
0.020549
0.020549
0.0205492
0.0205493
0.0205494
0.0205494
0.0205495
0.0205495
0.0205495
0.0205496
0.0205496
0.0205496
0.0205496
0.0205497
0.0205497
0.0205497
0.0205497
0.0205497
0.0205497
0.0205497
0.0205498
0.0205498
0.0205498
0.0205498
0.0205498
0.0205498
0.0205498
0.0205498
0.0205498
0.0205498
0.0205498
0.0205498
0.0205498
0.0205498
0.0205498
0.0205498
0.0205498
0.0205498
0.0205498
0.0205498
0.0205498
0.0205498
0.0205498
0.0205498
0.0205498
0.0205498
0.0205498
0.0205498
0.0205498
0.0205498
0.0205498
0.0205498
0.0205498
0.0205498
0.0205498
0.0205498
0.0205498
0.0205498
0.0205498
0.0205498
0.0205498
0.0205498
0.0205498
0.0205498
0.0205498
0.0205498
0.0205498
0.0205498
0.0205498
0.0205498
0.0205498
0.0205498
0.0205498
0.0205498
0.0205498
0.0205498
0.0205498
0.0205498
0.0205498
0.0205498
0.0205498
0.0205498
0.0205498
0.0205498
0.0205498
0.0205498
0.0205498
0.0205498
0.0205498
0.0205498
0.0205498
0.0205498
0.0205498
0.0205498
0.0205498
0.0205498
0.0205498
0.0205498
0.0205498
0.0205498
0.0205498
0.0205498
0.0205498
0.0205498
0.0205498
0.0205498
0.0205498
0.0205498
0.0205498
0.0205498


0.0162364
0.0165184
0.0165477
0.0166171
0.0168176
0.0172736
0.0172736
0.01735
0.01735
0.01735
0.0173796
0.0168346
0.0185324
0.0185324
0.0185879
0.0185879
0.0196329
0.0196481
0.0209067
0.0209067
0.0209075
0.0209075
0.0209075
0.0215076
0.0215076
0.0215076
0.0215112
0.0216723
0.0218996
0.0220433
0.0224357
0.0226735
0.0230402
0.0231524
0.0233721
0.0234362
0.0234741
0.023586
0.0237859
0.0237859
0.0238252
0.0237664
0.0238122
0.0238806
0.0241975
0.0241975
0.0241985
0.0242332
0.0243691
0.0243816
0.02441
0.0244249
0.0245445
0.0245644
0.0246001
0.0246283
0.024629
0.0246627
0.0247965
0.0248532
0.0248539
0.0248542
0.0248552
0.0248573
0.0248612
0.0248621
0.0248636
0.0248656
0.0248674
0.0248738
0.0248738
0.0248741
0.0248787
0.0248788
0.0248788
0.0248788
0.0248791
0.0248811
0.0248811
0.0248811
0.0248813
0.0248822
0.0248822
0.0248822
0.0248823
0.0248825
0.0248825
0.0248825
0.0248825
0.0248826
0.0248826
0.0248826
0.0248826
0.0248826
0.0248826
0.0248827
0.0248827
0.0248827
0.0248827
0.0248827
0.0248827
0.0248827
0.0248827
0.0248827
0.0248827
0.0248827
0.0248827
0.0248827
0.0248827
0.0248827
0.0248827
0.0248827
0.0248827
0.0248827
0.0248827
0.0248827
0.0248827
0.0248827
0.0248827
0.0248827
0.0248827
0.0248827
0.0248827
0.0248827
0.0248827
0.0248827
0.0248827
0.0248827
0.0248827
0.0248827
0.0248838
0.0249
0.0249
0.0249003
0.0249269
0.0249269
0.0249269
0.024927
0.0249328
0.0249337
0.0249337
0.0249348
0.0249368
0.0249368
0.0249403
0.0249439
0.0251028
0.025118
0.025129
0.0252456
0.0252479
0.0252485
0.0252992
0.0252992
0.0253317
0.0253328
0.0253365
0.0255642
0.0255642
0.0255669
0.0260455
0.0261092
0.0262619
0.026262
0.026304
0.0263889
0.0263959
0.0264097
0.0264286
0.0264291
0.026438
0.0264374
0.0264413
0.026474
0.0264743
0.0264743
0.0264856
0.0264905
0.0264947
0.0265063
0.0265063
0.0265068
0.0265078
0.0265105
0.0265114
0.0265115
0.026513
0.026513
0.0265135
0.0265143
0.0265143
0.0265146
0.026515
0.0265153
0.0265153
0.0265153
0.0265153
0.0265154
0.0265154
0.0265156
0.0265156
0.0265156
0.0265156
0.0265156
0.0265156
0.0265156
0.0265157
0.0265157
0.0265157
0.0265157
0.0265157
0.0265157
0.0265157
0.0265157
0.0265157
0.0265157
0.0265157
0.0265157
0.0265157
0.0265157
0.0265157
0.0265157
0.0265157
0.0265157
0.0265157
0.0265157
0.0265157
0.0265157
0.0265157
0.0265157
0.0265157
0.0265157
0.0265157
0.0265157
0.0265157
0.0265157
0.0265157
0.0265157
0.0265157
0.0265157
0.0265157
0.0265157
0.0265157
0.0265157
0.0265157
0.0265157
0.0265157
0.0265157
0.0265157
0.0265157
0.0265157
0.0265157
0.0265157
0.0265157
0.0265157
0.0265157
0.0265157
0.0265157
0.0265157
0.0265157
0.0265157
0.0265157
0.0265157
0.0265157
0.0265157
0.0265157
0.0265157
0.0265157
0.0265157
0.0265157
0.0265157
0.0265157
0.0265157
0.0265157
0.0265157
0.0265157
0.0265157
0.0265157
0.0265157
0.0265157
0.0265157
0.0265157
0.0265157
0.0265157
0.0265157
0.0265157
0.0265157
0.0265157
0.0265157
0.0265157
0.0265157
0.0265157
0.0265157
0.0265157
0.0265157
0.0265157
0.0265157
0.0265157
0.0265157
0.0265157
0.0265157
0.0265157
0.0265157
0.0265157
0.0265157
0.0265157
0.0265157
0.0265157
0.0265157
0.0265157
0.0265157
0.0265157
0.0265157
0.0265157
0.0265157
0.0265157
0.0265157
0.0265157
0.0265157
0.0265157
0.0265157
0.0265157
0.0265157
0.0265157
0.0265157
0.0265157
0.0265157
0.0265157
0.0265157
0.0265157
0.0265157
0.0265157
0.0265157
0.0265157
0.0265157
0.0265157
0.0265157
0.0265157
0.0265157
0.0265157
0.0265157
0.0265157
0.0265157
0.0265157
0.0265157
0.0265157
0.0265157
0.0265157
0.0265157
0.0265157
0.0265157
0.0265157
0.0265157
0.0265157
0.0265157
0.0265157
0.0265157
0.0265157
0.0265157
0.0265157
0.0265157
0.0265157
0.0265157
0.0265157
0.0265157
0.0265157
0.0265157
0.0265157
0.0265157
0.0265157
0.0265157
0.0265157
0.0265157
0.0265157
0.0265157
0.0265157
0.0265157
0.0265157
0.0265157
0.0265157
0.0265157
0.0265157
0.0265157
0.0265157
0.0265157
0.0265157
0.0265157
0.0265157
0.0265157
0.0265157
0.0265157
0.0265157
0.0265157
0.0265157
0.0265157
0.0265157
0.0265157
0.0265157
0.0265157
0.0265157


0.010594
0.0118424
0.0122201
0.0124577
0.0125803
0.0125815
0.0132278
0.0132946
0.014295
0.0142967
0.0143565
0.0144965
0.0145051
0.0145054
0.014506
0.0146606
0.0146632
0.0147286
0.0147286
0.0152203
0.0152489
0.0152489
0.0153012
0.0153832
0.0155689
0.0155689
0.016029
0.0160661
0.0160661
0.0160779
0.0166045
0.0160705
0.0165132
0.0165365
0.0166891
0.0166891
0.0167591
0.0167775
0.0168184
0.0170501
0.0170501
0.0172792
0.0172792
0.0172792
0.0174279
0.0174279
0.0174936
0.0174936
0.0176288
0.0176457
0.0176457
0.0177617
0.0177617
0.0177859
0.0177973
0.0178133
0.0178511
0.0178511
0.0178703
0.0178706
0.0178747
0.0178766
0.0178766
0.0178783
0.0178789
0.0178959
0.0178991
0.0179043
0.0179058
0.0179066
0.0179072
0.0179072
0.0179079
0.0179159
0.0179159
0.0179163
0.0179168
0.0179187
0.0179194
0.01792
0.0179217
0.0179239
0.0179241
0.0179245
0.0179246
0.0179252
0.0179252
0.0179252
0.017926
0.017926
0.017926
0.017926
0.017926
0.0179261
0.0179261
0.0179261
0.0179262
0.0179262
0.0179262
0.0179262
0.0179262
0.0179263
0.0179263
0.0179263
0.0179263
0.0179263
0.0179263
0.0179263
0.0179264
0.0179264
0.0179264
0.0179264
0.0179264
0.0179264
0.0179264
0.0179264
0.0179264
0.0179264
0.0179264
0.0179264
0.0179264
0.0179264
0.0179264
0.0179264
0.0179264
0.0179264
0.0179264
0.0179264
0.0179264
0.0179264
0.0179264
0.0179264
0.0179264
0.0179264
0.0179264
0.0179264
0.0179264
0.0179264
0.0179264
0.0179264
0.0179264
0.0179264
0.0179264
0.0179264
0.0179264
0.0179264
0.0179264
0.0179264
0.0179264
0.0179264
0.0179264
0.0179264
0.0179264
0.0179264
0.0179264
0.0179264
0.0179264
0.0179264
0.0179264
0.0179264
0.0179264
0.0179264
0.0179264
0.0179264
0.0179264
0.0179264
0.0179264
0.0179264
0.0179264
0.0179264
0.0179264
0.0179264
0.0179264
0.0179264
0.0179264
0.0179264
0.0179264
0.0179264
0.0179264
0.0179264
0.0179264
0.0179264
0.0179264
0.0179264
0.0179264
0.0179264
0.0179264
0.0179264
0.0179264
0.0179264
0.0179264
0.0179264
0.0179264
0.0179264
0.0179264
0.0179264
0.0179264
0.0179264
0.0179264
0.0179264
0.0179264
0.0179264
0.0179264
0.0179264
0.0179264
0.0179264
0.0179344
0.0179415
0.0179415
0.0179512
0.0179604
0.0179633
0.0179639
0.0179639
0.0179639
0.0179645
0.0179658
0.0179665
0.0180021
0.0180021
0.0180021
0.0181246
0.0181435
0.0181699
0.0182585
0.0182678
0.0182753
0.0182753
0.018276
0.0182952
0.0183027
0.0183077
0.0183077
0.0183095
0.0183278
0.0183278
0.0183278
0.0183302
0.018342
0.018342
0.0183431
0.0183431
0.0183434
0.0183471
0.0183473
0.0183484
0.0183544
0.0183544
0.0183544
0.0183551
0.0183551
0.0183569
0.0183569
0.0183569
0.0183587
0.0183591
0.0183592
0.0183592
0.0183592
0.0183597
0.0183602
0.0183602
0.0183613
0.0183613
0.0183613
0.0183613
0.0183622
0.0183622
0.0183622
0.0183632
0.0183632
0.0183632
0.0183632
0.0183637
0.018364
0.018364
0.018364
0.018364
0.018364
0.0183642
0.0183642
0.0183642
0.0183643
0.0183644
0.0183644
0.0183645
0.0183645
0.0183645
0.0183645
0.0183645
0.0183645
0.0183645
0.0183645
0.0183645
0.0183645
0.0183645
0.0183645
0.0183645
0.0183645
0.0183646
0.0183646
0.0183646
0.0183646
0.0183646
0.0183646
0.0183646
0.0183646
0.0183646
0.0183646
0.0183646
0.0183646
0.0183646
0.0183646
0.0183646
0.0183646
0.0183646
0.0183646
0.0183646
0.0183646
0.0183646
0.0183646
0.0183646
0.0183646
0.0183646
0.0183646
0.0183646
0.0183646
0.0183646
0.0183646
0.0183646
0.0183646
0.0183646
0.0183646
0.0183646
0.0183646
0.0183646
0.0183646
0.0183646
0.0183646
0.0183646
0.0183646
0.0183646
0.0183646
0.0183646
0.0183646
0.0183646
0.0183646
0.0183646
0.0183646
0.0183646
0.0183646
0.0183646
0.0183646
0.0183646
0.0183646
0.0183646
0.0183646
0.0183646
0.0183646
0.0183646
0.0183646
0.0183646
0.0183646
0.0183646
0.0183646
0.0183646
0.0183646
0.0183646
0.0183646
0.0183646
0.0183646
0.0183646
0.0183646
0.0183646
0.0183646
0.0183646
0.0183646
0.0183646
0.0183646
0.0183646
0.0183646
0.0183646
0.0183646
0.0183646
0.0183646
0.0183646
0.0183646
0.0183646
0.0183646
0.0183646
0.0183646
0.0183646
0.0183646
0.0183646
0.0183646
0.0183646
0.0183646
0.0183646
0.0183646
0.0183646


0.0105989
0.0107391
0.0111229
0.011358
0.0116681
0.0117972
0.0118748
0.0118748
0.0119806
0.0122545
0.0124764
0.0124765
0.012717
0.0127928
0.0130564
0.0130564
0.0130569
0.0130569
0.013059
0.0131927
0.0133644
0.0134297
0.0136693
0.0136693
0.0137255
0.0138933
0.0138976
0.0138976
0.0139217
0.0139217
0.0139268
0.0139878
0.0139971
0.0140101
0.0140151
0.0140997
0.0140997
0.0140998
0.0143661
0.0143844
0.0144101
0.0144213
0.0144213
0.0144297
0.0144585
0.0145422
0.0145422
0.0146089
0.0146153
0.0147075
0.0147075
0.0147524
0.0147538
0.0147629
0.0147755
0.0147795
0.0148158
0.0148163
0.0149309
0.0149309
0.0150618
0.0153592
0.0153592
0.0153704
0.0156586
0.0157485
0.0157533
0.0157533
0.0159501
0.0160276
0.0160276
0.0160276
0.0160325
0.0160373
0.0160617
0.0160635
0.0160679
0.0160967
0.0160969
0.0161129
0.0161241
0.0161249
0.0161262
0.0161262
0.0161276
0.0161312
0.0161341
0.0161364
0.0161364
0.0161364
0.0161379
0.0161394
0.0161399
0.0161408
0.0161421
0.0161421
0.0161423
0.016144
0.0161462
0.0161466
0.0161469
0.016147
0.016147
0.0161474
0.0161474
0.0161475
0.0161476
0.0161476
0.0161477
0.0161477
0.0161479
0.0161482
0.0161483
0.0161484
0.0161484
0.0161484
0.0161485
0.0161486
0.0161486
0.0161486
0.0161486
0.0161486
0.0161487
0.0161487
0.0161487
0.0161487
0.0161487
0.0161487
0.0161487
0.0161487
0.0161487
0.0161487
0.0161487
0.0161487
0.0161487
0.0161487
0.0161487
0.0161487
0.0161487
0.0161487
0.0161487
0.0161487
0.0161487
0.0161487
0.0161487
0.0161487
0.0161487
0.0161487
0.0161487
0.0161487
0.0161487
0.0161487
0.0161487
0.0161487
0.0161487
0.0161487
0.0161487
0.0161487
0.0161487
0.0161487
0.0161487
0.0161487
0.0161487
0.0161487
0.0161487
0.0161487
0.0161487
0.0161487
0.0164104
0.0164131
0.0164134
0.0164185
0.0166613
0.0166845
0.0166899
0.0167938
0.0168145
0.0169006
0.0169006
0.0169071
0.0169085
0.0169365
0.0169398
0.0169603
0.0169612
0.0169649
0.016968
0.0169753
0.0169923
0.016995
0.0169954
0.0170001
0.0170013
0.0170026
0.0170036
0.0170054
0.0170075
0.0170086
0.0170091
0.0170092
0.0170092
0.0170094
0.0170098
0.0170101
0.0170103
0.017053
0.0170531
0.0170531
0.0170531
0.0170532
0.0170533
0.0170533
0.0173762
0.0173762
0.0173763
0.0173763
0.0173763
0.0173763
0.0173763
0.0173763
0.0173763
0.0173763
0.0173763
0.0173763
0.0173763
0.0173763
0.0173763
0.017387
0.017387
0.017387
0.0173879
0.0173938
0.0173979
0.0173979
0.0173986
0.0174003
0.0174003
0.0174058
0.0174058
0.0174058
0.0174058
0.0174076
0.0174085
0.0174088
0.0174089
0.017409
0.017409
0.017409
0.017409
0.017409
0.017409
0.017409
0.017409
0.0174091
0.0174109
0.0174122
0.0174128
0.0174136
0.0174141
0.0174145
0.0174148
0.017415
0.0174151
0.0174152
0.0174152
0.0174153
0.0174154
0.0174155
0.0174155
0.0174156
0.0174157
0.0174158
0.017416
0.0174161
0.0174163
0.0174165
0.0174168
0.0174172
0.0174175
0.0174178
0.0174179
0.0174179
0.017418
0.017418
0.0174181
0.0174182
0.0174182
0.0174183
0.0174184
0.0174185
0.0174186
0.0174187
0.0174188
0.017419
0.0174192
0.0174196
0.0174198
0.01742
0.0174202
0.0174204
0.0174205
0.0174206
0.0174206
0.0174208
0.0174208
0.0174209
0.0174209
0.0174209
0.017421
0.0174275
0.0174288
0.0174287
0.0174287
0.0174296
0.0174296
0.0174314
0.0174508
0.0174603
0.0174935
0.0174963
0.0174963
0.0174928
0.0174968
0.0174968
0.0174973
0.0175031
0.0175043
0.0175043
0.017505
0.0175065
0.0175065
0.0175069
0.0175076
0.0175076
0.0175077
0.0175077
0.0175077
0.0175077
0.0175078
0.0175083
0.0175084
0.0175084
0.0175084
0.0175084
0.0175085
0.0175085
0.0175087
0.0175095
0.0175096
0.0175096
0.0175099
0.0175119
0.0175146
0.0175167
0.0175278
0.0175695
0.0176325
0.0176325
0.0177499
0.0177767
0.0177776
0.0177776
0.0177823
0.0177826
0.0178049
0.0178049
0.0178342
0.0178342
0.0178346
0.0178502
0.0178527
0.0178549
0.0178575
0.0178575
0.0178575
0.0178582
0.0178618
0.0178669
0.017902
0.0179037
0.0179083
0.0179092
0.0179092
0.0179097
0.0179105
0.0179106
0.0179114
0.0179114
0.0179114
0.0179116
0.0179118
0.0179117
0.0179119
0.0179119
0.017912
0.017912
0.0179121
0.0179121
0.0179121
0.0179122


0.0166495
0.0167825
0.0170208
0.0174922
0.0180437
0.0185759
0.0188276
0.0188276
0.0189666
0.0197972
0.0197983
0.0199988
0.0202586
0.0202587
0.0202587
0.0202587
0.0204778
0.0210822
0.0210855
0.0212003
0.0215247
0.0217389
0.021981
0.0220228
0.0221573
0.0221573
0.0223595
0.0223595
0.022432
0.022432
0.0224322
0.0224835
0.0225784
0.0225784
0.0225802
0.0226197
0.0226197
0.0226914
0.022696
0.022715
0.0227375
0.0227885
0.022914
0.0229156
0.0229156
0.0229567
0.0230175
0.0230294
0.023032
0.023032
0.023032
0.0230437
0.0230476
0.0230476
0.0230504
0.0230517
0.0230527
0.0230531
0.0230589
0.0230592
0.0230593
0.0230593
0.0230619
0.0230627
0.0230627
0.0232837
0.0233131
0.0233528
0.0233529
0.0233535
0.0235055
0.0235062
0.0235062
0.0236232
0.0236233
0.0236237
0.0236341
0.0236515
0.0236533
0.0237426
0.0237808
0.023841
0.0238579
0.0242058
0.0242694
0.0244356
0.0244356
0.0245275
0.0245409
0.0245423
0.0245423
0.0245441
0.0246088
0.0246195
0.0246195
0.0246222
0.0246222
0.0246274
0.0246323
0.0246453
0.0246777
0.0246861
0.0248002
0.0249099
0.0249099
0.0249099
0.0249142
0.0249483
0.02495
0.0249501
0.0250336
0.0251149
0.0251538
0.025162
0.0251823
0.0251899
0.0252334
0.0252762
0.0252855
0.0253237
0.0253237
0.0253249
0.0253584
0.0253584
0.0253611
0.0253612
0.025371
0.0253765
0.025378
0.025378
0.0253796
0.0253768
0.0253813
0.0253827
0.0253879
0.0253879
0.0253883
0.0253883
0.0253883
0.0253899
0.0253909
0.0253915
0.0253916
0.0253918
0.0253919
0.0253919
0.0253923
0.0253923
0.0253925
0.0253925
0.0253925
0.0253926
0.0253926
0.0253926
0.0253931
0.0253931
0.0253931
0.0253932
0.0253932
0.0253932
0.0253933
0.0253933
0.0253933
0.0253933
0.0253933
0.0253933
0.0253933
0.0253933
0.0253933
0.0253933
0.0253933
0.0253933
0.0253933
0.0253934
0.0253934
0.0253934
0.0253934
0.0253934
0.0253934
0.0253934
0.0253934
0.0253934
0.0253934
0.0253934
0.0253934
0.0253934
0.0253934
0.0253934
0.0253934
0.0253934
0.0253934
0.0253934
0.0253934
0.0253934
0.0253934
0.0253934
0.0253934
0.0253934
0.0253934
0.0253934
0.0253934
0.0253934
0.0253934
0.0253934
0.0253934
0.0253934
0.0253934
0.0253934
0.0253934
0.0253934
0.0253934
0.0253934
0.0253934
0.0253934
0.0253934
0.0253934
0.0253934
0.0253934
0.0253934
0.0253934
0.0253934
0.0253934
0.0253934
0.0253934
0.0253934
0.0253934
0.0253934
0.0253934
0.0253934
0.0253934
0.0253934
0.0253934
0.0253934
0.0253934
0.0253934
0.0253934
0.0253934
0.0253934
0.025397
0.025397
0.0254054
0.0254073
0.0254073
0.0254102
0.0254111
0.0254112
0.0254121
0.0254123
0.0254175
0.0254178
0.0254274
0.0254274
0.0254274
0.025434
0.0254342
0.0254382
0.0254382
0.0254387
0.0254387
0.0254388
0.0254389
0.0254394
0.0254475
0.0254475
0.0254475
0.0254475
0.0254475
0.0254498
0.0254515
0.0254516
0.0254571
0.0254597
0.0254639
0.0254639
0.0254648
0.0254652
0.0254654
0.0254715
0.0254726
0.0254767
0.0254792
0.0254796
0.0254804
0.0254825
0.025483
0.0254831
0.0254831
0.0254832
0.0254833
0.0254833
0.0254884
0.025492
0.025496
0.0254978
0.0255064
0.0255064
0.0255263
0.0255263
0.0255272
0.0255272
0.0255272
0.0255262
0.0255311
0.0255311
0.0255311
0.0255315
0.0255315
0.0255315
0.0255321
0.0255321
0.0255323
0.0255325
0.0255338
0.0255389
0.0255389
0.0255392
0.02554
0.0255418
0.0255418
0.0255421
0.0255422
0.0255438
0.025544
0.0255445
0.0255452
0.0255464
0.0255479
0.0255488
0.0255503
0.0255505
0.0255508
0.0255509
0.0255509
0.0255509
0.025551
0.0255512
0.0255513
0.0255516
0.025552
0.025552
0.025552
0.025552
0.025552
0.025552
0.025552
0.0255522
0.0255523
0.0255523
0.0255523
0.0255523
0.0255524
0.0255525
0.0255525
0.0255525
0.0255525
0.0255525
0.0255525
0.0255525
0.0255525
0.0255525
0.0255525
0.0255526
0.0255526
0.0255526
0.0255526
0.0255526
0.0255526
0.0255526
0.0255526
0.0255526
0.0255526
0.0255526
0.0255526
0.0255526
0.0255527
0.0255527
0.0255527
0.0255527
0.0255527
0.0255527
0.0255527
0.0255527
0.0255527
0.0255527
0.0255527
0.0255527
0.0255527
0.0255527
0.0255527
0.0255527
0.0255527
0.0255527
0.0255527
0.0255527
0.0255527
0.0255527
0.0255527
0.0255527
0.0255527
0.0255527


0.0117761
0.0120314
0.0126379
0.0130566
0.0130566
0.0130566
0.0130747
0.0132416
0.0140201
0.0140201
0.0140611
0.0140611
0.0140611
0.0140611
0.0143233
0.0143233
0.0143233
0.0145003
0.0145003
0.0145003
0.0147972
0.0147972
0.0147997
0.0148861
0.0148861
0.0151525
0.0151525
0.0151532
0.0152614
0.0154766
0.0156006
0.0156281
0.0156281
0.0157555
0.0160039
0.0160039
0.0162233
0.0162233
0.0163254
0.0163254
0.0164601
0.0163854
0.0164652
0.0165481
0.0166512
0.0166512
0.0166521
0.016673
0.016687
0.016687
0.0168042
0.0168403
0.0168556
0.0169074
0.0169074
0.0169376
0.0169392
0.0169393
0.0169396
0.0169465
0.0169476
0.0169476
0.0169476
0.0169649
0.0169808
0.0169811
0.0169857
0.016995
0.0170045
0.017007
0.017007
0.0170075
0.0170091
0.0170091
0.0170091
0.0170092
0.0170093
0.0170098
0.0170098
0.0170099
0.0170106
0.017011
0.017011
0.017011
0.0170115
0.0170123
0.0170123
0.0170124
0.0170124
0.0170126
0.0170134
0.0170136
0.0170136
0.0172371
0.017244
0.0172492
0.0172497
0.0172497
0.0172629
0.0172629
0.0172643
0.0172643
0.0172651
0.0172653
0.017266
0.0172667
0.0172691
0.0172692
0.0172725
0.0172739
0.0172739
0.017274
0.0172799
0.0172799
0.017284
0.0172847
0.0172856
0.0172856
0.0172871
0.017288
0.017288
0.0172888
0.0172892
0.0172899
0.0172903
0.0172903
0.0172903
0.0172903
0.0172904
0.0172904
0.0172904
0.0172905
0.0172905
0.0172905
0.0172906
0.0172906
0.0172906
0.0172907
0.0172907
0.0173302
0.0173302
0.0173302
0.0173306
0.0173459
0.0173459
0.0173459
0.0173566
0.0173566
0.0173577
0.0173737
0.0173737
0.0173749
0.0173849
0.017391
0.0174147
0.0174327
0.0174327
0.0175668
0.0175725
0.017584
0.017584
0.0175696
0.0176025
0.0176667
0.0176853
0.0176887
0.0176926
0.0176988
0.0176988
0.0176988
0.0177046
0.0176929
0.0177538
0.017754
0.0177603
0.0177605
0.0177644
0.0177651
0.0177651
0.0177707
0.0177781
0.0177794
0.0177794
0.0177796
0.0177835
0.0177835
0.0177855
0.0177856
0.0177861
0.0177904
0.0177914
0.0177989
0.0178048
0.0178051
0.0178051
0.0178051
0.0178242
0.0178432
0.0178486
0.0178667
0.017883
0.0178847
0.0178847
0.0178847
0.0178888
0.0178899
0.0178952
0.0178957
0.0178959
0.0178959
0.0178991
0.0179006
0.0179007
0.0179014
0.0179043
0.0179043
0.0179059
0.0179091
0.0179091
0.0179091
0.017911
0.0179126
0.0179126
0.0179126
0.017913
0.017913
0.0179132
0.0179135
0.0179135
0.0179135
0.0179135
0.0179139
0.0179139
0.0179139
0.017914
0.017914
0.017914
0.017914
0.0179141
0.0179141
0.0179141
0.0179142
0.0179142
0.0179142
0.0179142
0.0179142
0.0179142
0.0179143
0.0179143
0.0179143
0.0179143
0.0179143
0.0179143
0.0179143
0.0179143
0.0179143
0.0179143
0.0179143
0.0179143
0.0179143
0.0179143
0.0179143
0.0179143
0.0179143
0.0179143
0.0179143
0.0179143
0.0179143
0.0179143
0.0179143
0.0179143
0.0179143
0.0179143
0.0179143
0.0179143
0.0179143
0.0179143
0.0179143
0.0179143
0.0179143
0.0179143
0.0179143
0.0179143
0.0179143
0.0179143
0.0179143
0.0179143
0.0179143
0.0179143
0.0179143
0.0179143
0.0179143
0.0179143
0.0179143
0.0179143
0.0179143
0.0179143
0.0179143
0.0179143
0.0179143
0.0179143
0.0180057
0.0180057
0.0180057
0.0180057
0.0180057
0.0180057
0.0180057
0.0180057
0.0180057
0.0180057
0.0180054
0.0180059
0.018006
0.018006
0.018006
0.018006
0.018006
0.0182488
0.0182488
0.018273
0.0182117
0.0182767
0.0182767
0.0182767
0.0182853
0.0182853
0.0182853
0.0182853
0.0182854
0.0182854
0.0182858
0.0182858
0.0182858
0.0182858
0.0182859
0.018287
0.0182873
0.0182917
0.0182941
0.018295
0.0183014
0.0183294
0.0184141
0.0185107
0.0185276
0.0185486
0.0185545
0.0185609
0.0185609
0.0185664
0.0185735
0.018575
0.0185752
0.0185779
0.0185779
0.0185784
0.0185784
0.0185821
0.0185849
0.018586
0.0185846
0.0185853
0.0185853
0.0185858
0.018588
0.018588
0.018588
0.0185918
0.0185918
0.0185922
0.0185922
0.0185932
0.0185932
0.0185936
0.0185936
0.0185945
0.0185945
0.0185948
0.0185948
0.0185951
0.0185952
0.0185954
0.0185958
0.0185958
0.0185958
0.0185959
0.0185959
0.0185959
0.0185959
0.0185959
0.0185959
0.018596
0.018596
0.018596
0.018596
0.018596
0.018596
0.018596
0.018596


0.0145801
0.0155081
0.0164477
0.016536
0.0165577
0.0165577
0.0168855
0.0170321
0.0170708
0.0176227
0.0176227
0.0178813
0.0178969
0.0179134
0.0184367
0.018444
0.018444
0.0184482
0.0184878
0.0192226
0.0192226
0.0192226
0.0194482
0.0194482
0.0195892
0.019726
0.0203821
0.0205042
0.0206101
0.0206554
0.020688
0.0209451
0.020951
0.0210299
0.0210675
0.0217653
0.0217657
0.0234385
0.0234485
0.0244978
0.0244978
0.0245301
0.0245496
0.0256527
0.025675
0.025721
0.0259346
0.0265387
0.0265414
0.0301114
0.0348305
0.0379631
0.039487
0.0394961
0.0460295
0.0495598
0.0495668
0.0520446
0.0564612
0.0564612
0.0564613
0.0694059
0.0701702
0.0701711
0.0752774
0.0752776
0.111249
0.111249
0.111249
0.11269
0.114517
0.131201
0.13616
0.145238
0.154984
0.154984
0.155962
0.16593
0.180528
0.180528
0.187318
0.207339
0.231359
0.252623
0.252624
0.280556
0.293089
0.302919
0.331043
0.332434
0.332434
0.368221
0.369241
0.377464
0.377464
0.38813
0.38813
0.407699
0.41193
0.430745
0.430745
0.446786
0.446786
0.454101
0.468112
0.468112
0.472117
0.47511
0.478
0.478
0.482958
0.487457
0.491026
0.492343
0.492343
0.492343
0.49417
0.49417
0.499189
0.499419
0.499419
0.502415
0.502415
0.504513
0.504513
0.504576
0.505317
0.505645
0.506985
0.506988
0.507008
0.507305
0.507305
0.507305
0.507442
0.507652
0.507652
0.507728
0.507911
0.508248
0.508248
0.508294
0.508357
0.50839
0.508415
0.50848
0.50856
0.50856
0.50856
0.508619
0.508619
0.508637
0.508687
0.508713
0.50875
0.50875
0.508801
0.508807
0.508812
0.508817
0.508825
0.508829
0.508829
0.508831
0.508836
0.508839
0.508846
0.508846
0.508846
0.508857
0.50887
0.508865
0.508866
0.508871
0.508871
0.508872
0.508873
0.508877
0.508877
0.508882
0.508882
0.508882
0.508882
0.508884
0.50889
0.50889
0.50889
0.50889
0.508892
0.508892
0.508893
0.509198
0.509198
0.509199
0.509199
0.509199
0.509396
0.509397
0.509397
0.50946
0.509492
0.509492
0.509492
0.509532
0.509655
0.509655
0.509708
0.509708
0.509835
0.509835
0.509835
0.509855
0.509855
0.509864
0.509865
0.509865
0.509865
0.509865
0.509865
0.509878
0.50988
0.509877
0.509883
0.509885
0.509894
0.509902
0.509902
0.509905
0.509905
0.509906
0.509906
0.509908
0.509908
0.509908
0.509911
0.509912
0.509913
0.509915
0.509915
0.509916
0.509916
0.509916
0.509917
0.509917
0.509917
0.509917
0.509917
0.509917
0.509917
0.509917
0.509917
0.509917
0.509917
0.509917
0.509917
0.509917
0.509917
0.509917
0.509917
0.509917
0.509917
0.509917
0.509917
0.509917
0.509917
0.509917
0.509917
0.509917
0.509917
0.509917
0.509917
0.509917
0.509917
0.509917
0.509917
0.509917
0.509917
0.509917
0.509917
0.509917
0.509917
0.509917
0.509917
0.509917
0.509917
0.509917
0.509917
0.509917
0.509917
0.509917
0.509917
0.509917
0.509917
0.509917
0.509917
0.509917
0.509917
0.509917
0.509917
0.509917
0.509917
0.509917
0.509917
0.509917
0.509917
0.509917
0.509917
0.509917
0.509917
0.509917
0.509917
0.509917
0.509917
0.509917
0.509917
0.509917
0.509917
0.509917
0.509917
0.509917
0.509917
0.509917
0.509917
0.509917
0.509917
0.509917
0.509917
0.509917
0.509917
0.509917
0.509917
0.509917
0.509917
0.509917
0.509917
0.509917
0.509917
0.509917
0.509917
0.509917
0.509917
0.509917
0.509917
0.509917
0.509917
0.509917
0.509917
0.509917
0.509917
0.509917
0.509917
0.509917
0.509917
0.509917
0.509917
0.509917
0.509917
0.509917
0.509917
0.509917
0.509917
0.509917
0.509917
0.509917
0.509917
0.509917
0.509917
0.509917
0.509917
0.509917
0.509917
0.509917
0.509917
0.509917
0.509917
0.509917
0.509917
0.509917
0.509917
0.509917
0.509917
0.509917
0.509917
0.509917
0.509917
0.509917
0.509917
0.509917
0.509917
0.509917
0.509917
0.509917
0.509917
0.509917
0.509917
0.509917
0.509917
0.509917
0.509917
0.509917


0.0169377
0.0174075
0.0174075
0.0177936
0.0177936
0.0178034
0.0188472
0.0189933
0.0189934
0.0189934
0.0194228
0.0176436
0.0186532
0.0186532
0.0188201
0.0188438
0.0191262
0.0192338
0.0192338
0.0195484
0.0195484
0.0195517
0.0195517
0.0195517
0.0195517
0.0195517
0.0200811
0.0207077
0.0207244
0.0210189
0.0210189
0.0202723
0.0209574
0.0209823
0.0214577
0.0215647
0.0215647
0.0215748
0.0217843
0.021799
0.0218485
0.021848
0.0218669
0.0219821
0.0223547
0.0223547
0.0225069
0.0225903
0.0225903
0.0226104
0.0226228
0.0226228
0.0228888
0.0229062
0.0229194
0.02296
0.0231483
0.0232186
0.0232186
0.0233777
0.0233777
0.023378
0.023456
0.023456
0.0234582
0.0234827
0.0235081
0.0235081
0.0235089
0.023541
0.0235787
0.0235661
0.0235714
0.0236774
0.0236774
0.0236797
0.0237346
0.0237361
0.0237482
0.0237482
0.0237527
0.0237494
0.0237567
0.0237582
0.0237582
0.0237679
0.0237688
0.0237774
0.0238467
0.0238484
0.0238512
0.0238604
0.0238666
0.0238738
0.0238763
0.0238766
0.0239016
0.0239016
0.023914
0.023914
0.0239141
0.0239141
0.0239141
0.0239142
0.0239502
0.0240069
0.0240069
0.024007
0.0240071
0.0240071
0.0240139
0.024015
0.024066
0.0240811
0.0241216
0.0241238
0.0241353
0.0241353
0.0241456
0.0241456
0.0241457
0.0241464
0.0241578
0.0241578
0.0241636
0.0241636
0.024164
0.0241783
0.0241794
0.0241794
0.0241847
0.0241872
0.0241984
0.0244266
0.0244284
0.0249023
0.0249023
0.0249023
0.0249034
0.0249319
0.0249319
0.024972
0.0249721
0.0249944
0.025003
0.0250034
0.0250226
0.0250273
0.0250273
0.0250501
0.0250608
0.0250662
0.0250663
0.0250676
0.0250676
0.0250676
0.0250722
0.0250722
0.0250726
0.0250765
0.0250765
0.0250792
0.0250809
0.0250809
0.025081
0.025081
0.0250817
0.0250817
0.0250826
0.0250826
0.0250826
0.025083
0.025083
0.025083
0.0250831
0.0250832
0.0250832
0.0250832
0.0250834
0.0250834
0.0250834
0.0250838
0.0250839
0.0250839
0.0251385
0.0251385
0.0251386
0.0251386
0.0251386
0.0251387
0.0251388
0.0251295
0.0251443
0.025173
0.025173
0.0252073
0.0252549
0.0253014
0.0253014
0.0253015
0.0253015
0.025306
0.025306
0.0253075
0.0253075
0.0253086
0.0253086
0.0253103
0.0253103
0.0253127
0.0253176
0.0253339
0.0253425
0.0253425
0.0253448
0.0253448
0.0253448
0.025358
0.0253581
0.0253581
0.0253602
0.0253602
0.0253631
0.0253684
0.0253688
0.0253688
0.0253699
0.0253785
0.0253802
0.0253842
0.0253842
0.0253855
0.0253864
0.0253866
0.0253866
0.0253866
0.0253873
0.0253878
0.0253884
0.0253888
0.0253891
0.0253892
0.0253892
0.0253893
0.0253893
0.0253893
0.0253893
0.0253895
0.0253895
0.0253895
0.0253896
0.0253896
0.0253897
0.0253897
0.0253897
0.0253897
0.0253898
0.0253898
0.0253898
0.0253898
0.0253898
0.0253899
0.0253899
0.0253899
0.0253899
0.0253899
0.0253899
0.0253899
0.0253899
0.0253899
0.0253899
0.0253899
0.0253899
0.0253899
0.0253899
0.0253899
0.0253899
0.0253899
0.0253899
0.0253899
0.0253899
0.0253899
0.0253899
0.0253899
0.0253899
0.0253899
0.0253899
0.0253899
0.0253899
0.0253899
0.0253899
0.0253899
0.0253899
0.0253899
0.0253899
0.0253899
0.0253899
0.0253899
0.0253899
0.0253899
0.0253899
0.0253899
0.0253899
0.0253899
0.0253899
0.0253899
0.0253899
0.0253899
0.0253899
0.0253899
0.0253899
0.0253899
0.0253899
0.0253899
0.0253899
0.0253899
0.0253899
0.0253899
0.0253899
0.0253899
0.0253899
0.0253899
0.0253899
0.0253899
0.0253899
0.0253899
0.0253899
0.0253899
0.0253899
0.0253899
0.0253899
0.0253899
0.0253899
0.0253899
0.0253899
0.0253899
0.0253899
0.0253899
0.0253899
0.0253899
0.0253899
0.0253899
0.0253899
0.0253899
0.0253899
0.0253899
0.0253899
0.0253899
0.0253899
0.0253899
0.0253899
0.0253899
0.0253899
0.0253899
0.0253899
0.0253899
0.0253899
0.0253899
0.0253899
0.0253899
0.0253899
0.0253899
0.0253899
0.0253899
0.0253899
0.0253899
0.0253899
0.0253899
0.0253899
0.0253899
0.0253899
0.0253899
0.0253899
0.0253899
0.0253899
0.0253899
0.025459
0.0254715
0.0254715
0.0254715
0.0254832
0.0254729
0.0254729
0.0254739
0.0254871
0.0254873
0.0254904
0.0255044
0.025505
0.025505
0.025505
0.0255048
0.0255053
0.0255067
0.0255076
0.0255076
0.0255202
0.0255202
0.0255295
0.0255312


