0.0352154
0.0355225
0.0365461
0.0378327
0.0381587
0.0386302
0.0386302
0.0386302
0.0389977
0.0402769
0.0402775
0.0403762
0.0403775
0.0403802
0.0424179
0.0424401
0.0424401
0.0442495
0.044474
0.0445577
0.044561
0.0421391
0.0436003
0.0441176
0.0450857
0.0461683
0.0461683
0.0472157
0.0472157
0.0472157
0.0472191
0.0460218
0.0461254
0.0461254
0.0468683
0.0478146
0.0478146
0.0478187
0.0478776
0.0478776
0.0481457
0.0483048
0.0485633
0.0486483
0.0486671
0.0487376
0.0494535
0.0495535
0.0495535
0.0497604
0.0497604
0.0497753
0.0500057
0.0503562
0.050432
0.050432
0.051368
0.051368
0.051368
0.0523092
0.0523092
0.0496165
0.0506781
0.0510619
0.0513555
0.051564
0.051564
0.051565
0.0516028
0.0516094
0.0516106
0.0502587
0.0511854
0.0517646
0.0517646
0.0517646
0.0517827
0.0520519
0.0521854
0.0529307
0.0529949
0.0531546
0.0531877
0.0533528
0.0534382
0.0535694
0.0535875
0.0540058
0.0540127
0.0540535
0.0540693
0.0541544
0.0550305
0.0550334
0.0551263
0.0554948
0.0555682
0.0555682
0.0555899
0.0556341
0.0556595
0.0555975
0.0556807
0.0560339
0.0561246
0.0561246
0.0561246
0.0561466
0.0561554
0.0561633
0.0561657
0.0561657
0.0561683
0.0561704
0.0561711
0.0561728
0.0561738
0.0561751
0.0561751
0.0561751
0.0561867
0.0561867
0.0561871
0.0561873
0.0561873
0.0561874
0.0561874
0.0561874
0.0561874
0.0561874
0.0561875
0.0563255
0.0563256
0.0563257
0.0563257
0.0563257
0.0563257
0.0563974
0.0563974
0.0563974
0.0563975
0.0563975
0.0563975
0.0563992
0.0564315
0.0564804
0.0564804
0.0564804
0.0564804
0.0569645
0.0569645
0.0573416
0.0573416
0.0573416
0.0573416
0.0573416
0.0581989
0.0581989
0.0582295
0.0582295
0.0582295
0.058238
0.058238
0.058238
0.058238
0.058244
0.0582579
0.0582579
0.0583301
0.0583301
0.0583301
0.0583262
0.0583262
0.0583388
0.0583409
0.0583444
0.0583595
0.0583837
0.0585727
0.0585854
0.0585906
0.0586138
0.0586227
0.0586227
0.0586227
0.0586227
0.0586232
0.0586234
0.0586234
0.0586262
0.0586268
0.0586262
0.0586276
0.0586276
0.0586283
0.0586283
0.0586283
0.058629
0.058629
0.0586292
0.0586292
0.0586292
0.0586292
0.0586294
0.0586294
0.0586294
0.0586294
0.0586294
0.0586294
0.0586294
0.0586501
0.057015
0.0580741
0.0580741
0.0584511
0.0584511
0.0584512
0.0584512
0.0584512
0.0584512
0.0584512
0.0584512
0.0584512
0.0584513
0.0584513
0.0584513
0.0584513
0.0584513
0.0584513
0.0584513
0.0584513
0.0558572
0.0584023
0.0584261
0.0584589
0.0584589
0.0584678
0.0584727
0.0585174
0.0585656
0.0585656
0.0585656
0.0585658
0.0585664
0.0585674
0.058577
0.058577
0.05858
0.05858
0.0585816
0.0585843
0.0585844
0.0585844
0.0585844
0.0585861
0.0585877
0.0585883
0.0585884
0.0585884
0.0585885
0.0585891
0.0585891
0.0585891
0.0585891
0.0585892
0.0585893
0.0585893
0.0585893
0.0585894
0.0585894
0.0585894
0.0585895
0.0585895
0.0585895
0.0585895
0.0585895
0.0585896
0.0585896
0.0585896
0.0585896
0.0585896
0.0585896
0.0585896
0.0585896
0.0586634
0.0586634
0.0586887
0.0586887
0.0586897
0.0586921
0.0586921
0.0586922
0.0586927
0.0586931
0.0586933
0.0586935
0.0586936
0.0586936
0.0586936
0.0586937
0.0586938
0.0586938
0.0586938
0.0586938
0.0586938
0.0586938
0.0586938
0.058694
0.058694
0.058694
0.058694
0.0586941
0.0586941
0.0586941
0.0586941
0.0586941
0.0586941
0.0586941
0.0586941
0.0586941
0.0586942
0.0586943
0.0586943
0.0586943
0.0586943
0.0586943
0.0586943
0.0586943
0.0586943
0.0586943
0.0586943
0.0586943
0.0586943
0.0586943
0.0586943
0.0586943
0.0586943
0.0586943
0.0586943
0.0586943
0.0586943
0.0586943
0.0586943
0.0590327
0.0590327
0.0590397
0.0590397
0.0590419
0.0590794
0.0590794
0.05908
0.0590709
0.0590709
0.0590769
0.0590769
0.0590791
0.0590923
0.0590923
0.0590936
0.0590936
0.0590958
0.0590954
0.0590966
0.0590989
0.0591003
0.0591003
0.0591048
0.0591048
0.0591055
0.0591058
0.0591058
0.0591061
0.0591068
0.0591068
0.059108
0.0591088
0.0591102
0.0591102
0.0591107
0.0591108
0.0591109
0.059111
0.0591111
0.0591111
0.0591112
0.0591112
0.0591112
0.0591112
0.0591113
0.0591113
0.0591113
0.0591113
0.0591113
0.0591113
0.0591113
0.0591113
0.0591113
0.0591113
0.0591113
0.0591113


0.0102027
0.0105505
0.0106362
0.0106362
0.0112005
0.0112005
0.0112005
0.0114305
0.0117692
0.0119326
0.0119326
0.0118945
0.0126639
0.0126639
0.0127912
0.0127912
0.0128363
0.0130426
0.0131591
0.0131591
0.0131642
0.0133105
0.0136493
0.0138733
0.0138755
0.0140591
0.0141422
0.0141422
0.0141433
0.0143537
0.0146209
0.0144691
0.0147865
0.0147865
0.0147867
0.0147867
0.0148397
0.0148684
0.015202
0.0153512
0.0153512
0.015364
0.01538
0.0154407
0.01545
0.015518
0.0156054
0.0156936
0.0159736
0.0159736
0.0160119
0.016023
0.0160411
0.0160411
0.0160446
0.0160724
0.0160764
0.0161194
0.0161194
0.0161196
0.0161648
0.0161748
0.0161788
0.0161946
0.0161946
0.0162346
0.0163997
0.0164
0.0164117
0.0164131
0.0164344
0.0164559
0.0164703
0.0165061
0.0165445
0.0165447
0.0165484
0.0165485
0.0165505
0.0165596
0.0165597
0.0165609
0.0165619
0.0165632
0.0165649
0.0165652
0.0165652
0.0165656
0.0165661
0.0165662
0.0165671
0.0165671
0.0165671
0.0165676
0.0165677
0.0165677
0.0165677
0.0165678
0.0166506
0.0166506
0.0166506
0.016674
0.016674
0.016674
0.016674
0.016674
0.016674
0.016674
0.016674
0.016674
0.016674
0.0165032
0.0191597
0.0205284
0.0205457
0.0205457
0.0209284
0.0226964
0.0226964
0.0226964
0.0237411
0.0260254
0.0264331
0.0264331
0.0280258
0.0300287
0.0300845
0.0375249
0.0375249
0.0375249
0.040126
0.0432957
0.0445831
0.0480812
0.0494413
0.0494543
0.0494584
0.04946
0.056905
0.0602548
0.0616989
0.062876
0.0629251
0.0637321
0.0654961
0.067507
0.0683573
0.0683573
0.0693589
0.0703273
0.0703319
0.0703337
0.0703337
0.0708976
0.0746789
0.0769174
0.0769174
0.0819428
0.0859772
0.0897128
0.0920105
0.0850293
0.0856725
0.0907526
0.0907526
0.0923552
0.0977121
0.0988473
0.0990744
0.101244
0.103162
0.10368
0.104893
0.112074
0.112074
0.112074
0.112394
0.112394
0.112995
0.114178
0.114571
0.116126
0.116188
0.119063
0.119468
0.119468
0.124277
0.124589
0.140722
0.140746
0.141256
0.136301
0.136639
0.140314
0.144938
0.145199
0.148664
0.148664
0.151979
0.152813
0.154833
0.157678
0.159366
0.159922
0.167898
0.168002
0.16815
0.170419
0.17052
0.171866
0.175292
0.174682
0.175552
0.175726
0.17584
0.17584
0.175882
0.175914
0.177687
0.1786
0.178717
0.179348
0.179994
0.179994
0.180599
0.180643
0.188542
0.188542
0.191077
0.192541
0.192611
0.193131
0.193144
0.193221
0.193225
0.193339
0.193661
0.193661
0.193711
0.19581
0.195966
0.195756
0.195927
0.19597
0.19597
0.195983
0.196422
0.196671
0.19736
0.197575
0.197575
0.198131
0.198131
0.198132
0.198476
0.198827
0.198827
0.198827
0.198832
0.198837
0.199
0.199065
0.199182
0.199375
0.199379
0.199458
0.199458
0.199599
0.199616
0.199616
0.199617
0.199629
0.199632
0.199691
0.199692
0.199692
0.199692
0.199692
0.199695
0.199834
0.199872
0.199839
0.199961
0.200038
0.200053
0.200053
0.200091
0.200091
0.200105
0.200107
0.200107
0.200105
0.200105
0.200107
0.200107
0.200111
0.20013
0.200137
0.20014
0.20014
0.200151
0.200151
0.200151
0.200155
0.200155
0.200164
0.200167
0.200167
0.200167
0.200167
0.200169
0.200169
0.20017
0.200172
0.200172
0.200173
0.200173
0.200174
0.200174
0.200174
0.200174
0.200176
0.200178
0.200178
0.200179
0.200179
0.200179
0.20018
0.20018
0.20018
0.20018
0.20018
0.20018
0.20018
0.20018
0.20018
0.20018
0.20018
0.20018
0.200181
0.200181
0.200181
0.200181
0.200181
0.200181
0.200181
0.200181
0.200181
0.200181
0.200181
0.200181
0.200181
0.200181
0.200181
0.200181
0.200181
0.200181
0.200181
0.200181
0.200181
0.200181
0.200181
0.200181
0.200181
0.200181
0.200181
0.200181
0.200181
0.200181
0.200181
0.200181
0.200181
0.200181
0.200181
0.200181
0.200181
0.200181
0.200181
0.200181
0.200181
0.200181
0.200181
0.200181
0.200181
0.200181
0.200181
0.200181
0.200181
0.200181
0.200181
0.200181
0.200181
0.200181
0.200181
0.200181
0.200181
0.200181
0.200181
0.200181
0.200181


0.00557168
0.00565206
0.00575472
0.00575472
0.00627763
0.00631982
0.00631982
0.00633423
0.00634414
0.00639087
0.00639087
0.00638822
0.00638831
0.00638906
0.00638906
0.00674149
0.00684668
0.00684668
0.0068804
0.00703508
0.00714462
0.00677585
0.00682704
0.00689509
0.00689509
0.00689509
0.00712607
0.00712607
0.00716535
0.00716535
0.00716535
0.00677581
0.00715825
0.00724536
0.00725846
0.00758323
0.00758323
0.00759787
0.00769191
0.00774517
0.00782168
0.00774845
0.00782081
0.00782345
0.00784618
0.00784644
0.00786612
0.00790029
0.0079011
0.00790135
0.00797219
0.00803982
0.00806768
0.00812285
0.00812285
0.00831612
0.00839716
0.00839716
0.00847394
0.00847394
0.00858138
0.00852703
0.0086442
0.0086442
0.00865953
0.00876476
0.00878905
0.00890891
0.00898699
0.00898718
0.00899343
0.00899343
0.00902128
0.0090605
0.00906906
0.00908008
0.0091466
0.00918924
0.00923063
0.00925032
0.00925032
0.00927013
0.00927056
0.00928911
0.00928911
0.00931274
0.00934094
0.00934167
0.00937374
0.00939882
0.00941075
0.00936889
0.00940434
0.00952625
0.00955122
0.00956112
0.00957009
0.00964732
0.00964732
0.00965595
0.00965676
0.00963709
0.00973619
0.00978178
0.00978178
0.009783
0.00981578
0.00987663
0.00988514
0.0098934
0.00990273
0.00990577
0.00993488
0.00993488
0.00993586
0.00993944
0.00993944
0.0099565
0.00995694
0.00995794
0.00995926
0.00995906
0.00995911
0.00996028
0.00996028
0.00996028
0.00996509
0.00996509
0.00996548
0.00996802
0.00996802
0.00996801
0.00996801
0.00996852
0.00996852
0.0101148
0.0101209
0.0101627
0.0101631
0.0101631
0.0101634
0.0101661
0.0101661
0.0101661
0.0101668
0.0101668
0.0101685
0.0101691
0.0101699
0.01017
0.0101724
0.0101726
0.0101727
0.0101738
0.0101739
0.0101739
0.0101739
0.010174
0.010174
0.010174
0.0101743
0.0101743
0.0101743
0.0101744
0.0101744
0.0101744
0.0101744
0.0101744
0.0101744
0.0101744
0.0101745
0.0101745
0.0101745
0.0101745
0.0101745
0.0101745
0.0101745
0.0101745
0.0101745
0.0101745
0.0101745
0.0101745
0.0101745
0.0101745
0.0101745
0.0101745
0.0101745
0.0101745
0.0101745
0.0101745
0.0101745
0.0101745
0.0101745
0.0101745
0.0101745
0.0101745
0.0101745
0.0101745
0.0101745
0.0101745
0.0101745
0.0101745
0.0101745
0.0101745
0.0101745
0.0101745
0.0101745
0.0101745
0.0101745
0.0101745
0.0101745
0.0101745
0.0101745
0.0101745
0.0101745
0.0101745
0.0101745
0.0101745
0.0101745
0.0101745
0.0101745
0.0101745
0.0101745
0.0101745
0.0101745
0.0101745
0.0101745
0.0101745
0.0101745
0.0101745
0.0101745
0.0101745
0.0101745
0.0101745
0.0101745
0.0101745
0.0101745
0.0101745
0.0101745
0.0101745
0.0101745
0.0101745
0.0101745
0.0101745
0.0101745
0.0101745
0.0101745
0.0101745
0.0101745
0.0101745
0.0101745
0.0101745
0.0101745
0.0101745
0.0101745
0.0101745
0.0101745
0.0101745
0.0101745
0.0101745
0.0101745
0.0101745
0.0101745
0.0101745
0.0101745
0.0101745
0.0101745
0.0101745
0.0101745
0.0101745
0.0101745
0.0101745
0.0101745
0.0101745
0.0101745
0.0101745
0.0101745
0.0101745
0.0101745
0.0101745
0.0101745
0.0101745
0.0101745
0.0101745
0.0101745
0.0101745
0.0101745
0.0101745
0.0101745
0.0101745
0.0101745
0.0101745
0.0101745
0.0101745
0.0101745
0.0101745
0.0101745
0.0101745
0.0101745
0.0101745
0.0101745
0.0101745
0.0101745
0.0101745
0.0101745
0.0101745
0.0101745
0.0101745
0.0101745
0.0101745
0.0101745
0.0101745
0.0101745
0.0101745
0.0101745
0.0101745
0.0101745
0.0101745
0.0101745
0.0101745
0.0101745
0.0101745
0.0101745
0.0101745
0.0101745
0.0101745
0.0101745
0.0101745
0.0101745
0.0101745
0.0101745
0.0101745
0.0101745
0.0101745
0.0101745
0.0101745
0.0101745
0.0101745
0.0101745
0.0101745
0.0101745
0.0101745
0.0101745
0.0101745
0.0101745
0.0101745
0.0101745
0.0101745
0.0101745
0.0101745
0.0101745
0.0101745
0.0101745
0.0101745
0.0101745
0.0101745
0.0101745
0.0101745
0.0101745
0.0101745
0.0101745
0.0101745
0.0101745
0.0101745
0.0101745
0.0101745
0.0101745
0.0101745
0.0101745
0.0101745
0.0101745
0.0101745
0.0101745
0.0101745
0.0101745
0.0101745
0.0101745
0.0101745
0.0101745
0.0101745
0.0101745
0.0101745
0.0101745
0.0101745
0.0101745
0.0101745
0.0102184
0.0102222
0.0102228
0.0102228
0.0102228
0.0102226
0.0102228
0.0102228
0.0102228
0.0102228
0.0102228
0.0102228
0.0102228
0.0102228


0.00606145
0.00624436
0.00624556
0.00630685
0.0065933
0.00662749
0.00665942
0.00681829
0.00720847
0.00742564
0.00742564
0.00742901
0.00742901
0.00781129
0.00781129
0.00802058
0.00802058
0.00834732
0.00875408
0.00875869
0.00876748
0.00886464
0.00887101
0.00895941
0.00905482
0.00907252
0.00908885
0.00908885
0.00909719
0.00913716
0.00918844
0.00921223
0.00927557
0.00927709
0.00930795
0.00935116
0.00936602
0.00937951
0.00942766
0.00943022
0.0094638
0.00946584
0.00947114
0.00961352
0.00970538
0.00970538
0.00975386
0.00975676
0.00982608
0.00987873
0.00989489
0.00989528
0.00992722
0.00993388
0.00993697
0.00997305
0.0100189
0.0100192
0.0100329
0.0101769
0.0101831
0.0101831
0.0101832
0.0101832
0.0102416
0.0102416
0.0102674
0.0102674
0.0102674
0.0102675
0.0102861
0.0102861
0.0102861
0.0102923
0.0102949
0.0102949
0.0103001
0.0103001
0.0103021
0.0103099
0.0103099
0.01031
0.01031
0.0103114
0.0103114
0.010312
0.0103123
0.0103124
0.0103124
0.0103126
0.0103126
0.0103126
0.0103126
0.0103127
0.0103128
0.0103128
0.0103128
0.0103129
0.0103129
0.0103129
0.0103129
0.0103129
0.0103129
0.0103129
0.0103129
0.0103129
0.0103129
0.0103129
0.0103129
0.0103129
0.0103129
0.0103129
0.0103129
0.0103129
0.0106392
0.0106392
0.0106392
0.0118359
0.0118359
0.0122966
0.0124182
0.0152021
0.0177612
0.0227026
0.0269539
0.0291698
0.0333338
0.0333338
0.0335615
0.0335615
0.0347577
0.0359123
0.0380917
0.0443386
0.0443386
0.0480522
0.0509687
0.0509687
0.0511912
0.0511912
0.0529425
0.0557691
0.0603068
0.0603068
0.0652732
0.0652732
0.0669069
0.0674284
0.0674284
0.0775144
0.0833617
0.0833617
0.0833617
0.0874946
0.0950394
0.0950394
0.0965491
0.102614
0.104768
0.104768
0.106213
0.107017
0.108587
0.110249
0.110249
0.111508
0.112496
0.112496
0.115916
0.115916
0.116282
0.116282
0.116282
0.11741
0.117931
0.118945
0.12043
0.121883
0.121883
0.122499
0.122624
0.122619
0.123026
0.1231
0.123469
0.124152
0.124232
0.124686
0.124894
0.124894
0.125058
0.125119
0.125225
0.125235
0.125324
0.125324
0.125625
0.125625
0.125661
0.1257
0.125812
0.125748
0.125883
0.125937
0.125937
0.125984
0.126055
0.12608
0.126105
0.126136
0.12615
0.126219
0.126219
0.12626
0.12626
0.126262
0.126262
0.126297
0.126297
0.12632
0.126325
0.126325
0.126325
0.126331
0.126334
0.12634
0.126342
0.12635
0.126356
0.126359
0.126364
0.126364
0.126367
0.126367
0.126368
0.126368
0.126372
0.126372
0.126373
0.126374
0.126374
0.126376
0.126377
0.126377
0.126377
0.126377
0.126379
0.126379
0.12638
0.12638
0.12638
0.126381
0.126381
0.126381
0.126381
0.126381
0.126381
0.126381
0.126381
0.126381
0.126381
0.126381
0.126381
0.126381
0.126381
0.126381
0.126381
0.126381
0.126381
0.126381
0.126382
0.126382
0.126382
0.126382
0.126382
0.126382
0.126382
0.126382
0.126382
0.126382
0.126382
0.126382
0.126382
0.126382
0.126382
0.126382
0.126382
0.126382
0.126382
0.126382
0.126382
0.126382
0.126382
0.126382
0.126382
0.126382
0.126382
0.126382
0.126382
0.126382
0.126382
0.126382
0.126382
0.126382
0.126382
0.126382
0.126382
0.126382
0.126382
0.126382
0.126382
0.126382
0.126382
0.126382
0.126382
0.126382
0.126382
0.126382
0.126382
0.126382
0.126382
0.126382
0.126382
0.126382
0.126382
0.126382
0.126382
0.126382
0.126382
0.126382
0.126382
0.126382
0.126382
0.126382
0.126382
0.126382
0.126382
0.126382
0.126382
0.126382
0.126382
0.126382
0.126382
0.126382
0.126382
0.126382
0.126382
0.126382
0.126382
0.126382
0.126382
0.126382
0.126382
0.126382
0.126382
0.126382
0.126382
0.126382
0.126386
0.126389
0.126393
0.126395
0.126395
0.126396
0.126396
0.126397
0.126398
0.126398
0.126399
0.126399
0.126399
0.126399
0.126399
0.126399
0.126399
0.126399
0.1264
0.1264
0.1264
0.1264
0.1264
0.1264
0.126404
0.126404
0.126404
0.126404
0.126404
0.126405
0.126405
0.126405
0.126405
0.126405
0.126405
0.126405
0.126407
0.12641
0.12641
0.126412
0.126412
0.126412


0.0095725
0.0096581
0.0103275
0.0103275
0.0103483
0.0106998
0.010781
0.0109015
0.0110092
0.0110092
0.011808
0.0119764
0.0119764
0.0119801
0.0126011
0.0126011
0.0126024
0.0127876
0.0127876
0.0127977
0.012828
0.0128702
0.0129273
0.0129766
0.0130196
0.0130234
0.0130989
0.0136014
0.0137276
0.0140434
0.014046
0.0140831
0.0141831
0.0142318
0.0142411
0.0142411
0.0142641
0.0142641
0.014474
0.014474
0.0145142
0.0141979
0.0144714
0.0144809
0.0145214
0.0147968
0.0147968
0.015081
0.0150859
0.0150862
0.0150968
0.0151949
0.0151968
0.0153422
0.015354
0.0156323
0.0157477
0.0158487
0.0158884
0.0161895
0.0169351
0.0169818
0.0171715
0.0173331
0.0173438
0.0173472
0.0173509
0.0173912
0.017444
0.0174466
0.0174705
0.0174952
0.0176202
0.0265054
0.0269918
0.0306262
0.0306262
0.0307239
0.0367736
0.0435135
0.0435144
0.0444224
0.044804
0.044804
0.0459927
0.0459927
0.0467002
0.0541664
0.0541665
0.054358
0.0546558
0.0560365
0.0581284
0.0591034
0.0591034
0.0619469
0.0634784
0.0638845
0.06833
0.06833
0.0686892
0.0696542
0.0707404
0.0729449
0.0735924
0.0748307
0.0748351
0.075632
0.075632
0.0764225
0.0764225
0.0764225
0.0774845
0.0775347
0.0775347
0.0780872
0.0780872
0.0781433
0.0783333
0.0784416
0.0786133
0.0787323
0.078764
0.078764
0.0788951
0.0788951
0.0789535
0.0789681
0.0789681
0.078992
0.078992
0.078992
0.0790779
0.0790779
0.0791005
0.0791684
0.0792198
0.0792198
0.0792198
0.0792366
0.0792366
0.0792366
0.0792401
0.0792401
0.0792461
0.0792461
0.0792494
0.0792507
0.0792588
0.0792613
0.0792613
0.0792605
0.0792671
0.0792708
0.0792708
0.0792756
0.0792756
0.0792778
0.0792782
0.0792787
0.0792787
0.0792794
0.0792798
0.07928
0.0792823
0.0792823
0.0792823
0.0792834
0.0792839
0.0792839
0.0792842
0.0792843
0.0792843
0.0792844
0.0792845
0.0792847
0.0792847
0.0792854
0.0792855
0.0792856
0.0792857
0.0792859
0.079286
0.079286
0.0792862
0.0792862
0.0792862
0.0792862
0.0792863
0.0792864
0.0792865
0.0792865
0.0792865
0.0792865
0.0792865
0.0792865
0.0792866
0.0792866
0.0792866
0.0792866
0.0792866
0.0792866
0.0792866
0.0792866
0.0792866
0.0792867
0.0792867
0.0792867
0.0792867
0.0792867
0.0792867
0.0792867
0.0792867
0.0792867
0.0792867
0.0792867
0.0792867
0.0792867
0.0792867
0.0792867
0.0792867
0.0792867
0.0792867
0.0792867
0.0792867
0.0792867
0.0792867
0.0792867
0.0792867
0.0792867
0.0792867
0.0792867
0.0792867
0.0792867
0.0792867
0.0792867
0.0792867
0.0792867
0.0792867
0.0792867
0.0792867
0.0792867
0.0792867
0.0792867
0.0792867
0.0792867
0.0792867
0.0792867
0.0792867
0.0792867
0.0792867
0.0792867
0.0792867
0.0792867
0.0792867
0.0792867
0.0792867
0.0792867
0.0792867
0.0792867
0.0792867
0.0792867
0.0792867
0.0792867
0.0792867
0.0792867
0.0792867
0.0792867
0.0792867
0.0792867
0.0792867
0.0792867
0.0792867
0.0792867
0.0792867
0.0792867
0.0792867
0.0792867
0.0792867
0.0792867
0.0792867
0.0792867
0.0792867
0.0792867
0.0792867
0.0792867
0.0792867
0.0792867
0.0792867
0.0792867
0.0792867
0.0792867
0.0792867
0.0792867
0.0792867
0.0792867
0.0792867
0.0792867
0.0792867
0.0792867
0.0792867
0.0792867
0.0792867
0.0792867
0.0792867
0.0792867
0.0792867
0.0792867
0.0792867
0.0792867
0.0792867
0.0792867
0.0792867
0.0792867
0.0792867
0.0792867
0.0792867
0.0792867
0.0792867
0.0792867
0.0792867
0.0792867
0.0792867
0.0792867
0.0792867
0.0792867
0.0792867
0.0792867
0.0792867
0.0792867
0.0792867
0.0792867
0.0792867
0.0792867
0.0792867
0.0792867
0.0792867
0.0792867
0.0792867
0.0792867
0.0792867
0.0792867
0.0792867
0.0792867
0.0792867
0.0792867
0.0792867
0.0792867
0.0792867
0.0792867
0.0792867
0.0792867
0.0792867
0.0792867
0.0792867
0.0792867
0.0792867
0.0792867
0.0792867
0.0792867
0.0792867
0.0792867
0.0799921
0.0799921
0.0799921
0.0799921
0.0799921
0.0799921
0.0799921
0.0799921
0.0799921
0.0793785
0.080265
0.080265
0.080265
0.080265
0.0806496
0.0811569
0.0811569
0.0819485
0.0823472
0.0824454
0.0824454
0.0824454
0.0824454
0.0824454
0.0824454
0.0824454
0.0824454
0.0824454
0.0824454
0.0803758
0.0837228
0.0837228
0.0837228
0.0840589
0.0864338
0.0864338
0.0864338
0.087366


0.00675876
0.00720729
0.0072973
0.0072973
0.0072973
0.00766894
0.00766894
0.00766901
0.00773344
0.00779594
0.00791504
0.00846698
0.00846698
0.00846845
0.00866019
0.00870845
0.00870845
0.0088232
0.00920419
0.00920419
0.00925839
0.0092825
0.0092871
0.00928726
0.00931562
0.00935901
0.0094563
0.00958248
0.00959054
0.00971287
0.00973506
0.009736
0.00975701
0.00977395
0.0103409
0.0105592
0.0105592
0.0105788
0.0106602
0.0106816
0.0107127
0.0107324
0.0107373
0.0107467
0.0107756
0.0107842
0.0107913
0.0107913
0.0108459
0.0108492
0.0109312
0.0114204
0.011423
0.0114273
0.0114273
0.0114464
0.0114631
0.0114723
0.0115578
0.0115585
0.0115585
0.0115569
0.0115795
0.0115957
0.0115962
0.0116281
0.0116494
0.0116707
0.0116956
0.0117016
0.0117076
0.0117076
0.0117613
0.0118241
0.0118241
0.0118285
0.0118287
0.0118391
0.0118394
0.0118439
0.0118511
0.0118577
0.0118634
0.0118708
0.0118784
0.0118843
0.0118843
0.0118867
0.0118875
0.0118884
0.0118891
0.01189
0.0118906
0.0118923
0.0118926
0.0118939
0.0118945
0.0118949
0.0118951
0.0118952
0.0118954
0.0118954
0.0118954
0.0118955
0.0118956
0.0118956
0.0118957
0.0118957
0.0118957
0.0118958
0.0118958
0.0118959
0.0118959
0.0118959
0.0118959
0.0118959
0.0118959
0.0118959
0.0118959
0.011896
0.011896
0.011896
0.011896
0.011896
0.011896
0.011896
0.011896
0.011896
0.011896
0.011896
0.011896
0.011896
0.011896
0.011896
0.011896
0.011896
0.011896
0.011896
0.011896
0.011896
0.011896
0.011896
0.011896
0.011896
0.011896
0.011896
0.011896
0.011896
0.011896
0.011896
0.011896
0.011896
0.011896
0.011896
0.011896
0.011896
0.011896
0.011896
0.011896
0.011896
0.011896
0.011896
0.011896
0.011896
0.011896
0.011896
0.011896
0.011896
0.011896
0.011896
0.011896
0.011896
0.011896
0.011896
0.011896
0.011896
0.011896
0.011896
0.011896
0.011896
0.011896
0.011896
0.011896
0.011896
0.011896
0.011896
0.011896
0.011896
0.011896
0.011896
0.011896
0.011896
0.011896
0.011896
0.011896
0.011896
0.011896
0.011896
0.011896
0.011896
0.011896
0.011896
0.011896
0.011896
0.011896
0.011896
0.011896
0.011896
0.011896
0.011896
0.011896
0.011896
0.011896
0.011896
0.011896
0.011896
0.011896
0.011896
0.011896
0.011896
0.011896
0.011896
0.011896
0.011896
0.011896
0.011896
0.011896
0.011896
0.011896
0.011896
0.011896
0.011896
0.011896
0.011896
0.011896
0.011896
0.011896
0.011896
0.011896
0.011896
0.011896
0.011896
0.011896
0.011896
0.011896
0.011896
0.011896
0.011896
0.011896
0.011896
0.011896
0.011896
0.011896
0.011896
0.011896
0.011896
0.011896
0.011896
0.011896
0.011896
0.011896
0.011896
0.011896
0.011896
0.011896
0.011896
0.011896
0.011896
0.011896
0.011896
0.011896
0.011896
0.011896
0.011896
0.011896
0.011896
0.011896
0.011896
0.011896
0.011896
0.011896
0.0119336
0.0120553
0.0120947
0.0120947
0.0120947
0.0120982
0.0120982
0.0120982
0.0120982
0.012124
0.0121406
0.0121406
0.0121406
0.0121441
0.012148
0.0121488
0.0121512
0.0121512
0.0121527
0.0121532
0.0121532
0.0121546
0.0121551
0.0121562
0.0121571
0.0121579
0.0121594
0.0121597
0.0121599
0.0121602
0.0121604
0.0121612
0.0121618
0.0121618
0.0121618
0.0121619
0.0121619
0.0121621
0.0121621
0.0121621
0.0121626
0.012163
0.0121634
0.0121634
0.0121635
0.0121635
0.0121637
0.0121637
0.0121637
0.0121638
0.0121638
0.0121639
0.0121639
0.012164
0.012164
0.012164
0.012164
0.012164
0.012164
0.012164
0.0121641
0.0121641
0.0121641
0.0121641
0.0121641
0.0121641
0.0121641
0.0121641
0.0121642
0.0121642
0.0121642
0.0121642
0.0121642
0.0121642
0.0121642
0.0121642
0.0121642
0.0121642
0.0121642
0.0121642
0.0121642
0.0121642
0.0121642
0.0121642
0.0121642
0.0121642
0.0121642
0.0121642
0.0121642
0.0121642
0.0121642
0.0121642
0.0121642
0.0121642
0.0121643
0.0121643
0.0121643
0.0121643
0.0121649
0.0121649
0.0121645
0.0121653
0.0121653
0.0121657
0.0121659
0.0121662
0.0121669
0.012171
0.0121716
0.0121724
0.0121737
0.0121741
0.0121803
0.0121958
0.0121992
0.0122005
0.0122005
0.0122006
0.0122006


0.00699692
0.00709582
0.00718684
0.00722715
0.00758365
0.00768563
0.00775456
0.00775616
0.00775616
0.0077583
0.00810592
0.00720444
0.00775942
0.00792301
0.00792315
0.00792315
0.00799037
0.00799037
0.00801754
0.00802997
0.00802997
0.008072
0.00807962
0.00828198
0.00828791
0.00830782
0.00831321
0.00845762
0.00853727
0.0085683
0.00864859
0.00866641
0.0087096
0.00872502
0.00872502
0.00872502
0.0087279
0.00874407
0.00877005
0.00880459
0.0088106
0.00891822
0.00895103
0.00895103
0.00897814
0.00912472
0.00914331
0.00914465
0.00915706
0.0091585
0.00929724
0.00889212
0.00925644
0.00926925
0.00927053
0.00927525
0.00927525
0.00927587
0.00930783
0.00930817
0.00930939
0.00932468
0.00932468
0.00936328
0.00939676
0.00941138
0.00942294
0.00942294
0.00942421
0.00967889
0.00967889
0.00984856
0.00984863
0.00984868
0.00994526
0.00994526
0.00994528
0.0100107
0.0100107
0.0100475
0.0100839
0.0102578
0.0103093
0.010324
0.0103473
0.0103473
0.0103473
0.0103605
0.0103632
0.0103881
0.0104121
0.010414
0.0104257
0.0105461
0.0105532
0.0106129
0.010615
0.010615
0.0106216
0.0106264
0.0106264
0.0106287
0.0106294
0.0106475
0.0106504
0.0107463
0.0107464
0.0107465
0.0107801
0.0107801
0.0112664
0.0114097
0.0115078
0.0115247
0.0115322
0.0115322
0.0115522
0.0115559
0.0115559
0.0115589
0.0115677
0.0115677
0.0115754
0.0115803
0.0115827
0.0115845
0.011588
0.0115939
0.0115971
0.0116002
0.0116002
0.0116042
0.0116047
0.0116047
0.0116048
0.0116051
0.0116057
0.0116059
0.0116063
0.0116064
0.0116065
0.0116066
0.0116067
0.0116071
0.0116071
0.0116074
0.0116074
0.0116075
0.0116075
0.0116075
0.0116075
0.0116076
0.0116076
0.0116076
0.0116076
0.0116076
0.0116076
0.0116076
0.0116076
0.0116077
0.0116077
0.0116077
0.0116077
0.0116077
0.0116077
0.0116077
0.0116077
0.0116077
0.0116077
0.0116077
0.0116077
0.0116077
0.0116077
0.0116077
0.0116077
0.0116077
0.0116077
0.0116077
0.0116077
0.0116077
0.0116077
0.0116077
0.0116077
0.0116077
0.0116077
0.0116077
0.0116077
0.0116077
0.0116077
0.0116077
0.0116077
0.0116077
0.0116077
0.0116077
0.0116077
0.0116077
0.0116077
0.0116077
0.0116077
0.0116077
0.0116077
0.0116077
0.0116077
0.0116077
0.0116077
0.0116077
0.0116077
0.0116077
0.0116077
0.0116077
0.0116077
0.0116077
0.0116077
0.0116077
0.0116077
0.0116077
0.0116077
0.0116077
0.0116077
0.0116077
0.0116077
0.0116077
0.0116077
0.0116077
0.0116077
0.0116077
0.0116077
0.0116077
0.0116077
0.0116077
0.0116077
0.0116077
0.0116077
0.0116077
0.0116077
0.0116077
0.0116077
0.0116077
0.0116077
0.0116077
0.0116077
0.0116077
0.0116077
0.0116077
0.0116077
0.0116077
0.0116077
0.0116077
0.0116077
0.0116077
0.0116077
0.0116077
0.0116077
0.0116077
0.0116077
0.0116077
0.0116077
0.0116077
0.0116077
0.0116077
0.0116077
0.0116228
0.0116228
0.0116233
0.0116271
0.0116368
0.0116418
0.0116429
0.0116456
0.0116456
0.0116462
0.0116468
0.0116469
0.011647
0.011647
0.011647
0.0116472
0.0116473
0.0116473
0.0116474
0.0116476
0.0116478
0.0116479
0.011648
0.011648
0.0116481
0.0116481
0.0116482
0.0116482
0.0116482
0.0116482
0.0116482
0.0116482
0.0116482
0.0116482
0.0116482
0.0116552
0.0116617
0.0116846
0.0116869
0.0116987
0.0117196
0.0117315
0.011733
0.011733
0.011735
0.011735
0.0117372
0.0117372
0.0117373
0.0117376
0.0117375
0.0117381
0.0117381
0.0117381
0.0117381
0.0117381
0.0117383
0.0117383
0.0117383
0.0117387
0.011739
0.011739
0.0117393
0.0117393
0.0117394
0.0117394
0.0117395
0.0117413
0.0117414
0.0117414
0.0117415
0.0117415
0.0117415
0.011743
0.0117455
0.0117461
0.0117464
0.0117506
0.0117525
0.0117542
0.0117543
0.0117551
0.0117552
0.0117552
0.0117552
0.0117552
0.0117552
0.0117553
0.0117554
0.0118202
0.0117954
0.0117954
0.0117954
0.0118041
0.0118041
0.0118041
0.0118041
0.0118041
0.0118041
0.0118041
0.011799
0.011799
0.011799
0.011799
0.0118217
0.0118217
0.011834
0.0118352
0.0118519
0.0118519
0.0118504
0.0118594
0.0118698
0.0118698
0.0118701
0.0118701
0.0118709
0.0118709
0.0118714
0.0118985
0.0121807
0.0121807
0.0121807
0.0121807
0.0121819
0.0121819
0.012187
0.0122113
0.0122113
0.0122113
0.0122454
0.0122683
0.0123006
0.0126042
0.0126042
0.0126042
0.0126108
0.0126108
0.0126108


0.00880675
0.00910744
0.00920261
0.00931919
0.00931919
0.00951338
0.00972067
0.00972067
0.00975281
0.00978285
0.00998795
0.00937057
0.00983842
0.00993552
0.00993552
0.0100262
0.0100262
0.0104721
0.0104734
0.0104734
0.0107497
0.0108143
0.0108143
0.0108143
0.0108512
0.0108803
0.010885
0.010886
0.0110827
0.0111086
0.0112227
0.0112585
0.0113919
0.0113958
0.0113958
0.011574
0.0116666
0.0117265
0.0117485
0.0117492
0.0117648
0.0119357
0.0119633
0.0119633
0.0120328
0.0121078
0.012224
0.0122414
0.0122414
0.0122425
0.0123132
0.0123156
0.0123906
0.0126228
0.0127258
0.0127258
0.0127283
0.0128939
0.0129021
0.0129041
0.0129062
0.0129065
0.0129073
0.0129077
0.0129166
0.0129473
0.0129481
0.0129502
0.012967
0.0129746
0.0130427
0.0131631
0.0131632
0.0131664
0.0131665
0.0131665
0.0131668
0.0131976
0.0132145
0.0132215
0.0132216
0.0132244
0.0132293
0.0132767
0.0132767
0.013289
0.0133479
0.0133479
0.0133491
0.0133991
0.0134057
0.0134544
0.0134654
0.0134798
0.0134823
0.0134825
0.0134825
0.0134889
0.0134943
0.0134962
0.0134962
0.0134998
0.0134998
0.013501
0.013501
0.013501
0.0135011
0.0135018
0.013502
0.0135024
0.0135025
0.0135025
0.0135026
0.0135027
0.0135027
0.0135028
0.0135028
0.0135028
0.0135028
0.0135028
0.0135029
0.0135029
0.0135029
0.0135029
0.0135029
0.0135029
0.0135029
0.0135029
0.0135029
0.0135029
0.0135029
0.0135029
0.0135029
0.0135029
0.0135029
0.0135029
0.0135029
0.0135029
0.0135029
0.0135029
0.0135029
0.0135029
0.0135029
0.0135029
0.0135029
0.0135029
0.0135029
0.0135029
0.0135029
0.0135029
0.0135029
0.0135029
0.0135029
0.0135029
0.0135029
0.0135029
0.0135029
0.0135029
0.0135029
0.0135029
0.0135029
0.0135029
0.0135029
0.0135029
0.0135029
0.0135029
0.0135029
0.0135029
0.0135029
0.0135029
0.0135029
0.0135029
0.0135029
0.0135029
0.0135029
0.0135029
0.0135029
0.0135029
0.0135029
0.0135029
0.0135029
0.0135029
0.0135029
0.0135029
0.0135029
0.0135029
0.0135029
0.0135029
0.0135029
0.0135029
0.0135029
0.0135029
0.0135029
0.0135357
0.0135642
0.0136549
0.0136549
0.0137996
0.0138834
0.0138931
0.0139732
0.0139732
0.0139732
0.0141174
0.0141174
0.014196
0.014196
0.014196
0.014196
0.014218
0.014218
0.0142111
0.0143075
0.0143075
0.0143075
0.0143105
0.014317
0.0143449
0.0143763
0.0143763
0.0143816
0.0143913
0.0143943
0.0143943
0.0143987
0.0143987
0.0144015
0.0144015
0.0144015
0.0144015
0.0144018
0.0144035
0.0144042
0.0144042
0.0144042
0.0144746
0.0144829
0.0144829
0.0144829
0.0144858
0.0147139
0.0147139
0.0147148
0.0147401
0.0147401
0.0147401
0.014742
0.0147439
0.0147458
0.0147476
0.0147476
0.0147479
0.0147814
0.0147814
0.0147814
0.0147937
0.0147937
0.0147937
0.0147946
0.014816
0.014816
0.0148143
0.0148143
0.0148143
0.0148216
0.0148216
0.0148248
0.0148248
0.0148259
0.0148281
0.0148288
0.0148313
0.0148314
0.0148314
0.0148314
0.0148314
0.0148318
0.0148328
0.0148328
0.0148329
0.0148329
0.0148329
0.0148331
0.0148331
0.0148331
0.0151346
0.0153581
0.0153581
0.0154686
0.0154686
0.0154758
0.0223441
0.0223441
0.025404
0.025404
0.025404
0.0289917
0.0547761
0.0547761
0.0597466
0.0600793
0.0643394
0.0643394
0.0716807
0.0718301
0.0785069
0.0802263
0.0802263
0.083243
0.0835951
0.0835951
0.0849732
0.0849732
0.0849732
0.0860294
0.127624
0.163141
0.163141
0.187832
0.191375
0.204608
0.202842
0.256852
0.256852
0.266486
0.279238
0.287837
0.300799
0.300801
0.320569
0.320569
0.334121
0.334501
0.348144
0.35641
0.370697
0.37449
0.380051
0.398992
0.398992
0.429965
0.433204
0.437598
0.437598
0.437598
0.46174
0.46174
0.46174
0.46632
0.46632
0.468312
0.471189
0.471863
0.478971
0.481492
0.484441
0.485359
0.487644
0.487644
0.490109
0.490157
0.489677
0.491907
0.491907
0.492073
0.492903
0.494512
0.49493
0.495096
0.49555
0.49557
0.496417
0.496669
0.496669
0.496669
0.496936
0.496949
0.497461
0.497461
0.497762
0.497762
0.497819
0.497819
0.497859
0.497859
0.497959
0.497959
0.497969
0.498001
0.498007
0.498007
0.498009
0.498009
0.498069
0.498069
0.498069
0.49808
0.498136
0.498147
0.498147


0.0101482
0.010518
0.0107238
0.011387
0.0116909
0.0116909
0.0118026
0.0118288
0.0118288
0.012104
0.012104
0.012104
0.012104
0.012104
0.012147
0.0123006
0.0124461
0.0127619
0.0127619
0.0127619
0.0128131
0.0128131
0.0128131
0.0128131
0.0133049
0.0133049
0.0134665
0.0134665
0.0138937
0.0139838
0.0139838
0.0139922
0.0140566
0.0140566
0.0142071
0.0144853
0.0144853
0.0145482
0.0146332
0.014694
0.0148849
0.0148892
0.0149597
0.0149597
0.0156803
0.0156884
0.0156997
0.0157027
0.0158403
0.0160094
0.0160396
0.0171417
0.020036
0.020036
0.0217698
0.0219577
0.0256
0.025658
0.0304697
0.0305207
0.0310665
0.0324101
0.0324191
0.0328586
0.0363508
0.0462802
0.0484097
0.0484984
0.0542978
0.0542978
0.0547362
0.0575015
0.0575025
0.0607001
0.0627082
0.0627082
0.0647423
0.0656153
0.0689449
0.072869
0.072869
0.0717993
0.0721014
0.0741752
0.0755687
0.0755687
0.0760061
0.076165
0.0778901
0.0780104
0.0788175
0.0785476
0.0792395
0.0795816
0.0797237
0.0800289
0.0800309
0.0802674
0.0804363
0.0804875
0.0811989
0.0812739
0.0814598
0.0816549
0.0817004
0.0818644
0.0819313
0.0819313
0.0820816
0.0820819
0.082082
0.082082
0.0821286
0.0821332
0.0821332
0.0821673
0.0821847
0.0821847
0.0822003
0.0822161
0.0822163
0.0822163
0.0822402
0.0822563
0.0822693
0.0822739
0.0822828
0.0822941
0.0822994
0.0822994
0.0823069
0.0823153
0.0823281
0.0823281
0.0823298
0.0823341
0.112604
0.112604
0.112886
0.119762
0.119762
0.119835
0.120562
0.120576
0.138153
0.138181
0.138181
0.138181
0.138181
0.140603
0.14242
0.14242
0.143934
0.143934
0.156019
0.157236
0.157237
0.160569
0.160569
0.162631
0.163894
0.163896
0.167041
0.167765
0.167766
0.169479
0.169479
0.169479
0.173178
0.173423
0.174983
0.175026
0.17682
0.178038
0.178038
0.180098
0.180098
0.183205
0.183205
0.183205
0.183205
0.183477
0.183686
0.183883
0.184478
0.185295
0.186763
0.186763
0.186848
0.186848
0.187544
0.187501
0.187953
0.187953
0.188155
0.188155
0.188155
0.188155
0.188254
0.188435
0.188551
0.188551
0.188571
0.188708
0.188876
0.188876
0.188876
0.188882
0.188882
0.188903
0.188954
0.188954
0.188973
0.189032
0.189032
0.189061
0.189078
0.189095
0.18913
0.18913
0.189131
0.189131
0.189131
0.189137
0.189155
0.189155
0.189208
0.18922
0.18922
0.18922
0.189254
0.189238
0.189238
0.189239
0.189252
0.189252
0.189254
0.189282
0.189286
0.189286
0.189286
0.189291
0.189298
0.189304
0.189304
0.189306
0.189306
0.189306
0.189306
0.189306
0.189306
0.189307
0.189307
0.189309
0.189309
0.189309
0.18931
0.18931
0.189313
0.189313
0.189314
0.189314
0.189314
0.189315
0.189315
0.189315
0.189316
0.189317
0.189317
0.189317
0.189317
0.189317
0.189317
0.189317
0.189317
0.189317
0.189318
0.189318
0.189318
0.189318
0.189318
0.189318
0.189318
0.189318
0.189319
0.189319
0.189319
0.189319
0.189319
0.189319
0.189319
0.189319
0.189319
0.189319
0.189319
0.189319
0.189319
0.189319
0.189319
0.189319
0.189319
0.18932
0.18932
0.18932
0.18932
0.18932
0.18932
0.18932
0.18932
0.18932
0.18932
0.18932
0.18932
0.18932
0.18932
0.18932
0.18932
0.18932
0.18932
0.18932
0.18932
0.18932
0.18932
0.18932
0.18932
0.18932
0.18932
0.18932
0.18932
0.18932
0.18932
0.18932
0.18932
0.18932
0.18932
0.18932
0.18932
0.18932
0.18932
0.18932
0.18932
0.18932
0.18932
0.18932
0.18932
0.18932
0.18932
0.18932
0.18932
0.18932
0.18932
0.18932
0.18932
0.18932
0.18932
0.18932
0.18932
0.18932
0.18932
0.18932
0.18932
0.18932
0.18932
0.18932
0.18932
0.18932
0.18932
0.18932
0.18932
0.18932
0.18932
0.18932
0.18932
0.18932
0.18932
0.18932
0.18932
0.18932
0.18932
0.18932
0.18932
0.18932
0.18932
0.18932
0.18932
0.18932
0.18932
0.18932
0.18932
0.18932
0.18932
0.18932
0.18932
0.18932
0.18932
0.18932
0.18932
0.18932
0.18932
0.18932


0.00791274
0.00815377
0.0086435
0.00880629
0.00889897
0.0089594
0.0089594
0.00895971
0.00895971
0.00930134
0.00961275
0.00961275
0.00961668
0.00961668
0.00977879
0.00978051
0.00998597
0.00998597
0.0101442
0.0101735
0.0101982
0.00999012
0.0100282
0.0100979
0.0101069
0.0104289
0.0104777
0.0106098
0.0106098
0.0106098
0.0106437
0.0107094
0.0107136
0.0107208
0.0107294
0.0107298
0.0107638
0.0107638
0.0110375
0.0110478
0.0110738
0.0109593
0.0110494
0.0111362
0.0111545
0.0111853
0.0112398
0.011274
0.0113184
0.0113383
0.0113913
0.0113913
0.0114366
0.0115599
0.0117208
0.0117571
0.0117571
0.0120936
0.0121294
0.0122487
0.0122545
0.0122739
0.0122782
0.0122918
0.0122929
0.0123202
0.0123354
0.0124183
0.0124265
0.012429
0.0124353
0.0124005
0.0124265
0.012428
0.0124461
0.0124466
0.0124487
0.0124847
0.0124856
0.0124856
0.0124905
0.0124909
0.0124973
0.0124984
0.0124997
0.0125
0.0125007
0.0125024
0.0125024
0.0125031
0.0125031
0.0125031
0.0125043
0.0125045
0.0125052
0.0125052
0.0125053
0.0125055
0.0125055
0.0125055
0.0125057
0.0125061
0.0125061
0.0125062
0.0125062
0.0125062
0.0125062
0.0125063
0.0125064
0.0125064
0.0125064
0.0125064
0.0125065
0.0125065
0.0125065
0.0125066
0.0125066
0.0125066
0.0125066
0.0125066
0.0125066
0.0125067
0.0125067
0.0125067
0.0125067
0.0125067
0.0125067
0.0125067
0.0125067
0.0126473
0.0127799
0.0123544
0.0125195
0.012848
0.012848
0.012848
0.012848
0.0128948
0.0129522
0.0129522
0.0129522
0.0129522
0.0129522
0.0129522
0.012964
0.0129657
0.0129657
0.0129657
0.0129684
0.0129684
0.0130607
0.0130015
0.0130015
0.0130039
0.0130039
0.0130058
0.0130058
0.013013
0.0130541
0.0130541
0.0130541
0.0130555
0.0130898
0.013093
0.0130951
0.0130998
0.0130998
0.0131005
0.0131005
0.0131184
0.0133011
0.0131338
0.0131563
0.0131563
0.0131569
0.0131592
0.0131592
0.0131598
0.0133095
0.0133107
0.0133107
0.0133124
0.0133137
0.0133137
0.0133137
0.0133143
0.0133183
0.0133267
0.0133267
0.0133594
0.0133735
0.0133673
0.0133722
0.0133722
0.0133895
0.0134158
0.0136506
0.0136507
0.0136867
0.0136871
0.0137066
0.013683
0.0137432
0.0137433
0.0137441
0.0137441
0.0137485
0.0137485
0.0137485
0.0137499
0.0137499
0.013748
0.0137484
0.0137484
0.013755
0.013755
0.013755
0.0137646
0.0137646
0.0137652
0.0137664
0.0137664
0.0137664
0.0137664
0.0137673
0.0137675
0.0137675
0.0137705
0.0137721
0.0137721
0.0137751
0.0137751
0.0137751
0.0137753
0.0137776
0.0137787
0.0137787
0.0137788
0.0137788
0.0137788
0.0137788
0.013779
0.013779
0.013779
0.013779
0.013779
0.0137791
0.0137791
0.0137791
0.0137791
0.0137791
0.0137791
0.0137791
0.0137791
0.0137791
0.0137791
0.0137791
0.0137791
0.0137791
0.0137791
0.0137791
0.0137791
0.0137791
0.0137791
0.0137791
0.0137791
0.0137791
0.0137791
0.0137791
0.0137791
0.0137791
0.0137791
0.0137791
0.0137791
0.0137791
0.0137791
0.0137791
0.0137791
0.0137791
0.0137791
0.0137791
0.0137791
0.0137791
0.0137791
0.0137791
0.0137791
0.0137791
0.0137791
0.0137791
0.0137791
0.0137791
0.0137791
0.0137791
0.0137791
0.0137791
0.0137791
0.0137791
0.0137791
0.0137791
0.0137791
0.0137791
0.0137791
0.0137791
0.0137791
0.0137791
0.0137791
0.0137791
0.0137791
0.0137791
0.0137791
0.0137791
0.0137791
0.0137791
0.0137791
0.0137791
0.0137791
0.0137791
0.0137791
0.0137791
0.0137791
0.0137791
0.0137791
0.0137791
0.0137791
0.0137791
0.0137791
0.0137791
0.0137791
0.0137791
0.0137791
0.0137791
0.0137791
0.0137791
0.0137791
0.0137791
0.0137791
0.0137791
0.0137791
0.0137791
0.0137914
0.0137929
0.0137901
0.0137939
0.0137963
0.013798
0.0137984
0.0137986
0.0137997
0.0138004
0.0138009
0.0138017
0.0138021
0.0138021
0.0138023
0.0138023
0.0138023
0.0138023
0.0138023
0.0138024
0.0138024
0.0138024
0.0138025
0.0138026
0.0138027
0.0138028
0.0138031
0.0138032
0.0138032
0.0138033
0.013804
0.0138044
0.0138048
0.0138057
0.0138061
0.0138061
0.0138061
0.0138064
0.0138065
0.0138066
0.0138066
0.013807
0.0138074
0.0138075
0.013809
0.0138102
0.0138119
0.0138124
0.0138131
0.0138131
0.0138136
0.0138136
0.0138136
0.0138137
0.0138138
0.0138138
0.0138138
0.0138138
0.0138138
0.0138138
0.0138138


0.00624038
0.00668467
0.006773
0.00694501
0.00707481
0.00710105
0.00725263
0.00725263
0.00744032
0.00775474
0.00775474
0.00788726
0.00788726
0.00788726
0.00811431
0.00819011
0.00823099
0.00823099
0.0082346
0.00834716
0.00834802
0.00845748
0.00845834
0.00857163
0.00876071
0.00876071
0.00887995
0.00890624
0.00893828
0.00899417
0.00899417
0.00943327
0.00943327
0.0094751
0.00963547
0.00964614
0.00964671
0.00964844
0.00965917
0.00967522
0.00967522
0.00967796
0.00972738
0.00973975
0.00974013
0.0097428
0.0097771
0.00982409
0.00987144
0.00987144
0.00997504
0.0100675
0.0100675
0.0101069
0.01025
0.0102672
0.0103015
0.0103782
0.0103782
0.010379
0.0103955
0.0103939
0.0104278
0.0104281
0.0104387
0.0104405
0.0104437
0.0104444
0.0104466
0.0104493
0.0104597
0.010459
0.0104748
0.0104773
0.0104774
0.0104779
0.0107802
0.0107803
0.010782
0.010782
0.0109219
0.010934
0.010934
0.0109342
0.0109342
0.0109343
0.0109349
0.010935
0.0109535
0.0109616
0.0109616
0.0109877
0.010995
0.010995
0.0110175
0.0110659
0.0110659
0.0110659
0.0110666
0.0110666
0.0110673
0.0110683
0.0110718
0.0110797
0.0110839
0.0110839
0.0111029
0.0111045
0.0111066
0.0111066
0.0111066
0.011107
0.011107
0.011107
0.011107
0.0111082
0.0111082
0.0111082
0.011109
0.011109
0.0111104
0.0111104
0.0111117
0.0111117
0.0111132
0.0111151
0.0111152
0.0122891
0.014436
0.014436
0.0145066
0.015242
0.0163381
0.0211746
0.0211746
0.0222053
0.0222053
0.022727
0.022727
0.022727
0.022727
0.0315514
0.0328941
0.0328941
0.0328941
0.0357206
0.0378734
0.0378734
0.0401899
0.0402942
0.043869
0.043869
0.0475855
0.0475855
0.0485756
0.0523166
0.0558612
0.0562377
0.0627906
0.0943713
0.0943713
0.0898529
0.0898529
0.0959819
0.0959819
0.107794
0.107794
0.142704
0.142704
0.142704
0.171758
0.171758
0.171758
0.2081
0.2081
0.2081
0.245723
0.245723
0.258702
0.260351
0.304235
0.304235
0.304235
0.333443
0.342395
0.346796
0.346796
0.360276
0.360276
0.365009
0.368208
0.371684
0.374642
0.416354
0.416847
0.416847
0.417604
0.417604
0.417604
0.459825
0.459825
0.457622
0.484337
0.484337
0.484337
0.484337
0.484337
0.485044
0.485094
0.485094
0.485094
0.484835
0.484897
0.488449
0.488487
0.490243
0.490243
0.494838
0.496621
0.496894
0.49802
0.498235
0.498235
0.498641
0.499783
0.499783
0.499795
0.500457
0.500958
0.502068
0.502068
0.502086
0.503221
0.503591
0.503591
0.503911
0.503911
0.504364
0.504368
0.504451
0.504531
0.504592
0.504831
0.504961
0.505181
0.505181
0.505186
0.505285
0.505304
0.505344
0.505348
0.505411
0.505414
0.505446
0.505446
0.505478
0.505504
0.505543
0.505543
0.505543
0.505574
0.505574
0.505574
0.505589
0.505594
0.505594
0.505602
0.505623
0.505625
0.505625
0.505625
0.505633
0.505641
0.505641
0.505647
0.505654
0.505654
0.505654
0.505654
0.505654
0.505658
0.505656
0.505663
0.505664
0.505664
0.505664
0.505664
0.505668
0.505669
0.505669
0.505669
0.505669
0.505669
0.50567
0.50567
0.50567
0.505672
0.505673
0.505673
0.505673
0.505674
0.505676
0.505676
0.505676
0.505676
0.505677
0.505677
0.505677
0.505677
0.505677
0.505677
0.505678
0.505679
0.505679
0.505679
0.505679
0.505679
0.505679
0.50568
0.50568
0.50568
0.50568
0.50568
0.50568
0.50568
0.50568
0.50568
0.50568
0.50568
0.50568
0.50568
0.50568
0.50568
0.50568
0.505681
0.505681
0.505681
0.505681
0.505681
0.505681
0.505681
0.505681
0.505681
0.505681
0.505681
0.505681
0.505681
0.505681
0.505681
0.505681
0.505681
0.505681
0.505681
0.505681
0.505681
0.505681
0.505681
0.505681
0.505681
0.505681
0.505681
0.505681
0.505681
0.505681
0.505681
0.505681
0.505681
0.505681
0.505681
0.505681
0.505681
0.505681
0.505681
0.505681
0.505681
0.505681
0.505681
0.505681
0.505681
0.505681
0.505681
0.505681
0.505681
0.505681
0.505681
0.505681
0.505681
0.505681
0.505681
0.505681
0.505681
0.505681
0.505681
0.505681
0.505681
0.505681
0.505681
0.505681
0.505681
0.505681


0.00784866
0.00807593
0.00807593
0.00819773
0.00832183
0.00841006
0.00841006
0.00847341
0.00847341
0.00856266
0.00882277
0.00882277
0.00882492
0.00923929
0.00942989
0.00942989
0.00956003
0.00967606
0.00967606
0.00968318
0.00976793
0.00984587
0.00985953
0.00986793
0.00986793
0.0100353
0.0102868
0.010451
0.0104517
0.0104534
0.010495
0.0106238
0.0107343
0.0107762
0.0107966
0.0107966
0.0108812
0.0109837
0.0109837
0.0109974
0.0110321
0.0119681
0.011973
0.0120056
0.0121875
0.0121976
0.0122094
0.0122324
0.0122571
0.012281
0.0122833
0.0123352
0.0123673
0.0123711
0.0124393
0.0124664
0.0126012
0.0126125
0.0126322
0.0126497
0.0126851
0.0126934
0.0126964
0.0127017
0.0127047
0.0127081
0.0127122
0.0127191
0.0127272
0.0127298
0.0127327
0.0127347
0.0127387
0.0127392
0.0127415
0.012742
0.0127433
0.0127441
0.0127441
0.0127445
0.0127449
0.012745
0.0127453
0.0127453
0.0127453
0.0127454
0.0129905
0.0131941
0.0132745
0.0133152
0.0133467
0.0134765
0.0134765
0.0138166
0.0147708
0.0147708
0.0151681
0.0151681
0.0163852
0.0177548
0.0201087
0.0182656
0.0186787
0.0193358
0.0193358
0.0204142
0.0218951
0.0218951
0.0219812
0.0219812
0.0219812
0.0260719
0.0260719
0.0314932
0.0318379
0.0318379
0.0331364
0.0332266
0.0340717
0.0340717
0.0363806
0.0363806
0.0365304
0.0437057
0.0458129
0.0458129
0.051386
0.051386
0.0565075
0.0576619
0.0594089
0.0594089
0.0594089
0.0778227
0.0856152
0.0856152
0.0856152
0.0923691
0.0976915
0.132962
0.148283
0.148283
0.148283
0.148283
0.149148
0.15905
0.15905
0.167203
0.167203
0.177306
0.177306
0.183287
0.184102
0.190764
0.214041
0.221078
0.221078
0.221078
0.23327
0.23327
0.241005
0.247254
0.247254
0.247254
0.247512
0.253075
0.253596
0.255679
0.255745
0.26195
0.262716
0.26233
0.26233
0.26233
0.266691
0.272293
0.272293
0.276506
0.278131
0.278131
0.278131
0.280268
0.282769
0.282769
0.282889
0.283966
0.293531
0.293531
0.293531
0.293531
0.297717
0.29802
0.3005
0.3005
0.300821
0.302054
0.302054
0.302054
0.30241
0.302847
0.302942
0.30335
0.30335
0.303502
0.303502
0.303552
0.303552
0.303767
0.304106
0.304227
0.304687
0.304687
0.304756
0.304756
0.304908
0.304908
0.304908
0.305156
0.305205
0.305291
0.305295
0.305352
0.305352
0.305459
0.305459
0.305459
0.305598
0.305669
0.305674
0.3057
0.305788
0.305812
0.305818
0.305824
0.305824
0.305876
0.305884
0.305884
0.305896
0.305902
0.305903
0.305909
0.305927
0.305959
0.305959
0.30596
0.305976
0.305976
0.305985
0.305985
0.305988
0.305991
0.305991
0.305992
0.305992
0.305992
0.305994
0.305995
0.305997
0.305999
0.305999
0.306002
0.306002
0.306003
0.306003
0.306003
0.306004
0.306006
0.306006
0.306006
0.306006
0.306005
0.306006
0.306006
0.306007
0.306007
0.306007
0.306008
0.306008
0.306008
0.306008
0.306009
0.306009
0.306009
0.306009
0.306009
0.306009
0.306009
0.306009
0.306009
0.306009
0.306009
0.306009
0.306009
0.306009
0.306009
0.30601
0.30601
0.30601
0.30601
0.30601
0.30601
0.30601
0.30601
0.30601
0.30601
0.30601
0.30601
0.30601
0.30601
0.30601
0.30601
0.30601
0.30601
0.30601
0.30601
0.30601
0.30601
0.30601
0.30601
0.30601
0.30601
0.30601
0.30601
0.30601
0.30601
0.30601
0.30601
0.30601
0.30601
0.30601
0.30601
0.30601
0.30601
0.30601
0.30601
0.30601
0.30601
0.30601
0.30601
0.30601
0.30601
0.30601
0.30601
0.30601
0.30601
0.30601
0.30601
0.30601
0.30601
0.30601
0.30601
0.30601
0.30601
0.30601
0.30601
0.30601
0.30601
0.30601
0.30601
0.30601
0.30601
0.30601
0.30601
0.30601
0.30601
0.30601
0.30601
0.30601
0.30601
0.30601
0.30601
0.30601
0.30601
0.30601
0.30601
0.30601
0.30601
0.30601
0.30601
0.30601
0.30601
0.30601
0.30601
0.30601
0.30601
0.30601
0.30601
0.30601
0.30601
0.30601
0.30601
0.30601
0.30601
0.30601
0.30601
0.30601
0.30601
0.30601
0.30601


0.00873005
0.00894892
0.00926242
0.0093335
0.00963578
0.0097269
0.00987626
0.0104524
0.0104965
0.0104965
0.0104979
0.0105053
0.0109049
0.0111839
0.0111873
0.0111873
0.0111873
0.0112371
0.0114206
0.0115813
0.0116634
0.011956
0.0123738
0.0123738
0.0124388
0.0124388
0.0125035
0.012535
0.0126115
0.0126133
0.0126522
0.0127314
0.0127398
0.0127399
0.0127399
0.0127508
0.0127603
0.012789
0.0127961
0.0127961
0.0127983
0.0128117
0.0128117
0.0128563
0.0128663
0.0128663
0.0128688
0.0128778
0.0128821
0.012939
0.0129843
0.0129843
0.0129914
0.0131514
0.0131686
0.0131686
0.0131687
0.0131688
0.0131688
0.0131689
0.0131836
0.0131848
0.013202
0.0132076
0.0132101
0.0132101
0.0132668
0.0132683
0.0132693
0.0133231
0.0133231
0.0133297
0.0134118
0.0134455
0.0134472
0.0134472
0.0134668
0.0134669
0.0134692
0.0134692
0.0134723
0.0134702
0.0134716
0.0134853
0.0134853
0.0134879
0.0134888
0.0134888
0.0134911
0.0134916
0.0134935
0.0134937
0.0134937
0.0134963
0.0134964
0.0134967
0.013497
0.0134971
0.0134972
0.0134975
0.0134976
0.0134978
0.0134981
0.0134985
0.0134985
0.0134985
0.0134986
0.0134992
0.0134994
0.0134995
0.0134998
0.0134998
0.0135002
0.0135002
0.0135008
0.013501
0.013501
0.0135011
0.0135011
0.0135011
0.0135013
0.0135013
0.0135444
0.0135444
0.0135444
0.0135444
0.0135455
0.0135474
0.0135536
0.0135541
0.0135571
0.0135579
0.0135579
0.0135598
0.0135618
0.0135618
0.0135624
0.0135638
0.0135638
0.0135653
0.0135656
0.0135661
0.0135662
0.0135662
0.0135662
0.0135664
0.0135668
0.0135676
0.0135676
0.0135677
0.0135677
0.0135679
0.0135681
0.0135681
0.0135682
0.0135682
0.0135682
0.0135682
0.0135682
0.0135682
0.0135683
0.0135683
0.0135684
0.0135684
0.0135684
0.0135684
0.0135684
0.0135684
0.0135684
0.0135684
0.0135684
0.0135684
0.0135684
0.0135684
0.0135684
0.0135684
0.0135684
0.013577
0.013577
0.013577
0.0135884
0.0135884
0.0135884
0.0135884
0.0136416
0.0136516
0.0136703
0.0136968
0.013718
0.0137288
0.0137288
0.0137288
0.0137288
0.0137288
0.0137288
0.0137294
0.0137313
0.0137313
0.0137315
0.0137315
0.0137316
0.0137327
0.0137327
0.0137327
0.0137327
0.0137358
0.0137383
0.0137389
0.01374
0.0137477
0.0137489
0.0137479
0.0137603
0.0137603
0.0137603
0.0137736
0.0137736
0.0137736
0.0137736
0.0137772
0.0137772
0.0137791
0.0137845
0.0137845
0.0137845
0.0137845
0.0137845
0.0137845
0.0137864
0.0137886
0.0137895
0.0137924
0.0137924
0.0137951
0.0137964
0.0137976
0.0137979
0.013798
0.013798
0.0137988
0.0142252
0.0142252
0.0142252
0.0142252
0.0142252
0.0142252
0.0142252
0.0142252
0.0143927
0.0143927
0.0144774
0.0144968
0.0145156
0.0145345
0.0145345
0.0145538
0.0145538
0.0145538
0.0145538
0.0145797
0.0145797
0.0145814
0.0145874
0.014591
0.014594
0.0145956
0.0146012
0.0146012
0.0146094
0.0146143
0.0146143
0.0146186
0.0146199
0.0146286
0.0146308
0.0146359
0.0146359
0.0146464
0.0146517
0.01466
0.014663
0.0146632
0.0146632
0.014664
0.014664
0.0146684
0.0146695
0.0146715
0.0146715
0.0146715
0.0146722
0.0146728
0.0146743
0.0146743
0.014675
0.0146758
0.0146758
0.0146761
0.0146761
0.0146761
0.0146762
0.0146762
0.0146762
0.0146778
0.0146778
0.0146778
0.0146781
0.0146788
0.0146788
0.0146788
0.0146788
0.0147817
0.0147873
0.0148282
0.0148282
0.0148297
0.0148297
0.0148379
0.0148379
0.0148379
0.0148387
0.0148387
0.0148477
0.0148501
0.014891
0.0149617
0.0149617
0.0149983
0.0149991
0.0150078
0.0150081
0.0150145
0.0150169
0.0150525
0.0150695
0.0158684
0.0163986
0.019513
0.019513
0.0202279
0.0223014
0.0235801
0.0241193
0.0241193
0.0241193
0.0298274
0.0343919
0.0343919
0.0343919
0.0372266
0.0372266
0.0386587
0.0386587
0.0392711
0.0393947
0.0422408
0.0422408
0.0450075
0.0459473
0.0469804
0.0478521
0.0474419
0.0478982
0.0493968
0.0493968
0.0565276
0.073386
0.073386
0.0783055
0.0783055
0.0798056
0.0797315
0.0812735
0.0813709
0.0837712
0.0865635
0.0866741
0.0901593
0.0901593
0.0901593
0.0929356
0.0953854
0.0953854
0.101255
0.1023
0.103313
0.107495
0.1099
0.1099
0.111517
0.112281
0.110522
0.11221
0.112561
0.112561
0.112719
0.112719
0.113536
0.113702
0.11391


0.00771173
0.00821767
0.00856235
0.00867189
0.00872686
0.00940371
0.00940371
0.00940371
0.00984186
0.0100026
0.010275
0.00975229
0.00975229
0.00993012
0.010254
0.010254
0.0107743
0.0110183
0.0114612
0.0114612
0.0114612
0.0114613
0.0115737
0.0115737
0.0115737
0.0119202
0.0122525
0.0122589
0.0123702
0.0123823
0.0123944
0.0124382
0.0125129
0.0126072
0.0126162
0.0126166
0.0126591
0.0127686
0.0129086
0.0130489
0.0130489
0.013052
0.0130638
0.0130814
0.0131033
0.0131164
0.0131354
0.0131454
0.0131883
0.0131883
0.0132067
0.0132428
0.0132442
0.0132493
0.0132503
0.0132529
0.0132562
0.0132567
0.0132567
0.0132606
0.013273
0.013277
0.0132802
0.0132825
0.0132867
0.0132867
0.0132885
0.0132892
0.0132897
0.0132913
0.0132916
0.0132941
0.0132944
0.0132952
0.0132969
0.0132977
0.0132977
0.0132978
0.013298
0.013298
0.0132982
0.0132982
0.0132983
0.0132983
0.0132984
0.0132984
0.0132984
0.0132985
0.0132985
0.0132985
0.0132985
0.0132985
0.0132985
0.0132985
0.0132985
0.0132985
0.0132985
0.0132985
0.0132985
0.0132985
0.0132986
0.0132986
0.0132986
0.0132986
0.0132986
0.0132986
0.0132986
0.0132986
0.0132986
0.0132986
0.0132986
0.0132986
0.0132986
0.0132986
0.0132986
0.0132986
0.0132986
0.0132986
0.0132986
0.0132986
0.0132986
0.0132986
0.0132986
0.0132986
0.0132986
0.0132986
0.0132986
0.0132986
0.0132986
0.0132986
0.0132986
0.0132986
0.0132986
0.0133097
0.0133097
0.0133213
0.0133296
0.0133296
0.0133976
0.0134474
0.0134474
0.0134474
0.0134496
0.0134571
0.0134571
0.0134571
0.0134615
0.0134615
0.0134619
0.0134622
0.0136089
0.0136167
0.0136167
0.0136167
0.0136167
0.0136167
0.0136612
0.0136612
0.0136809
0.0136809
0.0137045
0.0137137
0.0137137
0.0137137
0.0137177
0.0137177
0.0137177
0.0137177
0.0137233
0.0137233
0.0137353
0.0135978
0.013898
0.0140672
0.0140672
0.0140672
0.0140672
0.0140672
0.0140672
0.0140672
0.0141191
0.0142245
0.0142245
0.0142936
0.0143116
0.0143116
0.0143347
0.0143347
0.0143347
0.0143617
0.014365
0.0143751
0.0143751
0.0143797
0.0143797
0.0144021
0.0144021
0.0144021
0.0144152
0.0144152
0.0144152
0.0144292
0.0144292
0.0144292
0.0144339
0.0144339
0.0144339
0.014437
0.0144383
0.0144383
0.0144405
0.014441
0.014441
0.014441
0.014441
0.0144415
0.0144428
0.0144428
0.014443
0.014443
0.014443
0.0144433
0.0144433
0.0144436
0.0144436
0.0144438
0.0144442
0.0144443
0.0144443
0.0144443
0.0144443
0.0144444
0.0144444
0.0144444
0.0144444
0.0144445
0.0144445
0.0144445
0.0144445
0.0144445
0.0144445
0.0144445
0.0144445
0.0144445
0.0144445
0.0144445
0.0144445
0.0144445
0.0144445
0.0144445
0.0144445
0.0144445
0.0144445
0.0144445
0.0144445
0.0144445
0.0144445
0.0144445
0.0144445
0.0144445
0.0144445
0.0144445
0.0144445
0.0144445
0.0144445
0.0144445
0.0144445
0.0144445
0.0144445
0.0144445
0.0144445
0.0144445
0.0144445
0.0144445
0.0144445
0.0144445
0.0144445
0.0144445
0.0144445
0.0144445
0.0144445
0.0144445
0.0144445
0.0144445
0.0144445
0.0144445
0.0144445
0.0144445
0.0144445
0.0144445
0.0144445
0.0144445
0.0144445
0.0144445
0.0144445
0.0144951
0.0144951
0.014496
0.014496
0.0145508
0.0145508
0.0145508
0.0145518
0.014588
0.0151232
0.0151232
0.0151273
0.0151273
0.0151284
0.0151284
0.0151347
0.0151032
0.0151032
0.0151045
0.0153981
0.015478
0.015478
0.015478
0.0154807
0.0154807
0.0155303
0.0155157
0.0155157
0.0155224
0.0155224
0.0155351
0.0155351
0.0155351
0.0155351
0.0155445
0.0155633
0.0155462
0.0155622
0.015571
0.015571
0.0155885
0.0155885
0.0155997
0.0156019
0.0156019
0.0156062
0.0156065
0.0156158
0.0156158
0.0156158
0.0156161
0.0156165
0.0156169
0.0156169
0.0156172
0.0156191
0.0156191
0.0156191
0.0156192
0.0156193
0.01562
0.01562
0.0156201
0.0156201
0.0156202
0.0156203
0.0156204
0.0156204
0.0156206
0.0156206
0.0156206
0.0156206
0.0156207
0.0156207
0.0156207
0.0156207
0.0156207
0.0156207
0.0156207
0.0156207
0.0156207
0.0156207
0.0156207
0.0156207
0.0156207
0.0156207
0.0156207
0.0156207
0.0156207
0.0156207
0.0156207
0.0156207
0.0156207
0.0156207
0.0156207
0.0156207
0.0156207
0.0156207
0.0156208
0.0156208
0.0156208
0.0156208
0.0156208
0.0156208
0.0156208


0.0070278
0.0072927
0.00738378
0.00738378
0.00738487
0.00783278
0.00790838
0.00798815
0.00836107
0.00836107
0.00836394
0.00850976
0.00857253
0.00863176
0.00882045
0.00882045
0.00894663
0.00907842
0.00907842
0.00917967
0.00931011
0.00936606
0.00939882
0.00939882
0.00939882
0.00961562
0.00965398
0.00965398
0.00997196
0.00997196
0.00999469
0.00999469
0.0100004
0.0101937
0.010248
0.0102832
0.0102832
0.0103014
0.0103027
0.0103691
0.0103744
0.0104403
0.0104513
0.0104604
0.0104794
0.0104833
0.0104943
0.0104951
0.0105012
0.0105014
0.0105036
0.0105141
0.0105196
0.0105223
0.0105268
0.0105298
0.0108328
0.0108328
0.0108913
0.0109007
0.0109007
0.0111915
0.0112101
0.011258
0.0112605
0.0112901
0.0113063
0.0113103
0.0113334
0.0114002
0.0114002
0.0114584
0.0115095
0.0115307
0.0115531
0.0115685
0.0115721
0.0116374
0.0118962
0.0118966
0.0118966
0.0119118
0.0122723
0.0122744
0.0122744
0.0122758
0.0130227
0.0130232
0.013024
0.0131012
0.0131329
0.0129387
0.0135508
0.0135511
0.0141845
0.0141845
0.0144278
0.0147174
0.0149991
0.0149993
0.0171129
0.0171129
0.0171129
0.0171129
0.0180224
0.0180224
0.0180224
0.0180224
0.0227771
0.0227771
0.0227771
0.0227771
0.0227771
0.0238115
0.0238115
0.0245587
0.0245587
0.0250967
0.0250967
0.0252054
0.0252054
0.0256819
0.0272466
0.0272466
0.0278214
0.0278214
0.0341646
0.0341646
0.0341646
0.0341646
0.0341646
0.0113832
0.0153708
0.0153708
0.0160749
0.0160749
0.0160749
0.0160749
0.0160749
0.0160749
0.0160749
0.0145186
0.0145186
0.0145186
0.0145186
0.0161108
0.0161108
0.0161108
0.0161108
0.0161108
0.0162021
0.0162021
0.0162021
0.0162021
0.0162021
0.0162021
0.0162021
0.0162021
0.0162021
0.0162021
0.0162021
0.0162021
0.0162021
0.0162021
0.0162021
0.0162021
0.0162021
0.0162021
0.0162021
0.0162021
0.0162021
0.0162021
0.0162021
0.0162021
0.0162021
0.0162021
0.0162021
0.0162021
0.0162021
0.0162021
0.0162021
0.0130751
0.0154015
0.0154015
0.0154015
0.0154015
0.0154015
0.0154015
0.0154015
0.0154015
0.0154015
0.0154015
0.0154092
0.0154092
0.0154092
0.0154092
0.0154092
0.0154092
0.0154092
0.0154092
0.0154092
0.0154092
0.0154092
0.0158704
0.0162541
0.0164494
0.0165493
0.0165936
0.0166137
0.0166239
0.016629
0.0166317
0.0166333
0.0166343
0.0166348
0.0166351
0.0166352
0.0166353
0.0166354
0.0166354
0.0166354
0.0166354
0.0166355
0.0166355
0.0166355
0.0166355
0.0166355
0.0166355
0.0166355
0.0166355
0.0166355
0.0166355
0.0166355
0.0166355
0.0166355
0.0166355
0.0166355
0.0166355
0.0166355
0.0166355
0.0166355
0.0166355
0.0166355
0.0166355
0.0166355
0.0166355
0.0166355
0.0166355
0.0166355
0.0166355
0.0166355
0.0166355
0.0166355
0.0166355
0.0166355
0.0166355
0.0166355
0.0166355
0.0166355
0.0166355
0.0166355
0.0166355
0.0166355
0.0166355
0.0166355
0.0166355
0.016811
0.016811
0.016811
0.0168464
0.0168464
0.0168683
0.0168683
0.0168683
0.0168683
0.0168683
0.0168683
0.0168683
0.0168683
0.0168683
0.0169474
0.0160476
0.0166355
0.0171274
0.0171274
0.0171274
0.0171274
0.0176994
0.0176994
0.0176994
0.0183583
0.0183583
0.0183583
0.0183583
0.0183583
0.0189935
0.0189935
0.0189935
0.0189935
0.0189935
0.0189935
0.0189935
0.0189935
0.0206765
0.0206765
0.0206765
0.0206765
0.0206765
0.0206765
0.0206765
0.0206765
0.0121186
0.0166355
0.0166355
0.0189574
0.0189574
0.0189574
0.0189574
0.0189574
0.0189574
0.0189574
0.0189574
0.0189574
0.0189574
0.0189574
0.0189574
0.0189574
0.0189574
0.0189574
0.0189574
0.0189574
0.0130184
0.017738
0.017738
0.017738
0.017738
0.017738
0.017738
0.017738
0.017738
0.017738
0.0134523
0.0135189
0.0153652
0.0153652
0.0153652
0.0153652
0.0153652
0.0153652
0.0155001
0.0155001
0.0117551
0.0134033
0.0176577
0.0176577
0.0176577
0.0176577
0.0176577
0.0176577
0.0176577
0.0176577
0.0150081
0.0150081
0.0150081
0.0150081
0.0150081
0.0150081
0.0150081
0.0150081
0.0152024
0.0152024
0.0130513
0.0152353
0.0152353
0.0152353
0.0152353
0.0152353
0.0152353
0.0152353
0.0174124
0.0174124
0.0119201
0.0168699
0.0168699
0.0168699
0.0168699
0.0168699
0.0168699
0.0168699
0.0168699
0.0168699
0.0159926
0.0166117
0.0166121
0.0166122
0.0166123
0.0166123
0.0166123
0.0166123
0.0175507


0.00871047
0.00964237
0.00986382
0.00986382
0.00986382
0.00986382
0.00986382
0.0101467
0.0103108
0.0108345
0.0109581
0.010969
0.011128
0.0112655
0.0115982
0.0120969
0.0121617
0.0121827
0.0127814
0.0133266
0.0135725
0.0135725
0.0135725
0.0136004
0.0136158
0.0136753
0.0137247
0.0141821
0.0141821
0.0143018
0.0143322
0.0147952
0.0153572
0.0155018
0.0155028
0.0155908
0.0155908
0.0155977
0.0157826
0.0159157
0.0159157
0.0159545
0.0178274
0.0178274
0.0178731
0.0208736
0.0208736
0.0208782
0.0208922
0.0243157
0.0243157
0.0288246
0.0288249
0.0290875
0.0292666
0.0349419
0.034979
0.0349991
0.0356034
0.0385095
0.0385174
0.041902
0.0432459
0.0556427
0.0556427
0.0702814
0.0734103
0.0861753
0.0861753
0.0936918
0.109396
0.114977
0.114979
0.123817
0.125019
0.161982
0.161982
0.168871
0.168871
0.168872
0.174172
0.208247
0.229813
0.229813
0.239111
0.239191
0.247062
0.247062
0.253794
0.253794
0.267716
0.267716
0.270032
0.270032
0.283248
0.283248
0.28483
0.287992
0.287992
0.287992
0.290497
0.290839
0.294421
0.297149
0.297869
0.300205
0.301
0.301
0.302112
0.30358
0.304292
0.304389
0.304718
0.305074
0.305074
0.305466
0.305466
0.30603
0.306404
0.306404
0.306514
0.307275
0.307345
0.307551
0.307561
0.307743
0.307814
0.308
0.308024
0.308131
0.308161
0.308278
0.308278
0.308295
0.308314
0.308351
0.308358
0.308382
0.308405
0.308467
0.308467
0.308467
0.308478
0.308487
0.3085
0.30853
0.30853
0.308542
0.308546
0.308546
0.308556
0.30858
0.30858
0.308586
0.308587
0.30859
0.30859
0.30859
0.3086
0.3086
0.3086
0.308603
0.308603
0.308606
0.308611
0.308615
0.308615
0.308615
0.308615
0.308617
0.308617
0.308618
0.308618
0.308619
0.308619
0.308619
0.308619
0.30862
0.30862
0.30862
0.30862
0.30862
0.30862
0.30862
0.308621
0.308621
0.308621
0.308621
0.308621
0.308621
0.308621
0.308621
0.308621
0.308621
0.308621
0.308621
0.308621
0.308621
0.308621
0.308621
0.308621
0.308621
0.308621
0.308621
0.308621
0.308621
0.308621
0.308621
0.308621
0.308621
0.308621
0.308621
0.308621
0.308621
0.308621
0.308621
0.308621
0.308918
0.309063
0.309063
0.309063
0.309081
0.309103
0.309222
0.309281
0.309323
0.30958
0.30958
0.30959
0.309673
0.309673
0.309682
0.309759
0.309766
0.309768
0.309798
0.309798
0.309802
0.309802
0.309802
0.309802
0.309806
0.309806
0.309808
0.309808
0.309811
0.309811
0.309812
0.309812
0.309813
0.309814
0.309814
0.309814
0.309816
0.309817
0.309817
0.309818
0.309818
0.309818
0.309818
0.309819
0.309819
0.309819
0.309819
0.309819
0.309819
0.309819
0.309819
0.309819
0.309819
0.309819
0.309819
0.309819
0.309819
0.309819
0.309819
0.309819
0.309819
0.309819
0.309819
0.309819
0.309819
0.309819
0.309819
0.309819
0.309819
0.309819
0.309819
0.309819
0.309819
0.309819
0.309819
0.309819
0.309819
0.309819
0.309819
0.309819
0.309819
0.309819
0.309819
0.309819
0.309819
0.309819
0.309819
0.309819
0.309819
0.309819
0.309819
0.309819
0.309819
0.309819
0.309819
0.309819
0.309819
0.309819
0.309819
0.309819
0.309819
0.309819
0.309819
0.309819
0.309819
0.309819
0.309819
0.309819
0.309819
0.309819
0.309819
0.309819
0.309819
0.309819
0.309819
0.309819
0.309819
0.309819
0.309819
0.309819
0.309819
0.309819
0.309819
0.309819
0.309819
0.309819
0.309819
0.309819
0.309819
0.309819
0.309819
0.309819
0.309819
0.309819
0.309819
0.309819
0.309819
0.309819
0.309819
0.309819
0.309819
0.309819
0.309819
0.309819
0.309819
0.309819
0.309819
0.309819
0.309819
0.309819
0.309819
0.309819
0.309819
0.309819
0.309819
0.309819
0.309819
0.309819
0.309819
0.309819
0.309819
0.309819
0.309819
0.309819
0.309819
0.309819
0.309819
0.309819
0.309819
0.309819
0.309819
0.309819
0.309819
0.309819
0.309819
0.309819
0.309819
0.309819
0.309819
0.309819
0.309819
0.309819
0.309819


0.00717643
0.00726003
0.0073204
0.00743067
0.00743067
0.00744006
0.00744668
0.00744668
0.00764064
0.00766815
0.00767367
0.00786214
0.00786214
0.00786214
0.00792793
0.00819449
0.00819449
0.00819449
0.00866231
0.00866231
0.00866231
0.00882503
0.00882503
0.00888166
0.00893207
0.00896262
0.00896262
0.00898029
0.00908828
0.00909962
0.00909962
0.00915805
0.00922638
0.00938683
0.00938683
0.00938683
0.00938683
0.00949295
0.00949295
0.00956234
0.00957345
0.00963168
0.0096427
0.00971529
0.00974322
0.00974322
0.00977053
0.00979008
0.0097929
0.00979813
0.00979813
0.00979813
0.00979843
0.00980371
0.00987121
0.00991188
0.00991188
0.00991188
0.00993122
0.00993122
0.00993122
0.00991709
0.00994042
0.00994042
0.0100204
0.0100272
0.0100334
0.010166
0.010167
0.0101677
0.0101764
0.0101867
0.0101867
0.0101928
0.0103136
0.0103332
0.0103352
0.0103387
0.0103387
0.0103675
0.01037
0.0103725
0.0103835
0.0103835
0.0103863
0.0103863
0.0103924
0.0103976
0.0103976
0.0103988
0.0103988
0.010405
0.0104054
0.0104062
0.0104069
0.0104069
0.0104072
0.0104089
0.0104089
0.0104113
0.0104113
0.0104107
0.0104134
0.0104469
0.0104469
0.0104708
0.0105205
0.0105205
0.0105339
0.0105339
0.0105709
0.0105521
0.0105728
0.0105743
0.0105745
0.0105882
0.0105883
0.0105914
0.0105959
0.010596
0.0105961
0.010599
0.010599
0.0106022
0.0106022
0.0106022
0.0106109
0.0106608
0.0106611
0.0106611
0.0106659
0.0106746
0.0106749
0.0106824
0.0106919
0.0106997
0.0107022
0.0107297
0.0107297
0.0107307
0.0107307
0.0107307
0.0107307
0.0107307
0.0107307
0.0107308
0.0107308
0.0107309
0.0107309
0.0107309
0.0107309
0.0107321
0.0107322
0.0107322
0.0107322
0.0107322
0.0107323
0.0107353
0.0107361
0.0107361
0.0107361
0.0107362
0.0107362
0.0107365
0.0107365
0.0107374
0.0108425
0.0110115
0.0110115
0.0110115
0.0110115
0.0110115
0.0110115
0.0110115
0.0110115
0.0110115
0.0110115
0.0110115
0.0110115
0.0110115
0.0110115
0.0107004
0.0109658
0.0109658
0.0109658
0.0109658
0.0109658
0.0109658
0.0109658
0.0109658
0.0109658
0.0109658
0.0109658
0.0109658
0.0109658
0.0109658
0.0109658
0.0109658
0.0109658
0.0109658
0.0109658
0.0109898
0.0109898
0.0109898
0.0109898
0.0109898
0.0109898
0.0109898
0.0110449
0.0110449
0.0110449
0.0103972
0.010711
0.010712
0.010712
0.0107126
0.0107144
0.0107144
0.0107151
0.0107152
0.0107239
0.0103203
0.0107153
0.0107154
0.0107154
0.0107155
0.0107155
0.0107159
0.0107159
0.010716
0.0107524
0.0107524
0.0107524
0.0107607
0.0107774
0.0107774
0.0108082
0.0108173
0.0108404
0.0108492
0.0108492
0.0110063
0.0110319
0.0110361
0.0110412
0.0110412
0.0110412
0.0110412
0.0110423
0.0110445
0.0110463
0.0110504
0.011052
0.0110526
0.0110526
0.0110526
0.0110526
0.011053
0.0110541
0.0110542
0.0110552
0.0110556
0.0110556
0.0110559
0.0110559
0.0110561
0.0110562
0.0110562
0.0110565
0.0110565
0.0110566
0.0110567
0.0110568
0.0110569
0.0110569
0.0110569
0.0110569
0.0111635
0.0112171
0.0112171
0.0112248
0.011232
0.011232
0.011232
0.0112931
0.0112931
0.0112931
0.0112931
0.0112991
0.0113051
0.0113164
0.0113331
0.0113331
0.0113337
0.0113362
0.011344
0.011344
0.011344
0.011344
0.0113453
0.011346
0.0113463
0.0113463
0.0113466
0.0113475
0.0113484
0.0113484
0.0113484
0.0113489
0.0113489
0.0113489
0.0113533
0.011354
0.0113549
0.0113601
0.0113601
0.0113603
0.0113876
0.0114164
0.0114164
0.0114164
0.0114913
0.0114914
0.0114914
0.0114915
0.0114915
0.0114915
0.011492
0.011492
0.0114927
0.0114927
0.011495
0.011495
0.0114969
0.0115688
0.0115688
0.0115694
0.0115694
0.0115866
0.0115866
0.0115866
0.0115875
0.0115887
0.0115955
0.0115955
0.0115971
0.0115971
0.0115976
0.0115982
0.0115982
0.011599
0.0115989
0.0115996
0.0116001
0.0116001
0.0116004
0.0116006
0.0116006
0.0116006
0.0116007
0.0116008
0.0116008
0.0116011
0.0116011
0.0116013
0.0116015
0.0116015
0.0116015
0.0116018
0.0116019
0.0116019
0.011602
0.011602
0.011602
0.011602
0.011602
0.011602
0.0116021
0.0116021
0.0116021
0.0116021
0.0116022
0.0116022
0.0116022
0.0116024
0.0116024
0.0116024
0.0116025
0.0116025
0.0116025
0.0116025
0.0116025
0.0116025
0.0116025
0.0116026
0.0116026
0.0116026
0.0116026
0.0116026
0.0116026


0.00821461
0.0083944
0.00876217
0.00895363
0.00895363
0.00916757
0.00916757
0.00963774
0.00963972
0.00965748
0.00997521
0.00997521
0.00997586
0.00999082
0.00999082
0.0100795
0.0101898
0.0102662
0.0102662
0.0102845
0.0102845
0.0103981
0.0104006
0.0104029
0.0104029
0.0104061
0.0104948
0.0105305
0.0106156
0.0107201
0.0107201
0.0107217
0.0107217
0.0107403
0.0107539
0.0108053
0.0108053
0.0108935
0.0108942
0.0109048
0.0109187
0.0109207
0.0109452
0.0109775
0.0109905
0.0109929
0.0110006
0.0110376
0.011194
0.011194
0.0112034
0.0113358
0.0113723
0.0113784
0.0113794
0.011653
0.0117031
0.0117031
0.0117143
0.0117143
0.0117183
0.0113298
0.011334
0.0115052
0.0115071
0.0115071
0.0115071
0.0115071
0.0115098
0.0115124
0.0115124
0.0116856
0.0116858
0.0116863
0.0118509
0.011851
0.01187
0.0118815
0.0118822
0.0118828
0.0118828
0.012021
0.0120264
0.0120264
0.0120635
0.0121192
0.0121293
0.0121296
0.0121296
0.0121296
0.0121442
0.0121559
0.0121559
0.0121737
0.0121773
0.0122134
0.0122135
0.0122164
0.0122202
0.0122202
0.0122202
0.0122279
0.012228
0.012228
0.0122302
0.0122324
0.0122367
0.0126482
0.0126482
0.0126482
0.0126482
0.0126543
0.0126543
0.0126906
0.0126906
0.0126906
0.0126913
0.0126913
0.0127017
0.0127034
0.0127087
0.0127103
0.0127103
0.0127122
0.0127174
0.012718
0.012718
0.012718
0.012718
0.01272
0.01272
0.0127211
0.0127213
0.012722
0.0127229
0.0127241
0.0127249
0.0127252
0.0127252
0.0127257
0.0127267
0.0127267
0.012727
0.0127273
0.0127277
0.0127277
0.0127277
0.0127279
0.0127279
0.0127279
0.0127279
0.0127281
0.0127282
0.0127282
0.0127282
0.0127282
0.0127282
0.0127282
0.0127282
0.0127282
0.0127282
0.0127282
0.0127282
0.0127282
0.0127282
0.0127376
0.0127376
0.0127492
0.0127492
0.0127492
0.0127557
0.0127419
0.0127419
0.012748
0.0127603
0.0127603
0.0127603
0.0127699
0.0127732
0.0127732
0.0127741
0.0127871
0.0127925
0.0127925
0.0127925
0.0127925
0.0127934
0.0127934
0.0127941
0.0127944
0.012795
0.012795
0.012795
0.0127962
0.0127962
0.0127974
0.0127975
0.0127982
0.0127983
0.0127983
0.0127983
0.0127985
0.0127986
0.0127986
0.0127986
0.0127987
0.0127987
0.0127989
0.0127989
0.0127989
0.012799
0.0127991
0.0127991
0.0127992
0.0127993
0.0127993
0.0127993
0.0127993
0.0127993
0.0127995
0.0127996
0.0127996
0.0127996
0.0127996
0.0127997
0.0127997
0.0127997
0.0127997
0.0127997
0.0127997
0.0127997
0.0127997
0.0127997
0.0127997
0.0127997
0.0127997
0.0127997
0.0127997
0.0127997
0.0127997
0.0127997
0.0127997
0.0127997
0.0127997
0.0127997
0.0127997
0.0127997
0.0127997
0.0127998
0.0127998
0.0127998
0.0127998
0.0127998
0.0127998
0.0127998
0.0127998
0.0127998
0.0127998
0.0127998
0.0127998
0.0127998
0.0127998
0.0127998
0.0127998
0.0127998
0.0127998
0.0127998
0.0127998
0.0127998
0.0127998
0.0127998
0.0127998
0.0127998
0.0127998
0.0127998
0.0127998
0.0127998
0.0127998
0.0127998
0.0127998
0.0127998
0.0127998
0.0127998
0.0127998
0.0127998
0.0127998
0.0128132
0.0128195
0.0128218
0.0128284
0.012876
0.0129074
0.0129096
0.0129172
0.0129172
0.0129198
0.0129324
0.0129445
0.0129504
0.0129504
0.0129504
0.0129499
0.0129574
0.0129601
0.0129618
0.0129687
0.0129777
0.0129916
0.0129979
0.0130192
0.0130282
0.0130282
0.0130282
0.0130427
0.0130427
0.0130427
0.0130435
0.0130435
0.0130435
0.0130453
0.0130466
0.0130471
0.0130486
0.0130487
0.0130495
0.0130619
0.0130672
0.0130752
0.0130785
0.0130818
0.0130876
0.0130909
0.0130937
0.013096
0.013096
0.0131007
0.0131024
0.0131032
0.0131041
0.0131041
0.0131044
0.0131041
0.0131051
0.0131056
0.0131056
0.0131056
0.0131056
0.0131056
0.0131058
0.0131058
0.0131062
0.0131063
0.0131063
0.0131064
0.0131065
0.0131065
0.0131065
0.0131065
0.0131066
0.0131067
0.0131067
0.0131067
0.0131067
0.0131067
0.0131068
0.0131068
0.0131068
0.0131068
0.0131068
0.0131069
0.013107
0.0131074
0.0131075
0.0131075
0.0131075
0.0131076
0.0131076
0.0131079
0.0131083
0.0131086
0.0131086
0.0131086
0.0131087
0.0131087
0.0131087
0.0131087
0.0131088
0.0131089
0.0131089
0.0131089
0.0131089
0.0131089
0.0131089
0.0131089
0.0131089
0.0131089
0.0131091
0.0131118
0.0131118
0.0131122


0.00724869
0.00751644
0.00751644
0.00788175
0.00789465
0.00801047
0.00801047
0.00831822
0.00836727
0.00842169
0.00850902
0.00850902
0.00850902
0.00851145
0.00851145
0.00867608
0.00867608
0.00867773
0.00870301
0.00876186
0.00886549
0.00942667
0.00960738
0.00960738
0.00960738
0.00960738
0.00963007
0.00983837
0.00983837
0.00983837
0.00993978
0.0100223
0.0100347
0.0102454
0.0102498
0.0102499
0.0104047
0.0104047
0.0105364
0.0105436
0.0105526
0.0105229
0.0105507
0.0105508
0.0105508
0.0105872
0.0106202
0.0106531
0.0106582
0.0106602
0.0106878
0.010696
0.010696
0.0106978
0.010708
0.0107085
0.0107372
0.0109003
0.0109009
0.0109009
0.0109011
0.0110469
0.0110469
0.01107
0.01107
0.0110914
0.0111521
0.0111787
0.0111787
0.0111841
0.0111915
0.0113477
0.0113477
0.0113477
0.0113477
0.0113477
0.0113477
0.0113477
0.0113477
0.0113525
0.0113525
0.0113509
0.0113513
0.0113563
0.0113576
0.011358
0.0113581
0.0113581
0.0113581
0.0113581
0.0113581
0.0113581
0.0113582
0.0113582
0.0113582
0.0113583
0.0113583
0.0113583
0.0113583
0.0113583
0.0113583
0.0113583
0.0113583
0.0113583
0.0113583
0.0113583
0.0113583
0.0113583
0.0113583
0.0113583
0.0113583
0.0113583
0.0113583
0.0113583
0.0113583
0.0113583
0.0113583
0.0113583
0.0113583
0.0116305
0.0116305
0.0116305
0.0116305
0.0116305
0.0116305
0.0116305
0.0116305
0.0116305
0.0116305
0.0116305
0.0116305
0.0116305
0.0116305
0.0116305
0.0116305
0.0116305
0.0116305
0.0116305
0.0116305
0.0116305
0.0116305
0.0116305
0.0116305
0.0116305
0.0116305
0.0116305
0.0116305
0.0116305
0.0116305
0.0116305
0.0116305
0.0105399
0.0108793
0.0108793
0.0110196
0.0110196
0.0110196
0.0110196
0.0110196
0.0110196
0.0110196
0.0112973
0.0112973
0.0113313
0.0113313
0.0113313
0.0113313
0.0113313
0.0113313
0.0113313
0.0113313
0.010889
0.010889
0.0110388
0.0110388
0.0110388
0.0110388
0.0110388
0.0110388
0.0110388
0.0110388
0.0110388
0.0110388
0.0110388
0.0110388
0.0110388
0.0110388
0.0110388
0.0110388
0.0110388
0.0110388
0.0108619
0.0108793
0.01111
0.01111
0.01111
0.01111
0.01111
0.01111
0.01111
0.01111
0.01111
0.01111
0.01111
0.01111
0.01111
0.01111
0.0111464
0.0111464
0.0111464
0.0111464
0.0109757
0.0109757
0.011166
0.011166
0.0111729
0.0111729
0.0111811
0.0111811
0.0111811
0.0111811
0.0111862
0.0111862
0.0111862
0.0111862
0.0112023
0.0112023
0.0112846
0.0112846
0.0112968
0.0112968
0.0112779
0.0112881
0.0113009
0.0113009
0.0113009
0.0113009
0.0113009
0.0113009
0.0113009
0.0113009
0.0113009
0.0113009
0.0113009
0.011404
0.0114069
0.0114069
0.0114069
0.0114069
0.0114069
0.0114091
0.0113943
0.0113943
0.0114039
0.0114347
0.0114484
0.0114503
0.0114504
0.0114533
0.0114546
0.0114553
0.0114557
0.0114557
0.0114558
0.0114561
0.0114561
0.0114565
0.0114566
0.0114567
0.0114567
0.0114567
0.0114567
0.0114568
0.0114568
0.0114569
0.0114569
0.0114569
0.0114569
0.0114569
0.0114569
0.0114569
0.0114569
0.0114569
0.0114569
0.0114569
0.0114569
0.011457
0.011457
0.011457
0.011457
0.0114669
0.0115545
0.011588
0.0115885
0.0115941
0.011611
0.0116164
0.01172
0.01172
0.01172
0.01172
0.01172
0.0118137
0.0118137
0.0119412
0.0119505
0.0119852
0.0119852
0.011988
0.0120019
0.0120019
0.0119979
0.0120352
0.0120352
0.0120352
0.0120448
0.0120448
0.0120458
0.0120539
0.0120539
0.0120539
0.0120705
0.0120705
0.0120715
0.0120759
0.0120759
0.0120845
0.0120916
0.0121042
0.0121314
0.0121542
0.0121888
0.0121888
0.0122073
0.0122165
0.0122312
0.0122312
0.0122312
0.012234
0.012234
0.012234
0.0122392
0.0122392
0.0122433
0.0122628
0.0122647
0.0123044
0.0123074
0.0123507
0.0123507
0.0123507
0.012346
0.0123631
0.0123631
0.0123647
0.0123659
0.0123659
0.0123663
0.0123674
0.0123683
0.0123702
0.0123717
0.0123719
0.0123733
0.0123733
0.0123733
0.0123777
0.0123822
0.0123822
0.0123843
0.0123849
0.012386
0.012386
0.012386
0.012386
0.012386
0.0123861
0.0123861
0.0123862
0.0123862
0.0123862
0.0114266
0.0123862
0.0123863
0.0123863
0.0123863
0.0123864
0.0123864
0.0123864
0.0123864
0.0123864
0.0123866
0.0123866
0.0123866
0.0123866
0.0123867
0.0123867
0.0123867
0.0123867
0.0123867


0.00928855
0.00980597
0.00980597
0.00984298
0.0100038
0.0104904
0.0105272
0.010656
0.0106853
0.0108039
0.0109082
0.0112252
0.0112356
0.011261
0.0112917
0.011295
0.0113562
0.0115136
0.0116199
0.0118476
0.0118476
0.0119132
0.0119132
0.0119887
0.0121161
0.0121427
0.0121954
0.0121954
0.012411
0.0125492
0.0125554
0.0127975
0.0127976
0.0130775
0.0131434
0.0131434
0.0131434
0.0131451
0.0131451
0.0131607
0.0131728
0.0131883
0.0132176
0.0132362
0.0136014
0.0136376
0.0136735
0.013674
0.0136851
0.0136857
0.0137178
0.0138448
0.0140211
0.0140211
0.0140692
0.0140935
0.014143
0.0142218
0.014268
0.014268
0.0142965
0.0143265
0.0143399
0.0143946
0.0143946
0.0143971
0.0144058
0.0144134
0.0144171
0.0144231
0.0144302
0.0144366
0.0144419
0.0144422
0.0144445
0.0144468
0.0144469
0.0144481
0.0144506
0.0144526
0.0144559
0.0150181
0.0151851
0.015191
0.0152141
0.0152628
0.0153147
0.0153154
0.0153226
0.0153226
0.0153322
0.0153402
0.015346
0.01535
0.0153505
0.0153543
0.0153588
0.0153592
0.0153602
0.0153627
0.0153646
0.0154096
0.0154103
0.0154333
0.0154334
0.0154816
0.0154818
0.0154919
0.015492
0.015498
0.015498
0.0155276
0.0155276
0.015561
0.015561
0.015561
0.0155749
0.0155749
0.0155918
0.0155945
0.0156023
0.0156023
0.0156023
0.0156028
0.0156028
0.015604
0.0168362
0.0218329
0.0294669
0.0294669
0.0316273
0.0324468
0.0333293
0.0347679
0.0390758
0.042302
0.0424305
0.0434896
0.0447631
0.0461402
0.0461409
0.046306
0.0465358
0.05013
0.0504097
0.0536958
0.0538127
0.0543293
0.0547468
0.0547486
0.0547494
0.0555424
0.0555424
0.0569428
0.0588023
0.0594929
0.0594929
0.0594929
0.0598944
0.0599302
0.0599302
0.0603061
0.0603676
0.0605598
0.0606616
0.0607187
0.0607689
0.06095
0.0610465
0.0611702
0.0612222
0.061225
0.0614106
0.0614178
0.0614178
0.0614178
0.0614706
0.0614926
0.0614929
0.0615433
0.0615576
0.0615689
0.0615879
0.0616036
0.0616042
0.0616087
0.0616146
0.0616174
0.0616257
0.0616258
0.0616428
0.0616399
0.0616515
0.0616515
0.0616527
0.0616612
0.0616612
0.0616615
0.0616615
0.0616624
0.0616658
0.0616697
0.0616697
0.0616697
0.0616698
0.0616701
0.0616712
0.0616733
0.0616744
0.0616744
0.0616751
0.0616757
0.0616759
0.0616759
0.0616761
0.0616761
0.0616764
0.0616764
0.0616767
0.0616767
0.0616772
0.0616772
0.0616773
0.0616774
0.0616774
0.0616774
0.0616775
0.0616776
0.0616776
0.0616776
0.0616777
0.0616777
0.0616777
0.0616778
0.0616778
0.0616778
0.0616778
0.0616778
0.0616779
0.0616779
0.0616779
0.0616779
0.0616779
0.0616779
0.0616779
0.0616779
0.0616779
0.061678
0.061678
0.061678
0.061678
0.061678
0.061678
0.061678
0.061678
0.061678
0.061678
0.061678
0.061678
0.061678
0.061678
0.061678
0.061678
0.061678
0.061678
0.061678
0.061678
0.061678
0.061678
0.061678
0.061678
0.061678
0.061678
0.061678
0.061678
0.061678
0.061678
0.061678
0.061678
0.061678
0.061678
0.061678
0.061678
0.061678
0.061678
0.061678
0.061678
0.061678
0.061678
0.061678
0.061678
0.061678
0.061678
0.061678
0.061678
0.061678
0.061678
0.061678
0.061678
0.061678
0.061678
0.061678
0.061678
0.061678
0.061678
0.061678
0.061678
0.061678
0.061678
0.061678
0.061678
0.061678
0.061678
0.061678
0.061678
0.061678
0.061678
0.061678
0.061678
0.061678
0.061678
0.061678
0.061678
0.061678
0.061678
0.061678
0.061678
0.061678
0.061678
0.061678
0.061678
0.061678
0.061678
0.061678
0.061678
0.061678
0.061678
0.061678
0.061678
0.061678
0.061678
0.061678
0.061678
0.061678
0.061678
0.061678
0.061678
0.0617579
0.0617579
0.0617579
0.0617579
0.0617579
0.0617579
0.0617579
0.0617579
0.0618002
0.0618019
0.0618023
0.0618023
0.0618024
0.0618025
0.0618025
0.0618025
0.0618025
0.0618025
0.0618025
0.0618025
0.0618025
0.0618025
0.0618025
0.0618025
0.0618025
0.0618025
0.0618025
0.0618025
0.0618025
0.0618025
0.0618027
0.0618027
0.0618027
0.0618027
0.0618027
0.0618027
0.0618027
0.0618027
0.0618059
0.0618059
0.0618059
0.0618059
0.061806
0.061806
0.0618061
0.0618061
0.0618061
0.0618061
0.0618061
0.0618061
0.0618061
0.0618072
0.0618074


