1331.92
1239.83
1217.69
1203.24
1183.68
1143.65
1143.65
1143.55
1103.16
1073.05
1073.05
1050.74
1028.4
1028.4
1010.35
999.016
993.475
993.475
993.475
974.9
960.893
960.852
928.277
927.63
920.735
920.735
909.977
909.977
907.228
904.833
889.863
873.922
850.838
847.268
837.948
837.887
837.887
834.145
833.505
833.505
830.921
830.583
827.408
826.522
824.575
824.484
823.844
822.821
822.742
822.589
822.314
822.083
821.848
821.803
821.547
821.414
816.025
801.53
792.127
789.267
788.387
773.099
771.889
770.938
770.693
770.371
769.772
769.308
767.966
767.755
767.374
766.965
766.509
757.559
757.559
757.018
757.018
756.926
756.926
756.499
756.341
756.164
536.825
497.254
496.544
496.544
488.068
484.232
482.877
475.422
449.608
442.013
441.918
435.948
435.92
433.314
431.654
426.672
423.732
420.583
417.045
417.045
417.043
417.033
415.069
415.068
414.263
410.996
410.995
410.993
410.576
409.727
409.726
409.726
408.869
408.865
408.421
407.999
407.94
407.573
407.386
406.946
406.674
406.674
406.626
406.443
406.443
406.43
406.395
406.395
406.354
406.256
406.199
406.045
405.881
405.881
405.881
405.862
405.862
405.795
405.795
405.789
395.695
395.667
395.616
392.679
392.679
386.281
386.281
386.268
386.268
386.143
310.65
310.65
293.155
284.408
276.07
251.392
251.39
251.382
247.522
248.152
225.664
202.27
202.27
202.262
179.542
175.583
162.155
155.46
146.362
147.225
147.225
147.225
140.575
132.602
132.601
132.6
132.6
132.6
121.381
110.652
107.769
104.153
102.961
102.961
87.8823
87.1771
87.177
77.5084
77.5082
79.7228
79.7228
76.115
75.2712
75.2712
74.4359
72.5332
72.5332
69.413
66.0663
65.0047
58.9366
58.9366
58.9365
55.5205
54.2078
54.2078
54.2078
54.2078
54.185
54.3079
54.0972
53.3014
53.3014
52.0072
51.9899
51.9899
51.9595
51.9595
51.9571
51.7475
51.6458
51.4424
51.3379
51.1119
50.8645
50.775
50.6707
50.6707
50.6707
50.6707
50.6574
50.4881
50.4864
50.4488
50.3966
50.268
50.268
50.268
50.2651
50.2382
50.2249
50.2129
50.2104
50.171
50.1294
50.1262
50.1207
50.1172
50.1172
50.0757
50.0757
50.0678
50.0437
50.0437
50.0402
50.0402
50.0398
50.024
50.024
50.0187
50.0187
50.0187
50.0151
50.0149
50.0149
50.0149
50.0134
50.0097
50.0097
50.0097
50.0089
50.0073
50.0073
50.0061
50.006
50.0047
50.0046
50.0045
50.0044
50.003
50.0025
50.0023
50.0019
50.0015
50.0014
50.0014
50.0013
50.0013
50.0012
50.001
50.0009
50.0009
50.0008
50.0006
50.0005
50.0003
50.0003
50.0003
50.0003
50.0002
50.0002
50.0002
50.0002
50.0002
50.0002
50.0002
50.0001
50.0001
50.0001
50.0001
50.0001
50.0001
50.0001
50.0001
50.0001
50.0001
50.0001
50
50
50
50
50
50
50
50
50
50
50
50
50
50
50
50
50
50
50
50
50
50
50
50
50
50
50
50
50
50
50
50
50
50
50
50
50
50
50
50
50
50
50
50
50
50
50
50
50
50
50
50
50
50
50
50
50
50
50
50
50
50
50
50
50
50
50
50
50
50
50
50
50
50
50
50
50
50
50
50
50


1494.95
1494.95
1462.67
1392.98
1380.05
1380.05
1375.31
1375.31
1375.31
1374.24
1361.71
1398.94
1308.09
1308.09
1307.92
1307.92
1305.82
1268.13
1268.13
1253.94
1253.94
1220.67
1220.67
1220.34
1220.34
1215.84
1186.11
1186.11
1177.55
1171.61
1171.61
1171.13
1164.46
1164.46
1159.48
1150.7
1149.08
1134.67
1133.36
1102.96
1102.96
1101.7
1100.11
1100.11
1099.75
1089.92
1088.03
1088
1084.99
1084.24
1083.25
1079.79
1077.12
1076.27
1070.57
1069.23
1068.08
1065.28
1051.96
1051.96
1051.96
1043.76
1043.76
1043.76
1043.51
1042.44
1042.28
1040.19
1031.61
1031.02
1029.87
1029.29
1029.23
1028.79
1028.79
1028.79
1022.99
1022.99
1022.93
1022.51
1022.51
1022.44
1022.44
1022.37
1022.31
1022.22
1022.22
1022.18
1022.12
1022.07
996.7
996.7
986.8
986.8
980.975
980.975
980.975
980.975
980.975
980.973
980.973
980.973
980.511
980.236
980.096
980.096
979.862
979.862
979.704
979.369
979.337
979.337
979.176
979.176
979.122
979.122
978.423
978.423
978.418
978.369
978.337
978.31
978.302
978.295
978.294
978.279
978.279
978.279
978.276
977.373
977.373
977.373
977.373
977.37
977.37
977.37
977.369
977.368
977.368
977.368
977.368
975.496
975.496
975.02
975.02
974.926
974.925
974.925
974.247
973.198
973.198
972.949
972.881
972.038
972.038
971.817
963.724
951.124
936.973
936.972
936.743
936.743
931.667
931.274
930.349
930.349
930.194
930.194
928.76
928.76
927.923
927.583
926.137
925.657
925.201
922.587
919.745
916.774
916.774
914.162
914.162
914.162
914.162
913.932
910.445
908.793
908.793
908.685
908.631
905.515
905.515
903.874
903.874
903.345
903.345
903.204
902.644
902.625
902.625
902.126
902.11
901.896
901.729
901.726
901.691
901.67
901.622
901.622
901.463
901.443
901.435
901.397
901.397
899.896
899.85
898.092
889.045
885.958
874.844
874.608
874.608
868.204
865.539
864.657
864.657
863.774
863.522
863.341
863.341
863.289
863.244
872.653
862.572
862.471
862.46
862.46
862.414
862.384
862.368
862.342
861.879
861.879
861.878
861.876
860.902
860.426
860.277
860.234
860.225
860.201
860.196
860.093
860.008
859.956
859.929
859.912
859.891
859.886
859.882
859.872
859.87
859.869
859.867
859.865
859.863
859.863
859.863
859.862
859.862
859.862
859.862
859.861
859.861
859.861
859.861
859.861
859.861
859.86
859.86
859.86
859.86
859.86
859.86
859.86
859.86
859.86
859.86
859.86
859.86
859.86
859.86
859.86
859.86
859.86
855.547
855.547
854.546
853.777
853.634
853.634
853.634
853.706
853.685
853.631
853.619
853.617
853.617
853.617
853.617
853.617
853.617
853.617
853.617
853.616
853.615
853.614
853.614
853.613
853.613
853.613
853.613
853.613
853.613
853.613
853.613
853.613
853.613
853.613
853.613
853.613
853.613
853.613
853.613
853.613
853.613
853.613
853.613
853.613
853.613
853.613
853.613
853.613
853.613
853.613
853.613
853.613
853.613
853.613
853.613
853.613
853.613
853.613
852.947
852.947
852.45
851.93
851.682
851.561
851.503
851.474
851.46
851.453
851.449
851.448
851.447
851.446
851.446
851.446
851.446
851.446
851.446
851.446
851.446
851.446
851.446
851.002
850.576
849.944
849.909
849.861
849.861
849.284
849.284
844.369
843.464
843.464
843.464
843.464
843.464
843.439
843.439
843.439
843.438
843.435
843.434
843.434
843.434
843.433
843.433
843.433
843.433
843.433
843.433
843.433
843.433
843.433
843.433
843.433
843.433
843.433
843.433
843.433
843.433
843.433
843.433
843.433
843.433
843.433
843.433
843.433
842.966
843.216
843.138
843.108
843.096
843.091
843.089
843.088
843.088
843.088
843.088
843.088
843.087
843.087
843.087
843.087
843.087
843.087
843.087
843.087


1499.37
1485.74
1485.74
1465.55
1375.71
1375.71
1367.99
1355.06
1332
1332
1331.59
1232.77
1232.77
1224.53
1192.57
1192.57
1169
1157.93
1157.86
1157.72
1157.72
1158.04
1155.65
1152.7
1150.07
1105.83
1095.51
1073.01
1073.01
1064.26
1063.79
1033.67
1031.46
1022.98
1014.17
993.33
988.342
988.265
988.265
984.736
949.777
954.247
949.479
949.331
925.434
923.164
921.979
920.421
920.111
920.111
918.549
915.095
915.095
912.382
911.776
902.387
901.11
892.398
891.685
891.586
883.218
881.538
880.754
877.278
876.971
876.24
874.185
874.185
871.269
870.99
870.99
868.914
868.275
868.143
867.94
867.788
867.577
867.46
866.835
866.218
866.01
865.991
865.991
865.972
865.882
865.792
865.579
865.424
865.319
865.192
865.146
865.125
865.036
864.998
864.99
864.974
864.971
864.958
864.958
864.939
864.939
864.937
864.933
864.924
864.921
864.913
864.912
864.912
864.909
864.909
864.907
864.907
864.906
864.906
864.906
864.905
864.904
864.904
864.904
864.904
864.904
864.904
864.904
864.903
864.903
864.903
864.903
864.903
864.903
864.903
864.903
864.903
864.903
864.903
864.903
864.903
864.903
864.903
864.903
864.903
864.903
864.903
864.903
864.903
864.903
864.903
864.903
864.903
864.903
864.903
853.023
853.023
851.937
850.852
850.777
850.005
848.118
842.291
838.385
838.364
838.364
838.024
837.946
837.946
837.944
837.834
837.64
837.619
837.473
837.473
837.369
837.369
837.342
837.292
837.278
837.276
837.265
837.265
837.238
837.238
817.339
807.296
806.97
806.572
805.463
805.35
805.344
805.272
805.257
805.248
805.245
805.244
805.237
805.231
805.178
805.172
805.165
805.163
805.133
805.124
805.121
805.121
805.109
805.109
805.103
805.103
805.1
805.099
805.098
805.096
805.088
805.084
805.082
805.078
805.078
805.078
805.077
805.077
805.075
805.074
805.074
805.074
805.073
805.073
805.072
805.072
805.072
805.072
805.072
805.072
805.072
805.072
805.072
805.072
805.072
805.071
805.071
805.071
805.071
805.071
805.071
805.071
805.071
805.071
805.071
805.071
805.071
805.071
805.071
805.071
805.071
805.071
805.071
805.071
805.071
805.071
805.071
805.071
805.071
805.071
805.071
805.071
805.071
805.071
805.071
805.071
805.071
805.071
805.071
805.071
805.071
805.071
805.071
805.071
805.071
805.071
787.176
778.138
778.138
777.624
777.624
777.594
777.578
777.572
777.508
777.508
777.508
777.45
777.445
777.407
777.407
777.381
777.381
777.377
777.373
777.347
777.347
777.345
777.343
777.342
777.337
777.334
777.334
777.334
777.333
777.332
777.331
777.33
777.33
777.329
777.322
777.318
777.318
777.318
777.317
777.315
777.315
777.314
777.314
777.314
777.313
777.313
777.313
777.313
777.313
777.313
777.312
777.312
777.312
777.312
777.312
777.312
777.312
777.312
777.312
777.312
777.312
777.312
777.312
777.312
777.312
777.312
777.312
777.312
777.312
777.312
777.312
777.312
777.312
777.312
777.312
777.312
777.312
777.312
777.312
777.312
777.312
777.312
777.312
777.312
777.312
777.312
777.312
777.312
777.312
777.312
777.312
777.312
777.312
777.312
777.312
777.312
777.312
777.312
777.312
777.312
777.312
777.312
777.312
777.312
777.312
777.312
777.312
777.312
777.312
777.312
777.312
777.312
777.312
777.312
777.312
777.312
777.312
777.312
777.312
777.312
777.312
777.312
777.312
777.312
777.312
777.312
777.312
777.312
777.312
777.312
777.312
777.312
777.312
777.312
777.312
777.312
777.312
777.312
777.312
777.312
777.312
777.312
777.312
777.312
777.312
777.312
777.312
777.312
777.312
777.312
777.312
777.312
777.312
777.312
777.312
777.312
777.312
777.312
777.312
777.312
777.312
777.312
777.312
777.312
777.312
777.312
777.312
777.312
777.312
777.312
777.312
777.312
777.312
777.312
777.312
777.312
777.312
777.312
777.312
777.312
777.312
777.312
777.312
777.312
777.312
777.312
777.312
777.312
777.312
777.312
777.312
777.312
777.312
777.312
777.312
777.312
777.312
777.312
777.312
777.312
777.312
777.312
777.312
777.312


1417.18
1390.96
1340.49
1305.64
1303.32
1303.32
1293.45
1293.45
1214.57
1168.63
1168.63
1290.7
1207.1
1206.77
1206.77
1206.58
1199.47
1193.58
1190.56
1174.94
1164.81
1168.83
1168.83
1161.63
1161.55
1161.55
1149.03
1149.03
1149.03
1132
1132
1132.05
1132.05
1131.59
1131.59
1131.59
1097.77
1076.86
1076.86
1068.53
1055.87
1055.87
1044.1
1043.96
1043.95
1043.35
1043.35
1038.15
1034.83
1034.44
1033.82
1038.86
1033.23
1030.2
1030.2
1023.5
1019.45
1017.42
997.766
994.525
992.894
980.666
980.666
975.971
975.88
975.594
970.597
954.923
954.923
954.923
954.554
954.861
945.9
943.089
938.797
938.797
938.778
938.778
937.569
934.764
933.611
931.829
931.829
931.808
927.675
926.469
926.291
926.184
926.02
919.43
918.577
917.766
917.286
917.286
916.095
915.354
909.06
908.245
907.206
900.993
900.455
900.455
900.229
899.507
898.495
897.152
896.74
896.74
896.184
896.17
895.793
895.781
895.233
895.08
895.032
894.853
894.281
894.242
894.19
893.927
893.91
893.761
893.193
892.652
892.625
892.625
892.583
892.538
892.419
892.143
892.127
892.049
892.043
892.043
892.025
892.012
891.978
891.074
889.681
885.611
881.565
881.512
881.484
880.986
880.678
880.642
880.641
880.601
880.601
880.551
880.542
879.246
879.246
879.242
878.545
875.766
875.763
873.855
873.853
873.851
873.851
872.108
871.682
871.398
871.324
870.067
870.063
870.062
870.062
869.328
869.327
869.275
868.848
868.848
868.841
868.736
868.73
868.729
868.681
868.556
868.556
868.556
868.313
868.29
868.29
868.29
868.276
868.275
868.275
868.268
868.268
868.259
868.249
868.249
858.604
858.246
858.246
857.897
857.897
857.897
857.484
857.484
857.484
857.484
857.376
857.376
857.376
857.376
857.368
857.318
857.318
857.31
857.303
857.281
857.277
857.258
857.258
857.243
857.243
857.243
857.234
857.234
857.231
857.23
857.23
857.228
857.228
857.228
857.225
857.225
857.225
857.225
857.225
857.224
857.224
857.223
857.223
857.223
857.223
857.223
857.222
857.222
857.222
857.222
857.222
857.222
857.222
857.222
857.222
857.222
857.222
857.222
857.222
857.222
857.222
857.222
857.222
857.222
857.222
857.222
857.222
857.222
857.222
857.222
857.222
857.222
857.222
857.222
857.222
851.101
851.101
851.101
851.101
851.101
851.101
851.101
851.101
851.101
851.101
836.999
836.922
836.922
836.922
836.922
836.865
836.848
836.7
836.579
836.562
836.544
836.507
836.456
836.436
836.435
836.403
836.358
836.344
836.338
836.291
836.277
836.277
836.271
836.264
836.26
836.25
836.246
836.238
836.238
836.219
836.219
836.214
836.075
835.981
835.96
835.934
835.897
835.888
835.888
835.883
835.877
835.865
835.863
835.861
835.86
835.858
835.858
835.857
835.856
835.855
835.855
835.853
835.852
835.851
835.85
835.849
835.848
835.848
835.848
835.848
835.847
835.847
835.847
835.847
835.847
835.847
835.847
835.846
835.846
835.846
835.846
835.846
835.846
835.846
835.846
835.846
835.846
835.846
835.846
835.846
835.846
835.845
835.845
835.845
835.845
835.845
835.845
835.845
835.845
835.845
835.845
835.845
835.845
835.845
835.845
835.845
835.845
835.845
835.845
835.845
835.845
835.845
835.845
835.845
835.845
835.845
835.845
835.845
835.845
835.845
835.845
835.845
835.845
835.845
835.845
835.845
835.845
835.845
835.845
835.845
835.845
835.845
835.845
835.845
835.845
835.845
835.845
835.845
835.845
835.845
835.845
835.845
835.845
835.845
835.845
835.845
835.845
835.845
835.845
835.845
835.845
835.845
835.845
835.845
835.845
835.845
835.845
835.845
835.845
835.845
835.845
835.845
835.845
835.845
835.845
835.845
835.845
835.845
835.845
835.845
835.845
835.845
835.845
835.845
835.845
835.845
835.845
835.845
835.845
835.845
835.845
835.845
835.845
835.845
835.845
835.845
835.845
835.845
835.845
835.845
835.845
835.845
835.845
835.845
835.845
835.845
835.845
835.845
835.845
835.845
835.845
835.845
835.845
835.845
835.845
835.845
835.845
835.845
835.845
835.845
835.845
835.845
835.845
835.845
835.845
835.845
835.845
835.845
835.845
835.845
835.845
835.845
835.845
835.845
835.845
835.845
835.845
835.845
835.845
835.845
835.845
835.845
835.845
835.845
835.845
835.845
827.647
827.647
825.919
822.267
821.017
821.017
823.29
823.29
823.29
823.29
823.29
823.29
823.29
823.29
823.29


1526.11
1489.93
1475.64
1470.52
1465.3
1400.3
1400.3
1381.82
1371.74
1371.74
1371.71
1371.71
1312.05
1299.68
1289.42
1289.42
1289.17
1289.17
1283.87
1282.56
1282.56
1282.56
1282.37
1279.92
1279.92
1279.92
1279.92
1279.92
1269.86
1269.86
1248.33
1350.96
1303.06
1303.06
1294.64
1285.98
1284.13
1263.8
1255.82
1238.36
1238.36
1258.32
1243.78
1231.31
1231.31
1224.56
1190.11
1189.99
1189.99
1174.13
1173.61
1154.93
1154.93
1150.43
1149.21
1148.97
1137.08
1137.08
1132.19
1132.19
1132
1129.07
1126.93
1123.9
1123.85
1111.15
1111.15
1110.92
1110.82
1108.1
1106.32
1104.14
1102.7
1102.58
1101.51
1091.89
1090.54
1090.54
1088.89
1088.03
1082.13
1079.8
1079.8
1077.06
1074.07
1073.99
1073.85
1073.77
1073.34
1072.94
1072.94
1072.82
1072.82
1072.68
1072.65
1072.53
1058.73
1058.72
1058.72
1046.36
1046.36
1036.91
1033.45
1033.45
1030.44
1030.44
1017.65
1015.9
1015.9
1014.53
1014.53
1013.5
1013.4
1007.05
1007.05
1007.05
1004.73
990.366
987.007
986.902
983.132
979.688
979.688
979.472
979.228
979.228
974.902
974.79
974.768
974.575
974.556
971.269
971.269
970.605
970.593
970.517
970.504
970.022
970.022
968.16
968.152
968.141
968.129
967.817
967.35
967.337
967.307
967.307
967.3
966.676
966.671
956.135
952.722
952.722
952.717
952.708
952.676
950.483
948.235
948.235
948.235
948.235
948.235
948.204
942.739
942.739
942.739
942.477
942.016
942.016
939.634
943.144
943.123
942.97
942.97
942.818
942.245
942.245
940.364
940.364
940.113
940.113
940.095
940.095
940.065
940.009
939.816
939.816
939.816
933.101
929.91
949.123
949.123
927.157
927.122
927.083
927.068
927.038
927.014
926.996
926.959
926.947
926.947
926.936
926.936
924.307
924.307
922.346
922.34
922.34
922.339
926.085
926.073
926.067
926.067
926.064
926.063
921.066
921.066
921.066
920.373
919.696
919.696
919.258
916.006
916.006
911.099
911.085
909.431
909.431
909.424
911.871
911.87
910.844
910.198
909.896
909.059
906.981
906.863
905.885
905.885
905.885
905.663
905.663
905.235
904.892
904.892
904.525
904.525
903.694
903.694
903.723
903.723
903.409
903.409
903.409
903.165
903.154
903.154
902.953
902.737
902.725
902.694
902.694
902.527
902.499
902.358
902.258
902.241
902.121
901.938
901.972
901.857
901.814
901.79
901.787
901.772
901.714
901.707
901.689
901.68
901.672
901.666
901.659
901.654
901.649
901.649
901.645
901.639
901.609
901.602
901.604
901.592
901.591
901.584
901.584
901.582
901.577
901.573
901.569
901.569
901.563
901.563
901.563
890.144
888.272
888.272
887.435
887.433
887.433
886.84
886.837
886.491
884.936
884.698
884.666
884.661
884.658
884.658
884.638
884.629
884.55
884.518
884.43
884.396
884.382
884.381
884.335
884.295
884.292
884.252
884.235
884.226
884.196
884.189
884.186
884.182
884.153
884.137
884.105
884.091
884.09
884.09
884.085
884.085
884.067
884.067
884.062
884.062
884.05
884.046
884.048
884.044
884.043
884.043
884.042
884.039
884.038
884.037
884.037
884.037
884.037
884.036
884.034
884.034
884.034
884.034
884.034
884.034
884.033
884.033
884.033
884.033
884.033
884.033
884.033
884.033
884.033
879.628
879.628
879.628
879.628
879.628
879.628
879.483
877.985
877.985
877.985
877.985
877.985
877.985
877.847
877.79
877.788
877.563
877.563
877.514
877.514
877.496
877.496
877.433
877.439
877.357
877.355
877.355
877.355
877.347
877.335
877.314
877.314
877.311
877.308
877.299
877.297
877.297
877.296
877.291
877.291
877.29
877.289
877.284
877.286
877.286
877.286
877.286
877.286
877.286
877.285
877.285
877.284
877.283
877.286
877.286
877.285
877.285
877.282
877.282
877.282
877.282
877.281
877.281
877.281
877.281
877.281
877.281
877.28
877.28
877.28
877.28
877.28
877.279
877.279
877.279
877.279
877.279
877.279
877.279
877.279
877.279
877.279
877.279
877.279
877.279
877.279
877.279
877.278
877.278
877.278
877.278
877.278
877.278
877.278
877.278
877.278
877.278
877.278
877.278
877.278
877.278
877.278
877.278
877.278
877.278
877.278
877.278
877.278
877.278
877.278
877.278
877.278
877.278
877.278
877.278
877.278
877.278
877.278
877.278
877.278
877.278
877.278
877.278
877.278
877.278
877.278
877.278
877.278
877.278
877.278
877.278
877.278
877.278
877.278
877.278
877.278
877.278
877.278
877.278
877.278
877.278
877.278
877.278
877.278
877.278
877.278
877.278
877.278
877.278
877.278
877.278
877.278
877.278
877.278
877.278
877.278
877.278
877.278
877.278
877.278
877.278
877.278
877.278
877.278
877.278
877.278
877.278
877.278
877.278
877.278
877.278
877.278
877.278
877.278
877.278
877.278
877.278
877.278
877.278
877.278
877.278
877.278


1479.69
1427.21
1414.47
1372.4
1372.4
1366.12
1366.12
1338.61
1329.8
1329.51
1295.91
1357.27
1317.52
1317.52
1309.74
1309.74
1286.17
1276.32
1240.55
1240.54
1232.62
1232.62
1232.62
1232.62
1232.58
1221.78
1195.33
1193.43
1193.39
1193.39
1185.61
1183.77
1183.77
1164.84
1163.48
1162.68
1158.04
1155.61
1155.57
1152.94
1151.41
1162.56
1162.1
1162.04
1152.15
1143.69
1143.69
1137.58
1137.23
1137.21
1131.29
1131.32
1131.19
1127.3
1125.52
1124.84
1124.84
1124.82
1122.46
1122.46
1122.38
1122.82
1118.47
1117.67
1117.67
1117.54
1116.31
1116.03
1113.74
1111.66
1110.58
1109.22
1109.22
1109.07
1109.07
1108.69
1098
1096.3
1074.32
1072.78
1063.66
1058.26
1056.08
1056.08
1053.46
1052.32
1046.22
1044.46
1044.46
1042.59
1041.44
1037.22
1037.15
1035.88
1031.09
1030.83
1030.44
1029.83
1029.83
1029.59
1027.24
1027.24
1027.04
1016.69
1015.87
1015.83
1015.22
1004.67
1002.6
1002.09
1002.02
1001
995.523
995.494
995.472
995.374
992.884
991.728
991.036
990.211
989.28
988.399
988.182
988.182
988.043
986.271
985.92
984.749
984.738
984.738
984.467
964.611
964.532
964.357
963.722
963.722
963.702
963.643
963.285
963.148
959.827
959.766
959.744
959.744
959.688
959.537
959.222
959.208
959.104
958.951
958.598
958.965
958.608
958.126
958.111
958.111
957.735
957.495
957.492
957.471
957.374
957.373
957.373
957.355
957.209
957.118
957.116
956.906
956.888
956.781
956.781
956.862
956.823
956.823
956.764
956.737
956.736
956.717
956.625
956.619
956.603
956.544
956.544
956.539
956.519
956.505
956.494
956.493
956.49
956.47
956.47
956.469
956.464
956.454
956.446
956.435
956.424
956.424
956.416
956.412
953.247
953.247
952.517
952.517
952.517
952.515
952.492
952.457
952.308
952.305
952.287
952.283
952.283
952.283
952.214
952.214
952.202
952.202
952.201
952.201
952.136
952.233
952.126
952.126
952.126
952.04
952.018
952.018
952.018
952.007
952.006
952.006
952.002
952.002
951.986
951.787
951.787
951.787
951.787
950.214
950.214
950.214
950.214
950.214
948.305
947.041
947.041
943.6
943.6
940.469
940.469
940.469
940.469
940.469
940.125
940.125
939.896
939.828
939.828
939.053
939.053
939.053
939.053
939.052
939.052
939.046
938.943
938.943
938.892
938.76
938.697
938.665
938.651
938.259
937.755
937.246
936.746
936.486
936.48
936.48
936.407
936.407
936.355
936.354
936.354
936.338
936.328
936.328
936.328
936.307
936.292
936.288
936.288
936.283
936.275
936.268
936.261
936.256
936.25
936.247
936.244
936.241
936.238
930.515
930.515
930.515
930.515
930.222
930.222
930.222
930.222
930.222
930.222
930.222
930.222
929.771
929.35
929.35
929.35
928.716
928.716
928.959
928.959
928.959
928.959
928.859
928.859
928.859
928.859
928.859
928.389
928.34
928.163
928.163
927.652
927.35
926.649
926.649
925.49
925.49
924.645
923.721
923.721
923.721
923.721
923.721
923.294
923.294
923.026
923.026
922.962
922.885
922.737
922.726
922.405
922.405
922.276
921.883
921.739
921.71
921.646
921.513
921.088
920.662
920.191
920.191
920.191
920.191
920.191
919.959
919.847
919.833
919.833
919.747
919.747
919.566
919.42
919.42
919.381
919.381
919.381
919.386
919.386
919.386
919.386
919.319
919.319
919.304
919.269
919.269
919.269
919.22
919.191
919.188
919.185
919.185
919.183
919.174
919.174
919.16
919.16
919.167
919.15
919.146
919.121
919.107
919.088
919.084
919.079
919.079
919.058
919.051
919.046
919.035
919.035
919.024
919.009
919.009
919.006
919.006
918.997
919.001
918.999
918.999
918.999
918.996
918.992
918.992
918.99
918.99
918.989
918.988
918.988
918.985
918.984
918.984
918.983
918.982
918.98
918.98
918.98
918.98
918.98
918.98
918.98
918.979
918.979
918.979
918.979
918.979
918.979
918.979
918.979
918.979
918.979
918.979
918.979
918.979
918.979
918.979
918.979
918.979
918.979
918.978
918.978
918.978
918.978
918.978
918.978
918.978
918.978
918.978
918.978
918.978
918.978
918.978
918.978
918.978
918.978
918.978
918.978
918.978
918.978
918.978
918.978
918.978
918.978
918.978
918.978
918.978
918.978
918.978
918.978
918.978
918.978
918.978
918.978
918.978
918.978
918.978
918.978
918.978
918.978
918.978
918.978
918.978
918.978
918.978
918.978
918.978
918.978
918.978
918.978
918.978
918.978
918.978
918.978
918.978
918.978
918.978
918.978
914.958
914.154
914.154
914.154
911.24
911.24
909.989
909.989
909.989
909.989
911.165
910.489
910.185
910.185
910.185
909.93
909.93
909.708
909.708
909.557
909.967
909.967
909.965
909.289
909.289
909.289
909.289
909.289
909.181
909.181
909.187
909.142
909.142
908.599
908.599
908.599
908.599
908.599
908.593
908.593
908.585
908.512
908.476
908.476
908.248
908.248
908.248
908.225
908.151
908.126
908.104
908.087
908.087
908.083
908.083
908.083
908.083
908.083
908.066
908.015
908.014
908.014
908.014
908.001
907.997
907.988
907.988
907.988
907.988
907.982
907.979
907.979
907.973
907.973
907.97
907.97
907.968
907.968
907.966


1498.33
1464.75
1452.21
1414.13
1372.57
1288.38
1288.38
1284.26
1259.64
1259.64
1259.61
1372.92
1265.92
1265.44
1265.44
1265.44
1245.85
1242.38
1241.89
1241.88
1241.88
1220.12
1186.32
1186.32
1170.13
1167.48
1167.48
1156.65
1156.65
1156.54
1152.9
1157.36
1122.43
1121.14
1112.89
1112.89
1109.91
1095.52
1089.77
1089.77
1089.62
1090.44
1089.42
1087.52
1086.48
1072.05
1056.84
1055.11
1055.11
1054.92
1043.64
1044.61
1038.37
1038.37
1037.93
1037.44
1036.36
1032.25
1029.97
1029.97
1029.45
1027.86
1027.86
1025.79
1021.24
1021.24
1018.24
1006.08
1005.18
1005.14
992.774
1005.54
1005.49
1005.12
994.277
994.215
994.063
993.017
992.785
987.091
987.091
985.988
984.738
984.738
983.727
962.263
958.674
952.681
952.487
952.301
950.437
950.397
950.252
950.252
950.229
948.91
948.409
948.356
948.294
947.297
947.209
947.202
946.184
946.157
945.949
945.503
945.499
945.047
944.733
944.61
944.294
944.29
943.594
943.544
943.164
943.164
943.161
943.14
942.601
942.585
942.479
942.477
942.422
942.337
942.337
942.335
942.335
942.1
942.077
942.077
941.898
941.886
941.886
941.883
941.869
941.868
941.844
941.808
941.807
939.261
939.099
938.923
938.923
938.873
929.465
923.526
923.526
920.828
920.594
918.879
918.866
918.254
918.254
917.162
916.677
916.491
916.27
916.118
916.012
915.983
915.754
915.728
915.693
915.693
915.57
915.312
915.166
914.918
914.918
914.813
914.783
914.734
914.734
914.691
914.657
914.621
914.62
914.62
914.609
914.551
914.543
914.553
914.537
914.503
914.491
901.592
901.232
901.229
900.757
900.234
898.308
893.391
893.387
891.978
891.97
891.275
891.272
891.272
891.205
891.205
891.204
890.952
890.91
890.91
890.831
890.831
890.812
890.812
890.812
890.811
890.8
890.788
890.776
890.776
890.772
890.772
890.765
890.765
890.765
890.762
890.762
890.762
890.761
890.76
890.76
890.757
890.756
890.756
890.756
890.755
890.754
890.753
890.753
890.753
890.752
890.751
890.751
890.751
890.751
890.751
890.751
890.751
890.751
890.751
890.751
890.751
890.751
890.751
890.751
890.751
890.75
890.75
890.75
890.75
890.75
890.75
890.75
890.75
890.75
890.75
890.75
890.75
890.75
890.75
890.75
890.75
888.401
888.193
885.879
885.879
885.839
885.691
885.691
885.659
885.632
885.632
885.434
885.434
885.428
885.428
885.428
885.39
885.39
885.37
885.37
885.359
885.351
885.351
885.35
885.348
885.348
885.341
885.332
885.332
885.331
885.33
885.33
885.328
885.327
885.327
885.326
885.326
885.325
885.325
885.325
885.325
885.324
885.324
885.324
885.324
885.323
885.322
885.322
885.322
885.322
885.322
885.322
885.322
885.322
885.322
885.322
885.322
885.322
885.322
885.322
885.322
885.322
885.322
885.322
885.322
885.322
885.322
885.322
885.322
885.322
885.322
885.322
885.322
885.322
885.322
885.322
885.322
885.322
885.322
885.322
885.322
885.322
885.322
885.322
885.322
885.322
885.322
885.322
885.322
885.322
885.322
885.322
885.322
885.322
885.322
885.322
885.322
885.322
885.322
885.322
885.322
885.322
885.322
885.322
885.322
885.322
885.322
885.322
885.322
885.322
885.322
885.322
885.322
885.322
885.322
885.322
885.322
885.322
885.322
885.322
885.322
885.322
885.322
885.322
885.322
885.322
885.322
885.322
885.322
885.322
885.322
885.322
885.322
885.322
885.322
885.322
885.322
885.322
885.322
885.322
885.322
885.322
885.322
885.322
885.322
885.322
885.322
885.322
885.322
885.322
885.322
885.322
885.322
885.322
885.322
885.322
885.322
885.322
885.322
885.322
885.322
885.322
885.322
885.322
885.322
885.322
885.322
885.322
885.322
885.322
885.322
885.322
885.322
885.322
885.322
885.322
885.322
885.322
885.322
885.322
885.322
885.322
885.322
885.322
885.322
885.322
885.322
885.322
885.322
885.322
885.322
885.322
885.322
885.322
885.322
885.322
885.322
885.322
885.322
885.322
885.322
885.322
885.322
885.322
885.322
885.322
885.322
885.322
885.322
885.322
885.322
885.322
885.322
885.322
885.322
885.322
885.322
885.322
885.322
885.322
885.322
885.322
885.322
885.322
885.322
885.322
885.322
885.322
885.322
885.322
885.322
885.322
885.322
885.322
885.322
885.322
885.322
885.322
885.322
885.322
885.322
885.322
885.322
885.322
885.322
885.322
885.322
880.977
880.095
879.739
879.739
879.337
879.255
879.255
879.255
879.149
879.154
879.024
878.992
878.959
878.925
878.925
878.925
878.892
878.892
878.888
878.883
878.864
878.864
878.861
878.855
878.855
878.855
878.854
878.852
878.852
878.854
878.851
878.851
878.849
878.849
878.849
878.849
878.848
878.846
878.846
878.846
878.846
878.845
878.845
878.845
878.845
878.845
878.845
878.845


1436.68
1334.05
1334.05
1323.73
1297.26
1297.26
1297.17
1284.24
1263.46
1263.46
1263.46
1310.5
1269
1251.26
1242.6
1226.39
1226.39
1222.86
1222.78
1196.13
1190.41
1190.33
1190.33
1184.41
1184.34
1184.05
1176.61
1139.08
1139.08
1136.23
1133.52
1152.82
1138.41
1124.82
1124.82
1124.72
1118.89
1117.28
1116.32
1086.28
1085.49
1085.48
1085.3
1078.49
1076.18
1076.07
1074.98
1074.91
1073.74
1067.53
1067.44
1062.74
1058.14
1055.18
1053.85
1053.85
1053.53
1053.42
1050.93
1042.73
1042.73
1042.5
1034.43
1031.49
1030.25
1028.9
1019.95
1019.78
1015.93
1015.74
1013.18
1012.73
1012.73
1012.73
1011.15
1008.63
1008.05
1007.39
1006.88
994.928
994.928
994.521
994.042
991.48
986.185
975.978
975.978
975.836
975.78
975.105
975.053
975.053
975.006
975.006
972.739
972.684
972.465
970.311
970.311
969.952
966.404
966.585
963.756
963.301
963.301
962.586
962.586
959.459
958.683
958.654
958.256
970.083
958.899
958.74
958.723
958.205
958.205
958.003
957.692
957.331
957.122
956.982
956.98
956.847
956.847
956.844
956.844
956.708
956.599
956.574
956.527
956.522
956.522
956.403
956.403
956.394
956.378
956.378
956.372
956.365
956.364
956.362
956.362
956.355
956.353
954.609
954.609
954.6
954.6
954.595
954.594
982.574
956.329
956.329
956.328
956.325
956.325
956.325
956.004
955.947
955.94
955.94
955.889
955.87
955.862
955.859
955.857
955.856
955.856
955.856
951.054
951.054
951.054
951.032
951.032
951.032
940.563
937.136
937.136
934.287
924.049
922.218
920.667
919.657
919.657
919.221
918.706
917.55
917.55
917.55
917.55
917.444
917.444
917.444
917.255
917.168
916.205
916.205
916.123
916.081
916.073
915.97
915.966
915.925
915.673
915.673
915.673
915.673
915.574
915.574
915.338
915.185
915.175
915.079
915.041
915.041
914.948
914.843
914.827
914.66
909.041
909.041
903.272
898.724
898.724
897.807
897.807
896.993
896.993
896.895
896.895
895.753
895.753
895.753
895.695
895.695
895.304
895.304
895.304
895.304
895.304
895.175
893.075
893.075
892.888
892.888
892.649
892.649
892.33
891.86
891.86
891.72
891.72
891.72
891.464
891.464
891.402
891.402
891.402
891.26
891.26
891.038
891.038
891.022
890.991
890.887
890.847
890.843
890.836
890.828
890.808
890.77
890.767
890.764
890.735
890.735
890.735
890.735
890.735
890.732
890.732
890.714
890.714
890.708
890.707
890.707
890.707
890.707
890.707
890.705
890.705
890.705
890.704
890.704
890.704
890.703
890.703
890.703
890.703
890.703
890.703
890.703
890.702
890.702
890.702
890.702
890.702
890.702
890.702
890.702
890.702
890.702
890.702
890.702
890.702
890.702
890.702
890.702
890.702
890.702
890.702
890.702
890.702
890.702
890.702
890.702
890.702
890.702
890.702
890.702
890.702
890.702
890.702
890.702
890.702
890.702
890.702
890.702
890.702
890.702
890.702
890.702
890.702
890.702
890.702
890.702
890.702
890.702
890.702
890.702
890.702
890.702
890.702
890.702
890.702
890.702
890.702
890.702
890.702
890.702
890.702
890.702
890.702
890.702
890.702
890.702
890.702
890.702
890.702
890.702
890.702
890.702
890.702
890.702
890.702
890.702
890.702
890.702
890.702
890.702
890.702
890.702
890.702
890.702
890.702
890.702
890.702
890.702
890.702
890.702
890.702
890.702
890.702
890.702
890.702
890.702
890.702
890.702
890.702
890.702
890.702
890.702
890.702
890.702
890.702
890.702
890.702
890.105
886.789
883.699
883.433
883.127
882.84
882.84
882.8
882.753
882.753
882.344
878.69
878.065
878.065
878.062
877.931
877.885
877.885
877.875
877.875
877.875
877.867
877.867
877.866
877.866
877.862
877.86
877.858
877.858
877.855
877.852
877.852
877.852
877.852
877.851
877.848
877.847
877.847
877.847
877.846
877.846
877.846
877.846
877.845
877.845
877.845
877.845
877.845
877.845
877.845
877.845
877.845
877.845
877.845
877.845
877.845
877.845
877.845
877.845
877.845
877.845
877.845
877.845
877.845
877.845
877.845
877.845
877.845
877.845
877.845
877.845
877.845
877.845
877.845
877.845
877.845
877.845
877.845
877.845
877.845
877.845
877.845
877.845
877.845
877.845
877.845
877.845
877.845
877.845
877.845
877.845
877.845
877.845
877.845
877.845
877.845
877.845
877.845
877.845
877.845
877.845
877.845
877.845
877.845
877.845
877.845
877.845
877.845
877.845
877.845
877.845
877.845
877.845


1484.62
1403.43
1385.65
1312.72
1310.92
1267.53
1267.53
1265.4
1260.66
1253.99
1241.82
1241.82
1241.8
1216.24
1197.9
1197.75
1197.75
1167.16
1167.16
1167.04
1159.72
1137.65
1130.1
1106.45
1103.26
1093.94
1077.75
1077.67
1077.66
1077.25
1070.79
1070.79
1032.78
1027.63
1014.73
1014.73
1011.16
1011.16
1006.41
1005.07
1003.32
1004.89
1000.61
999.851
998.88
994.317
993.025
992.892
992.332
991.003
990.943
989.059
988.692
986.611
985.452
984.557
983.901
981.195
980.782
979.951
979.913
977.266
977.256
977.207
977.207
977.06
977.046
977.03
977.03
976.753
976.739
976.647
976.566
976.49
976.485
976.464
976.464
976.434
976.433
976.379
976.364
976.349
976.349
976.348
976.319
976.319
971.389
967.014
964.557
964.557
963.771
963.771
963.771
963.771
962.837
961.639
961.619
959.51
957.953
957.953
956.752
955.724
955.567
955.456
955.411
955.411
955.202
955.127
954.704
954.572
954.572
954.572
954.491
954.437
954.437
954.437
954.369
954.369
954.357
954.314
954.294
954.25
954.216
954.216
954.216
954.216
954.204
954.197
954.19
954.186
954.186
954.19
954.19
954.19
954.19
954.187
954.181
954.179
954.179
954.177
954.176
954.173
954.173
954.173
954.173
954.172
949.958
949.636
949.61
949.61
949.36
948.856
940.92
940.743
940.743
940.743
940.726
940.718
940.714
940.696
940.695
940.692
940.692
940.689
940.689
940.683
940.683
940.681
940.681
940.68
940.68
940.679
940.679
940.679
940.679
940.678
940.678
940.678
940.678
940.677
940.677
940.677
940.677
940.677
940.677
940.677
940.677
940.677
940.677
940.677
940.677
940.677
940.677
940.677
940.677
940.677
940.677
940.677
940.677
940.677
940.677
940.677
940.677
940.677
940.677
940.677
940.677
940.677
940.677
940.677
940.677
940.677
940.677
940.677
940.677
940.677
940.677
940.677
940.677
940.677
940.677
940.677
940.677
940.677
940.677
940.677
940.677
940.677
940.677
940.677
940.677
940.677
940.677
940.677
940.677
940.677
940.677
940.677
937.799
936.544
936.544
936.544
936.414
934.476
934.476
934.476
931.69
926.699
923.701
922.844
905.979
902.6
897.915
897.044
896.893
894.681
893.892
893.597
893.597
893.546
890.327
890.327
890.327
888.96
888.96
888.22
888.22
888.22
887.862
887.765
887.765
887.944
887.944
887.944
887.673
887.673
887.472
887.472
887.431
887.424
887.409
887.408
887.392
887.348
887.348
887.327
887.313
887.301
887.282
887.282
887.282
887.254
887.254
887.239
887.239
887.239
887.222
887.218
887.165
887.163
887.16
887.153
887.153
887.149
887.149
887.147
887.146
887.144
887.144
887.144
887.142
887.141
887.141
887.141
887.141
887.141
887.141
881.347
877.458
868.327
868.327
868.299
868.299
868.113
866.988
866.988
866.988
866.988
866.105
865.912
865.912
865.771
865.565
865.559
865.536
865.536
865.524
865.524
865.524
865.495
865.492
865.485
865.485
865.485
865.476
865.469
865.469
865.469
865.465
865.465
865.461
865.461
865.46
865.459
865.459
865.459
865.458
865.456
865.456
865.455
865.454
865.454
865.453
865.453
865.453
865.453
865.453
865.453
865.452
865.451
865.451
865.451
865.451
865.451
865.451
865.451
865.451
865.451
865.451
865.451
865.451
865.451
865.451
865.451
865.451
865.451
865.451
865.451
865.451
865.451
865.451
865.451
865.451
865.451
865.451
865.451
865.451
865.451
865.451
865.451
865.451
865.451
865.451
865.451
865.451
865.451
865.451
865.451
865.451
865.451
865.451
865.451
865.451
865.451
865.451
865.451
865.451
865.451
865.451
865.451
865.451
865.451
865.451
865.451
865.451
865.451
865.451
865.451
865.451
865.451
865.451
865.451
865.451
865.451
865.451
865.451
865.451
865.451
865.451
865.451
865.451
865.451
865.451
865.451
865.451
865.451
865.451
865.451
865.451
865.451
865.451
865.451
865.451
865.451
865.451
865.451
865.451
865.451
865.451
865.451
865.451
865.451
865.451
865.451
865.451
865.451
865.451
865.451
865.451
865.451
865.451
865.451
865.451
865.451
865.451
865.451
865.451
865.451
865.451
865.451


1338.29
1273.31
1261.29
1246.67
1228.01
1228.01
1209.39
1209.39
1198.89
1180.58
1180.58
1158.72
1139.87
1127.36
1127.31
1127.26
1127.21
1110.71
1108.28
1084.46
1084.46
1066.43
1061.2
1055.34
1045.08
1045.02
1044.95
1044.95
1041.16
1025.34
1020.07
1025.2
1017.93
1014.07
1014.07
1005.72
999.019
991.633
991.633
989.536
988.556
987.665
987.585
986.75
986.336
986.205
984.202
981.347
975.458
975.456
975.456
976.777
976.043
975.785
975.594
974.476
974.094
972.183
972.133
972.003
967.547
967.547
967.155
967.018
966.697
966.469
966.304
965.939
965.892
964.25
964.25
963.205
962.769
962.746
962.746
962.716
962.654
962.651
962.637
962.571
962.57
962.353
962.331
962.306
962.304
962.281
962.28
962.279
962.261
962.253
962.247
962.24
962.239
962.237
962.234
962.233
962.229
962.229
962.228
962.228
962.227
962.226
960.162
960.161
960.156
960.156
960.156
960.156
960.156
955.945
955.945
955.65
955.634
952.395
950.935
950.935
950.912
950.895
950.865
950.808
950.796
950.71
950.407
950.163
949.46
949.405
949.067
949.065
949.062
949.06
948.99
948.959
948.959
948.94
948.915
948.915
948.914
947.069
945.04
945.039
945.032
944.937
944.839
944.791
944.76
944.76
944.511
944.511
944.51
944.51
944.442
944.444
944.444
944.426
944.42
944.42
944.08
943.391
943.16
943.075
943.036
943.019
943.009
943.005
942.995
942.846
942.846
937.826
937.258
937.258
937.258
958.42
944.392
944.391
944.39
944.39
944.39
944.39
944.39
940.271
935.982
943.051
943.05
941.617
938.288
938.288
935.984
934.464
934.464
934.464
934.464
934.095
933.841
933.797
933.362
932.565
930.4
930.4
930.077
930.077
928.765
927.77
927.552
926.684
924.543
924.26
924.072
923.231
923.08
922.108
922.108
921.914
921.798
921.686
921.153
921.095
920.747
920.274
920.052
919.918
919.885
919.494
919.295
919.149
919.133
918.916
918.879
918.543
918.512
918.108
918.056
917.979
917.979
917.967
917.818
917.809
917.809
917.671
917.671
917.646
917.57
917.57
917.566
917.543
917.49
917.459
917.459
917.421
917.421
917.42
917.396
917.385
917.384
917.384
917.383
917.383
917.383
917.383
917.38
917.378
917.377
917.375
917.375
917.374
917.374
917.373
917.373
917.372
917.372
917.371
917.371
917.371
917.371
917.37
917.37
917.37
917.37
917.37
917.37
917.37
917.37
917.37
917.37
917.37
911.837
905.859
901.321
901.321
900.869
900.869
900.578
900.578
900.578
900.549
900.549
900.539
900.539
900.536
900.21
900.164
900.164
900.118
900.118
899.92
899.901
899.792
899.792
899.739
899.739
899.695
899.694
899.69
899.69
899.676
899.672
899.672
899.67
899.67
899.66
899.657
899.65
899.648
899.648
899.648
899.64
899.64
899.635
899.635
899.635
899.634
899.634
899.631
899.631
899.631
899.629
899.629
898.08
898.08
898.079
897.413
897.413
915.762
897.294
897.294
897.294
897.294
897.294
897.294
897.294
897.294
897.294
897.244
897.244
897.244
897.242
897.242
897.242
897.242
897.242
897.242
897.242
897.243
897.242
897.242
897.242
897.242
897.242
897.242
896.742
896.742
896.643
896.597
896.577
896.567
896.563
896.561
896.56
896.56
896.559
896.559
896.559
896.559
896.559
896.559
896.559
896.559
896.559
896.559
896.559
896.559
896.559
896.559
896.255
896.255
896.255
894.298
892.446
892.446
892.446
892.446
892.446
894.704
894.704
894.704
894.704
894.704
894.704
894.704
894.704
894.704
892.76
891.642
891.413
891.413
891.239
891.213
890.924
890.924
890.772
890.772
890.538
890.558
890.558
890.457
890.374
890.35
890.35
890.28
890.28
890.155
890.075
890.036
890.036
889.997
889.997
889.98
889.965
889.942
889.942
889.942


1387.43
1348.22
1315.79
1266.8
1266.8
1266.78
1256.16
1244.21
1208.09
1208.09
1173.14
1229.93
1225.2
1225.2
1160.16
1136.38
1136.38
1136.38
1136.34
1136.34
1125.4
1125.4
1123.96
1119.74
1107.18
1106.79
1084.78
1075.64
1074.16
1067.81
1067.81
1055.7
1055.7
1053.21
1053.21
1053.2
1053.2
1052.84
1052.24
1042.99
1038.81
1035.7
1034.65
1030.07
1029.61
1028.52
1028.52
1028.27
1009.78
1006.41
1001.79
1002.66
998.082
993.987
993.167
992.812
992.742
992.465
992.088
992.059
991.361
991.23
991.078
989.159
978.406
978.406
978.361
978.179
978.053
975.837
975.626
974.909
974.908
970.428
970.428
970.361
970.361
967.09
965.944
965.651
965.651
962.958
962.682
962.632
960.372
959.184
950.547
935.131
935.131
934.987
932.078
934.601
934.173
934.173
929.799
929.666
927.558
927.388
925.11
925.005
925.005
924.817
924.601
923.701
923.589
923.51
923.408
923.198
923.152
922.459
922.264
922.135
921.699
921.594
921.594
905.595
901.357
896.088
894.409
893.393
893.191
892.315
891.619
891.373
891.362
890.782
890.593
890.122
889.442
888.301
888.163
887.981
887.646
887.646
887.373
887.244
887.244
887.201
887.19
887.109
887.1
887.1
887.097
887.096
887.091
887.088
887.085
887.079
887.079
887.078
887.077
887.077
887.077
887.076
887.075
887.075
887.075
887.075
887.075
887.074
887.074
887.074
887.074
887.074
887.074
887.074
887.074
887.074
887.074
887.074
887.074
887.074
887.074
887.074
887.074
886.975
886.975
886.237
885.838
885.832
885.832
885.657
885.657
885.646
885.646
885.64
885.601
885.601
885.601
885.485
885.455
885.453
885.449
885.449
885.438
885.438
885.438
885.438
885.43
885.421
885.418
885.418
885.39
885.383
885.383
885.383
885.382
885.378
885.374
885.373
885.359
885.341
885.341
885.341
885.341
885.335
885.335
885.326
885.326
885.326
885.325
885.324
885.324
885.323
885.323
885.321
885.321
885.321
885.321
885.321
885.321
885.32
885.32
885.32
885.32
885.32
885.32
885.32
885.32
885.32
885.32
885.32
885.32
885.32
885.32
885.32
885.32
885.32
885.32
885.32
885.32
885.32
885.32
885.32
885.32
885.32
885.32
885.32
885.32
885.32
885.32
885.32
885.32
885.32
885.32
885.32
885.32
885.32
885.32
885.32
885.32
885.32
885.32
885.32
885.32
885.32
885.32
885.32
885.32
885.32
885.32
885.32
885.32
885.32
885.32
885.32
885.32
885.32
885.32
885.32
885.32
885.32
885.32
885.32
885.32
885.32
885.32
885.32
885.32
885.32
885.32
885.32
885.32
885.32
885.32
885.32
885.32
885.32
885.32
885.32
885.32
885.32
885.32
885.32
885.32
885.32
885.32
885.32
885.32
885.32
885.32
885.32
885.32
885.32
885.32
885.32
885.32
883.039
883.039
882.994
882.994
879.692
879.692
879.692
879.605
878.808
877.718
877.718
877.625
877.625
877.384
877.524
877.524
877.524
877.524
877.359
877.359
877.343
877.343
877.307
877.242
877.217
877.217
877.217
877.216
877.21
877.21
846.931
846.924
846.917
840.546
876.663
873.489
832.988
783.188
783.187
783.181
783.181
783.171
741.418
736.445
708.889
708.887
708.886
708.886
708.883
708.878
704.53
704.53
699.447
697.669
697.669
694.888
692.427
688.231
672.441
667.613
667.613
667.613
667.613
655.414
655.693
648.332
648.332
648.332
648.332
648.332
648.332
648.332
648.332


1308.54
1306.28
1292.47
1220.73
1179.47
1179.47
1168.75
1168.75
1164.69
1153.34
1136.93
1136.93
1136.5
1103.05
1103.05
1090.72
1079.56
1065.99
1046.22
1042.27
1038.59
1038.59
1036.79
1025.52
1011.45
1011.45
1010.5
1001.75
991.826
991.826
978.667
1018.23
979.447
977.329
974.621
974.621
941.484
932.6
932.6
932.543
932.543
930.403
930.403
929.885
927.384
924.19
923.505
921.625
921.451
921.182
920.586
916.626
913.186
911.35
902.937
900.863
893.265
893.265
891.884
890.329
887.585
887.865
886.395
884.34
884.178
884.178
884.114
883.819
883.397
883.114
882.849
882.616
879.961
879.689
879.68
879.474
878.683
878.577
878.407
878.407
877.922
877.921
877.057
877.053
875.185
875.183
874.156
874.154
873.144
871.524
871.522
871.522
871.348
871.14
870.83
870.631
870.445
870.189
870.189
870.189
870.077
870.077
870.029
869.764
869.764
869.692
869.619
869.619
869.58
869.546
869.546
869.521
869.514
869.514
869.512
869.427
866.757
866.757
866.757
866.757
866.628
866.583
866.583
866.583
866.583
866.517
866.517
866.517
866.472
866.472
866.472
866.47
866.46
866.46
866.441
866.441
866.441
866.436
866.436
866.436
866.432
866.429
866.429
866.428
866.428
866.422
866.422
866.422
862.519
862.507
862.507
862.471
862.471
862.459
861.665
861.54
861.53
861.52
861.502
861.502
861.221
861.085
861.045
861.012
861.012
861.01
860.975
860.975
860.973
860.973
860.947
860.947
860.947
860.947
860.924
860.891
860.757
860.757
860.757
860.75
860.75
860.748
860.748
860.748
860.748
860.748
860.738
860.738
860.738
860.735
860.735
860.734
860.734
860.731
860.73
860.728
860.728
860.728
860.728
860.726
860.726
860.726
860.726
860.726
860.726
860.726
860.726
860.726
860.726
860.725
860.725
860.725
860.725
860.725
860.725
860.725
860.725
860.725
860.725
860.725
860.725
860.725
860.725
860.725
860.725
860.725
860.725
860.725
860.725
860.725
860.725
860.725
860.725
860.725
860.725
860.725
860.725
860.725
860.725
860.725
860.725
860.725
860.725
860.725
860.725
860.725
860.725
860.725
860.725
860.725
860.725
860.725
860.725
860.725
860.725
860.725
860.725
860.725
860.725
860.725
860.725
860.725
860.725
860.725
860.725
860.725
860.725
860.725
860.725
860.725
860.725
860.725
860.725
860.725
860.725
860.725
860.725
860.725
860.725
860.725
860.725
860.725
860.725
860.725
860.725
860.725
860.725
860.725
860.725
860.725
860.725
860.725
848.482
845.269
845.269
844.376
844.376
844.349
844.001
844.001
844.001
843.884
843.884
843.884
843.398
843.3
843.212
843.2
843.109
843.081
843.078
843.078
843.05
843.044
843.044
843.024
843.006
843.006
842.994
842.994
842.966
842.959
842.955
842.953
842.951
842.924
842.922
842.914
842.908
842.908
842.906
842.905
842.905
842.905
842.905
842.905
842.905
842.905
842.905
842.905
842.904
842.904
842.904
842.904
842.904
842.904
842.904
842.904
842.904
842.904
842.904
842.904
842.904
842.904
842.904
842.904
842.904
842.904
842.904
842.904


1343.28
1326.14
1244.56
1228.42
1228.42
1228.42
1181.99
1165.33
1150.6
1150.6
1150.6
1235.88
1136.27
1128.33
1128.33
1120.17
1120.17
1100.8
1090.38
1083.1
1068.67
1073.2
1062.3
1041.49
1041.48
1031.35
972.634
931.389
928.155
909.22
907.138
902.094
902.094
901.936
898.649
897.608
772.151
753.015
697.615
697.484
697.484
686.595
671.933
656.21
641.396
641.396
636.874
632.853
632.853
626.859
620.273
633.166
618.996
612.559
612.239
605.913
600.819
596.789
594.84
589.341
570.007
615.496
603.639
600.993
549.252
549.252
548.006
545.8
545.106
543.903
543.903
539.858
539.858
537.858
536.924
536.682
536.484
533.298
531.127
530.067
516.224
521.33
514.052
510.1
510.1
510.028
509.94
509.251
507.457
507.447
506.17
505.713
505.713
505.713
505.494
505.414
505.232
505.114
505.106
504.569
504.297
503.868
503.842
503.842
503.785
503.785
503.753
503.753
503.753
503.685
503.681
503.645
503.64
503.64
503.62
503.614
503.598
503.593
503.587
503.581
503.581
503.579
503.572
503.572
503.572
503.571
503.568
503.567
503.565
503.564
503.564
503.562
503.562
503.561
503.561
503.56
503.56
503.56
503.56
503.56
503.56
503.56
503.56
503.56
503.559
503.559
503.559
503.559
503.559
503.559
503.559
503.559
503.559
503.559
503.559
503.559
503.559
503.559
503.559
503.559
503.559
503.559
503.559
503.559
503.559
503.559
503.559
503.559
503.559
503.559
503.559
503.559
503.559
503.559
503.559
503.559
503.559
503.559
503.559
503.559
503.559
503.559
503.559
503.559
503.559
503.559
503.559
503.559
503.559
503.559
503.559
503.559
503.559
503.559
503.559
503.559
503.559
503.559
503.559
503.559
503.559
503.559
503.559
503.559
503.559
503.559
503.559
503.559
503.559
503.559
503.559
503.559
503.559
503.559
503.559
503.559
503.559
503.559
503.559
503.559
503.559
503.559
503.559
503.559
503.559
503.559
503.559
503.559
503.559
503.559
503.559
503.559
503.559
503.559
503.559
503.559
503.559
503.559
503.559
503.559
503.559
503.559
503.559
503.559
503.559
503.559
503.559
503.559
503.559
503.559
503.559
503.559
503.559
503.559
503.559
503.559
503.559
503.559
503.559
503.559
503.559
503.559
503.559
503.559
503.559
503.559
503.559
503.559
503.559
503.559
503.559
503.559
503.559
503.559
503.559
503.559
503.559
503.559
503.559
503.559
503.559
503.559
503.559
503.559
503.559
503.559
503.559
503.559
503.559
503.559
503.559
503.559
503.559
503.559
503.559
503.559
503.559
503.559
503.559
503.559
503.559
503.559
503.559
503.559
503.559
503.559
503.559
503.559
503.559
503.559
503.559
503.559
503.559
503.559
503.559
503.559
503.559
503.559
503.559
503.559


1262.64
1190.13
1168.09
1168.09
1144.25
1144.25
1142.09
1142.06
1138.76
1037.09
1033.58
1017.93
1008.44
1000.38
984.542
982.588
976.86
975.559
973.934
943.433
916.676
917.185
917.185
914.933
888.243
879.019
879.019
878.211
878.211
868.881
854.959
830.703
830.703
809.21
809.21
806.735
805.71
805.21
799.143
776.258
771.267
633.594
632.94
608.172
608.172
601.771
601.731
585.663
585.647
519.171
519.166
522.789
514.976
514.975
514.971
478.796
478.786
475.686
475.686
466.326
466.325
435.991
435.989
435.989
435.988
435.988
435.26
435.26
434.082
425.729
425.706
423.294
420.893
420.893
419.164
419.164
418.47
414.756
414.756
413.134
413.134
412.14
411.08
410.349
410.349
410.194
409.369
407.722
405.844
405.844
403.86
403.602
403.029
402.905
402.388
401.136
400.641
400.335
399.823
399.671
399.395
399.333
399.182
399.155
399.111
398.996
398.868
398.868
398.84
398.777
398.771
398.7
398.666
398.657
398.636
398.635
331.256
331.229
331.203
331.198
326.746
326.746
281.934
280.873
258.264
258.256
228.069
168.072
130.294
130.294
124.602
114.346
107.425
107.42
103.682
101.15
96.1166
96.1166
79.2516
78.7925
78.6389
70.2209
70.2198
67.9052
64.383
63.8541
63.8536
61.9651
61.2686
60.0827
56.5668
54.2783
54.2783
52.7391
52.7391
52.7387
52.1347
50.9948
50.9946
50.994
50.8201
50.542
50.4213
49.3286
49.3286
49.0434
48.7563
48.7561
48.4322
48.4322
48.2689
48.2725
48.2725
48.1775
48.1775
48.1121
48.0886
48.0723
48.0612
47.9905
47.9905
48.0034
47.9957
47.9843
47.9637
47.9637
47.9579
47.9491
47.8721
47.8721
47.8721
47.8608
47.8446
47.8446
47.8446
47.8392
47.8392
47.8392
47.8359
47.8343
47.8316
47.8314
47.8305
47.8303
47.8303
47.8282
47.8276
47.8276
47.8272
47.8264
47.8264
47.8268
47.8263
47.8256
47.8256
47.8256
47.8254
47.8254
47.8254
47.8252
47.8249
47.8249
47.8247
47.8246
47.8244
47.8244
47.8244
47.8243
47.8243
47.8243
47.8243
47.8243
47.8241
47.8241
47.8241
47.8241
47.8241
47.8241
47.8241
47.8241
47.8241
47.8241
47.8241
47.8241
47.8241
47.8241
47.8241
47.8241
47.8241
47.8241
47.8241
47.8241
47.824
47.824
47.824
47.824
47.824
47.824
47.824
47.824
47.824
47.824
47.824
47.824
47.824
47.824
47.824
47.824
47.824
47.824
47.824
47.824
47.824
47.824
47.824
47.824
47.824
47.824
47.824
47.824


1311.98
1240.28
1178.25
1136.1
1095.12
1095.12
1095.12
1095.12
1095.12
1079.57
1069.66
1069.66
1050.6
1040.95
1036.77
1033.2
1027.84
1025.52
997.873
986.826
986.826
977.808
975.564
967.981
966.954
966.646
962.516
960.752
960.744
947.951
907.063
880.437
880.437
877.288
871.174
871.161
863.797
839.998
808.282
791.058
728.743
728.743
716.169
668.696
668.696
668.696
655.243
619.586
619.586
589.837
555.097
555.097
530.245
529.332
521.456
521.456
515.664
515.664
514.985
509.797
507.875
506.622
504.875
502.781
482.795
482.795
482.795
482.209
481.519
480.931
479.797
473.041
471.817
471.239
470.43
470.43
470.079
470.079
470.079
469.852
446.322
446.3
446.244
446.227
446.15
446.15
446.111
446.096
443.536
443.536
443.536
443.536
443.523
443.515
443.515
443.478
443.475
443.475
442.887
442.887
441.109
441.107
440.437
440.436
440.436
440.436
439.907
439.906
439.906
439.816
439.816
439.816
439.816
439.673
439.622
439.622
439.622
439.622
439.605
439.605
439.597
439.597
439.597
439.597
439.597
439.597
439.595
439.594
439.593
439.593
439.592
439.59
439.586
439.586
439.586
439.585
439.583
439.583
439.582
439.582
439.582
439.582
439.581
439.581
439.581
439.581
439.581
439.581
439.581
439.581
439.581
439.581
439.581
439.581
439.581
439.581
439.581
439.581
439.581
439.581
439.581
439.581
439.581
439.581
439.581
439.581
439.581
439.581
439.581
439.581
439.581
439.581
439.581
439.581
439.581
439.581
439.581
439.581
439.581
439.581
439.581
439.581
439.581
439.581
439.581
439.581
439.581
439.581
410.79
381.373
322.244
274.312
274.312
274.312
264.722
264.722
260.453
257.899
256.747
254.731
239.454
231.429
218.534
202.034
196.237
189.613
185.344
183.895
181.955
181.235
174.81
166.566
158.888
155.464
150.968
148.366
148.366
145.998
140.004
140.004
132.215
127.93
127.288
126.837
126.837
119.392
115.778
105.231
88.4686
88.2142
88.2142
85.5309
81.9054
81.1478
70.1258
69.9273
69.607
68.3263
68.3263
66.6606


1165.88
1099.12
1013.36
1013.36
1002.97
988.796
988.796
976.262
966.47
861.875
734.211
733.431
733.243
733.243
689.441
686.46
682.701
653.3
620.354
620.354
608.013
571.862
531.621
520.986
505.058
491.285
490.811
490.319
490.294
472.471
464.178
459.191
457.98
457.831
450.363
449.067
448.287
446.041
446.039
445.615
444.099
443.04
442.283
325.138
268.789
268.626
268.54
268.015
182.263
174.468
154.671
154.566
151.72
150.931
148.09
139.8
109.357
93.1115
93.1022
78.7574
78.7556
75.3933
71.5564
70.5667
66.573
66.2211
65.2979
64.1738
61.3011
59.6665
59.6665
59.2453
58.7488
58.4491
57.4064
57.4064
57.2343
56.9404
56.9401
56.9396
56.68
56.68
56.68
56.6473
56.5477
56.5124
56.4909
56.4909
56.4909
56.4501
56.4387
56.4273
56.4261
56.4257
56.4213
56.4042
56.4042
56.4042
56.4042
56.404
56.404
56.4028
56.4025
56.4025
56.4025
56.4017
56.4015
56.4015
56.4012
56.4012
56.4012
56.4012
56.4012
56.4011
56.4011
56.4011
56.4011
56.401
56.401
56.401
56.401
56.401
56.401
56.401
56.401
56.401
56.401
56.401
56.401
56.401
56.401
56.401
56.401
56.401
56.401
56.401
56.401
56.401
56.401
56.401
56.401
56.401
56.401
56.401
56.401
56.401
56.401
56.401
56.401
56.401
56.401
56.401
56.401
56.401
56.401
56.401
56.401
56.401
56.401
56.401
56.401
56.401
56.401
56.401
56.401
56.401
56.401
56.401
56.401
56.401
56.401
56.401
56.401
56.401
56.401
56.401
56.401
56.401
56.401
56.401
56.401
56.401
56.401
56.401
56.401
56.401
56.401
56.401
56.401
56.401
56.401
56.401
56.401
56.401
56.401
56.401
56.401
56.401
56.401
56.401


1271.68
1180.16
1177.68
1164.55
1124.79
1124.79
1102.18
1055.62
1018.34
1018.34
1017.94
1017.94
985.654
985.654
978.424
952.347
952.347
952.14
952.14
943.763
943.763
943.464
942.731
905.515
904.34
858.059
759.999
729.606
725.874
725.874
715.692
640.497
602.134
600.768
572.351
550.148
550.148
532.485
520.078
518.695
503.984
490.709
490.709
470.437
466.09
463.369
463.369
463.369
461.651
456.172
454.994
453.821
452.11
451.891
451.845
451.663
451.505
451.495
451.249
451.127
451.04
451.009
450.698
449.846
449.781
449.776
449.679
449.494
449.464
449.457
449.435
449.374
449.355
449.333
449.333
449.267
449.267
449.254
449.254
449.243
449.238
449.225
449.225
449.21
449.21
449.207
449.205
449.201
449.195
449.195
449.193
449.192
449.192
449.189
449.189
449.189
449.189
449.182
449.182
449.182
449.179
449.145
449.12
449.101
449.07
446.045
446.045
446.045
446.044
445.987
445.987
445.605
445.605
445.605
445.536
441.534
441.534
441.534
441.534
441.534
441.534
441.534
439.867
331.248
331.248
314.389
314.389
314.389
314.389
314.389
314.389
392.384
327.99
314.858
312.53
293.973
218.209
218.209
173.112
171.341
171.341
130.978
130.148
130.148
98.5833
98.5833
98.5833
98.5833
87.3625
87.3625
67.3068
55.5899
55.5899
55.5899
55.5899
55.5899
51.4268
51.4268
30.6404
30.6404
30.6404
30.6404
25.1355
25.1355
25.1355
22.6586
22.6586
22.6586
22.6586
22.6586
22.2726
21.9531
21.0946
21.0946
20.6542
20.6542
20.0429
19.9037
19.9037
19.9037
19.9037
19.8128
19.8128
19.5258
19.5008
19.5008
19.4144
19.2673
19.2449
19.2449
19.2449
19.1831
19.1831
19.1831
19.1518
19.1518
19.1518
19.1294
19.1294
19.1238
19.1238
19.1158
19.098
19.0836
19.072
19.072
19.072
19.0718
19.0718
19.0696
19.0638
19.0592
19.0592
19.0592
19.058
19.058
19.058
19.0575
19.0573
19.0572
19.0567
19.0569
19.0564
19.056
19.056
19.0558
19.0556
19.0556
19.0556
19.0555
19.0553
19.0553
19.0552
19.0552
19.0551
19.0551
19.0551
19.0551
19.055
19.055


1207.3
1197.14
1163.96
1163.57
1137.42
1045.85
1031.38
1024.56
1022.63
1020.44
1019.92
1010.26
980.293
977.81
964.569
952.704
952.704
942.229
927.125
927.124
919.853
916.691
916.691
911.743
909.508
890.184
888.273
887.861
887.861
871.432
870.42
870.51
870.204
870.166
869.651
868.514
868.514
867.086
866.94
866.21
865.7
864.791
864.622
864.406
864.399
864.251
864.035
864.014
864.006
863.908
863.902
863.776
863.768
863.768
863.767
863.765
863.744
863.744
863.744
846.415
846.415
871.867
863.74
857.528
857.52
832.454
832.451
832.448
827.425
824.838
815.7
822.569
817.212
814.189
811.74
810.663
810.663
806.33
805.806
805.685
805.093
805.076
804.468
781.744
762.419
762.419
762.419
720.428
720.399
695.792
695.249
695.204
679.343
674.582
579.505
570.485
570.485
524.446
478.759
478.038
451.864
386.501
341.589
341.589
286.625
286.625
275.856
275.856
253.42
253.42
249.657
241.228
237.813
209.547
209.547
198.253
181.857
181.857
159.028
148.373
148.373
144.63
142.569
136.977
115.03
114.626
111.756
101.179
97.7024
92.9885
91.3736
91.0097
91.0097
90.8723
90.8723
73.2384
68.1434
67.9843
66.423
65.8721
65.5719
65.586
65.586
60.3913
59.6595
58.6415
53.958
51.7343
51.7343
51.6159
50.8026
49.5474
49.5474
49.1113
48.978
46.9918
46.927
46.8675
45.9133
45.91
45.8964
45.1012
45.0391
45.0391
43.9907
43.9907
43.9803
43.9803
43.712
43.665
43.665
43.388
43.388
43.3731
43.3731
43.3227
43.1288
42.967
42.9608
42.9607
42.9573
42.9559
42.9559
42.9539
42.9462
42.9462
42.9376
42.9215
42.8829
42.8794
42.863
42.8518
42.8434
42.832
42.8064
42.8064
42.7956
42.7787
42.7684
42.7548
42.7548
42.7504
42.743
42.7428
42.741
42.741
42.7407
42.7346
42.7346
42.7289
42.7259
42.7261
42.7261
42.7249
42.7215
42.7207
42.7206
42.7165
42.716
42.7145
42.7145
42.714
42.7136
42.7136
42.7136
42.7128
42.7126
42.712
42.7113
42.7111
42.7106
42.7107
42.7107
42.7103
42.7102
42.7101
42.7101
42.7099
42.7099
42.7098
42.7097
42.7098
42.7098
42.7096
42.7096
42.7096
42.7096
42.7096
42.7095
42.7095
42.7095
42.7095
42.7095
42.7095
42.7095
42.7095
42.7095
42.7095
42.7095
42.7095
42.7095
42.7095
42.7095
42.7095
42.7095
42.7095
42.7095
42.7094
42.7094
42.7094
42.7094
42.7094
42.7094
42.7094
42.7094
42.7094
42.7094
42.7094
42.7094
42.7094


1374.01
1288.84
1285.58
1276.87
1248.95
1240.14
1218.42
1164.38
1146.39
1143.42
1143.42
1099.78
1089.16
1089.16
1084.88
1041.12
1019.91
1015.2
1014.94
1004.43
1003.54
957.027
957.027
951.875
945.647
936.613
936.596
932.693
932.528
932.528
922.096
922.096
921.162
921.162
913.08
913.08
912.899
912.876
910.083
907.767
907.767
897.077
896.98
892.406
892.345
892.335
892.253
892.253
892.232
892.229
889.011
889.004
887.84
887.831
884.262
884.262
880.004
880.003
880.003
874.065
872.102
872.327
870.662
870.237
868.589
868.265
868.265
867.791
867.728
867.705
867.68
866.765
866.765
866.524
866.524
866.438
866.438
866.387
866.319
866.319
866.319
866.319
866.29
866.269
866.269
866.267
866.267
866.257
866.249
866.249
866.249
866.249
866.247
866.241
866.241
866.241
866.236
866.235
866.235
866.234
866.233
866.234
866.233
866.232
866.232
866.232
866.231
866.231
866.231
866.231
866.231
866.231
866.231
866.231
866.231
866.231
866.231
866.231
866.231
866.231
866.231
866.231
866.231
866.231
866.231
866.231
866.231
866.231
866.231
866.231
866.231
866.231
866.231
866.231
866.231
866.231
866.231
866.231
866.231
866.231
866.231
866.231
866.231
866.231
866.231
866.231
866.231
866.231
866.231
866.231
866.231
866.231
848.323
848.323
848.323
848.323
848.323
848.323
848.323
845.321
845.321
809.763
757.57
713.211
713.211
713.211
713.211
682.185
682.185
682.185
682.185
686.095
686.095
686.095
648.773
643.184
607.636
607.636
607.636
557.855
557.855
517.829
517.829
517.829
495.07
495.07
479.613
479.613
479.613
479.613
479.613
484.126
471.306
458.949
458.949
458.949
455.33
455.33
455.33
454.312
453.889
453.514
453.12
451.8
448.956
448.956
448.956
448.26
448.26
447.734
447.709
447.493
447.493
446.837
446.837
446.376
446.231
446.105
446.105
445.641
445.598
445.51
445.459
445.309
445.309
445.309
445.22
445.146
445.018
445.018
445.018
445.018
445.003
444.999
444.979
444.937
444.937
444.894
444.885
444.885
444.878
444.877
444.877
444.877
444.871
444.866
444.86
444.854
444.854
444.847
444.843
444.842
444.838
444.838
444.837
444.837
444.833
444.832
444.832
444.832
444.831
444.831
444.83
444.829
444.829
444.829
444.828
444.827
444.827
444.827
444.826
444.827
444.826
444.826
444.826
444.826
444.826
444.826
444.825
444.825
444.825
444.825
444.825
444.825
444.825
444.825
444.825
444.825
444.825
444.825
444.825
444.825
444.825
444.825
444.825
444.825
444.825
444.825
444.825
444.825
444.825
444.825
444.825
444.825
444.825
444.825
444.825
444.825
444.825
444.825
444.825
444.825
444.825
444.825
444.825
444.825
444.825
441.97
439.46
439.46


1281.3
1252.79
1205.56
1177.14
1176.99
1176.99
1176.98
1151.27
1151.27
1123.84
1123.76
1107.37
1107.37
1084.55
1084.39
1029.67
1029.67
1029.67
1029.67
1029.67
1026.01
1026.01
1025.63
1019.15
1012.94
1006.95
1006.95
1006.73
1002.86
1001.75
990.605
981.959
977.202
972.695
972.695
972.695
965.643
965.639
965.639
965.639
963.789
989.872
963.58
958.784
958.56
958.56
953.133
952.129
940.366
931.08
928.035
927.968
927.968
927.41
913.595
913.425
903.777
901.358
900.318
900.318
899.519
899.481
899.387
897.942
897.449
896.919
896.919
896.868
895.942
895.858
895.709
895.89
895.314
894.947
894.736
894.649
894.641
894.594
894.586
894.546
872.131
872.122
872.088
872.064
872.064
872.045
869.889
869.889
869.889
869.523
868.911
856.208
839.552
839.552
839.552
839.552
833.806
833.806
830.402
828.728
827.799
827.188
824.434
820.959
820.959
699.884
672.044
672.044
671.654
671.654
664.331
608.548
582.149
582.149
581.913
578.892
578.892
536.884
536.877
529.66
529.658
527.537
513.625
513.624
503.497
503.497
503.497
503.497
502.487
502.487
497.799
484.18
471.385
464.3
464.3
459.937
459.928
449.665
449.65
449.649
449.641
438.206
438.203
438.202
435.355
435.292
431.006
430.749
430.397
426.685
426.685
426.478
426.478
426.478
426.157
423.411
422.236
420.626
420.245
418.64
418.64
418.64
418.64
417.484
417.471
417.471
417.178
417.095
417.095
417.076
416.977
416.82
416.82
416.628
416.59
416.491
416.49
416.464
416.431
416.335
416.335
416.307
416.306
416.285
416.285
416.224
416.224
416.213
416.148
416.091
416.091
416.091
416.091
416.072
416.055
416.046
416.012
415.998
415.994
415.941
415.941
415.928
415.928
415.923
415.922
415.922
415.911
415.904
415.904
415.903
415.901
415.902
415.896
415.896
415.896
415.896
415.892
415.892
415.886
415.886
415.886
415.886
415.879
415.879
415.879
415.878
415.878
415.876
415.875
415.875
415.875
415.875
415.872
415.872
415.871
415.871
415.87
415.87
415.87
415.87
415.87
415.87
415.87
415.869
415.869
415.869
415.869
415.777
415.777
405.807
405.807
405.732
404.946
404.946
404.946
404.94
404.94
403.903
403.82
403.82
403.82
403.964
403.54
403.35
403.349
403.349
403.349
403.316
403.304
403.158
403.157
403.048
403.048
403.048
403.048
403.048
402.999
402.995
402.994
402.994
402.979
403.005
402.983
402.979
402.968
402.968
402.968
402.967
402.947
402.947
402.943
402.943
402.943
402.941
402.94
402.94
402.94
402.938
402.937
402.936
402.935
402.935
402.933
402.932
402.932
402.932
402.932
402.932
402.931
402.931
402.93
402.93
402.93
402.93
402.93
402.93
402.93
402.93
402.93
402.93
402.93
402.93
402.93
402.93
402.93
402.93
402.93
402.929
402.929
402.929
402.929
402.929
402.929
402.929
402.929
402.929
402.929
402.929
402.929
402.929
402.929
402.929
402.929
402.929
402.929
402.929
402.929
402.929
402.929
402.929
402.929
402.929
402.929
402.929
402.929
402.929
402.929
402.929
402.929
402.929


