1382.26
1287.83
1267.32
1267.32
1241.64
1225.23
1216.6
1216.6
1210.38
1108.04
1098.7
1085.21
1052.72
1035.05
1035.05
1034.84
1034.84
1034.62
1034.61
1019.84
995.096
978.845
968.515
950.588
949.02
940.521
939.677
915.867
915.867
911.698
909.786
915.448
907.736
905.688
898.464
894.592
893.684
888.926
886.888
886.696
884.909
884.717
877.034
876.735
876.465
876.388
863.008
863.002
862.135
862.135
862.083
861.102
855.185
853.553
853.553
852.365
851.954
849.163
848.397
848.392
847.677
847.627
847.624
846.706
840.748
838.862
837.888
837.804
837.511
836.958
834.805
834.777
833.986
833.986
833.85
833.802
833.78
833.732
833.725
833.684
833.679
833.641
833.619
698.209
698.202
667.575
651.401
602.667
602.652
587.984
575.144
565.226
565.226
560.738
556.745
548.183
536.293
519.327
519.327
503.811
495.594
492.205
492.205
488.041
488.041
488.041
488.041
488.041
487.84
487.507
487.281
483.436
483.378
483.378
483.104
482.79
482.464
482.15
482.145
482.063
481.405
481.215
481.106
481.008
480.854
480.835
480.805
480.798
480.769
480.671
480.671
480.668
480.531
480.511
480.393
480.34
480.332
480.332
480.332
480.295
480.276
480.252
480.231
480.231
480.207
480.207
480.205
480.205
480.194
480.185
480.185
480.185
480.182
480.169
480.169
480.169
480.164
479.133
478.989
477.393
477.391
477.391
476.822
467.7
462.78
462.779
462.151
462.15
461.958
461.958
461.958
464.007
464.007
462.286
462.286
462.286
461.744
461.743
461.635
461.479
461.408
461.408
461.408
460.326
460.326
460.326
460.326
460.326
460.18
460.046
459.875
459.597
459.597
459.597
459.445
459.325
459.209
459.209
459.189
457.644
457.644
457.644
456.975
456.971
456.971
456.933
456.874
456.874
456.807
456.807
456.807
456.718
456.708
456.687
456.687
456.684
456.684
456.683
456.682
456.682
456.68
456.679
456.679
456.679
456.678
456.678
456.678
456.677
456.677
456.677
456.676
456.676
456.676
456.676
456.676
456.676
456.676
456.676
456.676
456.676
456.676
456.676
456.676
456.676
456.676
456.676
456.676
456.676
456.676
456.676
456.676
456.676
456.676
456.676
456.676
456.676
456.676
456.676
456.676
453.856
451.148
451.148
451.148
451.148
446.759
446.759
446.759
446.288
446.288
446.288
446.288
446.288
446.085
446.085
445.737
445.725
445.725
445.725
445.725
445.685
445.685
445.677
445.661
445.659
445.655
445.654
445.654
445.567
445.504
445.504
445.504
445.464
445.458
445.371
445.348
445.348
445.319
445.319
445.308
445.3
445.297
445.297
445.293
445.292
445.289
445.287
445.283
445.282
445.282
445.28
445.278
445.278
445.276
445.275
445.271
445.269
445.266
445.266
445.266
445.265
445.264
445.265
445.262
445.26
445.26
445.26
445.26
445.26
445.26
445.26
445.259
445.259
445.259
445.259
445.259
445.259
445.259
445.259
445.259
445.259
445.259
445.259
445.259
445.259
445.259
445.259
445.258
445.258
445.258
445.258
445.258
445.258
445.258
445.258
445.258
445.258
445.258
445.258
445.258
445.258
445.258
445.258
445.258
445.258
445.258
445.258
445.258
445.258
445.258
445.258
445.258
445.257
445.257
445.257
445.257
445.257
445.257
445.257
445.257
445.257
445.257
445.257
445.257
445.257
445.257
441.061
441.061
441.034
441.034
441.034
441.003
440.974
440.255
440.255
439.168
439.168
438.858
438.508
438.455
438.405


1104.42
1007.41
989.087
989.087
988.329
966.989
903.849
902.67
895.324
887.948
887.948
905.044
889.708
859.243
847.217
847.217
847.217
806.215
790.284
790.095
790.095
787.617
787.586
778.365
773.242
766.19
762.445
754.07
751.274
739.425
739.378
738.296
734.514
734.514
726.098
717.151
716.839
716.837
716.837
716.436
714.056
713.88
703.875
692.406
692.406
692.406
691.448
691.448
689.531
689.432
685.857
679.006
678.098
672.176
672.103
672.103
670.082
670.082
668.305
668.305
663.257
661.324
659.872
658.554
657.54
657.54
654.604
651.084
649.192
648.774
648.485
647.46
647.46
647.084
647.007
645.836
645.836
645.821
645.772
645.557
645.443
645.268
645.173
645.165
644.945
644.888
644.888
644.736
644.719
644.673
644.673
644.605
644.589
644.571
644.555
644.551
644.547
644.535
644.52
644.512
644.512
644.51
634.358
634.356
634.356
634.346
634.197
634.119
634.119
633.761
633.761
633.761
633.336
633.336
633.336
633.115
633.115
632.84
632.84
632.799
632.798
632.767
632.767
632.767
632.707
632.707
632.596
632.596
632.51
632.454
632.339
632.339
632.338
632.338
632.333
632.329
632.325
632.324
632.316
632.298
632.298
632.298
632.292
632.292
632.29
632.29
632.287
632.287
632.287
632.285
632.285
632.285
632.285
632.284
632.284
632.284
632.284
632.284
632.284
632.284
632.284
632.284
632.283
632.283
632.283
632.283
632.283
632.283
632.283
632.283
632.283
632.283
632.283
632.283
632.283
632.283
632.283
632.283
632.283
632.283
632.283
632.283
632.283
632.283
632.283
632.283
632.283
632.283
632.283
632.283
632.283
632.283
632.283
632.283
632.283
632.283
632.283
632.283
632.283
632.283
632.283
632.283
632.283
632.283
632.283
632.283
632.283
632.283
632.283
632.283
632.283
632.283
632.283
632.283
632.283
632.283
632.283
632.283
632.283
632.283
632.283
632.283
632.283
632.283
632.283
632.283
632.283
632.283
632.283
632.283
632.283
632.283
632.283
632.283
632.283
632.283
632.283
632.283
632.283
632.283
632.283
632.283
632.283
632.283
632.283
632.283
632.283
632.283
632.283
632.283
632.283
632.283
632.283
632.283
632.283
632.283
632.283
632.283
632.283
632.283
632.283
632.283
632.283
632.283
632.283
632.283
632.283
632.283
632.283
632.283
632.283
632.283
632.283
632.283
632.283
632.283
632.283
632.283
632.283
632.283
632.283
632.283
632.283
632.283
632.283
632.283
632.283
632.283
632.283
632.283
632.283
632.283
632.283
632.283
632.283
632.283
632.283
632.283
632.283
632.283
632.283
632.283
632.283
632.283
632.283
632.283
632.283
632.283
632.283
632.283
632.283
632.283
632.283
632.283
632.283
632.283
632.283
632.283
632.283
632.283
632.283
632.283
632.283
632.283
632.283
632.283
632.283
632.283
632.283
632.283
632.283
632.283
632.283
632.283
632.283
632.283
632.283
632.283
632.283
632.283
632.283
632.283
632.283
632.283
632.283
632.283
632.283
632.283
632.283
632.283
632.283
632.283
632.283
632.283
632.283
632.283
632.283
632.283
632.283
632.283
632.283
632.283
632.283
632.283
632.283
632.283
632.283
632.283
632.283
632.283
632.283
632.283
632.283
632.283
632.283
632.283
632.283
632.283
632.283
632.283
632.283
632.283
632.283
632.283
632.283
632.283
632.283
632.283
632.283
632.283
632.283
632.283
632.283
632.283
632.283
632.283
632.283
632.283
632.283
632.283


1329.33
1274.74
1273.74
1273.34
1237.68
1226.86
1128.57
1128.57
1128.57
1075.92
1075.92
1075.8
1075.8
1074.02
1058.38
1004.96
997.32
997.32
975.526
944.265
944.265
924.294
923.535
923.535
916.205
906.626
906.626
899.928
899.928
885.248
884.571
876.829
862.812
862.812
859.739
855.022
855.022
851.986
851.986
851.325
849.039
845.531
844.69
844.69
844.588
842.878
842.878
842.198
841.962
841.867
841.71
841.422
836.728
836.728
836.634
836.634
832.252
832.252
830.471
830.471
829.468
828.329
828.31
828.301
826.717
826.531
825.526
824.25
823.27
823.232
823.229
822.828
822.825
822.232
822.227
821.836
821.031
820.947
820.495
820.494
820.39
820.389
820.331
820.256
820.213
820.064
820.012
819.892
819.814
819.672
819.608
819.532
819.459
819.368
819.368
819.317
819.304
819.302
819.299
819.257
819.257
819.249
819.249
819.249
819.248
819.248
819.246
819.246
819.246
819.245
818.721
818.68
818.48
818.018
817.711
817.211
817.143
817.126
816.991
816.959
816.959
816.928
816.876
816.808
816.808
816.752
816.752
816.752
816.66
816.63
816.593
816.571
816.57
816.562
816.562
816.562
816.562
816.555
816.549
816.543
816.543
816.543
816.543
816.543
816.542
816.534
816.534
816.533
816.533
816.533
816.533
816.533
816.53
816.529
816.529
816.529
816.528
816.528
816.527
816.527
816.527
816.527
816.527
816.527
816.527
816.527
816.527
816.527
816.527
816.527
772.551
772.551
770.894
770.894
770.894
770.569
770.102
769.215
769.083
769.083
768.355
768.392
768.261
767.827
767.827
767.827
767.612
767.612
732.621
634.864
634.864
509.854
509.854
509.854
509.854
492.662
491.783
470
470
452.788
451.132
451.132
444.169
443.066
443.066
443.066
436.198
435.48
430.083
430.083
429.091
415.46
415.46
407.132
406.299
406.299
405.52
404.483
404.229
398.869
398.869
398.869
395.447
395.447
395.447
394.676
393.533
392.488
392.162
391.839
391.673
391.364
391.087
391.087
391.054
390.452
390.165
389.59
389.431
388.949
388.856
388.975
388.127
388.07
388.07
387.857
387.808
387.48
387.478
387.478
387.359
387.353
387.35
387.26
387.26
387.242
387.241
387.24
387.2
387.2
387.182
387.182
387.071
387.067
387.067
386.996
386.996
386.94
386.94
386.94
386.929
386.964
386.95
386.95
386.947
386.936
386.911
386.911
386.911
386.865
386.859
386.862
386.851
386.851
386.844
386.843
386.84
386.84
386.84
386.839
386.833
386.833
386.826
386.826
386.825
386.825
386.825
386.825
386.824
386.823
386.822
386.822
386.822
386.821
386.818
386.817
386.817
386.814
386.814
386.814
386.813
386.814
386.813
386.812
386.812
386.812
386.811
386.811
386.811
386.811
386.811
386.81
386.81
386.81
386.81
386.81
386.81
386.809
386.809
386.809
386.809
386.809
386.809
386.809
386.809
386.808
386.808
386.808
386.808
386.808
386.808
386.808
386.808
386.808
386.808
386.808
386.808
386.808
386.808
386.808
386.808
386.808
386.808
386.808
386.808
386.808
386.808
386.808
386.808
386.808
386.808
386.808
386.808
386.808
386.808
386.808
386.808
386.808
386.808
386.808
386.808
386.808
386.808
386.808
386.808
386.808
386.808
386.808
386.808
386.808
386.808
386.808
386.808
386.808
386.808
386.808
386.808
386.808
386.808
386.808
386.808
386.808
386.808
386.808
386.808
386.808
386.808
386.808
386.808
386.808


1949.87
1876.21
1870.03
1833.89
1833.89
1825.55
1778.76
1778.76
1712.74
1673.94
1668.57
1668.57
1660.15
1592.64
1592.27
1592.27
1592.27
1544.87
1544.87
1510.59
1510.59
1510.43
1510.43
1469.31
1469.31
1453.72
1453.6
1441.12
1414.12
1414.12
1414
1413.53
1413.4
1389.03
1386.53
1372.77
1370.61
1364.5
1364.06
1364.06
1363
1332.54
1332.54
1329.62
1329.62
1316.55
1279.79
1264.34
1262.53
1260.79
1260.67
1260.62
1258.7
1258.7
1258.16
1257.71
1257.67
1247.02
1247.02
1239.26
1239.26
1216.16
1216.16
1210.24
1203.82
1203.82
1203.56
1201.33
1200.72
1194.53
1192.84
1186.41
1186.41
1184.45
1183.13
1182.47
1182.47
1175.44
1175.28
1175.2
1172.69
1172.14
1172.14
1171.25
1170.19
1169.48
1169.35
1168.96
1168.31
1167.92
1167.92
1167.8
1167.64
1167.49
1167.44
1167.14
1167.14
1167.12
1167.11
1166.98
1166.79
1166.79
1166.75
1166.72
1166.68
1166.64
1166.61
1166.59
1166.59
1166.57
1166.57
1166.55
1166.5
1166.49
1166.49
1166.49
1165.64
1165.64
1165.64
1165.64
1165.1
1165.1
1164.87
1164.87
1164.74
1164.74
1164.52
1164.52
1164.52
1164.52
1164.52
1164.33
1164.33
1164.33
1164.15
1163.43
1163.43
1163.43
1163.43
1163.43
1163.43
1163.41
1163.37
1163.34
1163.34
1163.34
1163.33
1163.32
1163.32
1163.32
1163.32
1163.31
1163.31
1163.3
1160.93
1160.93
1160.92
1160.91
1160.83
1160.83
1160.83
1160.83
1160.82
1159.99
1159.98
1159.98
1158.59
1158.59
1158.59
1158.54
1157.19
1157.58
1157.58
1157.28
1157
1157
1157
1157
1156.99
1156.93
1156.93
1156.93
1156.93
1156.93
1156.93
1156.83
1156.82
1156.23
1155.96
1155.94
1155.79
1155.79
1155.78
1155.78
1155.75
1155.72
1155.72
1155.71
1135.57
1132.5
1132.5
1132.5
1132.5
1125.6
1125.6
1123.29
1123.29
1123.29
1123.29
1122.9
1122.04
1122.04
1119.28
1118.47
1118.47
1118.43
1118.39
1116.98
1116.98
1115.43
1115.43
1115.3
1115.18
1114.51
1114.51
1114.12
1114.1
1114.1
1114.08
1114.03
1113.92
1113.59
1113.56
1113.37
1113.18
1112.95
1112.95
1112.95
1112.95
1112.85
1112.84
1112.84
1112.84
1112.8
1112.8
1112.79
1112.79
1112.79
1112.79
1112.78
1112.78
1112.78
1112.78
1112.78
1112.78
1112.78
1097.25
1097.02
1097.02
1097.02
1097.02
1097.27
1097.01
1097.01
1097.01
1097.01
1097.01
1097.01
1097.01
1097.01
1097.01
1096.64
1096.35
1096.35
1096.35
1096.35
1096.2
1096.19
1096.13
1096.08
1096.01
1095.94
1095.92
1095.92
1095.87
1095.87
1095.84
1095.84
1095.84
1095.82
1095.78
1095.79
1095.79
1095.79
1095.78
1095.76
1095.76
1095.76
1095.75
1095.73
1095.71
1095.7
1095.7
1095.7
1095.69
1095.69
1095.69
1095.69
1095.69
1095.68
1095.68
1095.68
1095.68
1095.68
1095.68
1095.68
1095.68
1095.68
1095.68
1095.68
1095.68
1095.68
1095.68
1095.68
1095.68
1095.68
1095.68
1095.68
1095.68
1095.68
1095.68
1095.68
1095.68
1095.68
1095.68
1095.68
1095.68
1095.68
1095.68
1095.68
1095.68
1095.68
1095.68
1095.68
1095.68
1095.68
1095.68
1095.68
1095.68
1095.68
1095.68
1095.68
1095.68
1095.68
1095.68
1095.68
1095.68
1095.68
1095.68
1095.68
1095.68
1095.68
1095.68
1095.68
1095.68
1095.68
1095.68
1095.68
1095.68
1095.68
1095.68
1095.68
1095.68
1095.68
1095.68
1095.68
1095.68
1095.68
1095.68
1095.68
1095.68
1095.68
1095.68
1095.68
1095.68
1095.68
1095.68
1095.68
1095.68
1095.68
1095.68
1095.68
1095.68
1095.68
1095.68
1095.68
1095.68
1095.68
1095.68
1095.68


1777.67
1698.31
1678.69
1670.39
1638.4
1638.4
1621.29
1621.29
1598.23
1598.23
1586.38
1673.19
1636.23
1570.98
1570.98
1545.66
1545.66
1545.37
1545.37
1537.37
1537.37
1532.82
1465.68
1465.68
1465.68
1465.68
1452.86
1452.86
1452.29
1444.34
1443.1
1395.46
1394.42
1393.8
1393.8
1388.56
1373.27
1371.14
1369.76
1362.61
1362.61
1362.39
1362.39
1362.39
1362.39
1362.39
1362.28
1362.28
1359.67
1358.04
1358.04
1356.53
1356.53
1350.37
1349.58
1343.87
1343.87
1343.44
1339.2
1334.73
1330.32
1327.72
1323.4
1323.21
1322.09
1322.09
1321.07
1319.76
1318.41
1317.82
1315.84
1315.48
1302.18
1301.65
1301.65
1298.13
1297.41
1295.15
1291.48
1290.21
1264.94
1264.94
1260.2
1260.2
1259.46
1258.52
1258.25
1258.25
1254.13
1252.98
1252.75
1250.69
1250.66
1250.63
1250.5
1245.94
1245.25
1234.51
1234.33
1232.21
1230.9
1224.4
1223.13
1216.14
1212.18
1209.26
1208.44
1208.24
1206.15
1205.92
1204.71
1200.97
1200.95
1198.93
1197.09
1197.08
1196.26
1195.86
1195.85
1195.85
1195.26
1195.15
1195.14
1194.78
1194.62
1194.51
1194.46
1194.46
1193.98
1193.83
1193.83
1193.77
1193.76
1193.65
1193.65
1193.6
1193.48
1193.28
1193.28
1193.27
1193.27
1193.23
1193.2
1193.19
1193.18
1193.18
1193.18
1193.17
1193.17
1193.16
1193.16
1193.16
1193.15
1193.15
1193.15
1193.15
1193.15
1193.15
1193.15
1193.15
1193.15
1193.15
1183.41
1183.41
1183.41
1183.41
1183.41
1183.41
1183.41
1183.41
1183.41
1183.41
1183.41
1175.57
1164.66
1164.66
1164.66
1164.5
1164.5
1164.5
1162.93
1164.72
1164.72
1163.73
1163.59
1163.2
1163.2
1162.48
1162.48
1162.24
1161.83
1154.21
1151.42
1150.51
1150.51
1140.17
1138.12
1130.1
1127.71
1120.73
1120.73
1119.23
1113.64
1112.35
1105.87
1105.45
1105.16
1105.1
1105.1
1104.3
1104.23
1104.2
1104.17
1103.83
1103.28
1102.46
1101.88
1101.44
1101.2
1101.11
1100.89
1100.82
1100.79
1100.71
1100.62
1100.22
1099.95
1099.54
1099.49
1099.44
1098.96
1098.86
1098.84
1098.84
1098.83
1098.74
1098.74
1098.7
1098.7
1098.7
1098.69
1098.66
1098.6
1098.57
1098.55
1098.54
1098.53
1098.51
1098.4
1098.23
1098.13
1098.05
1098.03
1098.02
1098.02
1098.02
1098.02
1097.91
1097.91
1097.86
1097.86
1097.79
1097.72
1097.72
1097.71
1097.68
1097.63
1097.58
1097.58
1097.55
1097.51
1097.53
1097.5
1097.5
1097.5
1097.48
1097.45
1097.4
1097.37
1097.33
1097.26
1097.21
1097.2
1097.2
1097.19
1097.18
1097.14
1097.07
1096.9
1096.76
1096.67
1096.64
1096.25
1096.03
1096.03
1095.98
1095.98
1095.98
1095.97
1095.97
1095.9
1095.9
1095.89
1095.88
1095.88
1095.88
1095.88
1095.87
1095.87
1095.87
1095.87
1095.85
1095.83
1095.72
1095.72
1095.72
1095.69
1095.69
1095.64
1095.64
1095.63
1095.6
1095.59
1095.53
1095.53
1095.53
1095.53
1095.52
1095.46
1095.38
1095.36
1095.33
1095.21
1095.14
1095.09
1095.09
1094.97
1094.95
1094.76
1090.89
1090.89
1102.07
1093.97
1093.97
1093.92
1093.9
1093.89
1093.88
1093.88
1093.88
1093.88
1093.88
1093.88
1093.86
1093.83
1093.79
1093.78
1093.78
1093.77
1093.77
1093.77
1093.76
1093.7
1093.7
1089.37
1089.37
1089.37
1089.37
1089.37
1085.48
1085.48
1084.17
1084.17
1084.17
1084.17
1084.17
1083.79
1079.86
1079.66
1079.66
1079.41
1079.58
1079.58
1079.41
1079.19
1079.19
1079.19
1079.15
1079.13
1078.91
1078.91
1078.6
1078.6
1078.6
1078.6
1078.6
1078.6
1078.56
1078.56
1077.59


1909.88
1887.02
1830.87
1818.16
1811.55
1755.93
1705.08
1692.16
1676.82
1654.36
1654.36
1617.67
1542.08
1542.08
1541.59
1541.25
1530.06
1529.55
1519.24
1477.56
1465.6
1465.03
1460.18
1453.61
1450.79
1448.11
1438.35
1438.35
1389.79
1389.79
1374
1385.68
1375.26
1362.49
1362.02
1356.83
1356.68
1349.82
1348.8
1348.62
1345.8
1341.12
1341.12
1341.01
1340.98
1340.46
1339.49
1339.49
1339.1
1339.1
1334.11
1337.91
1337.3
1311.43
1310.93
1310.91
1310.87
1310.86
1310.74
1310.7
1310.48
1308.89
1308.62
1308.62
1306.95
1306.95
1306.88
1306.87
1306.85
1306.22
1306.21
1305.03
1303.31
1300.91
1297.09
1296.73
1295.95
1295.85
1295.74
1294.98
1294.93
1294.71
1294.58
1293.82
1293.6
1293.33
1293.3
1293.1
1293.1
1293.06
1285.18
1283.9
1283.53
1282.74
1280.94
1279.81
1279.43
1278.86
1278.5
1277.87
1277.55
1277.39
1276.7
1276.51
1276.51
1276.46
1276.46
1276.43
1276.22
1276.19
1276.19
1276.12
1276.07
1276.01
1252.65
1238.54
1238.54
1235.53
1235.52
1235.52
1169.79
1172.21
1157.22
1153.76
1152.83
1152.53
1130.26
1130.26
1123.6
1120.79
1117.54
1059.03
1059.03
1015.56
1012.04
1012.04
982.746
972.546
949.107
949.107
948.675
936.298
922.02
922.019
920.056
920.056
919.157
867.265
865.4
855.397
855.397
839.515
806.085
806.085
806.085
806.085
794.935
793.643
790.537
790.537
784.842
742.42
719.375
719.375
718.414
718.414
713.493
713.493
704.597
703.126
702.485
702.485
698.129
698.129
696.249
696.249
696.249
695.25
695.25
695.25
694.933
692.569
692.569
692.521
690.562
690.562
689.95
689.95
689.398
689.398
689.032
688.982
688.982
688.982
688.982
688.794
688.7
688.7
688.484
688.312
687.493
686.716
686.716
686.675
686.675
686.011
685.6
685.6
685.592
685.337
685.337
685.337
685.221
685.015
685.015
685.015
684.905
684.905
684.905
684.905
684.905
684.876
684.71
684.674
684.674
684.674
684.66
684.648
684.648
684.643
684.616
684.616
684.61
684.61
684.604
684.597
684.587
684.578
684.578
684.577
684.573
684.572
684.568
684.568
684.568
684.567
684.567
684.562
684.56
684.559
684.557
684.556
684.555
684.345
683.952
683.658
683.451
683.298
682.877
682.793
682.555
682.409
682.373
682.331
682.24
682.158
682.103
682.097
682.097
682.013
681.872
681.788
681.662
681.613
681.473
681.224
681.049
681.049
680.769
680.378
680.378
680.238
680.083
680
679.867
678.804
678.775
678.599
678.368
676.443
676.443
676.443
676.443
676.309
675.77
675.676
675.676
675.676
675.676
675.676
675.674
675.674
675.674
675.672
675.671
675.671
675.552
675.552
675.516
675.516
675.482
675.551
675.547
675.496
675.496
675.484
675.45
675.45
675.45
675.45
675.447
675.423
675.404
675.375
675.352
675.352
675.312
675.312
675.307
675.307
675.286
675.279
675.279
675.25
675.244
675.242
675.241
675.228
675.225
675.175
675.099
675.049
651.996
650.456
640.967
639.988
638.315
638.315
638.232
638.126
638.029
637.985
637.985
637.814
637.768
637.752
637.711
637.711
637.675
637.641
637.641
637.601
637.601
637.585
637.584
637.549
637.53
637.527
637.527
637.527
637.524
637.524
637.522
637.521
637.521
637.521
637.521
637.521
637.52
637.52
637.52
637.52
637.52
637.52
637.52
637.52
637.52
637.52
637.52
637.52
637.52
637.52
637.52
637.52
637.52
637.52
637.52
637.52
637.52
637.52


1391.52
1289.32
1246.35
1214.81
1210.18
1146.89
1146.89
1146.89
1146.89
1146.83
1134.91
1126.82
1102.21
1088.9
1088.38
1088.38
1088.2
1065.8
1049.62
1049.62
1040.87
1038.8
1038.62
1030.15
1028.99
1026.5
1019.26
1019.11
1008.48
1008.48
1008.48
999.251
972.232
970.764
962.735
960.598
957.849
954.914
953.884
944.413
943.474
938.384
933.952
932.045
929.331
928.044
927.831
926.027
925.396
925.064
923.927
923.753
922.622
922.147
922.147
921.844
921.567
921.163
921.064
915.706
914.309
914.309
914.309
914.298
905.049
904.963
904.397
904.397
898.006
895.722
895.681
894.911
894.848
890.616
886.392
886.392
883.706
881.892
881.541
880.723
878.667
878.377
878.281
877.179
877.165
877.12
876.251
876.251
875.457
875.444
875.273
874.996
874.855
874.751
874.751
860.845
860.728
860.572
860.572
860.552
860.484
860.411
860.331
860.331
860.073
860.037
859.891
859.885
859.708
859.697
859.538
859.371
859.367
859.268
859.002
859.002
858.976
858.976
858.951
858.92
858.919
858.917
858.911
858.909
858.904
858.863
858.862
858.858
858.852
858.848
858.842
858.84
858.838
858.836
858.836
858.836
858.834
858.833
858.831
858.831
858.831
858.831
858.831
858.831
858.831
858.831
858.831
858.831
858.831
858.831
858.831
858.831
858.831
858.831
858.831
858.831
858.831
858.831
858.831
858.831
858.831
858.831
858.831
858.831
858.831
858.831
858.831
858.831
858.831
858.831
858.831
858.831
858.831
858.831
858.831
858.831
858.831
858.831
858.831
858.831
858.831
858.831
858.831
858.831
858.831
858.831
858.831
858.831
858.831
858.831
858.831
858.831
858.831
858.831
858.831
858.831
858.831
858.831
858.831
858.831
858.831
858.831
858.831
858.831
858.831
858.831
858.831
858.831
858.831
858.831
858.831
858.831
858.831
858.831
858.831
858.831
845.371
844.962
844.962
844.959
844.959
844.959
844.958
844.958
844.958
844.958
844.958
844.837
844.837
844.837
844.837
844.827
844.779
844.677
844.677
844.659
844.38
834.769
834.732
834.698
834.681
834.705
834.696
834.652
834.647
834.595
834.409
834.345
834.279
834.264
834.237
834.237
834.236
834.225
834.211
834.206
834.178
834.163
834.104
834.084
834
833.92
833.911
833.785
833.644
833.544
833.543
833.543
833.535
833.531
833.531
833.53
833.509
833.505
833.504
833.503
833.501
824.179
818.864
818.421
818.421
818.421
818.348
818.242
818.101
817.945
817.455
817.455
816.488
816.269
816.055
815.865
815.711
815.604
815.604
815.046
815.046
814.976
814.976
814.976
814.969
814.976
814.94
814.94
814.861
814.802
814.636
814.613
814.613
814.576
814.473
814.253
814.192
814.161
813.984
813.983
813.911
813.87
813.816
813.816
813.796
813.797
813.797
813.599
813.338
813.026
813.013
812.908
812.79
812.79
812.79
812.802
812.802
812.775
812.703
812.692
812.692
812.686
812.686
812.679
812.663
812.665
812.658
812.658
812.651
812.649
812.625
812.607
812.606
812.606
812.606
812.599
812.59
812.589
812.586
812.584
812.584
812.584
812.582
812.581
812.581
812.58
812.58
812.58
812.58
812.58
812.58
812.58
812.58
812.58
812.579
812.58
812.579
812.579
812.579
812.579
812.579
812.579
812.579
812.579
812.579
812.579
812.578
812.578
812.578
812.578
812.578
812.578
812.578
812.578
812.578
812.578
812.578
812.578
812.578
812.578
812.578
812.578
812.578
812.578


1054.21
1027.9
989.205
961.582
961.582
961.582
961.216
936.405
936.405
936.405
936.402
917.222
917.222
910.215
904.771
863.47
855.476
855.476
855.476
855.447
846.773
843.273
838.758
838.758
831.1
815.104
786.695
786.695
785.363
775.165
772.054
771.143
764.383
761.793
760.553
756.904
751.899
749.642
740.681
738.476
737.499
740.364
737.881
737.438
735.216
735.216
734.499
734.499
728.791
728.643
728.643
730.802
730.527
726.959
726.608
725.518
725.518
725.518
720.146
719.522
718.489
718.489
716.409
716.363
716.363
714.614
714.614
714.612
712.497
712.497
712.333
710.809
710.252
710.252
710.252
710.034
709.874
709.571
709.438
709.419
709.358
709.361
709.286
709.286
709.174
709.126
709.103
709.036
708.952
708.952
708.923
708.937
708.908
708.875
708.875
708.875
708.875
708.867
708.863
708.859
708.854
708.849
708.846
708.841
708.841
708.84
708.839
708.833
708.832
708.832
708.825
708.821
708.821
708.82
708.812
708.807
708.807
708.807
708.806
708.805
708.805
708.805
708.805
708.805
708.805
708.805
708.805
708.804
708.804
708.804
708.804
708.804
708.804
708.804
708.804
708.804
708.804
708.804
708.804
700.997
700.997
662.394
662.394
662.394
662.394
662.394
662.394
662.394
662.394
648.862
648.862
646.9
646.9
639.839
639.839
639.839
639.839
635.877
634.507
634.318
634.318
634.07
633.974
633.974
633.742
633.456
633.135
633.082
633.082
633.082
578.456
702.336
632.254
632.254
632.254
632.254
632.159
631.932
631.915
631.719
622.569
622.569
622.569
622.569
622.569
609.84
609.84
609.84
609.84
609.84
609.84
608.911
604.84
603.293
602.621
602.325
589.654
589.654
589.654
589.654
585.159
581.46
580.649
576.924
576.924
573.69
573.69
573.172
569.795
569.795
569.795
570.227
569.35
569.35
569.324
568.432
568.163
568.094
567.721
567.052
566.769
566.596
560.055
553.721
542.031
533.245
524.287
520.938
520.574
514.079
502.014
490.86
485.931
485.931
485.732
485.732
485.732
485.732
485.732
485.717
484.425
480.19
472.686
470.972
464.442
464.442
461.078
460.212
460.212
460.212
457.766
457.35
457.35
456.911
456.763
456.744
456.744
455.954
453.827
453.827
414.484
414.484
404.635
400.068
398.294
398.012
398.007
398.007
394.205
393.791
393.106
392.993
392.993
392.011
392.011
390.555
390.238
388.574
387.691
385.748
385.162
384.131
384.067
383.99
383.501
383.233
382.971
382.708
382.583
382.311
381.417
380.513
380.497
380.497
380.059
380.017
378.622
377.814
376.37
374.969
373.85
374.296
373.226
373.226
373.226
371.991
371.787
371.787
371.787
371.751
371.57
371.469
371.469
371.469
371.283
371.189
371.166
371.166
371.138
371.091
371.046
370.845
370.823
370.823
370.8
370.8
370.786
370.737
370.737
370.737
370.731
370.811
370.673
370.673
370.667
370.642
370.627
370.602
370.596
370.596
370.59
370.592
370.554
370.554
370.528
370.512
370.512
370.512
370.499
370.499
370.498
370.487
370.483
370.465
370.449
370.378
370.317
370.3
370.297
370.283
370.234
370.15
369.802
369.61
369.255
368.73
368.7
368.7
368.587
368.587
368.587
368.688
368.506
368.506
368.486
368.441
368.441
368.441
368.441
368.441
368.441
368.475
368.346
368.346
368.328
368.315
368.315
368.315
368.315
368.211
368.211
368.204
368.182
368.163
368.148
368.137
368.121
368.115
368.111
368.105


1046.29
1021.53
979.114
979.114
951.828
951.828
951.646
923.877
923.877
923.814
912.422
911.215
891.987
844.458
829.684
829.684
829.684
826.956
826.869
826.091
792.776
792.776
779.096
779.096
779.009
773.818
773.818
771.252
770.804
765.731
765.607
846.564
800.762
796.496
796.496
795.994
795.994
791.609
788.161
788.161
788.1
780.216
770.441
770.441
770.441
770.298
750.236
748.404
748.319
748.319
743.771
740.156
737.741
737.656
737.656
737.651
735.442
735.442
735.442
735.325
735.17
735.16
734.66
733.571
733.571
733.419
733.419
733.192
733.137
722.544
722.401
718.895
712.566
712.566
712.566
712.454
712.454
706.19
706.169
706.169
699.629
694.939
694.939
694.939
694.919
694.809
694.683
680.275
679.782
679.782
676.861
676.715
676.045
674.008
673.552
673.446
672.736
672.718
672.554
671.997
671.997
671.74
671.463
671.463
671.463
671.463
671.433
671.322
671.229
671.196
591.797
569.199
569.199
521.316
521.316
516.406
493.805
490.081
482.443
480.951
462.843
433.674
433.674
433.674
430.594
430.594
404.546
404.546
404.546
394.562
394.562
396.082
389.47
389.47
389.47
387.291
385.644
384.264
381.398
378.585
377.273
372.917
372.18
371.068
371.068
370.269
370.269
369.161
369.161
369.12
369.12
369.037
368.972
368.972
368.607
368.508
368.508
368.319
368.308
367.965
367.778
367.778
367.778
367.324
367.324
367.316
367.012
367.012
366.797
366.797
366.255
366.45
365.735
365.735
365.448
365.448
365.385
365.342
365.261
365.213
365.1
365.1
365.1
365.085
365.08
365.037
365.037
365.037
365.013
365.01
364.994
364.994
364.967
364.949
364.949
364.949
364.946
364.928
364.928
364.921
364.92
364.91
364.91
364.91
364.903
364.903
364.903
364.903
364.899
364.898
364.895
364.895
364.894
364.894
364.894
364.893
364.891
364.891
364.891
364.889
364.889
364.888
364.888
364.886
364.886
364.886
364.886
364.886
364.886
364.885
364.885
364.885
360.241
357.187
357.186
357.036
357.031
356.811
355.832
355.832
355.769
355.225
354.739
354.075
354.006
353.458
353.317
353.317
353.316
353.268
353.25
353.216
353.216
353.216
353.204
353.191
353.184
353.184
353.166
353.165
353.165
353.163
353.16
353.158
353.155
353.154
353.154
353.151
353.151
353.151
353.151
353.15
353.15
353.15
353.15
353.15
353.149
353.149
353.149
353.149
353.149
353.149
353.149
353.149
353.149
353.149
353.149
353.149
353.149
353.149
353.149
353.149
353.149
353.149
353.149
353.149
353.149
353.149
353.149
353.149
353.149
353.149
353.149
353.149
353.149
353.149
353.149
353.149
353.149
353.149
353.149
353.149
353.149
353.149
353.149
353.149
353.149
353.149
353.149
353.149
353.149
353.149
353.149
353.149
353.149
353.149
353.149
353.149
353.149
353.149
353.149
353.149
353.149
353.149
353.149
353.149
353.149
353.149
353.149
353.149
353.149
353.149
353.149
353.149
353.149
353.149
353.149
353.149
353.149
353.149
353.149
353.149
353.149
353.149
353.149
353.149
353.149
353.149
353.149
353.149
353.149
353.149
353.149
353.149
353.149
353.149
353.149
353.149
353.149
353.149
353.149
353.149
353.149
353.149
353.149
353.149
353.149
353.149
353.149
353.149
353.149
353.149
353.149
353.149
353.149
353.149
353.149
353.149
353.149
353.149
353.149
353.149
353.149
351.724
351.724
351.724
351.724
351.724
349.317
349.317


1135.2
1099.74
1084.36
1018.99
997.953
997.866
988.661
982.092
950.341
939.992
939.992
939.975
925.202
925.202
919.75
915.66
915.537
914.247
913.424
912.954
912.081
895.035
895.035
883.04
882.848
882.616
882.616
881.679
880.236
874.455
873.536
872.499
872.02
869.226
868.663
862.355
861.825
861.581
860.824
860.786
860.4
855.155
852.466
852.466
852.259
850.676
850.676
850.405
850.061
849.839
848.641
848.641
848.559
848.516
848.503
848.142
847.256
843.552
841.047
840.92
840.422
840.375
840.375
840.151
840.151
840.079
840.047
839.806
839.618
839.595
839.514
839.509
839.3
839.018
838.61
838.577
838.536
838.508
838.472
838.472
838.464
834.416
834.383
834.379
832.319
832.319
832.307
829.899
829.899
829.895
829.895
829.124
827.128
827.122
827.121
827.121
827.121
827.119
827.119
827.118
827.118
825.153
824.534
824.534
824.534
824.102
824.038
824.038
824.038
821.623
818.803
818.334
818.334
817.981
817.981
817.925
817.925
817.582
817.303
817.303
816.511
816.793
816.71
816.691
816.691
816.691
816.691
816.177
816.177
815.73
815.73
815.995
815.943
814.953
814.735
814.735
814.633
814.633
814.309
812.074
812.032
812.032
812.032
812.032
812.032
812.032
812.032
812.032
812.032
812.032
812.032
822.88
822.88
819.334
819.334
819.334
818.839
818.839
818.839
818.839
818.839
818.839
818.839
818.839
818.839
818.839
818.839
818.839
818.839
815.987
813.555
827.931
818.276
818.276
818.276
817.301
815.898
815.898
810.004
810.004
810.004
805.232
805.232
805.232
805.232
805.232
805.232
805.232
805.232
805.232
805.232
805.232
805.232
805.232
805.232
805.232
805.232
797.702
794.676
791.1
791.097
791.098
791.097
791.097
791.097
791.097
791.097
791.097
790.281
789.809
789.793
789.779
789.778
789.778
789.695
789.695
789.654
788.413
788.327
788.327
787.551
787.443
786.891
786.41
786.403
785.954
784.039
781.69
781.69
781.689
781.308
780.773
780.598
780.547
779.986
779.839
779.53
779.511
779.51
779.506
779.064
779.063
776.858
776.841
776.829
776.745
776.744
776.572
776.478
776.478
776.084
775.895
775.535
775.232
775.176
774.591
774.591
774.508
774.418
774.4
773.818
777.279
773.242
773.111
773.107
772.781
772.759
772.111
772.093
772.059
772.05
772.05
771.527
771.348
771.23
771.211
771.078
771.033
770.884
770.745
770.631
770.447
770.224
769.838
769.811
769.746
769.732
769.545
769.419
769.405
769.361
769.255
769.154
769.129
769.039
768.992
768.966
768.917
768.893
768.846
768.799
768.788
768.748
768.712
768.669
768.652
768.581
768.577
768.555
768.539
768.53
768.513
768.504
768.5
768.492
766.555
766.555
766.544
766.544
766.544
763.125
766.713
766.71
757.774
757.773
755.436
755.436
754.997
754.99
754.1
754.098
753.775
753.775
753.775
753.768
753.48
753.382
753.221
753.019
752.945
746.945
745.627
745.524
745.361
744.935
744.873
744.849
744.849
744.828
744.822
744.819
744.55
744.373
744.011
743.308
742.703
742.207
741.623
741.418
740.776
740.639
740.604
740.541
740.516
740.516
740.516
740.501
740.485
740.482
740.474
740.466
740.463
740.461
740.437
740.423
740.412
740.402
740.379
738.497
738.497
738.497
738.006
738.006
731.23
730.971
729.392
606.9
606.9
606.314
556.284
555.032
569.007
568.999
535.731
535.173
535.173
528.465
518.95
518.95
518.95


1208.26
1189.68
1154.85
1154.85
1121.76
1059.54
1059.54
1035.11
1027.9
1027.9
1027.9
1027.06
989.523
989.523
989.523
987.148
987.148
985.636
969.605
969.605
957.254
973.668
938.355
910.756
910.417
910.417
910.417
910.279
908.862
893.24
893.24
893.018
892.791
881.907
881.907
872.881
861.153
861.153
860.754
854.851
845.948
862.343
824.314
780.891
780.714
779.346
764.641
701.872
651.693
651.693
650.986
647.192
621.23
556.652
548.358
525.319
425.994
413.247
410.116
394.398
376.224
372.299
360.459
320.778
312.207
292.466
272.229
262.606
254.916
243.123
230.4
217.745
211.507
208.961
201.249
163.651
158.8
158.8
154.914
136.134
133.569
131.483
124.156
124.156
122.54
113.436
106.05
102.218
101.216
97.5769
96.4743
93.8043
90.6437
88.5899
85.5033
84.0997
82.7382
80.9535
80.7662
78.358
77.5173
76.7706
75.3961
73.9381
73.2114
72.5948
71.9373
71.8925
71.4469
70.6244
69.5751
69.064
69.064
68.345
68.2086
68.2068
67.8503
67.4803
67.4803
66.6725
65.0733
64.9462
64.9462
61.4847
61.4847
60.429
60.3112
60.0834
59.8286
59.1224
59.0809
58.8657
57.9386
57.9386
57.7906
57.7499
57.5404
57.525
57.1051
57.0429
56.6556
56.6347
56.425
56.4237
56.4147
56.3677
56.2684
56.1141
55.6909
55.5076
55.5058
55.5043
55.5028
55.4279
55.4217
55.4217
55.402
55.402
55.2857
55.2135
55.2124
55.1488
55.1487
55.1412
55.1409
55.1334
55.1269
55.1269
55.0869
55.0778
55.0703
55.0659
55.0658
55.0658
55.0573
55.0572
55.0571
55.0404
55.0404
55.0404
55.0373
55.0372
55.0372
55.0364
55.0362
55.0351
55.0256
55.0249
55.0236
55.0236
55.0211
55.0209
55.0192
55.0192
55.0182
55.0175
55.0152
55.0152
55.0152
55.0118
55.0078
55.0075
55.0075
55.0065
55.0065
55.0051
55.0051
55.0051
55.0051
55.0039
55.0027
55.0027
55.0027
55.0027
55.0019
55.0019
55.0019
55.0018
55.0018
55.0016
55.0012
55.0015
55.0014
55.001
55.001
55.0008
55.0008
55.0007
55.0007
55.0005
55.0005
55.0005
55.0005
55.0005
55.0004
55.0004
55.0004
55.0003
55.0003
55.0002
55.0002
55.0002
55.0001
55.0001
55.0001
55.0001
55.0001
55.0001
55.0001
55.0001
55.0001
55.0001
55.0001
55.0001
55.0001
55.0001
55.0001
55
55
55
55
55
55
55
55
55
55
55
55
55
55
55
55
55
55
55
55
55
55
55
55
55
55
55
55
55
55
55
55
55
55
55
55
55
55
55
55
55
55
55
55
55
55
55
55
55
55
55
55
55
55
55
55
55
55
55
55
55
55
55
55
55
55
55
55
55
55
55
55
55
55
55
55
55
55
55
55
55
55
55
55
55
55
55
55
55
55
55
55
55
55
55
55
55
55
55
55
55
55
55
55
55
55
55
55
55
55
55
55
55
55
55
55
55
55
55
55
55
55
55
55
55
55
55
55
55
55
55
55
55
55
55
55
55
55
55
55
55
55
55


1134.09
1105.06
1038.12
1038.12
1002.02
994.053
994.053
986.81
951.434
951.434
948.097
940.97
910.69
910.654
877.327
876.275
856.356
854.48
851.601
848.796
843.952
834.027
822.731
818.437
806.094
806.076
805.039
779.18
777.693
777.592
774.058
776.457
776.457
776.128
776.128
767.495
754.574
741.352
725.653
725.653
709.581
708.395
708.395
708.205
703.753
701.439
701.223
699.03
696.846
696.456
694.086
691.683
691.47
689.035
685.88
685.88
684.749
683.015
681.785
681.463
681.463
681.461
681.08
681.08
681.011
680.933
680.927
680.836
680.733
680.253
680.253
680.18
680.095
680.03
680.01
679.984
679.969
679.969
679.94
679.927
679.922
679.922
679.912
679.888
679.886
679.88
679.861
679.856
679.852
679.852
679.851
679.847
679.846
679.845
679.845
679.844
679.844
654.513
654.513
653.992
653.568
653.847
653.06
653.046
652.905
652.905
652.502
652.502
652.502
652.468
652.462
652.376
652.292
652.27
652.27
652.25
652.25
652.25
652.222
652.209
652.209
652.206
652.202
652.198
652.198
652.197
652.196
652.192
652.192
652.19
572.61
495.673
495.673
495.673
495.673
495.673
488.415
487.941
472.908
472.908
472.908
460.962
457.045
449.894
439.956
439.956
432.619
411.692
411.692
330.093
330.093
340.199
286.827
286.827
277.971
236.146
236.146
198.926
198.821
198.125
159.126
146.321
146.321
146.321
145.754
145.754
144.142
141.607
119.835
119.835
119.352
111.037
107.543
102.811
102.811
100.441
96.5627
96.4364
96.2878
79.1235
77.2741
83.7998
72.2623
64.4345
63.4106
60.7548
60.7548
52.13
51.0336
50.5171
50.1749
51.432
47.5708
43.9658
43.7773
43.0277
42.5947
41.9147
40.5092
36.6087
35.846
35.1897
35.0964
34.9104
34.7059
31.49
31.4243
31.4122
31.4003
31.4003
31.3614
31.5605
30.8551
30.8551
30.4819
30.4819
30.4736
29.7728
29.7727
29.7542
29.7387
29.4119
29.3373
29.0303
29.0226
29.0121
28.9992
28.5516
28.5488
28.5347
28.4776
28.5695
28.5287
28.4112
28.3969
28.3969
28.3186
28.2854
28.2687
28.1663
28.1652
28.165
28.1458
28.1429
28.1176
28.116
28.1148
28.0941
28.0713
28.0341
28.0312
28.0121
27.9967
27.9903
27.99
27.9893
27.9827
27.9827
27.9705
27.9702
27.9642
27.9643
27.9642
27.9641
27.9632
27.9632
27.9593
27.9593
27.9574
27.9559
27.9558
27.9548
27.9542
27.953
27.953
27.9529
27.9497
27.9478
27.9478
27.9478
27.9476
27.9477
27.9477
27.9475
27.9472
27.9472
27.9472
27.9469
27.9467
27.9467
27.9465
27.9465
27.9462
27.9461
27.9458
27.9458
27.9458
27.9458
27.9458
27.9457
27.9457
27.9456
27.9456
27.9456
27.9455
27.9455
27.9454
27.9454
27.9454
27.9454
27.9454
27.9454
27.9453
27.9453
27.9453
27.9453
27.9453
27.9453
27.9453
27.9453
27.9453
27.9453
27.9453
27.9453
27.9453
27.9453
27.9453
27.9453
27.9453
27.9453
27.9453
27.9453
27.9453
27.9453
27.9453
27.9453
27.9453
27.9453
27.9453
27.9452
27.9452
27.9452
27.9452
27.9452
27.9452
27.9452
27.9452
27.9452
27.9452
27.9452
27.9452
27.9452
27.9452
27.9452
27.9452
27.9452
27.9452
27.9452
27.9452
27.9452
27.9452
27.9452
27.9452
27.9452
27.9452
27.9452
27.9452
27.9452
27.9452
27.9452
27.9452
27.9452
27.9452
27.9452
27.9452
27.9452
27.9452
27.9452
27.9452
27.9452
27.9452
27.9452
27.9452
27.9452
27.9452
27.9452
27.9452
27.9452
27.9452
27.9452
27.9452
27.9452
27.9452
27.9452
27.9452
27.9452
27.9452
27.9452
27.9452
27.9452


1017.15
1005.21
979.156
979.156
941.205
934.149
934.149
934.129
934.129
934.129
933.883
1009.15
944.949
933.962
918.418
915.481
905.068
905.059
896.874
893.527
879.206
873.948
873.901
871.111
868.021
864.656
864.537
853.157
842.15
838.532
838.532
855.206
830.798
829.231
829.048
829.048
829.015
828.27
827.864
816.292
815.188
813.429
812.975
811.937
811.937
811.348
811.194
811.194
811.067
811.054
811.028
808.703
792.436
792.338
792.338
785.498
785.471
785.461
785.457
785.429
785.429
788.798
783.722
783.711
783.059
783.055
783.055
783.054
783.054
775.322
775.321
769.195
767.587
766.545
765.718
765.718
765.615
765.615
765.606
765.606
765.606
765.605
760.876
754.226
751.196
751.196
749.286
749.286
748.814
748.814
748.814
748.814
748.814
748.412
748.412
747.133
742.516
742.516
742.516
738.899
738.899
738.899
738.899
738.899
738.461
738.461
738.461
738.461
738.461
738.461
738.461
738.461
738.461
738.461
738.461
738.461
738.461
738.461
738.125
738.125
738.125
738.125
738.125
738.125
738.125
738.125
738.125
738.125
738.125
738.125
738.125
747.751
747.716
747.262
732.486
732.362
732.24
732.231
732.23
732.23
732.23
718.01
718.009
717.995
717.987
717.983
717.975
717.958
717.954
717.942
717.935
717.933
717.933
717.796
717.766
717.764
717.756
717.754
717.754
717.753
717.753
757.827
739.45
739.449
739.449
739.449
739.448
739.448
739.448
739.448
739.448
739.448
739.448
739.448
739.448
739.448
733.484
733.484
733.484
733.484
733.484
733.484
733.484
733.484
733.484
727.952
727.952
727.007
727.007
727.007
727.007
726.594
726.594
726.594
726.594
726.582
726.582
726.495
726.495
722.362
717.903
717.903
715.847
715.847
714.652
713.228
713.228
708.657
708.657
708.657
708.657
708.572
706.499
706.122
706.008
705.847
705.733
705.661
705.661
705.498
705.442
705.367
705.229
705.077
704.925
704.745
704.612
704.494
704.46
704.414
704.405
704.407
704.401
704.314
704.3
704.298
704.298
704.298
704.273
704.25
704.238
704.231
704.2
704.184
704.179
704.164
704.158
704.158
704.1
704.1
704.1
704.082
704.082
704.082
704.076
704.06
704.054
704.043
704.04
704.028
704.024
704.015
704.015
703.994
703.976
703.93
703.859
703.149
703.102
703.099
703.099
703.014
702.944
702.944
702.944
702.944
702.944
702.938
702.938
702.929
702.929
702.936
702.929
702.929
702.928
702.927
702.925
702.925
702.924
702.924
702.924
702.924
702.923
702.923
702.923
702.922
702.922
702.922
702.921
702.918
702.918
702.917
702.916
702.915
702.914
702.913
702.913
702.912
702.912
702.912
702.912
702.912
702.911
702.91
702.91
702.908
702.906
702.906
702.906
702.906
702.905
702.905
702.905
702.905
702.905
702.905
702.905
702.905
702.905
702.905
702.905
702.905
702.905
702.905
702.905
702.905
702.905
702.905
702.905
702.905
702.905
702.905
702.905
702.905
702.905
702.905
702.905
702.905
702.905
702.905
702.905
702.905
702.905
702.905
702.904
702.904
702.904
702.904
702.904
702.904
702.904
702.904
702.904
702.904
702.904
702.904
702.904
702.904
702.904
702.904
702.904
702.904
702.904
702.904
702.904
702.904
702.904
702.904
700.361
700.361
699.265
703.678
702.904
702.904
702.904
702.904
702.904
702.904
702.904
702.904
702.904
702.904
702.904
702.637
702.453
702.408
684.676
684.632
684.595
684.585


1071.57
997.151
997.151
996.13
963.549
963.549
947.783
943.968
942.89
940.191
906.295
906.295
904.318
898.234
898.234
897.929
895.198
876.636
869.432
869.432
869.43
907.958
861.95
848.979
835.282
834.329
833.505
833.505
833.08
832.843
832.843
831.922
829.428
820.803
820.228
812.336
782.474
763.886
763.886
763.84
759.296
759.296
739.309
735.611
735.611
735.485
735.485
735.341
735.341
734.014
733.825
733.027
731.833
729.691
729.392
729.392
727.936
727.74
727.171
727.039
727.039
720.461
720.446
720.287
720.287
720.262
720.262
720.196
720.177
720.171
720.171
720.169
720.169
720.159
720.155
720.153
720.152
720.146
720.146
720.144
720.144
750.409
727.909
727.537
727.537
727.536
727.536
727.536
725.122
725.122
725.122
730.093
730.093
730.054
726.421
724.752
721.671
721.138
712.186
711.797
711.567
711.567
711.567
705.288
705.279
705.279
704.892
704.8
702.688
702.688
701.693
701.682
701.664
700.8
700.8
700.472
700.472
697.591
689.197
682.662
682.662
682.662
682.662
682.662
682.662
682.662
681.974
681.91
681.91
681.638
681.591
681.601
681.401
681.401
675.618
671.868
671.868
671.54
671.534
669.684
669.516
669.501
667.098
665.831
665.581
665.473
665.463
665.451
664.455
664.455
663.421
664.213
663.227
662.511
661.126
660.839
660.811
660.127
659.704
659.704
659.543
659.648
659.342
659.223
659.101
659.101
653.35
647.762
640.514
636.193
624.812
624.779
621.253
618.779
618.766
618.751
618.741
618.741
612.77
612.563
612.552
612.123
612.123
611.983
611.417
611.262
610.566
610.566
610.318
610.317
609.763
609.674
609.674
609.674
609.674
609.674
609.521
609.388
609.388
609.375
609.375
609.272
609.232
609.231
609.2
609.2
609.168
609.168
609.168
609.146
609.132
609.128
609.128
609.123
609.123
609.123
609.122
609.122
609.108
609.108
607.01
580.962
580.962
579.394
579.394
561.813
449.084
449.084
449.084
432.812
432.812
410.337
410.337
405.034
405.034
405.034
405.034
404.978
395.34
387.161
385.638
380.089
380.089
376.066
376.066
375.03
375.03
375.03
374.758
374.598
374.039
371.335
362.748
362.717
362.717
356.873
356.873
356.873
354.139
353.952
353.228
352.061
352.061
352.061
348.766
348.495
348.495
348.2
347.634
347.218
347.207
347.207
346.964
346.439
346.266
345.746
345.741
345.736
345.716
345.186
345.185
345.237
345.14
345.039
345.039
344.846
344.68
344.68
344.678
344.435
344.418
344.413
344.313
344.313
344.275
344.245
344.244
344.234
344.233
344.232
344.081
344.057
344.055
344.043
344.041
344.028
344.026
344.023
344.009
344.005
343.975
338.671
338.667
338.663
338.658
338.636
338.636
338.614
338.614
338.607
338.606
338.601
338.597
338.597
338.069
337.924
337.916
337.902
337.902
337.901
337.894
337.681
337.486
337.486
337.41
337.402
337.299
333.034
330.957
330.758
330.467
330.347
329.691
329.019
329.019
329.007
329.007
329.007
328.977
328.943
328.883
328.864
328.855
328.848
328.81
328.791
328.791
328.791
328.791
328.768
328.768
328.748
328.748
328.744
328.744
328.742
328.742
328.742
328.741
328.741
328.737
328.739
328.737
328.737
328.737
328.737
328.736
328.736
328.736
328.736
328.736
328.736
328.736
328.736
328.736
328.736
328.736
328.736
328.736
328.736
328.735
328.735
328.735
328.735
328.735
328.735
328.735
328.735
328.735
328.735


1300.06
1300.06
1272.07
1203.34
1102.01
1102.01
1101.76
1087.19
1087.19
1050.34
1033.55
1015.15
999.683
991.517
991.517
990.114
990.114
975.861
965.294
942.864
934.717
930.281
905.664
905.606
901.982
901.225
891.323
891.323
890.555
888.184
888.023
882.78
882.78
863.236
862.864
860.354
858.482
857.703
856.526
853.777
850.717
849.225
846.285
841.077
837.092
836.479
836.399
835.42
834.214
833.31
832.629
833.159
833.144
832.829
832.827
832.653
832.142
831.996
831.515
831.226
829.875
847.758
808.02
806.122
786.04
786.024
785.871
785.871
785.862
785.855
785.853
785.851
785.749
785.745
785.368
780.868
762.149
759.427
759.328
758.375
758.375
757.47
753.619
753.619
748.944
748.659
739.461
736.808
736.781
733.939
733.28
733.62
733.614
733.521
733.521
732.308
729.124
729.049
728.106
727.777
727.777
727.407
727.4
727.399
727.397
727.244
727.007
727.005
726.822
726.697
726.414
726.414
726.398
726.397
726.366
726.316
726.276
726.239
726.239
726.239
726.18
726.176
726.13
726.116
726.103
726.103
726.092
726.092
726.088
726.077
726.076
726.07
726.07
726.07
726.066
726.064
726.064
726.061
726.06
726.058
726.057
726.056
726.056
726.056
726.056
726.055
726.055
726.054
726.054
726.054
726.054
726.054
726.053
726.053
726.052
726.052
726.052
726.052
726.052
726.052
726.052
726.052
726.052
726.052
726.052
726.051
726.051
726.051
726.051
726.051
726.051
726.051
726.051
726.051
726.051
726.051
726.051
726.051
726.051
726.051
726.051
726.051
726.051
726.051
726.051
726.051
726.051
726.051
726.051
726.051
726.051
726.051
726.051
726.051
726.051
726.051
726.051
726.051
726.051
726.051
726.051
726.051
726.051
726.051
726.051
726.051
726.051
726.051
726.051
726.051
726.051
726.051
726.051
726.051
726.051
726.051
726.051
726.051
726.051
726.051
726.051
726.051
726.051
726.051
726.051
726.051
726.051
726.051
726.051
726.051
726.051
726.051
726.051
715.263
712.722
712.55
712.523
712.523
712.327
712.327
712.256
712.242
712.12
711.856
711.626
710.712
710.685
710.161
709.514
708.82
708.82
708.763
708.699
708.677
708.594
708.452
708.357
708.331
708.159
708.159
708.063
708.063
707.984
707.942
707.938
707.927
707.927
707.9
707.892
707.879
707.879
707.875
707.865
707.855
707.852
707.852
707.852
707.852
707.852
707.851
707.851
707.851
707.851
707.85
707.85
707.85
707.85
707.85
707.85
707.85
707.85
707.85
707.85
707.85
707.85
707.85
707.85
707.85
707.85
707.85
707.85
707.85
707.85
707.85
707.85
707.85
707.85
707.85
707.85
707.85
707.85
707.85
707.85
707.85
707.85
707.85
707.85
707.85
707.85
707.85
707.85
707.85
707.85
707.85
707.85
707.85
707.85
707.85
707.85
707.85
707.85
707.85
707.85
707.85
707.85
707.85
707.85
707.85
707.85
707.85
707.85
707.85
707.85
707.85
707.85
707.85
707.85
707.85
707.85
707.85
707.85
707.85
707.85
707.85
707.85
707.85
707.85
707.85
707.85
707.85
707.85
707.85
707.85
707.85
707.85
707.85
707.85
707.85
707.85
707.85
707.85
707.85
707.85
707.85
707.85
707.85
707.85
707.85
707.85
707.85
707.85
707.85
707.85
707.85
707.85
707.85
707.85
707.85
707.85
707.85
707.85
707.85
707.85
707.85
707.85
707.85
707.85
707.85
707.85
707.85


1955.76
1846.53
1831.64
1831.64
1831.64
1812.98
1810.07
1733.64
1733.64
1733.64
1733.56
1756.3
1697.82
1697.82
1686.26
1682.44
1676.09
1676.09
1638.89
1638.06
1636.16
1624.15
1620.92
1620.19
1615.14
1595.11
1568.21
1568.21
1568.21
1561.76
1492.37
1483.54
1483.54
1483.54
1458.2
1450.81
1447.16
1438.26
1415.94
1411.44
1411.44
1411.35
1396.71
1396.71
1394.57
1391.44
1363.22
1363.22
1356.86
1327.06
1323.51
1315.6
1309.99
1307.8
1306.48
1306.48
1305.11
1303
1300.21
1298.03
1293.16
1292.48
1288.07
1277.12
1276.77
1252.23
1252.15
1239.07
1239.07
1221.16
1221.16
1220.45
1219.6
1198.86
1198.37
1197.69
1185.4
1185.4
1185.4
1185.4
1185.05
1183.53
1183.53
1183.48
1181.83
1181.83
1181.8
1170.12
1170.12
1168.81
1162.53
1162.53
1162.42
1161.95
1161.18
1160.28
1159.6
1157.35
1157.35
1157.34
1155.44
1154.25
1154.25
1153.28
1153.28
1153.24
1153.24
1153.07
1152.93
1152.93
1152.88
1152.88
1152.87
1152.86
1152.86
1152.85
1152.85
1152.84
1152.84
1152.84
1152.84
1152.84
1152.84
1152.83
1152.83
1152.83
1152.83
1140.61
1140.61
1140.61
1140.61
1140.61
1140.61
1126.58
1101.64
1101.64
1070.46
1070.46
1070.46
1001.91
1001.91
1048.09
932.259
932.259
932.259
884.335
831.946
831.946
831.946
831.946
831.946
910.978
882.082
882.082
847.517
808.441
808.441
769.78
769.78
769.78
743.795
725.337
701.904
701.542
674.91
666.161
666.161
666.161
666.161
666.161
646.645
638.532
634.169
634.169
624.449
606.688
606.688
591.405
591.405
591.405
587.394
586.308
586.308
582.973
582.973
582.973
566.012
566.012
566.012
566.012
566.012
559.146
559.146
559.146
559.146
556.542
552.971
550.924
549.878
549.164
547.377
546.437
545.251
542.655
540.74
540.74
540.74
540.724
539.866
539.866
537.658
537.634
537.634
537.634
537.613
537.613
537.347
537.149
536.345
536.345
536.345
536.163
535.913
535.597
535.115
535.115
534.763
534.549
534.549
534.549
534.422
534.422
534.392
534.377
534.115
534.115
534.115
534.036
533.957
533.957
533.954
533.954
533.858
533.803
533.803
533.726
533.726
533.674
533.674
533.661
533.599
533.615
533.615
533.599
533.563
533.56
533.553
533.54
533.54
533.54
533.524
533.532
533.532
533.516
533.509
533.509
533.501
533.501
533.5
533.497
533.497
533.5
533.498
533.494
533.494
533.491
533.491
533.488
533.488
533.488
533.487
533.487
533.487
533.487
533.487
533.485
533.485
533.485
533.485
533.484
533.484
533.484
533.484
533.484
533.483
533.483
533.483
533.483
533.483
533.483
533.483
533.483
533.483
533.483
533.483
533.483
533.483
533.483
533.483
533.483
533.483
533.483
533.483
533.483
533.483
533.483
533.483
533.483
533.483
533.483
533.483
533.483
533.483
533.483
533.483
533.483
533.483
533.483
533.483
533.483
533.483
533.483
533.483
533.483
533.483
533.483
533.483
533.483
533.483
533.483
533.483
533.483
533.483
533.483
533.483
533.483
533.483
533.483
533.483
533.483
533.483
533.483
533.483
533.483
533.483
533.483
533.483
533.483
533.483
533.483
533.483
533.483
533.483
533.483
533.483
533.483
533.483
533.483
533.483
533.483
533.483
533.483
533.483
533.483
533.483
533.483
533.483
533.483
533.483
533.483
533.483
533.483
533.483
533.483
533.483
533.483
533.483
533.483
533.483
533.483
533.483
533.483
533.483
533.483
533.483
533.483
533.483
533.483
533.483
533.483


1830.39
1720.06
1715.83
1712.36
1683.32
1616.96
1610.42
1523.96
1523.96
1523.75
1523.75
1581.72
1566.39
1487.5
1443.1
1405.05
1379.08
1378.65
1378.65
1369.7
1358.94
1360.75
1354.97
1342.03
1341.75
1337
1324.21
1323.73
1323.73
1323.44
1323.35
1318.49
1315.09
1315.09
1307.99
1301.23
1258.87
1238.27
1223.13
1223.13
1222.77
1222.56
1222.46
1219.18
1216.53
1215.83
1212.87
1203.43
1201.37
1198.82
1165.14
1165.14
1165.08
1165.08
1162.18
1152.02
1151.81
1151.55
1149.35
1146.5
1145.74
1148.07
1144.66
1140.7
1140.7
1140.23
1140.04
1139.74
1139.51
1139.51
1139.45
1138.95
1138.84
1138.8
1138.75
1138.55
1138.54
1138.52
1138.5
1138.47
1138.45
1138.42
1138.4
1138.34
1138.34
1138.3
1138.3
1138.29
1138.27
1138.27
1138.25
1138.25
1138.24
1130.77
1130.77
1130.77
1130.77
1130.77
1124.39
1124.39
1124.39
1133.97
1124.8
1124.65
1119.11
1117.98
1116.49
1111.13
1109.51
1108.98
1107.08
1107.2
1101.01
1100.67
1097.43
1097.28
1097.18
1097.18
1097.08
1093.43
1093.43
1093.25
1089.19
1089.18
1089.12
1089.09
1088.59
1087.44
1087.2
1076.94
1076.62
1076.26
1074.88
1074.36
1074.36
1074.33
1074.13
1074.13
1073.3
1072.89
1072.78
1071.73
1071.6
1071.55
1071.36
1070.97
1070.77
1070.57
1070.57
1070.37
1070.34
1070.31
1070.19
1070.14
1069.85
1069.85
1069.85
1069.84
1069.84
1069.84
1069.83
1069.83
1069.83
1069.81
1069.8
1069.8
1069.8
1069.8
1069.79
1069.79
1069.79
1069.79
1069.79
1069.79
1069.79
1069.79
1069.79
1069.79
1069.79
1069.79
1069.78
1069.78
1069.78
1069.78
1069.78
1069.78
1069.78
1069.78
1069.78
1069.78
1069.78
1069.78
1069.78
1069.78
1069.78
1069.78
1069.78
1069.78
1069.78
1069.78
1069.78
1069.78
1069.78
1069.78
1069.78
1069.78
1069.78
1069.78
1069.78
1069.78
1069.78
1069.78
1069.78
1069.78
1069.78
1069.78
1069.78
1069.78
1069.78
1069.78
1069.78
1069.78
1069.78
1069.78
1069.78
1069.78
1069.78
1069.78
1069.78
1069.78
1069.78
1069.78
1069.78
1069.78
1069.78
1069.78
1069.78
1069.78
1069.78
1069.78
1069.78
1069.78
1069.78
1069.78
1069.78
1069.78
1069.78
1069.78
1069.78
1069.78
1069.78
1069.78
1069.78
1069.78
1069.78
1069.78
1069.78
1069.78
1069.78
1069.78
1069.78
1069.78
1069.78
1069.78
1069.78
1069.78
1069.78
1069.78
1069.78
1069.78
1069.78
1069.78
1069.78
1069.78
1069.78
1069.78
1069.78
1069.78
1069.78
1069.78
1069.78
1069.78
1069.78
1069.78
1069.78
1069.78
1069.78
1069.78
1069.78
1069.78
1069.78
1069.78
1069.78
1069.78
1069.78
1069.78
1069.78
1069.78
1069.78
1069.78
1069.78
1069.78
1069.78
1069.78
1069.78
1069.78
1069.78
1069.78
1069.78
1069.78
1069.78
1069.78
1069.78
1069.78
1069.78
1069.78
1069.78
1069.78
1069.78
1069.78
1069.78
1069.78
1069.78
1069.78
1069.78
1069.78
1069.78
1069.78
1069.78
1069.78
1069.78
1069.78
1069.78
1069.78
1069.78
1069.78
1069.78
1069.78
1069.78
1069.78
1069.78
1069.78
1069.78
1069.78
1069.78
1069.78
1069.78
1069.78
1069.78
1069.78
1069.78
1069.78
1069.78
1069.78
1069.78
1069.78
1069.78
1069.78
1069.78
1069.78
1069.78
1069.78
1069.78
1069.78
1069.78
1069.78
1069.78
1069.78
1069.78
1069.78
1069.78
1069.78
1069.78
1069.78
1069.78
1069.78
1069.78
1069.78
1069.78
1069.78
1069.78
1069.78
1069.78
1069.78
1069.78
1069.78
1069.78
1069.78
1069.78
1069.78
1069.78
1069.78
1069.78
1069.78
1069.78
1069.78
1069.78
1069.78
1069.78
1069.78


2028.96
1923.03
1893.76
1781.88
1781.88
1743.36
1743.36
1743.17
1742.89
1660.63
1659.38
1644.45
1634.56
1600.78
1600.14
1599.03
1585.6
1585.6
1585.5
1578.23
1578.23
1577.98
1565.85
1565.57
1565.41
1555.69
1555.69
1555.45
1550.52
1548.08
1548.07
1548.07
1547.53
1539.1
1538.65
1537.34
1536.2
1525.61
1525.61
1525.2
1525.2
1515.14
1492.03
1492.03
1491.77
1480.32
1446.91
1444.05
1442.3
1440.67
1439.93
1440
1436.6
1430.48
1425.04
1397.83
1397.44
1385.87
1385.87
1377.76
1373.72
1372.6
1371.07
1370.84
1368.98
1367.6
1367.21
1367.21
1366.05
1352.76
1352.76
1331.94
1318.47
1318.47
1316.71
1310.44
1310.44
1310.44
1310.44
1310.38
1310.28
1305.72
1304.46
1303.75
1303.6
1303.13
1303.13
1297.55
1297.55
1297.55
1297.54
1297.5
1295.64
1275.31
1261.76
1261.53
1261.53
1261.15
1260.88
1260.88
1260.52
1264.84
1260
1259.79
1256.74
1250.61
1250.61
1250.61
1250.48
1250.48
1250.48
1250.48
1250.4
1250.36
1249.44
1249.3
1249.3
1248.48
1248.47
1248.46
1248.38
1248.38
1248.38
1248.32
1248.32
1248.29
1248.29
1248.28
1248.28
1248.28
1248.26
1248.27
1248.26
1248.26
1248.26
1248.26
1248.26
1248.26
1248.25
1248.25
1248.25
1248.25
1248.25
1248.25
1248.25
1248.25
1248.25
1248.24
1248.24
1248.24
1248.24
1248.24
1248.24
1248.24
1248.24
1248.24
1248.24
1248.24
1248.24
1248.24
1248.24
1248.24
1248.24
1248.24
1248.24
1248.24
1248.24
1248.24
1248.24
1248.24
1248.24
1248.24
1248.24
1248.24
1248.24
1248.24
1248.24
1248.24
1248.24
1248.24
1248.24
1248.24
1248.24
1248.24
1248.24
1248.24
1248.24
1248.24
1248.24
1248.24
1248.24
1248.24
1248.24
1248.24
1248.24
1248.24
1248.24
1248.24
1248.24
1248.24
1248.24
1248.24
1248.24
1248.24
1248.24
1248.24
1248.24
1248.24
1246.16
1246.16
1246.16
1246.01
1246.01
1246.01
1246.01
1246.01
1246.01
1246.01
1246.01
1246.01
1246.01
1246.03
1246.01
1245.84
1245.84
1245.83
1245.83
1245.59
1245.59
1245.3
1245.3
1245.23
1245.23
1245.22
1245.22
1245.2
1245.11
1245.07
1245.07
1245.07
1245.02
1245.01
1245.01
1245.01
1245
1244.99
1244.99
1244.99
1244.99
1244.99
1244.99
1244.99
1244.99
1244.98
1244.98
1244.96
1244.96
1244.96
1244.96
1244.96
1244.96
1244.96
1244.96
1244.96
1244.96
1244.95
1244.95
1244.94
1244.93
1244.93
1244.93
1244.93
1244.93
1244.93
1244.92
1244.92
1244.92
1244.92
1244.92
1244.89
1244.88
1244.88
1244.88
1244.88
1244.88
1244.88
1244.88
1244.88
1244.88
1244.88
1244.88
1244.88
1244.87
1244.87
1244.87
1244.87
1244.87
1244.87
1244.87
1244.87
1244.87
1244.87
1244.87
1244.87
1244.87
1244.87
1244.87
1244.87
1244.87
1244.87
1244.87
1244.86
1244.86
1244.86
1244.86
1244.86
1244.86
1244.86
1244.86
1244.86
1244.86
1244.86
1244.86
1244.86
1244.86
1244.86
1244.86
1244.86
1244.86
1244.86
1244.86
1244.86
1244.86
1244.86
1244.86
1244.86
1244.86
1244.86
1244.86
1244.86
1244.86
1244.86
1244.86
1244.86
1244.86
1244.86
1244.86
1244.86
1244.86
1244.86
1244.86
1244.86
1244.86
1244.86
1244.86
1244.86
1244.86
1244.86
1244.86
1244.86
1244.86
1244.86
1244.86
1244.86
1244.86
1244.86
1244.86
1244.86
1244.86
1244.86
1244.86
1244.86
1244.86
1244.86
1244.86
1244.86
1244.86
1244.86
1244.86
1244.86
1228.18
1232.41
1217.83
1216.74
1216.74
1216.22
1216.22
1216.22
1216.07
1216.07
1215.88
1216.02
1214.87
1214.79
1214.57
1213.52
1213.32
1213.32
1213.28
1213.28


1327.72
1293.32
1293.32
1252.8
1252.8
1234.03
1202.59
1202.59
1202.59
1200.81
1200.81
1200.8
1194.5
1165.99
1155.85
1124.56
1124.56
1120.66
1120.66
1120.66
1119.73
1114.8
1100.19
1091.02
1072.29
1072.29
1072.23
1057.65
1043.58
1039.41
1037.66
1037.66
1034.17
1030.19
1024.87
1020.61
1018.8
1018.49
1017.93
1009.81
1004.14
1003.58
982.756
977.062
971.157
967.615
964.892
964.879
961.738
953.003
950.911
948.86
945.337
945.261
945.028
940.952
940.245
938.766
934.247
933.314
932.967
932.818
932.453
932.044
931.135
930.177
909.39
908.988
904.172
904.172
903.992
901.571
898.178
897.111
897.111
896.085
895.523
895.171
894.068
887.304
886.462
885.507
885.507
885.363
885.363
884.967
883.082
882.923
878.142
878.095
878.025
877.973
877.648
877.624
877.6
863.792
863.767
860.671
860.664
860.405
857.456
852.612
852.539
852.539
852.458
852.458
852.347
852.256
852.027
852.027
852.016
852.016
851.974
851.974
851.93
826.183
826.183
826.183
826.072
826.072
826.072
823.082
817.444
817.444
815.194
815.194
814.951
814.951
814.366
814.366
814.291
813.923
813.923
813.899
813.899
813.809
813.767
813.753
813.698
813.698
813.698
813.691
813.691
813.684
813.671
813.662
813.658
813.658
813.653
813.65
813.65
813.649
813.645
813.645
813.645
813.644
813.644
813.644
813.644
813.644
813.643
813.643
813.643
813.643
813.643
813.643
813.643
813.643
813.643
813.643
813.643
813.643
813.643
813.643
813.643
813.643
813.643
813.643
813.643
813.643
813.643
813.643
813.643
813.643
813.643
813.643
813.643
813.643
813.643
813.643
813.643
813.643
813.643
813.643
813.643
813.643
813.643
813.643
813.643
813.643
813.643
813.643
813.643
813.643
813.643
813.643
813.643
813.643
813.643
813.643
813.643
813.643
813.643
813.643
813.643
813.643
813.643
813.643
813.643
813.643
813.643
813.643
813.643
813.643
813.643
813.643
813.643
813.643
813.643
813.643
813.643
813.643
813.643
813.643
813.643
813.643
813.643
813.643
813.643
813.643
813.643
813.643
813.643
813.643
813.643
813.643
813.643
813.643
813.643
813.643
813.643
813.643
813.643
813.643
813.643
813.643
813.643
813.643
813.643
813.643
813.643
813.643
813.643
813.643
813.643
813.643
813.643
813.643
813.643
813.643
813.643
813.643
813.643
813.643
813.643
813.643
813.643
813.643
813.643
813.643
813.643
813.643
813.643
813.643
813.643
813.643
813.643
813.643
813.643
813.643
813.643
813.643
813.643
813.643
813.643
813.643
813.643
813.643
813.643
813.643
813.643
813.643
813.643
813.643
813.643
813.643
813.643
813.643
813.643
813.643
813.643
813.643
813.643
813.643
813.643
813.643
813.643
813.643
813.643
813.643
813.643
813.643
813.643
813.643
813.643
813.643
813.643
813.643
813.643
813.643
813.643
813.643
813.643
813.643
813.643
813.643
813.643
813.643
813.643
813.643
813.643
813.643
813.643
813.643
813.643
813.643
813.643
813.643
813.643
813.643
813.643
813.643
813.643
813.643
813.643
813.643
813.643
813.643
813.643
813.643
813.643
813.643
813.643
813.643
813.643
813.643
813.643
813.643
813.643
813.643
813.643
813.643
813.643
813.643
813.643
813.643
813.643
813.643
813.643
813.643
813.643
813.643
813.643
813.643
813.643
813.643
813.643
813.643
813.643
813.643
813.643
813.643
813.643
813.643
813.643
813.643
813.643
813.643
813.643
813.643


1020.81
1001.44
978.315
957.969
957.969
957.969
956.497
945.022
909.031
909.031
898.471
898.471
870.663
869.871
855.085
855.085
833.675
833.675
830.61
830.61
830.61
836.758
832.747
832.717
821.577
807.317
803.224
803.224
801.531
796.357
785.653
785.653
785.653
784.253
752.136
752.136
751.935
751.613
749.277
748.417
739.802
739.426
739.426
738.457
730.397
730.33
726.269
725.338
723.85
723.85
723.528
718.552
702.101
702.067
701.826
701.756
701.744
701.744
701.707
700.608
700.011
698.967
696.738
696.732
695.58
695.58
694.454
694.45
693.534
691.504
691.501
691.5
691.037
690.405
687.484
683.726
681.04
678.565
678.424
677.999
677.796
677.775
677.513
677.513
677.291
676.916
676.865
676.756
676.756
676.752
676.656
676.649
676.518
676.498
676.452
676.452
676.446
676.402
676.402
676.394
676.366
676.367
676.362
676.356
676.355
676.349
676.349
676.349
676.349
676.348
676.348
676.348
676.348
676.348
676.347
676.347
676.347
676.347
676.347
676.347
676.347
676.346
676.346
676.346
676.346
676.346
676.346
676.346
676.346
676.346
676.346
676.346
676.346
676.346
676.346
676.346
676.346
676.346
676.346
676.346
676.346
676.346
676.346
676.346
676.346
676.346
676.346
676.346
676.346
676.346
676.346
676.346
676.346
676.346
676.346
676.346
676.346
676.346
676.346
676.346
676.346
676.346
676.346
676.346
676.346
676.346
676.346
676.346
676.346
676.346
676.346
676.346
676.346
676.346
676.346
676.346
676.346
676.346
676.346
676.346
676.346
676.346
676.346
676.346
676.346
676.346
676.346
676.346
676.346
676.346
676.346
676.346
676.346
676.346
676.346
676.346
676.346
676.346
676.346
676.346
676.346
676.346
676.346
676.346
676.346
676.346
676.346
676.346
676.346
676.346
676.346
676.346
676.346
676.346
676.346
676.346
676.346
676.346
676.346
676.346
676.346
676.346
676.346
676.346
676.346
676.346
676.346
676.346
676.346
676.346
676.346
676.346
676.346
676.346
676.346
676.346
676.346
676.346
676.346
676.346
676.346
676.346
676.346
676.346
676.346
676.346
676.346
676.346
676.346
676.346
676.346
676.346
676.346
676.346
676.346
676.346
676.346
672.492
672.492
672.492
671.099
671.099
671.099
671.099
671.099
671.099
671.099
671.099
670.97
670.661
670.45
670.078
669.825
669.679
669.679
669.679
669.679
669.584
669.527
669.524
669.32
669.321
668.88
668.88
668.88
668.88
668.808
668.618
668.552
668.552
668.533
668.533
668.525
668.452
668.434
668.434
668.434
668.419
668.419
668.418
668.418
668.415
668.41
668.409
668.409
668.407
668.407
668.403
668.403
668.403
668.401
668.402
668.402
668.402
668.402
668.4
668.4
668.4
668.4
668.4
668.4
668.4
668.4
668.4
668.4
668.4
668.4
668.4
668.4
668.4
668.4
668.4
668.4
668.4
668.4
668.4
668.4
668.4
668.4
668.4
668.4
668.4
668.4
668.4
668.4
668.4
668.4
668.4
668.4
668.4
668.4
668.4
668.4
668.4
668.4
668.4
668.4
668.4
668.4
668.4
668.4
668.4
668.4
668.4
668.4
668.4
668.4
668.4
668.4
668.4
668.4
668.4
668.4
668.4
668.4
668.4
668.4
668.4
668.4
668.4
668.4
668.4
668.4
668.4
668.4
668.4
668.4
668.4
668.4
668.4
667.788
669.609
668.4
668.4
668.4
667.545
667.545
667.545
667.545
667.545


