1334.15
1303.33
1283.8
1219.64
1219.64
1219.64
1219.64
1182.72
1155.81
1155.81
1155.78
1197.73
1141.87
1141.87
1141.87
1141.72
1136.45
1136.36
1097.93
1096.41
1096.41
1069.69
1069.69
1069.6
1069.07
1031.8
1025.58
1019.3
994.829
981.77
981.77
981.174
959.446
955.879
945.558
945.257
944.752
940.081
916.472
915.646
913.035
904.392
889.902
889.902
889.786
889.103
888.599
888.046
887.806
887.6
887.506
885.286
885.286
883.534
881.938
881.813
880.175
874.574
873.91
871.414
870.579
869.416
869.371
868.282
867.454
853.015
851.972
851.972
851.688
851.18
840.562
1028.72
862.655
862.655
862.652
861.962
861.944
851.722
851.721
851.72
848.667
848.667
848.667
848.667
848.666
848.666
848.666
848.666
848.666
845.81
845.003
862.975
855.582
855.582
855.582
855.582
855.582
855.582
855.582
855.582
855.582
861.2
861.2
856.78
856.78
856.78
856.78
854.903
854.903
854.903
854.903
854.903
854.903
835.009
835.009
833.618
833.618
824.879
824.879
824.879
824.879
868.139
817.963
817.963
817.963
817.963
800.261
800.261
800.261
800.261
800.261
859.449
820.596
820.596
820.596
820.596
820.589
820.588
820.586
820.586
820.585
802.419
781.516
781.516
781.516
781.516
781.516
781.516
781.516
781.516
781.516
841.756
833.385
809.669
809.669
807.953
807.953
807.953
804.17
804.17
804.17
791.803
791.803
791.803
791.803
791.324
791.324
791.324
791.324
791.324
791.324
915.293
840.291
840.291
831.341
823.451
823.451
823.451
823.451
823.451
823.451
799.827
798.207
798.207
798.207
798.114
798.114
798.114
798.114
798.114
798.114
798.239
797.815
795.971
795.971
795.612
795.612
795.612
795.612
795.612
795.236
794.908
794.908
794.756
794.756
794.407
794.175
793.934
793.907
793.549
793.549
789.026
789.018
788.991
788.991
788.905
788.905
788.905
788.785
788.785
788.779
812.588
812.584
812.584
812.575
812.566
812.566
812.566
812.563
772.679
772.679
875.537
819.133
818.666
818.374
817.82
817.17
816.927
816.584
816.336
816.336
816.326
816.206
816.187
816.187
816.187
816.122
816.072
816.015
815.976
815.961
815.842
815.705
815.606
815.14
815.14
815.14
814.791
813.936
812.78
811.67
809.876
809.718
808.982
808.799
808.799
808.587
808.089
806.629
805.777
805.122
804.677
804.669
804.501
804.433
804.433
804.433
804.4
804.39
804.39
804.39
803.537
803.003
802.535
800.694
800.498
800.493
800.393
800.387
800.387
800.387
800.131
800.131
800.093
800.055
800.013
799.968
799.968
799.964
799.958
799.958
799.943
799.942
799.93
799.93
799.93
799.93
799.928
799.928
799.924
799.922
799.919
799.919
799.918
799.917
799.917
799.917
799.915
799.915
799.915
799.914
799.912
799.911
799.911
799.904
799.902
799.9
799.9
799.9
799.9
799.899
799.899
799.899
799.899
799.898
799.898
799.898
799.898
799.898
799.898
799.897
799.898
799.897
799.897
799.897
799.897
799.897
799.897
799.897
799.897
799.897
799.897
799.897
799.897
799.897
799.897
799.897
799.897
799.897
799.897
799.897
799.897
799.897
799.897
799.897
799.897
799.897
799.897
799.897
799.897
799.897
799.897
799.897
799.897
799.897
799.897
799.897
799.897
799.897
799.897
799.897
799.897
799.897
799.897
799.897
799.897
799.897
799.897
799.897
799.897
799.897
799.897
799.897
799.897
799.897
799.897
799.897
799.897
798.315
798.315


1135.35
1132.96
1065.97
1065.97
1065.55
1049.16
1049.16
1031.43
1026.41
1026.41
1026.41
1014.57
1011.28
961.461
961.461
961.099
954.731
923.36
907.991
868.498
852.569
852.332
844.2
844.2
825.657
819.929
819.929
794.948
794.948
770.037
738.266
738.147
736.839
721.69
716.691
698.847
691.719
688.167
686.773
683.199
683.199
663.562
648.908
648.908
648.239
648.215
646.68
643.522
643.522
643.522
640.467
639.956
614.361
614.361
614.186
608.359
607.788
607.061
606.932
604.776
604.761
604.544
598.53
478.775
459.411
443.319
425.507
414.415
409.778
409.778
402.93
397.172
397.172
393.384
392.198
389.694
387.139
382.947
374.897
369.05
368.05
367.976
366.899
364.466
363.77
363.77
362.142
362.142
362.142
362.141
360.775
360.7
350.874
348.54
344.627
344.627
344.475
344.061
343.707
342.519
342.449
342.599
341.94
341.503
341.402
341.378
341.227
341.189
340.919
340.914
340.884
340.884
340.677
340.643
340.639
340.33
340.33
340.313
340.287
340.242
340.168
340.166
340.164
340.121
340.121
340.09
340.069
340.066
340.059
340.049
340.049
340.018
340.018
340.018
340.002
340
339.998
339.987
339.983
339.976
339.775
329.123
328.435
326.736
326.734
324.57
323.493
323.199
323.176
323.036
323.035
322.978
322.94
322.904
322.857
322.831
322.817
322.814
322.806
322.793
322.779
322.783
322.78
322.765
322.759
322.755
322.755
322.754
322.75
322.749
322.749
322.747
322.747
322.744
322.744
322.744
322.744
322.743
322.743
322.743
322.743
322.743
322.743
322.742
322.742
322.742
322.742
322.742
322.742
322.742
322.742
322.742
322.742
322.742
322.742
322.742
322.742
322.742
322.742
322.742
322.742
322.742
322.742
322.742
322.742
322.742
322.742
322.742
322.742
322.742
322.742
322.742
322.742
322.742
322.742
322.742
322.742
322.742
322.742
322.742
322.742
322.742
322.742
322.742
322.742
322.742
322.742
322.742
322.742
322.742
322.742
322.742
322.742
322.742
322.742
322.742
322.742
322.742
322.742
322.742
322.742
322.742
322.742
322.742
314.493
314.493
314.493
314.493
313.888
313.572
313.572
313.572
313.572
310.234
309.865
309.865
309.646
308.979
308.979
308.979
308.94
308.94
308.721
308.588
308.526
308.526
308.503
308.503
308.499
308.497
308.465
308.455
308.455
308.41
300.555
300.555
300.555
300.555
300.555
300.261
300.261
300.247
300.247
300.247
300.247
300.247
300.247
300.247
300.247
300.247
300.247
300.247
300.143
300.143
300.021
300.021
300.021
300.019
300.019
300.011
299.949
299.93
299.854
299.832
299.74
299.685
299.657
299.488
299.487
298.829
297.795
297.715
297.402
297.354
297.285
297.26
297.26
297.253
297.253
297.253
297.253
297.253
297.246
297.245
288.487
288.487
288.487
288.487
288.487
288.487
281.616
292.865
186.958
183.221
183.221
183.221
183.221
183.221
173.63
173.63
173.63
173.63
173.63
172.627
172.627
162.322
161.622
159.026
158.107
158.023
158.023
158.022
146.067
146.067
123.811
123.811
123.195
123.195
121.392
115.68
114.797
106.742
98.9328
93.4271
91.9969
88.8138
88.8138
87.4618
87.4618
87.1397
87.1397
81.3823
78.6325
78.6325
78.6325
74.9015
74.9015
74.9015
73.5617
73.5617
73.5617
73.6095
73.5227
73.0105
72.6875
71.2704
70.9074
68.5331
68.5331
67.1541
67.1541
64.2743
64.0319
61.6773
60.1171
59.3105
59.3105
59.3105
59.0225
55.948


1140.75
1140.75
1140.75
1105.01
1070.33
1046.92
1015.79
1015.79
1014.1
1007.03
1006.72
955.718
955.718
896.384
896.384
896.34
866.969
866.969
850.051
830.97
826.11
826.11
825.765
824.313
824.313
805.679
805.341
799.047
769.922
759.113
756.775
753.405
753.405
751.125
747.398
722.291
722.291
710.075
710.075
706.191
705.128
702.856
702.856
702.017
698.994
692.583
691.25
690.498
689.735
689.628
688.964
684.661
684.076
683.842
683.199
682.103
681.811
681.737
681.515
681.437
681.437
681.088
680.952
680.871
680.608
680.591
680.542
680.527
680.457
680.448
680.415
680.408
680.408
680.392
680.385
680.385
680.381
680.377
680.367
680.367
680.361
680.358
680.355
680.353
680.353
680.352
680.351
680.35
680.35
680.349
680.349
680.348
680.348
680.347
680.347
680.347
680.347
680.347
680.346
680.346
680.346
680.346
680.346
680.346
680.346
680.346
680.346
680.346
680.346
680.346
680.346
680.346
680.346
680.346
680.346
680.346
680.346
680.346
680.346
680.346
680.346
680.346
680.346
680.346
680.346
680.346
680.346
680.346
680.346
680.346
680.346
680.346
680.346
680.346
680.346
680.346
677.93
677.93
670.965
670.416
670.416
670.416
670.049
670.049
669.885
669.885
667.963
667.963
667.963
662.796
662.55
662.55
662.52
662.268
662.268
662.074
662.074
654.401
539.516
539.475
539.274
562.394
477.623
477.608
471.441
471.396
468.631
431.827
431.827
430.537
419.34
413.899
411.581
399.658
398.832
395.013
394.72
389.925
389.925
389.925
389.911
380.993
380.992
380.791
377.937
376.398
375.206
375.206
371.959
371.947
371.94
372.068
371.463
371.252
371.246
371.173
369.738
369.737
368.666
368.653
368.25
368.244
367.79
367.79
367.785
367.716
367.537
367.238
367.237
367.13
367.04
365.257
365.099
365.087
365.018
365.018
365.016
362.749
362.286
361.912
361.912
361.744
361.734
339.719
339.719
311.581
311.515
306.145
306.145
298.493
298.493
329.916
279.02
266.409
241.071
241.071
241.069
238.986
238.986
238.793
217.06
217.055
210.404
198.37
191.429
186.202
183.721
171.14
144.927
144.172
144.171
121.723
108.855
108.855
105.489
105.485
105.485
105.484
98.1475
91.3915
91.3915
88.7928
81.4239
81.4239
81.1395
78.2545
76.2892
76.2892
73.8138
73.8138
72.3155
71.2488
71.2485
67.784
64.5709
59.7758
57.4756
53.73
53.7299
53.7298
53.3271
52.194
52.0865
52.0865
52.0865
51.8514
51.4418
51.4418
51.3958
51.3958
51.3837
51.188
50.2244
49.3331
49.3331
49.1439
48.9389
48.8452
48.7542
48.6926
48.6926
48.7122
48.6867
48.4017
48.2937
48.1832
48.0668
48.0358
47.7877
47.558
47.558
47.5535
47.301
47.301
47.301
47.04
47.04
46.9569
46.9569
46.9569
46.8905
46.861
46.8434
46.8218
46.7824
46.7598
46.7545
46.7444
46.7387
46.7099
46.7099
46.7143
46.671
46.671
46.6704
46.6611
46.6505
46.6479
46.647
46.6276
46.6226
46.6207
46.6135
46.6135
46.6032
46.6014
46.5964
46.5924
46.5897
46.5858
46.5853
46.5833
46.5775
46.5775
46.5757
46.5736
46.5736
46.5705
46.5693
46.5688
46.5682
46.5664
46.5629
46.5629
46.5607
46.5607
46.5605
46.5605
46.5601
46.5601
46.5593
46.5595
46.5591
46.5591
46.5589
46.5589
46.5588
46.5585
46.5585
46.5584
46.5584
46.5584
46.5583
46.5583
46.5583
46.558
46.558
46.558
46.558
46.5579
46.5577
46.5576
46.5576
46.5576
46.5576
46.5575
46.5575
46.5575
46.5574
46.5574


1147.86
1134.08
1099.51
1099.51
1099.51
1070.42
1070.4
1058.84
1044.7
1029.5
1014.37
1004.77
992.712
984.448
973.149
970.329
947.906
947.906
947.321
947.321
928.599
902.794
902.543
901.303
899.587
899.524
893.944
884.612
884.612
875.505
869.706
861.033
860.918
838.211
836.888
832.199
831.485
824.805
824.805
820.02
813.684
813.12
808.299
807.971
807.154
807.154
805.791
805.34
804.035
801.974
800.355
797.599
795.878
794.774
791.742
789.174
788.522
787.32
787.201
785.842
785.842
783.736
783.127
782.815
782.815
781.18
779.415
779.161
778.953
778.623
778.589
778.198
778.111
778.051
778.051
777.884
777.797
777.783
777.717
777.152
776.933
776.729
776.497
776.46
776.407
776.237
776.213
776.211
776.202
776.189
776.185
776.143
776.137
776.137
776.134
776.118
776.115
776.11
776.11
776.101
776.101
776.098
776.095
776.092
776.091
776.089
776.089
776.087
776.083
776.08
776.077
749.707
747.385
747.176
731.266
731.266
731.265
731.265
731.265
731.202
731.182
731.06
730.425
730.425
730.425
730.425
730.125
730.125
730.119
730.107
730.06
727.255
726.881
726.881
726.825
726.214
724.999
724.927
724.926
724.914
724.897
724.899
724.897
724.876
724.868
724.833
724.831
724.82
724.817
724.813
724.806
724.795
724.794
724.78
724.776
724.775
724.774
724.773
724.77
724.769
724.755
724.755
724.749
724.747
724.747
724.747
722.86
722.86
722.759
722.635
722.635
722.635
722.31
722.083
722.083
722.036
722.032
722.032
722.023
721.999
721.979
722.016
721.98
721.966
721.966
717.077
706.887
706.881
697.234
697.234
695.636
693.402
693.397
693.397
693.396
693.357
693.353
693.11
693.109
693.102
693.091
693.015
693.014
692.947
692.848
692.728
692.716
692.715
692.674
692.656
692.575
692.575
692.575
692.565
692.545
692.535
692.532
692.532
692.491
692.484
692.47
692.461
692.461
692.461
692.456
692.452
692.452
692.445
692.444
692.444
692.443
692.442
692.44
692.439
692.439
692.438
692.438
692.438
692.438
692.437
692.436
692.436
692.436
692.436
692.436
692.435
692.435
692.435
692.435
692.435
692.435
692.435
692.435
692.435
692.435
692.435
692.435
692.435
692.435
692.435
692.435
692.435
692.435
692.435
692.435
692.435
692.435
692.435
692.435
692.435
692.435
692.435
692.435
692.435
692.435
692.435
692.435
692.435
692.435
692.435
692.435
692.435
692.435
692.435
692.435
692.435
692.435
692.435
692.435
692.435
692.435
692.435
692.435
679.441
677.865
677.571
677.571
677.55
677.461
675.302
672.594
672.472
672.449
672.425
672.418
672.399
672.399
672.395
672.384
672.366
672.326
672.327
672.319
672.319
672.318
672.318
672.316
672.315
672.311
672.311
672.308
672.308
672.307
672.307
672.307
672.307
672.307
672.307
672.306
672.306
672.306
672.306
672.306
672.305
672.305
672.305
672.305
672.305
672.305
672.305
672.305
672.305
672.305
672.305
672.305
672.305
672.304
672.304
672.304
672.304
672.304
672.304
672.304
672.304
672.304
672.304
672.304
672.304
672.304
672.304
672.304
672.304
672.304
672.304
672.304
672.304
672.304
672.304
672.304
672.304
672.304
672.304
672.304
672.304
672.304
672.304
672.304
672.304
672.304
672.304
672.304
672.304
672.304
672.304
672.304
672.304
672.304
672.304
672.304
672.304
672.304
672.304
672.304
672.304
672.304
672.304
672.304
672.304
672.304
672.304


1163.88
1140.35
1124.96
1102.04
1096.9
1091.14
1042.53
1042.53
1031.24
1031.24
992.414
973.246
963.627
963.627
928.201
911.883
911.568
894.066
877.887
877.887
877.535
877.012
876.857
857.609
823.878
816.78
813.837
802.136
775.654
754.778
754.778
754.699
736.211
724.125
720.67
717.392
713.612
713.549
711.3
711.3
708.847
704.001
701.644
697.991
697.967
676.763
676.763
668.696
668.696
666.972
666.004
665.063
663.547
663.468
663.451
660.795
659.48
659.406
658.888
658.819
640.358
640.184
637.948
637.465
637.302
637.077
636.274
622.95
611.126
610.214
610.044
610.03
607.919
551.489
504.209
440.179
420.01
419.873
412.303
373.566
310.623
301.943
245.718
242.11
230.343
210.057
209.532
208.511
176.252
147.527
137.134
150.71
138.977
129.412
122.404
122.404
104.313
104.313
102.337
90.0751
80.596
76.2807
75.9187
71.3212
69.5192
66.6879
66.6845
64.6687
64.556
60.3737
59.6359
59.4844
57.1059
56.7544
55.5371
55.1335
54.9595
54.4047
54.2756
53.6194
53.4619
53.1823
53.0085
52.9863
52.9863
52.9834
52.6746
52.2885
52.1404
52.1404
51.7811
51.7015
51.6964
51.6061
51.5987
51.5116
51.4831
51.4321
51.4321
51.3428
51.3277
51.2284
51.1576
51.1482
51.1274
51.1272
51.1261
51.1107
51.075
51.075
51.0748
51.0555
51.0378
51.0356
51.0283
51.0118
50.9882
50.9869
50.9792
50.9762
50.9762
50.9762
50.9762
50.9686
50.9686
50.9663
50.9642
50.9635
50.9635
50.9606
50.9559
50.9575
50.955
50.9547
50.9547
50.9527
50.9527
50.951
50.951
50.9509
50.9508
50.9507
50.9505
50.9505
50.9495
50.9491
50.9491
50.9484
50.9484
50.9482
50.9479
50.9479
50.9476
50.9476
50.9474
50.9473
50.9473
50.9472
50.9472
50.9472
50.9472
50.9471
50.947
50.947
50.6881
50.5655
50.4548
50.4548
50.4548
50.4548
49.9739
50.0069
49.6384
49.5047
49.4109
49.4109
49.4109
49.4109
49.2187
49.2187
49.07
49.1407
48.953
48.923
48.9136
48.9136
48.9136
48.8639
48.8463
48.8123
48.7858
48.7611
48.7369
48.7369
48.7197
48.719
48.719
48.6782
48.6157
48.6157
48.6157
48.6157
48.6136
48.6004
48.6004
48.5781
48.5781
48.5741
48.5715
48.5663
48.5661
48.5569
48.5569
48.5547
48.5547
48.5531
48.55
48.55
48.5481
48.5481
48.5477
48.5444
48.5432
48.5432
48.542
48.5419
48.5419
48.5413
48.5411
48.54
48.54
48.5392
48.5392
48.5392
48.5386
48.5386
48.5381
48.538
48.5379
48.5377
48.5377
48.5374
48.5374
48.5374
48.5374
48.5373
48.5372
48.5372
48.5372
48.5371
48.537
48.537
48.537
48.5368
48.5368
48.5368
48.5368
48.5368
48.5368
48.5368
48.5367
48.5367
48.5367
48.5367
48.5367
48.5367
48.5367
48.5367
48.5367
48.5367
48.5366
48.5366
48.5366
48.5366
48.5366
48.5366
48.5366
48.5366
48.5366
48.5366
48.5366
48.5366
48.5366
48.5366
48.5366
48.5366
48.5366
48.5366
48.5366
48.5366
48.5366
48.5366
48.5366
48.5366
48.5366
48.5366
48.5366
48.5366
48.5366
48.5366
48.5366
48.5366
48.5366
48.5366
48.5366
48.5366
48.5366
48.5366
48.5366
48.5366
48.5366
48.5366
48.5366
48.5366
48.5366
48.5366
48.5366
48.5366
48.5366
48.5366
48.5366
48.5366
48.5366
48.5366
48.5366
48.5366
48.5366
48.5366
48.5366
48.5366
48.5366
48.5366
48.5366
48.5366
48.5366
48.5366
48.5366
48.5366
48.5366
48.5366
48.5366
48.5366
48.5366
48.5366
48.5366
48.5366
48.5366
48.5366
48.5366
48.5366
48.5366
48.5366
48.5366
48.5366
48.5366
48.5366
48.5366
48.5366
48.5366
48.5366


1170.02
1134.13
1094.93
1094.93
1030.49
1006.14
1006.14
1006.14
1006.14
1006.14
1006.14
1006.14
1006.14
1006.14
1006.14
1006.14
1006.14
1006.14
989.319
989.319
967.467
949.873
949.873
949.873
942.735
929.533
887.591
887.591
880.601
846.028
815.928
811.337
811.337
805.548
802.892
802.343
798.334
796.708
791.823
791.823
791.187
787.27
770.518
770.518
770.451
769.849
766.58
766.51
765.325
747.213
741.875
741.841
741.78
741.778
741.642
741.582
741.511
741.511
741.433
740.754
740.73
738.803
738.673
738.149
738.149
738.141
737.682
737.636
737.633
737.222
737.11
737.11
736.324
735.82
735.191
735.191
731.338
726.168
725.758
724.426
724.426
723.939
723.85
722.846
722.846
722.846
722.633
722.603
722.603
722.603
722.497
722.435
722.431
722.431
722.396
722.396
722.353
722.34
722.34
722.34
722.337
722.321
722.321
722.321
722.318
722.315
722.308
722.307
722.307
722.306
722.303
722.303
722.303
722.301
722.301
722.301
722.301
715.667
715.667
715.66
715.332
715.237
715.237
715.237
715.237
715.237
715.215
715.139
715.094
714.997
713.497
711.545
711.504
711.105
711.105
711.044
711.044
711.039
710.922
710.912
710.892
710.892
710.892
710.802
710.802
710.793
710.788
710.778
710.778
710.763
710.738
710.724
710.724
710.709
710.703
710.697
710.697
710.697
710.695
710.695
710.694
710.473
709.188
709.185
709.179
709.168
709.168
708.807
708.795
708.792
708.792
708.792
704.147
698.226
697.662
697.662
697.662
697.662
696.083
695.639
694.804
694.804
694.804
694.804
694.804
694.804
694.528
694.505
694.189
693.863
693.352
693.171
693.129
693.115
693.102
693.102
693.102
693.066
693.066
693.016
693.016
693.037
693.016
693.009
693.009
693.009
692.986
692.98
692.98
692.953
692.953
692.948
687.893
687.453
687.453
687.453
687.453
687.453
687.453
686.395
685.849
685.849
685.849
685.808
685.199
685.199
684.726
684.726
684.726
684.582
684.386
684.405
684.381
684.378
684.378
684.233
684.233
684.233
684.192
684.154
684.015
684.015
684.015
684.009
684.009
683.968
683.968
683.968
683.905
683.905
683.895
683.789
683.789
683.789
683.789
683.789
683.789
683.789
683.789
683.789
683.789
683.789
683.789
683.789
683.789
683.789
683.789
683.789
683.789
683.789
683.789
683.789
683.789
683.789
683.789
683.789
683.789
683.789
683.789
683.789
683.789
683.197
683.197
683.197
683.197
683.089
683.072
683.072
670.449
670.449
670.449
670.449
670.449
670.449
670.449
670.449
670.317
670.317
670.317
670.317
670.317
670.317
670.317
670.317
670.317
670.317
670.317
670.317
670.317
670.317
670.317
681.381
681.381
681.381
681.381
681.381
681.381
681.381
681.381
681.381
681.381
674.882
674.882
674.882
674.882
674.882
674.882
674.882
674.882
674.679
674.679
695.729
683.799
680.235
680.235
677.564
677.564
677.564
677.564
677.564
677.564
676.975
676.975
676.975
676.975
676.975
676.975
676.975
676.975
676.975
676.975
688.641
674.945
673.502
662.543
662.465
661.544
661.544
661.544
661.014
660.741
660.741
660.188
660.188
660.188
659.985
659.985
659.985
659.945
659.945
659.945
659.917
659.917
659.899
659.884
659.85
659.85
659.835
659.835
659.828
659.818
659.833
659.814
659.81
659.81
659.807
659.807
659.807
659.806
659.805
659.805
659.801
659.801
659.799
659.799
659.796
659.794
659.793
659.793
659.792


1116.2
1098.27
1088.18
1067.1
1042.37
1041.13
1032.15
1032.15
1032.15
1032.15
1032.15
1000.33
959.244
933.892
933.892
933.403
933.403
924.392
924.392
909.926
891.885
891.885
891.885
891.885
891.272
886.792
884.912
881.854
856.214
836.351
835.391
764.968
762.134
761.845
761.845
761.845
757.049
747.35
741.674
740.978
740.616
733.666
724.037
714.275
713.803
711.116
711.116
694.707
692.937
684.867
681.367
684.941
679.511
679.511
678.22
676.872
674.452
667.954
667.715
666.439
666.23
665.631
664.705
663.988
662.816
661.322
658.145
657.843
657.514
655.638
655.428
655.311
655.079
654.177
653.919
653.919
653.754
653.742
653.384
653.166
653.084
651.069
651.041
649.081
649.038
646.96
646.96
645.965
645.95
645.949
645.472
645.472
645.313
645.19
645.184
645.034
644.849
644.849
520.036
520.002
506.148
506.148
483.017
473.44
473.44
473.368
471.195
470.277
463.272
463.272
461.848
461.861
457.866
457.864
455.1
454.066
453.624
442.181
442.178
442.178
441.205
439.407
437.547
436.56
432.809
431.241
431.24
429.456
429.455
427.196
425.871
425.871
423.984
420.998
420.7
420.295
419.326
417.591
417.567
416.516
415.899
414.805
414.341
414.161
414.106
413.848
413.623
413.553
413.306
412.814
412.8
412.774
406.432
404.621
396.502
396.287
396.212
396.2
396.083
396.083
389.811
390.852
388.921
386.027
385.907
384.99
384.836
384.836
384.636
384.282
384.21
384.034
383.681
383.681
383.675
383.647
383.469
383.417
383.205
383.113
383.107
383.11
383.106
383.041
383.013
382.987
382.961
382.961
382.956
382.94
382.938
382.937
382.91
382.9
382.9
382.898
382.89
382.889
382.889
382.889
382.887
382.887
382.885
382.882
382.882
382.882
382.881
382.881
382.88
382.879
382.878
382.875
382.875
382.874
382.874
382.873
382.873
382.873
382.873
382.872
382.872
382.872
382.872
382.872
382.871
382.871
382.871
382.871
382.871
382.871
382.871
382.871
382.871
382.871
382.871
382.871
382.871
382.871
382.871
382.871
382.871
382.871
382.871
382.871
382.871
382.871
382.871
382.871
382.871
382.871
382.871
382.87
382.87
382.87
382.87
382.87
382.87
382.87
382.87
382.87
382.87
382.87
382.87
382.87
382.87
382.87
382.87
382.87
382.87
382.87
382.87
382.87
382.87
382.87
382.87
382.87
382.87
382.87
382.87
382.87
382.87
382.87
382.87
382.87
382.87
382.87
382.87
382.87
382.87
382.87
382.87
382.87
382.87
382.87
382.87
382.87
382.87
382.87
382.87
382.87
382.87
382.87
382.87
382.87
382.87
382.87
382.87
382.87
382.87
382.87
382.87
382.87
382.87
382.87
382.87
382.87
382.87
382.87
382.87
382.87
382.87
382.87
382.87
382.87
382.87
382.87
382.87
382.87
382.87
382.87
382.87
380.92
368.034
368.034
368.008
367.996
367.996
367.985
367.967
367.931
367.175
365.05
359.703
359.081
358.986
358.986
358.986
358.762
358.762
358.762
358.754
358.746
358.614
358.445
357.838
357.691
357.626
357.566
357.566
357.534
357.534
357.528
357.528
357.527
357.527
357.52
357.51
357.51
357.51
357.508
357.508
357.507
357.507
357.506
357.504
357.503
357.503
357.501
357.501
357.501
357.501
357.501
357.501
357.501
357.5
357.5
357.5
357.5
357.5
357.5
357.5
357.5
357.5
357.5
357.5
357.5
357.5
357.5
357.5
357.5


1112.58
1058.62
1033.13
952.326
952.326
942.046
942.046
942.046
942.046
942.046
901.481
958.16
922.231
895.705
895.705
886.581
884.953
884.953
833.771
794.279
794.279
800.66
795.915
794.445
794.445
793.801
792.569
792.256
792.256
790.182
774.374
760.658
759.283
755.382
753.91
740.992
740.992
733.7
724.621
718.563
716.022
702.557
702.557
700.385
689.991
688.864
685.745
675.91
675.788
675.733
675.505
675.362
675.187
674.392
673.512
673.369
672.565
672.565
666.607
666.392
665.31
659.371
656.335
654.246
653.766
653.198
653.104
652.856
651.904
651.904
647.936
631.65
628.921
626.915
626.081
625.891
624.952
622.903
622.517
622.294
529.034
529.057
528.846
481.297
481.289
481.252
473.081
473.069
466.95
463.692
450.53
442.729
442.729
437.722
437.64
432.787
432.787
431.637
431.567
429.355
424.819
424.589
421.544
421.294
415.371
413.076
412.893
411.665
411.665
410.563
410
409.173
409.032
409.032
396.603
395.95
393.859
393.846
392.199
391.814
391.193
390.833
389.948
389.627
389.276
388.913
388.856
388.706
388.392
388.192
387.993
388.058
388.029
387.818
387.79
387.704
387.682
387.61
387.5
387.433
387.421
387.404
387.403
387.403
387.383
387.362
387.357
387.298
387.295
387.281
387.276
387.277
387.265
387.242
387.238
387.236
387.236
387.225
387.225
387.224
387.224
387.221
387.221
387.219
387.218
387.217
387.216
387.215
387.213
387.212
387.207
387.208
387.206
387.205
387.205
387.205
387.203
387.203
387.202
387.202
387.202
387.202
387.201
387.201
387.201
387.2
387.2
387.2
387.2
387.2
387.2
387.2
387.2
387.198
387.174
387.174
386.96
386.96
386.835
386.75
386.485
386.388
386.388
386.388
386.388
386.239
386.239
386.239
385.944
385.944
385.845
385.566
385.566
385.566
385.566
385.566
385.494
385.493
385.421
385.392
385.349
385.344
385.292
385.292
385.272
385.272
385.21
383.409
383.409
383.409
383.242
383.053
383.053
383.007
383.007
383.007
383.007
383.007
382.823
382.823
382.796
382.779
382.773
382.773
382.746
382.746
382.746
382.746
382.745
382.738
382.703
382.703
382.698
382.698
376.65
376.65
376.65
376.65
376.65
376.65
376.65
376.65
376.65
376.65
376.65
372.108
372.108
372.108
372.108
372.108
372.108
406.965
384.113
384.113
384.113
384.113
384.113
378.802
378.802
378.802
378.802
382.343
382.343
382.343
374.448
374.448
374.448
374.448
374.448
374.448
374.448
374.448
374.448
374.448
374.448
374.448
374.448
374.448
374.448
374.448
374.448
374.448
374.448
374.448
374.448
374.448
374.448
374.448
374.448
374.448
374.448
411.533
383.102
383.102
383.102
383.102
383.102
383.102
371.87
371.87
371.87
407.941
383.101
376.384
376.384
372.767
370.453
370.038
370.038
370.038
370.038
370.779
370.779
370.779
370.779
370.779
370.779
370.779
370.779
370.779
370.779
370.779
370.779
370.779
370.779
370.779
370.779
370.779
370.779
370.779
370.779
384.566
383.101
383.101
383.101
383.101
379.527
379.527
373.447
373.447
373.447
380.517
380.517
380.517
380.517
375.571
375.267
375.267
375.267
375.267
375.267
375.795
375.795
375.795
375.795
375.795
375.795
375.795
375.795
375.795
375.795
374.822
370.521
370.521
370.521
356.174
356.174
356.174
356.174
356.174
354.784
353.721
353.721
353.721
353.721
353.721
353.721
353.721
353.721
353.721


1074.39
1040.78
1029.07
1029.07
1028.72
1028.72
1008.96
1008.96
1008.87
1008.23
1004.67
997.374
997.374
987.916
964.744
956.128
956.128
946.724
946.724
866.801
866.801
863.336
863.336
862.839
853.491
853.15
853.15
828.536
817.82
813.398
810.681
799.841
799.841
795.939
794.786
793.087
791.912
791.886
790.169
784.379
777.046
754.528
752.912
745.051
733.741
733.741
732.042
732.042
731.168
730.245
728.057
729.193
725.264
722.349
718.822
715.342
712.46
712.46
711.439
711.032
709.24
708.6
704.617
703.832
703.604
702.843
699.086
694.964
694.232
693.643
693.635
693.592
693.248
693.248
692.259
691.671
691.644
691.609
684.904
683.906
683.906
683.866
683.679
683.679
683.629
683.502
683.358
683.287
683.168
683.127
682.998
682.979
682.966
682.882
682.807
682.783
682.626
682.608
682.565
682.542
682.53
682.511
682.508
682.493
682.482
682.469
682.469
682.466
675.689
675.689
675.689
675.687
675.687
675.687
675.687
675.687
675.687
675.687
675.687
675.687
675.687
675.687
675.244
675.244
674.841
674.841
671.549
669.468
669.468
666.629
666.405
666.368
665.965
665.246
664.834
664.656
653.024
648.067
648.067
647.889
647.889
647.881
647.729
647.729
647.655
647.655
647.613
646.254
645.689
645.685
644.433
644.433
644.421
642.998
642.976
638.761
637.832
637.739
637.271
636.153
636.088
636.088
635.11
634.867
634.867
634.82
634.738
634.323
634.323
634.315
634.095
633.943
633.855
633.74
633.528
633.479
633.342
633.189
633.189
633.156
633.104
633.061
632.964
632.871
632.802
632.738
632.729
632.476
632.472
632.471
632.439
632.436
632.435
632.394
632.392
632.392
632.392
632.377
632.366
632.362
632.362
632.355
632.355
632.35
632.348
632.341
632.341
632.334
632.333
632.33
632.329
632.329
632.328
632.328
632.322
632.322
632.322
623.009
622.987
622.319
622.319
622.041
621.262
621.262
621.262
620.24
619.667
619.667
618.886
618.831
612.339
612.292
612.243
602.724
598.381
597.45
597.424
597.398
597.268
597.211
597.105
597.027
596.972
596.96
596.582
596.399
596.251
596.214
593.364
590.703
590.703
590.283
590.283
589.504
589.498
589.165
588.881
588.314
588.15
588.15
588.147
586.849
586.849
586.848
586.677
586.677
586.518
586.453
586.453
586.446
586.421
586.383
586.265
586.265
586.233
586.126
586.097
586.064
586.058
586.028
586.028
586.026
586.026
586.026
585.974
585.974
585.97
585.965
585.965
585.965
585.963
585.966
585.964
585.96
585.96
585.96
585.959
585.959
585.959
585.959
585.959
585.959
585.959
585.959
585.959
585.959
585.959
585.959
585.959
585.959
585.959
585.959
585.959
585.959
585.959
585.959
585.959
585.959
585.959
585.959
585.959
585.959
585.959
585.959
585.959
585.959
585.959
585.959
585.959
585.959
585.959
585.959
585.959
585.959
585.959
585.959
585.959
585.959
585.959
585.959
585.959
585.959
585.959
585.959
585.959
585.959
585.959
585.959
585.959
585.959
585.959
585.959
585.959
585.959
585.959
585.959
585.959
585.959
585.959
585.959
585.959
585.959
585.959
585.959
585.959
585.959
585.959
585.959
585.959
585.959
585.959
585.959
585.959
585.959
585.959
585.959
585.959
585.959
585.959
585.959
585.959
585.959
585.959
585.959
585.959
585.959
575.666
575.461
556.663
556.568
554.585
560.623
556.421
553.63
550.154
549.781
549.781
549.487
546.274
536.367


1182.31
1139.27
1092.35
1092.22
1049.56
1019.17
1019.17
962.045
940.772
890.305
890.305
889.954
832.546
832.546
811.868
801.775
801.775
787.289
783.038
780.389
752.017
753.206
751.873
751.873
744.557
744.286
724.44
710.82
708.93
706.844
706.844
693.694
693.646
685.552
679.851
675.934
671.203
671.197
668.03
664.703
664.634
654.488
653.318
652.222
652.19
652.001
651.637
650.79
650.747
650.736
650.218
649.878
649.874
649.638
649.477
649.425
649.065
649.053
648.698
648.679
648.679
648.679
648.651
648.586
648.582
638.034
638.032
631.679
631.356
630.88
628.557
627.863
627.862
627.854
627.854
627.836
627.715
627.715
627.582
627.582
627.561
627.508
627.508
627.487
627.472
627.467
627.458
627.452
627.452
627.442
627.439
627.434
627.434
627.425
627.422
627.422
627.42
627.42
627.42
627.418
627.414
627.414
627.412
502.726
486.114
458.78
443.542
431.078
427.94
424.187
417.479
418.106
415.474
414.042
410.704
410.704
410.238
409.127
405.105
400.622
399.007
398.265
397.087
390.531
389.61
386.903
384.146
384.146
382.584
377.347
377.315
377.241
376.409
376.035
375.582
375.203
374.962
373.841
371.575
371.575
370.835
370.516
370.434
370.35
368.72
367.032
366.843
366.313
366.265
366.172
365.836
365.749
365.676
365.596
365.454
365.382
365.277
365.201
365.177
365.139
365.074
365.009
365.005
365.005
364.997
364.997
364.987
364.934
364.919
364.882
364.88
364.863
364.863
364.847
364.836
364.818
364.818
364.816
364.806
364.801
364.797
364.79
364.783
364.783
364.782
364.782
364.772
364.772
364.77
364.766
364.766
364.766
364.763
364.757
364.757
364.756
364.754
364.754
364.751
364.751
364.75
364.75
364.75
364.75
360.78
351.995
351.995
348.346
348.055
347.327
346.41
346.243
345.956
345.931
345.627
345.626
345.544
345.515
345.515
345.384
345.384
345.353
345.291
345.291
345.265
345.262
345.255
345.249
345.23
345.222
345.217
345.21
345.202
345.202
345.199
345.195
345.193
345.193
345.192
345.192
345.192
345.19
345.189
345.189
345.188
345.188
345.188
345.187
345.187
345.187
345.187
345.187
345.187
345.187
345.187
345.187
345.187
345.187
345.187
345.187
345.187
345.187
345.187
345.187
345.187
345.187
345.187
345.187
345.187
345.187
345.187
345.187
345.187
345.187
345.187
345.187
345.187
345.187
345.187
345.187
345.11
344.418
344.384
344.031
344.031
343.91
343.91
343.91
343.91
343.86
343.8
343.783
197.037
197.037
197.037
197.037
197.037
155.475
155.475
152.361
142.252
144.76
144.76
144.76
144.332
142.663
134.432
123.834
123.834
117.883
112.016
106.875
106.875
104.534
103.033
101.12
101.12
101.12
100.11
99.9864
99.2926
99.2926
99.2926
99.2047
99.0195
99.0195
99.0195
98.8859
98.8467
98.8467
98.7753
89.1129
77.1977
77.1977
72.6907
71.8089
70.7163
70.7163
67.43
66.9644
66.9644
64.9422
64.7629
63.2889
63.2004
62.3143
62.3143
62.3143
61.9164
61.9164
61.9164
61.8259
61.1651
61.1517
61.0499
60.9297
60.8057
60.4646
60.4577
60.3949
60.3163
60.3227
60.3227
60.2501
60.2501
60.1487
59.9221
59.9196
59.8946
59.8729
59.8232
59.812
59.812
59.812
59.8098
59.8091
59.7983
59.7645
59.7644
59.7633
59.7633
59.7613
59.7613
59.7523
59.7523
59.7523
59.7392
59.7289
59.7289
59.7289
59.721
59.7183
59.7183
59.7141
59.7141
59.7126
59.7126
59.7113
59.7105
59.7084


1199.66
1155.59
1150.09
1108.44
1085.92
1075.33
1054.28
1002.32
985.745
929.963
899.662
912.557
912.557
907.512
892.749
884.834
874.064
874.064
858.476
838.445
823.055
823.055
793.081
793.081
783.64
783.414
769.87
769.87
769.829
769.829
765.638
757.676
756.424
751.218
750.072
749.616
748.319
746.831
746.263
746.056
745.169
744.777
740.661
737.37
735.079
733.035
732.914
732.535
732.535
732.535
732.072
731.926
731.917
731.853
731.853
731.822
731.736
731.614
731.391
731.345
731.341
731.341
731.341
731.338
731.337
731.17
731.14
723.165
723.135
723.131
721.407
707.785
705.912
705.909
700.484
699.975
699.975
699.973
697.199
697.199
694.695
694.693
694.693
694.62
684.396
684.396
683.246
683.246
673.895
673.894
672.997
672.335
672.335
672.19
672.19
672.104
671.407
671.406
670.881
669.785
669.631
669.705
669.373
669.17
669.031
669.031
668.969
668.89
668.89
668.838
668.838
668.785
668.78
668.724
668.716
666.578
658.051
657.735
657.085
655.942
655.87
656.883
656.511
656.033
656.033
656.033
655.468
655.146
655.146
654.719
654.628
654.612
654.612
654.248
654.21
654.21
653.945
653.945
653.921
653.288
653.288
653.252
653.233
653.221
653.206
653.189
653.153
653.149
653.095
653.08
653.077
653.028
653.013
652.944
652.943
652.939
652.923
652.897
652.897
652.891
652.886
652.883
652.88
652.869
652.869
652.861
652.607
649.864
649.863
648.44
647.834
649.546
648.192
648.192
648
648
647.998
647.582
647.215
647.215
647.153
647.153
646.997
645.655
645.362
644.909
644.908
644.908
644.859
644.859
644.784
644.783
644.775
644.77
644.759
644.734
644.678
644.626
644.443
644.443
644.435
644.438
644.436
644.426
644.426
644.424
644.424
644.424
644.421
644.417
644.417
644.416
644.416
644.415
644.415
644.415
642.973
642.535
642.535
642.535
642.535
659.46
637.758
637.758
637.758
637.758
637.758
637.758
637.758
636.706
631.915
631.488
631.033
630.621
630.621
630.621
630.147
629.405
628.785
627.507
627.454
626.761
626.693
626.597
626.597
626.524
626.431
626.304
626.245
626.245
626.245
626.253
626.205
626.205
626.205
626.202
626.178
625.392
620.062
620.062
617.527
620.991
614.904
613.875
612.688
612.687
612.686
612.165
612.023
611.735
611.606
611.538
611.014
611.014
610.972
610.869
610.745
610.745
610.665
610.665
610.653
610.653
610.632
610.632
610.591
610.58
610.566
610.566
610.566
610.565
610.564
610.559
610.552
610.551
610.549
610.549
610.548
610.546
610.533
610.212
610.212
610.207
610.203
610.203
610.199
610.199
610.193
591.263
441.838
440.271
440.27
423.762
423.762
423.762
412.181
402.279
399.485
365.161
365.161
365.161
365.161
365.054
357.138
351.619
351.619
349.301
346.397
346.397
345.258
343.481
342.847
344.663
342.957
342.927
341.458
339.487
339.487
339.487
339.369
339.175
339.175
339.004
338.796
337.439
337.309
337.309
337.169
337.013
212.611
212.482
212.172
268.334
213.022
212.909
212.873
212.758
212.758
212.053
212.01
211.941
211.925
212.114
212.114
212.084
211.457
211.411
211.396
211.396
211.378
211.334
211.305
211.254
211.247
211.243
211.225
211.22
211.205
211.205
211.204
211.202
211.199
211.193
211.185
211.173
211.168
211.16
211.148
211.148
211.137
211.135
211.128
211.128
211.128
211.128
211.128
211.122
211.121
211.121
211.118
211.118


1145.09
1145.09
1094.06
1094.06
1058.97
1004.36
1004.36
923.338
918.313
918.269
897.623
893.961
893.872
893.872
857.607
857.607
857.528
853.904
841.633
831.087
831.087
814.775
814.775
811.61
803.497
800.617
799.736
793.895
782.591
781.893
778.617
773.259
773.259
767.361
762.306
759.341
759.293
758.485
756.829
754.725
754.649
752.977
752.065
751.869
750.802
750.679
750.426
750.341
749.989
749.756
749.659
749.417
749.417
749.141
749.14
749.065
749.007
749.007
748.928
748.897
748.892
748.889
748.882
748.864
748.859
748.858
748.855
748.849
748.846
748.846
748.845
748.844
748.844
748.843
748.843
748.842
748.842
748.842
748.841
748.841
748.841
748.841
748.841
748.841
748.84
748.84
748.84
748.84
748.84
748.84
748.84
748.84
748.84
748.84
748.84
748.84
748.84
748.84
748.84
748.84
748.84
748.84
748.84
748.84
748.84
748.84
748.84
748.84
748.84
748.84
748.84
748.84
748.84
748.84
748.84
748.84
748.84
748.84
748.84
748.84
748.84
748.84
748.84
748.84
748.84
748.84
748.84
748.84
748.84
748.84
748.84
748.84
748.84
748.84
748.84
748.84
748.84
748.408
748.408
748.408
748.408
777.525
748.84
748.84
748.84
748.84
748.84
748.84
748.84
748.84
748.84
748.84
748.84
748.84
748.84
748.84
734.327
734.327
723.901
723.901
723.901
723.901
723.901
721.87
721.87
721.87
721.87
721.87
721.611
720.682
719.291
719.26
719.12
718.123
715.335
715.1
715.1
715.1
712.515
712.515
708.077
706.886
696.734
696.727
696.727
696.724
696.612
696.599
696.599
696.593
696.593
696.585
696.053
695.539
695.413
695.408
694.895
694.517
694.517
694.382
694.273
694.273
694.27
686.776
683.573
683.573
683.573
683.573
682.622
682.622
682.587
682.587
678.808
678.808
678.767
678.283
678.283
678.212
677.488
677.265
677.265
664.58
644.686
640.833
640.407
640.158
635.101
635.013
634.65
631.327
631.327
632.626
631.242
630.659
630.655
629.299
628.459
628.453
628.437
628.422
628.422
628.187
625.337
625.334
625.334
625.164
625.164
625.164
625.102
625.102
624.853
624.908
624.878
624.874
624.83
624.801
624.788
624.784
624.774
624.766
624.766
624.766
624.766
624.763
624.762
616.035
612.733
612.304
612.304
612.235
612.235
612.235
612.235
612.233
612.233
612.225
612.224
612.224
612.182
612.182
612.177
612.177
612.177
612.177
612.176
612.148
612.143
612.143
612.142
612.138
612.138
612.132
612.128
612.128
612.128
612.127
612.125
612.123
612.123
612.12
612.12
612.12
612.12
612.118
612.117
612.117
612.117
612.115
612.115
612.115
612.115
612.115
612.114
612.114
612.114
612.114
612.114
612.114
612.114
612.114
612.114
612.114
612.114
612.114
612.114
612.114
612.114
612.114
612.114
612.114
612.114
612.114
612.114
612.114
612.114
612.114
612.114
612.114
612.114
612.114
612.114
612.114
612.114
612.114
612.114
612.114
612.114
612.114
612.114
612.114
612.114
612.114
612.114
612.114
612.114
612.114
612.114
612.114
612.114
612.114
612.114
612.114
612.114
612.114
612.114
612.114
612.114
612.114
612.114
612.114
612.114
612.114
612.114
612.114
612.114
612.114
612.114
612.114
612.114
612.114
612.114
612.114
612.114
612.114
612.114
612.114
612.114
612.114
612.114
612.114
612.114
612.114
612.114
612.114
612.114
612.114
612.114
612.114
612.114
612.114


1127.27
1104.8
1104.8
1050.76
1021.3
993.157
979.638
974.74
941.253
941.253
941.082
936.918
936.918
933.712
920.332
911.878
911.531
894.181
883.307
860.308
858.228
855.905
855.905
849.729
849.729
844.877
844.689
844.67
844.67
776.935
776.623
774.432
764.577
760.972
760.972
758.41
751.146
751.146
749.014
710.028
710.028
703.156
696.754
696.43
695.784
691.348
690.592
686.2
679.443
679.335
678.496
656.844
655.234
653.278
653.247
653.09
649.527
649.526
647.891
647.883
647.316
541.62
516.733
516.706
498.754
498.754
477.359
471.457
471.324
467.549
453.126
441.711
441.072
424.2
424.2
423.906
423.906
421.709
420.171
414.349
345.006
353.055
336.585
327.15
325.562
325.025
324.275
323.321
278.529
278.209
277.102
295.234
289.424
281.65
257.987
208.029
208.029
206.856
206.856
203.954
203.952
196.641
195.148
172.63
158.446
148.34
132.882
132.865
105.028
92.2851
92.2696
92.2262
92.0277
91.9795
87.6321
87.5934
77.6892
77.6743
76.7117
76.7117
76.7063
70.9288
69.8091
69.794
62.1481
62.1368
62.0042
62.0007
61.4595
60.4654
58.88
58.707
58.3543
58.3405
57.2784
57.2784
56.3264
54.6179
49.8845
49.8835
49.88
49.8762
49.4436
48.0022
47.9987
46.8708
46.8708
46.8703
46.0915
45.599
45.5984
45.5981
44.6761
44.205
43.4045
43.4044
43.4043
43.404
43.404
43.0591
42.8107
42.7957
42.7957
42.601
42.4983
42.4982
42.4963
42.4935
42.2737
42.0709
41.7748
41.7748
41.7132
41.7131
41.6368
41.3854
41.2694
41.2694
41.2694
41.088
41.0468
41.0061
40.9672
40.9303
40.8614
40.8262
40.816
40.8151
40.8151
40.8149
40.7387
40.7387
40.709
40.709
40.6919
40.6833
40.6833
40.68
40.68
40.68
40.6757
40.6711
40.6549
40.6549
40.6494
40.6494
40.6494
40.6482
40.6481
40.6438
40.6416
40.6382
40.6382
40.6378
40.6363
40.6359
40.6359
40.6351
40.634
40.634
40.634
40.6332
40.6332
40.6326
40.6322
40.6322
40.6314
40.6314
40.6314
40.6312
40.6312
40.6311
40.631
40.6308
40.6308
40.6308
40.6308
40.6308
40.6307
40.6307
40.6306
40.6306
40.6304
40.6304
40.6304
40.6304
40.6304
40.6304
40.6304
40.6303
40.6303
40.6303
40.6303
40.6303
40.6303
40.6303
40.6303
40.6303
40.6303
40.6303
40.6302
40.6302
40.6302
40.6302
40.6302
40.6302
40.6302
40.6302
40.6302
40.6302
40.6302
40.6302
40.6302
40.6302
40.6302
40.6302
40.6302
40.6302
40.6302
40.6302
40.6302
40.6302
40.6302
40.6302
40.6302
40.6301
40.6301
40.6301
40.6301
40.6301
40.6301
40.6301
40.6301
40.6301
40.6301
40.6301
40.6301
40.6301
40.6301
40.6301
40.6301
40.6301
40.6301
40.6301
40.6301
40.6301
40.6301
40.6301
40.6301
40.6301
40.6301
40.6301
40.6301
40.6301
40.6301
40.6301
40.6301
40.6301
40.6301
40.6301
40.6301
40.6301
40.6301
40.6301
40.6301
40.6301
40.6301
40.6301
40.6301
40.6301
40.6301
40.6301
40.6301
40.6301
40.6301
40.6301
40.6301
40.6301
40.6301
40.6301
40.6301
40.6301
40.6301
40.6301
40.6301
40.6301
40.6301
40.6301
40.6301
40.6301
40.6301
40.6301
40.6301
40.6301
40.6301
40.6301
40.6301
40.6301
40.6301
40.6301
40.6301
40.6301
40.6301
40.6301
40.6301
40.6301
40.6301
40.6301
40.6301
40.6301
40.6301
40.6301
40.6301
40.6301
40.6301
40.6301
40.6301
40.6301
40.6301
40.6301
40.6301
40.6301
40.6301
40.6301
40.6301
40.6301
40.6301
40.6301
40.6301
40.6301
40.6301
40.6301
40.6301
40.6301
40.6301
40.6301
40.6301
40.6301
40.6301
40.6301


1051.67
955.254
955.254
955.254
955.059
906.258
905.981
899.226
879.206
869.446
865.254
852.678
842.139
808.866
800.785
793.314
775.522
775.451
760.507
756.255
742.384
739.024
729.003
721.354
707.937
707.937
702.999
702.999
698.46
695.624
686.315
686.312
686.312
685.982
684.036
674.079
667.482
663.487
660.715
660.715
660.699
660.125
657.53
657.53
657.072
656.59
656.063
655.889
655.34
654.72
653.841
653.289
652.76
652.706
652.407
652.234
652.016
651.93
651.86
651.808
651.73
651.145
649.946
648.303
648.302
648.234
648.234
647.972
647.921
647.911
647.908
647.878
647.82
647.759
638.47
638.417
634.807
634.712
634.652
634.469
634.469
634.238
633.721
633.721
633.707
633.685
633.674
633.658
633.649
633.628
633.625
633.624
633.62
633.589
633.582
633.582
633.574
633.566
633.564
633.562
633.558
633.557
633.556
633.554
633.553
633.553
633.553
633.553
633.552
633.552
633.552
633.552
633.552
633.552
633.552
633.552
633.552
633.552
633.552
633.552
633.552
633.552
633.552
633.551
633.551
622.03
621.874
621.874
621.865
621.835
621.827
621.815
621.801
621.786
621.756
621.729
621.708
620.791
620.791
620.754
620.754
620.747
620.739
620.739
620.725
620.709
620.684
620.679
620.679
620.678
620.676
620.673
620.672
620.672
620.669
620.669
620.667
620.665
620.664
620.664
620.664
620.663
620.663
620.663
620.663
620.663
620.663
620.663
620.663
620.663
620.663
620.663
620.663
620.663
620.663
620.663
620.663
620.663
620.663
620.663
620.663
620.663
620.663
620.663
620.663
620.663
620.663
620.663
620.663
620.663
620.663
620.663
620.663
620.663
620.663
620.663
620.663
620.663
604.399
604.399
604.399
603.117
603.117
603.117
603.117
603.117
603.117
600.324
588.578
587.338
587.338
587.379
587.178
585.01
585.01
585.01
585.01
585.01
585.01
585.01
585.01
585.01
585.01
569.497
569.497
569.497
569.497
569.497
569.497
569.497
569.497
569.497
569.497
569.497
569.497
569.497
569.497
569.497
569.497
569.497
569.497
569.497
569.497
569.497
569.497
569.497
569.497
569.497
569.497
569.497
569.497
569.497
569.497
569.497
569.497
569.497
569.497
569.497
569.497
569.497
569.497
569.497
569.497
569.497
569.497
569.497
569.497
569.497
569.497
569.497
569.497
658.098
600.447
600.447
600.447
600.447
600.447
600.447
600.447
600.447
600.447
600.447
575.938
575.938
539.863
512.724
512.724
512.724
512.724
498.629
493.914
493.914
492.345
491.493
491.493
489.277
489.277
487.577
485.383
484.153
483.489
483.146
483.146
482.383
478.142
476.559
474.697
474.419
473.915
473.915
472.697
473.606
472.201
471.457
471.107
470.779
470.587
470.408
470.316
470.282
470.225
469.94
469.649
468.443
467.909
467.566
467.27
467.133
467.133
466.82
466.026
466.167
466.167
466.113
465.022
462.574
461.92
459.192
447.466
435.111
435.111
431.593
417.02
404.691
404.066
400.913
400.913
398.919
397.909
397.909
394.955
395.008
394.058
391.258
391.258
391.258
391.258
391.083
385.201
385.201
385.201
385.683
383.763
383.207
383.207
381.563
381.563
378.768
378.768
378.368
378.368
378.371
378.01
377.881
377.36
377.161
377.108
377.073
376.168
375.855
375.363
375.407
373.486
373.486
372.891
371.483
370.057
368.832
368.76
368.017
368.017
368.113
367.83
367.733
367.173
366.632
366.148
365.031
364.328
364.191


1137.62
1115.44
1100.28
1056.23
1056.08
1056.08
1004.69
1004.14
997.079
956.538
956.538
956.428
941.462
924.429
904.653
891.825
891.708
891.708
890.217
875.137
875.137
874.902
866.279
842.96
842.96
842.624
841.367
839.022
838.939
838.784
821.278
782.26
782.26
782.054
781.319
779.769
778.804
775.317
775.312
771.724
754.386
753.967
709.864
709.66
709.66
709.66
709.334
709.334
707.686
703.458
701.083
697.498
697.48
694.396
693.434
686.293
685.615
683.935
683.896
683.735
683.702
682.292
681.905
681.75
681.597
679.199
676.061
676.061
650.975
645.506
645.506
644.538
644.159
643.172
643.172
642.289
642.242
642.175
641.608
641.258
640.809
640.691
640.335
640.335
640.13
569.361
505.167
505.16
470.826
460.838
460.838
450.717
447.738
446.337
438.366
425.495
422.342
419.999
419.999
416.801
413.737
408.876
408.709
402.753
400.86
400.857
395.697
390.012
388.672
388.523
385.595
385.595
385.595
384.586
383.713
381.334
381.273
380.269
379.169
379.169
378.282
378.282
377.811
377.639
377.264
377.188
377.188
376.783
376.783
376.776
376.776
375.878
375.84
375.84
375.748
375.748
375.605
375.537
375.278
375.138
375.138
375.127
375.125
375.108
375.057
375.057
375.015
374.841
374.841
374.816
374.809
374.796
374.796
374.793
374.77
367.615
366.859
366.814
366.801
366.766
366.762
366.755
366.755
366.749
366.739
366.733
366.733
366.726
366.725
366.706
366.649
366.645
366.636
366.635
366.633
366.631
366.631
366.626
366.626
366.625
366.622
366.62
366.619
366.619
366.617
366.617
366.616
366.616
366.615
366.615
366.615
366.615
366.615
366.614
366.614
366.614
366.614
366.614
366.613
252.362
252.362
252.362
252.362
247.307
247.307
247.307
225.973
225.973
209.755
209.755
209.755
184.057
184.057
168.958
162.527
159.227
157.222
143.779
143.779
143.779
143.294
136.297
129.58
123.385
112.03
112.03
112.03
112.03
111.867
111.014
111.014
103.849
95.3875
92.5298
92.5298
92.5298
92.4534
92.4534
90.5505
90.3167
88.7693
87.748
87.748
87.0375
86.7769
86.4237
85.5898
84.9936
84.2602
84.2602
84.227
83.6816
82.5054
82.2387
82.081
82.0225
81.4639
80.9372
80.9355
80.9196
80.7188
80.7094
80.3866
80.3863
80.217
79.8872
79.7884
79.743
79.738
79.6183
79.5546
79.5969
79.5961
79.4392
79.4382
79.4371
79.3877
79.3877
79.3828
79.3828
79.3608
79.3491
79.3385
79.325
79.3233
79.2851
79.2833
79.2737
79.2655
79.2655
79.2654
79.2627
79.2616
79.2589
79.2544
79.2511
79.2501
79.2448
79.2403
79.2395
79.237
79.2361
79.2354
79.2348
79.2346
79.2336
79.2333
79.2321
79.2319
79.2314
79.2306
79.23
79.2295
79.2288
79.2286
79.228
79.2277
79.2277
79.2277
79.2273
79.2273
79.2272
79.2271
79.227
79.2268
79.2268
79.2268
79.2266
79.2266
79.2265
79.2265
79.2264
79.2262
79.2262
79.2261
79.2261
79.2261
79.2261
79.2261
79.2261
79.226
79.226
79.226
79.226
79.2259
79.2259
79.2259
79.2259
79.2259
79.2259
79.2259
79.2259
79.2259
79.2259
79.2259
79.2259
79.2259
79.2259
79.2259
79.2259
79.2259
79.2259
79.2259
79.2259
79.2259
79.2259
79.2258
79.2258
79.2258
79.2258
79.2258
79.2258
79.2258
79.2258
79.2258
79.2258
79.2258
79.2258
79.2258
79.2258
79.2258
79.2258
79.2258
79.2258
79.2258
79.2258
79.2258
79.2258
79.2258
79.2258
79.2258
79.2258
79.2258
79.2258
79.2258
79.2258
79.2258
79.2258
79.2258
79.2258


1153.66
1122.36
1054.15
1018.04
1018.04
1003.47
914.143
914.143
910.452
895.046
863.335
892.517
876.909
875.712
862.089
823.211
823.211
816.191
808.963
808.587
796.393
788.897
788.667
779.209
779.209
775.95
761.362
758.029
748.739
742.811
742.811
742.676
734.261
734.205
727.721
725.553
725.078
725.04
724.868
693.616
684.51
679.031
676.68
675.623
675.623
675.461
672.619
651.321
651.179
638.063
578.363
578.363
537.783
537.783
533.613
510.598
502.963
481.034
481.034
478.413
451.439
434.947
430.525
430.467
419.568
411.449
411.434
410.156
408.288
408.275
394.089
395.352
392.764
392.764
388.629
388.474
383.354
383.354
381.952
381.862
380.983
379.163
368.612
368.612
368.588
368.482
368.482
367.554
365.542
365.542
365.542
362.419
362.419
362.13
362.13
362.13
361.865
361.837
361.283
361.013
361.013
361.063
360.26
360.26
360.18
360.18
360.146
360.02
359.978
359.937
359.821
359.745
359.745
359.673
359.673
359.639
359.639
359.597
359.565
359.562
359.51
359.507
359.505
359.485
359.459
359.45
359.449
359.405
359.405
359.402
359.402
359.396
359.396
359.39
359.389
359.389
359.372
359.363
359.363
359.362
359.359
359.352
359.352
359.35
359.346
359.346
359.342
359.341
359.34
359.34
359.34
359.338
359.337
359.337
359.336
359.335
359.335
330.81
330.81
330.505
330.49
330.488
330.488
330.487
330.487
330.054
330.054
330.009
330.008
330.004
329.975
329.955
329.948
329.948
329.933
329.93
329.928
329.928
329.921
329.917
329.917
329.912
329.894
329.894
329.893
329.892
329.889
329.888
329.887
329.887
329.887
329.887
329.886
329.885
329.885
329.885
329.885
329.885
329.885
329.885
329.885
329.884
329.884
329.884
329.884
329.884
329.884
329.884
329.884
329.884
329.884
329.884
329.884
329.884
329.884
329.884
329.884
329.884
329.884
329.884
329.884
329.884
329.884
329.884
329.884
329.884
329.884
329.884
329.884
329.884
329.884
329.884
329.884
329.884
329.884
329.884
329.884
329.884
329.884
329.884
329.884
329.884
329.884
329.884
329.884
329.884
329.884
329.884
329.884
329.884
329.884
329.884
329.884
329.884
329.884
329.884
329.884
329.884
329.884
329.884
329.884
329.884
329.884
329.884
329.884
329.884
329.884
329.884
329.884
329.884
329.884
329.884
329.884
329.884
329.884
329.884
329.884
329.884
329.884
329.884
329.884
329.884
329.884
329.884
329.884
329.884
329.884
329.884
329.884
329.884
329.884
329.884
329.884
329.884
329.884
329.884
329.884
329.884
329.884
329.884
329.884
329.884
329.884
329.884
329.884
329.884
329.884
329.884
329.884
329.884
329.884
329.884
329.884
329.884
329.884
329.884
329.884
329.884
329.884
329.884
329.884
329.884
329.884
329.884
329.884
329.884
329.884
329.884
329.884
329.884
329.884
329.884
329.884
329.884
329.884
329.884
329.884
329.884
329.884
329.884
329.884
329.884
329.884
329.884
329.884
329.884
329.884
329.884
329.884
329.884
329.884
329.884
329.884
329.884
329.884
329.884
329.884
329.884
329.884
329.884
329.884
329.884
329.884
329.884
329.884
308.579
308.579
308.579
288.546
288.546
288.546
287.444
287.444
287.444
287.444
287.444
287.444
287.444
287.444
287.444
287.444
287.444
287.444
190.234
116.001
116.001
115.208
107.961
104.547
104.547
102.252
90.3116
87.0809
86.3828
86.0779
83.0248
83.0248
81.3563
81.3563
80.3809


1167
1123.53
1109.81
1097.95
1070.92
1040.96
1040.96
1009.97
996.396
996.348
938.756
938.756
933.245
933.245
933.245
933.214
933.214
933.214
910.813
910.813
900.368
964.115
937.663
919.698
911.846
905.519
904.308
893.874
893.874
891.971
887.279
887.339
872.696
872.696
870.697
870.112
864.449
864.449
864.449
859.331
858.424
856.807
853.434
846.344
842.333
840.655
820.064
818.332
818.114
813.427
805.023
805.023
804.938
804.796
804.796
789.687
789.687
786.847
782.783
777.336
775.112
772.535
770.909
768.95
768.913
768.634
768.359
768.008
768.007
766.103
766.095
765.112
763.548
763.34
759.314
759.237
759.132
759.074
758.586
758.567
756.085
755.586
755.483
755.409
755.409
755.409
755.391
755.387
755.387
755.303
755.263
755.251
755.243
755.212
755.204
755.175
754.013
751.691
750.767
750.767
750.767
748.995
748.995
748.71
745.895
744.45
744.419
744.209
743.977
743.97
743.907
743.824
743.727
743.709
743.444
743.304
739.417
739.363
739.299
739.242
739.232
739.171
739.109
738.764
738.756
738.613
738.337
737.449
737.449
737.032
736.565
736.788
736.697
736.494
732.861
732.861
732.848
732.298
731.592
731.452
731.449
731.073
731.072
730.573
730.492
730.451
730.449
730.365
730.365
730.339
730.339
720.932
714.629
709.781
709.781
709.781
709.78
709.78
707.564
705.725
703.84
705.616
705.539
698.957
679.993
676.757
675.748
675.748
673.229
673.059
673.059
674.062
674.062
672.722
670.121
670.121
669.871
669.377
668.398
668.367
663.28
657.205
573.082
564.296
551.845
539.514
533.431
524.103
514.153
511.188
511.188
511.063
508.77
473.612
463.884
449.051
432.277
432.186
407.751
407.751
407.7
409.022
400.455
400.455
399.885
399.634
399.579
398.553
396.029
392.401
387.038
385.562
383.075
381.441
381.44
381.433
377.361
370.523
370.226
370.226
370.224
370.282
370.282
369.525
367.572
367.572
366.916
366.916
366.82
365.689
365.402
365.186
365.186
364.737
364.47
364.301
364.3
364.3
362.194
362.194
361.769
360.189
359.914
359.279
359.121
359.121
358.667
358.442
358.424
358.424
358.368
358.163
357.785
357.781
357.697
357.626
357.626
357.549
357.549
357.549
357.533
357.533
357.462
346.961
344.658
341.993
341.987
341.984
340.13
340.121
339.686
339.686
339.682
339.677
339.639
339.221
339.193
339.192
339.133
339.123
339.111
339.117
339.116
339.108
339.106
339.095
339.094
339.084
339.08
339.079
339.078
339.091
339.036
339.035
339.032
339.032
339.023
339.022
339.022
339.019
339.019
339.016
339.016
339.01
339.01
339.01
339.009
339.009
339.007
339.005
339.005
339.004
339.004
339.004
339.003
339.003
339.002
339.001
339.001
339.001
339.001
339.001
339.001
339.001
339
339
339
318.53
315.143
314.851
314.846
314.485
312.827
312.827
312.1
311.9
311.853
311.422
311.049
311.018
311.007
310.931
310.931
310.919
310.888
310.847
310.834
310.818
310.808
310.808
310.794
310.793
310.79
310.775
310.775
310.775
310.773
310.758
310.758
310.742
310.742
310.742
310.741
310.741
310.74
310.74
310.74
310.74
310.739
199.434
198.206
188.773
188.773
188.773
121.078
94.3074
94.3074
90.9479
90.9479
80.072
77.2651
76.7434
76.7434
75.451
74.5272
73.3399
71.0491
69.377
68.4888
68.4888
63.0392
59.0979
54.0453
54.0453
54.0453
53.2853
53.2853
53.0621
53.0621
52.6224


1137.3
1113.94
1094.1
1039.57
1039.57
1025.96
1025.96
1003.77
985.762
985.762
985.762
985.762
979.739
964.957
964.957
964.957
945.255
945.255
945.255
945.255
944.94
957.511
953.965
935.187
934.61
934.61
925.176
903.221
876.829
876.829
864.43
864.018
864.018
859.442
845.943
845.553
845.455
820.04
820.04
813.851
808.133
808.133
806.193
806.193
798.697
791.661
785.701
783.175
781.717
774.219
764.298
753.058
738.896
737.608
735.696
733.527
733.198
730.371
725.744
723.983
723.893
723.771
722.835
722.686
721.823
721.669
721.501
720.945
720.619
720.614
720.557
720.369
719.88
719.509
719.33
719.31
719.216
719.196
719.159
707.413
705.771
705.666
705.289
704.311
703.016
702.35
701.575
701.037
701.035
700.88
700.72
700.672
700.501
700.383
700.34
700.103
700.058
699.491
699.49
697.388
697.388
700.069
696.228
696.228
696.033
694.628
694.341
686.837
683.259
680.686
680.686
680.175
680.175
678.953
677.505
675.586
675.586
675.013
673.627
673.627
673.281
673.281
673.281
672.787
672.371
672.069
672.069
670.929
670.629
670.629
670.629
670.75
670.75
670.625
670.625
670.375
670.375
670.319
670.319
670.319
670.16
669.999
669.898
669.877
669.862
669.689
669.689
669.665
651.442
651.442
651.442
650.611
650.611
650.611
650.611
650.611
650.585
575.652
568.732
568.732
568.732
568.732
568.732
543.92
543.92
543.92
541.387
541.387
536.502
536.502
516.366
490.81
480.034
476.809
476.809
470.602
459.488
450.234
450.234
437.245
428.178
424.917
424.025
422.134
413.69
413.69
413.69
402.831
402.831
402.831
398.659
395.461
395.461
394.419
393.556
393.556
389.056
389.056
378.678
377.802
377.802
376.898
376.299
376.299
376.299
375.574
375.574
372.591
372.513
372.513
372.07
371.725
371.725
371.434
371.336
371.317
371.317
370.467
370.467
370.141
370.141
370.127
369.371
369.371
369.371
369.27
369.046
368.901
368.83
368.793
368.431
368.431
368.422
368.422
368.361
368.355
368.306
368.209
368.209
368.209
368.169
368.201
368.186
368.155
368.129
368.129
368.123
368.079
368.079
368.065
368.065
368.065
368.042
368.012
368.012
368.012
368.007
368.007
368.003
368.001
367.997
367.997
367.992
367.989
367.975
367.973
367.971
367.971
367.969
367.969
367.969
367.962
367.962
367.96
367.958
367.958
367.958
367.956
367.954
367.952
367.952
367.952
367.952
367.951
367.951
367.951
367.951
367.95
367.95
367.95
367.95
367.95
367.95
367.949
367.949
367.949
367.949
367.949
367.949
367.949
367.949
367.949
367.949
367.949
367.948
367.948
367.948
367.948
367.948
367.948
367.948
367.948
367.948
367.948
367.948
367.948
367.948
367.948
367.948
367.948
367.948
367.948
367.948
367.948
367.948
367.948
367.948
367.948
367.948
367.948
367.948
367.948
367.948
367.948
367.948
367.948
367.948
367.948
367.948
367.948
367.948
367.948
367.948
367.948
367.948
367.948
367.948
367.948
367.948
367.948
367.948
367.948
367.948
367.948
367.948
367.948
367.948
367.948
367.948
367.948
367.948
367.948
367.948
367.948
367.948
367.948
367.933
367.933
367.933
367.933
367.933
370.42
367.948
367.948
367.948
367.948
367.948
365.645
365.645
365.404
365.404
371.442
367.948
356.26
353.462
353.462
353.462
353.462
353.462
353.462
353.462
354.345
353.181
352.87
352.824
352.824
352.824
352.824
352.824
352.824


1134.35
1134.35
1089.69
1089.69
1078.35
1023.19
1023.19
994.098
994.098
993.835
957.588
1020.28
983.459
966.411
965.785
965.785
951.059
951.059
951.059
939.568
938.776
1009.1
947.882
946.634
912.144
910.847
869.41
864.572
855.639
855.248
854.336
880.118
863.18
860.666
860.666
859.984
853.679
853.679
853.679
839.893
839.736
839.699
839.699
834.159
832.253
820.959
818.007
814.351
814.351
814.351
806.617
801.041
801.041
794.65
794.65
790.748
790.125
789.147
788.322
787.95
787.739
787.739
786.453
785.744
785.497
775.395
775.311
738.928
738.675
738.675
738.6
738.6
738.492
738.472
738.447
738.382
738.339
738.339
719.581
711.694
711.694
712.493
705.852
696.75
668.429
668.084
617.138
617.106
587.924
571.393
559.411
561.898
544.089
544.063
515.05
515.05
515.039
493.3
493.3
493.097
492.245
467.111
462.447
461.604
455.655
455.65
455.647
451.641
444.858
444.523
444.523
441.237
441.235
440.073
438.727
438.726
438.441
438.441
435.783
433.835
433.118
432.573
431.195
431.055
429.811
429.811
428.553
428.553
428.553
428.553
428.553
427.586
427.074
427.074
427.074
426.707
426.289
426.289
426.289
425.841
425.827
425.709
425.709
425.633
425.633
425.537
425.184
425.184
425.184
425.097
425.097
425.041
425.041
424.69
424.69
424.667
424.599
424.599
424.511
424.477
424.476
424.453
424.43
424.387
424.334
424.334
424.322
424.322
424.322
424.294
424.294
424.279
424.274
424.26
424.249
424.246
424.213
424.213
424.213
424.194
424.194
424.193
424.178
424.178
424.176
424.176
424.176
424.17
424.165
424.165
424.164
424.163
424.163
424.162
424.161
424.161
422.343
422.342
422.341
422.305
422.268
422.268
421.659
421.659
421.527
419.623
419.623
419.622
419.622
419.588
419.588
420.063
419.528
419.528
419.256
419.141
419.141
419.141
419.141
418.964
418.964
418.875
418.8
418.689
418.689
418.689
418.689
418.652
418.652
418.648
418.641
416.835
416.835
414.936
414.935
414.935
414.662
414.662
414.662
414.575
414.575
414.575
414.575
414.563
414.414
414.371
414.371
414.255
414.242
414.242
414.201
414.147
414.118
414.118
414.096
414.096
414.089
414.089
414.087
414.073
414.073
414.071
414.07
414.065
414.065
414.065
414.054
414.043
414.041
414.033
414.032
414.034
414.03
414.029
414.029
414.029
414.029
414.029
414.029
414.029
414.029
414.028
414.028
414.028
414.028
414.028
414.028
414.028
414.027
414.027
414.027
414.027
414.027
414.027
414.027
414.027
414.027
414.027
414.027
414.027
414.027
414.027
414.027
414.027
414.027
414.027
414.027
414.027
414.027
414.027
414.027
414.027
414.027
414.027
414.027
414.027
414.027
414.027
414.027
414.027
414.027
414.027
414.027
414.027
414.027
414.027
414.027
414.027
414.027
414.027
414.027
414.027
414.027
414.027
414.027
414.027
414.027
414.027
414.027
414.027
414.027
414.027
414.027
414.027
414.027
414.027
414.027
414.027
414.027
414.027
414.027
414.027
414.027
414.027
414.027
414.027
414.027
414.027
414.027
414.027
414.027
414.027
414.027
414.027
414.027
414.027
414.027
414.027
414.027
414.027
414.027
414.027
414.027
414.027
414.027
414.027
414.027
414.027
414.027
414.027
414.027
414.027
414.027
414.027
414.027
414.027
414.027
414.027
414.027
414.027
414.027
414.027
414.027
414.027
414.027
414.027
414.027
414.027
414.027
414.027


1159.76
1130.44
1090.59
1062.27
1045.74
1045.74
1045.65
1042.93
1042.93
1012.18
996.649
1030.45
1030.45
1008.46
998.668
990.452
990.452
965.054
926.942
925.646
863.363
928.191
925.999
912.36
912.36
909.392
882.382
853.53
853.53
851.297
851.297
828.945
828.137
827.796
810.454
806.413
806.096
805.524
804.771
803.936
792.003
790.958
790.958
790.748
788.539
788.351
787.097
786.791
780.602
780.581
780.471
776.152
771.255
770.847
770.776
769.201
769.201
747.675
747.336
746.983
745.815
745.039
745.039
743.514
738.441
738.333
736.103
735.232
735.108
735.108
735.059
734.831
732.377
732.377
732.23
732.176
731.603
730.636
730.631
730.557
730.15
729.529
729.481
729.463
718.031
718.031
717.893
717.89
715.995
715.994
714.545
713.168
713.168
713.021
712.912
712.418
712.392
712.251
711.654
711.369
710.994
710.629
710.629
710.526
710.287
709.974
709.95
709.95
709.95
709.928
709.928
709.878
709.878
709.878
709.873
709.86
709.86
709.838
709.838
709.838
709.837
709.836
709.835
709.833
709.833
709.832
709.832
709.831
709.831
709.83
709.827
709.827
709.827
709.827
709.827
709.827
709.827
709.826
709.826
709.826
709.826
709.826
709.826
709.826
709.826
709.826
709.826
709.826
709.826
709.826
709.826
709.826
709.826
709.826
709.826
709.826
709.826
709.826
709.826
709.826
709.826
709.826
709.826
709.826
709.826
709.826
709.826
709.826
709.826
709.826
709.826
709.826
709.826
709.826
709.826
709.826
709.826
709.826
709.826
709.826
709.826
709.826
709.826
709.826
709.826
709.826
709.826
709.826
709.826
709.826
709.826
709.826
709.826
709.826
709.826
709.826
709.826
709.826
709.826
709.826
709.826
709.826
709.826
709.826
709.826
709.826
709.826
709.826
709.826
709.826
709.826
709.826
709.826
709.826
709.826
709.826
709.826
709.826
709.826
709.826
709.826
709.826
709.826
709.826
709.826
709.826
709.826
709.826
709.826
709.826
709.826
709.826
709.826
709.826
709.826
709.826
709.826
709.826
709.826
709.826
709.826
709.826
709.826
709.826
709.826
709.826
709.826
709.826
709.826
709.826
709.826
709.826
709.826
709.826
709.826
709.826
709.826
709.826
709.826
709.826
709.826
709.826
709.826
709.826
709.826
709.826
709.826
709.826
709.826
709.826
709.826
709.826
709.826
709.826
709.826
709.826
709.826
709.826
709.826
709.826
709.826
709.826
709.826
709.826
709.826
709.826
709.826
709.826
709.826
709.826
709.826
709.826
709.826
709.826
709.826
709.826
709.826
709.826
709.826
709.826
709.826
709.826
709.826
709.826
709.826
709.826
709.826
709.826
709.826
709.826
709.826
709.826
709.826
709.826
709.826
709.826
709.826
709.826
709.826
709.826
709.826
709.826
709.826
709.826
709.826
709.826
709.826
709.826
709.826
709.826
709.826
709.826
709.826
709.826
709.826
709.826
709.826
709.826
709.826
709.826
709.826
709.826
709.826
709.826
709.826
709.826
709.826
709.826
709.826
709.826
709.826
709.826
709.826
709.826
709.826
709.826
709.826
709.826
709.826
709.826
709.826
709.826
709.826
709.826
709.826
709.826
709.826
709.826
709.826
709.826
709.826
709.826
709.826
709.826
709.826
709.826
709.826
709.826
709.826
709.826
709.826
709.826
709.826
709.826
709.826
709.826
709.826
709.826
709.826
709.826
709.826
709.826
709.826
709.826
709.826
709.826
709.826
709.826
709.826
709.826


