0.0596036
0.0596036
0.0632067
0.0632067
0.0658387
0.0675434
0.0685892
0.0719845
0.0723014
0.0734976
0.0771714
0.0802323
0.0808834
0.0815264
0.0817233
0.0830008
0.0843135
0.088852
0.092094
0.0929266
0.0965514
0.100892
0.108265
0.109785
0.118272
0.120006
0.123761
0.14598
0.178176
0.183663
0.187709
0.209201
0.226581
0.226581
0.240408
0.249883
0.283103
0.286222
0.303188
0.332329
0.35569
0.367237
0.387637
0.387637
0.429824
0.436814
0.475035
0.491095
0.491095
0.51389
0.52724
0.533939
0.6119
0.62629
0.639899
0.667954
0.702841
0.742669
0.762734
0.762734
0.767721
0.797037
0.833555
0.854339
0.863779
0.877779
0.904927
0.904927
0.920082
0.920082
0.934652
0.938592
0.949795
0.953883
0.957787
0.964145
0.969027
0.975041
0.977305
0.981225
0.981225
0.983412
0.985943
0.985943
0.987062
0.989011
0.990682
0.990682
0.991301
0.992578
0.994009
0.994535
0.994542
0.995637
0.995704
0.996305
0.996528
0.997104
0.997471
0.9979
0.9979
0.998729
0.998964
0.998966
0.999092
0.999148
0.999184
0.999356
0.999456
0.999491
0.99952
0.999649
0.999661
0.999661
0.999734
0.999738
0.999755
0.999816
0.99985
0.999853
0.999871
0.99986
0.99988
0.999918
0.999918
0.999925
0.999926
0.999927
0.999942
0.999943
0.999946
0.999958
0.999967
0.999967
0.999967
0.999968
0.999969
0.999981
0.999986
0.999987
0.999989
0.999989
0.99999
0.999991
0.999994
0.999994
0.999994
0.999995
0.999996
0.999996
0.999996
0.999998
0.999998
0.999998
0.999999
0.999999
0.999999
0.999999
0.999999
0.999999
0.999999
0.999999
0.999999
0.999999
0.999999
0.999999
1
1
1
1
1
1
1
1
1
1
1
1
1
1
1
1
1
1
1
1
1
1
1
1
1
1
1
1
1
1
1
1
1
1
1
1
1
1
1
1
1
1
1
1
1
1
1
1
1
1
1
1
1
1
1
1
1
1
1
1
1
1
1
1
1
1
1
1
1
1
1
1
1
1
1
1
1
1
1
1
1
1
1
1
1
1
1
1
1
1
1
1
1
1
1
1
1
1
1
1
1
1
1
1
1
1
1
1
1
1
1
1
1
1
1
1
1
1
1
1
1
1
1
1
1
1
1
1
1
1
1
1
1
1
1
1
1
1
1
1
1
1
1
1
1
1
1
1
1
1
1
1
1
1
1
1
1
1
1
1
1
1
1
1
1
1
1
1
1
1
1
1
1
1
1
1
1
1
1
1
1
1
1
1
1
1
1
1
1
1
1
1
1
1
1
1
1
1
1
1
1
1
1
1
1
1
1
1
1
1
1
1
1
1
1
1
1
1
1
1
1
1
1
1
1
1
1
1
1
1
1
1
1
1


0.0129632
0.0146897
0.0152595
0.0157729
0.0167998
0.0172153
0.0180234
0.0182821
0.0182821
0.0185751
0.0187709
0.0187202
0.0192172
0.0193528
0.0193528
0.0195268
0.0205696
0.0205696
0.0208516
0.0213956
0.021695
0.0221602
0.0223615
0.0234381
0.0239705
0.0244859
0.0250459
0.0261681
0.0271512
0.0275551
0.0283703
0.0300881
0.0325417
0.0327934
0.0328088
0.0328088
0.0355805
0.0359826
0.0359826
0.0378274
0.0402708
0.0428344
0.0431212
0.0447033
0.0485756
0.0508161
0.0518271
0.0518271
0.0555713
0.0572243
0.0613275
0.0706281
0.0773037
0.0819837
0.0831297
0.0964508
0.107863
0.110899
0.111841
0.116804
0.120355
0.13427
0.136861
0.136861
0.138752
0.156527
0.157846
0.159733
0.16265
0.165608
0.176539
0.168089
0.182981
0.184034
0.188901
0.190532
0.196896
0.197661
0.199571
0.203778
0.205575
0.223947
0.224213
0.224431
0.224867
0.227163
0.228453
0.228782
0.231104
0.232337
0.234069
0.234308
0.235853
0.236062
0.236062
0.236839
0.236839
0.237393
0.240687
0.241853
0.24189
0.239918
0.240937
0.242975
0.242975
0.243518
0.243553
0.244548
0.244607
0.245369
0.245678
0.24609
0.246572
0.24687
0.246877
0.247781
0.247808
0.247833
0.247833
0.247868
0.248427
0.248434
0.248435
0.2485
0.248562
0.248633
0.248666
0.248746
0.248758
0.24882
0.248923
0.248925
0.248965
0.248969
0.248979
0.249005
0.249005
0.249023
0.249072
0.249072
0.249091
0.249098
0.249132
0.249153
0.249153
0.249178
0.249195
0.249195
0.249195
0.2492
0.2492
0.249226
0.249227
0.249233
0.249239
0.249239
0.249239
0.249239
0.249239
0.249252
0.249253
0.24925
0.249253
0.249262
0.249262
0.249262
0.249262
0.249263
0.249265
0.249266
0.249266
0.249267
0.249267
0.249269
0.249269
0.249269
0.24927
0.24927
0.24927
0.24927
0.249271
0.249271
0.249271
0.249272
0.249272
0.249272
0.249272
0.249272
0.249273
0.249273
0.249273
0.249273
0.249273
0.249273
0.249273
0.249274
0.249274
0.249274
0.249274
0.249274
0.249274
0.249274
0.249274
0.249274
0.249274
0.249274
0.249274
0.249274
0.249274
0.249274
0.249274
0.249274
0.249274
0.249274
0.249274
0.249274
0.249274
0.249274
0.249274
0.249274
0.249274
0.249274
0.249274
0.249274
0.249274
0.249274
0.249274
0.249274
0.249274
0.249274
0.249274
0.249274
0.249274
0.249274
0.249274
0.249274
0.249274
0.249274
0.249274
0.249274
0.249274
0.249274
0.249274
0.249274
0.249274
0.249274
0.249274
0.249274
0.249274
0.249274
0.249274
0.249274
0.249274
0.249274
0.249274
0.249274
0.249274
0.249274
0.249274
0.249274
0.249274
0.249274
0.249274
0.249274
0.249274
0.249274
0.249274
0.249274
0.249274
0.249274
0.249274
0.249274
0.249274
0.249274
0.249274
0.249274
0.249274
0.249274
0.249274
0.249274
0.249274
0.249274
0.249274
0.249274
0.249274
0.249274
0.249274
0.249274
0.249274
0.249274
0.249274
0.249274
0.249274
0.249274
0.249274
0.249274
0.249274
0.249274
0.249274
0.249274
0.249274
0.249274
0.249274
0.249274
0.249274
0.249274
0.249274
0.249274
0.249274
0.249274
0.249274
0.249274
0.249274
0.249274
0.249274
0.249274
0.249274
0.249274
0.249274
0.249274
0.249274
0.249274
0.249274
0.249274
0.249274
0.249274
0.249274
0.249274
0.249274
0.249274
0.249274
0.249274
0.249274
0.249274
0.249274
0.249274
0.249274
0.249274
0.249274
0.249274
0.249274
0.249274
0.249274
0.249274
0.249274
0.249274
0.249274
0.249274
0.249274
0.249274
0.249274
0.249274
0.249274
0.249274
0.249274
0.249274
0.249274
0.249274
0.249274
0.249274
0.249274
0.249274
0.249274
0.249274
0.249274
0.249274
0.249274
0.249274
0.249274
0.249274
0.249274
0.249274
0.249274
0.249274
0.249274
0.249274
0.249274
0.249274
0.249274
0.249274
0.249274
0.249274
0.249274
0.249274
0.249274
0.249274
0.249274
0.249274
0.249274
0.249274
0.249274
0.249274
0.249274
0.249274
0.249274
0.249274
0.249274
0.249274
0.249274
0.249274
0.249274
0.249274
0.249274
0.249274
0.249274
0.249274
0.249274
0.249274
0.249274
0.249274
0.249274
0.249274
0.249274
0.249274
0.249274
0.249274
0.249274
0.249274
0.249274
0.249274
0.249274
0.249274
0.249274
0.249274
0.249274
0.249274
0.249274
0.249274
0.249274
0.249274
0.249274
0.249274
0.249274
0.249274
0.249274
0.249274
0.249274
0.249274
0.249274
0.249274


0.0270581
0.0306555
0.0310825
0.0326868
0.0344975
0.0351066
0.0359435
0.036554
0.0370696
0.0380831
0.0390786
0.0396159
0.0413954
0.0445949
0.0447968
0.0450616
0.0455779
0.0456464
0.0484877
0.04855
0.04855
0.0504441
0.0504441
0.0508864
0.0515414
0.0549351
0.0569171
0.0581306
0.0585484
0.0606319
0.0633308
0.0641251
0.0676141
0.0800749
0.08159
0.0817119
0.0986654
0.109868
0.117358
0.129853
0.144933
0.150613
0.156535
0.156714
0.176573
0.179335
0.199566
0.229871
0.237824
0.237824
0.258027
0.267015
0.277645
0.293461
0.337759
0.380349
0.395958
0.395958
0.400186
0.406046
0.409318
0.414602
0.423543
0.426777
0.447393
0.447393
0.460209
0.484139
0.485311
0.51839
0.581502
0.584299
0.585566
0.589885
0.617008
0.622791
0.62814
0.649196
0.663537
0.665621
0.674197
0.687171
0.688546
0.688546
0.689873
0.69377
0.700465
0.706273
0.707072
0.707072
0.712412
0.719259
0.72168
0.722363
0.722363
0.723108
0.728646
0.728646
0.731227
0.73304
0.733181
0.735341
0.736776
0.739312
0.739312
0.739312
0.740215
0.74297
0.746561
0.748997
0.749003
0.750472
0.750472
0.750523
0.751964
0.752903
0.752903
0.752903
0.753684
0.753684
0.753686
0.754651
0.754693
0.755102
0.755393
0.755537
0.755568
0.755695
0.755841
0.756083
0.756091
0.756227
0.756248
0.756366
0.756485
0.756679
0.756749
0.756751
0.756761
0.756847
0.756856
0.756844
0.756873
0.75695
0.756954
0.756988
0.756992
0.757031
0.757155
0.757156
0.757164
0.757163
0.757187
0.757191
0.757229
0.757229
0.757254
0.757254
0.757254
0.757268
0.757272
0.757281
0.757304
0.757309
0.75731
0.757326
0.757331
0.757331
0.757337
0.75734
0.75735
0.757357
0.757358
0.757359
0.757363
0.757363
0.757363
0.757366
0.757366
0.757366
0.757366
0.75737
0.757371
0.757372
0.757373
0.757375
0.757375
0.757377
0.757377
0.757378
0.757378
0.757379
0.757379
0.757379
0.75738
0.75738
0.75738
0.757381
0.757381
0.757381
0.757382
0.757382
0.757383
0.757383
0.757383
0.757383
0.757383
0.757383
0.757383
0.757383
0.757383
0.757383
0.757383
0.757383
0.757383
0.757384
0.757384
0.757384
0.757384
0.757384
0.757384
0.757384
0.757384
0.757384
0.757384
0.757384
0.757384
0.757384
0.757384
0.757384
0.757384
0.757384
0.757384
0.757384
0.757384
0.757384
0.757384
0.757384
0.757384
0.757384
0.757384
0.757384
0.757384
0.757384
0.757384
0.757384
0.757384
0.757384
0.757384
0.757384
0.757384
0.757384
0.757384
0.757384
0.757384
0.757384
0.757384
0.757384
0.757384
0.757384
0.757384
0.757384
0.757384
0.757384
0.757384
0.757384
0.757384
0.757384
0.757384
0.757384
0.757384
0.757384
0.757384
0.757384
0.757384
0.757384
0.757384
0.757384
0.757384
0.757384
0.757384
0.757384
0.757384
0.757384
0.757384
0.757384
0.757384
0.757384
0.757384
0.757384
0.757384
0.757384
0.757384
0.757384
0.757384
0.757384
0.757384
0.757384
0.757384
0.757384
0.757384
0.757384
0.757384
0.757384
0.757384
0.757384
0.757384
0.757384
0.757384
0.757384
0.757384
0.757384
0.757384
0.757384
0.757384
0.757384
0.757384
0.757384
0.757384
0.757384
0.757384
0.757384
0.757384
0.757384
0.757384
0.757384
0.757384
0.757384
0.757384
0.757384
0.757384
0.757384
0.757384
0.757384
0.757384
0.757384
0.757384
0.757384
0.757384
0.757384
0.757384
0.757384
0.757384
0.757384
0.757384
0.757384
0.757384
0.757384
0.757384
0.757384
0.757384
0.757384
0.757384
0.757384
0.757384
0.757384
0.757384
0.757384
0.757384
0.757384
0.757384
0.757384
0.757384
0.757384
0.757384
0.757384
0.757384
0.757384
0.757384
0.757384
0.757384
0.757384
0.757384
0.757384
0.757384
0.757384
0.757384
0.757384
0.757384
0.757384
0.757384
0.757384
0.757384
0.757384
0.757384
0.757384
0.757384
0.757384
0.757384
0.757384
0.757384
0.757384
0.757384
0.757384
0.757384
0.757384
0.757384
0.757384
0.757384
0.757384
0.757384
0.757384
0.757384
0.757384
0.757384
0.757384
0.757384
0.757384
0.757384
0.757384
0.757384
0.757384
0.757384
0.757384
0.757384
0.757384
0.757384
0.757384
0.757384
0.757384
0.757384
0.757384
0.757384
0.757384
0.757384
0.757384
0.757384
0.757384
0.757384
0.757384
0.757384
0.757384
0.757384
0.757384
0.757384
0.757384
0.757384
0.757384
0.757384
0.757384
0.757384
0.757384
0.757384
0.757384
0.757384
0.757384
0.757384
0.757384
0.757384
0.757384
0.757384
0.757384
0.757384
0.757384
0.757384
0.757384
0.757384
0.757384
0.757384
0.757384
0.757384
0.757384
0.757384
0.757384
0.757384
0.757384
0.757384
0.757384
0.757384
0.757384
0.757384
0.757384
0.757384
0.757384
0.757384
0.757384
0.757384
0.757384
0.757384
0.757384


0.0178767
0.0189755
0.0201215
0.0204351
0.0208888
0.0214238
0.0229764
0.0238358
0.0238358
0.0240983
0.02431
0.0243449
0.0246959
0.0260479
0.0266797
0.0272372
0.0284788
0.0285756
0.0292847
0.0294107
0.0301546
0.0312171
0.0321622
0.0329565
0.0332494
0.0337176
0.0337176
0.034319
0.03575
0.0369879
0.0383136
0.0393462
0.0393462
0.0406397
0.0422123
0.045299
0.0463949
0.0470767
0.0484046
0.0496688
0.0522961
0.0546146
0.0579113
0.0609552
0.0610657
0.0611387
0.0621913
0.0634171
0.0672272
0.0685659
0.0723533
0.0781716
0.0901659
0.0901659
0.0904379
0.118338
0.120413
0.124226
0.139289
0.139289
0.147624
0.152119
0.153318
0.153318
0.199029
0.200566
0.202465
0.229616
0.263848
0.267796
0.269435
0.271777
0.282751
0.300623
0.313601
0.318898
0.324408
0.336191
0.365468
0.365468
0.378476
0.390552
0.400112
0.408991
0.418906
0.420302
0.44914
0.453114
0.453114
0.484143
0.506509
0.508316
0.508316
0.569537
0.569537
0.569537
0.587449
0.587449
0.596494
0.603712
0.605013
0.603138
0.608407
0.620431
0.627641
0.627641
0.632831
0.643374
0.649796
0.664859
0.673629
0.672724
0.679898
0.681552
0.681552
0.689233
0.69195
0.695993
0.700157
0.701114
0.701256
0.699175
0.702074
0.704122
0.704893
0.705695
0.71154
0.711877
0.712754
0.713452
0.713452
0.713159
0.718128
0.718167
0.718308
0.721576
0.721576
0.722889
0.722973
0.724877
0.725381
0.725737
0.725737
0.726493
0.727413
0.728141
0.729434
0.729772
0.729772
0.730001
0.730316
0.731094
0.731932
0.731932
0.732366
0.732707
0.732707
0.732781
0.732918
0.732937
0.733138
0.733164
0.733553
0.733669
0.733948
0.734003
0.734172
0.73437
0.734375
0.73446
0.734498
0.734546
0.734651
0.73473
0.734754
0.734754
0.734785
0.734843
0.734879
0.734879
0.7349
0.734921
0.734972
0.734972
0.735007
0.735039
0.735058
0.735059
0.735081
0.735104
0.735104
0.73512
0.735134
0.73514
0.735177
0.735194
0.7352
0.7352
0.735205
0.73522
0.735226
0.735228
0.73524
0.735253
0.735259
0.735266
0.735272
0.735276
0.735277
0.735284
0.735291
0.735298
0.7353
0.735301
0.735301
0.735301
0.735304
0.735304
0.735305
0.735308
0.735311
0.735314
0.735315
0.73532
0.73532
0.735321
0.735321
0.735324
0.735325
0.735327
0.735327
0.735327
0.735329
0.735331
0.735331
0.735332
0.735332
0.735332
0.735332
0.735333
0.735334
0.735334
0.735335
0.735335
0.735335
0.735336
0.735336
0.735337
0.735337
0.735337
0.735337
0.735338
0.735338
0.735338
0.735338
0.735338
0.735338
0.735338
0.735338
0.735338
0.735339
0.735338
0.735339
0.735339
0.735339
0.735339
0.735339
0.735339
0.73534
0.73534
0.73534
0.735339
0.73534
0.73534
0.73534
0.73534
0.73534
0.73534
0.73534
0.73534
0.73534
0.73534
0.73534
0.73534
0.73534
0.73534
0.73534
0.73534
0.73534
0.73534
0.73534
0.73534
0.73534
0.73534
0.73534
0.73534
0.73534
0.73534
0.73534
0.73534
0.73534
0.73534
0.73534
0.73534
0.73534
0.73534
0.73534
0.73534
0.73534
0.73534
0.73534
0.73534
0.73534
0.73534
0.73534
0.73534
0.73534
0.73534
0.73534
0.73534
0.73534
0.73534
0.73534
0.73534
0.73534
0.73534
0.73534
0.73534
0.73534
0.73534
0.73534
0.73534
0.73534
0.73534
0.73534
0.73534
0.73534
0.73534
0.73534
0.73534
0.73534
0.73534
0.73534
0.73534
0.73534
0.73534
0.73534
0.73534
0.73534
0.73534
0.73534
0.73534
0.73534
0.73534
0.73534
0.73534
0.73534
0.73534
0.73534
0.73534
0.73534
0.73534
0.73534
0.73534
0.73534
0.73534
0.73534
0.73534
0.73534
0.73534
0.73534
0.73534
0.73534
0.73534
0.73534
0.73534
0.73534
0.73534
0.73534
0.73534
0.73534
0.73534
0.73534
0.73534
0.73534
0.73534
0.73534
0.73534
0.73534
0.73534
0.73534
0.73534
0.73534
0.73534
0.73534
0.73534
0.73534
0.73534
0.73534
0.73534
0.73534
0.73534
0.73534
0.73534
0.73534
0.73534
0.73534
0.73534
0.73534
0.73534
0.73534
0.73534
0.73534
0.73534
0.73534
0.73534
0.73534
0.73534
0.73534
0.73534
0.73534
0.73534
0.73534
0.73534
0.73534
0.73534
0.73534
0.73534
0.73534
0.73534
0.73534
0.73534
0.73534
0.73534
0.73534
0.73534
0.73534
0.73534
0.73534
0.73534
0.73534
0.73534
0.73534
0.73534
0.73534
0.73534
0.73534
0.73534
0.73534
0.73534
0.73534
0.73534
0.73534
0.73534
0.73534
0.73534
0.73534
0.73534
0.73534
0.73534
0.73534
0.73534
0.73534
0.73534
0.73534
0.73534
0.73534
0.73534
0.73534
0.73534
0.73534
0.73534
0.73534
0.73534
0.73534
0.73534
0.73534
0.73534
0.73534
0.73534
0.73534
0.73534
0.73534
0.73534
0.73534
0.73534
0.73534
0.73534
0.73534
0.73534
0.73534
0.73534
0.73534
0.73534
0.73534
0.73534
0.73534
0.73534
0.73534
0.73534
0.73534
0.73534
0.73534
0.73534
0.73534
0.73534
0.73534
0.73534
0.73534
0.73534
0.73534
0.73534
0.73534
0.73534
0.73534
0.73534
0.73534
0.73534
0.73534
0.73534


0.0203191
0.0207285
0.0215047
0.0224414
0.0228844
0.0244445
0.0245487
0.0247258
0.0260145
0.0261774
0.0269039
0.0269229
0.0272037
0.0277481
0.0278821
0.028313
0.0294116
0.0297841
0.0301526
0.0301526
0.0302627
0.0306417
0.0308672
0.0311819
0.0311819
0.0317199
0.0318645
0.0322523
0.0328835
0.0332967
0.0350318
0.0351613
0.03896
0.03896
0.03896
0.0405218
0.0410053
0.041908
0.0421229
0.0426409
0.0438938
0.0465524
0.0503864
0.0503864
0.0556017
0.0567309
0.0572724
0.0608068
0.0620117
0.0663125
0.0663125
0.0697085
0.075982
0.076534
0.0822938
0.0839675
0.0903035
0.0908979
0.0921094
0.0963968
0.104263
0.109333
0.112134
0.115693
0.123867
0.127823
0.131851
0.137592
0.138015
0.146052
0.149908
0.150321
0.15115
0.163173
0.167224
0.167224
0.167288
0.170034
0.173244
0.173244
0.183304
0.182044
0.183916
0.189228
0.190348
0.190348
0.192948
0.192948
0.19553
0.198354
0.198354
0.198475
0.200478
0.205538
0.205582
0.206049
0.209772
0.210458
0.212027
0.213763
0.214298
0.214457
0.2148
0.214902
0.215186
0.215808
0.21758
0.218561
0.218923
0.219463
0.21984
0.221833
0.222235
0.222538
0.223043
0.223332
0.223671
0.224199
0.224845
0.225146
0.225408
0.225845
0.226313
0.226313
0.227423
0.227703
0.227821
0.22793
0.228442
0.22893
0.22893
0.228872
0.228872
0.229175
0.229272
0.229359
0.229657
0.229795
0.229941
0.22996
0.229973
0.230124
0.230189
0.2302
0.230238
0.230238
0.23025
0.23026
0.230324
0.230328
0.230347
0.230404
0.230408
0.230426
0.230426
0.230443
0.230477
0.230485
0.230485
0.230496
0.230505
0.23052
0.230554
0.230555
0.230559
0.230562
0.230585
0.230587
0.230589
0.230592
0.230607
0.230607
0.230607
0.230615
0.230625
0.230626
0.230635
0.230636
0.230639
0.230645
0.230645
0.23065
0.230652
0.230655
0.230659
0.230659
0.230659
0.230663
0.23067
0.23067
0.230675
0.230675
0.230675
0.230675
0.230679
0.230679
0.23068
0.23068
0.230681
0.230681
0.230681
0.230682
0.230683
0.230683
0.230683
0.230683
0.230684
0.230684
0.230684
0.230684
0.230684
0.230685
0.230685
0.230685
0.230685
0.230685
0.230686
0.230686
0.230686
0.230687
0.230687
0.230687
0.230687
0.230687
0.230687
0.230687
0.230687
0.230687
0.230688
0.230688
0.230688
0.230688
0.230688
0.230688
0.230688
0.230688
0.230688
0.230688
0.230688
0.230688
0.230688
0.230688
0.230688
0.230688
0.230688
0.230688
0.230688
0.230688
0.230688
0.230688
0.230688
0.230688
0.230688
0.230688
0.230688
0.230688
0.230688
0.230688
0.230688
0.230689
0.230689
0.230689
0.230689
0.230689
0.230689
0.230689
0.230689
0.230689
0.230689
0.230689
0.230689
0.230689
0.230689
0.230689
0.230689
0.230689
0.230689
0.230689
0.230689
0.230689
0.230689
0.230689
0.230689
0.230689
0.230689
0.230689
0.230689
0.230689
0.230689
0.230689
0.230689
0.230689
0.230689
0.230689
0.230689
0.230689
0.230689
0.230689
0.230689
0.230689
0.230689
0.230689
0.230689
0.230689
0.230689
0.230689
0.230689
0.230689
0.230689
0.230689
0.230689
0.230689
0.230689
0.230689
0.230689
0.230689
0.230689
0.230689
0.230689
0.230689
0.230689
0.230689
0.230689
0.230689
0.230689
0.230689
0.230689
0.230689
0.230689
0.230689
0.230689
0.230689
0.230689
0.230689
0.230689
0.230689
0.230689
0.230689
0.230689
0.230689
0.230689
0.230689
0.230689
0.230689
0.230689
0.230689
0.230689
0.230689
0.230689
0.230689
0.230689
0.230689
0.230689
0.230689
0.230689
0.230689
0.230689
0.230689
0.230689
0.230689
0.230689
0.230689
0.230689
0.230689
0.230689
0.230689
0.230689
0.230689
0.230689
0.230689
0.230689
0.230689
0.230689
0.230689
0.230689
0.230689
0.230689
0.230689
0.230689
0.230689
0.230689
0.230689
0.230689
0.230689
0.230689
0.230689
0.230689
0.230689
0.230689
0.230689
0.230689
0.230689
0.230689
0.230689
0.230689
0.230689
0.230689
0.230689
0.230689
0.230689
0.230689
0.230689
0.230689
0.230689
0.230689
0.230689
0.230689
0.230689
0.230689
0.230689
0.230689
0.230689
0.230689
0.230689
0.230689
0.230689
0.230689
0.230689
0.230689
0.230689
0.230689
0.230689
0.230689
0.230689
0.230689
0.230689
0.230689
0.230689
0.230689
0.230689
0.230689
0.230689
0.230689
0.230689
0.230689
0.230689
0.230689
0.230689
0.230689
0.230689
0.230689
0.230689
0.230689
0.230689
0.230689
0.230689
0.230689
0.230689
0.230689
0.230689
0.230689
0.230689
0.230689
0.230689
0.230689
0.230689
0.230689
0.230689
0.230689
0.230689
0.230689
0.230689
0.230689
0.230689
0.230689
0.230689
0.230689
0.230689
0.230689
0.230689
0.230689
0.230689
0.230689
0.230689
0.230689
0.230689
0.230689
0.230689
0.230689
0.230689
0.230689
0.230689
0.230689
0.230689
0.230689
0.230689
0.230689
0.230689
0.230689
0.230689
0.230689
0.230689
0.230689
0.230689
0.230689
0.230689
0.230689
0.230689
0.230689
0.230689
0.230689
0.230689
0.230689
0.230689
0.230689
0.230689
0.230689
0.230689
0.230689
0.230689
0.230689
0.230689
0.230689
0.230689
0.230689
0.230689
0.230689
0.230689
0.230689
0.230689
0.230689
0.230689
0.230689
0.230689
0.230689
0.230689
0.230689
0.230689
0.230689
0.230689
0.230689
0.230689
0.230689
0.230689
0.230689
0.230689
0.230689
0.230689
0.230689
0.230689
0.230689
0.230689
0.230689
0.230689
0.230689
0.230689
0.230689
0.230689
0.230689
0.230689
0.230689
0.230689
0.230689
0.230689
0.230689
0.230689
0.230689
0.230689
0.230689
0.230689


0.0322965
0.0353718
0.0367815
0.0374386
0.0387015
0.0395487
0.0399458
0.0399458
0.0407588
0.0420843
0.0433702
0.0433702
0.0445356
0.0445356
0.0445356
0.0454956
0.0455299
0.0455299
0.045603
0.0461167
0.0474711
0.0486901
0.0495965
0.0504578
0.0526142
0.0568781
0.0569404
0.0576139
0.0576139
0.0576167
0.0579171
0.0581753
0.0581798
0.0588209
0.0592856
0.0596528
0.0622934
0.0622948
0.0622948
0.0641994
0.0641994
0.0671131
0.0675733
0.0675733
0.0713874
0.072646
0.0783907
0.0785103
0.0850674
0.0858847
0.0875258
0.0882179
0.088566
0.0896175
0.0960849
0.102376
0.106372
0.109006
0.111308
0.112473
0.117437
0.118409
0.126992
0.127023
0.132125
0.133611
0.135217
0.154174
0.160177
0.16192
0.163895
0.1639
0.164279
0.173721
0.173721
0.182661
0.18516
0.189223
0.200891
0.201813
0.209005
0.219537
0.220683
0.243394
0.243394
0.247532
0.256044
0.257014
0.260965
0.260965
0.264871
0.271617
0.279915
0.287548
0.288292
0.2912
0.296563
0.299917
0.301729
0.306673
0.3141
0.318637
0.322585
0.322671
0.333798
0.336134
0.337896
0.341641
0.349343
0.355515
0.359363
0.364906
0.374836
0.392494
0.395648
0.403855
0.403855
0.418987
0.419893
0.419893
0.435768
0.434607
0.445543
0.446377
0.446377
0.447486
0.455915
0.458381
0.488041
0.492501
0.498199
0.501271
0.507177
0.516777
0.519311
0.529262
0.529262
0.531614
0.53306
0.550701
0.555104
0.561597
0.56274
0.563005
0.564479
0.564479
0.56954
0.570823
0.571593
0.571593
0.573438
0.574468
0.574468
0.582026
0.586445
0.586615
0.587611
0.590695
0.591706
0.595645
0.595674
0.595813
0.59834
0.60001
0.601077
0.601724
0.603291
0.604083
0.604945
0.605241
0.608245
0.608501
0.610506
0.610866
0.610866
0.613214
0.613506
0.613506
0.613604
0.614421
0.61445
0.614547
0.615948
0.616188
0.616188
0.616188
0.617741
0.618726
0.618726
0.619191
0.619538
0.619643
0.620544
0.620622
0.62089
0.621115
0.621433
0.621606
0.622017
0.622263
0.622263
0.622408
0.622427
0.62251
0.622945
0.622969
0.622969
0.623033
0.623045
0.623554
0.623699
0.623887
0.623899
0.623912
0.623917
0.624034
0.624034
0.624083
0.624107
0.624107
0.624172
0.624317
0.624363
0.624369
0.624369
0.624369
0.624453
0.624488
0.624488
0.624492
0.624522
0.624582
0.624582
0.624591
0.624619
0.624648
0.624708
0.624708
0.624728
0.624734
0.624785
0.624785
0.624803
0.624803
0.624814
0.624814
0.624817
0.624819
0.624827
0.624832
0.624834
0.624837
0.624839
0.624843
0.624846
0.624847
0.62485
0.62485
0.624851
0.624855
0.624863
0.624865
0.624865
0.62487
0.62487
0.624871
0.624872
0.624873
0.624873
0.624878
0.62488
0.624881
0.624881
0.624883
0.624884
0.624884
0.624885
0.624887
0.624888
0.624888
0.624889
0.624889
0.62489
0.62489
0.624892
0.624892
0.624892
0.624893
0.624893
0.624893
0.624895
0.624895
0.624895
0.624896
0.624896
0.624896
0.624897
0.624897
0.624897
0.624897
0.624897
0.624897
0.624898
0.624898
0.624898
0.624898
0.624898
0.624899
0.624899
0.624899
0.624899
0.624899
0.624899
0.624899
0.624899
0.624899
0.624899
0.624899
0.6249
0.6249
0.6249
0.6249
0.6249
0.6249
0.6249
0.6249
0.6249
0.6249
0.6249
0.6249
0.624901
0.624901
0.624901
0.624901
0.624901
0.624901
0.624901
0.624901
0.624901
0.624901
0.624901
0.624901
0.624901
0.624901
0.624901
0.624901
0.624901
0.624901
0.624901
0.624901
0.624901
0.624901
0.624901
0.624901
0.624901
0.624901
0.624901
0.624901
0.624901
0.624901
0.624901
0.624901
0.624901
0.624901
0.624901
0.624901
0.624901
0.624901
0.624901
0.624901
0.624901
0.624901
0.624901
0.624901
0.624901
0.624901
0.624901
0.624901
0.624901
0.624901
0.624901
0.624901
0.624901
0.624901
0.624901
0.624901
0.624901
0.624901
0.624901
0.624901
0.624901
0.624901
0.624901
0.624901
0.624901
0.624901
0.624901
0.624901
0.624901
0.624901
0.624901
0.624901
0.624901
0.624901
0.624901
0.624901
0.624901
0.624901
0.624901
0.624901
0.624901
0.624901
0.624901
0.624901
0.624901
0.624901
0.624901
0.624901
0.624901
0.624901
0.624901
0.624901
0.624901
0.624901
0.624901
0.624901
0.624901
0.624901
0.624901
0.624901
0.624901
0.624901
0.624901
0.624901
0.624901
0.624901
0.624901
0.624901
0.624901
0.624901
0.624901
0.624901
0.624901
0.624901
0.624901
0.624901
0.624901
0.624901
0.624901
0.624901
0.624901
0.624901
0.624901
0.624901
0.624901
0.624901
0.624901
0.624901
0.624901
0.624901
0.624901
0.624901
0.624901
0.624901
0.624901
0.624901
0.624901
0.624901
0.624901
0.624901
0.624901
0.624901
0.624901
0.624901
0.624901
0.624901
0.624901
0.624901
0.624901
0.624901
0.624901
0.624901
0.624901
0.624901
0.624901
0.624901
0.624901
0.624901
0.624901
0.624901
0.624901
0.624901
0.624901
0.624901
0.624901
0.624901
0.624901
0.624901
0.624901
0.624901
0.624901
0.624901
0.624901
0.624901
0.624901
0.624901
0.624901
0.624901
0.624901
0.624901
0.624901
0.624901
0.624901
0.624901
0.624901
0.624901
0.624901
0.624901
0.624901
0.624901
0.624901
0.624901
0.624901
0.624901
0.624901
0.624901
0.624901
0.624901
0.624901
0.624901
0.624901
0.624901
0.624901
0.624901
0.624901
0.624901
0.624901
0.624901
0.624901
0.624901
0.624901
0.624901
0.624901
0.624901
0.624901
0.624901
0.624901
0.624901
0.624901
0.624901
0.624901
0.624901
0.624901
0.624901
0.624901
0.624901
0.624901
0.624901
0.624901
0.624901
0.624901
0.624901
0.624901
0.624901
0.624901
0.624901
0.624901
0.624901
0.624901
0.624901
0.624901
0.624901
0.624901
0.624901
0.624901
0.624901
0.624901
0.624901
0.624901
0.624901
0.624901
0.624901
0.624901
0.624901
0.624901
0.624901
0.624901
0.624901
0.624901
0.624901
0.624901
0.624901
0.624901
0.624901
0.624901
0.624901
0.624901
0.624901
0.624901
0.624901


0.0266788
0.0293324
0.0300656
0.0311672
0.0313547
0.0314959
0.032241
0.0323876
0.0329957
0.0335775
0.03362
0.0352195
0.0352905
0.0355019
0.035757
0.0362708
0.0370082
0.0373705
0.0390231
0.0392442
0.0403059
0.0405125
0.0410723
0.0413454
0.0418877
0.0420099
0.0423608
0.0423608
0.0424552
0.0433533
0.0435237
0.0435178
0.0435178
0.0437437
0.0441119
0.0448308
0.045993
0.0460262
0.0460262
0.0467255
0.0480996
0.0518453
0.0520705
0.0529382
0.0529382
0.0542302
0.0546977
0.0569522
0.0569522
0.0569747
0.0574644
0.0578841
0.0587095
0.0593874
0.0619699
0.0630635
0.0640508
0.067513
0.0678591
0.0740034
0.0740034
0.0739761
0.0748813
0.0817912
0.0848535
0.0929529
0.0929529
0.0981689
0.0984666
0.1043
0.104561
0.107074
0.107839
0.108402
0.113541
0.120807
0.123966
0.149136
0.181349
0.182499
0.190812
0.196343
0.196343
0.199754
0.201785
0.204194
0.214627
0.214627
0.214936
0.218514
0.219958
0.229014
0.229014
0.232673
0.241496
0.247645
0.252107
0.258793
0.264854
0.269762
0.274201
0.276122
0.277393
0.284957
0.293485
0.295313
0.305956
0.305956
0.316456
0.316456
0.318434
0.327009
0.328727
0.331589
0.334184
0.334621
0.340466
0.340466
0.343076
0.343195
0.344746
0.354171
0.355084
0.355084
0.355084
0.355979
0.357619
0.358411
0.359028
0.359574
0.360619
0.362496
0.362986
0.364379
0.364611
0.366164
0.367209
0.367517
0.370071
0.370709
0.371524
0.371201
0.371763
0.372173
0.372759
0.373343
0.373343
0.374101
0.374776
0.374776
0.374875
0.375031
0.37509
0.375111
0.375354
0.375413
0.375652
0.37581
0.376232
0.37697
0.377081
0.377439
0.377645
0.377879
0.378134
0.378217
0.378277
0.378277
0.378586
0.378676
0.37875
0.378699
0.378846
0.378846
0.379204
0.379264
0.379299
0.379317
0.379609
0.37963
0.379654
0.379654
0.379663
0.37977
0.379808
0.379932
0.379977
0.380013
0.38006
0.380166
0.380208
0.380248
0.380318
0.38032
0.380371
0.380371
0.380434
0.380461
0.380497
0.380509
0.380522
0.38054
0.380541
0.380588
0.380588
0.380605
0.380624
0.380639
0.380684
0.380684
0.380687
0.380736
0.380736
0.380739
0.380749
0.38077
0.380802
0.380804
0.380806
0.380833
0.380836
0.380816
0.380834
0.38085
0.380858
0.380871
0.380882
0.380888
0.380889
0.380889
0.380896
0.380906
0.380911
0.380911
0.380911
0.380914
0.380916
0.380916
0.380917
0.380917
0.38092
0.380924
0.380924
0.380924
0.380924
0.380928
0.38093
0.380932
0.380934
0.380934
0.380934
0.380935
0.380936
0.380938
0.380939
0.380942
0.380942
0.380944
0.380945
0.380945
0.380947
0.380947
0.380947
0.380947
0.380948
0.380948
0.380948
0.380948
0.380949
0.38095
0.38095
0.38095
0.38095
0.380951
0.380951
0.380951
0.380951
0.380951
0.380951
0.380952
0.380952
0.380952
0.380952
0.380952
0.380952
0.380952
0.380952
0.380952
0.380952
0.380952
0.380952
0.380953
0.380953
0.380953
0.380953
0.380953
0.380953
0.380953
0.380953
0.380953
0.380953
0.380953
0.380953
0.380953
0.380953
0.380953
0.380953
0.380953
0.380953
0.380953
0.380953
0.380953
0.380953
0.380953
0.380953
0.380953
0.380953
0.380953
0.380953
0.380953
0.380953
0.380953
0.380953
0.380953
0.380953
0.380954
0.380954
0.380954
0.380954
0.380954
0.380954
0.380954
0.380954
0.380954
0.380954
0.380954
0.380954
0.380954
0.380954
0.380954
0.380954
0.380954
0.380954
0.380954
0.380954
0.380954
0.380954
0.380954
0.380954
0.380954
0.380954
0.380954
0.380954
0.380954
0.380954
0.380954
0.380954
0.380954
0.380954
0.380954
0.380954
0.380954
0.380954
0.380954
0.380954
0.380954
0.380954
0.380954
0.380954
0.380954
0.380954
0.380954
0.380954
0.380954
0.380954
0.380954
0.380954
0.380954
0.380954
0.380954
0.380954
0.380954
0.380954
0.380954
0.380954
0.380954
0.380954
0.380954
0.380954
0.380954
0.380954
0.380954
0.380954
0.380954
0.380954
0.380954
0.380954
0.380954
0.380954
0.380954
0.380954
0.380954
0.380954
0.380954
0.380954
0.380954
0.380954
0.380954
0.380954
0.380954
0.380954
0.380954
0.380954
0.380954
0.380954
0.380954
0.380954
0.380954
0.380954
0.380954
0.380954
0.380954
0.380954
0.380954
0.380954
0.380954
0.380954
0.380954
0.380954
0.380954
0.380954
0.380954
0.380954
0.380954
0.380954
0.380954
0.380954
0.380954
0.380954
0.380954
0.380954
0.380954
0.380954
0.380954
0.380954
0.380954
0.380954
0.380954
0.380954
0.380954
0.380954
0.380954
0.380954
0.380954
0.380954
0.380954
0.380954
0.380954
0.380954
0.380954
0.380954
0.380954
0.380954
0.380954
0.380954
0.380954
0.380954
0.380954
0.380954
0.380954
0.380954
0.380954
0.380954
0.380954
0.380954
0.380954
0.380954
0.380954
0.380954
0.380954
0.380954
0.380954
0.380954
0.380954
0.380954
0.380954
0.380954
0.380954
0.380954
0.380954
0.380954
0.380954
0.380954
0.380954
0.380954
0.380954
0.380954
0.380954
0.380954
0.380954
0.380954
0.380954
0.380954
0.380954
0.380954
0.380954
0.380954
0.380954
0.380954
0.380954
0.380954
0.380954
0.380954
0.380954
0.380954
0.380954
0.380954
0.380954
0.380954
0.380954
0.380954
0.380954
0.380954
0.380954
0.380954
0.380954
0.380954
0.380954
0.380954
0.380954
0.380954
0.380954
0.380954
0.380954
0.380954
0.380954
0.380954
0.380954
0.380954
0.380954
0.380954
0.380954
0.380954
0.380954
0.380954
0.380954
0.380954
0.380954
0.380954
0.380954
0.380954
0.380954
0.380954
0.380954
0.380954
0.380954
0.380954
0.380954
0.380954
0.380954


0.0218801
0.0251776
0.0251776
0.0259091
0.0265038
0.0273953
0.0273953
0.0273953
0.0273953
0.0278229
0.0285419
0.0287202
0.0289129
0.0290147
0.0291712
0.0293931
0.0295942
0.0297093
0.030049
0.030528
0.0308152
0.0310635
0.0311574
0.0312251
0.0313987
0.0315604
0.0327296
0.032762
0.0334288
0.0334352
0.0340859
0.0342188
0.0342597
0.0353034
0.0353772
0.0353772
0.035469
0.0356673
0.0357761
0.0358443
0.0361504
0.0361504
0.0362655
0.0385069
0.0385087
0.0394198
0.0394257
0.0394768
0.0424498
0.0430625
0.0431219
0.0431125
0.0457783
0.0462352
0.0463572
0.0464066
0.049284
0.0526361
0.0535723
0.0604183
0.0604438
0.0626847
0.0643538
0.0646069
0.0789392
0.0855761
0.0855909
0.0855909
0.0855931
0.0855944
0.0885695
0.087577
0.0886496
0.0911681
0.0913668
0.0928758
0.0928758
0.0956988
0.0999381
0.101021
0.101021
0.102913
0.104643
0.105026
0.105027
0.106035
0.106035
0.108221
0.113892
0.123346
0.123347
0.127597
0.139564
0.139564
0.139564
0.139564
0.147299
0.149775
0.166783
0.166783
0.173033
0.183169
0.183169
0.183658
0.195244
0.219734
0.219734
0.219734
0.219734
0.219734
0.223625
0.23512
0.241271
0.241271
0.241953
0.241953
0.241953
0.243322
0.24348
0.247693
0.247693
0.250736
0.252999
0.252999
0.25691
0.25691
0.25691
0.258994
0.258994
0.258994
0.262909
0.262909
0.264584
0.266725
0.266876
0.267864
0.27249
0.27249
0.27249
0.272689
0.275535
0.275535
0.275535
0.276216
0.276216
0.27666
0.27666
0.27666
0.277605
0.277605
0.277605
0.278297
0.27871
0.27871
0.279776
0.279776
0.280045
0.280077
0.280648
0.280785
0.280785
0.280785
0.280833
0.28108
0.281151
0.281165
0.281165
0.281288
0.281399
0.281432
0.281432
0.281432
0.281484
0.281534
0.281534
0.28156
0.281627
0.281627
0.281658
0.281729
0.281799
0.281799
0.281799
0.281846
0.281883
0.281883
0.281907
0.281907
0.281922
0.281922
0.281925
0.281942
0.281978
0.281978
0.281986
0.281986
0.281986
0.282052
0.282052
0.282052
0.282056
0.282069
0.282072
0.282072
0.282076
0.282076
0.282079
0.282084
0.282084
0.282088
0.282091
0.282091
0.282093
0.282093
0.282094
0.282094
0.2821
0.2821
0.282103
0.282105
0.282105
0.282107
0.28211
0.28211
0.282113
0.282113
0.282113
0.282114
0.282114
0.282114
0.282114
0.282115
0.282118
0.282118
0.282118
0.282119
0.282119
0.282119
0.282119
0.282119
0.282119
0.282119
0.282119
0.28212
0.28212
0.282121
0.282121
0.282121
0.282122
0.282122
0.282122
0.282123
0.282123
0.282123
0.282123
0.282123
0.282123
0.282124
0.282124
0.282124
0.282124
0.282124
0.282125
0.282125
0.282125
0.282125
0.282125
0.282125
0.282125
0.282125
0.282125
0.282125
0.282125
0.282125
0.282125
0.282125
0.282125
0.282125
0.282125
0.282125
0.282125
0.282125
0.282125
0.282125
0.282125
0.282125
0.282125
0.282126
0.282126
0.282126
0.282126
0.282126
0.282126
0.282126
0.282126
0.282126
0.282126
0.282126
0.282126
0.282126
0.282126
0.282126
0.282126
0.282126
0.282126
0.282126
0.282126
0.282126
0.282126
0.282126
0.282126
0.282126
0.282126
0.282126
0.282126
0.282126
0.282126
0.282126
0.282126
0.282126
0.282126
0.282126
0.282126
0.282126
0.282126
0.282126
0.282126
0.282126
0.282126
0.282126
0.282126
0.282126
0.282126
0.282126
0.282126
0.282126
0.282126
0.282126
0.282126
0.282126
0.282126
0.282126
0.282126
0.282126
0.282126
0.282126
0.282126
0.282126
0.282126
0.282126
0.282126
0.282126
0.282126
0.282126
0.282126
0.282126
0.282126
0.282126
0.282126
0.282126
0.282126
0.282126
0.282126
0.282126
0.282126
0.282126
0.282126
0.282126
0.282126
0.282126
0.282126
0.282126
0.282126
0.282126
0.282126
0.282126
0.282126
0.282126
0.282126
0.282126
0.282126
0.282126
0.282126
0.282126
0.282126
0.282126
0.282126
0.282126
0.282126
0.282126
0.282126
0.282126
0.282126
0.282126
0.282126
0.282145
0.282168
0.282168
0.282169
0.282193
0.282193
0.282199
0.2822
0.282202
0.282202
0.282203
0.282203
0.282203
0.282203
0.282203
0.282203
0.282203
0.282203
0.282203
0.282203
0.282203
0.282203
0.282203
0.282203
0.282203
0.282203
0.282203
0.282203
0.282203
0.282203
0.282203
0.282203
0.282203
0.282203
0.282203
0.282203
0.282203
0.282203
0.282203
0.282203
0.282203
0.282203
0.282203
0.282203
0.282203
0.282203
0.282203
0.282203
0.282203
0.282203
0.282203
0.282203
0.282203
0.282203
0.282203
0.282203
0.282203
0.282203
0.282203
0.282203
0.282203
0.282203
0.282203
0.282203
0.282203
0.282203
0.282203
0.282203
0.282203
0.284088
0.284182
0.286078
0.286078
0.286078
0.286078
0.286268
0.286955
0.286955
0.286955
0.28719
0.289163
0.289537
0.289537
0.289609
0.29057
0.291411
0.291342
0.291345
0.291478
0.291539
0.29156
0.292175
0.292248
0.292455
0.292563
0.292593
0.292602
0.292795
0.293328
0.293328
0.293666
0.293666
0.293837
0.294014
0.29407
0.294098
0.294139
0.294151
0.294156
0.294177
0.294244
0.294419
0.294423
0.294473
0.294528
0.294865
0.294693
0.295201
0.297603
0.298614
0.302573
0.302915
0.307554
0.315442
0.315614


0.0272018
0.0286975
0.0298951
0.0304619
0.0322254
0.0325005
0.0358542
0.0359059
0.0365028
0.0375319
0.0381205
0.0382406
0.0383763
0.0390987
0.0398766
0.0403804
0.0405791
0.0407548
0.0409058
0.0412704
0.0416202
0.0418612
0.0430505
0.0431449
0.0442253
0.04423
0.0447035
0.0458842
0.0471112
0.050112
0.0523986
0.0545009
0.054564
0.0585474
0.0588578
0.0589623
0.0624239
0.0762582
0.0774444
0.0795432
0.0802072
0.0806524
0.0888445
0.0905
0.0981319
0.0981319
0.0999279
0.0999279
0.106893
0.111491
0.120527
0.136823
0.137112
0.159537
0.18346
0.191071
0.202541
0.202541
0.205445
0.218714
0.241237
0.296829
0.302594
0.315268
0.321611
0.321611
0.417549
0.417549
0.42768
0.42768
0.437106
0.451765
0.459688
0.485518
0.504619
0.505064
0.531156
0.533867
0.533867
0.553902
0.564612
0.572961
0.576475
0.576475
0.583566
0.591316
0.592845
0.595762
0.604335
0.613748
0.613748
0.616519
0.618554
0.626282
0.63966
0.644963
0.646159
0.648982
0.654709
0.663423
0.667491
0.670018
0.671457
0.674015
0.675399
0.677493
0.677493
0.680017
0.683222
0.683222
0.68463
0.686322
0.688151
0.688151
0.68891
0.690766
0.691708
0.692524
0.692524
0.692524
0.693132
0.693132
0.693633
0.694481
0.694843
0.695152
0.695201
0.695695
0.695789
0.696606
0.696606
0.696762
0.696988
0.697309
0.697309
0.697544
0.697598
0.698048
0.698048
0.698347
0.698417
0.698502
0.698529
0.698607
0.698614
0.698711
0.698717
0.698781
0.69882
0.698937
0.698976
0.699
0.699087
0.699094
0.699121
0.699121
0.699167
0.699179
0.699188
0.699249
0.699263
0.699257
0.699263
0.699284
0.699287
0.699292
0.699295
0.699311
0.699311
0.699315
0.699326
0.699327
0.699343
0.699344
0.699346
0.699346
0.699346
0.699353
0.699355
0.699357
0.699361
0.699362
0.699363
0.699364
0.699365
0.699365
0.699366
0.699367
0.699367
0.699369
0.699369
0.699371
0.699371
0.699371
0.699371
0.699373
0.699373
0.699374
0.699374
0.699374
0.699374
0.699374
0.699375
0.699375
0.699375
0.699375
0.699376
0.699376
0.699376
0.699377
0.699377
0.699377
0.699377
0.699377
0.699377
0.699377
0.699378
0.699378
0.699378
0.699378
0.699378
0.699378
0.699378
0.699378
0.699378
0.699378
0.699378
0.699378
0.699378
0.699378
0.699378
0.699379
0.699379
0.699379
0.699379
0.699379
0.699379
0.699379
0.699379
0.699379
0.699379
0.699379
0.699379
0.699379
0.699379
0.699379
0.699379
0.699379
0.699379
0.699379
0.699379
0.699379
0.699379
0.699379
0.699379
0.699379
0.699379
0.699379
0.699379
0.699379
0.699379
0.699379
0.699379
0.699379
0.699379
0.699379
0.699379
0.699379
0.699379
0.699379
0.699379
0.699379
0.699379
0.699379
0.699379
0.699379
0.699379
0.699379
0.699379
0.699379
0.699379
0.699379
0.699379
0.699379
0.699379
0.699379
0.699379
0.699379
0.699379
0.699379
0.699379
0.699379
0.699379
0.699379
0.699379
0.699379
0.699379
0.699379
0.699379
0.699379
0.699379
0.699379
0.699379
0.699379
0.699379
0.699379
0.699379
0.699379
0.699379
0.699379
0.699379
0.699379
0.699379
0.699379
0.699379
0.699379
0.699379
0.699379
0.699379
0.699379
0.699379
0.699379
0.699379
0.699379
0.699379
0.699379
0.699379
0.699379
0.699379
0.699379
0.699379
0.699379
0.699379
0.699379
0.699379
0.699379
0.699379
0.699379
0.699379
0.699379
0.699379
0.699379
0.699379
0.699379
0.699379
0.699379
0.699379
0.699379
0.699379
0.699379
0.699379
0.699379
0.699379
0.699379
0.699379
0.699379
0.699379
0.699379
0.699379
0.699379
0.699379
0.699379
0.699379
0.699379
0.699379
0.699379
0.699379
0.699379
0.699379
0.699379
0.699379
0.699379
0.699379
0.699379
0.699379
0.699379
0.699379
0.699379
0.699379
0.699379
0.699379
0.699379
0.699379
0.699379
0.699379
0.699379
0.699379
0.699379
0.699379
0.699379
0.699379
0.699379
0.699379
0.699379
0.699379
0.699379
0.699379
0.699379
0.699379
0.699379
0.699379
0.699379
0.699379
0.699379
0.699379
0.699379
0.699379
0.699379
0.699379
0.699379
0.699379
0.699379
0.699379
0.699379
0.699379
0.699379
0.699379
0.699379
0.699379
0.699379
0.699379
0.699377
0.699379
0.699379
0.699379
0.699379
0.699379
0.699379
0.699379
0.699379
0.699379
0.699379
0.699379
0.699379
0.699379
0.699379
0.699379
0.699379
0.699379
0.699379
0.699379
0.699379
0.699379
0.699379
0.699379
0.699379
0.699379
0.699379
0.699379
0.699379
0.699379
0.699379
0.699379
0.699379
0.699379
0.699379
0.699379
0.699379
0.699379
0.699379
0.699379
0.699379
0.699379
0.699379
0.699379
0.699379
0.699379
0.699379
0.699379
0.699379
0.699379
0.699379
0.699379
0.699379
0.699379
0.699379
0.699379
0.699379
0.699379
0.699379


0.0153989
0.0165838
0.0180083
0.0185034
0.0185034
0.0193442
0.0200436
0.0200569
0.0202954
0.0203029
0.020452
0.0207499
0.0211109
0.0211767
0.0213473
0.0223443
0.0223659
0.0228901
0.0229289
0.0229655
0.0233241
0.0231802
0.0232724
0.0232752
0.0236359
0.0236761
0.0243091
0.0244123
0.0244153
0.0244364
0.024605
0.0248147
0.0252704
0.0252704
0.0254167
0.0254167
0.0256835
0.0256835
0.0258091
0.0260514
0.0264929
0.0267115
0.0270944
0.0272821
0.0272821
0.0278893
0.0279542
0.0279542
0.0279542
0.0281139
0.0285358
0.0282451
0.0283568
0.0283868
0.0295893
0.0305854
0.0325234
0.032815
0.0328856
0.0328856
0.0331771
0.0331239
0.0331822
0.0354587
0.0363184
0.0385023
0.0385023
0.0385023
0.042302
0.042302
0.042302
0.0475498
0.0476123
0.0509819
0.0509819
0.0509819
0.0523813
0.0523813
0.0560834
0.0568549
0.0585737
0.063973
0.0652583
0.067092
0.0674473
0.0698893
0.0703774
0.0712945
0.0750111
0.0794212
0.0794212
0.0829822
0.0839195
0.0839195
0.0854652
0.0922378
0.0922378
0.0922378
0.092893
0.0968528
0.099534
0.0969634
0.0969634
0.100571
0.100599
0.10551
0.105641
0.105641
0.105641
0.106307
0.106526
0.106492
0.107174
0.107305
0.107373
0.107478
0.107646
0.11235
0.112553
0.112553
0.112722
0.112629
0.112629
0.112814
0.11288
0.113408
0.114569
0.114569
0.124919
0.124943
0.126368
0.131264
0.138244
0.138244
0.139267
0.139267
0.145176
0.145181
0.154746
0.154772
0.154778
0.154783
0.173526
0.173526
0.173537
0.174488
0.174488
0.17449
0.174497
0.17696
0.17696
0.17696
0.176974
0.176976
0.181483
0.183156
0.189164
0.189169
0.20001
0.20001
0.202772
0.212016
0.229129
0.229719
0.238561
0.244906
0.251476
0.253662
0.270811
0.28697
0.28697
0.268078
0.297498
0.297498
0.297498
0.300297
0.305661
0.309752
0.31036
0.310919
0.311208
0.311208
0.314382
0.314383
0.316071
0.319127
0.319127
0.319127
0.321784
0.321784
0.322307
0.323084
0.323419
0.323618
0.323618
0.326083
0.328124
0.330334
0.330334
0.331021
0.331021
0.331021
0.331021
0.332274
0.332274
0.33366
0.335643
0.336757
0.336966
0.336966
0.336966
0.337871
0.338
0.338191
0.338337
0.338337
0.338677
0.33901
0.339259
0.339416
0.339777
0.339809
0.340078
0.340078
0.340179
0.340179
0.34029
0.340853
0.340853
0.340853
0.340952
0.340952
0.341016
0.341016
0.341053
0.341127
0.341324
0.341324
0.341328
0.341328
0.341328
0.341364
0.341398
0.3414
0.3414
0.341437
0.341437
0.341451
0.341451
0.341483
0.341498
0.341485
0.341519
0.341527
0.341552
0.341571
0.344469
0.344489
0.345453
0.345472
0.345472
0.343729
0.343729
0.343908
0.344057
0.345424
0.345424
0.345425
0.349744
0.349749
0.349749
0.348218
0.352415
0.353338
0.353338
0.354112
0.35985
0.359851
0.36258
0.363475
0.363475
0.363466
0.378579
0.390941
0.390941
0.390941
0.390941
0.390941
0.394782
0.394783
0.39534
0.39577
0.397473
0.397473
0.399074
0.399074
0.399852
0.399852
0.399852
0.399852
0.40278
0.401157
0.405335
0.408552
0.408552
0.408552
0.408552
0.408552
0.408576
0.411074
0.417121
0.417944
0.417944
0.419599
0.419599
0.419599
0.420285
0.427952
0.431379
0.432076
0.432076
0.432076
0.436872
0.438845
0.438845
0.440769
0.440769
0.44474
0.445505
0.451756
0.451756
0.453937
0.453937
0.456437
0.458006
0.458625
0.460775
0.461102
0.461102
0.461284
0.461486
0.461707
0.461707
0.461833
0.461857
0.462247
0.462247
0.463797
0.464759
0.465143
0.465143
0.465815
0.46666
0.467202
0.467374
0.469891
0.469891
0.470912
0.471114
0.471114
0.471502
0.471818
0.471818
0.472671
0.472671
0.473171
0.473171
0.473171
0.47434
0.47434
0.47459
0.474677
0.474677
0.474703
0.475036
0.475036
0.475036
0.475036
0.475036
0.475072
0.475233
0.47492
0.475592
0.475592
0.475592
0.475592
0.475592
0.475663
0.47612
0.476625
0.476625
0.476604
0.476706
0.476706
0.476706
0.476812
0.477059
0.477066
0.477066
0.477141
0.477175
0.477212
0.47723
0.477237
0.477237
0.477237
0.477262
0.477275
0.477277
0.47731
0.47733
0.477422
0.477431
0.477431
0.477517
0.47752
0.47752
0.477537
0.477545
0.47757
0.47757
0.477621
0.477669
0.477745
0.477766
0.477766
0.477766
0.477774
0.477812
0.477878
0.4779
0.477908
0.477911
0.477912
0.477912
0.477913
0.477919
0.477919
0.477938
0.477938


0.0142203
0.0158201
0.0159017
0.0166072
0.0188133
0.0188133
0.0188137
0.0189472
0.0194111
0.0195714
0.0196226
0.0198093
0.0200555
0.0205825
0.0205825
0.0209425
0.0209425
0.0209445
0.0227837
0.0233004
0.0233046
0.0247234
0.0247906
0.0286813
0.0323806
0.0328963
0.0333796
0.0343265
0.0356815
0.0387443
0.0398913
0.0420244
0.0439058
0.0458186
0.0465952
0.058253
0.0626434
0.0662441
0.0744352
0.0900557
0.0921387
0.096667
0.107868
0.111653
0.122483
0.131618
0.131618
0.131766
0.140889
0.151854
0.187994
0.187994
0.196449
0.214985
0.21677
0.234204
0.235236
0.304244
0.308591
0.309625
0.360874
0.362382
0.410456
0.411761
0.413513
0.436895
0.436895
0.436895
0.437722
0.446813
0.458396
0.466265
0.469364
0.47584
0.483368
0.488972
0.492263
0.496457
0.500718
0.505351
0.505351
0.507181
0.507181
0.514363
0.515244
0.518391
0.518404
0.520276
0.521183
0.525349
0.525349
0.526948
0.527283
0.528031
0.531073
0.532193
0.534474
0.535165
0.535165
0.535892
0.536191
0.536644
0.537568
0.537568
0.537973
0.538676
0.538676
0.539251
0.539426
0.539671
0.540021
0.540706
0.540864
0.540911
0.541044
0.541123
0.541201
0.541283
0.541291
0.54133
0.54148
0.541544
0.541547
0.541548
0.541552
0.541603
0.541635
0.541654
0.541723
0.541723
0.541757
0.541791
0.541791
0.541829
0.541852
0.541863
0.541892
0.541919
0.541919
0.54192
0.541949
0.54195
0.541952
0.541961
0.541985
0.541985
0.541989
0.542005
0.542017
0.542017
0.542026
0.542035
0.542036
0.542038
0.542045
0.542045
0.542049
0.542053
0.542053
0.542053
0.542054
0.542053
0.542055
0.542055
0.542055
0.542059
0.542059
0.54206
0.542061
0.542062
0.542062
0.542062
0.542062
0.542062
0.542063
0.542063
0.542064
0.542064
0.542064
0.542064
0.542064
0.542065
0.542065
0.542065
0.542065
0.542065
0.542065
0.542065
0.542065
0.542065
0.542065
0.542065
0.542066
0.542066
0.542066
0.542066
0.542066
0.542066
0.542066
0.542066
0.542066
0.542066
0.542066
0.542066
0.542066
0.542066
0.542066
0.542066
0.542066
0.542066
0.542066
0.542066
0.542066
0.542066
0.542066
0.542066
0.542066
0.542066
0.542066
0.542066
0.542066
0.542066
0.542066
0.542066
0.542066
0.542066
0.542066
0.542066
0.542066
0.542066
0.542066
0.542066
0.542066
0.542066
0.542066
0.542066
0.542066
0.542066
0.542066
0.542066
0.542066
0.542066
0.542066
0.542066
0.542066
0.542066
0.542066
0.542066
0.542066
0.542066
0.542066
0.542066
0.542066
0.542066
0.542066
0.542066
0.542066
0.542066
0.542066
0.542066
0.542066
0.542066
0.542066
0.542066
0.542066
0.542066
0.542066
0.542066
0.542066
0.542066
0.542066
0.542066
0.542066
0.542066
0.542066
0.542066
0.542066
0.542066
0.542066
0.542066
0.542066
0.542066
0.542066
0.542066
0.542066
0.542066
0.542066
0.542066
0.542066
0.542066
0.542066
0.542066
0.542066
0.542066
0.542066
0.542066
0.542066
0.542066
0.542066
0.542066
0.542066
0.542066
0.542066
0.542066
0.542066
0.542066
0.542066
0.542066
0.542066
0.542066
0.542066
0.542066
0.542066
0.542066
0.542066
0.542066
0.542066
0.542066
0.542066
0.542066
0.542066
0.542066
0.542066
0.542066
0.542066
0.542066
0.542066
0.542066
0.542066
0.542066
0.542066
0.542066
0.542066
0.542066
0.542066
0.542066
0.542066
0.542066
0.542066
0.542066
0.542066
0.540647
0.542066
0.542066
0.542066
0.542066
0.542066
0.542066
0.542066
0.542066
0.542066
0.542066
0.542066
0.542066
0.542066
0.542066
0.542066
0.542066
0.542066
0.542066
0.542066
0.542066
0.542066
0.542066
0.542066
0.542066
0.542066
0.542066
0.542066
0.542066
0.542066
0.542066
0.542066
0.542066
0.542066
0.542066
0.542066
0.542066
0.542066
0.542066
0.542066
0.542066
0.542066
0.542066
0.542066
0.542066
0.542066
0.542066
0.542066
0.542066
0.542066
0.542066
0.542066
0.542066
0.542066
0.542066
0.542066
0.542066
0.542066
0.542066


0.0411549
0.0411549
0.0418478
0.0461111
0.0462323
0.0478875
0.0487881
0.049063
0.049063
0.050065
0.0501403
0.0510092
0.0514473
0.0514473
0.0547371
0.055037
0.055037
0.055037
0.0559183
0.0559183
0.0575372
0.0579567
0.059132
0.059558
0.0602502
0.0605159
0.0619572
0.0619572
0.0620737
0.0629042
0.0629042
0.0687766
0.0719809
0.0778164
0.0847688
0.088716
0.088716
0.0907144
0.0948496
0.115956
0.115956
0.115956
0.129857
0.129857
0.129857
0.133625
0.145478
0.193049
0.204182
0.204182
0.210935
0.227959
0.229173
0.285521
0.285521
0.302866
0.335716
0.338445
0.36518
0.36518
0.389349
0.394002
0.394253
0.430159
0.430159
0.437456
0.468837
0.475844
0.51629
0.517778
0.52574
0.536287
0.553911
0.558559
0.561424
0.57045
0.589087
0.597421
0.597421
0.619787
0.65056
0.651908
0.655703
0.655703
0.67732
0.67732
0.680715
0.682213
0.683911
0.684707
0.688358
0.688528
0.691943
0.694777
0.700325
0.703352
0.707039
0.707039
0.707039
0.708431
0.713219
0.713357
0.716261
0.71801
0.718027
0.719754
0.720818
0.721403
0.721403
0.721927
0.722721
0.722615
0.723101
0.723437
0.724224
0.724535
0.724701
0.725067
0.725285
0.72552
0.725611
0.72585
0.72587
0.726348
0.726403
0.72652
0.726552
0.726579
0.726674
0.726674
0.726674
0.726674
0.726691
0.726749
0.726771
0.726889
0.726897
0.726909
0.726932
0.726985
0.726985
0.72709
0.72709
0.727097
0.727112
0.727115
0.727142
0.727179
0.727179
0.727182
0.727211
0.727192
0.727192
0.72721
0.727216
0.727217
0.727218
0.727231
0.727231
0.727234
0.727237
0.727238
0.727244
0.727244
0.727244
0.727252
0.727252
0.727258
0.727259
0.727259
0.72726
0.727259
0.727263
0.727266
0.727266
0.727266
0.727267
0.727267
0.727267
0.727268
0.727269
0.727268
0.727268
0.727269
0.727269
0.727269
0.727271
0.727271
0.727271
0.727272
0.727272
0.727272
0.727272
0.727272
0.727272
0.727273
0.727273
0.727273
0.727273
0.727273
0.727273
0.727273
0.727273
0.727273
0.727273
0.727273
0.727273
0.727273
0.727273
0.727273
0.727273
0.727273
0.727273
0.727273
0.727273
0.727273
0.727273
0.727273
0.727273
0.727273
0.727273
0.727273
0.727273
0.727273
0.727273
0.727273
0.727273
0.727273
0.727273
0.727273
0.727273
0.727273
0.727273
0.727273
0.727273
0.727273
0.727273
0.727273
0.727273
0.727273
0.727273
0.727273
0.727273
0.727273
0.727273
0.727273
0.727273
0.727273
0.727273
0.727273
0.727273
0.727273
0.727273
0.727273
0.727273
0.727273
0.727273
0.727273
0.727273
0.727273
0.727273
0.727273
0.727273
0.727273
0.727273
0.727273
0.727273
0.727273
0.727273
0.727273
0.727273
0.727273
0.727273
0.727273
0.727273
0.727273
0.727273
0.727273
0.727273
0.727273
0.727273
0.727273
0.727273
0.727273
0.727273
0.727273
0.727273
0.727273
0.727273
0.727273
0.727273
0.727273
0.727273
0.727273
0.727273
0.727273
0.727273
0.727273
0.727273
0.727273
0.727273
0.727273
0.727273
0.727273
0.727273
0.727273
0.727273
0.727273
0.727273
0.727273
0.727273
0.727273
0.727273
0.727273
0.727273
0.727273
0.727273
0.727273
0.727273
0.727273
0.727273
0.727273
0.727273
0.727273
0.727273
0.727273
0.727273
0.727273
0.727273
0.727273
0.727273
0.727273
0.727273
0.727273
0.727273
0.727273
0.727273
0.727273
0.727273
0.727273
0.727273
0.727273
0.727273
0.727273
0.727273
0.727273
0.727273
0.727273
0.727273
0.727273
0.727273
0.727273
0.727273
0.727273
0.727273
0.727273
0.727273
0.727273
0.727273
0.727273


0.0240476
0.0249708
0.0252819
0.027388
0.0275107
0.0281181
0.0281674
0.0293555
0.0310718
0.0310718
0.0317807
0.0325414
0.0335235
0.0345106
0.0350291
0.0354738
0.0355192
0.0358092
0.0427286
0.0427286
0.0453914
0.0458615
0.0619728
0.0627909
0.0654979
0.0820334
0.0820334
0.0986297
0.113935
0.120849
0.137737
0.155065
0.156372
0.161657
0.16965
0.179095
0.18473
0.191539
0.201129
0.203109
0.213585
0.219338
0.225754
0.227513
0.242977
0.24751
0.254764
0.270064
0.276654
0.27828
0.282643
0.285234
0.290342
0.291335
0.293445
0.293445
0.294601
0.294601
0.294601
0.296347
0.2975
0.297476
0.30021
0.300758
0.301497
0.301874
0.303571
0.30365
0.303932
0.30423
0.304571
0.304574
0.304617
0.304761
0.30489
0.305191
0.305441
0.305484
0.305493
0.305585
0.30571
0.305741
0.305749
0.305817
0.305881
0.305896
0.305912
0.305924
0.305948
0.306025
0.306028
0.306074
0.306103
0.306104
0.306112
0.306134
0.306135
0.306142
0.306142
0.306145
0.306147
0.306152
0.306153
0.306156
0.30616
0.306166
0.306166
0.306169
0.306171
0.308312
0.308312
0.308819
0.311671
0.311671
0.311931
0.311931
0.312877
0.313054
0.313054
0.313054
0.314675
0.314622
0.314868
0.316474
0.316474
0.316943
0.317208
0.318108
0.318494
0.318494
0.318533
0.31899
0.31899
0.319184
0.319184
0.319252
0.319851
0.320319
0.320319
0.320524
0.320524
0.320551
0.320561
0.320592
0.320652
0.320714
0.320781
0.320781
0.320781
0.320786
0.320786
0.320786
0.320853
0.320869
0.320897
0.320897
0.320898
0.320917
0.320923
0.32093
0.320931
0.320931
0.320945
0.320945
0.320945
0.320949
0.320967
0.320967
0.320988
0.320988
0.32101
0.32101
0.32101
0.321011
0.321011
0.321012
0.321012
0.321012
0.321012
0.321012
0.321018
0.321015
0.321016
0.321018
0.321019
0.321022
0.321022
0.321025
0.321026
0.321026
0.321026
0.321027
0.321027
0.321027
0.321027
0.321027
0.321027
0.321028
0.321028
0.321028
0.321028
0.321029
0.321029
0.321029
0.321029
0.321029
0.321029
0.321029
0.321029
0.32103
0.32103
0.321029
0.32103
0.32103
0.32103
0.32103
0.32103
0.32103
0.32103
0.32103
0.32103
0.32103
0.32103
0.32103
0.32103
0.32103
0.32103
0.32103
0.32103
0.32103
0.32103
0.32103
0.32103
0.32103
0.32103
0.32103
0.32103
0.32103
0.32103
0.32103
0.32103
0.32103
0.32103
0.32103
0.32103
0.32103
0.32103
0.32103
0.32103
0.32103
0.32103
0.32103
0.32103
0.32103
0.32103
0.32103
0.32103
0.32103
0.32103
0.32103
0.32103
0.32103
0.32103
0.32103
0.32103
0.32103
0.32103
0.32103
0.32103
0.32103
0.32103
0.32103
0.32103
0.32103
0.32103
0.32103
0.32103
0.32103
0.32103
0.32103
0.32103
0.32103
0.32103
0.32103
0.32103
0.32103
0.32103
0.32103
0.32103
0.32103
0.32103
0.320467
0.32103
0.32103
0.32103
0.32103
0.32103
0.32103
0.32103
0.32103
0.32103
0.32103
0.32103
0.32103
0.32103
0.32103
0.32103
0.32103
0.32103
0.32103
0.32103
0.32103
0.32103
0.32103
0.32103
0.32103
0.32103
0.32103
0.32103
0.32103


0.0321176
0.0348285
0.0353563
0.0361052
0.0371442
0.0380751
0.0391624
0.039365
0.0400086
0.0402684
0.0416783
0.0421811
0.0426021
0.0428747
0.0429301
0.0429432
0.043456
0.0443355
0.0481452
0.0495784
0.0539039
0.0543934
0.05652
0.0714829
0.0714829
0.0737898
0.0820805
0.0882317
0.10243
0.11302
0.114221
0.117217
0.126744
0.129082
0.135108
0.149727
0.149727
0.164899
0.165178
0.191152
0.194068
0.194068
0.196155
0.198843
0.208024
0.214446
0.226713
0.227947
0.232395
0.234337
0.235834
0.248182
0.250599
0.264918
0.264918
0.266965
0.267083
0.267482
0.269299
0.276968
0.278676
0.280012
0.280936
0.283708
0.286194
0.287879
0.289183
0.290525
0.290977
0.293789
0.29388
0.293439
0.294611
0.295161
0.296248
0.29635
0.296832
0.298394
0.298436
0.298493
0.299589
0.29965
0.299912
0.299989
0.29999
0.300148
0.30017
0.300387
0.300387
0.300851
0.301048
0.301053
0.301178
0.301182
0.301182
0.301205
0.301205
0.301262
0.301324
0.301422
0.301461
0.301504
0.301546
0.301552
0.301552
0.301579
0.301618
0.301619
0.301619
0.301637
0.30165
0.301667
0.301694
0.301694
0.301694
0.301694
0.301694
0.301698
0.3017
0.3017
0.3017
0.301701
0.301704
0.301708
0.301709
0.301711
0.301714
0.305311
0.309483
0.311507
0.31761
0.317609
0.317609
0.319876
0.321265
0.321265
0.328242
0.334969
0.345825
0.356933
0.362659
0.362659
0.37694
0.37694
0.37694
0.376941
0.3807
0.3807
0.382539
0.382539
0.384486
0.384046
0.387114
0.387115
0.387115
0.387115
0.391492
0.394682
0.394922
0.395485
0.395485
0.395485
0.395485
0.39638
0.399693
0.399843
0.402437
0.402437
0.403564
0.403621
0.40375
0.402946
0.405464
0.405711
0.405727
0.405727
0.405851
0.40625
0.406556
0.406626
0.406626
0.406626
0.407368
0.407485
0.407485
0.407489
0.407489
0.407489
0.407505
0.407531
0.407531
0.407531
0.407605
0.407605
0.407782
0.407782
0.407782
0.407836
0.407836
0.407862
0.407862
0.407935
0.407935
0.407935
0.407957
0.407957
0.407967
0.407967
0.407967
0.407967
0.407974
0.407974
0.407974
0.407988
0.40799
0.40799
0.407997
0.407999
0.408
0.408
0.408002
0.408002
0.408003
0.408003
0.408004
0.408004
0.408009
0.408009
0.40801
0.408012
0.408012
0.408012
0.408012
0.408012
0.408012
0.408012
0.408013
0.408013
0.408014
0.408014
0.408014
0.408014
0.408014
0.408014
0.408014
0.408014
0.408014
0.408014
0.408014
0.408014
0.408014
0.408014
0.408014
0.408014
0.408014
0.408014
0.408014
0.408014
0.408014
0.408014
0.408014
0.408015
0.408015
0.408015
0.408015
0.408015
0.408015
0.408015
0.408015
0.408015
0.408015
0.408015
0.408015
0.408015
0.408015
0.408015
0.408015
0.408015
0.408015
0.408015


0.0392101
0.04309
0.0439812
0.0457759
0.0457759
0.0459133
0.0473121
0.0474038
0.0474048
0.0481056
0.0485528
0.0484913
0.0485001
0.0491618
0.0491625
0.049516
0.0501889
0.0502082
0.0502137
0.0515278
0.0524438
0.0524438
0.0549428
0.0549543
0.0549543
0.0594924
0.0729197
0.0729197
0.0729197
0.0750134
0.075924
0.0847335
0.100666
0.106592
0.120827
0.133505
0.133505
0.137044
0.142687
0.146561
0.155173
0.163079
0.163079
0.171037
0.183084
0.199341
0.203349
0.20363
0.212468
0.213258
0.217284
0.218928
0.225189
0.230326
0.23076
0.230865
0.231516
0.232335
0.232335
0.234447
0.242674
0.238896
0.238896
0.246146
0.24702
0.24702
0.247531
0.248254
0.268508
0.268535
0.268767
0.268668
0.268771
0.268771
0.268771
0.285444
0.285894
0.285908
0.285935
0.29587
0.29587
0.296847
0.305997
0.31592
0.337514
0.35361
0.35361
0.356111
0.356111
0.365546
0.384222
0.39608
0.3972
0.404618
0.405831
0.405831
0.40967
0.422974
0.422975
0.425983
0.439348
0.439348
0.441102
0.441102
0.460734
0.460735
0.461604
0.466789
0.469452
0.470806
0.470987
0.473002
0.474212
0.474321
0.478843
0.478944
0.479546
0.481
0.481
0.481306
0.481568
0.481568
0.482075
0.482075
0.482075
0.482931
0.482985
0.482985
0.483039
0.483453
0.483521
0.483504
0.483521
0.483642
0.483642
0.483775
0.483779
0.483779
0.483799
0.483799
0.483799
0.483841
0.483841
0.483904
0.483904
0.483904
0.483911
0.483911
0.483911
0.483938
0.483942
0.483942
0.483957
0.483971
0.483971
0.483971
0.483972
0.483972
0.483973
0.488829
0.488829
0.481227
0.485737
0.499163
0.499163
0.499163
0.515636
0.515636
0.525911
0.525911
0.528994
0.533244
0.534602
0.535028
0.535491
0.535491
0.537157
0.538784
0.540101
0.540184
0.541343
0.544688
0.545759
0.546981
0.547589
0.547757
0.548532
0.548915
0.549079
0.549383
0.551092
0.55171
0.55287
0.553169
0.555421
0.556569
0.557302
0.559065
0.5595
0.559808
0.560033
0.560099
0.560368
0.560621
0.560703
0.56089
0.560932
0.560941
0.561052
0.56126
0.562097
0.562441
0.562578
0.563337
0.565641
0.56585
0.566203
0.567925
0.56826
0.568565
0.568565
0.568504
0.568585
0.568585
0.568613
0.568706
0.568706
0.568774
0.568774
0.568774
0.568774
0.568777
0.568777
0.568786
0.568798
0.568802
0.568804
0.568807
0.568943
0.568943


0.0360068
0.037348
0.0374907
0.0386497
0.0388192
0.0402852
0.0410142
0.0417785
0.0461234
0.0466595
0.0473506
0.0462295
0.054569
0.0553267
0.0570296
0.0597704
0.0849964
0.0963251
0.0978759
0.112102
0.131779
0.154631
0.253295
0.2755
0.399259
0.518982
0.519894
0.5351
0.613158
0.621561
0.658066
0.670566
0.68824
0.706605
0.711498
0.719532
0.719532
0.723375
0.730484
0.739448
0.739899
0.740756
0.742024
0.746614
0.749327
0.749489
0.753949
0.753959
0.756545
0.756593
0.756673
0.756727
0.756971
0.757339
0.757465
0.757664
0.757829
0.757854
0.757944
0.757975
0.758047
0.758042
0.758052
0.758054
0.758055
0.758058
0.758058
0.758059
0.758062
0.758066
0.758067
0.758068
0.758071
0.758071
0.758075
0.758075
0.758075
0.758076
0.758076
0.758076
0.758076
0.758077
0.758077
0.758077
0.758077
0.758077
0.758078
0.758078
0.758078
0.758078
0.758078
0.758078
0.758078
0.758078
0.758078
0.758078
0.758078
0.758078
0.758078
0.758078
0.758078
0.759306
0.75994
0.762027
0.76568
0.76568
0.774909
0.778452
0.781379
0.781379
0.781379
0.781379
0.781379
0.783102
0.783102
0.784218
0.784218
0.784908
0.784931
0.78546
0.785661
0.785144
0.786015
0.786456
0.78711
0.787226
0.787226
0.787231
0.787521
0.787521
0.787536
0.787683
0.787683
0.787792
0.787888
0.787953
0.787992
0.787992
0.787992
0.787992
0.788058
0.788079
0.788079
0.788084
0.788084
0.788084
0.788123
0.788123
0.788123
0.788145
0.788145
0.788147
0.788147
0.788147
0.788147
0.788148
0.788152
0.788155
0.788158
0.788161
0.788161
0.788162
0.788162
0.788162
0.788162
0.788163
0.788163
0.788164
0.788164
0.788164
0.788164
0.788164
0.788165
0.788165
0.788165
0.788165
0.788165
0.788165
0.788165
0.788165
0.788165
0.788165
0.788165
0.788165
0.788165
0.788165
0.788165
0.788165
0.788165
0.788165
0.788165
0.788165
0.788165
0.788165
0.788165
0.788165
0.788165
0.788165
0.788165
0.788165


0.0226256
0.0250924
0.0252778
0.0260054
0.0265177
0.0269498
0.0273488
0.0281675
0.0295884
0.0306841
0.0306841
0.0319181
0.0343968
0.038516
0.038516
0.0389558
0.0454771
0.0506786
0.051958
0.0749053
0.0798502
0.0898905
0.0971374
0.103999
0.153844
0.169667
0.17646
0.193299
0.224612
0.23469
0.240161
0.249584
0.265989
0.266203
0.27405
0.28057
0.284431
0.294888
0.302289
0.303182
0.313992
0.325735
0.337236
0.341927
0.342123
0.3432
0.344044
0.350307
0.350445
0.350696
0.356196
0.356406
0.356534
0.356907
0.360099
0.360099
0.361073
0.361142
0.361214
0.36126
0.362377
0.362578
0.36271
0.362711
0.36284
0.363533
0.36355
0.363587
0.363644
0.36366
0.36366
0.363675
0.36368
0.363762
0.363762
0.363762
0.363787
0.363808
0.363819
0.363877
0.363877
0.363877
0.363878
0.363878
0.363878
0.36388
0.363881
0.363884
0.363884
0.363885
0.363886
0.363886
0.363889
0.363889
0.36389
0.36389
0.368052
0.447103
0.454249
0.454249
0.454249
0.436657
0.436657
0.436657
0.436657
0.440755
0.47481
0.474811
0.492521
0.509912
0.51609
0.51609
0.51609
0.563352
0.563352
0.563352
0.581057
0.581057
0.606939
0.606939
0.606939
0.606939
0.60812
0.612069
0.615887
0.617047
0.619494
0.629096
0.630244
0.630244
0.632567
0.637814
0.6441
0.6441
0.6441
0.6441
0.6441
0.644602
0.644602
0.644602
0.645666
0.64825
0.648525
0.648525
0.648525
0.649695
0.650421
0.650421
0.650421
0.650554
0.651006
0.650788
0.651067
0.651136
0.651296
0.651296
0.651296
0.651354
0.651539
0.651578
0.651701
0.651744
0.651766
0.651766
0.651766
0.651768
0.651902
0.651902
0.651933
0.651933
0.651948
0.651957
0.651957
0.651989
0.651996
0.652004
0.652014
0.652018
0.65202
0.65202
0.652023
0.652024
0.652024
0.652024
0.652027
0.652027
0.65203
0.65203
0.652031
0.652031
0.652033
0.652034
0.652034
0.652034
0.652035
0.652035
0.652035
0.652035
0.652035
0.652036
0.652036
0.652036
0.652036
0.652036
0.652036
0.652037
0.652037
0.652037
0.652037
0.652037
0.652037
0.652037
0.652037
0.652037
0.652037
0.652037
0.652037
0.652037
0.652037
0.652037
0.652037
0.652037
0.652037
0.652037
0.652037
0.652037
0.652037
0.652037
0.652037
0.652037
0.652037
0.652037
0.652037
0.652037
0.652037
0.652037
0.652037
0.652037
0.652037
0.652037


0.0324688
0.03665
0.0373028
0.0378511
0.0390316
0.0395533
0.0401054
0.0425004
0.0430686
0.0430686
0.0457102
0.0468322
0.0468486
0.0492327
0.0516353
0.0525851
0.0528619
0.0552812
0.0556585
0.0600562
0.0699055
0.0636533
0.0673176
0.0901153
0.0901153
0.0992943
0.0992943
0.10852
0.123362
0.123362
0.139555
0.16537
0.16537
0.178123
0.178123
0.196215
0.219383
0.226424
0.280335
0.296006
0.301196
0.31164
0.325649
0.357047
0.357047
0.396502
0.396502
0.404875
0.426001
0.44035
0.447708
0.520981
0.542757
0.550151
0.550151
0.575229
0.583353
0.584473
0.592894
0.592894
0.604816
0.613836
0.62225
0.63209
0.63209
0.63209
0.639068
0.641794
0.644277
0.645402
0.652253
0.653213
0.654629
0.655656
0.663961
0.663961
0.667209
0.667855
0.66897
0.675455
0.680013
0.677932
0.678876
0.681974
0.682032
0.682117
0.683434
0.684507
0.687331
0.687496
0.687518
0.687915
0.694855
0.694855
0.695383
0.695567
0.695567
0.697121
0.697489
0.697499
0.698999
0.699006
0.699006
0.699037
0.699941
0.699979
0.700061
0.700073
0.700099
0.70073
0.701525
0.701387
0.701492
0.701598
0.701598
0.701605
0.701802
0.701804
0.70193
0.701931
0.701931
0.701948
0.701982
0.702001
0.702022
0.702038
0.702038
0.702038
0.702045
0.702047
0.702047
0.702055
0.702079
0.70208
0.702087
0.70209
0.70209
0.702095
0.702096
0.702098
0.7021
0.7021
0.702104
0.702105
0.702105
0.702106
0.702107
0.702108
0.702108
0.702109
0.702109
0.702109
0.70211
0.70211
0.70211
0.70211
0.702111
0.702111
0.702111
0.702111
0.702111
0.702111
0.702111
0.702111
0.702111
0.702111
0.702111
0.702112
0.702112
0.702112
0.702112
0.702112
0.702112
0.702112
0.702112
0.702112
0.702112
0.716004
0.716004
0.716004
0.716004
0.717838
0.722841
0.728116
0.730278
0.73115
0.736188
0.73972
0.746488
0.746545
0.753762
0.757554
0.758612
0.758612
0.769031
0.769031
0.77288
0.77288
0.77288
0.773502
0.773502
0.77325
0.773256
0.774623
0.775504
0.775504
0.776207
0.77674
0.77674
0.776788
0.777229
0.7779
0.777947
0.778729
0.7789
0.779101
0.779101
0.779236
0.780101
0.780856
0.780856
0.780732
0.780816
0.780994
0.780994
0.781121
0.781427
0.781737
0.781737
0.781904
0.781904
0.782524
0.78297
0.78297
0.78297
0.78297
0.78297
0.782988
0.783012
0.783051
0.783064
0.783081
0.783096
0.783098
0.783188
0.783295
0.783295
0.783312
0.783358
0.783358
0.783389
0.783403
0.783403
0.783404
0.783404
0.783405
0.783405
0.783405
0.783405
0.783405
0.783406
0.783407
0.783408
0.783411
0.783411
0.783412
0.783412
0.783423
0.783433
0.783434
0.783437
0.783438
0.783438
0.783438
0.783438
0.783442
0.783443
0.783444
0.783444
0.78345


0.0324746
0.0348596
0.0374042
0.0374042
0.0397118
0.0397449
0.0400744
0.0400949
0.0400949
0.0401287
0.0405555
0.0413784
0.0416952
0.0428559
0.0439997
0.0456356
0.0463919
0.0472632
0.0480677
0.0495378
0.0503777
0.0540108
0.0592577
0.0592577
0.0598717
0.0649292
0.0680841
0.0685684
0.0832847
0.0881106
0.0960478
0.111566
0.115529
0.142668
0.155046
0.175376
0.19534
0.245967
0.260578
0.284815
0.291873
0.352548
0.353016
0.368159
0.375464
0.432701
0.468677
0.478165
0.518813
0.532273
0.541061
0.577865
0.577865
0.583235
0.588708
0.604193
0.616401
0.625276
0.661631
0.670781
0.688385
0.708458
0.708741
0.708741
0.723179
0.730847
0.730994
0.744253
0.745784
0.747727
0.748246
0.750395
0.751003
0.755726
0.755885
0.759628
0.759628
0.761265
0.761323
0.763122
0.763234
0.763345
0.763959
0.764399
0.765082
0.765082
0.765304
0.765658
0.7657
0.765926
0.766237
0.766458
0.766519
0.766934
0.766937
0.767073
0.767077
0.767139
0.767303
0.767316
0.767351
0.767365
0.767377
0.767451
0.767506
0.767514
0.767531
0.767558
0.76756
0.767571
0.767586
0.767578
0.76759
0.767594
0.767601
0.767608
0.76761
0.76761
0.767614
0.767614
0.767615
0.767619
0.767621
0.767625
0.767625
0.767627
0.767627
0.767627
0.767627
0.767628
0.76763
0.76763
0.76763
0.767631
0.767631
0.767631
0.767631
0.767631
0.767632
0.767632
0.767632
0.767632
0.767632
0.767632
0.767632
0.767632
0.767632
0.767632
0.767632
0.767632
0.767632
0.767632
0.767632
0.767632
0.767632
0.767632
0.767632
0.767632
0.767632
0.767632
0.767632
0.767632
0.767632
0.767632
0.767632
0.767632
0.767632
0.767632
0.767632
0.767632
0.767632
0.767632
0.767632
0.767632
0.767633
0.767633
0.767633
0.767633
0.767633
0.767633
0.767633
0.767633
0.767633
0.767633
0.767633
0.767633
0.767633
0.767633
0.767633
0.767633
0.767633
0.775758
0.783694
0.784906
0.786184
0.786184
0.794749
0.795129
0.795129
0.809038
0.809038
0.815106
0.817615
0.82132
0.82132
0.871491
0.871491
0.871491
0.877212
0.877212
0.884479
0.884479
0.884479
0.884479
0.88844
0.890039
0.890039
0.890409
0.892975
0.893247
0.893247
0.893971
0.893971
0.893971
0.893971
0.893971
0.89679
0.898499
0.898499
0.898999
0.90174
0.902528
0.90847
0.90847
0.910903
0.910903
0.910903
0.91152
0.91152
0.911524
0.911524
0.911898
0.912759
0.912759
0.912759
0.912759
0.914014
0.914969
0.917189
0.917189
0.917189
0.917189
0.917189
0.917189
0.917189
0.917333
0.917394
0.917478
0.917478
0.917565
0.917672
0.917799
0.917799
0.917799
0.917839
0.918011
0.918011
0.918011
0.918027
0.918027
0.918122
0.918133
0.918203
0.918225
0.918239
0.918239
0.918252
0.918285
0.918314
0.918343
0.918416
0.918441
0.918518
0.918523
0.918532
0.918532
0.918542
0.918546
0.918616
0.918648
0.918651
0.918651
0.918663
0.91875
0.91875
0.91875
0.91877
0.918783
0.918787
0.918787
0.9188
0.918805
0.918838
0.918838
0.918849
0.91885
0.91886
0.918872
0.918884
0.918892
0.918892
0.918916
0.918917
0.918917
0.918937
0.918937
0.918938
0.918938
0.918938
0.918938


0.0241608
0.0268175
0.0283397
0.03018
0.0307113
0.0311195
0.0314885
0.0331972
0.0331972
0.0337929
0.0365573
0.0367928
0.0380084
0.0380084
0.0415197
0.0417474
0.0417474
0.0423018
0.0423018
0.0432909
0.0473879
0.0454877
0.0520202
0.0520202
0.0520321
0.0529782
0.0684286
0.0706429
0.0706429
0.0765615
0.082402
0.080096
0.107427
0.107427
0.111049
0.124241
0.126738
0.145396
0.146481
0.147535
0.17369
0.17669
0.17669
0.191114
0.208107
0.213856
0.234398
0.245609
0.253966
0.277475
0.285162
0.291505
0.295645
0.297089
0.298953
0.327632
0.332539
0.333456
0.335749
0.339977
0.351099
0.35348
0.354606
0.358841
0.371013
0.372559
0.375785
0.388896
0.415416
0.416117
0.423122
0.426396
0.42658
0.42795
0.470193
0.477182
0.481408
0.482027
0.487928
0.497099
0.498011
0.519987
0.52012
0.520489
0.527558
0.527558
0.527558
0.540043
0.54012
0.546446
0.546462
0.546607
0.564483
0.570029
0.571042
0.571042
0.573244
0.573507
0.573507
0.576306
0.577122
0.5772
0.577412
0.579434
0.5802
0.580205
0.580855
0.583155
0.583155
0.583162
0.583182
0.583185
0.584119
0.584944
0.585486
0.587415
0.588248
0.588248
0.588635
0.589147
0.589248
0.590122
0.590127
0.590131
0.59121
0.59121
0.591211
0.591212
0.591349
0.591829
0.592001
0.592053
0.592054
0.592358
0.592422
0.592604
0.592604
0.59264
0.59264
0.59269
0.592749
0.592726
0.592726
0.592771
0.592801
0.592828
0.592855
0.592855
0.592865
0.592867
0.592867
0.592875
0.592875
0.592888
0.592888
0.592888
0.592888
0.592893
0.592897
0.592898
0.592902
0.592902
0.592905
0.592908
0.592921
0.592938
0.592938
0.592938
0.592939
0.592939
0.59294
0.59294
0.592943
0.592943
0.592946
0.592946
0.592947
0.592947
0.592947
0.592947
0.592947
0.592947
0.592949
0.592949
0.592949
0.592949
0.59295
0.59295
0.59295
0.59295
0.59295
0.592951
0.592952
0.592952
0.592952
0.592952
0.592953
0.592954
0.592954
0.592954
0.592955
0.592955
0.592955
0.592955
0.592955
0.592955
0.592955
0.592955
0.592955
0.592955
0.592955
0.592956
0.592956
0.592956
0.592956
0.592956
0.592956
0.592956
0.592956
0.592956
0.592956
0.592956
0.592956
0.592956
0.592956
0.592956
0.592956
0.592956
0.592956
0.592956
0.592956
0.592956
0.592956
0.592956
0.592956
0.592956
0.592956
0.592956
0.592956
0.592956
0.592956
0.592956
0.592956
0.592956
0.592956
0.592956
0.592956
0.592956
0.592956
0.592956
0.592956
0.592956
0.592956
0.592956
0.592956
0.592956
0.592956
0.592956
0.592956
0.592956
0.592956
0.592956
0.592956
0.592956
0.592956
0.592956
0.592956
0.592956
0.592956
0.592956
0.592956
0.592956
0.592956
0.592956
0.592956
0.592956
0.592956
0.592956
0.592956
0.592956
0.592956
0.592956
0.592956
0.592956
0.592956
0.592956
0.592956
0.592956
0.592956
0.592956
0.592956
0.592956
0.592956
0.592956
0.592956
0.592956
0.592956
0.592956
0.592956
0.592956
0.592956
0.592956
0.592956
0.592956
0.592956
0.592956
0.592956
0.592956
0.592956
0.592956
0.592956
0.592956
0.592956
0.592956
0.592956
0.592956
0.592956
0.592956
0.592956
0.592956
0.592956
0.592956
0.592956
0.592956
0.592956
0.592956
0.592956
0.592956
0.592956
0.592956
0.592956
0.592956
0.592956
0.592956
0.592956
0.592956
0.592956
0.592956
0.592956
0.592956
0.592956
0.592956
0.592956
0.592956
0.592956
0.592956
0.592956
0.592956
0.592956
0.592956
0.592956
0.592956
0.592956
0.592956
0.592956
0.592956
0.592956
0.592956
0.592956
0.592956


