0.0186767
0.0186767
0.0195052
0.0199999
0.0205566
0.0207882
0.0221117
0.0224151
0.0243528
0.0248833
0.0248833
0.0249753
0.0258368
0.0260114
0.0264264
0.0278578
0.0314905
0.0321859
0.0328035
0.0332159
0.0362123
0.0363839
0.0371655
0.0395444
0.0402632
0.0402632
0.0456564
0.0490024
0.0549492
0.0552089
0.0622142
0.0700941
0.0898026
0.0955166
0.0970362
0.134962
0.134962
0.138932
0.152871
0.170025
0.170629
0.181597
0.193694
0.238234
0.246939
0.25975
0.26274
0.294156
0.294844
0.299891
0.314461
0.312312
0.314876
0.318001
0.328985
0.328985
0.333868
0.370788
0.373251
0.412016
0.413939
0.416902
0.416902
0.430543
0.430543
0.435138
0.435138
0.439283
0.439326
0.443601
0.448467
0.449525
0.452405
0.452563
0.456827
0.457409
0.459016
0.459324
0.461613
0.462223
0.462223
0.466598
0.466601
0.471283
0.471663
0.47176
0.47176
0.474757
0.476072
0.479377
0.479551
0.479575
0.482283
0.483369
0.485179
0.485209
0.485813
0.486266
0.487464
0.48758
0.48762
0.488314
0.488571
0.488595
0.489217
0.489278
0.489386
0.489486
0.490003
0.490155
0.490516
0.490516
0.490814
0.490842
0.490849
0.491106
0.491113
0.491172
0.491247
0.491247
0.491262
0.491262
0.491328
0.491332
0.49136
0.491471
0.491479
0.491526
0.491629
0.491632
0.491638
0.491638
0.49164
0.491654
0.491662
0.491686
0.491686
0.491686
0.491687
0.49171
0.49172
0.49172
0.49172
0.491726
0.491749
0.491749
0.49175
0.491763
0.491763
0.491777
0.491781
0.491782
0.491782
0.491792
0.491793
0.491797
0.491797
0.491801
0.491806
0.491816
0.491816
0.491816
0.491818
0.491819
0.491823
0.491826
0.491827
0.491827
0.491827
0.491828
0.49183
0.49183
0.491832
0.491833
0.491833
0.491833
0.491835
0.491835
0.491835
0.491835
0.491835
0.491835
0.491835
0.491835
0.491836
0.491836
0.491836
0.491836
0.491836
0.491836
0.491836
0.491836
0.491836
0.491836
0.491836
0.491836
0.491836
0.491837
0.491837
0.491837
0.491837
0.491837
0.491837
0.491837
0.491837
0.491837
0.491837
0.491837
0.491837
0.491837
0.491837
0.491837
0.491837
0.491837
0.491837
0.491837
0.491837
0.491837
0.491837
0.491837
0.491837
0.491837
0.491837
0.491837
0.491837
0.491837
0.491837
0.491837
0.491837
0.491837
0.491837
0.491837
0.491837
0.491837
0.491837
0.491837
0.491837
0.491837
0.491837
0.491837
0.491837
0.491837
0.491837
0.491837
0.491837
0.491837
0.491837
0.491837
0.491837
0.491837
0.491837
0.491837
0.491837
0.491837
0.491837
0.491837
0.491837
0.491837
0.491837
0.491837
0.491837
0.491837
0.491837
0.491837
0.491837
0.491837
0.491837
0.491837
0.491837
0.491837
0.491837
0.491837
0.491837
0.491837
0.491837
0.491837
0.491837
0.491837
0.491837
0.491837
0.491837
0.491837
0.491837
0.491837
0.491837
0.491837
0.491837
0.491837
0.491837
0.491837
0.491837
0.491837
0.491837
0.491837
0.491837
0.491837
0.491837
0.491837
0.491837
0.491837
0.491837
0.491837
0.491837
0.491837
0.491837
0.491837
0.491837
0.491837
0.491837
0.491837
0.491837
0.491837
0.491837
0.491837
0.491837
0.491837
0.491837
0.491837
0.491837
0.491837
0.491837
0.491837
0.491837
0.491837
0.491837
0.491837
0.491837
0.491837
0.491837
0.491837
0.491837
0.491837
0.491837
0.491837
0.491837
0.491837
0.491837
0.491837
0.491837
0.491837
0.491837
0.491837
0.491837
0.491837
0.491837
0.491837
0.491837
0.491837
0.491837
0.491837
0.491837
0.491837
0.491837
0.491837
0.491837
0.491837
0.491837
0.491837
0.491837
0.491837
0.491837
0.491756
0.491837
0.491837
0.491837
0.491837
0.491837
0.491837
0.491837
0.491837
0.491837
0.491837
0.491837
0.491837
0.491837
0.491837
0.491837
0.491837
0.491837
0.491837
0.491837
0.491837
0.491837
0.491837
0.491837
0.491837
0.491837
0.491837
0.491837
0.491837
0.491837
0.491837
0.491837
0.491837
0.491837
0.491837
0.491837
0.491837
0.491837
0.491837


0.0302139
0.0319097
0.0340303
0.0374166
0.0426583
0.0427487
0.0437997
0.0445296
0.0445462
0.0449768
0.0481133
0.0481561
0.0481755
0.0483786
0.048472
0.0486472
0.049635
0.050376
0.0513477
0.0517633
0.0517633
0.0533814
0.0539824
0.05548
0.05548
0.0564502
0.0585842
0.0585842
0.0585842
0.063573
0.063573
0.0636643
0.0636643
0.0641418
0.068975
0.0695103
0.0796255
0.079626
0.0827257
0.0908675
0.10727
0.10727
0.107271
0.108723
0.123841
0.127011
0.132147
0.135133
0.135134
0.136051
0.152374
0.154175
0.158605
0.158605
0.159198
0.161324
0.171652
0.173326
0.173326
0.174816
0.181328
0.182794
0.184927
0.185635
0.194651
0.194651
0.195888
0.199442
0.199562
0.20177
0.202305
0.202331
0.202333
0.204728
0.204728
0.204728
0.209196
0.209734
0.21249
0.230307
0.230307
0.242139
0.242139
0.251745
0.251745
0.261467
0.267616
0.270622
0.278611
0.278611
0.279257
0.282897
0.288054
0.288054
0.301924
0.301991
0.321322
0.321322
0.321472
0.321472
0.324471
0.324471
0.324471
0.324472
0.325169
0.326472
0.328616
0.328616
0.329326
0.332964
0.333744
0.33298
0.333571
0.334738
0.335218
0.335499
0.335919
0.335919
0.337962
0.339151
0.339151
0.339381
0.34127
0.34127
0.341627
0.343039
0.343538
0.346356
0.346609
0.346629
0.347184
0.348364
0.348681
0.348681
0.349008
0.349089
0.350478
0.351435
0.351435
0.351435
0.351599
0.352465
0.352465
0.354349
0.355885
0.356804
0.364759
0.36486
0.368175
0.373325
0.375348
0.375409
0.37561
0.37561
0.38356
0.384697
0.403028
0.413373
0.413374
0.413398
0.413406
0.413437
0.413462
0.4303
0.450115
0.453789
0.453789
0.453854
0.462648
0.472102
0.472121
0.473347
0.473347
0.493443
0.493443
0.498345
0.50382
0.512825
0.514196
0.514205
0.53246
0.535985
0.540317
0.545425
0.548775
0.556861
0.556868
0.561814
0.577228
0.577233
0.577251
0.57725
0.577252
0.579842
0.579842
0.581477
0.581477
0.582226
0.582419
0.583076
0.583616
0.583942
0.584873
0.586397
0.587492
0.587808
0.588847
0.59088
0.591223
0.591223
0.5918
0.59183
0.59183
0.592074
0.592804
0.592804
0.592805
0.592805
0.592878
0.592935
0.593049
0.593564
0.593564
0.59391
0.594061
0.594396
0.594445
0.594445
0.594445
0.594445
0.594521
0.594589
0.594589
0.594589
0.594671
0.594671
0.594671
0.594671
0.594838
0.594838
0.594854
0.594958
0.594969
0.594969
0.594969
0.59506
0.595065
0.595065
0.595065
0.595114
0.595114
0.595119
0.595141
0.595141
0.595154
0.595154
0.595176
0.595189
0.595201
0.595206
0.595209
0.595212
0.595213
0.595213
0.59522
0.59522
0.595224
0.595224
0.595228
0.595228
0.608037
0.621357
0.625478
0.626427
0.643399
0.643399
0.645548
0.645548
0.646644
0.666146
0.671551
0.671703
0.676404
0.676406
0.677011
0.677012
0.691237
0.691237
0.696055
0.696681
0.699424
0.700131
0.706122
0.713282
0.713951
0.713952
0.717876
0.717876
0.718777
0.723061
0.725061
0.719705
0.725312
0.725313
0.72643
0.728097
0.728097
0.737712
0.737712
0.740587
0.740587
0.740587
0.740587
0.740587
0.740587
0.740587
0.740587
0.742642
0.742642
0.743675
0.744497
0.747336
0.747336
0.747336
0.747898
0.749212
0.750057
0.752894
0.752894
0.752894
0.758398
0.759196
0.759196
0.759196
0.759468
0.759759
0.760405
0.760499
0.762044
0.762044
0.762102
0.761173
0.764311
0.764311
0.764311
0.764311
0.764311
0.764419
0.765091
0.765091
0.76542
0.765611
0.765618
0.765696
0.765742
0.765816
0.765816
0.76607
0.76607
0.766258
0.766258
0.766407
0.766454
0.766454
0.766717
0.766791
0.766791
0.766791
0.766853
0.766878
0.767015
0.766987
0.767174
0.767174
0.767245
0.767245
0.767523
0.767523
0.767579
0.767651
0.767651
0.767673
0.767681
0.767681
0.767699
0.767822
0.767831
0.767831
0.767831
0.767887
0.767887
0.768072
0.768072
0.768072
0.768072
0.768135
0.768157
0.768157
0.768197
0.768232


0.0383719
0.0429529
0.0452167
0.0464506
0.0473957
0.0491979
0.0493164
0.049952
0.050468
0.0506564
0.0507238
0.0517515
0.0518042
0.0518218
0.053289
0.053536
0.053536
0.0542256
0.0542256
0.0548241
0.0553995
0.0547861
0.0548724
0.0559565
0.0561477
0.0561477
0.0566416
0.056693
0.0568185
0.0573701
0.0595692
0.0590056
0.060381
0.0604861
0.0619923
0.062598
0.064991
0.0655569
0.0658149
0.0702358
0.0702399
0.07293
0.0740909
0.0761316
0.0931867
0.11773
0.117731
0.117732
0.117732
0.117732
0.119488
0.119616
0.119616
0.119616
0.146349
0.147998
0.147998
0.156912
0.18661
0.18661
0.18748
0.18748
0.193028
0.193831
0.193831
0.207084
0.207084
0.211516
0.221452
0.244381
0.247928
0.249453
0.249453
0.25575
0.25575
0.25575
0.279804
0.286477
0.286477
0.286938
0.325009
0.325009
0.325009
0.325481
0.331576
0.332427
0.339269
0.339269
0.347535
0.349669
0.349669
0.349597
0.35099
0.356304
0.356304
0.362212
0.362212
0.362212
0.372242
0.37772
0.380283
0.375681
0.378673
0.379162
0.380156
0.384597
0.384597
0.385686
0.385686
0.385693
0.391834
0.391301
0.391306
0.392254
0.394196
0.394203
0.394207
0.394418
0.394949
0.395153
0.395458
0.39545
0.396176
0.39687
0.39687
0.39687
0.397565
0.397634
0.397815
0.398124
0.398124
0.398543
0.398544
0.398544
0.398551
0.398712
0.398894
0.398894
0.398956
0.398978
0.399021
0.39909
0.39909
0.39909
0.399126
0.399153
0.399206
0.399206
0.399225
0.399261
0.399261
0.399244
0.399249
0.399262
0.399275
0.399307
0.399307
0.39932
0.399328
0.399357
0.399361
0.399423
0.399423
0.399429
0.39943
0.399444
0.399461
0.399461
0.39948
0.39948
0.39949
0.3995
0.399503
0.399503
0.399503
0.399512
0.399512
0.399517
0.399519
0.399519
0.399522
0.39953
0.400403
0.400899
0.400899
0.401222
0.401222
0.401222
0.401926
0.402587
0.403297
0.403297
0.403297
0.403399
0.403438
0.403581
0.403601
0.403602
0.403685
0.403766
0.404168
0.40448
0.407353
0.407353
0.407354
0.408131
0.409014
0.409014
0.41048
0.41048
0.411557
0.413483
0.414408
0.414408
0.422673
0.422673
0.424873
0.424873
0.424873
0.425012
0.428114
0.430162
0.430606
0.431307
0.431307
0.431307
0.433617
0.438576
0.438576
0.444119
0.445352
0.445352
0.446016
0.450302
0.450302
0.452598
0.452598
0.454528
0.45535
0.457384
0.457384
0.456052
0.457579
0.461473
0.465375
0.479395
0.494424
0.507872
0.507872
0.515921
0.525431
0.520348
0.532115
0.532115
0.532115
0.532115
0.533641
0.533641
0.533641
0.534524
0.54448
0.54448
0.54526
0.548607
0.551169
0.554269
0.55692
0.558583
0.56084
0.56084
0.562576
0.56334
0.564004
0.564004
0.566071
0.567631
0.56789
0.568096
0.568484
0.574095
0.574095
0.574095
0.576164
0.576164
0.576164
0.57803
0.578099
0.578108
0.578108
0.580873
0.580873
0.580654
0.580654
0.582095
0.582268
0.582268
0.582338
0.582338
0.582338
0.583401
0.583401
0.583602
0.583856
0.583871
0.5843
0.585366
0.586605
0.588316
0.588316
0.589431
0.589431
0.589431
0.589843
0.590413
0.590413
0.590413
0.591267
0.591267
0.591267
0.591347
0.591422
0.591495
0.591495
0.591803
0.591803
0.591803
0.591803
0.591803
0.591816
0.591868
0.591931
0.591942
0.592248
0.592248
0.592678
0.592678
0.592678
0.59268
0.59269
0.592704
0.59278
0.592758
0.592794
0.593125
0.593154
0.593249
0.593249
0.593332
0.593373
0.593373
0.593426
0.593489
0.593501
0.593501
0.593533
0.593558
0.593569
0.593573
0.593587
0.593614
0.59363
0.593658
0.593658
0.593672
0.593694
0.593694
0.593694
0.5937
0.593703
0.593706
0.593712
0.593723
0.593727
0.59373
0.593731
0.593744
0.593764
0.593771
0.593776
0.593776
0.593834
0.593805
0.593844
0.593844
0.593873
0.593873
0.593873
0.59388
0.593881
0.593881
0.593882
0.593884
0.593885
0.593892
0.593901
0.593903
0.593905
0.593905
0.593914
0.593917


0.0504558
0.0576818
0.0585014
0.0589842
0.0594187
0.0631739
0.0644813
0.0653856
0.0669242
0.0679557
0.0686693
0.0687899
0.0690434
0.0692338
0.0704087
0.0707379
0.0709096
0.0746374
0.0746374
0.0747502
0.0765283
0.0811056
0.0822957
0.0840577
0.0875728
0.0919113
0.102281
0.102281
0.106282
0.123486
0.129105
0.148276
0.150931
0.152129
0.166794
0.166794
0.167409
0.176505
0.191364
0.197093
0.200492
0.214862
0.222524
0.226688
0.243688
0.257587
0.257587
0.285098
0.286536
0.295519
0.307662
0.314147
0.316395
0.317461
0.324464
0.330472
0.340645
0.342393
0.342393
0.348914
0.352879
0.373043
0.382088
0.382088
0.382692
0.393792
0.394746
0.405558
0.418716
0.42145
0.422998
0.431796
0.433027
0.434784
0.435291
0.442131
0.444171
0.444794
0.446943
0.446943
0.447231
0.451833
0.453758
0.453996
0.454727
0.455232
0.458494
0.458494
0.458648
0.458648
0.458826
0.45959
0.460774
0.461242
0.461299
0.461894
0.461934
0.462276
0.462337
0.462485
0.462525
0.46259
0.462741
0.46275
0.462876
0.462876
0.462883
0.462887
0.462945
0.463078
0.4631
0.463229
0.463231
0.463245
0.463245
0.463384
0.463388
0.463395
0.463415
0.463417
0.463489
0.463493
0.463521
0.463523
0.463548
0.463548
0.463557
0.463563
0.463567
0.463568
0.463574
0.463594
0.463599
0.463604
0.463604
0.463606
0.463606
0.463619
0.463619
0.463619
0.463621
0.463624
0.463626
0.463626
0.463629
0.463629
0.46363
0.463635
0.463636
0.463637
0.463637
0.463637
0.463637
0.463638
0.463638
0.463638
0.463638
0.46364
0.46364
0.46364
0.463641
0.463641
0.463641
0.463641
0.463642
0.463642
0.463642
0.463642
0.463642
0.463642
0.463642
0.463642
0.463642
0.463642
0.463642
0.463642
0.463642
0.463642
0.463642
0.463642
0.463642
0.463642
0.463643
0.463643
0.463643
0.463643
0.463643
0.463643
0.463643
0.463643
0.463643
0.463643
0.463643
0.463643
0.463643
0.463643
0.463643
0.463643
0.463643
0.463643
0.463643
0.463643
0.463643
0.463643
0.463643
0.463643
0.463643
0.463643
0.463643
0.463643
0.463643
0.463643
0.463643
0.463643
0.463643
0.463643
0.463643
0.463643
0.463643
0.463643
0.463643
0.463643
0.463643
0.463643
0.463643
0.463643
0.463643
0.463643
0.463643
0.463643
0.463643
0.463643
0.463643
0.463643
0.463643
0.463643
0.463643
0.463643
0.463643
0.463643
0.463643
0.463643
0.463643
0.463643
0.463643
0.463643
0.463643
0.463643
0.463643
0.463643
0.463643
0.463643
0.463643
0.463643
0.463643
0.463643
0.463643
0.463643
0.463643
0.463643
0.463643
0.463643
0.463643
0.463643
0.463643
0.463643
0.463643
0.463643
0.463643
0.463643
0.463643
0.463643
0.463643
0.463643
0.463643
0.463643
0.463643
0.463643
0.463643
0.463643
0.463643
0.463643
0.463643
0.463643
0.463643
0.463643
0.463643
0.463643
0.463643
0.463643
0.463643
0.463643
0.463643
0.463643
0.463643
0.463643
0.463643
0.463643
0.463643
0.463643
0.463643
0.463643
0.463643
0.463643
0.463643
0.463643
0.463643
0.463643
0.463643
0.463643
0.463643
0.463643
0.463643
0.463643
0.463643
0.463643
0.463643
0.463643
0.463643
0.463643
0.463643
0.463643
0.463643
0.463643
0.463643
0.463643
0.463643
0.463643
0.463643
0.463643
0.463643
0.463643
0.463643
0.463643
0.463643
0.463643
0.463643
0.463643
0.463643
0.463643
0.463643
0.463643
0.463643
0.463643
0.463643
0.463643
0.463643
0.463643
0.463643
0.463643
0.463643
0.463643
0.463643
0.463643
0.463643
0.463643
0.463643
0.463643
0.463643
0.463643
0.463643
0.463643
0.463643
0.463643
0.463643
0.463643
0.463643
0.463643
0.463643
0.463643
0.463643
0.463643
0.463643
0.463643
0.463643
0.463643
0.463643
0.463643
0.463643
0.463643
0.463643
0.463643
0.463643
0.463643
0.463643
0.463643
0.463643
0.463643
0.463643
0.463643
0.463643
0.463643
0.463643
0.463643
0.463643
0.463643
0.463643
0.463643
0.463643
0.463643


0.0481778
0.0598063
0.0611964
0.0662596
0.0664469
0.0675616
0.0675677
0.0684782
0.068481
0.0690464
0.0692017
0.0695488
0.0695488
0.0695499
0.0697971
0.0697971
0.0698945
0.0701063
0.0701063
0.0701063
0.070232
0.070253
0.0704312
0.0704312
0.0704318
0.0706985
0.0707993
0.0707993
0.0708641
0.0708921
0.0710052
0.0710318
0.0710318
0.0710318
0.0710318
0.0713295
0.0713502
0.0713502
0.0714877
0.0715259
0.0716615
0.0716615
0.0717288
0.0717528
0.0717528
0.0718239
0.0718239
0.0719119
0.0719119
0.0719332
0.0719332
0.0719503
0.0719666
0.0719819
0.0719974
0.0720005
0.0720005
0.0720024
0.0720025
0.0720136
0.0720155
0.0720178
0.0720178
0.0720186
0.0720195
0.072022
0.0720223
0.0720243
0.0720243
0.0720243
0.0720256
0.0720259
0.0720269
0.0720279
0.072028
0.0720283
0.0720287
0.0720293
0.0720301
0.0720301
0.0720301
0.0720302
0.0720302
0.0720303
0.0720304
0.0720306
0.0720306
0.0720306
0.0720307
0.0720307
0.0720308
0.0720308
0.0720308
0.0720309
0.0720309
0.0720309
0.0720309
0.0720309
0.0720309
0.0720309
0.0720309
0.0720309
0.072031
0.072031
0.072031
0.072031
0.072031
0.072031
0.072031
0.072031
0.072031
0.072031
0.072031
0.072031
0.072031
0.072031
0.072031
0.072031
0.072031
0.072031
0.072031
0.072031
0.072031
0.072031
0.072031
0.072031
0.072031
0.072031
0.072031
0.072031
0.072031
0.072031
0.072031
0.072031
0.072031
0.072031
0.072031
0.072031
0.072031
0.072031
0.072031
0.072031
0.072031
0.072031
0.072031
0.072031
0.072031
0.072031
0.072031
0.072031
0.072031
0.072031
0.0721618
0.0722535
0.072322
0.0723529
0.0723529
0.0723938
0.0723938
0.072433
0.072433
0.072478
0.0725222
0.0725313
0.0725313
0.0725624
0.0725633
0.0726044
0.0726044
0.0726044
0.0726044
0.0726358
0.0726385
0.0726451
0.0726467
0.0726522
0.0726809
0.0727016
0.0727162
0.0727254
0.0728638
0.0728638
0.0728762
0.0728762
0.072907
0.072912
0.0729133
0.0729133
0.0729168
0.0729236
0.0729277
0.0729391
0.0729391
0.0729434
0.0729434
0.0729603
0.0729603
0.0729607
0.072965
0.0729651
0.0729763
0.0729763
0.0729823
0.0729846
0.0729882
0.0729891
0.0729891
0.0729891
0.0730254
0.0730254
0.0730288
0.0730462
0.0730462
0.0730523
0.0730563
0.0730825
0.0730844
0.0730852
0.0730856
0.0730982
0.0730983
0.0730947
0.0730966
0.0731027
0.0731036
0.0731048
0.0731077
0.0731108
0.073112
0.0731283
0.0731422
0.0731427
0.0731433
0.0731563
0.0731563
0.07317
0.07317
0.0731706
0.0731709
0.073171
0.07318
0.0731999
0.0732231
0.0732459
0.0732693
0.0732797
0.0732933
0.0732979
0.0733021
0.0733044
0.0733056
0.073303
0.0733112
0.073312
0.0733208
0.0733363
0.0733381
0.0733459
0.0733462
0.0733463
0.0733483
0.0733493
0.0733501
0.0733529
0.0733539
0.0733547
0.0733572
0.0733586
0.0733628
0.0733674
0.0733687
0.0733708
0.0733708
0.0733729
0.0733737
0.0733757
0.0733775
0.073378
0.0733786
0.0733787
0.073379
0.0733793
0.0733797
0.0733818
0.0733821
0.073385
0.0733862
0.0733865
0.0733874
0.073388
0.0733886
0.0733896
0.0733928
0.0733929
0.0733934
0.0733934
0.0733934
0.0733936
0.0733936
0.0733937
0.0733938
0.0733939
0.0733939
0.0733941
0.0733942
0.0733942
0.0733942
0.0733943
0.0733943
0.0733943
0.0733944
0.0733944
0.0733944
0.0733944
0.0733944
0.0733945
0.0733946
0.0733947
0.0733947
0.0733948
0.0733948
0.0733949
0.0733949
0.0733949
0.0733949
0.0733949
0.073395
0.073395
0.073395
0.073395
0.073395
0.073395
0.073395
0.0733951
0.0733951
0.0733951
0.0733951
0.0733951
0.0733951
0.0733951
0.0733951
0.0733951
0.0733951
0.0733951
0.0733951
0.0733951
0.0733951
0.0733951
0.0733951
0.0733951
0.0733951
0.0733951
0.0733951
0.0733951
0.0733951
0.0733951
0.0733951
0.0733951
0.0733951
0.0733951
0.0733952
0.0733952
0.0733952
0.0733952
0.0733952
0.0733952
0.0733952
0.0733952
0.0733952
0.0733952
0.0733952
0.0733952
0.0733952
0.0733952
0.0733952
0.0733952
0.0733952
0.0733952
0.0733952
0.0733952
0.0733952
0.0733952
0.0733952
0.0733952
0.0733952
0.0733952
0.0733952
0.0733952
0.0733952
0.0733952
0.0733952
0.0733952
0.0733952
0.0733952
0.0733952
0.0733952
0.0733952
0.0733952
0.0733952
0.0733952


0.0485568
0.0550026
0.0562869
0.0579883
0.0591746
0.063063
0.0644082
0.0667581
0.0667581
0.0674166
0.06825
0.0684669
0.0685703
0.0685703
0.0689778
0.0691187
0.0695514
0.0697483
0.0697483
0.0697483
0.0699696
0.0700383
0.0701913
0.0703593
0.0703593
0.0703862
0.0704348
0.0704513
0.0705028
0.0705031
0.0705031
0.0705895
0.070621
0.0706242
0.0707178
0.0708047
0.0708047
0.0708115
0.0708115
0.0709378
0.0709378
0.0709854
0.0709854
0.0710157
0.0710517
0.0710703
0.071078
0.0710924
0.0711283
0.0711605
0.0711896
0.0713178
0.0713215
0.0716671
0.0716671
0.0716716
0.0717029
0.0717103
0.0718545
0.0718765
0.0718765
0.0718807
0.0719085
0.0719443
0.0719566
0.0719674
0.0719893
0.0720029
0.0720064
0.0720364
0.0720449
0.0720797
0.072094
0.0721101
0.0721101
0.0721689
0.0721904
0.0723115
0.0723294
0.0723384
0.0723594
0.0723793
0.0723919
0.0724008
0.0725576
0.0726027
0.0726132
0.0727042
0.0727134
0.0727908
0.0727908
0.0727899
0.0728265
0.0728467
0.0728606
0.0728666
0.0728881
0.0728908
0.0728923
0.0728923
0.0729012
0.072912
0.0729177
0.0729187
0.0729219
0.072925
0.0729283
0.0729286
0.0729286
0.0729295
0.0729308
0.0729307
0.0729307
0.0729316
0.0729318
0.0729318
0.0729328
0.0729328
0.0729331
0.072934
0.0729347
0.072934
0.0729342
0.0729343
0.0729345
0.0729347
0.0729348
0.0729348
0.0729349
0.0729349
0.0729349
0.072935
0.072935
0.0729351
0.0729352
0.0729352
0.0729353
0.0729354
0.0729354
0.0729354
0.0729354
0.0729355
0.0729355
0.0729355
0.0729355
0.0729355
0.0729355
0.0729355
0.0729355
0.0729355
0.0729355
0.0729355
0.0729355
0.0729355
0.0729355
0.0729355
0.0729355
0.0729355
0.0729355
0.0729355
0.0729355
0.0729355
0.0729355
0.0729355
0.0729355
0.0729355
0.0729355
0.0729355
0.0729355
0.0729355
0.0729355
0.0729355
0.0729355
0.0729355
0.0729355
0.0729355
0.0729355
0.0729355
0.0729355
0.0729355
0.0729355
0.0729355
0.0729355
0.0729355
0.0729355
0.0729355
0.0729355
0.0729355
0.0729355
0.0729355
0.0729355
0.0729355
0.0729355
0.0729355
0.0729355
0.0729355
0.0729355
0.0729355
0.0729355
0.0729355
0.0729355
0.0729355
0.0729355
0.0729355
0.0729355
0.0729355
0.0729355
0.0729355
0.0729355
0.0729355
0.0729355
0.0729355
0.0729355
0.0729355
0.0729355
0.0729355
0.0729355
0.0729355
0.0729355
0.0729355
0.0729355
0.0729355
0.0729355
0.0729355
0.0729355
0.0729355
0.0729355
0.0729355
0.0729355
0.0729355
0.0729355
0.0729355
0.0729355
0.0729355
0.0729355
0.0729355
0.0729355
0.0729355
0.0729355
0.0729355
0.0729384
0.0729396
0.0729396
0.0729418
0.0729439
0.0729446
0.0729448
0.0729487
0.072949
0.0729525
0.0729543
0.0729544
0.0729544
0.0729549
0.0729549
0.0729549
0.072955
0.0729551
0.0729551
0.0729552
0.0729552
0.0729552
0.0729552
0.0729552
0.0729552
0.0729553
0.0729553
0.0729553
0.0729554
0.0729554
0.0729554
0.0729556
0.0729558
0.0729559
0.0729561
0.0729562
0.0729564
0.0729566
0.0729568
0.0729571
0.0729573
0.0729576
0.0729577
0.0729578
0.0729581
0.0729587
0.0729593
0.0729597
0.0729603
0.0729618
0.0729631
0.0729641
0.0729668
0.0729684
0.0729715
0.0729739
0.0729771
0.072983
0.0730027
0.0730113
0.0730154
0.0730214
0.073027
0.0730342
0.073038
0.073038
0.073038
0.073038
0.073038
0.073038
0.073038
0.073038
0.073038
0.073038
0.073038
0.073038
0.073038
0.073038
0.073038
0.073038
0.073038
0.0730381
0.0730381
0.0730381
0.0730381
0.0730382
0.0730383
0.0730384
0.0730388
0.073039
0.0730394
0.0730396
0.0730397
0.07304
0.0730403
0.073041
0.0730412
0.0730413
0.0730413
0.0730413
0.0730413
0.0730413
0.0730413
0.0730413
0.0730413
0.0730413
0.0730413
0.0730413
0.0730413
0.0730413
0.0730413
0.0730413
0.0730413
0.0730413
0.0730413
0.0730413
0.0730413
0.0730413
0.0730413
0.0730413
0.0730414
0.0730414
0.0730414
0.0730415
0.0730417
0.0730418
0.0730419
0.073042
0.0730423
0.0730428
0.0730432
0.0730439
0.0730443
0.073045
0.073046
0.0730482
0.0730494
0.0730499
0.0730513
0.0730524
0.0730528
0.0730536
0.0730559
0.0730567
0.0730572
0.0730576
0.0730576
0.0730576
0.0730576
0.0730576
0.0730576
0.0730576
0.0730577
0.0730577
0.0730577
0.0730577
0.0730577
0.0730577
0.0730577
0.0730577


0.0533339
0.0610783
0.063854
0.0639642
0.0666338
0.0673126
0.0708285
0.0715
0.0716835
0.0725647
0.0727193
0.0729729
0.0730278
0.0732095
0.0732097
0.0732231
0.0732945
0.0733786
0.0734154
0.0734154
0.0736023
0.0738546
0.0739695
0.0742115
0.0742115
0.0742801
0.0745107
0.0745215
0.0746331
0.0746813
0.0747593
0.0747633
0.0748656
0.0748656
0.0748697
0.0748985
0.0748985
0.0749087
0.0750012
0.0750281
0.0750348
0.075044
0.0750515
0.0750768
0.0750795
0.0750887
0.075111
0.0751141
0.0751256
0.0751331
0.0751331
0.0751361
0.0751393
0.0751432
0.075151
0.0751529
0.0751539
0.0751609
0.0751609
0.0751611
0.0751614
0.0751613
0.075162
0.0751622
0.0751628
0.0751635
0.0751635
0.0751638
0.0751646
0.0751647
0.0751648
0.0751648
0.0751651
0.0751651
0.0751651
0.0751653
0.0751653
0.0751653
0.0751653
0.0751653
0.0751654
0.0751654
0.0751654
0.0751655
0.0751655
0.0751655
0.0751655
0.0751655
0.0751655
0.0751655
0.0751655
0.0751655
0.0751655
0.0751655
0.0751655
0.0751655
0.0751655
0.0751655
0.0751655
0.0751655
0.0751655
0.0751655
0.0751655
0.0751655
0.0751655
0.0751655
0.0751655
0.0751655
0.0751655
0.0751655
0.0751655
0.0751655
0.0751655
0.0751655
0.0751655
0.0751655
0.0751655
0.0751655
0.0751655
0.0751655
0.0751655
0.0751655
0.0751655
0.0751655
0.0751655
0.0751655
0.0751655
0.0751655
0.0751655
0.0751655
0.0751655
0.0751655
0.0751655
0.0751655
0.0751655
0.0751655
0.0751655
0.0751655
0.0751655
0.0751655
0.0751655
0.0751655
0.0751655
0.0751655
0.0751655
0.0751655
0.0751655
0.0751655
0.0751655
0.0751655
0.0751655
0.0751655
0.0751655
0.0751655
0.0751655
0.0751655
0.0751655
0.0751655
0.0751655
0.0751792
0.0751792
0.0751792
0.0751792
0.0754232
0.0754232
0.0754232
0.0754232
0.0754232
0.0754232
0.0754232
0.0754642
0.0754642
0.0754642
0.0754642
0.0754642
0.075476
0.075476
0.075485
0.075485
0.075485
0.075485
0.0754943
0.0755056
0.0755098
0.0755111
0.0755113
0.0755113
0.0755124
0.0755521
0.0756598
0.0756598
0.0756598
0.075665
0.0757056
0.0757056
0.0757143
0.0757185
0.0757185
0.0757185
0.0757187
0.07572
0.0757214
0.0757217
0.0757247
0.0757361
0.0757365
0.0757365
0.0757367
0.0757377
0.0757383
0.0757446
0.0757446
0.0757446
0.0757449
0.0757449
0.0757501
0.0757531
0.0759461
0.0759475
0.0759543
0.0759577
0.0759586
0.0759586
0.0759591
0.0759635
0.075964
0.0759651
0.0759651
0.0759993
0.0760039
0.0760169
0.0760561
0.0760575
0.0760637
0.0760706
0.0760732
0.076074
0.0760764
0.0760768
0.0760809
0.0760813
0.0760813
0.0760813
0.0760825
0.076084
0.0760875
0.0760878
0.0760971
0.0760971
0.0760971
0.0760971
0.0761008
0.0761037
0.0761149
0.0761185
0.0761209
0.0761215
0.0761235
0.0761241
0.0761284
0.0761284
0.0761333
0.0761379
0.0761401
0.076149
0.0761553
0.0761646
0.0761653
0.0761653
0.0761664
0.0761735
0.0761792
0.0761812
0.0761888
0.0761927
0.0761942
0.0761993
0.0762011
0.0762012
0.0762023
0.076203
0.0762034
0.076209
0.076209
0.076209
0.0762104
0.0762113
0.0762115
0.0762119
0.0762143
0.07622
0.0762222
0.0762234
0.0762255
0.0762255
0.0762255
0.0762255
0.0762256
0.0762257
0.0762257
0.0762275
0.076228
0.0762285
0.076229
0.0762301
0.0762305
0.0762322
0.0762325
0.0762332
0.0762343
0.0762348
0.0762351
0.0762354
0.0762355
0.0762357
0.076236
0.0762361
0.0762362
0.0762362
0.0762365
0.0762367
0.0762369
0.0762377
0.0762379
0.0762384
0.0762384
0.0762385
0.0762385
0.0762385
0.0762385
0.0762385
0.0762386
0.0762386
0.0762386
0.0762387
0.0762387
0.0762387
0.0762388
0.0762392
0.0762392
0.0762392
0.0762393
0.0762393
0.0762394
0.0762394
0.0762394
0.0762394
0.0762396
0.0762396
0.0762396
0.0762396
0.0762397
0.0762397
0.0762397
0.0762397
0.0762397
0.0762397
0.0762397
0.0762398
0.0762398
0.0762398
0.0762398
0.0762398
0.0762398
0.0762398
0.0762398
0.0762398
0.0762398
0.0762398
0.0762398
0.0762398
0.0762398
0.0762398
0.0762398
0.0762398
0.0762398
0.0762398
0.0762398
0.0762399
0.0762399
0.0762399
0.0762399
0.0762399
0.0762399
0.0762399
0.0762399
0.0762399
0.0762399
0.0762399
0.0762399
0.0762399
0.0762399
0.0762399
0.0762399
0.0762399
0.0762399
0.0762399
0.0762399
0.0762399
0.0762399


0.0554471
0.0579725
0.0668354
0.0688853
0.07554
0.0766549
0.0771281
0.0800644
0.0804895
0.083484
0.083484
0.0838133
0.0844315
0.0844315
0.0845986
0.0852197
0.085238
0.0854156
0.0861455
0.0861745
0.0862333
0.0863759
0.0864983
0.0869202
0.0869202
0.0873823
0.0876445
0.0876445
0.0876672
0.087794
0.087908
0.0881004
0.0881661
0.0882455
0.0885195
0.0885978
0.0886076
0.088702
0.0888448
0.0889528
0.0889528
0.0891253
0.0892781
0.0893907
0.0893907
0.089415
0.0895016
0.0895185
0.0895327
0.0895536
0.0895833
0.0896184
0.0896355
0.0896444
0.0896989
0.08974
0.0897409
0.0897777
0.0898022
0.0899367
0.0899581
0.0900197
0.0900197
0.0900447
0.0900454
0.0900649
0.0900652
0.0900697
0.0900747
0.0900901
0.0900931
0.0901564
0.0901564
0.0904479
0.0904479
0.0904479
0.0905335
0.0905345
0.0905471
0.0905547
0.0905643
0.0905654
0.0905754
0.0905817
0.0906082
0.0906159
0.0906181
0.0906287
0.0906321
0.0906336
0.0906336
0.0906338
0.0906344
0.0906375
0.0906397
0.0906413
0.0906432
0.0906494
0.09065
0.09065
0.09065
0.09065
0.0906509
0.0906533
0.0906533
0.0906533
0.0906538
0.0906541
0.0907089
0.0909534
0.0909534
0.0901466
0.0918815
0.0920124
0.0920124
0.0926436
0.0927045
0.0927045
0.0929763
0.0934427
0.0937674
0.0938165
0.0938197
0.0994954
0.0994954
0.0994954
0.0999852
0.0999852
0.0999852
0.0999852
0.10243
0.104282
0.104282
0.104282
0.108466
0.108466
0.108466
0.111019
0.111019
0.114528
0.114528
0.114528
0.114528
0.114528
0.115627
0.121017
0.121017
0.121017
0.122505
0.125326
0.132211
0.143497
0.143497
0.143497
0.143497
0.146406
0.15568
0.15568
0.156722
0.161447
0.161447
0.161447
0.178494
0.178494
0.178494
0.178494
0.192718
0.192718
0.195857
0.195857
0.206045
0.203947
0.208741
0.235715
0.235715
0.235715
0.24266
0.242759
0.24727
0.247285
0.247285
0.248991
0.249054
0.252527
0.252527
0.259644
0.259644
0.262923
0.262923
0.262928
0.275338
0.275434
0.276077
0.278318
0.278407
0.280942
0.28272
0.28272
0.28736
0.287361
0.287361
0.288104
0.288106
0.289221
0.289221
0.291255
0.291758
0.291833
0.294134
0.294134
0.294602
0.293591
0.293591
0.293591
0.2952
0.295507
0.296513
0.296513
0.296513
0.298047
0.298285
0.298292
0.298295
0.298314
0.298321
0.299053
0.299053
0.29951
0.299875
0.300014
0.300154
0.300629
0.300629
0.30063
0.300755
0.300799
0.300799
0.300842
0.300982
0.300983
0.301035
0.301035
0.301177
0.301177
0.301177
0.301274
0.301274
0.301311
0.301389
0.301389
0.301485
0.301529
0.301529
0.301544
0.301544
0.301544
0.301555
0.301555
0.301574
0.30158
0.30158
0.301584
0.301585
0.301585
0.301589
0.301601
0.301601
0.301601
0.301602
0.301605
0.301605
0.301605
0.301613
0.301613
0.301613
0.301618
0.301618
0.301618
0.301618
0.301619
0.30162
0.30162
0.301622
0.301623
0.301623
0.301623
0.301623
0.301624
0.301624
0.301624
0.301624
0.301624
0.301624
0.301624
0.301624
0.301625
0.301625
0.301625
0.301625
0.301625
0.301625
0.301625
0.301625
0.301625
0.301625
0.301625
0.301625
0.301625
0.301625
0.301625
0.301625
0.301626
0.301626
0.301626
0.301626
0.301626
0.301626
0.301626
0.301626
0.301626
0.301626
0.301626
0.301626
0.301626
0.301626
0.301626
0.301626
0.301626
0.301626
0.301626
0.301626
0.301626
0.301626
0.301626
0.301626
0.301626
0.301626
0.301626
0.301626
0.301626
0.301626
0.301626
0.301626
0.301626
0.301626
0.301626
0.301626
0.301626
0.301626
0.301626
0.301626
0.301626
0.301626
0.301626
0.301626
0.301626
0.301626
0.301626
0.301626
0.301626
0.301626
0.301626
0.301626
0.301626
0.301626
0.301626
0.301626
0.301626
0.301626
0.301626
0.301626
0.301626
0.301626
0.301626
0.301626
0.301626
0.301626
0.301626
0.301626
0.301626
0.301626
0.301626
0.301626
0.301626
0.301626
0.301626
0.301626
0.301626
0.301626
0.301626
0.301626
0.301626
0.301626
0.301626
0.301626
0.301626
0.301626
0.301626
0.301626
0.301626


0.0564688
0.0597058
0.0619932
0.0677683
0.0701876
0.0707424
0.0718536
0.0744289
0.0754476
0.0761922
0.0768256
0.0772547
0.0772547
0.0772547
0.0773949
0.0776887
0.0776887
0.0777013
0.0777295
0.0777539
0.0778904
0.0779187
0.0780762
0.0781317
0.0781391
0.0781391
0.0781391
0.078142
0.078142
0.078208
0.0783611
0.0788285
0.0789722
0.0790017
0.0790534
0.0790534
0.0791732
0.0792242
0.0792323
0.0792924
0.0792978
0.0797367
0.0798247
0.0798247
0.0798247
0.0798468
0.079883
0.0800414
0.0800664
0.0800664
0.0800713
0.0801064
0.0801241
0.0802106
0.0802289
0.0802292
0.0802491
0.0802788
0.0803078
0.0803536
0.0803701
0.0803842
0.080413
0.0804182
0.0804192
0.0804306
0.0804351
0.0804431
0.0804433
0.0804503
0.0804555
0.0804593
0.0804603
0.0804603
0.0804606
0.0804616
0.080462
0.0804636
0.0804638
0.0804641
0.0804641
0.0804648
0.0804653
0.0804659
0.0804665
0.0804666
0.0804666
0.0804669
0.0804669
0.0804669
0.0804669
0.0804669
0.0804673
0.0804673
0.0804673
0.0804674
0.0804675
0.0804675
0.0804675
0.0804675
0.0804675
0.0804675
0.0804676
0.0804676
0.0804676
0.0804676
0.0804676
0.0804676
0.0804676
0.0804676
0.0804676
0.0804676
0.0804676
0.0804676
0.0804676
0.0804676
0.0804676
0.0804676
0.0804676
0.0804676
0.0804676
0.0804676
0.0804676
0.0804676
0.0804676
0.0804676
0.0804676
0.0804676
0.0804676
0.0804676
0.0804676
0.0804676
0.0804676
0.0804676
0.0804676
0.0804676
0.0804676
0.0804676
0.0804676
0.0804676
0.0804676
0.0804676
0.0804676
0.0804676
0.0804676
0.0804676
0.0804676
0.0804676
0.0804676
0.0804676
0.0804676
0.0804676
0.0804676
0.0804676
0.0804676
0.0804676
0.0804676
0.0804676
0.0804676
0.0804676
0.0804676
0.0804676
0.0804676
0.0809045
0.081063
0.0812267
0.0814583
0.0817214
0.0819099
0.0825596
0.0832557
0.0835678
0.0835678
0.0845966
0.0852516
0.0857728
0.0857728
0.0871207
0.0875034
0.0881822
0.0884329
0.0884329
0.0888016
0.0919793
0.0919793
0.0919793
0.0932414
0.0962869
0.0962869
0.0962869
0.0988493
0.0977678
0.0991476
0.0991476
0.0991476
0.101549
0.101549
0.104286
0.104286
0.104348
0.104348
0.104348
0.104821
0.104821
0.106512
0.107674
0.11054
0.110953
0.110953
0.111824
0.112937
0.112329
0.112754
0.117418
0.117418
0.117418
0.117562
0.121949
0.121949
0.136968
0.138694
0.133372
0.143981
0.146174
0.146174
0.146174
0.146174
0.148142
0.148142
0.149896
0.149896
0.149862
0.157432
0.157432
0.163657
0.163657
0.163657
0.163657
0.163657
0.163657
0.168099
0.168626
0.168626
0.172586
0.172627
0.172627
0.172741
0.178165
0.178165
0.18796
0.18796
0.192843
0.196198
0.197013
0.19703
0.19703
0.199838
0.200628
0.200628
0.200628
0.201431
0.201431
0.206185
0.210547
0.210547
0.210547
0.210547
0.210939
0.215543
0.219056
0.219056
0.219056
0.219204
0.219259
0.219259
0.219259
0.219544
0.219752
0.220749
0.221119
0.221412
0.222374
0.222808
0.226754
0.226754
0.226755
0.2272
0.227496
0.228479
0.228798
0.228925
0.229202
0.230357
0.230357
0.230357
0.230357
0.231004
0.231004
0.23304
0.23348
0.23348
0.232829
0.234553
0.234553
0.234553
0.234759
0.234982
0.234982
0.234982
0.234982
0.235712
0.235551
0.235724
0.236116
0.236185
0.236518
0.236878
0.237374
0.237374
0.237392
0.237474
0.237601
0.237601
0.237601
0.237755
0.237755
0.237755
0.237976
0.238132
0.238305
0.238305
0.238296
0.23851
0.23851
0.238571
0.238571
0.238659
0.238684
0.238684
0.238684
0.238684
0.238705
0.238797
0.238797
0.238798
0.238835
0.238857
0.238857
0.239022
0.239022
0.239022
0.239147
0.239147
0.239241
0.239246
0.239246
0.239352
0.239381
0.239381
0.239383
0.239383
0.239394
0.239394
0.239404
0.239404
0.23942
0.239477
0.23948
0.23948
0.239491
0.239492
0.23949
0.239491
0.239494
0.239494
0.239495
0.239501
0.239505
0.239508
0.23954
0.23954
0.239534
0.23957
0.239597
0.239597
0.239598
0.239605
0.239605
0.239605
0.239605
0.239634
0.239649
0.23967
0.23967
0.23967
0.239699
0.239699
0.239704
0.239714
0.239722


0.0555768
0.0572524
0.0584958
0.0629762
0.0653564
0.0665873
0.0684525
0.0687481
0.0696534
0.069996
0.0701879
0.0705102
0.0708455
0.0713043
0.0716758
0.0716758
0.0717298
0.0719461
0.0723728
0.0723826
0.0723879
0.0723944
0.0724384
0.0724942
0.0725266
0.0727242
0.0727242
0.0728064
0.0729093
0.0729093
0.0729703
0.0730235
0.0730414
0.0735113
0.0735113
0.0735185
0.0735185
0.0735426
0.0735704
0.0735821
0.0737446
0.0737827
0.0737827
0.0737928
0.0738185
0.0738388
0.0738388
0.0738682
0.0738737
0.0738769
0.0738769
0.0739028
0.0739037
0.0739106
0.0739281
0.0739281
0.0739777
0.0739843
0.0739974
0.0740347
0.0740495
0.0740509
0.0740598
0.0740627
0.0740627
0.0740871
0.0741023
0.0741023
0.0741384
0.0741415
0.0741429
0.0741535
0.0741698
0.0741801
0.0741907
0.0742093
0.0742103
0.0742112
0.0742127
0.0742326
0.0742468
0.0742499
0.0742508
0.0742508
0.0742528
0.0742528
0.0742528
0.0742563
0.0742631
0.0742637
0.0742654
0.0742679
0.0742721
0.0742721
0.0742734
0.0742742
0.0742742
0.074276
0.0742764
0.0742766
0.0742767
0.074278
0.0742781
0.0742781
0.0742782
0.0742791
0.0742797
0.0742801
0.0742808
0.0742814
0.0742814
0.0742814
0.0742814
0.0742815
0.0742815
0.0742816
0.0742816
0.0742816
0.0742816
0.0742816
0.0742816
0.0742816
0.0742817
0.0742817
0.0742817
0.0742817
0.0742817
0.0742817
0.0742817
0.0742818
0.0742818
0.0742818
0.0742818
0.0742818
0.0742818
0.0742818
0.0742818
0.0742818
0.0742818
0.0742818
0.0742818
0.0742818
0.0742818
0.0742818
0.0742818
0.0742818
0.0742818
0.0742818
0.0742818
0.0742818
0.0742818
0.0742818
0.0742818
0.0742818
0.0742818
0.0742818
0.0742818
0.0742818
0.0742818
0.0742818
0.0742818
0.0742818
0.0742818
0.0742818
0.0742818
0.0742818
0.0742818
0.0742818
0.0742818
0.0742818
0.0742818
0.0742818
0.0742818
0.0742818
0.0742818
0.0742818
0.0742818
0.0742818
0.0742818
0.0742818
0.0742818
0.0742818
0.0742818
0.0742818
0.0742818
0.0742818
0.0742818
0.0742818
0.0742818
0.0742818
0.0742818
0.0742818
0.0742818
0.0742818
0.0742818
0.0742818
0.0743016
0.0743187
0.0743187
0.0743301
0.0743301
0.0743301
0.0743319
0.0743319
0.0743324
0.0743337
0.0743621
0.0743621
0.0743621
0.0743621
0.0743621
0.0743621
0.0743643
0.0743694
0.0743701
0.0743701
0.0743701
0.0743736
0.0743736
0.0743739
0.0743739
0.0743739
0.0743739
0.0743743
0.0743743
0.0743744
0.0743746
0.0743746
0.0743746
0.0743748
0.0743748
0.074375
0.0743751
0.0743751
0.0743751
0.0743751
0.0743753
0.0743754
0.0743754
0.0743754
0.0743754
0.0743754
0.0743754
0.0743754
0.0743754
0.0743754
0.0743754
0.0743754
0.0743754
0.0743754
0.0743754
0.0743755
0.0743755
0.0743755
0.0743755
0.0743755
0.0743755
0.0743755
0.0743755
0.0743755
0.0743755
0.0743755
0.0743755
0.0743755
0.0743755
0.0743755
0.0743755
0.0743755
0.074376
0.0743761
0.074377
0.0743772
0.0743785
0.0743807
0.0743819
0.0743823
0.0743837
0.0743866
0.0743871
0.0743877
0.0743878
0.074388
0.074388
0.074388
0.0743887
0.0743887
0.0743923
0.0743951
0.0743961
0.0743973
0.0743975
0.0743976
0.0743985
0.0744003
0.0744031
0.0744039
0.0744042
0.0744042
0.0744071
0.0744071
0.0744072
0.0744074
0.0744074
0.0744075
0.0744075
0.0744075
0.0744082
0.0744082
0.0744084
0.0744092
0.0744095
0.0744095
0.0744096
0.0744096
0.0744096
0.0744096
0.0744096
0.0744096
0.0744096
0.0744096
0.0744097
0.0744097
0.0744097
0.0744097
0.0744097
0.0744097
0.0744097
0.0744097
0.0744097
0.0744097
0.0744097
0.0744097
0.0744097
0.0744097
0.0744097
0.0744097
0.0744097
0.0744097
0.0744097
0.0744097
0.0744097
0.0744097
0.0744097
0.0744097
0.0744097
0.0744097
0.0744097
0.0744098
0.0744098
0.0744098
0.0744098
0.0744099
0.0744099
0.0744099
0.0744099
0.0744099
0.0744099
0.0744099
0.0744099
0.0744099
0.0744099
0.0744099
0.0744099
0.0744099
0.0744099
0.0744099
0.0744099
0.0744099
0.0744099
0.0744099
0.0744099
0.0744099
0.0744099
0.0744099
0.0744099
0.0744099
0.0744099
0.0744099
0.0744099
0.0744099
0.0744099
0.0744099
0.0744099
0.0744099
0.0744099
0.0744099
0.0744099
0.0744099
0.0744099
0.0744099
0.0744099
0.0744099
0.0744099
0.0744099
0.07441
0.07441
0.07441
0.07441
0.07441
0.07441


0.0452931
0.048162
0.0520998
0.0540747
0.0567819
0.0573367
0.0573367
0.0573509
0.058188
0.0582128
0.0582346
0.0590752
0.0598664
0.0601805
0.0607357
0.0613718
0.0614958
0.0623098
0.0627541
0.0636309
0.0636557
0.0650563
0.0664673
0.068814
0.069797
0.0751714
0.0751714
0.0768262
0.0785746
0.0818263
0.0859911
0.0893259
0.0946191
0.0947282
0.105853
0.105853
0.107353
0.108358
0.125916
0.151586
0.156787
0.160227
0.167781
0.178284
0.178284
0.185642
0.193532
0.218198
0.223108
0.242133
0.242133
0.250557
0.266219
0.266219
0.274102
0.275866
0.275866
0.281816
0.282098
0.291361
0.314558
0.316746
0.316746
0.328081
0.331193
0.331193
0.343649
0.346968
0.352954
0.356579
0.356579
0.359094
0.362188
0.362417
0.362706
0.373784
0.375302
0.375557
0.375557
0.386141
0.386307
0.38105
0.385986
0.386003
0.386008
0.386234
0.389473
0.389473
0.391394
0.391434
0.391505
0.392295
0.393277
0.395009
0.395201
0.395201
0.395306
0.398652
0.400527
0.400624
0.400651
0.400668
0.401445
0.401496
0.401496
0.402089
0.402104
0.402138
0.402211
0.403041
0.403186
0.403273
0.403356
0.403357
0.403387
0.403459
0.403459
0.404017
0.40409
0.40409
0.404177
0.404072
0.404526
0.404868
0.404868
0.404984
0.404984
0.405031
0.405031
0.405228
0.405407
0.405407
0.405412
0.405413
0.405423
0.405451
0.40547
0.405473
0.405474
0.40549
0.40549
0.405525
0.40554
0.40554
0.405571
0.405599
0.405611
0.405612
0.405612
0.405614
0.405641
0.405641
0.405642
0.405647
0.405648
0.405664
0.405664
0.405667
0.405669
0.40567
0.40567
0.405675
0.405677
0.405677
0.405681
0.405682
0.405687
0.405691
0.405693
0.405694
0.405694
0.405696
0.405696
0.405696
0.405697
0.405699
0.4057
0.4057
0.4057
0.405701
0.405702
0.405701
0.405702
0.405702
0.405703
0.405703
0.405704
0.405704
0.405704
0.405704
0.405704
0.405704
0.405705
0.405705
0.405705
0.405705
0.405705
0.405705
0.405706
0.405706
0.405706
0.405706
0.405706
0.405706
0.405706
0.405706
0.405706
0.405706
0.405706
0.405706
0.405706
0.405706
0.405707
0.405707
0.405707
0.405707
0.405707
0.405707
0.405707
0.405707
0.405707
0.405707
0.405707
0.405707
0.405707
0.405707
0.405707
0.405707
0.405707
0.405707
0.405707
0.405707
0.405707
0.405707
0.405707
0.405707
0.405707
0.405707
0.405707
0.405707
0.405707
0.405707
0.405707
0.405707
0.405707
0.405707
0.405707
0.405707
0.405707
0.405707
0.405707
0.405707
0.405707
0.405707
0.405707
0.405707
0.405707
0.405707
0.405707
0.405707
0.405707
0.405707
0.405707
0.405707
0.405707
0.405707
0.405707
0.405707
0.405707
0.405707
0.405707
0.405707
0.405707
0.405707
0.405707
0.405707
0.405707
0.405707
0.405707
0.405707
0.405707
0.405707
0.405707
0.405707
0.405707
0.405707
0.405707
0.405707
0.405707
0.405707
0.405707
0.405707
0.405707
0.405707
0.405707
0.405707
0.405707
0.405707
0.405707
0.405707
0.405707
0.405707
0.405707
0.405707
0.405707
0.405707
0.405707
0.405707
0.405707
0.405707
0.405707
0.405707
0.405707
0.405707
0.405707
0.405707
0.405707
0.405707
0.405707
0.405707
0.405707
0.405707
0.405707
0.405707
0.405707
0.405707
0.405707
0.405707
0.405707
0.405707
0.405707
0.405707
0.405707
0.405707
0.405707
0.405707
0.405707
0.405707
0.405707
0.405707
0.405707
0.405707
0.405707
0.405707
0.405707
0.405707
0.405707
0.405707
0.405707
0.405707
0.405707
0.405707
0.405707
0.405707
0.405707
0.405707
0.405707
0.405707
0.405707
0.405707
0.405707
0.405707
0.405707
0.405707
0.405707
0.405707
0.405707
0.405707
0.405707
0.405707
0.405707
0.405707
0.405707
0.405707
0.405707
0.405707
0.405707
0.405707
0.405707
0.405707
0.405707
0.405707
0.405707
0.405707
0.405707
0.405707
0.405707
0.405707
0.405707
0.405707
0.405707
0.405707
0.405707
0.405707
0.405707
0.405707
0.405707
0.405707
0.405707
0.405707


0.0547409
0.0549263
0.058926
0.0633592
0.0663051
0.066852
0.0682246
0.070118
0.0701962
0.0707341
0.0707905
0.0712737
0.0712737
0.0717508
0.0718958
0.0719269
0.0719269
0.0722981
0.0726351
0.0727239
0.0738684
0.0738655
0.0750645
0.0750645
0.075955
0.076065
0.07921
0.079266
0.0806703
0.0806724
0.0833844
0.0859653
0.0859888
0.0896212
0.0896217
0.0896293
0.0944089
0.0944226
0.104799
0.104799
0.109137
0.128494
0.148065
0.14807
0.153921
0.172019
0.180843
0.180844
0.180848
0.182903
0.201502
0.201503
0.230194
0.251604
0.254965
0.254965
0.271047
0.278182
0.284854
0.28728
0.29553
0.300907
0.345482
0.345483
0.359593
0.36593
0.366015
0.366015
0.381808
0.383942
0.42881
0.440119
0.440119
0.454374
0.454374
0.454374
0.454374
0.455269
0.472799
0.472799
0.480071
0.495105
0.495214
0.495214
0.496943
0.497144
0.49927
0.500588
0.502652
0.50889
0.510955
0.512915
0.512915
0.512915
0.520427
0.520427
0.523786
0.526707
0.526707
0.526707
0.528315
0.528315
0.529015
0.529015
0.529262
0.529871
0.530059
0.532016
0.532016
0.532231
0.532362
0.532315
0.53319
0.533416
0.534012
0.534012
0.534012
0.53451
0.535075
0.535195
0.535322
0.535452
0.536236
0.536236
0.536844
0.536844
0.536973
0.537186
0.537186
0.537348
0.537699
0.537639
0.53771
0.537738
0.537741
0.537741
0.53796
0.53796
0.538072
0.538072
0.538072
0.537911
0.538339
0.538414
0.538414
0.538474
0.53851
0.538545
0.538557
0.538748
0.538771
0.538788
0.539153
0.539665
0.540012
0.540101
0.540102
0.540142
0.540161
0.540161
0.540186
0.540196
0.540209
0.540214
0.540214
0.540259
0.540533
0.540636
0.540636
0.540701
0.540823
0.540712
0.540918
0.54092
0.54094
0.54094
0.541497
0.541519
0.541599
0.541599
0.541637
0.541671
0.541881
0.541882
0.541882
0.541928
0.542033
0.542033
0.542065
0.542108
0.542121
0.54227
0.54227
0.542291
0.542321
0.542401
0.542431
0.542446
0.542501
0.542516
0.542541
0.542553
0.542594
0.542602
0.542602
0.54263
0.542639
0.54265
0.542656
0.542803
0.542803
0.542803
0.544639
0.549407
0.551931
0.55616
0.566093
0.566093
0.566093
0.571911
0.573539
0.578305
0.595975
0.595975
0.595975
0.595975
0.595975
0.602967
0.602967
0.602967
0.609704
0.609704
0.609704
0.610357
0.610357
0.610357
0.611108
0.612716
0.616506
0.616506
0.62479
0.62479
0.64539
0.65518
0.657377
0.657377
0.658076
0.658076
0.65964
0.667846
0.677152
0.683606
0.702075
0.741291
0.741291
0.741291
0.75583
0.75583
0.75583
0.75583
0.75583
0.779173
0.779173
0.780261
0.783301
0.788155
0.788155
0.789196
0.796956
0.805889
0.805889
0.807579
0.807579
0.807579
0.808184
0.808184
0.814647
0.819931
0.819931
0.820292
0.824808
0.826036
0.839698
0.839698
0.849248
0.850319
0.871168
0.871168
0.87123
0.907267
0.907267
0.904499
0.905106
0.90717
0.90717
0.90717
0.90717
0.909103
0.913471
0.91836
0.91836
0.91809
0.91809
0.921522
0.921522
0.923561
0.923561
0.925163
0.927309
0.93209
0.936076
0.959725
0.959725
0.959725
0.965011
0.965011
0.965011
0.965011
0.965011
0.966122
0.967634
0.970602
0.974255
0.974255
0.974255
0.974325
0.975601
0.976093
0.978992
0.979805
0.979834
0.981199
0.981674
0.981674
0.981735
0.985247
0.985247
0.986238
0.986238
0.986539
0.986539
0.988114
0.988629
0.988629
0.989086
0.989439
0.989439
0.989792
0.990437
0.990437
0.990674
0.990584
0.990982
0.990982
0.991143
0.991206
0.991206
0.991605
0.991611
0.991847
0.991847
0.991888
0.991888
0.99234
0.99234
0.99234
0.99234
0.992417
0.992613
0.992802
0.993386
0.992632
0.993877
0.993877
0.993877
0.994502
0.994502
0.99467
0.995082
0.995082
0.995169
0.995027
0.996249
0.996249
0.99631
0.996373
0.996475
0.996545
0.996758
0.996808
0.996833
0.99784
0.997997
0.997997
0.997999
0.997999
0.99803
0.998252
0.998252
0.998252


0.0528082
0.0559754
0.0578121
0.060065
0.0622663
0.0629568
0.0644047
0.0650327
0.06605
0.0663737
0.0673732
0.0675936
0.0677676
0.0681091
0.0684086
0.0686991
0.0687311
0.0688048
0.0689385
0.0689482
0.0689482
0.0690338
0.0690599
0.0693864
0.0695825
0.0695851
0.0695851
0.0696024
0.0696324
0.0697155
0.0698045
0.0699186
0.0700392
0.0701235
0.0702791
0.0704263
0.0704326
0.070438
0.0704979
0.0705082
0.0706279
0.0706411
0.0706856
0.0707233
0.0707854
0.0707958
0.0708395
0.0708702
0.0709202
0.0709206
0.0709459
0.0709577
0.070967
0.0710114
0.0710114
0.0710189
0.0710267
0.0710285
0.0710438
0.0710483
0.0710493
0.0710486
0.0710599
0.0710599
0.07106
0.0710616
0.0710631
0.0710641
0.0710656
0.0710659
0.0710662
0.0710667
0.0710671
0.0710673
0.0710675
0.0710676
0.0710678
0.0710681
0.0710684
0.0710687
0.0710692
0.0710694
0.0710694
0.0710695
0.0710695
0.0710695
0.0710696
0.0710696
0.0710696
0.0710696
0.0710696
0.0710696
0.0710696
0.0710697
0.0710697
0.0710697
0.0710697
0.0710697
0.0710697
0.0710697
0.0710697
0.0710697
0.0710697
0.0710697
0.0710698
0.0710698
0.0710698
0.0710698
0.0710698
0.0710698
0.0710698
0.0710698
0.0710698
0.0710698
0.0710698
0.0710698
0.0710698
0.0710698
0.0710698
0.0710698
0.0710698
0.0710698
0.0710698
0.0710698
0.0710698
0.0710698
0.0710698
0.0710698
0.0710698
0.0710698
0.0710698
0.0710698
0.0710698
0.0710698
0.0710698
0.0710698
0.0710698
0.0710698
0.0710698
0.0710698
0.0710698
0.0711375
0.0711375
0.0711375
0.0711375
0.0711375
0.0712127
0.0712989
0.0712989
0.0712989
0.0712989
0.0713035
0.0713035
0.0713035
0.0714862
0.0715393
0.0715393
0.0715393
0.0715393
0.0715393
0.07154
0.0715261
0.0716643
0.0717422
0.0717422
0.0717422
0.0717422
0.0717859
0.071823
0.071823
0.071823
0.0718171
0.0718612
0.0718612
0.0718887
0.0718887
0.0719035
0.0719035
0.0719151
0.0719195
0.0719195
0.0719134
0.0719272
0.0719282
0.0719295
0.0719295
0.0719295
0.0720233
0.0721024
0.0721838
0.0724669
0.0724669
0.0724669
0.0726896
0.0735661
0.0736243
0.0736243
0.0736642
0.0736642
0.0738886
0.0739472
0.0740678
0.0741062
0.0741065
0.0741068
0.074112
0.0742792
0.0742793
0.0743173
0.0744778
0.0744779
0.0744782
0.0745726
0.0746308
0.0746684
0.0747448
0.0747448
0.0749179
0.0750952
0.0750952
0.0751026
0.0751833
0.0751833
0.0751988
0.0752049
0.075208
0.0752105
0.0752126
0.0752126
0.0752136
0.0752136
0.0752115
0.0752142
0.0752186
0.0752191
0.0752193
0.0752214
0.0752217
0.0752226
0.0752321
0.0752321
0.0752304
0.075237
0.0752428
0.0752492
0.0752526
0.0752592
0.0752628
0.0752657
0.075267
0.0752672
0.07527
0.0752712
0.0752748
0.0752796
0.0752838
0.0752867
0.0752983
0.0753333
0.075371
0.0753908
0.0754334
0.0754521
0.0756143
0.0756838
0.0757086
0.0757242
0.0757245
0.0757298
0.0757447
0.0758315
0.0758555
0.0758561
0.0758562
0.0758563
0.0758958
0.0759049
0.0759169
0.0759199
0.0759207
0.0759208
0.0759232
0.0759267
0.075929
0.0759296
0.0759298
0.0759325
0.0759338
0.0759362
0.0759374
0.0759378
0.0759387
0.0759388
0.0759408
0.0759414
0.0759423
0.0759435
0.0759445
0.0759467
0.0759471
0.0759481
0.0759501
0.0759513
0.0759513
0.0759514
0.0759516
0.0759556
0.0759566
0.0759577
0.0759598
0.075961
0.0759676
0.0759791
0.0759827
0.0759831
0.0759976
0.0760157
0.0760559
0.076219
0.076413
0.076597
0.0772156
0.0772156
0.0772538
0.0772611
0.0772611
0.0772613
0.0773007
0.0773215
0.0773367
0.0773411
0.0773428
0.0773452
0.0773456
0.0773633
0.0773641
0.0773653
0.0773769
0.0773769
0.0773855
0.0773916
0.077393
0.0774048
0.0774131
0.0774174
0.0774183
0.0774195
0.077421
0.0774252
0.0774255
0.0774265
0.0774288
0.0774301
0.0774302
0.0774338
0.0774338
0.0774347
0.0774348
0.077435
0.0774355
0.0774358
0.0774351
0.077436
0.0774364
0.0774367
0.0774371
0.0774374
0.0774379
0.0774379
0.077438
0.0774381
0.0774383
0.0774383
0.0774384
0.077439
0.077439
0.0774393
0.0774393
0.0774393
0.0774395
0.07744
0.0774402
0.0774403
0.0774405
0.0774407
0.077441
0.077441
0.0774412
0.0774413
0.0774414
0.0774414
0.077442
0.0774431
0.0774434
0.0774434
0.0774434
0.0774442
0.0774467
0.0774505
0.0774753


0.0457533
0.0506709
0.0570072
0.0573618
0.0604132
0.0643961
0.0653654
0.0653654
0.0657763
0.0658968
0.0659938
0.0668644
0.0674162
0.0678645
0.0678645
0.0679053
0.0681932
0.0682001
0.0685405
0.0685405
0.0685666
0.0686068
0.0692948
0.0693767
0.0693767
0.0699069
0.0713616
0.0716531
0.0716531
0.0722292
0.0722855
0.0722855
0.0726551
0.073106
0.0731191
0.0734079
0.0767859
0.0773253
0.0773253
0.0773726
0.0773726
0.0776797
0.0781268
0.0781268
0.0789292
0.080378
0.080378
0.0823051
0.0831526
0.0981216
0.0982178
0.104635
0.112029
0.112041
0.112167
0.112292
0.113999
0.119083
0.122054
0.133951
0.133968
0.147564
0.156417
0.159099
0.159897
0.171487
0.176
0.177966
0.177987
0.18003
0.196378
0.183779
0.191864
0.204809
0.213772
0.215462
0.215465
0.22055
0.223097
0.237291
0.237291
0.23116
0.23786
0.238171
0.238171
0.239323
0.24127
0.24127
0.244245
0.244859
0.248127
0.248871
0.249784
0.250868
0.250868
0.252273
0.25245
0.253216
0.25371
0.253854
0.254131
0.253945
0.254798
0.254798
0.254798
0.254949
0.255527
0.255839
0.255946
0.255946
0.255946
0.25598
0.256251
0.256414
0.256722
0.256796
0.256796
0.256897
0.256897
0.256945
0.257044
0.257044
0.257044
0.257048
0.257072
0.257072
0.257097
0.257102
0.257104
0.257136
0.257136
0.25713
0.257159
0.257159
0.257162
0.257173
0.257181
0.257181
0.25719
0.25719
0.25719
0.2572
0.257209
0.257212
0.257212
0.257212
0.25722
0.25722
0.25722
0.25723
0.257234
0.257241
0.257242
0.257242
0.257244
0.257244
0.257244
0.257246
0.257247
0.257248
0.257248
0.257249
0.257249
0.257251
0.257251
0.257251
0.257251
0.257253
0.257253
0.257253
0.257253
0.257253
0.257254
0.257254
0.257254
0.257254
0.257258
0.257258
0.257258
0.257259
0.257259
0.257259
0.257259
0.257259
0.257259
0.257259
0.257259
0.257261
0.257261
0.257261
0.257261
0.257263
0.257263
0.257265
0.257267
0.257267
0.257269
0.257269
0.257269
0.257271
0.257275
0.257277
0.257277
0.257278
0.257278
0.257278
0.257279
0.257279
0.257279
0.25728
0.25728
0.25728
0.257281
0.257281
0.257281
0.257281
0.257281
0.257281
0.257282
0.257282
0.257282
0.257282
0.257282
0.257282
0.257282
0.257282
0.257282
0.257282
0.257282
0.257282
0.257282
0.257282
0.257282
0.257282
0.257282
0.257282
0.257282
0.257282
0.257282
0.257282
0.257282
0.257282
0.257282
0.257282
0.257282
0.257282
0.257282
0.257282
0.257282
0.257282
0.257282
0.257282
0.257282
0.257282
0.257282
0.257282
0.257282
0.257282
0.257282
0.257282
0.257282
0.257282
0.257282
0.257282
0.257282
0.257282
0.257282
0.257282
0.257282
0.257282
0.257282
0.257282
0.257282
0.257282
0.257282
0.257282
0.257282
0.257282
0.257282
0.257282
0.257282
0.257282
0.257282
0.257282
0.257282
0.257282
0.257282
0.257282
0.257282
0.257282
0.257282
0.257282
0.257282
0.257282
0.257282
0.257282
0.257282
0.257282
0.257282
0.257282
0.257282
0.257282
0.257282
0.257282
0.257282
0.257282
0.257282
0.257282
0.257282
0.257282
0.257282
0.257282
0.257282
0.257282
0.257282
0.257282
0.257282
0.257282
0.257282
0.257282
0.257282
0.257282
0.257282
0.257282
0.257282
0.257282
0.257282
0.257282
0.257282
0.257282
0.257282
0.257282
0.257282
0.257282
0.257282
0.257282
0.257282
0.257282
0.257282
0.257282
0.257282
0.257282
0.257282
0.257282
0.257282
0.257282
0.257282
0.257282
0.257282
0.257282
0.257282
0.257282
0.257282
0.257282
0.257282
0.257282
0.257282
0.257282
0.257282
0.257282
0.257282
0.257282
0.257282
0.257282
0.257282
0.257282
0.257282
0.257282
0.257282
0.257282
0.257282
0.257282
0.257282
0.257282
0.257282
0.257282
0.257282
0.257282
0.257282
0.257282
0.257282
0.257282
0.257282
0.257282
0.257282
0.257282
0.257282
0.257282
0.257282
0.257282
0.257282
0.257282
0.257282
0.257282
0.257282
0.257282
0.257282
0.257282
0.257282
0.257282


0.0426575
0.049915
0.0513442
0.051966
0.052948
0.0538068
0.0538068
0.0543896
0.0547191
0.0561706
0.056274
0.0567305
0.0574666
0.0582851
0.0590662
0.0599591
0.0599598
0.0600493
0.0601172
0.0601401
0.0606204
0.0607227
0.0614656
0.061667
0.0617481
0.0639913
0.0639913
0.0648057
0.0648466
0.0648466
0.064959
0.0650796
0.0666276
0.0666276
0.0680033
0.0685387
0.0688895
0.0703428
0.0728341
0.0728451
0.0728451
0.0731071
0.0743605
0.0775961
0.0776072
0.0826815
0.0869989
0.103341
0.110387
0.110406
0.112081
0.126126
0.135624
0.135652
0.135661
0.14103
0.14103
0.151131
0.156869
0.160062
0.160065
0.167844
0.168072
0.168072
0.175875
0.176363
0.186981
0.186981
0.18713
0.187131
0.188573
0.208669
0.208669
0.217207
0.21988
0.21988
0.225951
0.225951
0.228485
0.228504
0.228504
0.234382
0.235736
0.23998
0.240469
0.240469
0.242911
0.242911
0.244689
0.250147
0.250147
0.251564
0.25184
0.25184
0.25184
0.251858
0.255938
0.256216
0.256216
0.256507
0.257814
0.258299
0.258551
0.258551
0.258816
0.259053
0.259055
0.259676
0.259676
0.259676
0.259779
0.26018
0.26018
0.2604
0.260679
0.260679
0.261246
0.26135
0.26135
0.261522
0.261688
0.261688
0.262045
0.262293
0.262293
0.262296
0.262296
0.262386
0.262598
0.262685
0.262696
0.262696
0.262697
0.262704
0.262708
0.262724
0.262724
0.262735
0.262746
0.262809
0.262813
0.262819
0.262834
0.26288
0.262884
0.262884
0.262885
0.262888
0.262899
0.262917
0.26292
0.26292
0.26292
0.262925
0.262928
0.26293
0.262936
0.262945
0.262945
0.26295
0.26295
0.26295
0.26295
0.262953
0.262954
0.262956
0.262956
0.262957
0.262958
0.262958
0.262958
0.262958
0.26296
0.26296
0.262961
0.262979
0.263041
0.263041
0.263041
0.263044
0.263045
0.262912
0.262969
0.262969
0.262969
0.263073
0.263073
0.263073
0.263073
0.263094
0.263094
0.263144
0.263144
0.263144
0.263145
0.26315
0.26316
0.26316
0.263178
0.26327
0.26327
0.26327
0.26327
0.26328
0.263284
0.263288
0.263302
0.263318
0.263318
0.263332
0.268732
0.265242
0.269263
0.282214
0.28222
0.282223
0.283718
0.295174
0.298315
0.298317
0.29832
0.298319
0.305417
0.305419
0.306822
0.307653
0.307656
0.307657
0.309587
0.309587
0.309587
0.311126
0.311737
0.311737
0.313131
0.313131
0.315621
0.31579
0.31579
0.315988
0.317161
0.317214
0.317214
0.317214
0.317214
0.317842
0.317842
0.319197
0.319197
0.319197
0.319212
0.320008
0.320008
0.320008
0.320079
0.32023
0.320444
0.320947
0.32113
0.32113
0.32113
0.321273
0.321359
0.32136
0.321455
0.321532
0.321547
0.321547
0.321715
0.321724
0.321724
0.321884
0.321985
0.321985
0.322062
0.322062
0.322062
0.322113
0.322133
0.322133
0.322157
0.322157
0.322165
0.322166
0.322198
0.322198
0.322198
0.322216
0.322216
0.322216
0.32222
0.322219
0.322344
0.322757
0.322765
0.32386
0.32386
0.32386
0.323927
0.324466
0.325161
0.325467
0.326455
0.327012
0.327038
0.327038
0.327205
0.329013
0.329013
0.329013
0.329311
0.329383
0.32956
0.329961
0.331272
0.331272
0.331276
0.331276
0.331318
0.331409
0.331431
0.331555
0.331572
0.331792
0.331917
0.332272
0.332628
0.332699
0.332728
0.332788
0.3329
0.333098
0.333098
0.333187
0.333187
0.333187
0.333187
0.333187
0.333664
0.333816
0.334065
0.33409
0.334118
0.334302
0.334383
0.334383
0.334396
0.334722
0.334722
0.334722
0.334745
0.334797
0.334799
0.335255
0.335255
0.335255
0.335279
0.335279
0.335522
0.33591
0.33591
0.335993
0.336088
0.336088
0.336202
0.336202
0.336319
0.336319
0.336319
0.336342
0.336353
0.336362
0.336473
0.336474
0.336486
0.336514
0.336555
0.336586
0.336606
0.336606
0.336606
0.336609
0.336609
0.336609
0.336617
0.336617
0.336637
0.336637
0.336637
0.336637
0.336639
0.336648
0.336652
0.336652
0.336712
0.336712
0.336712
0.336771
0.336824
0.336824


0.0473553
0.048106
0.0499203
0.0535544
0.0603687
0.0611008
0.0631718
0.0635768
0.0642537
0.0652199
0.0659999
0.0663673
0.0666654
0.0667675
0.0671191
0.0672055
0.0681598
0.0681598
0.0682316
0.0682932
0.0701606
0.0675982
0.0679632
0.0700847
0.0700847
0.0700847
0.0710571
0.0713052
0.0713103
0.0720664
0.0720932
0.0725733
0.0726202
0.0728466
0.0730658
0.0735251
0.0738877
0.0751785
0.0751927
0.0752044
0.0752044
0.0776056
0.07794
0.0784126
0.0798013
0.0798325
0.0825498
0.0855729
0.0855823
0.0856683
0.0866198
0.0867472
0.091128
0.091128
0.0937887
0.0988305
0.104069
0.104072
0.10841
0.110272
0.111134
0.111134
0.115187
0.128129
0.130994
0.130994
0.131107
0.134134
0.156916
0.156921
0.156924
0.15775
0.175168
0.175168
0.19363
0.195907
0.195907
0.198871
0.204246
0.208257
0.209219
0.211912
0.21858
0.21858
0.21858
0.219724
0.221529
0.221548
0.222703
0.228445
0.228479
0.227732
0.227732
0.228044
0.232795
0.232806
0.233333
0.233895
0.234533
0.234791
0.238875
0.236765
0.237152
0.237152
0.237725
0.238433
0.238579
0.239315
0.239318
0.239322
0.239329
0.239336
0.240521
0.241598
0.2416
0.241844
0.241844
0.242094
0.242094
0.242233
0.2424
0.242503
0.24267
0.242671
0.242671
0.242684
0.242707
0.242849
0.24292
0.242921
0.242996
0.242996
0.243004
0.24316
0.24316
0.243161
0.243338
0.243338
0.243339
0.243386
0.243397
0.243422
0.243422
0.243474
0.243474
0.243533
0.243553
0.243553
0.243559
0.24358
0.243608
0.243617
0.243682
0.243682
0.243682
0.243689
0.243689
0.243692
0.243692
0.243717
0.243729
0.243759
0.24376
0.243778
0.243778
0.243781
0.243781
0.243791
0.243791
0.243793
0.243794
0.243797
0.243797
0.243797
0.243797
0.243797
0.243797
0.243798
0.243802
0.243804
0.243805
0.243806
0.243806
0.243807
0.243807
0.243807
0.243807
0.243808
0.243808
0.243808
0.243808
0.243808
0.243808
0.243808
0.243809
0.243809
0.243809
0.243809
0.24381
0.24381
0.24381
0.24381
0.243811
0.243811
0.243811
0.243811
0.243827
0.243838
0.243854
0.243854
0.243864
0.243872
0.243873
0.243873
0.243873
0.243878
0.243884
0.243884
0.243885
0.243885
0.243885
0.243886
0.243888
0.243888
0.243889
0.243889
0.243889
0.24389
0.24389
0.24389
0.243891
0.243891
0.243891
0.243891
0.243891
0.243891
0.243891
0.243891
0.243891
0.243891
0.243891
0.243891
0.243891
0.243891
0.243891
0.243891
0.243891
0.243891
0.243891
0.243891
0.243891
0.243891
0.243891
0.243891
0.243891
0.243891
0.243891
0.243891
0.243891
0.243891
0.243891
0.243891
0.243891
0.243891
0.243891
0.243891
0.243891
0.243891
0.243891
0.243891
0.243891
0.243891
0.243891
0.243891
0.243891
0.243891
0.243891
0.243891
0.243891
0.243891
0.243891
0.243891
0.243891
0.243891
0.243891
0.243891
0.243891
0.243891
0.243891
0.243891
0.243891
0.243891
0.243891
0.243891
0.243891
0.243891
0.243891
0.243891
0.243891
0.243891
0.243891
0.243891
0.243891
0.243891
0.243891
0.243891
0.243891
0.243891
0.243891
0.243891
0.243891
0.243891
0.243891
0.243891
0.243891
0.243891
0.243891
0.243891
0.243891
0.243891
0.243891
0.243891
0.243891
0.243891
0.243891
0.243891
0.243891
0.243891
0.243891
0.243891
0.243891
0.243891
0.243891
0.243891
0.243891
0.243891
0.243891
0.243891
0.243891
0.243891
0.243891
0.243891
0.243891
0.243891
0.243891
0.243891
0.243891
0.243891
0.243891
0.243891
0.243891
0.243891
0.243891
0.243891
0.243891
0.243891
0.243891
0.243891
0.243891
0.243891
0.243891
0.243891
0.243891
0.243891
0.243891
0.243891
0.243891
0.243891
0.243891
0.243891
0.243891
0.243891
0.243891
0.243891
0.243891
0.243891
0.243891
0.243891
0.243891
0.243891
0.243891
0.243891
0.243891
0.243891
0.243891
0.243891
0.243891
0.243891
0.243891
0.243891
0.243891
0.243891
0.243891
0.243891
0.243891
0.243891
0.243891
0.243891
0.243891
0.243891


0.0628229
0.0654974
0.0677256
0.0711916
0.0729669
0.075031
0.0759172
0.0763058
0.0770379
0.0772769
0.077932
0.0779964
0.0785178
0.0785186
0.0787042
0.0787042
0.0789402
0.0789961
0.0790898
0.0792715
0.0792723
0.0792984
0.0793152
0.0802041
0.0804637
0.0804637
0.0804703
0.0806055
0.0808105
0.0808105
0.0809808
0.0809813
0.0809813
0.0811978
0.0812896
0.08149
0.0815388
0.0815671
0.0815671
0.0815671
0.0817238
0.0817406
0.0817824
0.0819232
0.0819473
0.0819896
0.082025
0.0820291
0.0821104
0.0821369
0.0822088
0.0822089
0.0822421
0.0822426
0.0822507
0.082256
0.0822566
0.0822707
0.0822948
0.0823179
0.0823245
0.0823302
0.0823317
0.0823322
0.0823337
0.0823388
0.0823388
0.0823436
0.0823448
0.082347
0.082347
0.0823479
0.0823485
0.0823488
0.0823497
0.0823498
0.0823501
0.0823515
0.0823515
0.0823519
0.0823522
0.082353
0.0823533
0.0823533
0.0823536
0.0823537
0.0823537
0.0823538
0.0823539
0.0823539
0.0823539
0.0823539
0.0823541
0.0823541
0.0823541
0.0823542
0.0823543
0.0823543
0.0823543
0.0823543
0.0823543
0.0823543
0.0823543
0.0823543
0.0823543
0.0823543
0.0823543
0.0823543
0.0823543
0.0823543
0.0823543
0.0823543
0.0823543
0.0823543
0.0823543
0.0823543
0.0823543
0.0823543
0.0823543
0.0823543
0.0823543
0.0823543
0.0823543
0.0823543
0.0823543
0.0823543
0.0823543
0.0823543
0.0823543
0.0823543
0.0823543
0.0823543
0.0823543
0.0823543
0.0823543
0.0823543
0.0823543
0.0823543
0.0823544
0.0823544
0.0823544
0.0823544
0.0823544
0.0823544
0.0823544
0.0823573
0.0823573
0.0823895
0.0823996
0.0824189
0.0824268
0.0824371
0.0824404
0.0824404
0.082443
0.0824574
0.0824599
0.0824635
0.0824639
0.0824639
0.0824651
0.0824653
0.0824663
0.0824663
0.0824663
0.0824663
0.0824663
0.0824663
0.0824663
0.0824671
0.0824671
0.0824671
0.0824865
0.0825472
0.0826132
0.0826132
0.0826221
0.0826221
0.0826257
0.0826324
0.0826324
0.0827
0.0827
0.0827051
0.0827051
0.0827051
0.0827078
0.082717
0.082717
0.082717
0.0827175
0.0827287
0.0827299
0.0827454
0.0827455
0.0827485
0.0827513
0.0827514
0.0827543
0.0827613
0.0827706
0.0827706
0.0827706
0.0827706
0.0827707
0.0827733
0.0827747
0.082775
0.082775
0.082775
0.082775
0.0827754
0.0827754
0.0827754
0.0827754
0.0827756
0.0827759
0.082776
0.082776
0.0827761
0.0827761
0.0827761
0.0827761
0.0827761
0.0827762
0.0827762
0.0827762
0.0827762
0.0827763
0.0828026
0.0828026
0.0828026
0.0828179
0.0828204
0.0828758
0.0828933
0.0829056
0.0829239
0.0829347
0.0830254
0.0830595
0.0830696
0.083086
0.083086
0.083086
0.083086
0.0830868
0.0830945
0.0830969
0.0831049
0.0831049
0.0831049
0.0831049
0.0831084
0.0831241
0.0831382
0.0831445
0.0831476
0.0831498
0.0831519
0.083158
0.0831628
0.0831775
0.0832076
0.0832076
0.083211
0.083211
0.0832132
0.0832223
0.0832223
0.0832296
0.0832324
0.0832347
0.0832374
0.0832393
0.08324
0.083243
0.083243
0.0832707
0.0834057
0.0835586
0.0836092
0.0836309
0.0836309
0.0836399
0.0836431
0.0836555
0.0836555
0.0836572
0.0836579
0.083658
0.0836663
0.084016
0.084016
0.0840454
0.0840476
0.0840476
0.0840488
0.0840488
0.0840488
0.0840488
0.0840612
0.0840858
0.0840957
0.0840967
0.0840967
0.0841048
0.0841104
0.0841155
0.0841175
0.0841319
0.084139
0.0841438
0.0841456
0.0841464
0.0841467
0.0841478
0.0841527
0.0841527
0.0841576
0.0841576
0.0841682
0.0841732
0.0841758
0.0841839
0.0841869
0.0841939
0.0841984
0.0842027
0.0842027
0.0842027
0.084212
0.0842159
0.0842165
0.0842165
0.0842173
0.0842176
0.0842178
0.0842178
0.0842178
0.0842179
0.0842181
0.0842187
0.084219
0.0842211
0.0842212
0.0842214
0.0842214
0.0842214
0.0842226
0.0842226
0.0842259
0.0842264
0.0842273
0.0842288
0.0842289
0.0842353
0.0842353
0.0842358
0.0842358
0.0842359
0.0842362
0.0842378
0.0842382
0.0842384
0.0842384
0.0842387
0.0842387
0.0842389
0.0842389
0.084239
0.084239
0.084239
0.084239
0.084239
0.084239
0.084239
0.0842396
0.0842399
0.0842409
0.0842414
0.0842419
0.0842422
0.0842431
0.0842436
0.0842441
0.0842445
0.0842448
0.0842449
0.0842449
0.0842456
0.0842461
0.0842467
0.084247
0.0842475
0.0842477
0.0842479
0.084248
0.084248
0.0842481


0.0533984
0.0617653
0.065346
0.0697486
0.0703027
0.0704399
0.0716758
0.0729748
0.0732956
0.0748682
0.0754782
0.0755667
0.0759903
0.0759903
0.0761481
0.0762038
0.0762861
0.0763454
0.0763629
0.0764771
0.0764894
0.0765757
0.0765982
0.0766269
0.0766631
0.0768242
0.0768242
0.076825
0.0770546
0.0770835
0.0771258
0.0771949
0.077271
0.0773552
0.0773642
0.0773806
0.0775079
0.0778229
0.0778712
0.0779274
0.0779669
0.0780567
0.078297
0.0783062
0.0784637
0.0785791
0.0787156
0.0788654
0.0788944
0.0790104
0.0790157
0.0790873
0.0790873
0.0791049
0.0791168
0.0791235
0.0791242
0.0791249
0.0791344
0.079142
0.0791435
0.0791506
0.0791542
0.079156
0.079158
0.079169
0.079169
0.0791698
0.0791712
0.0791712
0.0791727
0.0791734
0.0791756
0.0791756
0.079176
0.0791766
0.0791767
0.0791772
0.0791772
0.0791772
0.0791773
0.0791774
0.0791774
0.0791774
0.0791791
0.0791799
0.0791799
0.0791806
0.0791811
0.0791811
0.0791812
0.0791817
0.0791817
0.0791818
0.0791819
0.079182
0.079182
0.079182
0.079182
0.079182
0.079182
0.079182
0.079182
0.079182
0.079182
0.079182
0.079182
0.079182
0.079182
0.079182
0.079182
0.079182
0.079182
0.079182
0.079182
0.079182
0.079182
0.079182
0.079182
0.079182
0.079182
0.079182
0.079182
0.079182
0.079182
0.0791821
0.0791821
0.0791821
0.0791821
0.0791821
0.0791821
0.0791821
0.0791821
0.0791821
0.0791821
0.0791821
0.0791821
0.0791821
0.0791821
0.0791821
0.0791821
0.0791821
0.0791821
0.0791821
0.0791821
0.0791821
0.0791821
0.0791821
0.0791821
0.0791821
0.0791821
0.0791821
0.0791821
0.0791821
0.0791821
0.0791821
0.0791821
0.0791821
0.0791821
0.0791821
0.0791821
0.0791821
0.0791821
0.0791821
0.0791821
0.0791821
0.0791821
0.0791821
0.0791821
0.0791821
0.0791821
0.0791821
0.0791821
0.0791821
0.0791821
0.0791821
0.0791821
0.0791821
0.0791821
0.0791821
0.0791821
0.0791821
0.0791821
0.0791821
0.0791821
0.0791821
0.0791821
0.0791821
0.0791821
0.0791821
0.0791821
0.0791821
0.0791821
0.0791821
0.0791821
0.0791821
0.0791821
0.0791821
0.0791821
0.0791821
0.0791821
0.0791821
0.0791821
0.0791821
0.0791821
0.0791821
0.0791821
0.0791821
0.0791821
0.0791821
0.0791821
0.0791821
0.0791821
0.0791821
0.0791821
0.0791821
0.0791821
0.0791821
0.0791821
0.0791821
0.0791821
0.0791821
0.0791821
0.0791821
0.0791821
0.0791821
0.0791821
0.0791821
0.0791821
0.0791821
0.0791821
0.0791821
0.0791821
0.0791821
0.0791821
0.0791821
0.0791821
0.0791821
0.0791821
0.0791821
0.0791821
0.0791821
0.0791821
0.0791821
0.0791821
0.0791821
0.0791821
0.0791821
0.0791821
0.0791821
0.0791833
0.0791804
0.0791835
0.0791853
0.0791853
0.0791874
0.0791949
0.0792012
0.0792012
0.0792035
0.079204
0.0792046
0.0792052
0.0792055
0.0792065
0.0792071
0.0792077
0.0792103
0.0792307
0.0792333
0.0792371
0.0792416
0.0792435
0.0792473
0.0792526
0.0792542
0.0792569
0.0792615
0.079262
0.079262
0.079262
0.079262
0.0792624
0.0792625
0.0792627
0.0792642
0.0792642
0.0792647
0.0792647
0.0792647
0.0792648
0.079265
0.079265
0.0792693
0.0792739
0.0792749
0.0792756
0.0792756
0.0792794
0.0792867
0.0792897
0.0792956
0.0792973
0.0792978
0.0792997
0.0792997
0.0793008
0.0793209
0.0793209
0.079323
0.079323
0.0793241
0.0793312
0.0793312
0.0793312
0.0793312
0.0793324
0.0793324
0.0793336
0.0793336
0.0793338
0.0793341
0.0793348
0.0793354
0.0793356
0.0793356
0.0793357
0.0793357
0.0793363
0.0793363
0.0793363
0.0793362
0.0793364
0.0793367
0.0793374
0.0793374
0.0793376
0.0793388
0.0793395
0.0793395
0.0793395
0.0793395
0.0793398
0.0793402
0.0793407
0.0793413
0.0793414
0.0793416
0.0793416
0.0793416
0.0793416
0.0793418
0.0793418
0.0793418
0.0793418
0.0793418
0.0793418
0.0793419
0.079342
0.0793422
0.0793422
0.0793422
0.0793422
0.0793423
0.0793423
0.0793423
0.0793423
0.0793423
0.0793423
0.0793423
0.0793423
0.0793423
0.0793423
0.0793423
0.0793423
0.0793423
0.0793423
0.0793423
0.0793423
0.0793423
0.0793423
0.0793423
0.0793423
0.0793423
0.0793423
0.0793424
0.0793424
0.0793424
0.0793424
0.0793424
0.0793424
0.0793424
0.0793424
0.0793424
0.0793424
0.0793424
0.0793424
0.0793424
0.0793424
0.0793424


0.0577
0.0632397
0.0665373
0.0674174
0.0701012
0.071596
0.0717338
0.0728619
0.0735032
0.0736044
0.0737166
0.0748438
0.0751891
0.0751891
0.0755678
0.0755678
0.0757165
0.0758137
0.0758618
0.0759115
0.0759309
0.0762057
0.0762604
0.0762957
0.0762957
0.0763488
0.0763502
0.0763509
0.0764141
0.076516
0.0765591
0.076594
0.0766242
0.0766242
0.0769708
0.0772494
0.0772494
0.0772507
0.0772507
0.0772791
0.0772791
0.0776069
0.0776133
0.0776667
0.0776928
0.0778176
0.0778359
0.0778471
0.0780293
0.0780319
0.0781241
0.0781241
0.0781259
0.0782331
0.0782592
0.0782996
0.0782996
0.078301
0.0783614
0.0783859
0.0784053
0.0784523
0.0784523
0.0784592
0.0784612
0.078467
0.078467
0.0784754
0.0784754
0.0784795
0.0784797
0.0784815
0.0784819
0.0784945
0.0785081
0.0785081
0.0785118
0.0785161
0.0785164
0.0785176
0.0785241
0.0785251
0.0785256
0.0785256
0.0785259
0.078526
0.0785274
0.0785284
0.0785284
0.0785287
0.0785288
0.0785282
0.0785311
0.0785311
0.0785311
0.0785315
0.0785315
0.078532
0.078532
0.078532
0.0785321
0.0785322
0.0785324
0.0785329
0.0785329
0.0785331
0.0785332
0.0785332
0.0785332
0.0785332
0.0785332
0.0785332
0.0785332
0.0785332
0.0785333
0.0785333
0.0785333
0.0785333
0.0785333
0.0785333
0.0785333
0.0785333
0.0785333
0.0785333
0.0785333
0.0785333
0.0785333
0.0785333
0.0785333
0.0785333
0.0785333
0.0785333
0.0785333
0.0785333
0.0785333
0.0785333
0.0785697
0.0785697
0.0785706
0.0785706
0.0785706
0.0785706
0.0785706
0.0785706
0.0785706
0.0785706
0.0785706
0.0785878
0.0785878
0.0785885
0.0785885
0.0785905
0.0785907
0.0785907
0.0786003
0.0786003
0.0786003
0.07861
0.07861
0.07861
0.0786166
0.0786203
0.0786235
0.0786235
0.0786235
0.0786235
0.0786251
0.0786256
0.0786256
0.0786256
0.0786256
0.0786256
0.078626
0.078626
0.0786262
0.0786262
0.0786262
0.0786262
0.0786264
0.0786264
0.0786264
0.0786265
0.0786265
0.0786265
0.0786265
0.0786265
0.0786265
0.0786266
0.0786266
0.0786266
0.0786266
0.0786266
0.0786266
0.0786266
0.0786266
0.0786266
0.0786266
0.0786266
0.0786266
0.0786266
0.0786266
0.0786266
0.0786266
0.0786266
0.0786266
0.0786266
0.0786266
0.0786266
0.0786266
0.0786266
0.0786266
0.0786266
0.0786266
0.0786266
0.0786266
0.0786266
0.0786266
0.0786266
0.0786266
0.0786266
0.0786266
0.0786266
0.0786266
0.0786266
0.0786266
0.0786266
0.0786266
0.0786266
0.0786266
0.0786266
0.0786266
0.0786266
0.0786266
0.0786266
0.0786266
0.0786266
0.0786266
0.0786266
0.0786266
0.0786272
0.0786282
0.0786289
0.0786304
0.0786304
0.0786305
0.0786305
0.0786356
0.0786356
0.0786367
0.0786396
0.0786396
0.0786393
0.0786423
0.0786503
0.0786556
0.0786611
0.078664
0.0786801
0.0786984
0.0787034
0.0787112
0.0787151
0.0787173
0.0787204
0.0787213
0.0787213
0.0787231
0.0787402
0.0787408
0.0787467
0.0787623
0.0787666
0.0787716
0.0787765
0.0787785
0.0787949
0.0787956
0.0788141
0.0788204
0.0788227
0.0788233
0.0788231
0.0788383
0.0788389
0.0788389
0.0788493
0.0788644
0.0788668
0.0788794
0.0788908
0.0788954
0.0788939
0.0788965
0.0788979
0.0788979
0.0789
0.0789
0.0789047
0.0789098
0.0789124
0.0789137
0.0789187
0.0789207
0.0789221
0.0789243
0.0789256
0.0789285
0.0789292
0.0789304
0.0789318
0.0789327
0.0789334
0.078935
0.0789367
0.0789413
0.078942
0.078942
0.0789444
0.0789444
0.0789456
0.0789456
0.0789453
0.0789458
0.0789462
0.0789465
0.0789465
0.0789471
0.0789516
0.0789525
0.0789548
0.0789558
0.0789585
0.0789596
0.0789604
0.0789612
0.0789612
0.0789619
0.0789626
0.0789627
0.0789628
0.0789629
0.0789631
0.0789636
0.0789638
0.078964
0.0789641
0.0789641
0.0789644
0.0789644
0.0789644
0.0789645
0.0789644
0.0789645
0.0789645
0.0789645
0.0789646
0.0789646
0.0789646
0.0789647
0.0789647
0.0789647
0.0789867
0.0789867
0.0789984
0.0789999
0.0790001
0.0790001
0.0790027
0.0790049
0.0790049
0.079009
0.0790117
0.079013
0.079013
0.0790152
0.0790152
0.079019
0.0790223
0.0790226
0.0790238
0.0790252
0.0790259
0.0790262
0.0790262
0.0790264
0.0790268
0.0790278
0.0790278
0.0790279
0.079028
0.0790282
0.0790284
0.0790284
0.0790285
0.0790286
0.0790286
0.0790286
0.0790287
0.0790288
0.0790288


0.0530102
0.0560855
0.0594966
0.065961
0.0675253
0.0712586
0.0728207
0.0733913
0.0734844
0.0741083
0.0747731
0.0745819
0.0748506
0.0750451
0.0750777
0.0753674
0.0754466
0.0754671
0.0755101
0.0756429
0.0756499
0.0756548
0.0757545
0.0757605
0.0758463
0.0758463
0.0760109
0.0760201
0.0760935
0.0761754
0.0763195
0.0764749
0.0766931
0.0772792
0.077418
0.0782324
0.0782729
0.0793269
0.0805223
0.0807006
0.082096
0.0811307
0.0841841
0.0842848
0.0849504
0.0876541
0.0876901
0.0879866
0.0890325
0.0897015
0.0912322
0.0958054
0.0959348
0.0982607
0.110157
0.112038
0.112038
0.1129
0.112908
0.116815
0.11682
0.120826
0.122861
0.123092
0.132691
0.145696
0.156845
0.156855
0.156855
0.165921
0.170641
0.170645
0.199383
0.199383
0.206907
0.239912
0.239913
0.239913
0.253098
0.298539
0.305247
0.306906
0.319064
0.342763
0.342763
0.378454
0.378454
0.378454
0.381171
0.384335
0.384335
0.387851
0.409613
0.430595
0.430595
0.444204
0.445472
0.471515
0.478143
0.478143
0.479709
0.482962
0.49743
0.49743
0.504596
0.511269
0.517154
0.517154
0.521563
0.521637
0.522519
0.521911
0.528168
0.528913
0.529218
0.529808
0.531052
0.531437
0.531437
0.534052
0.534052
0.534155
0.534155
0.534155
0.536947
0.538268
0.538268
0.538268
0.538603
0.539431
0.539504
0.539466
0.539825
0.540286
0.540691
0.541138
0.541297
0.541533
0.541928
0.542237
0.542237
0.542297
0.542297
0.542297
0.542447
0.542645
0.542645
0.542645
0.542865
0.542965
0.542965
0.543043
0.543043
0.543043
0.543061
0.543061
0.543119
0.54314
0.543206
0.543243
0.543257
0.543272
0.543289
0.54329
0.54329
0.54329
0.543299
0.543299
0.543312
0.543315
0.543326
0.543331
0.543335
0.543335
0.543336
0.543351
0.543351
0.543354
0.543356
0.543356
0.543358
0.54336
0.543362
0.543363
0.543363
0.543365
0.543366
0.543366
0.543366
0.543368
0.543369
0.543369
0.54337
0.54337
0.54337
0.54337
0.54337
0.543371
0.543371
0.543371
0.543372
0.543372
0.543372
0.543372
0.543372
0.543372
0.543372
0.543372
0.543372
0.543372
0.543372
0.543372
0.543372
0.543372
0.543372
0.543372
0.543372
0.543372
0.543372
0.543373
0.543373
0.543373
0.543373
0.543373
0.543373
0.543373
0.543373
0.543373
0.543373
0.543373
0.543373
0.543373
0.543373
0.543373
0.543373
0.543373
0.543373
0.543373
0.543373
0.543373
0.543373
0.543373
0.543373
0.543373
0.543432
0.543432
0.543432
0.543432
0.543432
0.543435
0.543528
0.543528
0.543528
0.543528
0.543528
0.543528
0.543528
0.543528
0.543553
0.543553
0.543559
0.543559
0.543559
0.543568
0.543568
0.543568
0.54357
0.54357
0.543572
0.543572
0.543572
0.543572
0.543572
0.543572
0.543573
0.543573
0.543573
0.543573
0.543573
0.543573
0.543574
0.543574
0.543575
0.543575
0.543575
0.543575
0.543575
0.543575
0.543575
0.543576
0.543576
0.543576
0.543576
0.543576
0.543577
0.543578
0.543579
0.543579
0.543581
0.543583
0.543584
0.543585
0.54359
0.54359
0.54359
0.54359
0.54359
0.54359
0.54359
0.54359
0.543591
0.543592
0.543592
0.543593
0.543597
0.543603
0.543604
0.543605
0.543605
0.543605
0.543606
0.543606
0.543606
0.543606
0.543608
0.543608
0.543608
0.54362
0.543641
0.543649
0.543656
0.543664
0.543669
0.543689
0.543712
0.543715
0.543743
0.543756
0.543761
0.543762
0.543765
0.54377
0.543785
0.543789
0.54379
0.543791
0.543794
0.543795
0.543798
0.543801
0.543805
0.543809
0.543813
0.543816
0.543821
0.543825
0.543827
0.543829
0.543855
0.543855
0.543855
0.543901
0.543919
0.543926
0.543926
0.54394
0.54394
0.543942
0.543943
0.543943
0.543943
0.543943
0.543943
0.543944
0.543944
0.543945
0.543951
0.543952
0.543952
0.543957
0.543957
0.54396
0.543964
0.543967
0.543969
0.543969
0.543969
0.543969
0.543969
0.54397
0.54397
0.54397
0.543971
0.543971
0.543971
0.543972
0.543972
0.543972
0.543974
0.543974


