832.374
832.374
800.885
782.155
765.464
752.356
716.316
708.853
663.458
639.184
639.184
635.294
615.349
612.565
601.898
581.536
525.201
503.838
496.638
488.338
459.09
454.767
436.71
419.799
405.37
405.37
341.055
324.367
294.749
292.257
271.772
238.692
176.329
169.288
167.618
132.645
132.645
129.108
113.537
107.823
106.789
102.444
97.7565
86.5045
84.9119
79.0535
75.9665
72.9269
72.2645
71.8487
68.3186
67.279
65.2828
65.0491
64.1318
64.1318
63.4516
60.9444
60.2503
58.5047
57.2034
55.3411
55.3411
54.8159
54.8159
54.6477
54.6477
54.4972
54.4715
54.2307
54.0177
53.9822
53.7598
53.6659
53.2264
53.1818
53.13
52.9523
52.6622
52.5927
52.5927
51.304
51.3039
48.9587
48.9469
48.9438
48.9438
47.7016
47.2407
45.8796
45.8742
45.8735
44.8363
44.6274
43.9758
43.9749
43.7633
43.6651
43.2579
43.2507
43.2494
43.0176
42.9325
42.9317
42.7526
42.734
42.7136
42.7105
42.5651
42.5162
42.4067
42.4067
42.3118
42.3092
42.3089
42.23
42.2297
42.2111
42.191
42.191
42.1864
42.1864
42.1689
42.1688
42.1605
42.1264
42.1241
42.1092
42.0774
42.0773
42.0771
42.0771
42.0771
42.0727
42.0704
42.0635
42.0635
42.0635
42.0635
42.0564
42.0538
42.0537
42.0537
42.0522
42.0452
42.0452
42.0449
42.0411
42.0411
42.0369
42.0356
42.0356
42.0356
42.0326
42.0323
42.031
42.031
42.0298
42.0282
42.0255
42.0255
42.0255
42.0248
42.0243
42.0231
42.0223
42.0221
42.0221
42.0221
42.0216
42.0212
42.0212
42.0205
42.0202
42.0202
42.0202
42.0197
42.0197
42.0197
42.0197
42.0196
42.0196
42.0196
42.0196
42.0194
42.0194
42.0194
42.0194
42.0193
42.0193
42.0193
42.0192
42.0192
42.0192
42.0192
42.0192
42.0191
42.0191
42.0191
42.0191
42.0191
42.0191
42.0191
42.0191
42.019
42.019
42.019
42.019
42.019
42.019
42.019
42.019
42.019
42.019
42.019
42.019
42.019
42.019
42.019
42.019
42.019
42.019
42.019
42.019
42.019
42.019
42.019
42.019
42.019
42.019
42.019
42.019
42.019
42.019
42.019
42.019
42.019
42.019
42.019
42.019
42.019
42.019
42.019
42.019
42.019
42.019
42.019
42.019
42.019
42.019
42.019
42.019
42.019
42.019
42.019
42.019
42.019
42.019
42.019
42.019
42.019
42.019
42.019
42.019
42.019
42.019
42.019
42.019
42.019
42.019
42.019
42.019
42.019
42.019
42.019
42.019
42.019
42.019
42.019
42.019
42.019
42.019
42.019
42.019
42.019
42.019
42.019
42.019
42.019
42.019
42.019
42.019
42.019
42.019
42.019
42.019
42.019
42.019
42.019
42.019
42.019
42.019
42.019
42.019
42.019
42.019
42.019
42.019
42.019
42.019
42.019
42.019
42.019
42.019
42.019
42.019
42.019
42.019
42.019
42.019
42.019
42.019
42.019
42.019
42.019
42.019
42.019
42.019
42.019
42.019
42.019
42.019
42.019
42.019
42.019
42.019
42.019
42.019
42.019
42.019
42.019
42.019
42.019
42.019
42.019
42.019
42.019
42.019
42.019
42.019
42.019
42.019
42.019
42.019
42.019
42.019
42.019
42.019
42.019
42.019
42.019
42.0215
42.019
42.019
42.019
42.019
42.019
42.019
42.019
42.019
42.019
42.019
42.019
42.019
42.019
42.019
42.019
42.019
42.019
42.019
42.019
42.019
42.019
42.019
42.019
42.019
42.019
42.019
42.019
42.019
42.019
42.019
42.019
42.019
42.019
42.019
42.019
42.019
42.019
42.019


849.612
799.419
751.121
686.721
632.168
629.192
617.385
611.516
610.987
606.303
582.565
581.241
580.697
579.39
576.539
575.423
569.319
564.942
559.446
557.165
557.165
548.69
544.833
535.726
535.726
531.395
521.629
521.629
521.629
503.63
503.63
503.27
503.27
501.463
485.082
482.876
460.107
460.092
454.408
441.592
422.018
422.018
422.003
419.88
407.548
404.929
401.645
399.632
399.599
399.068
390.492
389.656
387.774
387.755
387.383
386.526
382.682
382.067
382.051
381.499
379.406
378.627
377.981
377.743
375.223
375.223
374.896
373.947
373.84
373.29
373.147
373.14
373.08
372.5
372.5
372.5
369.171
369.049
368.431
364.816
364.816
362.724
362.724
361.177
361.177
352.538
351.679
351.274
350.242
350.242
350.161
349.714
344.563
344.563
343.018
341.287
333.351
333.351
329.686
329.686
329.409
329.409
329.409
329.379
321.645
321.526
321.174
321.174
316.434
276.896
276.828
270.154
270.102
270
263.862
263.837
262.644
262.644
240.619
240.516
240.516
240.496
228.281
228.281
228.25
216.486
216.444
194.97
194.949
194.947
194.9
186.561
186.534
186.534
184.449
184.442
177.188
171.699
171.699
171.699
171.685
167.478
167.478
158.904
152.212
148.523
123.87
123.861
116.375
106.914
103.735
103.692
103.675
103.675
93.0828
91.903
76.4714
70.626
70.6258
70.6239
70.6232
70.6205
70.6185
63.5971
57.7803
56.9032
56.9032
56.8881
54.9784
53.1811
53.1795
52.9634
52.9634
49.8737
49.8737
49.2301
48.5531
47.5254
47.3778
47.3771
45.5966
45.2885
44.9238
44.5124
44.2528
43.6573
43.6567
43.3127
42.3276
42.3271
42.3261
42.3261
42.326
42.1722
42.1722
42.0768
42.0767
42.0334
42.0223
41.9845
41.9536
41.9351
41.8823
41.7967
41.7358
41.7183
41.6612
41.5506
41.5322
41.5322
41.5012
41.4995
41.4995
41.4865
41.4475
41.4475
41.4475
41.4475
41.4436
41.4406
41.4345
41.4072
41.4072
41.3889
41.381
41.3634
41.3608
41.3608
41.3608
41.3608
41.3568
41.3532
41.3532
41.3532
41.3489
41.3489
41.3489
41.3489
41.3402
41.3402
41.3393
41.3339
41.3333
41.3333
41.3333
41.3286
41.3283
41.3283
41.3283
41.3257
41.3257
41.3255
41.3243
41.3243
41.3237
41.3237
41.3225
41.3218
41.3212
41.3209
41.3208
41.3206
41.3206
41.3206
41.3202
41.3202
41.32
41.32
41.3198
41.3198
40.2898
39.298
39.0062
38.9401
37.8118
37.8118
37.6762
37.6762
37.6076
36.4507
36.1499
36.1415
35.8866
35.8865
35.8541
35.8541
35.1193
35.1193
34.8816
34.851
34.7185
34.6846
34.4017
34.0735
34.0434
34.0434
33.8686
33.8686
33.8289
33.6421
33.5562
33.7881
33.5454
33.5454
33.4978
33.4272
33.4272
33.0295
33.0295
32.9137
32.9137
32.9137
32.9137
32.9137
32.9137
32.9137
32.9137
32.8318
32.8318
32.7909
32.7585
32.6474
32.6474
32.6474
32.6256
32.5747
32.5422
32.4337
32.4337
32.4337
32.2268
32.1972
32.1972
32.1972
32.1872
32.1764
32.1525
32.1491
32.0923
32.0923
32.0902
32.1243
32.0097
32.0097
32.0097
32.0097
32.0097
32.0058
31.9815
31.9815
31.9696
31.9627
31.9624
31.9596
31.958
31.9553
31.9553
31.9461
31.9461
31.9394
31.9394
31.934
31.9323
31.9323
31.9228
31.9202
31.9202
31.9202
31.918
31.9171
31.9122
31.9131
31.9064
31.9064
31.9039
31.9039
31.894
31.894
31.8919
31.8893
31.8893
31.8886
31.8883
31.8883
31.8876
31.8832
31.8829
31.8829
31.8829
31.8809
31.8809
31.8743
31.8743
31.8743
31.8743
31.8721
31.8713
31.8713
31.8698
31.8686


823.649
739.823
704.362
686.082
675.771
647.536
646.347
637.412
629.354
626.895
626.243
611.122
610.62
610.453
590.249
587.939
587.939
579.741
579.741
572.313
565.526
572.632
571.841
560.464
558.278
558.278
552.963
552.512
551.416
545.491
524.266
529.517
517.137
516.24
503.958
499.299
482.668
479.071
477.479
453.546
453.511
441.501
436.78
429.105
385.098
352.583
352.574
352.571
352.57
352.568
350.943
350.827
350.825
350.825
332.326
331.465
331.465
327.198
316.551
316.551
316.3
316.3
314.767
314.553
314.553
311.317
311.317
310.342
308.322
304.382
303.848
303.623
303.623
302.729
302.729
302.729
299.731
298.999
298.999
298.95
295.429
295.429
295.429
295.391
294.913
294.847
294.335
294.335
293.747
293.599
293.599
293.604
293.509
293.155
293.155
292.774
292.774
292.774
292.157
291.836
291.689
291.954
291.781
291.583
291.526
291.27
291.27
290.842
290.842
290.79
290.425
290.405
290.362
290.311
290.208
290.15
290.118
290.107
290.078
290.068
290.05
290.032
289.994
289.953
289.953
289.953
289.894
289.891
289.881
289.865
289.865
289.841
289.838
289.838
289.829
289.821
289.811
289.811
289.808
289.807
289.801
289.798
289.798
289.798
289.795
289.792
289.789
289.789
289.788
289.786
289.786
289.787
289.776
289.775
289.689
289.485
289.485
289.472
289.423
289.386
289.386
288.872
288.872
288.871
288.871
288.753
288.753
288.753
288.631
288.631
288.63
288.55
288.55
288.55
288.55
288.501
288.501
288.463
288.461
288.461
288.46
288.393
281.354
277.517
277.517
275.076
275.076
275.076
269.924
265.258
260.441
260.441
260.441
259.771
259.509
258.571
258.438
258.438
257.894
257.368
254.792
252.831
236.172
236.172
236.172
232.064
227.583
227.583
220.544
220.544
215.668
207.516
203.834
203.834
176.368
176.368
170.379
170.379
170.379
170.014
162.342
157.687
156.717
155.215
155.215
155.214
150.485
141.361
141.361
132.553
130.763
130.763
129.822
124.109
124.109
121.285
121.285
119.025
118.093
115.857
115.857
117.31
115.649
111.657
107.974
96.8498
87.6434
81.0709
81.0709
77.7044
74.1683
76.0037
71.9264
71.9264
71.9264
71.9264
71.4399
71.4399
71.4399
71.1622
68.2245
68.2245
68.0081
67.101
66.4291
65.6402
64.9863
64.5854
64.0522
64.0522
63.6503
63.4757
63.3251
63.3251
62.8627
62.5201
62.4637
62.4189
62.335
61.1551
61.1551
61.1551
60.7361
60.7361
60.7361
60.365
60.3515
60.3497
60.3497
59.8125
59.8125
59.8544
59.8544
59.5793
59.5466
59.5466
59.5333
59.5333
59.5333
59.3332
59.3332
59.2956
59.248
59.2453
59.1654
58.9683
58.7417
58.4327
58.4327
58.234
58.234
58.234
58.161
58.0607
58.0607
58.0607
57.9112
57.9112
57.9112
57.8971
57.8841
57.8714
57.8714
57.8178
57.8178
57.8178
57.8178
57.8178
57.8155
57.8066
57.7957
57.7936
57.7406
57.7406
57.6666
57.6666
57.6666
57.6662
57.6643
57.662
57.649
57.6527
57.6465
57.5897
57.5846
57.5683
57.5683
57.5542
57.5471
57.5471
57.538
57.5272
57.5253
57.5253
57.5198
57.5154
57.5136
57.5129
57.5105
57.5059
57.5032
57.4984
57.4984
57.4959
57.4923
57.4923
57.4923
57.4913
57.4907
57.4902
57.4891
57.4873
57.4865
57.4861
57.4859
57.4837
57.4803
57.4792
57.4782
57.4782
57.4684
57.4734
57.4667
57.4667
57.4616
57.4616
57.4616
57.4606
57.4604
57.4604
57.4601
57.4598
57.4596
57.4585
57.457
57.4566
57.4563
57.4563
57.4547
57.4542


718.565
630.771
620.737
615.097
610.181
572.946
561.42
553.671
540.827
532.673
527.306
526.344
524.475
523.101
514.15
511.703
510.49
484.996
484.996
484.249
473.028
448.33
441.755
433.774
416.566
400.664
366.893
366.893
356.435
326.497
300.87
271.655
262.629
261.012
233.722
233.722
233.016
226.228
207.223
200.169
198.29
183.565
173.919
172.024
156.864
151.236
151.236
140.493
140.119
132.346
129.401
127.969
126.227
125.426
121.652
119.89
116.518
115.978
115.978
113.885
113.038
106.281
101.814
101.814
101.536
97.2329
97.0862
94.1536
89.8817
89.3348
88.9182
86.5273
86.3546
85.8552
85.7845
83.9626
83.6817
83.5403
83.0926
83.0926
83.0536
81.9266
81.4954
81.4633
81.2872
81.2195
80.4491
80.4491
80.4285
80.4285
80.3897
80.2236
79.9657
79.86
79.8525
79.7252
79.7198
79.6435
79.6354
79.6023
79.5969
79.5857
79.5565
79.5553
79.5316
79.5316
79.5301
79.5295
79.5193
79.4895
79.4865
79.4578
79.4575
79.4556
79.4556
79.425
79.4244
79.4235
79.4191
79.4187
79.4032
79.4027
79.3964
79.3962
79.3908
79.3908
79.3893
79.388
79.3872
79.387
79.3859
79.3814
79.3803
79.3792
79.3792
79.3788
79.3788
79.376
79.376
79.376
79.3756
79.3748
79.3745
79.3744
79.3737
79.3737
79.3736
79.3724
79.3723
79.372
79.372
79.372
79.372
79.3719
79.3717
79.3717
79.3717
79.3714
79.3714
79.3713
79.3712
79.3712
79.3711
79.3711
79.371
79.371
79.371
79.371
79.371
79.371
79.371
79.3709
79.3709
79.3709
79.3709
79.3709
79.3709
79.3709
79.3709
79.3709
79.3709
79.3709
79.3708
79.3708
79.3708
79.3708
79.3708
79.3708
79.3708
79.3708
79.3708
79.3708
79.3708
79.3708
79.3708
79.3708
79.3708
79.3708
79.3708
79.3708
79.3708
79.3708
79.3708
79.3708
79.3708
79.3708
79.3708
79.3708
79.3708
79.3708
79.3708
79.3708
79.3708
79.3708
79.3708
79.3708
79.3708
79.3708
79.3708
79.3708
79.3708
79.3708
79.3708
79.3708
79.3708
79.3708
79.3708
79.3708
79.3708
79.3708
79.3708
79.3708
79.3708
79.3708
79.3708
79.3708
79.3708
79.3708
79.3708
79.3708
79.3708
79.3708
79.3708
79.3708
79.3708
79.3708
79.3708
79.3708
79.3708
79.3708
79.3708
79.3708
79.3708
79.3708
79.3708
79.3708
79.3708
79.3708
79.3708
79.3708
79.3708
79.3708
79.3708
79.3708
79.3708
79.3708
79.3708
79.3708
79.3708
79.3708
79.3708
79.3708
79.3708
79.3708
79.3708
79.3708
79.3708
79.3708
79.3708
79.3708
79.3708
79.3708
79.3708
79.3708
79.3708
79.3708
79.3708
79.3708
79.3708
79.3708
79.3708
79.3708
79.3708
79.3708
79.3708
79.3708
79.3708
79.3708
79.3708
79.3708
79.3708
79.3708
79.3708
79.3708
79.3708
79.3708
79.3708
79.3708
79.3708
79.3708
79.3708
79.3708
79.3708
79.3708
79.3708
79.3708
79.3708
79.3708
79.3708
79.3708
79.3708
79.3708
79.3708
79.3708
79.3708
79.3708
79.3708
79.3708
79.3708
79.3708
79.3708
79.3708
79.3708
79.3708
79.3708
79.3708
79.3708
79.3708
79.3708
79.3708
79.3708
79.3708
79.3708
79.3708
79.3708
79.3708
79.3708
79.3708
79.3708
79.3708
79.3708
79.3708
79.3708
79.3708
79.3708
79.3708
79.3708
79.3708
79.3708
79.3708
79.3708
79.3708
79.3708
79.3708
79.3708
79.3708
79.3708
79.3708
79.3708
79.3708
79.3708
79.3708
79.3708
79.3708
79.3708
79.3708
79.3708
79.3708
79.3708
79.3708
79.3708
79.3708
79.3708
79.3708
79.3708
79.3708
79.3708
79.3708
79.3708
79.3708
79.3708
79.3708
79.3708
79.3708
79.3708
79.3708
79.3708
79.3708
79.3708
79.3708


828.978
678.57
658.834
608.672
607.266
598.609
598.539
588.509
588.489
584.185
582.976
579.924
579.924
579.916
577.909
577.909
577.249
575.678
575.678
575.678
574.603
574.387
573.017
573.017
573.011
571.253
570.223
570.223
569.565
569.381
568.644
568.169
568.169
568.169
568.169
565.781
565.596
565.596
564.313
563.941
563.068
563.068
562.637
562.4
562.4
561.853
561.853
561.28
561.28
561.121
561.121
561.015
560.855
560.757
560.659
560.635
560.635
560.623
560.621
560.551
560.533
560.518
560.518
560.51
560.504
560.485
560.483
560.47
560.47
560.47
560.461
560.46
560.45
560.443
560.442
560.44
560.437
560.432
560.425
560.425
560.425
560.425
560.425
560.424
560.423
560.422
560.422
560.422
560.421
560.421
560.42
560.42
560.42
560.42
560.42
560.42
560.42
560.42
560.419
560.419
560.419
560.419
560.419
560.419
560.419
560.419
560.419
560.419
560.419
560.419
560.419
560.419
560.419
560.419
560.419
560.419
560.419
560.419
560.419
560.419
560.419
560.419
560.419
560.419
560.419
560.419
560.419
560.419
560.419
560.419
560.419
560.419
560.419
560.419
560.419
560.419
560.419
560.419
560.419
560.419
560.419
560.419
560.419
560.419
560.419
560.419
560.419
560.419
560.419
560.419
560.419
560.419
559.593
559.017
558.588
558.396
558.396
558.141
558.141
557.897
557.897
557.618
557.344
557.287
557.287
557.095
557.09
556.836
556.836
556.836
556.836
556.643
556.626
556.585
556.575
556.542
556.293
556.09
555.96
555.874
554.98
554.98
554.888
554.888
554.7
554.669
554.657
554.657
554.624
554.582
554.557
554.483
554.483
554.445
554.445
554.342
554.342
554.338
554.309
554.308
554.227
554.227
554.188
554.165
554.141
554.133
554.133
554.133
553.778
553.778
553.747
553.579
553.579
553.521
553.482
553.231
553.22
553.214
553.212
553.091
553.09
553.125
553.107
553.048
553.043
553.036
553.009
552.981
552.971
552.813
552.689
552.685
552.679
552.553
552.553
552.422
552.422
552.418
552.416
552.416
552.36
552.205
552.056
551.914
551.752
551.682
551.585
551.55
551.51
551.496
551.484
551.508
551.437
551.429
551.349
551.255
551.238
551.168
551.166
551.165
551.146
551.139
551.135
551.117
551.111
551.106
551.091
551.083
551.045
551.014
551.006
550.986
550.986
550.969
550.964
550.95
550.938
550.935
550.931
550.931
550.929
550.927
550.924
550.909
550.908
550.889
550.882
550.88
550.875
550.871
550.867
550.861
550.841
550.84
550.837
550.837
550.837
550.836
550.836
550.835
550.834
550.833
550.833
550.832
550.832
550.831
550.831
550.831
550.83
550.83
550.83
550.83
550.829
550.829
550.829
550.829
550.828
550.827
550.827
550.826
550.826
550.826
550.826
550.825
550.825
550.825
550.825
550.825
550.824
550.824
550.824
550.824
550.824
550.824
550.824
550.824
550.824
550.824
550.824
550.824
550.824
550.824
550.824
550.824
550.824
550.824
550.824
550.824
550.824
550.824
550.824
550.824
550.824
550.824
550.824
550.824
550.824
550.824
550.824
550.824
550.823
550.823
550.823
550.823
550.823
550.823
550.823
550.823
550.823
550.823
550.823
550.823
550.823
550.823
550.823
550.823
550.823
550.823
550.823
550.823
550.823
550.823
550.823
550.823
550.823
550.823
550.823
550.823
550.823
550.823
550.823
550.823
550.823
550.823
550.823
550.823
550.823
550.823
550.823
550.823


730.915
641.921
628.035
608.597
597.221
560.396
549.142
530.195
530.195
525.585
519.541
517.973
517.14
517.14
514.325
513.387
510.626
509.109
509.109
509.109
507.217
506.793
505.853
504.831
504.831
504.668
504.256
504.116
503.805
503.802
503.802
503.274
503.009
502.989
502.202
501.681
501.681
501.64
501.64
500.887
500.887
500.471
500.471
500.274
499.973
499.85
499.804
499.684
499.472
499.204
498.995
498.198
498.167
496.153
496.153
496.116
495.886
495.843
494.932
494.789
494.789
494.764
494.588
494.368
494.266
494.205
494.08
493.968
493.942
493.764
493.706
493.49
493.404
493.272
493.272
492.827
492.651
491.68
491.543
491.492
491.323
491.177
491.075
491.02
489.903
489.54
489.48
488.765
488.712
488.099
488.099
488.103
487.828
487.667
487.562
487.517
487.351
487.333
487.321
487.321
487.26
487.191
487.148
487.141
487.121
487.097
487.071
487.069
487.069
487.063
487.053
487.054
487.054
487.046
487.045
487.045
487.037
487.037
487.035
487.028
487.023
487.028
487.027
487.026
487.025
487.023
487.022
487.022
487.022
487.022
487.022
487.021
487.021
487.02
487.02
487.02
487.018
487.018
487.018
487.018
487.018
487.018
487.018
487.017
487.017
487.017
487.017
487.017
487.017
487.017
487.017
487.017
487.017
487.017
487.017
487.017
487.017
487.017
487.017
487.017
487.017
487.017
487.017
487.017
487.017
487.017
487.017
487.017
487.017
487.017
487.017
487.017
487.017
487.017
487.017
487.017
487.017
487.017
487.017
487.017
487.017
487.017
487.017
487.017
487.017
487.017
487.017
487.017
487.017
487.017
487.017
487.017
487.017
487.017
487.017
487.017
487.017
487.017
487.017
487.017
487.017
487.017
487.017
487.017
487.017
487.017
487.017
487.017
487.017
487.017
487.017
487.017
487.017
487.017
487.017
487.017
487.017
487.017
487.017
487.017
487.017
487.017
487.017
487.017
487.017
487.017
487.017
487.017
487.017
487.017
487.017
487.017
487.017
487.017
487.017
487.017
487.017
487.017
487.017
487.017
487.001
486.994
486.994
486.982
486.97
486.966
486.965
486.943
486.941
486.922
486.911
486.911
486.911
486.908
486.908
486.908
486.907
486.907
486.907
486.906
486.906
486.906
486.906
486.906
486.906
486.906
486.906
486.905
486.905
486.905
486.905
486.904
486.903
486.902
486.901
486.901
486.9
486.898
486.897
486.896
486.894
486.893
486.892
486.891
486.89
486.886
486.883
486.881
486.878
486.869
486.862
486.856
486.841
486.832
486.814
486.801
486.783
486.75
486.639
486.591
486.568
486.534
486.503
486.462
486.441
486.441
486.441
486.441
486.441
486.441
486.441
486.441
486.441
486.441
486.441
486.441
486.441
486.441
486.441
486.441
486.441
486.441
486.441
486.44
486.44
486.44
486.439
486.438
486.437
486.435
486.433
486.432
486.432
486.43
486.428
486.424
486.423
486.423
486.423
486.423
486.423
486.423
486.423
486.423
486.423
486.423
486.423
486.423
486.423
486.423
486.423
486.423
486.423
486.423
486.423
486.423
486.422
486.422
486.422
486.422
486.422
486.422
486.422
486.421
486.42
486.42
486.419
486.418
486.417
486.414
486.412
486.408
486.406
486.401
486.396
486.383
486.377
486.374
486.366
486.36
486.358
486.353
486.34
486.336
486.333
486.331
486.331
486.331
486.331
486.331
486.331
486.331
486.331
486.331
486.33
486.33
486.33
486.33
486.33
486.33


750.335
655.159
628.076
627.118
600.917
594.415
566.248
561.58
559.948
552.349
551.264
549.333
548.965
547.751
547.75
547.646
547.052
546.466
546.161
546.161
544.915
542.841
542.09
540.523
540.523
540.082
538.251
538.181
537.283
536.898
536.4
536.372
535.607
535.607
535.574
535.351
535.351
535.282
534.56
534.376
534.323
534.261
534.213
534.026
534.009
533.948
533.775
533.751
533.662
533.61
533.61
533.59
533.565
533.534
533.473
533.459
533.45
533.396
533.396
533.395
533.393
533.394
533.388
533.387
533.382
533.377
533.376
533.375
533.368
533.367
533.367
533.367
533.365
533.365
533.364
533.363
533.363
533.363
533.363
533.363
533.363
533.363
533.362
533.362
533.362
533.362
533.362
533.362
533.362
533.362
533.362
533.362
533.362
533.362
533.362
533.362
533.362
533.361
533.361
533.361
533.361
533.361
533.361
533.361
533.361
533.361
533.361
533.361
533.361
533.361
533.361
533.361
533.361
533.361
533.361
533.361
533.361
533.361
533.361
533.361
533.361
533.361
533.361
533.361
533.361
533.361
533.361
533.361
533.361
533.361
533.361
533.361
533.361
533.361
533.361
533.361
533.361
533.361
533.361
533.361
533.361
533.361
533.361
533.361
533.361
533.361
533.361
533.361
533.361
533.361
533.361
533.361
533.361
533.361
533.361
533.361
533.361
533.361
533.361
533.275
533.275
533.275
533.275
531.741
531.741
531.741
531.741
531.741
531.741
531.741
531.485
531.485
531.485
531.485
531.485
531.411
531.411
531.355
531.355
531.355
531.355
531.298
531.227
531.201
531.193
531.192
531.192
531.184
530.938
530.272
530.272
530.272
530.24
529.989
529.989
529.935
529.91
529.91
529.91
529.908
529.899
529.89
529.888
529.87
529.799
529.796
529.796
529.794
529.788
529.784
529.745
529.745
529.745
529.744
529.744
529.711
529.693
528.18
528.171
528.13
528.109
528.103
528.103
528.1
528.073
528.07
528.064
528.064
527.798
527.763
527.664
527.362
527.353
527.305
527.252
527.232
527.226
527.207
527.205
527.179
527.175
527.175
527.175
527.166
527.157
527.135
527.132
527.065
527.065
527.065
527.065
527.036
527.019
526.932
526.904
526.889
526.885
526.87
526.867
526.833
526.833
526.796
526.762
526.748
526.684
526.643
526.574
526.569
526.569
526.56
526.506
526.462
526.446
526.387
526.358
526.347
526.307
526.293
526.293
526.284
526.279
526.276
526.232
526.232
526.232
526.222
526.215
526.214
526.21
526.192
526.148
526.131
526.122
526.106
526.106
526.106
526.106
526.105
526.104
526.104
526.09
526.087
526.083
526.079
526.071
526.068
526.055
526.052
526.047
526.039
526.035
526.032
526.03
526.029
526.028
526.025
526.025
526.024
526.024
526.021
526.02
526.018
526.012
526.011
526.007
526.007
526.006
526.006
526.006
526.006
526.006
526.005
526.005
526.005
526.005
526.005
526.004
526.004
526.001
526.001
526.001
526
526
525.999
525.999
525.999
525.999
525.998
525.998
525.998
525.998
525.997
525.997
525.997
525.997
525.997
525.997
525.997
525.997
525.997
525.997
525.997
525.996
525.996
525.996
525.996
525.996
525.996
525.996
525.996
525.996
525.996
525.996
525.996
525.996
525.996
525.996
525.996
525.996
525.996
525.996
525.996
525.996
525.996
525.996
525.996
525.996
525.996
525.996
525.996
525.996
525.996
525.996
525.996
525.996
525.996
525.996
525.996
525.996
525.996


755.391
720.054
624.977
605.917
553.871
545.103
541.987
521.69
518.84
500.918
500.918
499.059
495.718
495.718
494.629
491.251
491.132
489.996
485.605
485.457
485.15
484.423
483.69
481.482
481.482
479.036
477.44
477.44
477.303
476.679
475.992
474.842
474.52
474.062
472.448
472.066
472.009
471.503
470.778
470.202
470.202
469.203
468.382
467.737
467.737
467.618
467.125
467.029
466.961
466.859
466.69
466.495
466.413
466.362
466.058
465.856
465.851
465.675
465.556
464.906
464.804
464.507
464.507
464.388
464.384
464.292
464.291
464.265
464.241
464.168
464.154
463.801
463.801
462.179
462.179
462.179
461.714
461.709
461.649
461.613
461.56
461.556
461.5
461.466
461.32
461.279
461.267
461.21
461.191
461.184
461.184
461.183
461.179
461.163
461.151
461.142
461.131
461.097
461.094
461.094
461.094
461.094
461.089
461.076
461.076
461.076
461.073
461.071
460.771
459.437
459.437
463.897
454.511
453.833
453.833
450.62
450.315
450.315
448.964
446.682
445.122
444.888
444.872
420.847
420.847
420.847
419.021
419.021
419.021
419.021
410.403
404.376
404.376
404.376
392.122
392.122
392.122
385.453
385.453
377.12
377.12
377.12
377.12
377.12
374.692
363.835
363.835
363.835
361.117
356.25
345.748
331.82
331.82
331.82
331.82
328.749
320.072
320.072
319.189
315.393
315.393
315.393
303.987
303.987
303.987
303.987
296.531
296.531
295.08
295.08
290.766
291.608
289.708
280.868
280.868
280.868
278.824
278.358
277.095
277.024
277.024
276.603
276.307
275.371
275.371
273.736
273.736
272.967
272.967
272.943
270.426
270.391
270.249
269.788
269.743
269.26
268.928
268.928
268.106
268.101
268.101
267.971
267.96
267.767
267.767
267.422
267.335
266.986
266.606
266.606
266.529
266.505
266.505
266.505
266.242
266.193
266.031
266.031
266.031
265.77
265.696
265.664
265.652
265.649
265.62
265.493
265.493
265.42
265.359
265.332
265.31
265.233
265.233
265.23
265.21
265.2
265.2
265.192
265.17
265.165
265.157
265.157
265.134
265.132
265.132
265.116
265.116
265.111
265.099
265.098
265.083
265.076
265.076
265.074
265.074
265.074
265.072
265.072
265.069
265.068
265.068
265.068
265.067
265.067
265.067
265.065
265.065
265.065
265.065
265.064
265.064
265.064
265.063
265.063
265.063
265.062
265.062
265.062
265.062
265.062
265.062
265.062
265.062
265.062
265.062
265.062
265.062
265.061
265.061
265.061
265.061
265.061
265.061
265.061
265.061
265.061
265.061
265.061
265.061
265.061
265.061
265.061
265.061
265.061
265.061
265.061
265.061
265.061
265.061
265.061
265.061
265.061
265.061
265.061
265.061
265.061
265.061
265.061
265.061
265.061
265.061
265.061
265.061
265.061
265.061
265.061
265.061
265.061
265.061
265.061
265.061
265.061
265.061
265.061
265.061
265.061
265.061
265.061
265.061
265.061
265.061
265.061
265.061
265.061
265.061
265.061
265.061
265.061
265.061
265.061
265.061
265.061
265.061
265.061
265.061
265.061
265.061
265.061
265.061
265.061
265.061
265.061
265.061
265.061
265.061
265.061
265.061
265.061
265.061
265.061
265.061
265.061
265.061
265.061
265.061
265.061
265.061
265.061
265.061
265.061
265.061
265.061
265.061
265.061
265.061
265.061
265.061
265.061
265.061
265.061
265.061
265.061
265.061
265.061
265.061
265.061
265.061
265.061
265.061
265.061


698.416
660.612
636.933
589.451
564.639
560.838
551.214
533.634
525.777
521.157
516.397
513.745
513.745
513.745
512.731
511.087
511.087
510.996
510.773
510.637
509.76
509.603
508.369
507.938
507.897
507.897
507.897
507.875
507.875
507.367
506.487
504.084
502.973
502.746
502.45
502.45
501.794
501.403
501.36
500.901
500.872
497.987
497.524
497.524
497.524
497.399
497.196
496.263
496.075
496.075
496.039
495.793
495.701
495.251
495.156
495.153
495.05
494.874
494.71
494.45
494.36
494.263
494.058
494.031
494.024
493.965
493.937
493.896
493.894
493.851
493.821
493.793
493.785
493.785
493.783
493.777
493.775
493.764
493.763
493.761
493.761
493.756
493.753
493.749
493.745
493.744
493.744
493.742
493.742
493.742
493.742
493.742
493.739
493.739
493.739
493.738
493.738
493.738
493.738
493.737
493.737
493.737
493.737
493.737
493.737
493.737
493.737
493.737
493.737
493.737
493.737
493.737
493.737
493.737
493.737
493.737
493.737
493.737
493.737
493.737
493.737
493.737
493.737
493.737
493.737
493.737
493.737
493.737
493.737
493.737
493.737
493.737
493.737
493.737
493.737
493.737
493.737
493.737
493.737
493.737
493.737
493.737
493.737
493.737
493.737
493.737
493.737
493.737
493.737
493.737
493.737
493.737
493.737
493.737
493.737
493.737
493.737
493.737
493.737
493.737
493.737
493.737
493.737
490.529
489.384
488.214
486.575
484.74
483.44
479.066
474.548
472.576
472.576
466.3
462.475
459.521
459.521
452.226
450.241
446.808
445.567
445.567
443.77
429.463
429.463
429.463
424.312
412.943
412.943
412.943
404.387
407.895
403.445
403.445
403.445
396.223
396.223
388.716
388.716
388.555
388.555
388.555
387.33
387.33
383.109
380.342
373.944
373.066
373.066
371.256
369.01
370.229
369.374
360.673
360.673
360.673
360.423
353.241
353.241
333.886
332.062
337.915
326.875
324.883
324.883
324.883
324.883
323.17
323.17
321.696
321.696
321.724
315.893
315.893
311.658
311.658
311.658
311.658
311.658
311.658
308.9
308.587
308.587
306.311
306.288
306.288
306.225
303.336
303.336
298.677
298.677
296.586
295.228
294.907
294.901
294.901
293.822
293.525
293.525
293.525
293.227
293.227
291.523
290.045
290.045
290.045
290.045
289.916
288.446
287.377
287.377
287.377
287.332
287.316
287.316
287.316
287.232
287.17
286.877
286.769
286.684
286.406
286.281
285.179
285.179
285.178
285.057
284.977
284.712
284.626
284.592
284.518
284.213
284.213
284.213
284.213
284.044
284.044
283.518
283.406
283.406
283.572
283.135
283.135
283.135
283.083
283.027
283.027
283.027
283.027
282.845
282.885
282.843
282.745
282.728
282.646
282.558
282.437
282.437
282.432
282.412
282.381
282.381
282.381
282.344
282.344
282.344
282.29
282.252
282.211
282.211
282.213
282.161
282.161
282.146
282.146
282.125
282.119
282.119
282.119
282.119
282.114
282.092
282.092
282.092
282.083
282.078
282.078
282.038
282.038
282.038
282.008
282.008
281.986
281.984
281.984
281.959
281.952
281.952
281.952
281.952
281.949
281.949
281.947
281.947
281.943
281.929
281.928
281.928
281.926
281.926
281.926
281.926
281.925
281.925
281.925
281.924
281.923
281.922
281.914
281.914
281.916
281.907
281.901
281.901
281.9
281.899
281.899
281.899
281.899
281.892
281.888
281.883
281.883
281.883
281.876
281.876
281.875
281.873
281.871


674.375
650.449
634.605
591.491
570.213
559.745
545.957
543.099
535.465
532.345
531.112
529.067
526.259
522.252
519.946
519.946
519.482
517.764
515.175
515.091
515.06
515.005
514.657
514.323
514.129
512.932
512.932
512.238
511.631
511.631
511.236
510.914
510.809
507.374
507.374
507.332
507.332
507.133
506.972
506.905
505.569
505.349
505.349
505.291
505.143
505.011
505.011
504.825
504.793
504.767
504.767
504.593
504.588
504.542
504.406
504.406
504.013
503.975
503.883
503.579
503.461
503.452
503.402
503.382
503.382
503.234
503.13
503.13
502.867
502.848
502.841
502.746
502.621
502.542
502.47
502.325
502.319
502.314
502.303
502.149
502.035
502.01
502.005
502.005
501.992
501.992
501.992
501.968
501.913
501.91
501.896
501.877
501.844
501.844
501.833
501.828
501.828
501.814
501.81
501.809
501.808
501.798
501.798
501.798
501.797
501.79
501.785
501.781
501.776
501.771
501.771
501.771
501.771
501.77
501.77
501.77
501.77
501.77
501.769
501.769
501.769
501.769
501.769
501.769
501.769
501.769
501.768
501.768
501.768
501.768
501.768
501.768
501.768
501.768
501.768
501.768
501.768
501.768
501.768
501.768
501.768
501.768
501.768
501.768
501.768
501.768
501.768
501.768
501.768
501.768
501.768
501.768
501.768
501.768
501.768
501.768
501.768
501.768
501.768
501.768
501.768
501.768
501.768
501.768
501.768
501.768
501.768
501.768
501.768
501.768
501.768
501.768
501.768
501.768
501.768
501.768
501.768
501.768
501.768
501.768
501.768
501.768
501.768
501.768
501.768
501.768
501.768
501.768
501.768
501.768
501.768
501.768
501.768
501.768
501.768
501.768
501.609
501.472
501.472
501.381
501.381
501.381
501.366
501.366
501.362
501.352
501.125
501.125
501.125
501.125
501.125
501.125
501.107
501.067
501.061
501.061
501.061
501.033
501.033
501.031
501.031
501.031
501.031
501.028
501.028
501.027
501.025
501.025
501.025
501.023
501.023
501.022
501.021
501.021
501.021
501.021
501.02
501.019
501.019
501.019
501.019
501.019
501.019
501.019
501.019
501.019
501.018
501.018
501.018
501.018
501.018
501.018
501.018
501.018
501.018
501.018
501.018
501.018
501.018
501.018
501.018
501.018
501.018
501.018
501.018
501.018
501.018
501.018
501.015
501.015
501.009
501.008
501.001
500.988
500.982
500.979
500.971
500.955
500.952
500.948
500.947
500.947
500.947
500.947
500.943
500.943
500.922
500.906
500.9
500.893
500.892
500.892
500.887
500.876
500.861
500.856
500.854
500.854
500.838
500.838
500.837
500.836
500.836
500.835
500.835
500.835
500.831
500.831
500.83
500.825
500.824
500.824
500.823
500.823
500.823
500.823
500.823
500.823
500.823
500.823
500.823
500.823
500.823
500.823
500.823
500.823
500.823
500.823
500.823
500.823
500.823
500.823
500.823
500.823
500.823
500.823
500.822
500.822
500.822
500.822
500.822
500.822
500.822
500.822
500.822
500.822
500.822
500.822
500.822
500.822
500.822
500.822
500.822
500.822
500.821
500.821
500.821
500.821
500.821
500.821
500.821
500.821
500.821
500.821
500.821
500.821
500.821
500.821
500.821
500.821
500.821
500.821
500.821
500.821
500.821
500.821
500.821
500.821
500.821
500.821
500.821
500.821
500.821
500.821
500.821
500.821
500.821
500.821
500.821
500.821
500.821
500.821
500.821
500.821
500.821
500.821
500.821
500.821
500.821
500.821


788.016
743.359
685.093
660.631
631.485
624.555
624.555
624.408
614.514
614.228
613.978
605.75
597.182
594.139
588.383
581.966
580.79
573.217
569.098
561.116
560.905
548.642
537.007
519.528
511.706
474.822
474.822
464.912
454.92
436.663
415.098
399.567
378.391
377.905
343.776
343.776
339.517
335.369
286.08
251.136
242.805
239.73
233.664
226.51
226.51
213.156
197.809
174.303
172.033
151.601
151.601
148.056
142.43
142.43
137.424
136.803
136.803
135.037
134.814
128.816
116.26
115.001
115.001
109.954
109.121
109.121
104.394
103.537
101.687
100.502
100.502
99.7261
98.7795
98.7232
98.6521
95.5391
95.1619
95.0941
95.0941
92.4321
92.3922
93.6801
92.4688
92.4646
92.4635
92.4094
91.6467
91.6467
91.2033
91.1939
91.1768
90.9968
90.7741
90.3886
90.3443
90.3443
90.3193
89.5941
89.1982
89.175
89.1688
89.1647
89.0027
88.9906
88.9906
88.8677
88.8642
88.8562
88.8412
88.6698
88.6393
88.6216
88.604
88.6039
88.5968
88.5815
88.5815
88.4678
88.4521
88.4521
88.4342
88.4556
88.3631
88.2941
88.294
88.2706
88.2706
88.261
88.261
88.2212
88.1852
88.1852
88.1841
88.1839
88.1819
88.1762
88.1724
88.1716
88.1714
88.1682
88.1682
88.1612
88.1581
88.1581
88.1518
88.1462
88.1438
88.1435
88.1435
88.1431
88.1379
88.1379
88.1376
88.1365
88.1364
88.1331
88.1331
88.1325
88.1322
88.132
88.132
88.131
88.1306
88.1306
88.1297
88.1296
88.1285
88.1278
88.1274
88.1271
88.1271
88.1267
88.1266
88.1266
88.1266
88.1261
88.126
88.126
88.1259
88.1257
88.1256
88.1258
88.1255
88.1255
88.1253
88.1253
88.1251
88.1251
88.1251
88.1251
88.1251
88.125
88.125
88.125
88.125
88.1249
88.1248
88.1248
88.1248
88.1248
88.1248
88.1248
88.1248
88.1247
88.1247
88.1247
88.1247
88.1247
88.1247
88.1247
88.1246
88.1246
88.1246
88.1246
88.1246
88.1246
88.1246
88.1245
88.1245
88.1245
88.1245
88.1245
88.1245
88.1245
88.1245
88.1245
88.1245
88.1245
88.1245
88.1245
88.1245
88.1245
88.1245
88.1245
88.1245
88.1245
88.1245
88.1245
88.1245
88.1245
88.1245
88.1245
88.1245
88.1245
88.1245
88.1245
88.1245
88.1245
88.1245
88.1245
88.1245
88.1245
88.1245
88.1245
88.1245
88.1245
88.1245
88.1245
88.1245
88.1245
88.1245
88.1245
88.1245
88.1245
88.1245
88.1245
88.1245
88.1245
88.1245
88.1245
88.1245
88.1245
88.1245
88.1245
88.1245
88.1245
88.1245
88.1245
88.1245
88.1245
88.1245
88.1245
88.1245
88.1245
88.1245
88.1245
88.1245
88.1245
88.1245
88.1245
88.1245
88.1245
88.1245
88.1245
88.1245
88.1245
88.1245
88.1245
88.1245
88.1245
88.1245
88.1245
88.1245
88.1245
88.1245
88.1245
88.1245
88.1245
88.1245
88.1245
88.1245
88.1245
88.1245
88.1245
88.1245
88.1245
88.1245
88.1245
88.1245
88.1245
88.1245
88.1245
88.1245
88.1245
88.1245
88.1245
88.1245
88.1245
88.1245
88.1245
88.1245
88.1245
88.1245
88.1245
88.1245
88.1245
88.1245
88.1245
88.1245
88.1245
88.1245
88.1245
88.1245
88.1245
88.1245
88.1245
88.1245
88.1245
88.1245
88.1245
88.1245
88.1245
88.1245
88.1245
88.1245
88.1245
88.1245
88.1245
88.1245
88.1245
88.1245
88.1245
88.1245
88.1245
88.1245
88.1245
88.1245
88.1245
88.1245
88.1245
88.1245
88.1245
88.1245
88.1245
88.1245
88.1245
88.1245
88.1245
88.1245
88.1245
88.1245
88.1245
88.1245
88.1245
88.1245
88.1245
88.1245
88.1245
88.1245
88.1245
88.1245
88.1245
88.1245
88.1245
88.1245
88.1245
88.1245
88.1245
88.1245
88.1245


729.468
726.78
676.38
629.766
601.028
596.059
584.066
568.403
567.787
563.385
562.945
559.107
559.107
555.397
554.261
554.019
554.019
551.205
548.612
547.938
539.519
539.54
531.255
531.255
525.427
524.607
505.97
505.554
498.091
498.076
484.691
473.491
473.318
459.397
459.393
459.337
443.587
443.486
416.945
416.945
408.089
378.931
359.606
359.57
355.082
343.645
339.102
339.095
339.066
338.035
330.307
330.299
321.288
316.134
315.404
315.404
312.253
310.992
309.873
309.478
308.205
307.417
301.95
301.949
300.532
299.935
299.927
299.927
298.537
298.359
295.061
294.346
294.346
293.499
293.499
293.499
293.499
293.448
292.487
292.487
292.111
291.371
291.366
291.366
291.284
291.275
291.175
291.113
291.018
290.734
290.642
290.555
290.555
290.555
290.229
290.229
290.086
289.964
289.964
289.964
289.897
289.897
289.868
289.868
289.858
289.833
289.825
280.407
280.407
280.399
280.393
287.199
284.887
284.877
283.953
283.953
283.953
282.656
282.633
282.628
282.623
282.618
281.079
281.079
278.402
278.402
277.532
277.523
277.523
277.517
277.503
277.505
277.502
277.501
277.501
277.501
277.492
277.492
276.93
276.93
276.93
279.383
276.515
276.512
276.512
276.51
276.271
276.041
276.018
274.981
274.98
274.98
272.607
269.361
267.212
266.792
266.792
266.79
266.79
266.79
266.645
266.645
266.644
266.644
266.644
266.393
264.738
264.154
264.154
263.778
263.055
263.75
262.525
262.525
262.409
262.409
259.17
259.048
258.584
258.584
258.366
258.18
256.984
256.984
256.984
256.725
256.134
256.134
255.959
255.721
255.653
254.823
254.823
254.712
254.543
254.101
253.936
253.857
253.555
253.475
253.337
253.272
253.051
253.007
253.007
252.856
252.807
252.743
252.714
251.913
251.913
251.913
242.374
220.915
211.151
196.756
170.19
170.19
170.19
158.039
154.984
146.767
123.427
123.427
123.427
123.427
123.427
116.403
116.403
116.403
110.483
110.483
110.483
109.947
109.947
109.947
109.34
108.065
105.2
105.2
99.5435
99.5435
88.2722
83.965
83.0718
83.0718
82.7929
82.7929
82.1775
79.1375
76.0306
74.0609
69.1193
61.135
61.135
61.135
58.7969
58.7969
58.7969
58.7969
58.7969
55.5524
55.5524
55.4144
55.0343
54.4441
54.4441
54.32
53.423
52.4468
52.4468
52.2685
52.2685
52.2685
52.2051
52.2051
51.5435
51.0224
51.0224
50.9875
50.5565
50.4414
49.2168
49.2168
48.4177
48.3308
46.7391
46.7391
46.7347
44.3685
44.3685
44.5353
44.4985
44.3743
44.3743
44.3743
44.3743
44.2591
44.0028
43.7222
43.7222
43.7375
43.7375
43.5442
43.5442
43.4308
43.4308
43.3425
43.2252
42.9682
42.7582
41.5871
41.5871
41.5871
41.3417
41.3417
41.3417
41.3417
41.3417
41.2908
41.2219
41.0881
40.9256
40.9256
40.9256
40.9225
40.8664
40.8448
40.7186
40.6835
40.6822
40.6235
40.6032
40.6032
40.6006
40.4514
40.4514
40.4097
40.4097
40.3971
40.3971
40.3313
40.3098
40.3098
40.2909
40.2762
40.2762
40.2616
40.2349
40.2349
40.2252
40.2289
40.2125
40.2125
40.2058
40.2032
40.2032
40.1868
40.1866
40.1769
40.1769
40.1752
40.1752
40.1567
40.1567
40.1567
40.1567
40.1535
40.1455
40.1378
40.114
40.1447
40.094
40.094
40.094
40.0686
40.0686
40.0617
40.045
40.045
40.0415
40.0473
39.9979
39.9979
39.9954
39.9929
39.9888
39.9859
39.9774
39.9754
39.9744
39.9339
39.9276
39.9276
39.9276
39.9276
39.9263
39.9175
39.9175
39.9175


720.413
680.49
660.547
636.071
612.213
606.23
592.347
586.894
577.464
574.867
566.29
564.23
562.862
559.732
557.41
555.048
554.787
554.255
553.063
552.977
552.977
552.336
552.104
549.669
547.95
547.932
547.932
547.781
547.52
546.812
546.043
545.206
544.172
543.582
542.259
541.028
540.975
540.937
540.519
540.448
539.533
539.423
539.11
538.812
538.316
538.244
537.888
537.677
537.286
537.282
537.073
536.976
536.912
536.584
536.584
536.522
536.463
536.448
536.328
536.295
536.286
536.295
536.203
536.203
536.203
536.19
536.178
536.171
536.16
536.158
536.155
536.152
536.149
536.147
536.146
536.145
536.144
536.141
536.139
536.137
536.133
536.131
536.131
536.13
536.13
536.13
536.129
536.129
536.129
536.129
536.129
536.129
536.129
536.129
536.129
536.129
536.129
536.128
536.128
536.128
536.128
536.128
536.128
536.128
536.128
536.128
536.128
536.128
536.128
536.128
536.128
536.128
536.128
536.128
536.128
536.128
536.128
536.128
536.128
536.128
536.128
536.128
536.128
536.128
536.128
536.128
536.128
536.128
536.128
536.128
536.128
536.128
536.128
536.128
536.128
536.128
536.128
536.128
536.128
536.128
536.128
535.571
535.571
535.571
535.571
535.571
534.955
534.252
534.252
534.252
534.252
534.214
534.214
534.214
532.736
532.309
532.309
532.309
532.309
532.309
532.303
532.415
531.309
530.69
530.69
530.69
530.69
530.343
530.089
530.089
530.089
530.139
529.826
529.826
529.609
529.609
529.502
529.502
529.414
529.384
529.384
529.442
529.334
529.326
529.317
529.317
529.317
528.581
527.963
527.327
525.14
525.14
525.14
523.442
516.958
516.538
516.538
516.251
516.251
514.648
514.232
513.38
513.11
513.108
513.106
513.07
511.9
511.9
511.636
510.526
510.525
510.523
509.874
509.475
509.219
508.699
508.699
507.528
506.34
506.339
506.29
505.752
505.752
505.648
505.608
505.587
505.569
505.556
505.556
505.549
505.549
505.563
505.545
505.515
505.511
505.51
505.496
505.495
505.488
505.425
505.425
505.437
505.392
505.354
505.311
505.288
505.244
505.221
505.201
505.193
505.191
505.172
505.164
505.14
505.108
505.08
505.06
504.983
504.746
504.491
504.358
504.071
503.944
502.854
502.39
502.224
502.121
502.118
502.083
501.984
501.409
501.25
501.246
501.245
501.244
500.984
500.924
500.845
500.825
500.82
500.819
500.803
500.78
500.765
500.761
500.76
500.742
500.734
500.718
500.71
500.707
500.701
500.7
500.688
500.684
500.678
500.67
500.663
500.648
500.646
500.639
500.626
500.618
500.618
500.618
500.616
500.59
500.583
500.576
500.562
500.554
500.51
500.434
500.411
500.408
500.313
500.193
499.929
498.862
497.603
496.421
492.526
492.526
492.29
492.245
492.245
492.244
492
491.871
491.777
491.75
491.74
491.725
491.722
491.613
491.608
491.6
491.524
491.524
491.471
491.431
491.421
491.346
491.292
491.263
491.258
491.249
491.24
491.213
491.211
491.204
491.19
491.181
491.181
491.157
491.157
491.151
491.15
491.149
491.146
491.144
491.149
491.143
491.14
491.138
491.136
491.133
491.13
491.13
491.13
491.129
491.128
491.128
491.127
491.124
491.123
491.121
491.121
491.121
491.12
491.117
491.116
491.115
491.114
491.113
491.111
491.111
491.109
491.108
491.108
491.108
491.104
491.097
491.095
491.095
491.095
491.09
491.073
491.048
490.886


766.018
695.687
629.964
624.654
595.194
551.139
544.734
544.734
542.119
540.824
539.789
534.435
529.667
527.036
527.036
526.799
525.144
525.073
523.148
523.148
522.878
522.761
518.693
517.848
517.848
515.015
507.239
505.81
505.81
503.044
502.469
502.469
500.313
498.228
498.094
496.781
482.61
480.465
480.465
479.987
479.987
478.824
476.725
476.725
473.786
468.572
468.572
462.238
459.531
423.869
422.908
412.29
401.819
401.703
401.54
400.303
398.154
392.24
389.008
378.176
378.004
368.304
363.108
361.661
361.245
355.742
353.835
353.041
352.84
351.862
346.065
350.164
347.326
343.29
340.847
340.399
340.372
339.114
338.509
335.398
335.398
336.661
335.243
335.18
335.178
334.925
334.539
334.539
333.964
333.829
333.219
333.067
332.901
332.705
332.704
332.453
332.422
332.287
332.2
332.174
332.125
332.157
332.009
332.008
332.008
331.982
331.882
331.829
331.81
331.81
331.81
331.804
331.758
331.73
331.677
331.665
331.665
331.648
331.648
331.639
331.623
331.623
331.623
331.622
331.618
331.618
331.614
331.613
331.612
331.607
331.607
331.608
331.603
331.603
331.602
331.601
331.599
331.599
331.598
331.598
331.598
331.596
331.595
331.594
331.594
331.594
331.593
331.593
331.593
331.591
331.59
331.589
331.589
331.589
331.589
331.589
331.589
331.588
331.588
331.588
331.588
331.588
331.588
331.588
331.587
331.587
331.587
331.587
331.587
331.587
331.587
331.587
331.587
331.587
331.587
331.587
331.545
331.545
331.545
331.545
331.545
331.545
331.545
331.545
331.545
331.545
331.545
331.525
331.525
331.525
331.525
331.506
331.506
331.487
331.465
331.465
331.45
331.45
331.45
331.432
331.392
331.369
331.369
331.362
331.362
331.362
331.355
331.35
331.348
331.345
331.344
331.341
331.337
331.333
331.333
331.33
331.328
331.328
331.328
331.328
331.327
331.327
331.327
331.327
331.327
331.327
331.327
331.327
331.327
331.327
331.327
331.327
331.327
331.327
331.327
331.327
331.327
331.327
331.327
331.327
331.327
331.327
331.327
331.327
331.327
331.327
331.327
331.327
331.327
331.327
331.327
331.327
331.327
331.327
331.327
331.327
331.327
331.327
331.327
331.327
331.327
331.327
331.327
331.327
331.327
331.327
331.327
331.327
331.327
331.327
331.327
331.327
331.327
331.327
331.327
331.327
331.327
331.327
331.327
331.327
331.327
331.327
331.327
331.327
331.327
331.327
331.327
331.327
331.327
331.327
331.327
331.327
331.327
331.327
331.327
331.327
331.327
331.327
331.327
331.327
331.327
331.327
331.327
331.327
331.327
331.327
331.327
331.327
331.327
331.327
331.327
331.327
331.327
331.327
331.327
331.327
331.327
331.327
331.327
331.327
331.327
331.327
331.327
331.327
331.327
331.327
331.327
331.327
331.327
331.327
331.327
331.327
331.327
331.327
331.327
331.327
331.327
331.327
331.327
331.327
331.327
331.327
331.327
331.327
331.327
331.327
331.327
331.327
331.327
331.327
331.327
331.327
331.327
331.327
331.327
331.327
331.327
331.327
331.327
331.327
331.327
331.327
331.327
331.327
331.327
331.327
331.327
331.327
331.327
331.327
331.327
331.327
331.327
331.327
331.327
331.327
331.327
331.327
331.327
331.327
331.327
331.327
331.327
331.327
331.327
331.327
331.327
331.327
331.327
331.327
331.327
331.327
331.327
331.327
331.327
331.327
331.327
331.327
331.327
331.327


828.483
709.285
690.51
681.028
670.397
660.331
660.331
652.045
647.37
628.591
627.572
623.156
616.308
606.293
597.437
587.628
587.621
586.816
586.208
586.003
581.074
580.084
572.633
570.67
569.954
549.744
549.744
543.083
542.723
542.723
541.829
540.87
528.979
528.979
519.322
515.774
512.766
503.637
489.507
489.414
489.414
487.999
481.604
466.732
466.638
446.887
433.127
396.082
384.456
384.297
381.929
365.159
356.494
356.252
356.184
351.974
351.974
345.003
341.563
339.761
339.738
335.762
335.653
335.65
332.091
331.877
327.681
327.68
327.625
327.616
327.091
320.67
320.67
318.365
317.686
317.685
316.213
316.212
315.624
315.619
315.619
314.313
314.023
313.139
313.038
313.038
312.548
312.548
312.198
311.16
311.16
310.899
310.849
310.849
310.849
310.845
310.114
310.065
310.065
310.014
309.787
309.703
309.66
309.66
309.614
309.574
309.573
309.467
309.467
309.467
309.45
309.382
309.382
309.344
309.297
309.297
308.837
308.819
308.819
308.704
308.677
308.677
308.577
308.536
308.536
308.512
308.512
308.395
308.236
308.109
308.015
308.015
308.005
308.003
307.976
307.878
307.878
307.876
307.84
307.649
307.612
307.568
307.566
307.399
307.398
307.398
307.398
307.375
307.373
307.284
307.261
307.259
307.259
307.254
307.235
307.218
307.197
307.174
307.168
307.164
307.164
307.158
307.158
307.154
307.149
307.149
307.149
307.148
307.144
307.142
307.14
307.14
307.14
307.14
307.139
306.992
306.487
306.487
306.487
306.461
306.461
307.552
307.083
307.083
307.083
306.238
306.237
306.237
306.237
306.065
306.065
305.662
305.662
305.662
305.654
305.616
305.531
305.531
305.388
304.646
304.646
304.646
304.646
304.564
304.532
304.499
304.387
304.253
304.253
304.148
303.255
303.816
303.172
301.239
301.189
301.162
300.937
299.396
298.999
298.981
298.963
298.964
298.079
298.061
297.875
297.765
297.739
297.731
297.507
297.507
297.506
297.329
297.259
297.259
297.102
297.099
296.821
296.802
296.8
296.779
296.649
296.644
296.643
296.643
296.642
296.574
296.574
296.428
296.428
296.428
296.426
296.341
296.341
296.341
296.333
296.317
296.294
296.241
296.221
296.221
296.221
296.206
296.197
296.197
296.187
296.179
296.177
296.177
296.159
296.158
296.158
296.142
296.131
296.131
296.123
296.123
296.123
296.117
296.115
296.115
296.113
296.113
296.112
296.112
296.108
296.108
296.108
296.107
296.107
296.107
296.106
296.106
296.093
296.05
296.049
295.935
295.935
295.935
295.928
295.872
295.8
295.769
295.668
295.611
295.608
295.608
295.591
295.409
295.409
295.409
295.379
295.372
295.354
295.314
295.184
295.184
295.183
295.183
295.179
295.17
295.168
295.156
295.154
295.133
295.12
295.085
295.051
295.044
295.041
295.035
295.024
295.005
295.005
294.996
294.996
294.996
294.996
294.996
294.949
294.935
294.911
294.908
294.905
294.888
294.88
294.88
294.878
294.847
294.847
294.847
294.845
294.84
294.839
294.796
294.796
294.796
294.793
294.793
294.77
294.733
294.733
294.725
294.716
294.716
294.705
294.705
294.694
294.694
294.694
294.691
294.69
294.689
294.679
294.679
294.678
294.675
294.671
294.668
294.666
294.666
294.666
294.666
294.666
294.666
294.665
294.665
294.663
294.663
294.663
294.663
294.663
294.662
294.662
294.662
294.656
294.656
294.656
294.65
294.645
294.645


807.961
796.04
766.525
716.123
642.169
632.586
616.119
611.791
606.472
596.536
587.497
583.409
581.211
580.504
576.807
576.131
567.328
567.328
566.844
566.212
548.191
573.486
569.618
549.343
549.343
549.343
540.624
538.481
538.437
532.102
531.916
528.049
527.738
525.946
524.235
520.715
518.002
508.801
508.708
508.63
508.63
492.967
490.935
488.081
480.163
479.959
465.907
452.179
452.117
451.752
447.748
447.066
430.753
430.753
422.071
407.707
395.178
395.16
386.208
382.686
381.121
381.121
374.19
356.33
352.983
352.983
352.849
349.615
330.587
330.549
330.529
329.976
319.863
319.861
311.618
309.912
309.912
308.632
306.354
304.559
304.244
303.271
300.987
300.987
300.983
300.65
300.056
299.937
299.555
297.898
297.682
297.854
297.854
297.743
296.375
296.307
296.102
295.907
295.749
295.666
294.657
295.148
295.026
295.026
294.837
294.659
294.625
294.446
294.426
294.402
294.359
294.313
294.036
293.786
293.778
293.692
293.692
293.634
293.632
293.6
293.55
293.526
293.482
293.472
293.472
293.469
293.459
293.425
293.408
293.405
293.388
293.387
293.385
293.35
293.349
293.349
293.308
293.308
293.305
293.294
293.29
293.284
293.283
293.27
293.269
293.255
293.251
293.251
293.249
293.245
293.238
293.236
293.221
293.221
293.221
293.219
293.219
293.218
293.218
293.213
293.21
293.203
293.203
293.199
293.199
293.198
293.198
293.196
293.196
293.195
293.195
293.194
293.194
293.194
293.194
293.194
293.194
293.194
293.193
293.192
293.192
293.192
293.192
293.192
293.192
293.192
293.192
293.192
293.191
293.191
293.191
293.192
293.191
293.191
293.191
293.191
293.191
293.191
293.191
293.191
293.191
293.191
293.191
293.191
293.191
293.191
293.087
293.019
292.921
292.921
292.858
292.81
292.803
292.803
292.799
292.769
292.729
292.729
292.729
292.729
292.729
292.722
292.708
292.708
292.702
292.701
292.699
292.692
292.692
292.692
292.692
292.691
292.691
292.69
292.69
292.69
292.689
292.689
292.689
292.689
292.689
292.689
292.689
292.689
292.689
292.689
292.689
292.689
292.689
292.689
292.689
292.689
292.689
292.689
292.689
292.689
292.689
292.689
292.689
292.689
292.689
292.689
292.689
292.689
292.689
292.689
292.689
292.689
292.689
292.689
292.689
292.689
292.689
292.689
292.689
292.689
292.689
292.689
292.689
292.689
292.689
292.689
292.689
292.689
292.689
292.689
292.689
292.689
292.689
292.689
292.689
292.689
292.689
292.689
292.689
292.689
292.689
292.689
292.689
292.689
292.689
292.689
292.689
292.689
292.689
292.689
292.689
292.689
292.689
292.689
292.689
292.689
292.689
292.689
292.689
292.689
292.689
292.689
292.689
292.689
292.689
292.689
292.689
292.689
292.689
292.689
292.689
292.689
292.689
292.689
292.689
292.689
292.689
292.689
292.689
292.689
292.689
292.689
292.689
292.689
292.689
292.689
292.689
292.689
292.689
292.689
292.689
292.689
292.689
292.689
292.689
292.689
292.689
292.689
292.689
292.689
292.689
292.689
292.689
292.689
292.689
292.689
292.689
292.689
292.689
292.689
292.689
292.689
292.689
292.689
292.689
292.689
292.689
292.689
292.689
292.689
292.689
292.689
292.689
292.689
292.689
292.689
292.689
292.689
292.689
292.689
292.689
292.689
292.689
292.689
292.689
292.689
292.689
292.689
292.689
292.689
292.689
292.689
292.689
292.689


730.386
694.788
672.023
640.697
625.28
606.122
598.948
595.703
590.278
588.603
583.995
583.32
579.651
579.646
578.101
578.101
576.458
575.997
575.244
574.043
574.037
573.865
573.728
567.195
565.527
565.527
565.485
564.564
563.266
563.266
562.131
562.126
562.126
560.706
560.136
558.898
558.514
558.312
558.312
558.312
557.237
557.134
556.878
556.021
555.833
555.576
555.357
555.325
554.834
554.647
554.175
554.174
553.972
553.968
553.909
553.877
553.872
553.778
553.632
553.494
553.454
553.42
553.41
553.406
553.397
553.363
553.363
553.333
553.325
553.312
553.312
553.306
553.301
553.299
553.294
553.293
553.291
553.282
553.282
553.279
553.277
553.272
553.27
553.27
553.268
553.268
553.267
553.267
553.267
553.267
553.267
553.266
553.265
553.265
553.265
553.264
553.264
553.264
553.264
553.264
553.263
553.263
553.263
553.263
553.263
553.263
553.263
553.263
553.263
553.263
553.263
553.263
553.263
553.263
553.263
553.263
553.263
553.263
553.263
553.263
553.263
553.263
553.263
553.263
553.263
553.263
553.263
553.263
553.263
553.263
553.263
553.263
553.263
553.263
553.263
553.263
553.263
553.263
553.263
553.263
553.263
553.263
553.263
553.263
553.263
553.246
553.246
553.053
552.992
552.877
552.83
552.768
552.749
552.749
552.733
552.647
552.633
552.611
552.608
552.608
552.601
552.6
552.594
552.594
552.594
552.594
552.594
552.594
552.594
552.589
552.589
552.589
552.439
551.968
551.459
551.459
551.391
551.391
551.363
551.312
551.312
550.792
550.792
550.754
550.754
550.754
550.733
550.662
550.662
550.662
550.658
550.572
550.564
550.445
550.444
550.421
550.4
550.399
550.377
550.323
550.252
550.252
550.252
550.252
550.252
550.232
550.221
550.219
550.219
550.219
550.219
550.215
550.215
550.215
550.215
550.214
550.212
550.211
550.211
550.21
550.21
550.21
550.21
550.21
550.21
550.209
550.209
550.209
550.209
550.052
550.052
550.052
549.961
549.946
549.617
549.513
549.44
549.332
549.268
548.731
548.531
548.471
548.375
548.375
548.375
548.375
548.37
548.324
548.31
548.263
548.263
548.263
548.263
548.243
548.15
548.068
548.03
548.012
547.999
547.987
547.951
547.923
547.836
547.66
547.66
547.64
547.64
547.627
547.574
547.574
547.531
547.515
547.502
547.486
547.475
547.471
547.453
547.453
547.291
546.505
545.619
545.327
545.202
545.202
545.15
545.132
545.061
545.061
545.051
545.047
545.046
544.999
543.002
543.002
542.835
542.823
542.823
542.816
542.816
542.816
542.816
542.746
542.607
542.551
542.545
542.545
542.5
542.468
542.439
542.428
542.346
542.306
542.279
542.269
542.265
542.263
542.257
542.229
542.229
542.202
542.202
542.142
542.114
542.099
542.053
542.037
541.997
541.972
541.947
541.947
541.947
541.895
541.873
541.87
541.87
541.866
541.864
541.863
541.863
541.863
541.862
541.861
541.858
541.856
541.844
541.844
541.842
541.842
541.842
541.836
541.835
541.817
541.814
541.809
541.801
541.8
541.765
541.765
541.761
541.761
541.761
541.759
541.75
541.748
541.747
541.747
541.745
541.745
541.744
541.744
541.743
541.743
541.743
541.743
541.743
541.743
541.743
541.74
541.738
541.733
541.73
541.727
541.726
541.721
541.718
541.715
541.713
541.711
541.71
541.71
541.706
541.704
541.7
541.699
541.696
541.695
541.694
541.693
541.693
541.692


744.16
644.717
607.346
570.286
565.435
564.243
555.115
546.28
543.752
532.887
529.102
528.376
524.954
524.954
524.012
523.655
523.113
522.642
522.531
521.628
521.555
521.046
520.913
520.716
520.43
519.417
519.417
519.413
517.958
517.731
517.432
517.033
516.593
515.938
515.886
515.759
515.017
513.018
512.68
512.355
512.127
511.553
510.212
510.142
509.198
508.546
507.507
506.374
506.215
505.344
505.315
504.887
504.887
504.76
504.695
504.645
504.641
504.637
504.571
504.514
504.506
504.454
504.427
504.417
504.404
504.322
504.322
504.317
504.307
504.307
504.297
504.292
504.276
504.276
504.274
504.269
504.269
504.265
504.265
504.265
504.264
504.263
504.263
504.263
504.251
504.245
504.245
504.239
504.236
504.236
504.235
504.231
504.231
504.231
504.23
504.23
504.23
504.229
504.229
504.229
504.229
504.229
504.229
504.229
504.229
504.229
504.229
504.229
504.229
504.229
504.229
504.229
504.229
504.229
504.229
504.229
504.229
504.229
504.229
504.229
504.229
504.229
504.229
504.229
504.229
504.229
504.229
504.229
504.229
504.229
504.229
504.229
504.229
504.229
504.229
504.229
504.229
504.229
504.229
504.229
504.229
504.229
504.229
504.229
504.229
504.229
504.229
504.229
504.229
504.229
504.229
504.229
504.229
504.229
504.229
504.229
504.229
504.229
504.229
504.229
504.229
504.229
504.229
504.229
504.229
504.229
504.229
504.229
504.229
504.229
504.229
504.229
504.229
504.229
504.229
504.229
504.229
504.229
504.229
504.229
504.229
504.229
504.229
504.229
504.229
504.229
504.229
504.229
504.229
504.229
504.229
504.229
504.229
504.229
504.229
504.229
504.229
504.229
504.229
504.229
504.229
504.229
504.229
504.229
504.229
504.229
504.229
504.229
504.229
504.229
504.229
504.229
504.229
504.229
504.229
504.229
504.229
504.229
504.229
504.229
504.229
504.229
504.229
504.229
504.229
504.229
504.229
504.229
504.229
504.229
504.229
504.229
504.229
504.229
504.229
504.229
504.229
504.229
504.229
504.229
504.229
504.229
504.229
504.229
504.229
504.229
504.229
504.229
504.229
504.229
504.22
504.241
504.218
504.204
504.204
504.189
504.133
504.086
504.086
504.069
504.065
504.061
504.057
504.055
504.047
504.042
504.038
504.019
503.867
503.848
503.82
503.786
503.772
503.744
503.705
503.693
503.673
503.639
503.635
503.635
503.635
503.635
503.633
503.632
503.63
503.619
503.619
503.615
503.615
503.615
503.615
503.613
503.613
503.581
503.547
503.54
503.535
503.535
503.507
503.452
503.43
503.387
503.374
503.37
503.356
503.356
503.348
503.199
503.199
503.184
503.184
503.176
503.123
503.123
503.123
503.123
503.114
503.114
503.106
503.106
503.104
503.102
503.097
503.093
503.091
503.091
503.091
503.09
503.086
503.086
503.085
503.087
503.085
503.082
503.078
503.078
503.076
503.067
503.062
503.062
503.062
503.062
503.06
503.057
503.053
503.049
503.048
503.047
503.047
503.047
503.047
503.045
503.045
503.045
503.045
503.045
503.045
503.045
503.044
503.042
503.042
503.042
503.042
503.042
503.042
503.042
503.042
503.042
503.041
503.041
503.041
503.041
503.041
503.041
503.041
503.041
503.041
503.041
503.041
503.041
503.041
503.041
503.041
503.041
503.041
503.041
503.041
503.041
503.041
503.041
503.041
503.041
503.041
503.041
503.041
503.041
503.041
503.041
503.041
503.041


736.882
671.627
638.711
630.892
607.65
596.391
595.045
584.48
579.894
578.984
578.195
568.581
566.116
566.116
563.106
563.106
562.069
561.398
561.073
560.664
560.508
558.663
558.216
557.928
557.928
557.497
557.485
557.479
556.982
556.303
555.954
555.664
555.438
555.438
553.157
550.932
550.932
550.924
550.924
550.701
550.701
548.472
548.422
548.002
547.798
546.936
546.794
546.707
545.526
545.51
544.881
544.881
544.867
544.096
543.931
543.674
543.674
543.664
543.279
543.125
542.975
542.636
542.636
542.593
542.577
542.535
542.535
542.482
542.482
542.456
542.455
542.441
542.438
542.359
542.273
542.273
542.249
542.223
542.22
542.213
542.172
542.166
542.162
542.162
542.16
542.159
542.15
542.144
542.144
542.142
542.142
542.145
542.127
542.127
542.127
542.125
542.125
542.121
542.121
542.121
542.121
542.12
542.119
542.115
542.115
542.115
542.114
542.114
542.114
542.114
542.114
542.113
542.113
542.113
542.113
542.113
542.113
542.113
542.113
542.113
542.113
542.113
542.113
542.113
542.113
542.113
542.113
542.113
542.113
542.113
542.113
542.113
542.113
542.113
542.113
542.113
541.885
541.885
541.879
541.879
541.879
541.879
541.879
541.879
541.879
541.879
541.879
541.771
541.771
541.767
541.767
541.754
541.753
541.753
541.693
541.693
541.693
541.632
541.632
541.632
541.591
541.568
541.548
541.548
541.548
541.548
541.537
541.534
541.534
541.534
541.534
541.534
541.532
541.532
541.531
541.531
541.531
541.531
541.53
541.53
541.53
541.529
541.529
541.529
541.529
541.529
541.529
541.528
541.528
541.528
541.528
541.528
541.528
541.528
541.528
541.528
541.528
541.528
541.528
541.528
541.528
541.528
541.528
541.528
541.528
541.528
541.528
541.528
541.528
541.528
541.528
541.528
541.528
541.528
541.528
541.528
541.528
541.528
541.528
541.528
541.528
541.528
541.528
541.528
541.528
541.528
541.528
541.528
541.528
541.528
541.528
541.528
541.528
541.528
541.528
541.528
541.528
541.528
541.528
541.525
541.518
541.514
541.504
541.504
541.504
541.504
541.472
541.472
541.465
541.447
541.447
541.449
541.43
541.38
541.347
541.313
541.294
541.194
541.08
541.049
541
540.976
540.962
540.943
540.937
540.937
540.926
540.794
540.79
540.745
540.625
540.598
540.559
540.524
540.508
540.383
540.377
540.239
540.192
540.175
540.17
540.171
540.057
540.053
540.053
539.973
539.858
539.84
539.744
539.657
539.622
539.634
539.614
539.603
539.603
539.587
539.587
539.552
539.513
539.493
539.483
539.446
539.433
539.422
539.408
539.399
539.381
539.376
539.366
539.357
539.351
539.345
539.333
539.321
539.286
539.281
539.281
539.263
539.263
539.254
539.253
539.256
539.252
539.25
539.247
539.247
539.243
539.208
539.202
539.184
539.176
539.156
539.147
539.141
539.136
539.136
539.13
539.125
539.125
539.124
539.123
539.121
539.118
539.117
539.115
539.114
539.114
539.112
539.112
539.112
539.112
539.112
539.111
539.111
539.111
539.111
539.111
539.111
539.11
539.11
539.11
538.942
538.942
538.854
538.842
538.841
538.841
538.821
538.804
538.804
538.773
538.753
538.742
538.742
538.726
538.726
538.697
538.672
538.669
538.661
538.65
538.644
538.642
538.642
538.64
538.637
538.63
538.63
538.629
538.628
538.627
538.626
538.625
538.625
538.624
538.624
538.624
538.623
538.623
538.622


722.49
672.61
636.02
572.055
561.333
532.399
523.613
518.339
517.837
513.407
509.708
510.351
508.703
507.455
507.288
505.757
505.317
505.138
504.902
504.156
504.095
504.052
503.224
503.172
502.472
502.472
501.086
501.006
500.39
499.693
498.511
497.283
496.2
491.489
490.807
484.573
484.376
476.849
468.331
467.102
458.02
464.435
445.367
444.885
441.086
426.827
426.655
425.191
420.18
417.091
410.307
392.393
391.782
383.811
351.719
347.505
347.505
345.716
345.677
338.094
338.071
331.045
327.755
327.393
313.999
299.872
290.345
290.299
290.299
283.828
280.825
280.805
266.44
266.438
263.503
253.31
253.309
253.309
250.131
241.703
240.707
240.467
238.806
235.954
235.954
232.423
232.423
232.422
232.184
231.911
231.911
231.614
229.902
228.433
228.433
227.563
227.484
225.983
225.629
225.629
225.547
225.379
224.659
224.659
224.32
224.013
223.749
223.749
223.556
223.553
223.515
223.541
223.273
223.242
223.229
223.204
223.152
223.136
223.136
223.028
223.028
223.023
223.023
223.023
222.909
222.855
222.855
222.855
222.842
222.808
222.805
222.807
222.792
222.774
222.758
222.74
222.733
222.724
222.708
222.696
222.696
222.693
222.693
222.693
222.687
222.68
222.68
222.68
222.671
222.667
222.667
222.664
222.664
222.664
222.663
222.663
222.661
222.66
222.657
222.656
222.655
222.655
222.654
222.654
222.654
222.654
222.654
222.654
222.653
222.653
222.652
222.652
222.652
222.652
222.652
222.651
222.651
222.651
222.651
222.651
222.651
222.651
222.651
222.651
222.651
222.651
222.651
222.651
222.651
222.651
222.651
222.651
222.651
222.651
222.651
222.651
222.651
222.651
222.651
222.651
222.651
222.651
222.651
222.651
222.651
222.651
222.651
222.651
222.651
222.651
222.651
222.651
222.651
222.651
222.651
222.651
222.651
222.651
222.651
222.651
222.651
222.651
222.651
222.651
222.651
222.651
222.651
222.651
222.651
222.651
222.651
222.651
222.651
222.651
222.651
222.651
222.651
222.651
222.651
222.651
222.651
222.651
222.651
222.651
222.373
222.373
222.373
222.373
222.373
222.36
221.928
221.928
221.928
221.928
221.928
221.928
221.928
221.928
221.81
221.81
221.782
221.782
221.782
221.74
221.74
221.74
221.733
221.733
221.724
221.724
221.724
221.724
221.724
221.724
221.719
221.717
221.717
221.717
221.716
221.716
221.715
221.714
221.711
221.709
221.708
221.708
221.708
221.708
221.708
221.707
221.707
221.706
221.705
221.705
221.7
221.697
221.692
221.689
221.679
221.673
221.668
221.661
221.642
221.641
221.639
221.639
221.639
221.639
221.639
221.638
221.637
221.632
221.63
221.625
221.607
221.581
221.573
221.573
221.569
221.569
221.565
221.564
221.564
221.564
221.554
221.554
221.554
221.502
221.405
221.367
221.335
221.297
221.274
221.181
221.078
221.064
220.933
220.874
220.85
220.848
220.835
220.812
220.741
220.725
220.716
220.715
220.699
220.693
220.682
220.667
220.649
220.63
220.614
220.601
220.578
220.56
220.547
220.539
220.419
220.419
220.419
220.213
220.13
220.098
220.098
220.033
220.033
220.022
220.019
220.018
220.017
220.017
220.017
220.014
220.012
220.008
219.983
219.98
219.98
219.957
219.956
219.942
219.922
219.909
219.902
219.901
219.9
219.9
219.9
219.898
219.895
219.897
219.893
219.892
219.89
219.887
219.885
219.885
219.88
219.88


