945.778
896.088
865.789
795.837
702.907
676.18
650.088
641.402
628.272
626.655
619.455
566.677
566.677
563.464
556.111
556.111
553.097
540.368
514.882
466.51
466.51
452.949
450.81
438.519
428.236
417.373
417.016
347.464
347.464
347.464
345.624
325.756
320.618
317.932
292.175
292.175
276.599
236.977
223.999
218.852
218.385
208.168
195.579
183.593
152.684
141.379
135.884
122.196
114.099
107.43
104.673
96.2486
83.5217
82.8495
78.9515
74.196
72.4639
70.4535
67.3196
65.4994
63.6156
61.6544
61.1903
58.6283
58.024
57.0924
55.7985
54.7296
54.3552
53.9297
53.4626
53.4626
53.0887
52.4066
52.2794
51.8165
51.6515
51.4039
51.2905
51.2905
51.1007
51.0896
51.037
50.9856
50.8445
50.7952
50.614
50.5602
50.5244
50.4336
50.4284
50.3442
50.3442
50.2759
50.2626
50.1989
50.1943
50.1749
50.1666
50.166
50.1525
50.1433
50.1177
50.0958
50.0907
50.0667
50.0596
50.059
50.0439
50.0349
50.0291
50.0258
50.0253
50.0215
50.0177
50.017
50.017
50.0144
50.0132
50.0116
50.0115
50.0102
50.0066
50.0066
50.0066
50.0053
50.0044
50.004
50.004
50.0035
50.0029
50.0028
50.0028
50.0021
50.002
50.002
50.0018
50.0018
50.0015
50.0012
50.0011
50.0009
50.0009
50.0008
50.0006
50.0006
50.0006
50.0006
50.0005
50.0003
50.0003
50.0003
50.0002
50.0002
50.0002
50.0001
50.0001
50.0001
50.0001
50.0001
50.0001
50.0001
50.0001
50.0001
50.0001
50
50
50
50
50
50
50
50
50
50
50
50
50
50
50
50
50
50
50
50
50
50
50
50
50
50
50
50
50
50
50
50
50
50
50
50
50
50
50
50
50
50
50
50
50
50
50
50
50
50
50
50
50
50
50
50
50
50
50
50
50
50
50
50
50
50
50
50
50
50
50
50
50
50
50
50
50
50
50
50
50
50
50
50
50
50
50
50
50
50
50
50
50
50
50
50
50
50
50
50
50
50
50
50
50
50
50
50
50
50
50
50
50
50
50
50
50
50
50
50
50
50
50
50
50
50
50
50
50
50
50
50
50
50
50
50
50
50
50
50
50
50
50
50
50
50
50
50
50
50
50
50
50
50
50
50
50
50
50
50
50
50
50
50
50
50
50
50
50
50
50
50
50
50
50
50
50
50
50
50
50
50
50
50
50
50
50
50
50
50
50
50
50
50
50
50
50
50
50
50
50
50
50
50
50
50
50
50
50
50
50
50
50
50
50
50
50
50
50
50
50
50
50
50
50
50
50
50
50
50
50
50
50
50
50


1014.38
965.727
915.383
903.782
879.609
873.11
817.027
817.027
795.203
778.368
757.232
728.893
728.893
723.375
723.375
689.524
689.524
689.475
661.837
661.837
661.492
673.947
654.315
622.907
619.994
596.863
596.863
596.855
585.766
564.335
550.193
528.375
511.036
511.036
477.534
467.963
460.442
449.517
443.034
382.963
372.584
364.81
360.682
302.02
302.02
297.784
276.843
261.464
261.464
259.517
240.111
218.922
199.584
197.417
162.02
162.02
158.622
151.745
146.227
139.074
131.665
131.466
117.374
115.541
112.723
105.151
104.022
103.864
100.789
99.4756
94.2902
94.165
92.3038
91.705
89.5734
88.3336
87.5267
86.8282
84.721
84.721
84.291
84.1491
83.5203
82.9242
82.9242
82.6029
82.3606
82.0892
81.9716
81.4985
81.0565
80.9792
80.9792
80.9792
80.8295
80.6875
80.6805
80.5459
80.5459
80.4697
80.4062
80.3866
80.3699
80.3406
80.3406
80.3034
80.2983
80.2588
80.2588
80.2493
80.2091
80.2039
80.1947
80.1869
80.1806
80.1759
80.174
80.1711
80.1711
80.1617
80.1601
80.1588
80.1507
80.1494
80.1481
80.1443
80.142
80.1417
80.1389
80.137
80.1363
80.138
80.137
80.137
80.1361
80.1347
80.1331
80.1331
80.1331
80.1306
80.1305
80.1303
80.1301
80.1301
80.1301
80.1294
80.1282
80.1281
80.1281
80.1281
80.128
80.1274
80.1273
80.1273
80.1268
80.1267
80.1267
80.1267
80.1264
80.1264
80.1262
80.1262
80.1261
80.126
80.126
80.1259
80.1259
80.1258
80.1258
80.1258
80.1257
80.1257
80.1257
80.1257
80.1257
80.1256
80.1256
80.1256
80.1256
80.1256
80.1256
80.1256
80.1256
80.1256
80.1256
80.1255
80.1255
80.1255
80.1255
80.1255
80.1255
80.1255
80.1255
80.1255
80.1255
80.1255
80.1255
80.1255
80.1255
80.1255
80.1255
80.1255
80.1255
80.1255
80.1255
80.1255
80.1255
80.1255
80.1255
80.1255
80.1255
80.1255
80.1255
80.1255
80.1255
80.1255
80.1255
80.1255
80.1255
80.1255
80.1255
80.1255
80.1255
80.1255
80.1255
80.1255
80.1255
80.1255
80.1255
80.1255
80.1255
80.1255
80.1255
80.1255
80.1255
80.1255
80.1255
80.1255
79.7674
79.2708
79.2708
79.2708
78.877
78.6659
78.6427
78.4992
78.4681
78.4681
78.4681
78.1845
78.1845
77.8753
77.8753
77.8753
77.8135
77.8135
77.8135
77.7171
77.7171
77.674
77.6507
77.6507
77.6206
77.6206
77.6204
77.5786
77.5237
77.4922
77.4191
77.3365
77.3365
77.3151
77.3151
77.2636
77.2636
77.2571
77.2571
77.254
77.2477
77.2291
77.2291
77.2142
77.1957
77.1957
77.1908
77.1908
77.1791
77.1791
77.1784
77.1784
77.17
77.1696
77.1686
77.1686
77.1604
77.1604
77.1604
77.1579
77.1574
77.1547
77.1547
77.1535
77.1531
77.1531
77.1531
77.1526
77.1523
77.1522
77.1511
77.1507
77.1507
77.1505
77.1505
77.1505
77.1503
77.1503
77.1499
77.1495
77.1487
77.1485
77.1485
77.1485
77.1484
77.1483
77.1483
77.1483
77.1482
77.1481
77.1481
77.1481
77.1481
77.1481
77.148
77.1479
77.1479
77.1479
77.1479
77.1478
77.1478
77.1477
77.1477
77.1477
77.1477
77.1477
77.1477
77.1477
77.1477
77.1477
77.1477
77.1477
77.1477
77.1477
77.1477
77.1477
77.1477
77.1477
77.1477
77.1477
77.1477
77.1477
77.1477
77.1476
77.1476
77.1476
77.1476
77.1476
77.1476
77.1476
77.1476
77.1476
77.1476
77.1476
77.1476
77.1476
77.1476
77.1476
77.1476
77.1476
77.1476
77.1476
77.1476
77.1476
77.1476
77.1476
77.1476
77.1476
77.1476
77.1476
76.7733
75.7393
75.6076
75.5921
75.5921
75.4187
75.3468
75.3468
75.3468
74.7543
64.7253
59.9738


984.694
896.96
892.631
878.815
866.543
864.652
842.565
819.335
775.615
775.615
774.116
773.96
772.035
697.635
694.059
676.447
671.02
671.02
655.688
605.623
595.366
600.192
551.605
551.605
523.629
502.532
487.016
482.307
449.992
429.461
428.371
437.488
378.449
361.583
353.897
319.557
300.816
300.816
260.67
246.359
213.761
208.211
196.763
181.307
175.568
144.191
139.851
139.851
139.851
135.91
126.12
125.948
95.5208
89.878
83.7454
78.9533
73.546
73.546
67.8058
67.6149
66.015
59.9344
50.3428
50.1941
47.9262
45.7784
44.3519
43.742
39.8674
38.2111
38.2111
36.5992
36.0701
34.1957
34.0986
32.1329
32.1223
32.0449
31.6841
30.8763
30.5466
30.3913
29.9477
29.9021
29.5759
29.3694
29.231
29.0947
28.9136
28.6105
28.2574
28.1862
27.9955
27.9204
27.9189
27.9189
27.9189
27.8545
27.6946
27.6696
27.6045
27.5975
27.5975
27.5975
27.5646
27.4564
27.417
27.4112
27.3874
27.3746
27.3689
27.3124
27.3107
27.2817
27.2752
27.2752
27.2713
27.2659
27.2619
27.248
27.2454
27.2391
27.238
27.2345
27.2316
27.2303
27.2276
27.2268
27.2207
27.2207
27.2205
27.22
27.2199
27.2172
27.2168
27.2155
27.2145
27.2143
27.2141
27.2137
27.2131
27.2121
27.2114
27.2114
27.2114
27.2104
27.2099
27.2099
27.2099
27.2093
27.2091
27.209
27.2088
27.2088
27.2084
27.2084
27.2083
27.2083
27.2082
27.2082
27.208
27.2079
27.2079
27.2078
27.2077
27.2077
27.2077
27.2077
27.2076
27.2076
27.2076
27.2076
27.2075
27.2075
27.2075
27.2075
27.2075
27.2074
27.2074
27.2074
27.2074
27.2074
27.2074
27.2074
27.2074
27.2074
27.2074
27.2074
27.2074
27.2074
27.2074
27.2074
27.2074
27.2074
27.2074
27.2074
27.2074
27.2074
27.2074
27.2074
27.2074
27.2074
27.2074
27.2074
27.2074
27.2074
27.2074
27.2074
27.2074
27.2074
27.2074
27.2074
27.2074
27.2074
27.2074
27.2074
27.2074
27.2074
27.2074
27.2074
27.2074
27.2074
27.2074
27.2074
27.2074
27.2074
27.2074
27.2074
27.2074
27.2074
27.2074
27.2074
27.2074
27.2074
27.2074
27.2074
27.2074
27.2074
27.2074
27.2074
27.2074
27.2074
27.2074
27.2074
27.2074
27.2074
27.2074
27.2074
27.2074
27.2074
27.2074
27.2074
27.2074
27.2074
27.2074
27.2074
27.2074
27.2074
27.2074
27.2074
27.173
27.464
27.1932
26.7323
26.7323
26.7323
26.7046
26.6936
26.6936
26.5911
26.4721
26.3162
26.2562
26.2119
25.4729
25.4729
25.3287
25.3287
25.2078
25.2078
25.0769
25.0769
24.8343
24.7967
24.7967
24.7967
24.7967
24.7656
24.7349
24.7272
24.679
24.6441
24.5596
24.4948
24.4738
24.4738
24.4717
24.4717
24.4488
24.4486
24.4486
24.434
24.434
24.4254
24.4224
24.4092
24.4092
24.3868
24.3868
24.3868
24.3808
24.3497
24.3351
24.3351
24.3221
24.3221
24.3221
24.3056
24.3056
24.2798
24.2798
24.2705
24.2705
24.2705
24.2395
24.2395
24.2354
24.2354
24.2354
24.2354
24.234
24.2266
24.2266
24.2171
24.2171
24.2075
24.2075
24.2016
24.2016
24.2016
24.2016
24.1997
24.1994
24.1986
24.1928
24.1928
24.1928
24.1928
24.1869
24.1869
24.186
24.1859
24.185
24.185
24.1849
24.1849
24.1842
24.1841
24.1825
24.1818
24.1817
24.1796
24.1787
24.1774
24.1774
24.1774
24.1774
24.1774
24.1765
24.1765
24.1765
24.1771
24.1757
24.1752
24.1732
24.1732
24.1731
24.1731
24.173
24.173
24.1726
24.1725
24.1722
24.1722
24.1722
24.1722
24.172
24.172
24.172
24.1719
24.1719
24.172
24.1719
24.1719
24.1719
24.1718
24.1711
24.1707
24.1705
24.1704


956.337
924.97
867.786
804.592
790.223
770.759
763.033
733.173
715.51
715.51
699.047
688.956
685.076
657.353
657.353
657.302
615.137
600.031
598.633
581.116
555.129
552.049
526.676
500.609
497.99
489.072
479.356
479.356
440.894
440.894
426.006
424.589
393.779
390.844
388.817
343.48
332.129
325.358
324.611
314.002
291.267
285.548
261.903
245.22
230.807
221.867
209.45
204.731
198.767
192.927
191.76
175.776
170.336
141.591
133.225
131.876
124.244
117.708
117.708
110.143
107.887
105.904
104.96
100.346
98.1919
98.1204
94.8789
93.7119
93.6358
92.973
92.0621
91.7896
91.2242
90.1114
89.3716
86.9551
86.6648
86.1193
85.6113
85.5626
85.5416
84.7269
84.6127
84.5763
84.5253
84.4418
84.0082
83.7367
83.6077
83.4699
83.3613
83.3204
83.2756
83.2693
83.0343
83
82.9512
82.9512
82.8516
82.7706
82.7501
82.7584
82.7135
82.6788
82.6577
82.6548
82.5947
82.5821
82.5798
82.565
82.5514
82.5292
82.528
82.515
82.5128
82.5106
82.5055
82.5018
82.496
82.496
82.496
82.4942
82.4919
82.4899
82.4899
82.4866
82.4863
82.4848
82.4845
82.4829
82.4804
82.4803
82.4797
82.4797
82.4796
82.4788
82.4787
82.478
82.4778
82.4773
82.4773
82.4773
82.477
82.477
82.4767
82.4765
82.4765
82.4762
82.4762
82.4762
82.4762
82.4761
82.476
82.476
82.476
82.476
82.4759
82.4758
82.4758
82.4758
82.4758
82.4758
82.4757
82.4757
82.4757
82.4757
82.4757
82.4756
82.4756
82.4756
82.4756
82.4756
82.4756
82.4756
82.4756
82.4756
82.4756
82.4756
82.4756
82.4756
82.4756
82.4756
82.4756
82.4756
82.4756
82.4756
82.4756
82.4756
82.4756
82.4756
82.4756
82.4756
82.4756
82.4756
82.4756
82.4756
82.4756
82.4756
82.4756
82.4756
82.4756
82.4756
82.4756
82.4756
82.4756
82.4756
82.4756
82.4756
82.4756
82.4756
82.4756
82.4756
82.4756
82.4756
82.4756
82.4756
82.4756
82.4756
82.4756
82.4756
82.4756
82.4756
82.4756
82.4756
82.4756
82.4756
82.4756
82.4756
82.4756
82.4756
82.4756
82.4756
82.4756
82.4756
82.4756
82.4756
82.4756
82.4756
82.4756
82.4756
82.4756
82.4756
82.4756
82.4756
82.4756
82.4756
82.4756
82.4756
82.4756
82.4756
82.4756
82.4756
82.4756
82.4756
82.4756
82.4756
82.4756
82.4756
82.4756
82.4756
82.4756
82.4756
82.4756
82.4756
82.4756
82.4756
82.4756
82.4756
82.4756
82.4756
82.4756
82.4756
82.4756
82.4756
82.4756
82.4756
82.4756
82.4756
82.4756
82.4756
82.4756
82.4756
82.4756
82.4756
82.4756
82.4756
82.4756
82.4756
82.4756
82.4756
82.4756
82.4756
82.4756
82.4756
82.4756
82.4756
82.4756
82.4756
82.4756
82.4756
82.4756
82.4756
82.4756
82.4756
82.4756
82.4756
82.4756
82.4756
82.4756
82.4756
82.4756
82.4756
82.4756
82.4756
82.4756
82.4756
82.4756
82.4756
82.4756
82.4756
82.4756
82.4756
82.4756
82.4756
82.4756
82.4756
82.4756
82.4756
82.4756
82.4756
82.4756
82.4756
82.4756
82.4756
82.4756
82.4756
82.4756
82.4756
82.4756
82.4756
82.4756
82.4756
82.4756
82.4756
82.4756
82.4756
82.4756
82.4756
82.4756
82.4756
82.4756
82.4756
82.4756
82.4756
82.4756
82.4756
82.4756
82.4756
82.4756
82.4756
82.4756
82.4756
82.4756
82.4756
82.4756
82.4756
82.4756
82.4756
82.4756
82.4756
82.4756
82.4756
82.4756
82.4756
82.4756
82.4756
82.4756
82.4756
82.4756
82.4756
82.4756
82.4756
82.4756
82.4756
82.4756
82.4756
82.4756
82.4756
82.4756
82.4756
82.4756
82.4756
82.4756
82.4756
82.4756
82.4756
82.4756
82.4756
82.4756
82.4756


973.514
940.575
928.536
878.351
872.047
865.869
858.731
854.566
847.478
819.485
806.058
792.456
792.456
789.934
777.631
777.541
743.864
729.818
729.818
723.559
711.468
711.392
697.477
675.059
658.562
631.261
625.765
618.166
598.729
581.289
539.202
527.113
506.125
478.927
441.216
427.546
398.765
380.341
372.27
354.72
309.067
299.07
294.722
276.342
272.745
262.825
242.975
223.138
223.138
212.648
210.078
199.249
199.249
190.696
188.946
164.491
153.096
101.981
99.709
99.709
94.7298
94.7298
94.0852
93.7764
93.7763
86.0789
83.4343
83.4343
81.4685
79.2801
79.2801
77.8558
73.666
71.1246
66.3462
65.7695
64.8116
64.2867
63.4441
62.624
60.2818
60.0302
57.5849
57.1567
56.4751
55.9187
55.6128
54.7772
54.2678
53.4093
53.0357
52.9974
52.4799
52.2328
52.2328
51.0274
51.0274
50.9035
50.9035
50.8384
50.7877
50.8246
50.6458
50.6429
50.4853
50.3674
50.3347
50.2507
50.2074
50.1849
50.1715
50.1676
49.9316
49.8587
49.857
49.8234
49.8102
49.7927
49.7448
49.7339
49.7042
49.6647
49.6551
49.6473
49.6359
49.611
49.5992
49.5702
49.5573
49.5573
49.5164
49.5162
49.51
49.51
49.5015
49.5015
49.4861
49.4854
49.4812
49.4778
49.4755
49.4755
49.4684
49.468
49.4665
49.4651
49.4639
49.4609
49.4606
49.4601
49.4593
49.4597
49.4596
49.4585
49.4567
49.4565
49.4565
49.456
49.456
49.4555
49.4554
49.4553
49.4546
49.4546
49.4545
49.4542
49.454
49.454
49.4538
49.4536
49.4535
49.4536
49.4535
49.4534
49.4534
49.4533
49.4532
49.4531
49.4531
49.4531
49.4531
49.4531
49.453
49.453
48.0146
47.1371
47.0934
46.5189
45.9544
45.9544
45.9544
45.6636
45.6636
45.6636
45.0178
44.5064
43.9211
43.9211
42.663
42.2856
42.2856
42.0664
42.0664
42.0664
42.0664
41.6964
41.3279
40.8373
40.6162
40.5812
40.5014
40.5014
40.275
40.0634
40.0634
40.0151
40.0151
40.0135
40.0135
40.0135
39.9975
39.9975
39.9053
39.9012
39.8502
39.8502
39.8502
39.7518
39.7518
39.7418
39.7418
39.7418
39.7418
39.7256
39.7167
39.712
39.6833
39.6833
39.6477
39.6477
39.6477
39.6443
39.6439
39.6399
39.6398
39.6342
39.6311
39.6257
39.6185
39.6159
39.6159
39.611
39.6097
39.6097
39.6097
39.6086
39.6086
39.6066
39.6065
39.6065
39.6019
39.6034
39.6034
39.6034
39.603
39.603
39.6005
39.6005
39.5998
39.5998
39.5996
39.5996
39.5986
39.5986
39.5986
39.5986
39.598
39.5977
39.5974
39.5973
39.5971
39.5971
39.5969
39.5969
39.5968
39.5968
39.5966
39.5964
39.5962
39.5962
39.5962
39.5962
39.5962
39.596
39.596
39.596
39.596
39.596
39.596
39.596
39.5959
39.596
39.596
39.596
39.596
39.5959
39.5959
39.5959
39.5959
39.5959
39.5959
39.5959
39.5959
39.5959
39.5959
39.5959
39.5959
39.5959
39.5959
39.5959
39.5959
39.5959
39.5959
39.5959
39.5959
34.0171
29.4731
29.4731
25.0504
22.8614
22.8614
22.4139
22.4139
21.5107
20.7847
20.5312
20.5311
19.1101
19.1101
18.2665
18.1046
18.1157
18.114
18.114
18.022
17.9353
17.8074
17.6486
17.534
17.534
17.5194
17.371
17.3614
17.229
17.1165
17.1165
17.1165
17.0552
16.9641
16.9554
16.8776
16.8639
16.8534
16.8534
16.8534
16.8431
16.84
16.8006
16.8006
16.7601
16.7305
16.7099
16.4921
16.3488
16.3488
16.2558
16.24
16.24
16.2069
16.187
16.1801
16.1716
16.1603
16.157
16.1344
16.1344
16.1051
16.1051
16.1042
16.0831
16.0831
16.0851
16.0717
16.0631
16.0598
16.055
16.0511
16.0476
16.0476
16.0424


924.622
878.466
853.227
839.595
804.255
804.255
781.579
760.751
748.072
746.325
740.862
738.425
732.138
704.309
699.341
684.203
676.299
668.484
653.185
636.426
621.306
555.018
541.961
512.947
487.04
475.12
452.837
450.555
438.745
404.938
376.095
374.154
372.408
336.526
313.214
308.211
303.234
254.197
221.319
210.216
209.32
196.721
196.721
174.276
165.925
160.217
156.127
132.827
132.705
120.688
115.839
114.931
113.944
106.15
102.953
100.113
98.0078
96.7097
95.3914
91.5229
90.122
88.5766
87.0254
87.0254
86.3527
85.8858
85.2238
84.0771
82.7161
82.6043
82.1335
81.7596
81.6921
81.2884
81.145
80.559
80.559
80.1794
80.0938
79.6841
79.4264
79.3898
79.1363
78.8527
78.8106
78.8065
78.8065
78.6678
78.6058
78.556
78.4694
78.4169
78.3256
78.3256
78.2997
78.297
78.2882
78.2714
78.2221
78.2217
78.2006
78.1966
78.1768
78.1746
78.1625
78.1467
78.1397
78.1144
78.0991
78.0974
78.0899
78.0784
78.0754
78.0672
78.0667
78.0648
78.0632
78.0602
78.0593
78.0541
78.0533
78.0519
78.0461
78.043
78.0422
78.0416
78.0405
78.0386
78.0383
78.0367
78.0366
78.0352
78.0348
78.0344
78.034
78.0336
78.0336
78.0334
78.0333
78.0326
78.0326
78.0325
78.0322
78.032
78.0318
78.0317
78.0316
78.0315
78.0312
78.0312
78.0311
78.0311
78.031
78.0309
78.0309
78.0309
78.0307
78.0307
78.0307
78.0307
78.0307
78.0307
78.0306
78.0306
78.0306
78.0306
78.0306
78.0306
78.0306
78.0306
78.0306
78.0306
78.0306
78.0306
78.0306
78.0306
78.0305
78.0305
78.0305
78.0305
78.0305
78.0305
78.0305
78.0305
78.0305
78.0305
78.0305
78.0305
78.0305
78.0305
78.0305
78.0305
78.0305
78.0305
78.0305
78.0305
78.0305
78.0305
78.0305
78.0305
78.0305
78.0305
78.0305
78.0305
78.0305
78.0305
78.0305
78.0305
78.0305
78.0305
78.0305
78.0305
78.0305
78.0305
78.0305
78.0305
78.0305
78.0305
78.0305
78.0305
78.0305
78.0305
78.0305
78.0305
78.0305
78.0305
78.0305
78.0305
78.0305
78.0305
78.0305
78.0305
78.0305
78.0305
78.0305
78.0305
78.0305
78.0305
78.0305
78.0305
78.0305
78.0305
78.0305
78.0305
78.0305
78.0305
78.0305
78.0305
78.0305
78.0305
78.0305
78.0305
78.0305
78.0305
78.0305
78.0305
78.0305
77.8169
77.8169
77.765
77.765
77.2572
77.2572
77.2572
76.3592
76.3592
76.3592
76.0821
74.9637
74.9637
74.9637
74.8657
74.6206
74.5963
74.5963
74.4617
73.7782
73.3433
73.3433
73.1197
73.0525
72.8289
72.7292
72.637
72.5611
72.5611
72.5611
72.5238
72.5238
72.5178
72.4865
72.4865
72.4774
72.4774
72.4692
72.4632
72.4455
72.4455
72.4326
72.4154
72.4154
72.3074
72.2691
72.2639
72.2639
72.185
72.1467
72.1379
72.1379
72.1379
72.1315
72.0803
72.0246
71.9488
71.9234
71.7871
71.7871
71.5572
71.5051
71.5051
71.4351
71.386
71.3795
71.1742
71.1346
71.1346
71.13
71.1278
71.1239
71.1139
71.1131
71.1145
71.104
71.0977
71.094
71.0894
71.0873
71.0856
71.0856
71.0836
71.0825
71.0799
71.0768
71.0591
71.0517
71.0501
71.0498
70.9623
70.943
70.9347
70.9347
70.9442
70.9286
70.9283
70.915
70.9028
70.8981
70.8831
70.8528
70.8068
70.7933
70.7972
70.7921
70.7921
70.7921
70.7921
70.7921
70.7921
70.7921
70.7906
70.7895
70.7902
70.7889
70.7873
70.7867
70.7859
70.7859
70.7819
70.7811
70.7811
70.7802
70.7806
70.7806
70.7798
70.7795
70.7793
70.7793
70.7779
70.7746
70.7746
70.7738
70.7734
70.7725
70.7715
70.7712
70.7692
70.7692
70.7684
70.7681
70.768


923.629
912.084
863.302
848.207
837.58
797.043
789.966
774.687
761.867
755.111
728.213
735.13
734.575
726.189
724.639
705.268
692.874
687.468
673.34
670.358
668.548
664.917
655.564
648.77
643.624
618.633
597.522
590.091
570.452
570.452
565.569
609.899
609.602
607.667
512.018
512.018
512.018
511.294
508.21
504.957
493.52
488.412
475.331
475.331
470.843
457.84
447.118
447.118
446.655
435.842
435.842
403.923
394.269
392.194
360.767
360.767
360.767
357.236
356.569
347.373
342.945
342.945
341.486
341.486
340.336
340.336
339.955
338.761
338.131
336.436
335.413
333.735
332.884
332.636
331.642
331.415
331.415
331.415
331.234
330.83
327.872
321.013
319.347
319.115
319.115
319.037
318.67
318.566
305.769
305.473
305.363
285.131
285.131
285.004
284.926
284.915
283.052
282.954
282.941
280.936
280.936
280.936
280.856
280.856
280.845
280.83
280.822
280.807
280.802
280.781
280.773
298.258
294.734
285.883
285.847
284.649
284.641
284.634
281.094
281.094
281.092
281.088
280.342
280.327
280.327
280.327
280.326
280.326
280.318
280.314
280.287
280.287
280.264
280.263
280.257
280.195
280.195
280.165
280.137
280.127
280.125
280.123
280.103
280.089
280.082
280.079
280.076
280.074
280.074
280.073
280.073
280.072
280.072
280.071
280.071
280.071
280.071
280.071
280.07
280.07
280.07
280.07
280.07
280.07
280.07
280.07
273.863
259.347
259.347
259.347
259.347
250.743
247.546
237.299
232.842
232.842
232.842
232.842
232.842
232.842
232.842
232.842
232.842
232.842
232.842
232.842
232.842
232.842
232.842
232.842
232.842
376.306
257.258
257.258
257.258
257.258
257.181
257.067
257.043
257.043
257.043
257.033
256.979
256.731
256.731
256.041
255.772
255.47
254.981
254.97
254.297
253.855
251.171
251.171
251.171
251.171
245.805
245.805
239.653
239.653
234.952
234.952
231.5
231.5
228.874
225.378
222.139
222.024
220.771
219.847
219.246
218.265
210.705
206.75
192.387
128.661
128.661
128.661
126.641
126.641
126.641
123.712
120.732
119.618
113.508
111.608
111.608
111.608
109.673
109.155
109.155
106.164
99.4133
99.4133
99.4133
99.4133
93.2907
93.2907
91.6274
91.6274
90.2015
89.4646
86.434
79.2118
79.2118
79.2118
79.2118
75.3202
75.3202
75.3202
70.5528
70.5528
70.5528
70.5528
68.403
67.5902
66.0774
64.7508
64.0407
64.0407
63.6259
60.5126
60.5126
59.8022
59.5092
59.1986
58.2487
58.0501
57.747
57.7394
57.3809
57.4859
57.2528
56.3116
54.7886
54.7885
54.7102
54.067
53.7733
53.5475
53.336
53.2597
53.106
52.9304
52.8155
52.8155
52.5509
52.4286
52.4035
52.4011
51.6504
51.595
51.1603
50.8907
50.8469
50.8469
50.8042
50.7373
50.5397
50.4607
50.4607
50.4607
50.3722
50.3109
50.2804
50.1633
50.139
50.139
50.1222
49.8194
49.5856
49.5069
49.3774
49.3774
48.6351
48.6351
48.6351
48.6351
48.6351
48.6351
48.6343
48.5887
48.5715
48.5566
48.3563
48.3563
48.3
47.5973
47.5973
47.5973
47.5973
50.3229
47.9123
47.9068
47.8534
47.8483
47.8303
47.792
47.7874
47.7874
47.63
47.7725
47.6445
47.6096
47.6096
47.6092
47.5727
47.5727
47.5678
47.3373
46.9775
46.8446
46.6013
46.2579
46.2579
46.1699
46.1147
46.1147
46.1129
46.1108
46.0756
45.9953
45.7695
45.759
45.7173
45.7173
45.6956
45.6896
45.6227
45.6227
45.6058
45.61
45.61
45.5657
45.5309
45.5233
45.5229
45.4566
45.4566
45.4566


906.664
850.701
804.824
736.528
724.106
724.106
715.554
676.526
675.019
638.39
638.353
636.882
623.628
623.182
613.582
594.714
582.45
514.149
504.625
492.469
443.676
441.861
441.861
439.661
434.562
434.562
395.671
387.717
368.61
362.922
346.902
297.027
297.027
277.875
277.875
269.203
225.715
213.267
198.204
164.777
151.793
142.442
142.442
140.134
133.009
121.558
113.755
113.755
103.836
99.6316
96.2435
93.5093
91.5008
84.661
83.8991
81.0928
76.3359
73.8123
71.3128
70.8017
69.6303
65.9206
64.8717
61.3524
61.1365
60.5551
58.9278
58.6596
56.9215
56.1979
55.3188
55.7466
54.5448
54.0874
53.9722
53.0306
52.3382
52.1954
52.1079
50.7231
49.7914
49.3686
49.1901
48.9896
48.5245
48.4843
48.311
48.2611
48.2085
47.9511
47.775
47.7589
47.7199
47.3255
47.2021
47.1636
47.1636
47.1482
47.1279
47.1237
47.0723
47.0533
46.9916
46.9905
46.9368
46.9329
46.9118
46.8828
46.865
46.8406
46.8406
46.8305
46.8008
46.7753
46.7616
46.7405
46.7345
46.7267
46.7182
46.7175
46.7088
46.707
46.7062
46.697
46.6845
46.6844
46.6799
46.6773
46.6771
46.6677
46.6633
46.6594
46.6579
46.6491
46.6473
46.6466
46.6466
46.6438
46.6413
46.6413
46.6356
46.638
46.6378
46.6348
46.6348
46.6345
46.6338
46.6338
46.6324
46.6323
46.6322
46.6317
46.6316
46.6313
46.6313
46.6308
46.6302
46.6302
46.6295
46.6295
46.6294
46.6291
46.6291
46.6289
46.6289
46.6289
46.6286
46.6286
46.6284
46.6283
46.6283
46.6283
46.6282
46.6282
46.6282
46.6282
46.6281
46.6281
46.6281
46.1104
45.8317
45.8317
45.4502
44.7761
44.7761
44.6553
44.6553
44.5024
44.5024
44.3125
44.3125
44.0458
43.9174
43.9139
43.9139
43.7032
43.6506
43.4457
43.4457
43.433
43.3519
43.3519
43.1971
43.148
43.148
43.0593
43.0185
43.0185
43.0185
42.972
42.972
42.9501
42.9091
42.9077
42.8886
42.8798
42.8668
42.8554
42.8408
42.8294
42.8294
42.8136
42.7946
42.7946
42.7946
42.7916
42.7898
42.7683
42.7665
42.153
42.153
42.2458
36.7409
36.7409
36.7409
36.7387
35.9018
35.8648
35.3793
34.5491
34.4913
34.3183
33.9686
33.9673
33.6019
33.5999
33.4279
33.4277
33.2359
32.7596
32.7591
32.9253
32.4217
32.4217
32.0679
32.0435
31.4279
31.4279
31.0551
30.7102
30.7099
30.5018
30.0963
30.0963
30.0141
30.014
29.7827
29.6331
29.466
29.2635
29.2635
29.2248
29.2248
29.204
29.204
29.1055
29.1055
29.1054
28.9818
28.934
28.934
28.934
28.9321
28.9181
28.8507
28.8339
28.8024
28.8023
28.779
28.779
28.7672
28.7671
28.7671
28.7488
28.7488
28.7477
28.7122
28.6798
28.6545
28.6545
28.6545
28.6372
28.6371
28.6243
28.6243
28.6097
28.6044
28.5944
28.5879
28.58
28.5658
28.5658
28.5658
28.5641
28.5635
28.5635
28.5582
28.5582
28.5578
28.5543
28.5543
28.5507
28.5491
28.5481
28.5481
28.5468
28.5466
28.5464
28.5464
28.5464
28.5461
28.5455
28.5455
28.5455
28.5452
28.5445
28.5445
28.5444
28.5443
28.5442
28.5442
28.5439
28.5437
28.5437
28.5437
28.5434
28.5434
28.5434
28.5434
28.5434
28.5434
28.5434
28.5434
28.5433
28.5432
28.5432
28.5432
28.5431
28.5431
28.5431
28.5431
28.5431
28.5431
28.5431
28.5431
28.5431
28.5431
28.543
28.543
28.543
28.543
28.543
28.543
28.543
28.543
28.543
28.543
28.543
28.543
28.543
28.543
28.543
28.543
28.543
28.543
28.543
28.543
28.543
28.543
28.543
28.543
28.543
28.543
28.543
28.543
28.543
28.543
28.543
28.543
28.543


920.792
883.957
830.067
808.405
796.897
784.708
778.675
774.614
767.52
758.095
744.065
748.183
746.873
746.873
738.363
725.454
717.97
708.23
697.509
697.494
693.511
673.251
672.978
669.047
635.777
616.64
616.64
601.113
555.267
542.647
538.499
518.537
484.73
460.456
460.426
441.133
388.342
388.342
360.551
360.551
341.6
326.781
254.159
254.159
228.202
211.366
189.742
182.53
180.983
174.45
168.673
156.948
156.087
154.53
140.143
140.143
127.991
121.916
115.307
113.573
110.837
106.206
105.876
103.576
102.558
99.118
95.6394
93.4242
88.6553
88.1453
87.686
86.1201
84.0259
82.7088
80.7199
80.6905
79.3217
78.8685
78.7607
78.6126
78.3511
77.144
76.7657
76.7415
76.5909
76.2792
75.9825
75.7902
75.5963
75.5312
75.3382
75.2719
75.0028
74.9777
74.9457
74.8135
74.5319
74.5305
74.3389
74.3389
74.2613
74.2613
74.1496
74.0723
74.0239
74.0187
73.9029
73.8638
73.8336
73.7658
73.7658
73.7462
73.7462
73.7462
73.7109
73.6907
73.69
73.6804
73.6498
73.6046
73.5927
73.5927
73.5925
73.51
73.489
73.4875
73.4864
73.4864
73.4577
73.4577
73.412
73.4119
73.391
73.3518
73.3507
73.3255
73.3165
73.3114
73.3106
73.2466
73.2446
73.2311
73.228
73.228
73.2163
73.2052
73.2052
73.2051
73.1943
73.1934
73.1933
73.1923
73.1914
73.1827
73.1827
73.1826
73.1826
73.1826
73.1803
73.18
64.4994
63.9634
62.5785
62.5785
57.9003
57.6377
55.9257
53.1146
53.1145
51.4008
49.9105
49.4025
47.843
47.8429
47.8429
47.8427
46.527
43.5066
43.5066
43.5066
43.5064
43.5065
41.1254
40.8237
40.8236
40.8234
40.8198
40.2124
40.1307
40.1307
40.1101
39.7786
39.7786
39.6792
39.6792
39.5743
39.1084
39.1084
38.9242
38.9242
38.921
38.3041
38.3041
38.2955
38.2896
38.1275
38.1275
38.0191
37.9533
37.8821
37.6742
37.7703
37.5493
37.5493
37.5414
37.497
37.497
37.478
37.478
37.4638
37.4568
37.4568
37.3764
37.3452
37.3452
37.3068
37.3068
37.3009
37.3009
37.2789
37.2789
37.2789
37.2446
37.2446
37.224
37.2181
37.2181
37.2181
37.2083
37.1938
37.1938
37.1884
37.1884
37.1884
37.1788
37.1741
37.1709
37.1636
37.1636
37.1636
37.1636
37.1636
37.1624
37.1624
37.1576
37.1576
37.1555
37.1555
37.1555
37.1555
37.1545
37.1545
37.1545
37.153
37.1526
37.1526
37.1525
37.1524
37.1524
37.1516
37.1512
37.1511
37.151
37.1507
37.1507
37.1506
37.1503
37.1503
37.1499
37.1497
37.1497
37.1496
37.1495
37.1495
37.1495
37.1494
37.1494
37.1494
37.1494
37.1493
37.1493
37.1493
37.1493
37.1493
37.1492
37.1492
37.1492
37.1492
37.1492
37.1491
37.1491
37.1491
37.1491
37.1491
37.1491
37.1491
37.1491
37.1491
37.1491
37.1491
37.1491
37.1491
37.1491
37.1491
37.1491
37.1491
37.1491
37.1491
37.1491
37.1491
37.1491
37.1491
37.1491
37.1491
37.1491
37.1491
37.1491
37.1491
37.1491
37.1491
37.1491
37.1491
37.1491
37.1491
37.1491
37.1491
37.1491
37.1491
37.1491
37.1491
37.1491
37.1491
37.1491
37.1491
37.1491
37.1491
37.1491
37.1491
37.1491
37.1491
37.1491
37.1491
37.1491
37.1491
37.1491
37.1491
37.1491
37.1491
37.1491
37.1491
37.1491
37.1491
37.1491
37.1491
37.1491
37.1491
37.1491
37.1491
37.1491
37.1491
37.1491
37.1491
37.1491
37.1491
37.1491
37.1491
37.1491
37.1491
37.1491
37.1491
37.1491
37.1491
37.1491
37.1491
37.1491
37.1491
37.1491
37.1491
37.1491
37.1491
37.1491
37.1491
37.1491
37.1491
37.1491
37.1491
37.1491
37.1491
37.1491
37.1491


910.905
842.238
832.145
815.945
790.732
783.876
771.27
757.053
755.499
749.705
724.614
718.124
717.377
703.735
703.625
661.245
649.06
649.06
647.825
631.42
581.138
559.441
558.31
558.31
558.291
509.483
492.564
487.605
466.268
451.713
440.398
408.679
408.679
393.33
393.33
354.742
331.257
280.518
244.479
244.479
234.6
205.765
205.765
183.794
183.78
175.924
157.053
149.222
135.953
134.581
126.21
126.21
111.424
103.048
100.852
94.4527
91.9726
89.8087
85.8428
84.8072
84.8072
84.49
79.1665
77.5149
73.2331
71.2981
70.3339
67.5761
66.4816
65.5459
64.1842
64.1842
62.2165
61.996
60.7953
60.0202
59.6598
59.4698
59.3944
58.9138
58.495
58.2715
58.0029
57.842
57.842
57.457
57.3176
57.1931
57.1931
57.0374
57.0273
56.9596
56.8852
56.8654
56.814
56.8128
56.8013
56.778
56.7645
56.7449
56.6941
56.6807
56.6526
56.6454
56.6341
56.6086
56.6002
56.5843
56.5735
56.5735
56.5735
56.5695
56.568
56.564
56.5469
56.5377
56.5344
56.5298
56.5243
56.5205
56.5201
56.5185
56.5181
56.5147
56.5138
56.5132
56.5112
56.5105
56.5082
56.5072
56.5052
56.5049
56.5049
56.5041
56.504
56.5035
56.5031
56.5027
56.5023
56.5019
56.501
56.5006
56.5004
56.5004
56.5002
56.5001
56.4999
56.4999
56.4996
56.4995
56.4995
56.4994
56.4994
56.4993
56.4993
56.4992
56.4991
56.4991
56.4991
56.499
56.499
56.499
56.499
56.499
56.499
56.4989
56.4989
56.4989
56.4989
56.4989
56.4989
56.4989
56.4989
56.4989
56.4989
56.4988
56.4988
56.4988
56.4988
56.4988
56.4988
56.4988
56.4988
56.4988
56.4988
56.4988
56.4988
56.4988
56.4988
56.4988
56.4988
56.4988
56.4988
56.4988
56.4988
56.4988
56.4988
56.4988
56.4988
56.4988
56.4988
56.4988
56.4988
56.4988
56.4988
56.4988
56.4988
56.4988
56.4988
56.4988
56.4988
56.4988
56.4988
56.4988
56.4988
56.4988
56.4988
56.4988
56.4988
56.4988
56.4988
56.4988
56.4988
56.4988
56.4988
56.4988
56.4988
56.4988
56.4988
56.4988
56.4988
56.4988
56.4988
56.4988
56.4988
56.4988
56.4988
56.4988
56.4988
56.4988
56.4988
56.4988
56.4988
56.4988
56.4988
56.4988
56.4988
56.4988
56.4988
56.4988
56.4988
56.4988
56.4988
56.4988
56.4988
56.4988
56.4988
56.4988
56.4988
56.4988
56.4988
56.4988
56.4988
56.4988
56.4988
56.4988
56.4988
56.4988
56.4988
56.4988
56.4988
56.4988
56.4988
56.4988
56.4988
56.4988
56.4988
56.4988
56.4988
56.4988
56.4988
56.4988
56.4988
56.4988
56.4988
56.4988
56.4988
56.4988
56.4988
56.4988
56.4988
56.4988
56.4988
56.4988
56.4988
56.4988
56.4988
56.4988
56.4988
56.4988
56.4988
56.4988
56.4988
56.4988
56.4988
56.4988
56.4988
56.4988
56.4988
56.4988
56.4988
56.4988
56.4988
56.4988
56.4988
56.4988
56.4988
56.4988
56.4988
56.4988
56.4988
56.4988
56.4988
56.4988
56.4988
56.4988
56.4988
56.4988
56.4988
56.4988
56.4988
56.4988
56.4988
56.4988
56.4988
56.4988
56.4988
56.4988
56.4988
56.4988
56.4988
56.4988
56.4988
56.4988
56.4988
56.4988
56.4988
56.4988
56.4988
56.4988
56.4988
56.4988
56.4988
56.4988
56.4988
56.4988
56.4988
56.4988
56.4988
56.4988
56.4988
56.5061
56.4988
56.4988
56.4988
56.4988
56.4988
56.4988
56.4988
56.4988
56.4988
56.4988
56.4988
56.4988
56.4988
56.4988
56.4988
56.4988
56.4988
56.4988
56.4988
56.4988
56.4988
56.4988
56.4988
56.4988
56.4988
56.4988
56.4988
56.4988
56.4988
56.4988
56.4988
56.4988
56.4988
56.4988
56.4988
56.4988
56.4988
56.4988


842.874
824.043
803.086
794.419
788.273
774.601
754.199
744.708
740.539
740.539
740.535
738.581
737.429
734.652
733.536
713.06
713.06
712.669
703.084
703.084
701.104
701.048
689.084
674.544
674.544
655.44
652.522
624.449
624.449
623.81
622.578
611.203
596.525
596.525
565.885
565.885
562.163
510.099
478.037
472.496
464.379
450.616
443.592
437.33
408.855
377.803
370.198
352.383
338.519
338.519
291.296
287.325
262.039
260.017
259.004
256.658
210.599
201.054
195.457
195.457
193.836
167.566
132.486
127.521
127.377
120.963
120.963
119.796
100.419
93.4137
93.3443
91.239
84.2893
83.9365
81.7371
77.6587
76.0885
74.938
69.878
67.8925
67.8262
66.4708
66.0583
64.0994
62.9366
62.8044
61.7494
61.1264
60.7415
60.7415
60.4346
60.413
60.3992
60.2604
59.7769
59.6964
59.5554
59.3515
58.9918
58.8087
58.7532
58.6409
58.6268
58.5399
58.5002
58.2637
58.2159
58.1707
58.0956
58.0386
58.0277
58.0284
57.9373
57.9286
57.9253
57.9253
57.91
57.91
57.8996
57.8912
57.8709
57.8629
57.8629
57.8594
57.8339
57.8339
57.8274
57.8263
57.8192
57.8142
57.8138
57.8136
57.8049
57.8022
57.801
57.801
57.7985
57.7983
57.7951
57.7944
57.7942
57.7912
57.791
57.7909
57.7902
57.7902
57.789
57.7885
57.7879
57.7878
57.7878
57.7873
57.7861
57.7861
57.7858
57.7858
57.7856
57.7854
57.7853
57.7853
57.7853
57.7852
57.7852
57.7852
57.7851
57.7851
57.7851
57.7851
57.7851
57.7851
57.785
57.785
57.785
57.785
57.785
57.785
57.785
57.785
57.785
57.785
57.7849
57.7849
57.7849
57.7849
57.7849
57.7849
57.7849
57.7849
57.7849
57.7849
57.7849
57.7849
57.7849
57.7849
57.7849
57.7849
57.7849
57.7849
57.7849
57.7849
57.7849
57.7849
57.7849
57.7849
57.7849
57.7849
57.7849
57.7849
57.7849
57.7849
57.7849
57.7849
57.7849
57.7849
57.7849
57.7849
57.7849
57.7849
57.7849
57.7849
57.7849
57.7849
57.7849
57.7849
57.7849
57.7849
57.7849
57.7849
57.7849
57.7849
57.7849
57.7849
57.7849
57.7849
57.7849
57.7849
57.7849
57.7849
57.7849
57.7849
57.7849
57.7849
57.7849
57.7849
57.7849
57.7849
57.7849
57.7849
57.7849
57.7849
57.7849
57.7849
57.7849
57.7849
57.7849
57.7849
57.7849
57.7849
57.7849
57.7849
57.7849
57.7849
57.7849
57.7849
57.7849
57.7849
57.7849
57.7849
57.7849
57.7849
57.7849
57.7849
57.7849
57.7849
57.7849
57.7849
57.7849
57.7849
57.7849
57.7849
57.7849
57.7849
57.7849
57.7849
57.7849
57.7849
57.7849
57.7849
57.7849
57.7849
57.7849
57.7849
57.7849
57.7849
57.7849
57.7849
57.7849
57.7849
57.7849
57.7849
57.7849
57.7849
57.7849
57.7849
57.7849
57.7849
57.7849
57.7849
57.7849
57.7849
57.7849
57.7849
57.7849
57.7849
57.7849
57.7849
57.7849
57.7849
57.7849
57.7849
57.7849
57.7849
57.7849
57.7849
57.7849
57.7849
57.7849
57.7849
57.7849
57.7849
57.7849
57.7849
57.7849
57.7849
57.7849
57.7849
57.7849
57.7849
57.7849
57.7849
57.7849
57.7849
57.7849
57.7849
57.7849
57.7849
57.7849
57.7849
57.7849
57.7849
57.7849
57.7849
57.7849
57.7849
57.7849
57.7849
57.7849
57.7849
57.7849
57.7849
57.7849
57.7849
57.7849
57.7849
57.7849
57.7849
57.7849
57.7849
57.7849
57.7849
57.7849
57.7849
57.7849
57.7849
57.7849
57.7849
57.7849
57.7849
57.7849
57.7849
57.7849
57.7849
57.7849
57.7849
57.7849
57.7849
57.7849
57.7849
57.7849
57.7849
57.7849
57.7849
57.7849
57.7849
57.7849
57.7849
57.7849
57.7849
57.7849
57.7849


866.56
831.355
788.255
785.185
768.827
762.629
743.853
735.4
710.513
707.504
692.012
692.171
687.962
687.962
686.256
683.2
656.457
656.457
654.799
654.799
634.755
652.443
638.285
638.224
635.212
635.212
624.136
624.136
622.976
621.905
621.905
606.022
606.022
597.135
594.104
588.398
581.927
575.952
575.952
575.952
575.54
546.612
539.917
535.503
523.487
519
483.255
483.255
483.255
481.007
472.198
472.198
472.198
472.198
469.243
467.234
464.305
464.305
464.111
462.868
449.227
419.117
418.763
418.589
386.522
371.832
366.156
363.893
356.859
356.441
355.999
353.041
352.99
327.483
304.816
300.648
300.648
300.648
300.648
300.648
300.648
300.648
300.648
299.777
299.777
299.777
299.777
299.777
299.777
299.777
299.777
299.777
292.625
292.625
292.625
292.625
292.625
292.625
291.463
291.463
291.463
438.736
423.773
419.972
419.103
419.103
419.103
419.103
416.706
414.166
414.166
413.926
413.926
413.914
413.914
386.912
386.912
373.475
373.056
373.056
370.369
370.369
357.433
357.433
345.66
345.66
336.662
324.043
302.44
301.152
300.135
295.015
289.645
289.645
288.537
288.537
287.191
286.392
267.71
265.656
265.656
263.488
263.488
263.488
261.855
255.753
252.802
251.155
250.296
225.826
225.826
212.892
212.892
202.222
196.024
196.024
193.574
188.743
181.874
181.207
178.473
175.625
175.625
171.411
168.982
167.053
163.994
163.994
162.693
157.79
157.296
156.922
154.963
152.058
147.584
145.941
145.833
145.47
145.47
144.809
144.809
144.75
144.75
143.171
143.171
142.801
141.885
141.806
141.318
138.681
137.709
136.645
136.502
135.342
133.574
133.574
132.132
129.296
129.296
126.79
123.673
121.028
119.715
119.621
117.881
113.458
113.34
113.34
113.292
112.898
112.898
112.127
112.121
111.614
111.356
111.07
111.07
111.06
110.914
110.784
110.784
110.526
110.324
110.21
110.03
109.766
109.553
109.213
108.969
108.869
108.849
108.791
108.759
108.759
108.423
108.361
108.361
108.292
108.248
108.218
108.209
108.208
108.203
108.2
108.196
108.196
108.195
108.195
108.192
108.192
108.192
108.19
108.189
108.188
108.188
108.188
108.186
108.186
108.185
108.184
108.182
108.183
108.183
108.182
108.182
108.181
108.181
108.181
108.181
108.181
108.181
108.181
108.18
108.18
108.18
108.18
108.18
108.18
108.18
108.18
108.18
108.18
108.18
108.18
108.18
108.18
108.18
108.18
108.18
108.18
108.18
108.18
108.18
108.18
108.18
108.18
108.18
108.18
108.18
108.18
108.18
108.18
108.18
108.18
108.18
108.18
108.18
108.18
108.18
108.18
108.18
108.18
108.18
108.18
108.18
94.8927
93.2525
89.912
89.912
89.166
74.5643
72.9193
72.9193
71.1625
71.1625
71.1625
57.3135
57.3135
57.3135
57.3135
57.3135
57.2941
56.3559
56.3559
56.0347
56.0347
55.5848
55.4298
55.4298
55.351
52.5512
53.4511
52.104
51.6488
51.6488
51.5944
50.88
50.6473
49.6516
49.16
48.9883
48.7946
48.3379
48.2579
47.931
47.6947
47.4725
47.1406
46.8951
46.7957
46.7755
46.7013
46.6835
46.4399
46.3538
46.2142
46.2142
46.2142
44.9361
44.9361
44.8026
44.6511
44.4457
44.4457
44.4457
44.3502
44.1958
44.0412
43.9915
43.6067
43.6067
43.4084
43.3045
43.2358
42.87
42.87
42.87
42.87
42.7431
42.6915
42.6837
42.6828
42.6828
42.6828
42.6653
42.6574
42.5486
42.503
42.4462
42.0236


885.478
822.917
800.013
764.334
764.334
735.258
727.193
712.035
710.388
709.181
708.999
706.205
702.235
702.235
700.434
690.547
688.658
686.645
686.645
683.161
661.546
653.073
635.252
621.76
601.947
593.414
560.601
558.773
525.524
506.527
489.749
488.719
479.309
452.606
423.707
423.413
341.661
341.661
322.894
316.525
302.085
300.645
278.424
268.289
258.109
253.707
247.997
237.131
224.026
181.893
177.966
166.234
162.657
152.46
151.35
150.791
137.998
134.625
132.554
126.557
122.758
117.816
96.8987
96.0933
94.2536
94.2536
92.5118
88.8856
88.6329
81.393
81.2293
80.3913
77.8137
77.8137
72.0287
69.8405
69.4023
69.4023
67.8505
67.0418
66.3923
65.4257
65.4257
65.4257
62.7091
61.5063
61.1007
59.9744
58.7122
58.7122
58.5611
58.5304
57.8976
57.1858
57.0641
56.8319
56.8181
56.2585
56.0974
56.0406
55.6708
53.572
53.5589
53.5296
53.4985
53.3931
53.3749
53.0436
53.0225
52.88
52.88
52.8682
52.7549
52.7404
52.4579
52.4579
52.443
52.4424
52.4386
52.4247
52.3635
52.3314
52.3139
52.2866
52.2716
52.2716
52.2532
52.223
52.2159
52.189
52.189
52.1801
52.1708
52.1664
52.152
52.1344
52.1192
52.1192
52.1139
52.0974
52.0962
52.0962
52.0928
52.0908
52.0889
52.0751
52.0733
52.0718
52.0635
52.0612
52.0529
52.0566
52.0545
52.0523
52.0519
52.0483
52.0462
52.0462
52.0456
52.0431
52.043
52.0404
52.0404
52.0403
52.0391
52.0391
52.0389
52.038
52.0377
52.0374
52.037
52.037
52.037
52.0367
52.036
52.0359
52.0351
52.035
52.0348
52.0348
52.034
52.034
52.034
52.0335
52.0335
52.0334
52.0333
52.0333
52.033
52.033
52.033
52.0329
52.0329
52.0329
52.0329
52.0329
52.0329
52.0328
52.0327
52.0327
52.0327
52.0327
52.0326
52.0326
52.0326
52.0326
52.0326
52.0326
52.0326
52.0326
52.0326
52.0325
52.0325
52.0325
52.0325
52.0325
52.0325
52.0325
52.0325
52.0325
52.0325
52.0325
52.0325
52.0325
52.0325
52.0325
51.8645
51.8645
51.5963
48.8723
48.8723
47.8551
47.3384
47.3384
47.2651
46.7585
45.5902
45.5902
45.2239
44.3818
43.362
42.7497
42.0676
41.8687
41.8267
41.527
40.7867
40.7867
37.3028
37.3028
36.5084
36.6493
36.0355
35.9882
32.8294
31.8677
30.172
30.172
28.4547
26.2509
26.2509
27.6139
26.8601
25.4565
23.1063
23.1063
22.9647
22.9647
22.9647
22.9214
22.9214
22.5762
21.9368
21.9368
21.9368
21.7684
21.7684
21.7551
21.4114
21.4114
21.2147
20.9667
20.9667
20.9667
20.3693
20.1181
19.7589
19.7589
19.7589
19.7589
19.6161
19.9928
18.6179
18.0532
18.0532
17.4881
17.4881
17.1156
16.9935
16.9935
16.3715
16.3715
16.3715
15.5378
15.11
15.0212
14.823
14.693
14.5822
14.4551
14.2566
14.0853
13.9947
13.9725
13.9475
13.9317
13.87
13.8034
13.7179
13.6669
13.6598
13.6096
13.5783
13.5694
13.5667
13.128
13.128
13.128
13.128
13.0809
13.0414
12.9933
12.9774
12.9708
12.966
12.966
12.9396
12.8577
12.849
12.8449
12.8449
12.8084
12.7786
12.7684
12.7684
12.7605
12.5396
12.5396
12.4918
12.4752
12.4752
12.4483
12.4483
12.4161
12.3955
12.3686
12.3686
12.3622
12.3506
12.3239
12.3198
12.3197
12.3144
12.3144
12.3115
12.3115
12.2743
12.2723
12.2499
12.2402
12.2402
12.215
12.2146
12.2011
12.1999
12.1999
12.1958
12.1958
12.1958
12.193
12.1907
12.1896
12.1781
12.1781
12.1781
12.1781
12.1781
12.1768
12.1744
12.1729
12.1728
12.1705
12.1705
12.169
12.1689
12.1674
12.1666
12.1666
12.1666
12.1661


895.923
805.21
794.171
773.092
768.007
745.653
745.653
728.544
710.307
693.919
689.984
693.381
683.876
671.723
668.745
664.276
646.321
646.321
644.473
643.078
618.993
618.07
615.809
604.465
595.339
575.531
559.408
559.144
557.587
553.142
551.965
552.165
545.4
515.367
500.844
464.308
464.308
461.695
454.257
454.257
411.128
412.072
408.224
394.1
378.108
374.119
371.757
358.95
358.95
357.052
351.374
350.795
328.989
324.135
318.998
318.998
316.18
314.238
314.238
314.238
311.429
316.498
310.239
309.388
309.285
308.509
308.035
307.971
307.636
307.636
307.321
306.804
306.417
306.294
306.294
306.276
305.677
305.677
305.511
305.511
305.31
305.255
303.753
303.564
303.304
299.556
299.493
299.457
299.457
297.24
293.727
321.054
295.787
295.787
291.86
291.851
291.851
291.824
291.82
288.29
288.29
288.285
288.285
288.285
283.557
281.771
281.771
281.765
281.765
281.753
281.753
281.752
281.75
281.748
279.442
279.442
279.435
279.435
279.435
279.434
279.268
280.464
280.464
280.439
279.858
279.857
279.619
279.618
279.378
279.378
279.378
279.378
279.377
279.377
279.377
279.087
279.082
279.082
278.988
278.988
278.988
279.326
279.326
278.996
278.943
278.912
278.89
278.875
278.865
278.858
278.852
278.849
278.846
278.844
278.843
278.843
278.842
278.842
278.841
278.841
278.841
278.841
278.841
256.976
256.976
256.976
256.976
256.976
256.976
256.976
254.984
218.61
204.648
204.648
204.648
204.648
204.648
203.624
203.624
203.624
203.624
202.316
194.604
193.46
192.665
192.665
192.665
192.665
192.662
192.431
188.327
187.686
187.686
187.367
186.83
186.83
186.488
186.488
186.488
186.376
186.287
185.725
185.725
185.526
185.526
185.427
185.337
185.292
185.269
185.256
185.248
185.235
185.113
185.059
185.033
184.979
184.869
184.804
184.745
184.489
183.963
183.963
183.963
183.833
183.276
142.683
127.624
127.624
127.624
127.624
127.624
126.362
126.362
126.362
126.362
126.362
125.391
125.391
125.032
125.032
124.267
124.23
124.147
124.13
124.13
124.126
124.125
124.125
124.123
124.122
124.121
124.121
124.121
124.119
124.116
124.111
124.111
124.11
124.11
124.11
124.11
124.11
124.11
124.11
124.109
124.109
124.109
124.109
124.108
124.108
124.107
124.107
124.107
124.107
124.107
124.106
124.106
124.105
124.105
124.104
124.103
124.102
124.101
124.1
124.099
124.098
124.097
124.096
124.094
124.092
124.091
124.089
124.085
124.083
124.08
124.077
124.073
124.068
124.063
124.059
124.056
124.051
124.045
124.038
124.033
124.024
124.012
124.006
120.855
119.483
119.483
118.267
116.152
116.152
116.152
116.152
116.152
116.152
115.992
115.586
115.586
112.785
111.824
110.768
110.078
109.775
109.526
109.526
109.526
109.526
109.416
109.312
109.19
109.106
109.066
109.032
109.019
109.011
109.011
108.962
108.941
108.93
108.925
108.923
108.919
108.917
108.917
108.917
108.915
108.915
108.912
108.909
108.907
108.903
108.901
108.9
108.9
108.899
108.897
108.894
108.892
107.624
103.188
103.188
102.198
100.817
100.546
100.546
100.546
100.546
100.546
100.737
100.564
100.554
100.517
100.499
100.499
100.455
100.418
100.346
100.292
100.267
100.259
100.243
100.227
100.223
100.223
100.222
100.221
100.221
100.221
100.221
100.221
100.221
100.221
100.221
100.221
100.221
100.221
100.221


854.492
809.277
777.887
775.323
750.347
742.656
725.019
715.521
705.066
703.554
690.761
679.719
663.693
663.468
649.138
648.776
643.506
636.054
614.48
594.513
575.723
575.723
570.586
555.946
546.677
546.348
476.779
473.335
466.701
421.089
419.798
395.551
395.551
395.551
376.757
375.465
368.184
320.847
308.708
298.374
270.36
270.36
250.48
230.912
230.912
227.373
215.416
193.106
193.106
191.835
154.908
134.407
134.407
132.576
129.573
126.612
107.961
96.5066
84.0169
78.3495
77.3493
77.3493
71.9983
67.636
64.972
61.7916
56.0542
53.8951
52.0674
50.2356
49.9241
44.9463
44.059
42.7338
41.9519
40.3704
38.9026
38.4924
36.6136
35.5725
35.5725
35.0999
34.3847
34.2817
33.651
33.1704
33.1213
33.0426
32.7031
32.5893
31.9993
31.7505
31.6407
31.5729
31.4648
31.443
31.4315
31.1955
31.1955
31.1196
31.0449
30.9878
30.9556
30.861
30.8475
30.7532
30.7416
30.7119
30.6729
30.6316
30.6231
30.6131
30.5987
30.5302
30.5159
30.4899
30.4728
30.4532
30.4509
30.4354
30.4307
30.4301
30.4279
30.42
30.4082
30.4071
30.4019
30.3935
30.3929
30.3929
30.3881
30.3859
30.3838
30.3838
30.382
30.3802
30.3792
30.3786
30.3782
30.377
30.3765
30.3763
30.3759
30.3754
30.3754
30.3753
30.3747
30.3745
30.3742
30.3739
30.3736
30.3736
30.3735
30.3731
30.3728
30.3724
30.3724
30.3723
30.3722
30.372
30.372
30.3719
30.3719
30.3718
30.3718
30.3717
30.3715
30.3715
30.3715
30.3715
30.3714
30.3714
30.3714
30.3713
30.3713
30.3713
30.3713
30.3713
30.3713
30.3713
30.3713
30.3713
30.3712
30.3712
30.3712
30.3712
30.3712
30.3712
30.3712
30.3712
30.3712
30.3712
30.3712
30.3712
30.3712
30.3712
30.3712
30.3712
30.3712
30.3712
30.3712
30.3712
30.3712
30.3712
30.3712
30.3712
30.3712
30.3712
30.3712
30.3712
30.3712
30.3712
30.3712
30.3712
30.3712
30.3712
30.3712
30.3712
30.3712
30.3712
30.3712
30.3712
30.3712
30.3712
30.3712
30.3712
30.3712
30.3712
30.3712
30.3712
30.3712
30.3712
30.3712
30.3712
30.3712
30.3712
30.3712
30.3712
30.3712
30.3712
30.3712
30.3712
30.3712
30.3712
30.3712
30.3712
30.3712
30.3712
30.3712
30.3712
30.3712
30.3712
30.3712
30.3712
30.3712
30.3712
30.3712
30.3712
30.3712
30.3712
30.3712
30.3712
30.3712
30.3712
30.3712
30.3712
30.3712
30.3712
30.3712
30.3712
30.3712
30.3712
30.3712
30.3712
30.3712
30.3712
30.3712
30.3712
30.3712
30.3712
30.3712
30.3712
30.3712
30.3712
30.3712
30.3712
30.3712
30.3712
30.3712
30.3712
30.3712
30.3712
30.3712
30.3712
30.3712
30.3712
30.3712
30.3712
30.3712
30.3712
30.3712
30.3712
30.3712
30.3712
30.3712
30.3712
30.3712
30.3712
30.3712
30.3712
30.3712
30.3712
30.3712
30.3712
30.3712
30.3712
30.3712
30.3712
30.3712
30.3712
30.3712
30.3712
30.3712
30.3712
30.3712
30.3712
30.3712
30.3712
30.3712
30.3712
30.3712
30.3712
30.3712
30.3712
30.3712
30.3712
30.3712
30.3712
30.3712
30.3712
30.3712
30.3712
30.3712
30.3712
30.3712
30.3712
30.3712
30.3712
30.3712
30.3712
30.3712
30.3712
30.3712
30.3712
30.3712
30.3712
30.3712
30.3712
30.3712
30.3712
30.3712
30.3712
30.3712
30.3712
30.3712
30.3712
30.3712
30.3712
30.3712
30.3712
30.3712
30.3712
30.3712
30.3712
30.3712
30.3712
30.3712
30.3712
30.3712
30.3712
30.3712
30.3712
30.3712
30.3712
30.3712
30.3712
30.3712
30.3712
30.3712
30.3712
30.3712
30.3712
30.3712
30.3712
30.3712
30.3712
30.3712
30.3712
30.3712
30.3712


879.65
832.838
782.715
721.913
721.913
721.913
707.231
704.933
694.151
694.151
687.411
681.122
681.122
676.297
671.075
671.075
666.826
661.271
656.226
628.633
628.633
628.573
625.27
614.936
614.82
603.427
602.692
602.413
579.787
579.354
579.354
552.626
542.054
539.615
532.475
519.742
519.107
519.107
504.923
504.923
502.696
490.556
465.492
464.506
464.183
441.638
422.745
422.745
391.455
391.282
390.045
383.699
377.15
370.933
369.997
361.119
356.707
356.682
349.342
346.15
346.145
344.906
344.308
343.063
340.594
339.64
338.422
335.756
334.617
334.616
333.732
333.412
332.775
332.131
331.471
331.471
331.47
331.469
331.422
331.336
330.901
330.294
330.294
330.294
330.294
330.118
330.045
330.045
330.001
329.931
329.889
329.889
329.87
329.772
329.745
329.596
329.596
329.596
329.589
329.589
329.565
329.574
329.546
329.546
329.535
329.521
329.521
329.521
329.519
329.517
329.509
329.463
323.823
323.014
323.011
321.596
320.59
320.312
320.295
320.295
320.291
320.417
319.909
319.577
319.36
319.218
319.123
319.06
319.005
318.967
318.941
318.921
318.908
318.898
318.891
318.885
318.882
318.879
318.877
318.876
318.875
318.874
318.873
318.873
318.873
318.872
318.872
318.872
318.872
318.872
318.872
318.871
318.871
318.871
318.871
318.871
318.871
318.871
318.871
318.871
318.871
318.871
318.871
318.871
318.871
318.871
318.871
318.871
318.871
317.949
317.949
318.871
318.871
318.325
318.325
318.325
318.325
318.06
317.756
317.756
317.756
316.87
314.611
309.877
309.877
309.877
309.877
309.877
294.667
290.618
290.618
295.362
290.731
290.137
290.137
286.526
286.526
286.526
280.505
278.314
278.314
270.26
270.26
270.26
267.845
267.845
267.845
267.845
265.355
263.087
263.042
258.277
258.277
258.277
254.827
254.827
254.827
254.827
254.827
254.827
254.645
254.645
253.946
253.946
253.946
253.889
253.889
253.882
253.882
253.882
253.882
253.842
253.822
253.769
253.737
253.72
253.711
253.705
253.702
253.693
253.689
253.687
253.686
253.677
253.661
253.65
253.643
253.634
253.628
253.618
253.611
253.604
253.594
253.587
253.577
253.567
253.561
253.557
253.554
253.55
253.547
253.546
253.545
253.545
253.544
253.543
253.541
253.539
253.538
253.537
253.536
253.535
253.533
253.532
253.532
253.531
253.531
253.529
253.528
253.527
253.526
253.524
253.521
253.52
253.519
253.518
253.518
253.516
253.515
253.515
253.514
253.514
253.513
253.511
253.51
253.508
253.504
253.501
253.497
253.494
253.491
253.489
253.485
253.483
253.479
253.473
253.462
251.152
251.152
251.075
249.85
247.485
246.512
246.512
246.512
236.787
236.787
233.37
233.37
233.37
228.713
228.713
223.201
219.019
219.019
169.777
165.483
165.483
161.869
161.869
148.245
138.996
138.941
115.466
115.466
113.982
113.982
113.982
102.324
102.324
96.3523
96.3469
96.3469
96.3469
85.9212
83.922
80.1582
80.1553
80.1553
78.2182
78.2182
76.9132
75.7672
71.398
69.7233
69.5214
69.5214
63.153
63.153
59.108
59.108
59.1037
57.0727
57.0727
53.9576
53.9576
53.9576
51.4672
51.2907
51.2907
51.2907
49.5945
49.0685
48.7102
48.7102
48.7102
46.6734
46.6734
46.6734
46.2373
46.2373
46.8131
46.5266
46.1231
45.8054
45.8054
44.1597
44.1597
43.5535
43.5535
43.4994
43.1458
43.0159
42.9154
42.9154
42.8961
42.7807
42.7532
42.7532
42.5632


867.48
755.583
725.58
716.849
707.483
697.232
693.2
693.2
679.682
678.343
669.356
664.34
653.956
653.645
648.617
639.495
636.159
634.63
630.88
629.488
623.615
599.3
594.804
594.804
582.856
582.856
563.53
548.944
548.944
548.944
548.944
548.944
536.681
533.079
510.499
510.499
510.499
493.865
481.648
481.648
472.735
472.581
465.977
456.476
455.916
438.104
438.024
437.591
423.873
423.708
421.796
416.617
408.73
401.482
396.655
396.625
390.392
390.051
388.198
387.21
387.176
384.699
382.365
382.365
379.533
375.557
375.518
375.518
370.425
366.897
366.897
364.791
363.032
362.945
362.945
361.881
361.336
350.091
347.872
347.872
346.847
346.847
346.572
346.572
346.461
346.29
345.964
345.964
345.899
345.899
341.474
346.657
335.697
331.78
331.715
331.506
331.506
331.242
328.115
328.115
328.115
320.44
320.44
307.448
307.448
297.94
297.774
294.655
294.604
294.597
293.982
300.346
290.544
290.535
290.535
284.622
284.615
271.319
271.319
271.314
271.283
271.283
254.752
254.752
254.752
254.752
254.734
246.784
245.338
245.33
245.327
243.704
243.69
243.69
243.69
243.689
235.325
229.318
224.317
186.849
186.846
204.517
204.517
204.515
204.515
204.515
198.597
198.596
195.518
195.518
175.61
189.872
183.066
183.065
176.551
176.551
160.088
160.087
149.012
139.259
137.541
137.539
137.539
137.539
132.724
132.724
132.724
115.43
97.8169
97.8169
97.8168
97.8166
97.8166
97.8166
93.9019
93.9018
93.9017
93.1433
93.1433
91.2805
91.2804
90.8718
90.8718
86.6941
85.0794
85.0794
84.0228
84.0228
84.0228
84.0067
83.1277
82.4925
82.4925
81.202
81.202
80.7751
80.7245
80.7245
80.6218
80.1523
79.8364
79.4535
79.2706
79.2706
72.8003
72.8003
70.1142
70.1142
66.6336
64.309
64.0847
63.0575
63.0575
61.7972
60.6017
60.4202
59.4298
59.2172
59.2172
55.1164
55.1164
54.849
54.8026
54.4417
54.4417
52.1883
50.1501
49.9646
48.6925
48.6925
48.0422
48.0422
47.7088
47.7088
47.7088
46.8194
46.8194
46.8194
46.8194
46.6728
46.5746
46.6809
46.6809
46.6602
46.4813
46.0807
46.078
46.078
46.078
45.5776
45.5776
45.8072
45.4987
45.215
45.215
45.0644
45.0411
45.0375
44.9866
44.9866
44.9784
44.9784
44.9621
44.9621
44.9177
44.9177
44.8841
44.8752
44.871
44.8626
44.8361
44.8433
44.798
44.798
44.7807
44.7614
44.7356
44.7346
44.7323
44.7167
44.7127
44.7078
44.6995
44.6889
44.6889
44.6848
44.6721
44.6721
44.6721
44.6721
44.6721
44.6721
44.6721
44.6682
44.6679
44.6679
44.6673
44.6664
44.6637
44.6637
44.6637
44.6613
44.6613
44.6613
44.6613
44.6613
44.6606
44.6602
44.66
44.6586
44.6586
44.6584
44.6584
44.6584
44.6584
44.6584
44.6563
44.6563
44.6526
44.6526
44.6526
44.6517
44.6517
44.6504
44.6504
44.6502
44.6497
44.6497
44.6492
44.6492
44.6481
44.6488
44.6483
44.6478
44.6478
44.6478
44.6476
44.6476
44.6474
44.6474
44.6472
44.6471
44.6469
44.6469
44.6463
44.6463
44.6463
44.6461
44.6461
44.6461
44.6461
44.646
44.646
44.646
44.6459
44.6457
44.6457
44.6457
44.6457
44.6456
44.6456
44.6456
44.6455
44.6455
44.6454
44.6454
44.6454
44.6454
44.6453
44.6453
44.6452
44.6452
44.6452
44.6452
44.6452
44.6452
44.6452
44.6452
44.6452
44.6452
44.6452
44.6451
44.6451
44.6451
44.6451
44.6451
44.6451
44.6451
44.6451
44.6451
44.6451
44.6451
44.6451
44.6451
44.6451
44.6451
44.6451
44.6451
44.6451
44.6451


833.287
743.551
715.362
714.232
685.699
678.701
647.75
628.748
620
619.278
617.474
609.323
608.095
604.204
604.204
599.978
594.406
593.165
587.324
578.751
575.457
578.201
565.648
554.834
552.674
530.698
530.698
524.249
520.412
518.294
514.694
506.788
505.324
504.099
500.94
500.889
500.849
497.722
490.654
465.016
464.32
464.361
447.908
432.642
432.411
400.369
328.313
327.993
327.993
327.255
327.234
327.219
324.43
322.407
318.28
305.823
303.794
303.739
303.406
302.927
302.915
295.675
295.641
293.534
293.534
291.898
291.1
291.1
289.566
285.431
285.431
283.506
283.506
280.462
280.462
280.462
280.462
280.462
280.051
280.05
279.787
279.786
279.611
279.57
279.57
279.402
279.369
279.305
279.153
279.153
279.153
279.033
278.987
278.955
278.836
278.787
278.787
278.733
278.733
278.733
278.725
278.719
278.719
278.673
256.829
256.82
256.79
256.79
252.173
252.153
252.145
252.137
252.133
252.133
235.634
218.824
202.252
195.367
195.365
187.73
187.73
187.724
187.724
187.724
187.723
187.723
186.536
186.535
184.324
158.906
145.563
150.881
150.88
118.972
118.972
118.972
110.875
110.875
100.709
100.708
100.708
98.7746
95.9139
92.9526
92.9524
82.6618
81.6449
74.1891
74.1891
74.189
74.1889
72.7321
64.521
64.5209
64.5209
64.5208
64.5208
64.2178
60.4656
57.7894
55.0689
55.0688
55.0688
54.0163
54.0163
52.3502
50.0461
50.0461
50.0461
50.0461
48.9737
49.1258
49.1258
48.8663
47.7117
47.7117
46.1316
46.1316
45.7912
45.4697
43.9151
42.8089
40.1829
40.1829
40.1829
40.1829
40.1829
39.964
39.5285
39.4829
38.9424
38.9424
38.9424
38.9424
38.7527
38.6054
38.4855
38.1978
38.1978
38.1978
38.0932
38.295
38.234
38.2121
38.2121
38.1886
38.1886
38.0252
38.0252
38.0208
38.0089
37.9318
37.9318
37.905
37.8194
37.8172
37.7808
37.7808
37.7603
37.6971
37.6735
37.6735
37.6735
37.6519
37.6519
37.6519
37.6514
37.6512
37.6438
37.6355
37.6355
37.6286
37.6193
37.6153
37.6088
37.6043
37.6043
37.6021
37.6011
37.5987
37.5979
37.5964
37.595
37.5934
37.5873
37.5873
37.5869
37.5861
37.5861
37.585
37.585
37.5837
37.5833
37.5827
37.5824
37.5823
37.5812
37.581
37.581
37.581
37.5804
37.5801
37.5801
37.5798
37.5795
37.5795
37.5792
37.5792
37.5792
37.5787
37.5787
37.5788
37.5788
37.5785
37.5785
37.5785
37.5784
37.5784
37.5784
37.5782
37.5782
37.5783
37.5782
37.5782
37.5782
37.5782
37.5782
37.5782
37.5782
37.5782
37.5781
37.5781
37.5781
37.5781
37.5781
37.5781
37.5781
37.5781
37.5781
37.5781
37.5781
37.5781
37.5781
37.5781
37.5781
37.5781
37.5781
37.5781
37.5781
37.5781
37.5781
37.5781
37.5781
37.5781
37.5781
37.5781
37.5781
37.5781
37.5781
37.5781
37.5781
37.5781
37.5781
37.5781
37.5781
37.5781
37.5781
37.5781
37.5781
37.5781
37.5781
37.5781
37.5781
37.5781
37.5781
37.5781
37.5781
37.5781
37.5781
37.5781
37.5781
37.5781
37.5781
37.5781
37.5781
37.5781
37.5781
37.5781
37.5781
37.5781
37.5781
37.5781
37.5781
37.5781
37.5781
37.5781
37.5781
37.5781
37.5781
37.5781
37.5781
37.5781
37.5781
37.5781
37.5781
37.5781
37.5781
37.5781
37.5781
37.5781
37.5781
37.5781
37.5781
37.5781
37.5781
37.5781
37.5781
37.5781
37.5781
37.5781
37.5781
37.5781
37.5781
37.5781
37.5781
37.5781
37.5781
37.5781
37.5781
37.5781
37.5781
37.5781
37.5781
37.5781
37.5781
37.5781
37.5781
37.5781
37.5781
37.5781


824.683
781.26
722.328
706.648
699.178
672.773
662.164
661.914
646.675
643.237
638.875
635.387
631.731
631.709
631.709
629.352
628.237
622.386
622.381
606.702
600.987
596.621
576.211
567.92
567.027
567.027
567.027
550.774
550.62
540.882
534.029
518.212
518.212
512.906
507.342
498.131
481.62
481.259
451.966
451.923
451.886
425.073
421.497
421.364
419.043
410.649
407.774
397.858
373.98
373.98
373.887
380.398
380.168
370.591
370.516
361.092
354.881
354.805
352.052
351.559
350.273
351.311
349.241
346.828
346.828
346.113
341.47
338.565
335.166
335.161
334.492
337.048
335.761
335.588
334.471
331.972
331.741
331.737
330.844
330.839
329.913
329.984
329.108
327.934
327.933
327.933
327.526
327.18
327.179
327.179
327.065
326.676
326.451
326.387
326.366
326.087
326.087
326.087
326.087
326.084
326.084
326.093
326.03
325.971
325.971
325.971
325.954
325.939
325.922
325.922
325.9
325.893
325.889
325.889
325.865
325.844
325.844
325.844
325.835
325.826
325.826
325.816
325.816
325.815
325.811
325.803
325.803
325.798
325.798
325.794
325.79
325.798
325.788
325.788
325.787
325.783
325.783
325.782
325.782
325.781
325.778
325.778
325.777
325.777
325.775
325.775
325.775
325.774
325.774
325.772
325.772
325.772
325.772
325.772
325.772
325.772
325.772
325.772
325.772
325.772
325.771
325.771
325.771
325.771
325.771
325.771
325.771
325.771
325.771
325.77
325.77
325.77
325.77
325.77
325.77
325.77
325.77
325.77
325.77
325.77
325.77
325.77
325.77
325.77
325.77
325.77
325.77
325.77
325.77
325.77
325.77
325.77
325.77
325.77
325.77
325.77
325.77
325.77
325.77
325.77
325.77
325.77
325.77
325.77
325.77
325.77
325.77
325.77
325.77
325.77
325.77
325.77
325.77
325.77
325.77
325.77
325.77
325.77
325.77
325.77
325.77
325.77
325.77
325.77
325.77
325.77
325.77
325.77
325.77
325.77
325.77
325.77
325.77
325.77
325.77
325.77
325.751
325.716
325.68
325.646
325.646
325.636
325.571
325.571
325.55
325.542
325.535
325.517
325.509
325.49
325.476
325.472
325.467
325.456
325.446
325.443
325.443
325.443
325.442
325.442
325.441
325.439
325.439
325.439
325.439
325.436
325.434
325.43
325.424
325.424
325.422
325.414
325.408
325.402
325.395
325.379
325.355
325.332
325.322
325.319
325.318
325.31
325.31
325.307
325.307
325.305
325.305
325.305
325.305
325.305
325.305
325.305
325.305
325.305
325.305
325.304
325.303
325.301
325.301
325.301
325.301
325.3
325.3
325.3
325.3
325.3
325.3
325.3
325.3
325.3
325.3
325.3
325.3
325.292
325.292
325.292
325.292
325.292
325.292
325.292
325.282
331.715
325.299
325.299
325.299
325.299
325.299
325.299
325.299
325.299
325.299
325.299
325.299
325.298
325.292
325.292
325.29
325.29
325.29
325.29
325.282
325.282
325.282
325.282
325.282
325.282
325.244
325.244
325.229
325.219
325.219
325.226
325.218
325.218
325.218
325.218
325.216
325.216
325.21
325.21
325.21
325.21
325.208
325.208
325.208
325.205
325.205
325.204
325.204
325.192
325.192
325.192
325.192
325.192
325.192
325.192
325.192
325.19
325.19
325.19
325.189
325.188
325.188
325.188
325.187
325.187
325.187
325.182
325.181
325.181
325.181
325.181
325.181
325.181
325.181
325.181
325.181
325.181
325.181
325.181


803.002
741.911
739.402
702.011
694.16
694.16
678.412
662.593
662.593
660.551
655.516
652.804
646.107
633.825
630.786
627.841
624.305
624.305
624.305
616.715
600.231
595.265
587.761
584.568
578.605
578.605
568.766
558.502
558.502
525.578
525.578
525.578
477.641
477.641
469.777
469.777
467.038
455.838
445.028
426.2
393.65
392.015
392.015
386.886
386.886
377.535
377.535
369.877
360.208
346.975
346.975
340.422
339.005
338.33
335.395
335.344
328.106
327.848
327.848
324.804
324.175
322.37
317.216
317.166
314.219
314.219
312.531
312.531
311.975
309.387
307.533
307.274
304.989
304.634
302.822
302.671
296.932
291.493
291.286
284.106
284.106
279.69
279.69
279.305
271.098
271.098
265.699
265.557
265.557
258.684
258.684
272.571
260.361
260.361
260.342
260.197
260.197
258.753
258.753
258.753
257.354
258.335
257.705
257.697
257.581
257.101
256.747
256.744
256.742
256.541
256.344
256.268
256.207
256.185
256.16
256.153
256.117
256.109
256.107
256.106
256.097
256.091
256.09
256.09
256.085
254.952
254.595
254.147
254.025
254.002
253.609
252.486
251.71
251.378
251.038
250.676
250.334
250.031
249.876
249.802
249.76
249.698
249.624
249.569
249.535
249.509
249.494
246.32
246.32
244.197
238.92
227.183
220.178
218.475
215.484
214.625
214.429
213.219
211.854
208.639
205.382
202.871
201.739
200.074
199.177
196.641
193.059
190.305
185.823
180.472
174.098
167.012
161.801
161.801
161.801
161.801
161.801
161.801
161.801
161.801
161.801
303.921
303.921
303.921
303.921
303.921
303.921
303.921
303.921
303.921
302.785
302.785
302.785
302.785
302.785
302.785
302.785
302.785
302.785
302.785
302.785
356.012
328.959
328.959
328.959
328.959
328.959
328.959
328.959
328.959
328.959
328.959
328.959
328.959
328.959
328.958
328.958
328.958
328.958
328.958
328.958
328.958
328.958
328.958
328.958
328.958
328.958
328.958
328.958
328.958
328.958
328.958
328.958
328.958
328.958
328.958
328.958
328.958
328.958
328.958
328.958
328.958
328.958
328.958
328.958
328.958
328.958
328.958
328.958
328.958
328.958
328.958
328.958
328.958
328.958
328.958
328.958
328.958
328.958
328.958
328.958
319.223
319.223
319.223
319.223
319.223
319.223
319.223
319.223
319.223
319.223
319.223
303.481
303.481
303.481
303.481
303.481
303.481
303.481
303.481
303.481
321.1
321.1
321.1
321.1
321.1
321.1
321.1
321.1
321.1
321.1
321.1
321.1
321.1
321.1
321.1
321.1
321.1
321.1
321.1
321.1
333.576
328.958
328.958
328.958
328.958
328.958
328.958
328.958
328.958
328.958
328.958
328.958
328.958
328.958
328.958
328.958
328.958
328.958
328.958
311.31
343.784
328.958
328.958
328.958
328.958
328.958
328.958
328.958
328.958
328.958
328.958
328.958
328.958
328.958
328.958
328.958
328.958
328.958
328.958
328.958
328.958
328.958
328.958
328.958
328.958
328.958
328.958
328.958
328.958
328.958
328.958
328.958
328.958
328.958
328.958
328.958
328.958
328.958
328.958
328.958
328.958
328.958
328.958
328.958
328.958
328.958
328.958
328.958
328.958
328.958
328.958
328.958
328.145
328.145
328.145
328.145
328.145
328.145
328.145
328.145
322.162
318.935
318.366
318.366
317.949
317.757
317.757
317.757
317.757
316.91
315.942
315.28
314.9
314.634
314.498
314.423
314.381
314.352
314.335


