944.801
861.882
822.227
796.957
757.829
741.89
734.148
701.432
698.813
681.174
675.998
628.254
621.894
621.894
593.078
584.514
577.858
562.34
538.934
538.934
535.657
517.918
498.623
498.623
491.305
481.919
475.418
460.599
392.731
364.401
362.245
358.161
315.608
288.405
278.399
274.904
261.004
210.119
201.625
179.299
158.591
161.297
149.916
136.072
132.607
124.481
121.34
113.834
101.085
90.154
90.1304
87.5151
84.0614
78.8056
75.7411
71.712
70.9144
68.8249
66.1369
64.2971
61.6668
61.6708
60.8531
58.8352
58.8352
58.5262
57.0205
54.3935
54.2537
53.588
53.5667
52.6644
52.5994
52.0911
52.0911
51.7788
51.631
51.3051
51.3051
51.0413
50.83
50.7045
50.6812
50.5764
50.5745
50.5713
50.5077
50.4648
50.3029
50.3029
50.3029
50.2928
50.2574
50.2416
50.2229
50.1854
50.1468
50.1433
50.1433
50.1271
50.1022
50.1122
50.1029
50.0918
50.0833
50.0789
50.0712
50.0709
50.0646
50.0462
50.0306
50.0341
50.0315
50.0247
50.0228
50.02
50.0181
50.0135
50.0124
50.0122
50.0102
50.0122
50.0093
50.0085
50.0064
50.0056
50.0042
50.0042
50.0036
50.0033
50.003
50.0027
50.0023
50.0021
50.0017
50.0016
50.0016
50.0014
50.0012
50.0011
50.0009
50.0009
50.0008
50.0008
50.0006
50.0005
50.0004
50.0004
50.0004
50.0003
50.0002
50.0002
50.0002
50.0002
50.0001
50.0001
50.0001
50.0001
50.0001
50.0001
50.0001
50.0001
50.0001
50.0001
50.0001
50
50
50
50
50
50
50
50
50
50
50
50
50
50
50
50
50
50
50
50
50
50
50
50
50
50
50
50
50
50
50
50
50
50
50
50
50
50
50
50
50
50
50
50
50
50
50
50
50
50
50
50
50
50
50
50
50
50
50
50
50
50
50
50
50
50
50
50
50
50
50
50
50
50
50
50
50
50
50
50
50
50
50
50
50
50
50
50
50
50
50
50
50
50
50
50
50
50
50
50
50
50
50
50
50
50
50
50
50
50
50
50
50
50
50
50
50
50
50
50
50
50
50
50
50
50
50
50
50
50
50
50
50
50
50
50
50
50
50
50
50
50
50
50
50
50
50
50
50
50
50
50
50
50
50
50
50
50
50
50
50
50
50
50
50
50
50
50
50
50
50
50
50
50
50
50
50
50
50
50
50
50
50
50
50
50
50
50
50
50
50
50
50
50
50
50
50
50
50
50
50
50
50
50
50
50
50
50
50
50
50
50
50
50
50
50
50
50
50
50
50
50
50
50
50
50
50
50
50
50
50
50
50
50
50


886.64
866.951
765.471
743.748
740.699
724.516
692.632
673.211
668.998
655.186
637.126
637.126
623.77
615.564
610.12
595.441
595.441
587.189
558.818
546.428
545.003
523.116
511.621
488.459
476.714
442.042
441.592
428.958
426.696
407.554
371.212
320.329
320.329
315.196
279.011
276.353
266.008
231.865
215.859
201.948
187.401
187.401
179.316
164.87
157.76
145.768
140.781
123.324
115.845
113.6
108.867
95.9289
92.4697
84.8674
83.3296
81.6257
80.535
75.9945
74.5157
72.3984
67.9099
66.862
66.3407
66.2529
64.4008
63.4752
63.022
61.4162
61.4162
61.4162
60.3893
60.4183
60.0543
59.4436
58.9513
57.9975
57.6879
57.1297
57.1297
57.0574
56.693
56.7735
56.6215
56.5045
56.3078
56.2701
56.0879
55.9124
55.9124
55.9124
55.9124
55.7499
55.6688
55.5177
55.4917
55.4917
55.4782
55.3951
55.3234
55.3223
55.2928
55.2745
55.262
55.2579
55.2499
55.2394
55.2366
55.2315
55.23
55.2206
55.2187
55.2148
55.2099
55.1954
55.1946
55.1866
55.1866
55.1794
55.1767
55.1763
55.1763
55.1721
55.1721
55.1718
55.1714
55.1708
55.1706
55.1684
55.1681
55.1677
55.1676
55.167
55.1669
55.1668
55.1663
55.1656
55.1656
55.1655
55.1655
55.1655
55.165
55.1649
55.1649
55.1647
55.1645
55.1644
55.1644
55.1641
55.1636
55.1636
55.1636
55.1636
55.1635
55.1635
55.1634
55.1632
55.1632
55.1632
55.1631
55.163
55.163
55.163
55.163
55.163
55.163
55.1629
55.1629
55.1629
55.1629
55.1629
55.1629
55.1629
55.1628
55.1628
55.1628
55.1628
55.1628
55.1628
55.1628
55.1628
55.1628
55.1628
55.1628
55.1628
55.1628
55.1628
55.1628
55.1628
55.1628
55.1628
55.1628
55.1628
55.1628
55.1628
55.1628
55.1628
55.1628
55.1628
55.1628
55.1628
55.1628
55.1628
55.1628
55.1628
55.1628
55.1628
55.1628
55.1628
55.1628
55.1628
55.1628
55.1628
55.1628
55.1628
55.1628
55.1628
55.1628
55.1628
55.1628
55.1628
55.1628
55.1628
55.1628
55.1628
55.1628
55.1628
55.1628
55.1628
55.1628
55.1628
55.1628
55.1628
55.1628
55.1628
55.1628
55.1628
55.1628
55.1628
55.1628
55.1628
55.1628
55.1628
55.1628
55.1628
55.1628
55.1628
55.1628
55.1628
55.1628
55.1628
55.1628
55.1628
55.1628
55.1628
55.1628
55.1628
55.1628
55.1628
55.1628
55.1628
55.1628
55.1628
55.1628
55.1628
55.1628
55.1628
55.1628
55.1628
55.1628
55.1628
55.1628
55.1628
55.1628
55.1628
55.1628
55.1628
55.1628
55.1628
55.1628
55.1628
55.1628
55.1628
55.1628
55.1628
55.1628
55.1628
55.1628
55.1628
55.1628
55.1628
55.1628
55.1628
55.1628
55.1628
55.1628
55.1628
55.1628
55.1628
55.1628
55.1628
55.1628
55.1628
55.1628
55.1628
55.1628
55.1628
55.1628
55.1628
55.1628
55.1628
55.1628
55.1628
55.1628
55.1628
55.1628
55.1628
55.1628
55.1628
55.1628
55.1628
55.1628
55.1628
55.1628
55.1628
55.1628
55.1628
55.1628
55.1628
55.1628
55.1628
55.1628
55.1628
55.1628
55.1628
55.1628
55.1628
55.1628
55.1628
55.1628
55.1628
55.1628
55.1628
55.1628
55.1628
55.1628
55.1628
55.1628
55.1628
55.1628
55.1628
55.1628
55.1628
55.1628
55.1628
55.1628
55.1628
55.1628
55.1628
55.1628
55.1628
55.1628
55.1628
55.1628
55.1628
55.1628
55.1628
55.1628
55.1628
55.1628
55.1628
55.1628
55.1628
55.1628
55.1628
55.1628
55.1628
55.1628
55.1628
55.1628
55.1628
55.1628
55.1628
55.1628
55.1628
55.1628
55.1628
55.1628
55.1628
55.1628
55.1628
55.1628
55.1628
55.1628
55.1628
55.1628
55.1628
55.1628
55.1628
55.1628
55.1628


783.529
728.768
693.303
639.349
639.349
639.349
633.574
620.316
592.483
567.884
567.884
551.158
549.589
536.664
528.44
528.325
505.218
497.182
496.53
494.936
484.755
486.557
435.379
435.379
433.41
420.171
417.459
401.867
391.427
390.075
365.977
334.275
319.007
294.197
279.178
259.927
230.183
217.888
164.269
155.635
145.689
126.586
114.088
110.81
109.364
91.5006
81.9492
81.797
76.0787
76.0787
74.8287
68.0982
60.9654
58.7891
56.0828
54.5605
51.2994
48.7718
45.7181
43.544
42.3537
40.1424
38.6909
36.9435
34.6842
33.4138
30.3084
30.1178
28.324
27.8768
26.4336
26.2615
25.5312
25.5312
25.3271
25.0944
24.9949
24.5442
23.8022
23.6837
23.2938
22.9909
22.9076
22.8738
22.7249
22.6906
22.4789
22.4358
22.4113
22.3275
22.3122
22.3122
22.2639
22.2293
22.194
22.1818
22.1266
22.116
22.0542
22.0534
22.0224
22.0182
21.9788
21.9667
21.9602
21.9597
21.9563
21.949
21.9377
21.9325
21.9213
21.917
21.9168
21.9133
21.9103
21.9101
21.9065
21.9046
21.9032
21.902
21.9011
21.8995
21.8995
21.8981
21.8977
21.8963
21.8961
21.8936
21.8933
21.893
21.893
21.8925
21.8916
21.8916
21.8915
21.8914
21.8913
21.8912
21.8912
21.891
21.8907
21.8906
21.8905
21.8904
21.8904
21.8904
21.8903
21.8903
21.8903
21.8903
21.8902
21.8902
21.8902
21.8902
21.8901
21.8901
21.8901
21.8901
21.8901
21.8901
21.8901
21.8901
21.89
21.89
21.89
21.89
21.89
21.89
21.89
21.89
21.89
21.89
21.89
21.89
21.89
21.89
21.89
21.89
21.89
21.89
21.89
21.89
21.89
21.89
21.89
21.89
21.89
21.89
21.89
21.89
21.89
21.89
21.89
21.89
21.89
21.89
21.89
21.89
21.89
21.89
21.89
21.89
21.89
21.89
21.89
21.89
21.89
21.89
21.89
21.89
21.89
21.89
21.89
21.89
21.89
21.89
21.89
21.89
21.89
21.89
21.89
21.89
21.89
21.89
21.89
21.89
21.89
21.89
21.89
21.89
21.89
21.89
21.89
21.89
21.89
21.89
21.89
21.89
21.89
21.89
21.89
21.89
21.89
21.89
21.89
21.89
21.89
21.89
21.89
21.89
21.89
21.89
21.89
21.89
21.89
21.89
21.89
21.89
21.89
21.89
21.89
21.89
21.89
21.89
21.89
21.89
21.89
21.89
21.89
21.89
21.89
21.89
21.89
21.89
21.89
21.89
21.89
21.89
21.89
21.89
21.89
21.89
21.89
21.89
21.89
21.89
21.89
21.89
21.89
21.89
21.89
21.89
21.89
21.89
21.89
21.89
21.89
21.89
21.89
21.89
21.89
21.89
21.89
21.89
21.89
21.89
21.89
21.89
21.89
21.89
21.89
21.89
21.89
21.89
21.89
21.89
21.89
21.89
21.89
21.89
21.89
21.89
21.89
21.89
21.89
21.89
21.89
21.89
21.89
21.89
21.89
21.89
21.89
21.89
21.89
21.89
21.89
21.89
21.89
21.89
21.89
21.89
21.89
21.89
21.89
21.89
21.89
21.89
21.89
21.89
21.89
21.89
21.89
21.89
21.89
21.89
21.89
21.89
21.89
21.89
21.89
21.89
21.89
21.89
21.89
21.89
21.89
21.89
21.89
21.89
21.89
21.89
21.89
21.89
21.89
21.89
21.89
21.89
21.89
21.89
21.89
21.89
21.89
21.89
21.89
21.89
21.89
21.89
21.89
21.89
21.89
21.89
21.89
21.89
21.89
21.89
21.89
21.89
21.89
21.89


824.166
777.029
730.807
707.366
677.195
674.385
647.12
605.434
589.517
582.051
570.497
564.207
564.207
560.868
544.44
527.965
514.665
485.067
485.067
475.492
464.689
468.439
460.94
459.031
421.969
416.486
386.592
380.166
355.95
337.126
309.385
290.444
287.847
251.024
237.1
231.129
199.575
155.937
141.467
117.941
109.999
132.632
112.29
102.36
93.9227
93.0976
92.0814
88.9429
79.4818
63.3001
61.8391
57.8972
47.5678
47.082
46.0529
43.7653
43.5448
43.4384
43.4383
42.9598
42.803
41.0557
40.3235
38.7463
38.7463
37.5362
37.1821
37.0859
36.8335
36.6945
36.5571
36.5115
35.7226
35.7226
35.7226
35.3346
35.3346
34.9875
34.7216
34.7216
34.5485
34.249
34.2162
34.2162
34.1925
34.122
34.0655
34.0471
33.9521
33.9521
33.9075
33.8451
33.8154
33.7965
33.7556
33.7013
33.6506
33.6463
33.6304
33.6261
33.609
33.5826
33.5826
33.5772
33.5749
33.5662
33.5602
33.5523
33.5486
33.5413
33.537
33.5292
33.5272
33.5238
33.5204
33.5184
33.5109
33.5054
33.5022
33.4937
33.491
33.4912
33.489
33.4847
33.4815
33.4804
33.4784
33.4784
33.4782
33.4772
33.4772
33.4771
33.4771
33.4734
33.4733
33.4733
33.4733
33.4726
33.4726
33.4725
33.4724
33.4716
33.4716
33.4711
33.4709
33.4704
33.4702
33.4702
33.47
33.47
33.4699
33.47
33.4697
33.4695
33.4693
33.4693
33.4693
33.4692
33.4692
32.13
32.1299
32.8008
29.8613
28.4549
27.864
27.5986
27.487
27.4406
25.6893
25.6892
25.6892
25.6892
25.4219
25.4013
25.4013
25.3094
25.2383
25.0979
24.3722
24.2955
24.2839
24.2885
23.9255
23.7418
23.304
22.9914
22.7698
22.7698
22.7433
22.7433
22.5651
22.5651
22.5651
22.4452
22.2483
22.2483
22.2483
22.2483
22.2232
22.1017
22.1017
22.0198
22.0198
22.0022
21.9463
21.9327
21.9327
21.9327
21.9143
21.8356
21.8356
21.8356
21.7935
21.7935
21.7706
21.7706
21.7562
21.7429
21.6967
21.6754
21.6553
21.6395
21.6395
21.6344
21.6333
21.6333
21.6324
21.6324
21.6319
21.62
21.62
21.62
21.6152
21.6152
21.6152
21.6144
21.6144
21.614
21.6136
21.6136
21.6128
21.613
21.613
21.6128
21.6128
21.6125
21.6115
21.611
21.6091
21.6086
21.607
21.607
21.607
21.6069
21.6068
21.6068
21.6068
21.6059
21.6039
21.6039
21.6037
21.6037
21.6037
21.6033
21.6033
21.6032
21.6032
21.6028
21.6026
21.6025
21.6022
21.6021
21.6021
21.6021
21.602
21.602
21.6018
21.6018
21.6018
21.6018
21.6016
21.6016
21.6015
21.6015
21.6014
21.6014
21.6013
21.6013
21.6013
21.6012
21.6012
21.6012
21.6012
21.6012
21.6012
21.6011
21.6011
21.6011
21.601
21.601
21.601
21.601
21.6009
21.6009
21.6009
21.6009
21.6009
21.6009
21.6009
21.6009
21.6009
21.6009
21.6009
21.6009
21.6009
21.6009
21.6009
21.6009
21.6009
21.6009
21.6009
21.6009
21.6009
21.6009
21.6009
21.6008
21.6008
21.6008
21.6008
21.6008
21.6008
21.6008
21.6008
21.6008
21.6008
21.6008
21.6008
21.6008
21.6008
21.6008
21.6008
21.6008
21.6008
21.6008
21.6008
21.6008
21.6008
21.6008
21.6008
21.6008
21.6008
21.6008
21.6008
21.6008
21.6008
21.6008
21.6008
21.6008
21.6008
21.6008
21.6008
21.6008
21.6008
21.6008
21.6008
21.6008
21.6008
21.6008
21.6008
21.6008
21.6008
21.6008
21.6008
21.6008
21.6008
21.6008
21.6008
21.6008
21.6008
21.6008
21.6008
21.6008
21.6008
21.6008
21.6008
21.6008
21.6008
21.6008
21.6008
21.6008
21.6008
21.6008
21.6008
21.6008
21.6008
21.6008
21.6008
21.6008
21.6008
21.6008


820.232
763.681
719.43
715.632
687.605
661.7
645.963
637.035
636.247
616.427
605.715
593.795
568.722
557.05
547.539
546.079
544.687
543.083
539.977
530.002
526.907
517.101
481.819
481.819
459.713
452.809
438.467
422.122
399.029
354.256
319.468
310.496
307.307
258.367
248.259
237.421
226.074
226.074
218.679
217.616
210.979
180.146
168.331
155.688
150.632
150.632
149.057
148.31
142.831
138.259
125.876
118.599
112.083
112.083
106.201
104.354
97.0172
89.1766
89.1766
85.3029
84.8044
82.1299
81.8303
78.9979
78.2735
77.8261
77.4334
76.3631
73.4375
73.4375
73.2695
72.7919
71.5778
71.5159
71.3491
71.0737
70.9188
70.879
70.8762
70.6031
70.2508
70.2857
70.0397
70.0397
69.9624
69.9466
69.7773
69.6569
69.5545
69.508
69.4598
69.4364
69.4364
69.4311
69.4095
69.396
69.3841
69.319
69.3102
69.3022
69.2921
69.2899
69.2623
69.2622
69.2562
69.2487
69.2397
69.2321
69.2269
69.2186
69.2083
69.2016
69.2006
69.1996
69.1984
69.195
69.1879
69.1857
69.1847
69.1828
69.1812
69.1812
69.178
69.1732
69.1729
69.1719
69.1717
69.1712
69.171
69.1709
69.1701
69.1696
69.1677
69.1675
69.1664
69.1663
69.166
69.1652
69.1649
69.1649
69.1649
69.1646
69.1641
69.164
69.1636
69.1634
69.1633
69.1633
69.1633
69.163
69.163
69.1627
69.1626
69.1626
69.1626
69.1625
69.1624
69.1624
69.1624
69.1624
69.1624
69.1623
69.1623
69.1623
69.1623
69.1623
69.1623
69.1622
69.1622
69.1622
69.1622
63.0485
63.0485
63.0485
62.9594
59.8175
59.6172
59.6172
59.6172
57.7589
57.2377
50.8217
50.8217
50.8217
50.8217
50.8217
50.8217
50.8217
50.7004
50.3929
47.5964
48.5466
48.5466
48.5466
48.5466
48.5466
48.5466
48.402
48.3715
48.3715
48.3715
48.3247
48.3006
47.9426
47.9228
46.7663
45.4572
45.4572
45.3509
45.3509
45.3509
45.1382
45.1382
45.1382
45.1382
44.9982
44.9982
44.9982
44.6945
44.2369
43.3044
43.0254
43.0254
43.0254
42.7586
42.7586
42.7083
42.3868
42.3868
42.3263
42.2553
42.3818
42.3045
42.2701
42.2058
42.2058
42.2058
41.2386
41.2386
41.2386
41.2386
41.0085
41.0085
40.956
40.956
40.8584
40.8584
40.8584
40.8261
40.8261
40.7301
40.6968
40.6907
40.6907
40.6033
40.6033
40.5122
40.5122
40.5122
40.5122
40.4568
40.4248
40.3864
40.3736
40.2679
40.2679
40.2122
40.2122
40.2015
40.2015
40.2015
40.1976
40.195
40.049
40.007
39.9797
39.9392
39.9392
39.9392
39.9022
39.8681
39.8642
39.8642
39.8285
39.8285
39.8285
39.8285
39.8236
39.8236
39.8214
39.7906
39.7906
39.7906
39.7799
39.7642
39.7642
39.7642
39.7612
39.7591
39.7591
39.7554
39.7554
39.7551
39.7551
39.7551
39.7538
39.7538
39.7534
39.752
39.7489
39.7487
39.7487
39.7487
39.7487
39.7486
39.7486
39.7481
39.7475
39.7472
39.7466
39.7464
39.7452
39.7443
39.7443
39.7443
39.7437
39.7437
39.743
39.7425
39.742
39.742
39.7419
39.7419
39.7419
39.7414
39.7414
39.7413
39.7409
39.7409
39.7409
39.7409
39.741
39.7405
39.7405
39.7405
39.7405
39.7405
39.7405
39.7405
39.7403
39.7403
39.7403
39.7403
39.7403
39.7403
39.7402
39.7402
39.7402
39.7401
39.74
39.74
39.7401
39.7401
39.74
39.74
39.74
39.7399
39.7399
39.7399
39.7399
39.7398
39.7398
39.7398
39.7397
39.7397
39.7397
39.7397
39.7397
39.7397
39.7397
39.7396
39.7397
39.7396
39.7396
39.7396
39.7396
39.7396
39.7396
39.7396
39.7396
39.7396
39.7396
39.7396
39.7396
39.7396
39.7396
39.7396
39.7396
39.7396
39.7396


769.792
668.985
635.589
633.237
619.44
604.066
589.118
572.495
571.136
571.012
570.01
559.42
547.596
545.658
534.472
531.543
529.276
513.278
502.822
502.559
499.904
462.298
454.527
449.549
438.002
437.678
413.296
373.882
371.378
345.652
333.562
305.666
305.666
304.858
292.096
254.075
249.071
242.644
236.277
212.685
201.61
182.716
166.095
166.095
143.304
140.622
116.772
110.177
96.7475
96.3035
87.4665
88.0375
81.3557
78.7837
77.1345
70.6274
70.6274
69.385
66.4645
63.1402
61.3069
59.5227
58.1049
55.0094
55.0094
52.0078
52.0078
49.2474
48.9613
46.913
46.1191
45.4717
45.4717
44.8848
44.1629
44.1629
43.3577
43.217
42.8339
42.705
42.6185
42.2234
42.0375
41.9998
41.9478
41.9004
41.2088
41.2088
41.1288
41.123
40.9586
40.9895
40.9633
40.8787
40.8466
40.7909
40.7844
40.7844
40.7662
40.7483
40.606
40.6632
40.6098
40.5813
40.5751
40.5208
40.5191
40.5191
40.5143
40.4908
40.4868
40.4707
40.469
40.4605
40.4597
40.4597
40.4534
40.4462
40.4447
40.4441
40.4335
40.4323
40.4258
40.4238
40.4216
40.4184
40.4164
40.4127
40.4114
40.4114
40.4098
40.4089
40.4074
40.4066
40.4061
40.4054
40.4051
40.4046
40.4028
40.4021
40.4019
40.4023
40.4016
40.4016
40.4013
40.4012
40.4011
40.4011
40.4007
40.4002
40.4002
40.4002
40.4
40.4
40.3999
40.3996
40.3996
40.3996
40.3995
40.3995
40.3995
40.3995
40.3994
40.3994
40.3993
40.3993
40.3993
40.3993
40.3992
40.3992
40.3992
40.3992
40.3992
40.3992
40.3992
40.3991
40.3991
40.3991
40.3991
40.3991
40.3991
40.3991
40.3991
40.3991
40.3991
40.3991
40.3991
40.3991
40.3991
40.3991
40.3991
40.399
40.399
40.399
40.399
40.399
40.399
40.399
40.399
40.399
40.399
40.399
40.399
40.399
40.399
40.399
40.399
40.399
40.399
40.399
40.399
40.399
40.399
40.399
40.399
40.399
40.399
40.399
40.399
40.399
40.399
40.399
40.399
40.399
40.399
40.399
40.399
40.399
40.399
40.399
40.399
40.399
40.399
40.399
40.399
40.399
40.399
40.399
40.399
40.399
40.399
40.399
40.399
40.399
40.399
40.399
40.399
40.399
40.399
40.399
40.399
40.399
40.399
40.399
40.399
36.8608
36.8608
36.8608
33.069
29.036
25.5856
26.2205
26.2205
25.3093
24.1351
24.1351
23.3371
23.3371
23.2293
23.2293
23.1999
23.1869
23.1869
22.5698
22.5698
22.2086
21.9485
21.9485
21.9485
21.4029
21.3689
21.3504
21.3477
20.4111
19.5845
18.0722
18.0722
18.0722
17.4302
17.4302
17.4302
17.6096
17.5478
17.5478
17.5218
17.5218
17.5218
17.5123
17.4782
17.2783
17.2783
17.219
17.219
17.219
17.0952
16.7013
16.7013
16.6925
16.6129
16.4716
16.4716
16.4612
16.3782
16.343
16.3118
16.2747
16.22
16.22
16.2184
16.2184
16.204
16.2034
16.1689
16.1665
16.111
16.111
16.0907
16.0907
16.059
16.059
16.0562
16.0422
16.0422
16.0011
16.0011
16.0011
15.9979
15.9977
15.9977
15.9817
15.9782
15.9694
15.9694
15.9613
15.9613
15.9608
15.956
15.9538
15.9535
15.9528
15.9528
15.9496
15.9463
15.9463
15.9463
15.9463
15.9463
15.9454
15.9454
15.945
15.9419
15.9419
15.9416
15.94
15.94
15.94
15.9398
15.938
15.938
15.938
15.938
15.9377
15.9367
15.9365
15.9365
15.9361
15.9342
15.9331
15.9331
15.9331
15.9326
15.9328
15.9326
15.9325
15.9323
15.9323
15.9323
15.9322
15.9322
15.9313
15.9313
15.9313
15.9313
15.9311
15.9311
15.931
15.931
15.9306
15.9306
15.9306


1125.38
1081.2
1065.29
1019.69
1015.73
981.578
981.578
981.578
913.383
895.268
891.621
912.793
912.086
911.532
911.532
903.82
903.82
892.555
861.836
848.514
806.079
783.163
783.163
779.283
745.522
734.293
722.951
703.121
686.093
633.302
627.399
614.097
536.32
527.897
508.629
500.628
450.112
386.517
386.517
362.125
323.321
303.053
301.567
253.639
229.47
221.65
189.374
186.432
173.776
161.887
141.93
133.975
128.552
115.477
104.548
100.611
96.1129
90.2946
88.9544
88.1452
86.082
83.7976
80.6651
76.0456
76.0456
75.7958
74.8781
73.3096
72.5324
71.2943
70.5706
69.8608
68.6928
67.1266
66.9102
66.8936
65.7783
65.2954
65.2954
64.919
64.8377
63.7712
63.5465
63.5027
63.1054
63.0009
62.9188
62.7594
62.4845
62.4845
62.4633
62.2993
62.0683
62.0569
61.9799
61.9752
61.9134
61.8516
61.8348
61.8243
61.8078
61.7711
61.7711
61.7689
61.7677
61.7537
61.7335
61.7327
61.7146
61.713
61.7108
61.7026
61.6977
61.6924
61.6905
61.6898
61.6887
61.6847
61.6818
61.6803
61.6781
61.6712
61.6712
61.6684
61.6671
61.6642
61.6629
61.6627
61.6603
61.6596
61.6588
61.6588
61.658
61.6567
61.6553
61.6553
61.6553
61.6553
61.6549
61.6549
61.6548
61.6541
61.6541
61.654
61.654
61.6539
61.6539
61.6539
61.6537
61.6537
61.6536
61.6536
61.6535
61.6535
61.6534
61.6534
61.6534
61.6534
61.6533
61.6532
61.6532
61.6532
61.6531
61.6531
61.6531
61.6531
61.6531
61.6531
61.653
61.653
61.653
61.653
61.653
61.653
61.653
61.653
61.653
61.653
61.653
61.653
61.653
61.653
61.653
61.653
61.653
61.653
61.653
61.653
61.653
61.653
61.653
61.653
61.653
61.653
61.653
61.653
61.653
61.653
61.653
61.653
61.653
61.653
61.653
61.653
61.653
61.653
61.653
61.653
61.653
61.653
61.653
61.653
61.653
61.653
61.653
61.653
61.653
61.653
61.653
61.653
61.653
61.653
61.653
61.653
61.653
61.653
61.653
61.653
61.653
61.653
61.653
61.653
61.653
61.653
61.653
61.653
61.653
61.653
61.653
61.653
61.653
61.653
61.653
61.653
61.653
61.653
61.653
61.653
61.653
61.653
61.653
61.653
61.653
61.653
61.653
61.653
61.653
61.653
61.653
61.653
61.653
61.653
61.653
61.653
61.653
61.653
61.653
61.653
61.653
61.653
61.653
61.653
61.653
61.653
61.653
61.653
61.653
61.653
61.653
61.653
61.653
61.653
61.653
61.653
61.653
61.653
61.653
61.653
61.653
61.653
61.653
61.653
61.653
61.653
61.653
61.653
61.653
61.653
61.653
61.653
61.653
61.653
61.653
61.653
61.653
61.653
61.653
61.653
61.653
61.653
61.653
61.653
61.653
61.653
61.653
61.653
61.653
61.653
61.653
61.653
61.653
61.653
61.653
61.653
61.653
61.653
61.653
61.653
61.653
61.653
61.653
61.653
61.653
61.653
61.653
61.653
61.653
61.653
61.653
61.653
61.653
61.653
61.653
61.653
61.653
61.653
61.653
61.653
61.653
61.653
61.653
61.6697
61.653
61.653
61.653
61.653
61.653
61.653
61.653
61.653
61.653
61.653
61.653
61.653
61.653
61.653
61.653
61.653
61.653
61.653
61.653
61.653
61.653
61.653
61.653
61.653
61.653
61.653
61.653
61.653
61.653
61.653
61.653
61.653
61.653
61.653
61.653
61.653
61.653
61.653
61.653
61.653
61.653
61.653
61.653
61.653
61.653
61.653
61.653
61.653


981.091
887.247
875.426
845.7
835.1
799.729
739.492
730.628
730.628
725.154
718.343
692.02
690.871
682.186
675.414
675.278
673.637
646.06
646.06
641.307
623.129
593.07
583.784
568.43
543.276
530.672
520.302
507.711
507.711
480.321
444.696
442.608
438.69
395.769
366.005
333.256
296.163
285.937
283.038
272.504
261.553
228.901
206.894
203.244
158.523
156.26
145.453
144.756
130.249
130.249
124.599
123.592
118.751
118.751
111.736
93.0077
86.1336
84.3103
84.2096
78.4624
76.9786
71.8582
69.5622
69.5622
68.1574
68.1064
67.57
64.9025
64.197
64.043
62.8728
62.5945
60.7643
60.7611
60.4935
60.2578
60.2278
59.4148
59.4148
58.4353
58.2863
58.237
58.0657
57.8609
57.4085
57.4017
57.2239
57.1594
57.1141
57.0702
57.0702
56.7739
56.6648
56.4442
56.1604
56.1604
56.0105
56.0105
56.0019
55.9466
55.9466
55.9305
55.8976
55.8948
55.8756
55.8337
55.8337
55.8073
55.8006
55.7917
55.7904
55.7906
55.7733
55.7649
55.7649
55.7639
55.7631
55.756
55.7503
55.7409
55.7365
55.7328
55.7318
55.7306
55.7304
55.7265
55.7263
55.7257
55.7257
55.7224
55.7224
55.7225
55.7225
55.7204
55.7199
55.717
55.7169
55.7166
55.7163
55.716
55.715
55.7149
55.7148
55.7147
55.7147
55.7145
55.7141
55.7141
55.714
55.7139
55.7135
55.7135
55.7132
55.7131
55.7131
55.7131
55.7131
55.7131
55.713
55.713
55.713
53.3248
53.3247
48.5171
48.517
48.517
48.517
43.3251
43.3249
42.744
40.0741
40.0741
39.7999
39.7998
39.1372
34.7351
33.6428
33.6428
30.3345
30.3345
30.3345
30.3345
30.3345
30.3345
29.7759
29.1878
29.1878
28.7799
28.7799
28.4333
27.3284
28.135
27.2453
26.8987
26.0586
25.2421
24.3321
24.3321
23.5799
22.7689
22.655
22.5026
22.5026
22.5026
21.8435
21.8435
21.6868
21.6868
21.4771
21.4771
21.3823
21.3027
21.1241
21.0316
21.0316
21.0314
20.8858
20.8858
20.8858
20.8858
20.7745
20.5811
20.5701
20.5701
20.5701
20.5701
20.4809
20.4381
20.383
20.3413
20.3293
20.3293
20.3293
20.3293
20.3145
20.3142
20.3142
20.2625
20.2625
20.2387
20.2387
20.2454
20.2295
20.2295
20.2271
20.2214
20.2214
20.2214
20.2167
20.2167
20.2087
20.2102
20.2098
20.2061
20.2061
20.2061
20.2035
20.1986
20.1986
20.1961
20.1961
20.1933
20.1933
20.1933
20.1932
20.1932
20.1927
20.1919
20.1908
20.1894
20.1881
20.1884
20.1876
20.1876
20.1876
20.1876
20.1871
20.1871
20.1866
20.186
20.1859
20.1859
20.1859
20.1854
20.1854
20.1852
20.1851
20.1851
20.185
20.1849
20.1849
20.1847
20.1847
20.1846
20.1846
20.1846
20.1846
20.1846
20.1845
20.1845
20.1844
20.1844
20.1844
20.1844
20.1844
20.1844
20.1843
20.1843
20.1843
20.1843
20.1843
20.1843
20.1843
20.1843
20.1843
20.1843
20.1843
20.1843
20.1843
20.1842
20.1842
20.1842
20.1842
20.1842
20.1842
20.1842
20.1842
20.1842
20.1842
20.1842
20.1842
20.1842
20.1842
20.1842
20.1842
20.1842
20.1842
20.1842
20.1842
20.1842
20.1842
20.1842
20.1842
20.1842
20.1842
20.1842
20.1842
20.1842
20.1842
20.1842
20.1842
20.1842
20.1842
20.1842
20.1842
20.1842
20.1842
20.1842
20.1842
20.1842
20.1842
20.1842
20.1842
20.1842
20.1842
20.1842
20.1842
20.1842
20.1842
20.1842
20.1842
20.1842
20.1842
20.1842
20.1842
20.1842
20.1842
20.1842
20.1842
20.1842
20.1842
20.1842
20.1842
20.1842
20.1842
20.1842
20.1842
20.1842
20.1842
20.1842
20.1842
20.1842
20.1842
20.1842
20.1842
20.1842
20.1842
20.1842
20.1842
20.1842


700.585
599.061
599.061
584.279
561.496
554.483
535.049
526.412
510.321
503.709
502.308
486.655
478.249
474.955
466.402
462.118
462.118
459.388
453.587
436.035
421.711
410.843
400.083
400.083
390.481
382.551
378.778
374.449
354.16
354.16
348.773
303.007
303.007
282.83
274.659
259.599
221.807
199.074
195.06
184.663
178.34
175.675
143.743
119.683
109.257
106.454
103.321
101.643
91.7578
89.368
77.257
77.257
70.796
65.7347
63.575
56.8402
56.8402
54.5493
54.2793
51.2812
51.2812
50.4204
50.4204
49.3744
47.0838
46.6196
45.4176
44.4371
43.3108
42.8063
42.8063
42.2308
42.2308
41.9686
40.6842
40.1915
39.9424
39.0045
37.9665
37.8629
37.7211
37.4487
37.2118
37.2069
37.1097
36.841
36.7555
36.7509
36.7152
36.6453
36.6259
36.5303
36.5132
36.5016
36.4453
36.4202
36.3621
36.3621
36.348
36.3338
36.3314
36.3249
36.2502
36.2449
36.2252
36.2248
36.1772
36.1754
36.1733
36.1733
36.1725
36.1502
36.1237
36.1227
36.1224
36.1124
36.1123
36.1091
36.1088
36.1031
36.0946
36.0883
36.0798
36.0794
36.0794
36.0756
36.0756
36.0752
36.0748
36.0742
36.0722
36.0681
36.0626
36.0626
36.0626
36.0625
36.0615
36.0581
36.0581
36.0566
36.0566
36.0565
36.0561
36.0561
36.0557
36.0555
36.0549
36.0549
36.0549
36.0547
36.0547
36.0546
36.0543
36.0542
36.0541
36.0537
36.0537
36.0537
36.0534
36.0534
36.0534
36.0533
36.0532
36.0532
36.053
36.053
36.053
36.053
36.0529
36.0529
36.0529
36.0529
36.0529
36.0529
36.0529
36.0528
36.0528
36.0528
36.0528
36.0528
36.0528
36.0528
36.0528
36.0528
36.0528
36.0527
36.0527
36.0527
36.0527
36.0527
36.0527
36.0527
36.0527
36.0527
36.0527
36.0527
36.0527
36.0527
36.0527
36.0527
36.0527
36.0527
36.0527
36.0527
36.0527
36.0527
36.0527
36.0527
36.0527
36.0527
36.0527
36.0527
36.0527
36.0527
36.0527
36.0527
36.0527
36.0527
36.0527
36.0527
36.0527
36.0527
36.0527
36.0527
36.0527
36.0527
36.0527
36.0527
36.0527
36.0527
36.0527
36.0527
36.0527
36.0527
36.0527
36.0527
36.0527
36.0527
36.0527
36.0527
36.0527
36.0527
36.0527
36.0527
36.0527
36.0527
36.0527
36.0527
36.0527
36.0527
36.0527
36.0527
36.0527
36.0527
36.0527
36.0527
36.0527
36.0527
36.0527
36.0527
36.0527
36.0527
36.0527
36.0527
36.0527
36.0527
36.0527
36.0527
36.0527
36.0527
36.0527
36.0527
36.0527
36.0527
36.0527
36.0527
36.0527
36.0527
36.0527
36.0527
36.0527
36.0527
36.0527
36.0527
36.0527
36.0527
36.0527
36.0527
36.0527
36.0527
36.0527
36.0527
36.0527
36.0527
36.0527
36.0527
36.0527
36.0527
36.0527
36.0527
36.0527
36.0527
36.0527
36.0527
36.0527
36.0527
36.0527
36.0527
36.0527
36.0527
36.0527
36.0527
36.0527
36.0527
36.0527
36.0527
36.0527
36.0527
36.0527
36.0527
36.0527
36.0527
36.0527
36.0527
36.0527
36.0527
36.0527
36.0527
36.0527
36.0527
36.0527
36.0527
36.0527
36.0527
36.0527
36.0527
36.0527
36.0527
36.0527
36.0527
36.0527
36.0527
36.0527
36.0527
36.0527
36.0527
36.0527
36.0527
36.0527
36.0527
36.0527
36.0527
36.0527
36.0527
36.0527
36.0527
36.0527
36.0527
36.0527
36.0527
36.0527
36.0527
36.0527
36.0527
36.0527
36.0527
36.0527
36.0527
36.0527
36.0527
36.0527
36.0527
36.0527
36.0527
36.0527
36.0527
36.0527
36.0527
36.0527
36.0527
36.0527
36.0527
36.0527
36.0527
36.0527
36.0527
36.0527
36.0527
36.0527
36.0527
36.0527
36.0527
36.0527
36.0527
36.0527
36.0527
36.0527
36.0527
36.0527
36.0527


1079.01
1023.24
945.658
943.346
940.603
940.603
926.174
901.816
854.77
849.698
841.262
841.169
825.247
824.946
816.509
812.772
806.082
800.573
798.317
783.739
770.63
738.247
727.984
723.053
708.266
703.24
697.992
685.29
683.463
660.483
637.288
593.128
580.427
574.939
561.463
561.463
537.91
515.594
490.851
479.723
337.35
334.17
334.17
286.288
271.761
259.845
239.286
225.95
220.612
214.957
182.763
161.242
150.354
146.643
145.319
138.061
137.589
133.16
100.474
96.7912
89.7247
77.3809
74.5749
70.3349
65.9331
65.9331
64.4291
57.8411
56.3098
50.6989
46.5182
45.7527
44.0787
39.3616
38.256
36.9497
36.009
34.7919
34.6916
33.434
33.434
29.8531
29.3312
27.7741
27.7542
26.4571
25.6298
24.9568
24.2827
23.8718
23.767
23.0521
22.8822
22.7118
22.7118
22.6339
22.6339
22.551
22.4708
22.3509
22.34
22.2568
22.1933
21.9498
21.9498
21.9437
21.9353
21.8322
21.7904
21.6116
21.6116
21.5795
21.5516
21.5163
21.5015
21.5011
21.4947
21.4686
21.4366
21.432
21.4252
21.4142
21.407
21.4062
21.4017
21.3826
21.3826
21.371
21.371
21.367
21.3639
21.3573
21.3547
21.3537
21.3512
21.349
21.3466
21.3465
21.3432
21.3418
21.3391
21.3391
21.3388
21.336
21.3352
21.3344
21.3335
21.3333
21.3328
21.3327
21.3316
21.3315
21.3315
21.3314
21.3306
21.3306
21.3303
21.3297
21.3297
21.3295
21.3292
21.3291
21.3288
21.3287
21.3285
21.3284
21.3284
21.3284
21.3284
21.3281
21.3281
21.328
21.3279
21.3279
21.3278
21.3278
21.3278
21.3278
21.3278
21.3277
21.3277
21.3277
21.3277
21.3277
21.3276
21.3276
21.3276
21.3276
21.3276
21.3276
21.3276
21.3276
21.3276
21.3276
21.3276
21.3276
21.3276
21.3276
21.3276
21.3276
21.3276
21.3276
21.3276
21.3276
21.3276
21.3276
21.3276
21.3276
21.3276
21.3276
21.3276
21.3276
21.3276
21.3276
21.3276
21.3276
21.3276
21.3276
21.3276
21.3276
21.3276
21.3276
21.3276
21.3276
21.3276
21.3276
21.3276
21.3276
21.3276
21.3276
21.3276
21.3276
21.3276
21.3276
21.3276
21.3276
21.3276
21.3276
21.3276
21.3276
21.3276
21.3276
21.3276
21.3276
21.3276
21.3276
21.3276
21.3276
21.3276
21.3276
21.3276
21.3276
21.3276
21.3276
21.3276
21.3276
21.3276
21.3276
21.3276
21.3276
21.3276
21.3276
21.3276
21.3276
21.3276
21.3276
21.3276
21.3276
21.3276
21.3276
21.3276
21.3276
21.3276
21.3276
21.3276
21.3276
21.3276
21.3276
21.3276
21.3276
21.3276
21.3276
21.3276
21.3276
21.3276
21.3276
21.3276
21.3276
21.3276
21.3276
21.3276
21.3276
21.3276
21.3276
21.3276
21.3276
21.3276
21.3276
21.3276
21.3276
21.3276
21.3276
21.3276
21.3276
21.3276
21.3276
21.3276
21.3276
21.3276
21.3276
21.3276
21.3276
21.3276
21.3276
21.3276
21.3276
21.3276
21.3276
21.3276
21.3276
21.3276
21.3276
21.3276
21.3276
21.3276
21.3276
21.3276
21.3276
21.3276
21.3276
21.3276
21.3276
21.3276
21.3276
21.3276
21.3276
21.3276
21.3276
21.3276
21.3276
21.3276
21.3276
21.3276
21.3276
21.3276
21.3276
21.3276
21.3276
21.3276
21.3276
21.3276
21.3276
21.3276
21.3276
21.3276
21.3276
21.3276
21.3276
21.3276
21.3276
21.3276
21.3276
21.3276
21.3276
21.3276
21.3276
21.3276
21.3276
21.3276
21.3276
21.3276
21.3276
21.3276
21.3276
21.3276
21.3276
21.3276
21.3276
21.3276
21.3276
21.3276
21.3276
21.3276
21.3276
21.3276
21.3276
21.3276
21.3276
21.3276
21.3276
21.3276
21.3276
21.3276
21.3276
21.3276
21.3276
21.3276
21.3276
21.3276
21.3276


895.785
834.236
820.817
804.845
777.09
773.583
772.277
723.639
723.639
719.316
714.203
714.075
705.103
699.626
697.186
688.338
676.73
640.385
638.065
622.166
581.383
577.83
577.708
576.942
571.328
554.206
549.858
549.858
537.193
503.962
499.064
476.62
473.801
473.318
440.47
390.264
369.586
365.415
363.558
348.579
272.063
235.925
208.947
198.134
180.908
180.908
174.375
165.273
160.191
147.266
128.81
118.595
105.535
105.535
97.8514
97.2109
90.4007
86.6889
75.8295
74.8658
70.7755
70.7755
69.5315
66.9082
63.5034
60.3052
59.8818
58.7565
57.3532
53.1985
53.1362
49.6062
49.3532
49.3337
48.4349
47.6926
47.4362
46.8518
46.5191
46.4369
46.1276
45.9611
44.9249
44.6073
44.3191
44.3146
43.6964
43.6632
43.1517
43.1461
42.6228
42.6427
42.4701
42.4023
42.2815
42.0933
42.0748
41.9931
41.9931
41.976
41.9475
41.8729
41.7567
41.7325
41.7208
41.5914
41.5853
41.5853
41.5236
41.5236
41.503
41.4515
41.4515
41.4366
41.412
41.412
41.4031
41.4
41.386
41.3798
41.3702
41.3654
41.3654
41.3546
41.3539
41.347
41.342
41.3405
41.3385
41.3377
41.3377
41.3315
41.3266
41.3253
41.3241
41.324
41.3238
41.321
41.3209
41.3202
41.3202
41.3195
41.3185
41.3168
41.3165
41.3164
41.3163
41.3162
41.3161
41.3152
41.315
41.3139
41.3139
41.3137
41.3137
41.3137
41.3134
41.3132
41.3132
41.3132
41.3131
41.313
41.3129
41.3129
41.3128
41.3128
41.3128
41.3127
41.3126
41.3126
41.3126
41.3126
41.3126
41.3126
41.3125
41.3125
41.3125
41.3124
41.3124
41.3124
41.3124
41.3124
41.3124
41.3124
41.3124
41.3124
41.3124
41.3124
41.3124
41.3124
41.3124
41.3124
41.3123
41.3123
41.3123
41.3123
41.3123
41.3123
41.3123
41.3123
41.3123
41.3123
41.3123
41.3123
41.3123
41.3123
41.3123
41.3123
41.3123
41.3123
41.3123
41.3123
41.3123
41.3123
41.3123
41.3123
41.3123
41.3123
41.3123
41.3123
41.3123
41.3123
41.3123
41.3123
41.3123
41.3123
41.3123
41.3123
41.3123
41.3123
41.3123
41.3123
41.3123
41.3123
41.3123
41.3123
41.3123
41.3123
41.3123
41.3123
41.3123
41.3123
41.3123
41.3123
41.3123
41.3123
41.3123
41.3123
41.3123
41.3123
41.3123
41.3123
41.3123
41.3123
41.3123
41.3123
41.3123
41.3123
41.3123
41.3123
41.3123
41.3123
41.3123
41.3123
41.3123
41.3123
41.3123
41.3123
41.3123
41.3123
41.3123
41.3123
41.3123
41.3123
41.3123
41.3123
41.3123
41.3123
41.3123
41.3123
41.3123
41.3123
41.3123
41.3123
41.3123
41.3123
41.3123
41.3123
41.3123
41.3123
41.3123
41.3123
41.3123
41.3123
41.3123
41.3123
41.3123
41.3123
41.3123
41.3123
41.3123
41.3123
41.3123
41.3123
41.3123
41.3123
41.3123
41.3123
41.3123
41.3123
41.3123
41.3123
41.3123
41.3123
41.3123
41.3123
41.3123
41.3123
41.3123
41.3123
41.3123
41.3123
41.3123
41.3123
41.3123
41.3123
41.3123
41.3123
41.3123
41.3123
41.3123
41.3123
41.3123
41.3123
41.3123
41.3123
41.3123
41.3123
41.3123
41.3123
41.3123
41.3123
41.3123
41.3123
41.3123
41.3123
41.3123
41.3123
41.3123
41.3123
41.3123
41.3123
41.3123
41.3123
41.3123
41.3123
41.3123
41.3123
41.3123
41.3123
41.3123
41.3123
41.3123
41.3123
41.3123
41.3123
41.3123
41.3123
41.3123
41.3123
41.3123
41.3123
41.3123
41.3123
41.3123
41.3123
41.3123
41.3123
41.3123
41.3123
41.3123
41.3123
41.3123
41.3123
41.3123
41.3123
41.3123
41.3123
41.3123
41.3123
41.3123
41.3123
41.3123
41.3123
41.3123
41.3123
41.3123
41.3123
41.3123
41.3123


1021.5
962.437
938.787
880.407
864.311
843.685
806.954
796.228
793.097
790.536
775.291
769.732
762.797
760.503
758.785
750.48
736.744
716.22
712.448
704.21
702.498
685.485
663.597
603.385
573.305
571.754
553.857
537.164
506.772
497.199
478.006
450.352
450.352
423.545
423.545
422.089
343.83
315.317
269.976
268.951
244.187
230.999
222.873
194.788
182.272
173.485
164.282
153.694
151.309
128.411
117.38
98.2465
98.0341
91.9798
87.7164
84.863
82.8623
73.7682
72.8455
63.8097
58.9087
58.9002
51.964
50.8416
50.338
48.9782
48.2853
46.5113
45.8404
45.8404
45.3517
44.7236
43.8914
43.6779
42.8174
42.8174
42.4071
41.9072
41.658
41.658
41.5498
41.3533
41.3533
41.1832
40.8309
40.7821
40.7553
40.5719
40.546
40.5237
40.4008
40.4435
40.3495
40.3348
40.3348
40.2018
40.1377
40.1377
40.1273
40.1221
40.1006
40.0677
40.0294
39.9854
39.9781
39.9561
39.9542
39.9542
39.9497
39.9357
39.9241
39.9138
39.9125
39.9029
39.8951
39.8886
39.8846
39.8823
39.8769
39.8765
39.8765
39.8712
39.8703
39.8684
39.8661
39.8656
39.8632
39.8614
39.861
39.8604
39.8601
39.8578
39.8578
39.8578
39.8574
39.8571
39.856
39.856
39.8558
39.8556
39.8555
39.8553
39.8552
39.8547
39.8547
39.8546
39.8544
39.8543
39.8542
39.8542
39.8542
39.8541
39.854
39.854
39.8539
39.8538
39.8538
39.8538
39.8538
39.8538
39.8538
39.8538
39.8538
39.8538
39.8538
39.8538
39.8537
39.8537
39.8537
39.8537
39.8537
39.8537
39.8537
39.8537
39.8537
39.8537
39.8537
39.8537
39.8537
39.8537
39.8537
39.8537
39.8537
39.8537
39.8537
39.8537
39.8537
39.8537
39.8537
39.8537
39.8537
39.8537
39.8537
39.8537
39.8537
39.8537
39.8537
39.8537
39.8537
39.8537
39.8537
39.8537
39.8537
39.8537
39.8537
39.8537
39.8537
39.8537
39.8537
39.8537
39.8537
39.8537
39.8537
39.8537
39.8537
39.8537
39.8537
39.8537
39.8537
39.8537
39.8537
39.8537
39.8537
39.8537
39.8537
39.8537
39.8537
39.8537
39.8537
39.8537
39.8537
39.8537
39.8537
39.8537
39.8537
39.8537
39.8537
39.8537
39.8537
39.8537
39.8537
39.8537
39.8537
39.8537
39.8537
39.8537
39.8537
39.8537
39.8537
39.8537
39.8537
39.8537
39.8537
39.8537
39.8537
39.8537
39.8537
39.8537
39.8537
39.8537
39.8537
33.7925
33.7925
33.7925
33.7925
33.7925
33.0247
32.3786
32.3786
29.6221
29.454
28.2192
28.2192
28.2192
27.4625
27.1975
26.9125
26.8276
26.8037
26.7975
26.4983
26.517
26.517
26.517
26.458
26.4313
26.4313
24.4056
20.5591
19.2942
19.2801
19.394
18.2029
17.8255
17.8255
16.9995
16.5299
16.0648
15.976
15.976
15.976
15.9012
15.9012
15.8532
15.4898
15.4898
15.3941
15.2224
15.1904
15.1904
15.1649
15.2025
15.1749
15.1647
15.0804
15.0804
15.0804
14.9137
14.9137
14.8175
14.8175
14.731
14.7114
14.7114
14.7008
14.7008
14.4823
14.4823
14.33
14.0823
14.0823
14.0804
14.0804
13.9634
13.8894
13.8889
13.8889
13.8676
13.8676
13.8676
13.7949
13.8658
13.8493
13.7976
13.7783
13.7783
13.7783
13.7778
13.7694
13.7694
13.7694
13.7607
13.7598
13.7598
13.7581
13.5908
13.589
13.589
13.5865
13.5655
13.5655
13.5399
13.5069
13.5069
13.5069
13.5047
13.5008
13.5002
13.5002
13.5002
13.489
13.4595
13.4578
13.4578
13.4578
13.4348
13.4287
13.4224
13.4222
13.4215
13.4205
13.4204
13.4199
13.4199
13.4199
13.4182
13.4182
13.4177
13.4172
13.4168
13.4091
13.4087
13.402
13.402
13.402
13.4016
13.4011
13.4011
13.3999
13.3985


855.879
806.666
741.238
719.972
697.488
678.398
676.054
674.253
664.629
655.408
641.88
641.88
634.085
631.16
628.35
626.691
621.646
612.393
601.381
591.334
586.042
580.054
565.005
565.005
544.802
544.367
521.564
506.262
500.883
492.999
459.706
453.453
442.44
432.974
423.602
403.885
403.885
394.89
394.89
360.229
280.871
273.575
265.899
264.456
259.705
245.842
220.812
219.907
216.767
180.419
171.571
156.512
140.546
131.676
118.898
118.898
110.905
107.797
105.632
98.7669
98.7669
90.747
84.8513
77.9531
77.1194
73.9383
72.984
72.984
70.548
70.548
70.548
69.3878
69.3878
67.6418
66.2151
65.9768
65.7545
65.4304
64.6175
64.3935
63.9994
63.9843
63.777
63.3088
62.7915
62.7399
62.334
62.2988
62.289
62.0793
62.0793
61.5167
61.5167
61.1023
60.9938
60.9856
60.982
60.7941
60.7501
60.6961
60.6375
60.6235
60.5708
60.5708
60.4176
60.3907
60.3815
60.3815
60.3565
60.3565
60.322
60.245
60.2155
60.1849
60.1849
60.1678
60.1577
60.142
60.1231
60.1176
60.1058
60.1018
60.0951
60.0927
60.091
60.0857
60.0809
60.0703
60.0586
60.0577
60.0538
60.0498
60.0478
60.0475
60.0442
60.0416
60.0384
60.0362
60.0362
60.0345
60.0338
60.0331
60.0318
60.0307
60.0302
60.0298
60.0298
60.0295
60.029
60.0281
60.0278
60.0272
60.0268
60.0267
60.0263
60.0262
60.0261
60.0261
60.0259
60.0258
60.0256
60.0256
60.0254
60.0254
60.0254
60.0253
60.0253
60.0252
60.0252
60.0251
60.025
60.025
60.025
60.025
60.025
60.025
60.0249
60.0249
60.0249
60.0249
60.0249
60.0249
60.0249
60.0249
60.0249
60.0249
60.0249
60.0249
60.0249
60.0249
60.0249
60.0249
60.0249
60.0249
60.0248
60.0248
60.0248
60.0248
60.0248
60.0248
60.0248
60.0248
60.0248
60.0248
60.0248
60.0248
60.0248
60.0248
60.0248
60.0248
60.0248
60.0248
60.0248
60.0248
60.0248
60.0248
60.0248
60.0248
60.0248
60.0248
60.0248
60.0248
60.0248
60.0248
60.0248
60.0248
60.0248
60.0248
60.0248
60.0248
60.0248
60.0248
60.0248
60.0248
60.0248
60.0248
60.0248
60.0248
60.0248
60.0248
60.0248
60.0248
60.0248
60.0248
60.0248
60.0248
60.0248
60.0248
60.0248
60.0248
60.0248
60.0248
60.0248
60.0248
60.0248
60.0248
60.0248
60.0248
60.0248
60.0248
60.0248
60.0248
60.0248
60.0248
60.0248
60.0248
60.0248
60.0248
60.0248
60.0248
60.0248
60.0248
60.0248
60.0248
60.0248
60.0248
60.0248
60.0248
60.0248
60.0248
60.0248
60.0248
60.0248
60.0248
60.0248
60.0248
60.0248
60.0248
60.0248
60.0248
60.0248
60.0248
60.0248
60.0248
60.0248
60.0248
60.0248
60.0248
60.0248
60.0248
60.0248
60.0248
60.0248
60.0248
60.0248
60.0248
60.0248
60.0248
60.0248
60.0248
60.0248
60.0248
60.0248
60.0248
60.0248
60.0248
60.0248
60.0248
60.0248
60.0248
60.0248
60.0248
60.0248
60.0248
60.0248
60.0248
60.0248
60.0248
60.0248
60.0248
60.0248
60.0248
60.0248
60.0248
60.0248
60.0248
60.0248
60.0248
60.0248
60.0248
60.0248
60.0248
60.0248
60.0248
60.0248
60.0248
60.0248
60.0248
60.0248
60.0248
60.0248
60.0248
60.0248
60.0248
60.0248
60.0248
60.0248
60.0248
60.0248
60.0248
60.0248
60.0248
60.0248
60.0248
60.0248
60.0248
60.0248
60.0248
60.0248
60.0248
60.0248
60.0248
60.0248
60.0248
60.0248
60.0248
60.0248
60.0248
60.0248
60.0248
60.0248
60.0248
60.0248
60.0248
60.0248
60.0248
60.0248
60.0248
60.0248
60.0248
60.0248
60.0248
60.0248
60.0248
60.0248
60.0248
60.0248
60.0248
60.0248
60.0248


1057.17
1005.42
971.951
962.889
922.806
890.021
841.645
830.851
817.464
810.419
785.533
767.61
760.977
737.082
731.94
719.532
702.16
688.724
657.447
657.447
656.72
646.198
622.164
595.466
575.212
569.036
545.429
529.88
505.282
499.306
415.579
421.356
410.61
364.723
356.098
354.447
341.766
287.864
280.313
272.596
231.217
194.282
194.282
180.967
180.967
172.139
157.092
149.43
123.78
119.588
119.588
111.175
101.248
97.8924
90.8024
89.2938
83.541
82.5716
82.5716
78.9948
78.2283
76.933
76.1956
76.1956
73.9769
73.2866
69.4041
68.2409
64.9524
64.3883
61.0218
59.747
58.8531
57.3876
56.9429
56.5648
56.0196
55.8092
54.6323
54.0017
51.9205
51.8118
51.8118
51.7626
51.6015
51.577
51.2087
51.2087
51.1662
50.4568
49.5613
48.9997
48.9997
48.9583
48.6275
48.2936
48.216
48.0704
48.0678
48.0678
47.9415
47.8661
47.8027
47.5934
47.5785
47.4681
47.4126
47.2511
47.1672
47.1397
46.9177
46.9199
46.8697
46.8648
46.8599
46.7707
46.7309
46.686
46.6795
46.6535
46.6523
46.6425
46.635
46.5646
46.5622
46.5605
46.5605
46.5443
46.5323
46.5311
46.5161
46.5447
46.5071
46.5049
46.5005
46.4977
46.4977
46.4926
46.4904
46.4904
46.489
46.4876
46.4833
46.4811
46.4743
46.4743
46.4738
46.4731
46.4725
46.4714
46.4708
46.4696
46.4696
46.4671
46.4648
46.4642
46.4611
46.4608
46.4606
46.4597
46.4597
46.4602
46.4586
46.4585
46.458
46.4574
46.4574
46.4572
46.4566
46.4565
46.4561
46.4561
46.4561
46.4558
46.4558
46.4554
46.4554
46.4554
46.4553
46.4552
46.4552
46.4551
46.455
46.4547
46.4547
46.4546
46.4546
46.4546
46.4545
46.4545
46.4545
46.4545
46.4545
46.4544
46.4544
46.4543
46.4542
46.4542
46.4542
46.4542
46.4542
46.4542
46.4542
46.4542
46.4542
46.4541
46.4541
46.4541
46.4541
46.4541
46.4541
46.4541
46.4541
46.4541
46.4541
46.4541
46.4541
46.4541
46.4541
46.4541
46.4541
46.4541
46.4541
46.4541
46.4541
46.4541
46.4541
46.4541
46.4541
46.4541
46.4541
46.4541
46.4541
46.4541
46.4541
46.4541
46.4541
46.4541
46.4541
46.4541
46.4541
46.4541
46.4541
46.4541
46.4541
46.4541
46.4541
46.4541
46.4541
46.4541
46.4541
46.4541
46.4541
46.4541
46.4541
46.4541
46.4541
46.4541
46.4541
46.4541
46.4541
46.4541
46.4541
46.4541
46.4541
46.4541
46.4541
46.4541
46.4541
46.4541
46.4541
46.4541
46.4541
46.4541
46.4541
46.4541
46.4541
46.4541
46.4541
46.4541
46.4541
46.4541
46.4541
46.4541
46.4541
46.4541
46.4541
46.4541
46.4541
46.4541
46.4541
46.4541
46.4541
46.4541
46.4541
46.4541
46.4541
46.4541
46.4541
46.4541
46.4541
46.4541
46.4541
46.4541
46.4541
46.4541
46.4541
46.4541
46.4541
46.4541
46.4541
46.4541
46.4541
46.4541
46.4541
46.4541
46.4541
46.4541
46.4541
46.4541
46.4541
46.4541
46.4541
46.4541
46.4541
46.4541
46.4541
46.4541
46.4541
46.4541
46.4541
46.4541
46.4541
46.4541
46.4541
46.4541
46.4541
46.4541
46.4541
46.4541
46.4541
46.4541
46.4541
46.4541
46.4541
46.4541
46.4541
46.4541
46.4541
46.4541
46.4541
46.4541
46.4541
46.4541
46.4541
46.4541
46.4541
46.4541
46.4541
46.4541
46.4541
46.4541
46.4541
46.4541
46.4541
46.4541
46.4541
46.4541
46.4541
46.4541
46.4541
46.4541
46.4541
46.4541
46.4541
46.4541
46.4541
46.4541
46.4541
46.4541
46.4541
46.4541
46.4541
46.4541
46.4541
46.4541
46.4541
46.4541
46.4541
46.4541
46.4541
46.4541
46.4541
46.4541
46.4541
46.4541
46.4541
46.4541
46.4541
46.4541


974.372
926.468
810.484
759.916
738.667
711.765
694.564
683.28
682.444
680.942
651.922
653.557
629.607
587.058
584.464
572.267
566.627
557.801
538.445
537.788
510.401
497.343
461.144
449.392
443.851
436.488
410.468
399.089
393.357
352.864
351.274
351.145
349.621
268.741
268.741
219.47
187.015
181.472
171.776
168.129
145.134
142.947
126.408
113.383
102.205
99.6277
98.3194
84.6734
82.8651
78.9092
72.9705
67.5667
64.447
64.447
58.3024
55.7768
54.939
53.0259
45.4791
39.4676
37.0249
36.4036
35.7512
34.657
31.7534
31.2265
29.4659
29.4659
27.9403
25.559
25.3927
25.301
25.0747
22.7022
21.6861
21.1785
20.7408
20.5326
20.4672
20.2024
20.2024
19.9376
19.8757
19.629
19.3516
18.9419
18.884
18.8161
18.6846
18.6846
18.6225
18.5146
18.4591
18.435
18.3515
18.3227
18.3108
18.307
18.2548
18.2412
18.2379
18.1317
18.1195
18.1195
18.1072
18.0995
18.0927
18.0658
18.0528
18.0514
18.0432
18.0395
18.0337
18.0262
18.014
18.0133
18.0091
18.0022
18.0013
17.9979
17.9973
17.9894
17.9849
17.9784
17.9783
17.9743
17.9738
17.9695
17.969
17.9687
17.9685
17.9676
17.9673
17.9661
17.9657
17.9644
17.9629
17.9627
17.962
17.962
17.9612
17.9605
17.9599
17.9598
17.9597
17.9596
17.9589
17.9589
17.9585
17.9585
17.9583
17.9582
17.9581
17.9581
17.9581
17.958
17.9579
17.9578
17.9577
17.9577
17.9576
17.9577
17.9576
17.9575
17.9575
17.9574
17.9574
17.9574
17.9573
17.9573
17.9573
17.9573
17.9573
17.9573
17.9573
17.9573
17.9573
17.9573
17.9572
17.9572
17.9572
17.9572
17.9572
17.9572
17.9572
17.9572
17.9572
17.9572
17.9572
17.9572
17.9572
17.9572
17.9572
17.9572
17.9572
17.9572
17.9572
17.9572
17.9572
17.9572
17.9572
17.9572
17.9572
17.9572
17.9572
17.9572
17.9572
17.9572
17.9572
17.9572
17.9572
17.9572
17.9572
17.9572
17.9572
17.9572
17.9572
17.9572
17.9572
17.9572
17.9572
17.9572
17.9572
17.9572
17.9572
17.9572
17.9572
17.9572
17.9572
17.9572
17.9572
17.9572
17.9572
17.9572
17.9572
17.9572
17.9572
17.9572
17.9572
17.9572
17.9572
17.9572
17.9572
17.9572
17.9572
17.9572
17.9572
17.9572
17.9572
17.9572
17.9572
17.9572
17.9572
17.9572
17.9572
17.9572
17.9572
17.9572
17.9572
17.9572
17.9572
17.9572
17.9572
17.9572
17.9572
17.9572
17.9572
17.9572
17.9572
17.9572
17.9572
17.9572
17.9572
17.9572
17.9572
17.9572
17.9572
17.9572
17.9572
17.9572
17.9572
17.9572
17.9572
17.9572
17.9572
17.9572
17.9572
17.9572
17.9572
17.9572
17.9572
17.9572
17.9572
17.9572
17.9572
17.9572
17.9572
17.9572
17.9572
17.9572
17.9572
17.9572
17.9572
17.9572
17.9572
17.9572
17.9572
17.9572
17.9572
17.9572
17.9572
17.9572
17.9572
17.9572
17.9572
17.9572
17.9572
17.9572
17.9572
17.9572
17.9572
17.9572
17.9572
17.9572
17.9572
17.9572
17.9572
17.9572
17.9572
17.9572
17.9572
17.9572
17.9572
17.9572
17.9572
17.9572
17.9572
17.9572
17.9572
17.9572
17.9572
17.9572
17.9572
17.9572
17.9572
17.9572
17.9572
17.9572
17.9572
17.9572
17.9572
17.9572
17.9572
17.9572
17.9572
17.9572
17.9572
17.9572
17.9572
17.9572
17.9572
17.9572
17.9572
17.9572
17.9572
17.9572
17.9572
17.9572
17.9572
17.9572
17.9572
17.9572
17.9572
17.9572
17.9572
17.9572
17.9572
17.9572
17.9572
17.9572
17.9572
17.9572
17.9572
17.9572
17.9572
17.9572
17.9572
17.9572
17.9572
17.9572
17.9572
18.0072
17.9572
17.9572
17.9572
17.9572
17.9572
17.9572
17.9572
17.9572


903.936
898.402
844.229
844.229
821.497
789.709
789.709
789.709
772.683
751.509
751.509
746.065
726.73
719.043
715.57
685.118
661.057
660.78
648.734
618.918
610.187
609.463
584.872
548.422
547.435
530.371
505.176
505.176
500.835
495.421
489.031
481.816
452.584
449.867
420.4
412.305
407.921
381.968
346.226
327.977
327.977
324.371
308.06
283.358
261.505
246.638
228.21
216.304
210.511
204.745
193.816
177.52
177.52
154.768
123.705
122.482
122.482
117.52
115.836
115.836
111.579
107.65
97.9347
97.4534
96.3932
91.1474
90.2721
88.1998
85.2039
85.0952
83.6867
81.7435
81.7098
79.3471
78.3587
77.5247
76.6292
72.5872
72.4303
71.8689
71.6619
70.705
69.7878
69.3083
68.9269
68.6
68.5931
68.0962
67.4258
67.3862
67.2445
66.9048
66.8538
66.6708
66.4415
66.1952
66.1588
65.976
65.9168
65.8513
65.7184
65.6421
65.5972
65.4855
65.469
65.4051
65.3806
65.2706
65.2694
65.2452
65.1348
65.1199
65.0464
65.0195
65.006
64.9773
64.9526
64.9521
64.9437
64.9271
64.9166
64.9151
64.908
64.908
64.9076
64.8939
64.8796
64.8795
64.8776
64.8754
64.8737
64.8643
64.8637
64.863
64.8543
64.8536
64.853
64.8512
64.8509
64.8496
64.8492
64.8479
64.8479
64.8461
64.8457
64.8454
64.8436
64.8436
64.8424
64.842
64.8419
64.8419
64.841
64.8405
64.8405
64.8404
64.8403
64.8401
64.8401
64.8401
64.8399
64.8399
64.8399
64.8397
64.8397
64.8396
64.8396
64.8395
64.8394
64.8394
64.8393
64.8393
64.8392
64.8392
64.8392
64.8392
64.8392
64.8392
64.8392
64.8392
64.8391
64.8391
64.8391
64.8391
64.8391
64.8391
64.8391
64.8391
64.8391
64.8391
64.8391
64.839
64.839
64.839
64.839
64.839
64.839
64.839
64.839
64.839
64.839
64.839
64.839
64.839
64.839
64.839
64.839
64.839
64.839
64.839
64.839
64.839
64.839
64.839
64.839
64.839
64.839
64.839
64.839
64.839
64.839
64.839
64.839
64.839
64.839
64.839
64.839
64.839
64.839
64.839
64.839
64.839
64.839
64.839
64.839
64.839
64.839
64.839
64.839
64.839
64.839
64.839
64.839
64.839
64.839
64.839
64.839
64.839
64.839
64.839
64.839
64.839
64.839
64.839
64.839
64.839
64.839
64.839
64.839
64.839
64.839
64.839
64.839
64.839
64.839
64.839
64.839
64.839
64.839
64.839
64.839
64.839
64.839
64.839
64.839
64.839
64.839
64.839
64.839
64.839
64.839
64.839
64.839
64.839
64.839
64.839
64.839
64.839
64.839
64.839
64.839
64.839
64.839
64.839
64.839
64.839
64.839
64.839
64.839
64.839
64.839
64.839
64.839
64.839
64.839
64.839
64.839
64.839
64.839
64.839
64.839
64.839
64.839
64.839
64.839
64.839
64.839
64.839
64.839
64.839
64.839
64.839
64.839
64.839
64.839
64.839
64.839
64.839
64.839
64.839
64.839
64.839
64.839
64.839
64.839
64.839
63.2555
63.2555
63.2242
63.2242
62.4198
62.4472
61.1728
59.802
59.5601
59.4343
59.4343
59.4343
59.4285
59.4285
59.4285
59.4285
59.1231
59.1231
59.1231
58.8394
58.8394
58.6569
57.8271
57.4929
57.4382
57.434
57.434
57.4336
56.6362
56.6362
56.4873
56.2224
56.1358
56.1041
56.0914
56.0155
55.9853
55.9336
55.9295
55.9295
55.9295
55.9295
55.7412
55.5454
55.4859
55.4763
55.4629
54.1595
52.6862
51.3464
51.2626
51.1176
50.9608
50.7032
50.6967
49.7366
49.1945
48.8354
45.4534
44.8657
44.6431
42.6672
41.7038
40.6646


875.64
813.593
753.286
753.286
743.065
720.992
703.994
686.359
685.624
668.2
665.864
652.845
647.762
645.039
624.652
621.896
598.95
588.864
588.864
575.551
575.551
567.298
553.116
543.383
522.301
520.792
515.498
509.777
486.663
478.047
454.965
412.174
406.506
403.195
387.655
356.562
342.229
318.917
303.833
278.081
262.832
257.884
212.14
196.93
195.854
194.124
186.768
180.12
160.028
118.695
118.695
107.297
104.811
85.6078
85.1915
78.5521
68.7359
67.4979
62.9894
61.179
58.5449
54.0927
38.2895
38.2895
30.4219
30.4219
30.0155
29.689
29.3645
28.5494
25.7779
23.5414
22.6079
22.6079
22.5545
20.8835
20.2102
20.166
20.0763
19.6273
18.8733
18.9171
18.0754
17.4806
17.4671
17.2981
17.2825
17.2825
16.3739
16.2423
16.06
15.9289
15.7722
15.6769
15.3568
15.3568
15.3525
15.3031
15.3024
15.2367
15.2367
15.2347
15.054
15.0063
14.9921
14.936
14.9316
14.9316
14.9141
14.9066
14.905
14.8814
14.8414
14.8122
14.8121
14.806
14.7955
14.7953
14.7901
14.7885
14.7749
14.7751
14.7751
14.7686
14.7684
14.7683
14.7649
14.7638
14.7628
14.7611
14.7581
14.7555
14.7554
14.7547
14.7542
14.7523
14.7523
14.7512
14.7512
14.7509
14.7503
14.7502
14.7491
14.7491
14.7491
14.7487
14.7487
14.7483
14.7483
14.7483
14.7483
14.7483
14.7481
14.748
14.7479
14.7479
14.7479
14.7478
14.7477
14.7477
14.7477
14.7477
14.7476
14.7476
14.7476
14.7476
14.7476
14.7476
14.7476
14.7476
14.7475
14.7475
14.7475
14.7475
14.7475
14.7475
14.7475
14.7475
14.7475
14.7475
14.7475
14.7475
14.7475
14.7475
14.7475
14.7475
14.7475
14.7475
14.7475
14.7475
14.7475
14.7475
14.7475
14.7475
14.7475
14.7475
14.7475
14.7475
14.7475
14.7475
14.7475
14.7475
14.7475
14.7475
14.7475
14.7475
14.7475
14.7475
14.7475
14.7475
14.7475
14.7475
14.7475
14.7475
14.7475
14.7475
14.7475
14.7475
14.7475
14.7475
14.7475
14.7475
14.7475
14.7475
14.7475
14.7475
14.7475
14.7475
14.7475
14.7475
14.7475
14.7475
14.7475
14.7475
14.7475
14.7475
14.7475
14.7475
14.7475
14.7475
14.7475
14.7475
14.7475
14.7475
14.7475
14.7475
14.7475
14.7475
14.7475
14.7475
14.7475
14.7475
14.7475
14.7475
14.7475
14.7475
14.7475
14.7475
14.7475
14.7475
14.7475
14.7475
14.7475
14.7475
14.7475
14.7475
14.7475
14.7475
14.7475
14.7475
14.7475
14.7475
14.7475
14.7475
14.7475
14.7475
14.7475
14.7475
14.7475
14.7475
14.7475
14.7475
14.7475
14.7475
14.7475
14.7475
14.7475
14.7475
14.7475
14.7475
14.7475
14.7475
14.7475
14.7475
14.7475
14.7475
14.7475
14.7475
14.7475
14.7475
14.7475
14.7475
14.7475
14.7475
14.7475
14.7475
14.7475
14.7475
14.7475
14.7475
14.7475
14.7475
14.7475
14.7475
14.7475
14.7475
14.7475
14.7475
14.7475
14.7475
14.7475
14.7475
14.7475
14.7475
14.7475
14.7475
14.7475
14.7475
14.7475
14.7475
14.7475
14.7475
14.7475
14.7475
14.7475
14.7475
14.7475
14.7475
14.7475
14.7475
14.7475
14.7475
14.7475
14.7475
14.7475
14.7475
14.7475
14.7475
14.7475
14.7475
14.7475
14.7475
14.7475
14.7475
14.7475
14.7475
14.7475
14.7475
14.7475
14.7475
14.7475
14.7475
14.7475
14.7475
14.7475
14.7475
14.7475
14.7475
14.7475
14.7475
14.7475
14.7475
14.7475
14.7475
14.7475
14.7475
14.7475
14.7475
14.7475
14.7475
14.7475
14.7475
14.7475
14.7475
14.7475
14.7475
14.7475
14.7475
14.7475
14.7475
14.7475
14.7475
14.7475
14.7475
14.7475
14.7475
14.7475
14.7475
14.7475
14.7475


838.294
782.126
771.459
730.505
730.446
719.243
709.446
709.356
701.821
675.098
670.848
670.848
664.479
614.904
597.089
594.888
592.828
583.71
559.6
528.666
525.437
472.93
470.97
463.362
461.819
426.932
412.127
408.924
391.589
391.145
360.935
350.172
347.894
314.691
295.541
292.724
224.113
224.113
212.043
198.852
190.863
178.45
178.305
177.124
158.074
151.636
137.852
128.316
114.016
114.016
114.016
109
101.892
98.0505
94.1598
93.1289
84.7485
81.7654
79.6692
76.6638
75.8976
75.2339
71.4292
70.3159
70.3159
69.4412
66.4445
66.0176
63.985
63.8399
63.6689
62.5357
62.4782
61.5009
61.2943
59.939
59.877
59.8246
59.6751
59.3913
59.3913
59.3394
59.0664
58.9868
58.9152
58.7493
58.6779
58.5964
58.5441
58.4933
58.4716
58.4969
58.377
58.3053
58.2717
58.2495
58.2473
58.1188
58.1178
58.1101
58.074
58.0527
58.0499
58.047
58.0266
57.9921
57.9887
57.9887
57.9827
57.9717
57.9471
57.954
57.9439
57.9436
57.9406
57.9359
57.9334
57.9325
57.9264
57.925
57.9228
57.9215
57.9193
57.9174
57.9174
57.915
57.9148
57.9139
57.9136
57.9118
57.9108
57.9102
57.9097
57.9085
57.9081
57.9079
57.9077
57.9077
57.9072
57.907
57.9069
57.9062
57.9062
57.9061
57.906
57.906
57.906
57.906
57.9056
57.9056
57.9055
57.9051
57.905
57.9049
57.9049
57.9049
57.9048
57.9047
57.9047
57.9046
57.9045
57.9045
57.9045
57.9045
57.9044
57.9044
57.9043
57.9043
57.9043
57.9043
57.9043
57.9043
57.9043
57.9042
57.9042
57.9042
57.9042
57.9042
57.9042
57.9042
57.9042
57.9042
57.9042
57.9042
57.9042
57.9042
57.9042
57.9042
57.9042
57.9042
57.9042
57.9042
57.9042
57.9042
57.9042
57.9042
57.9042
57.9042
57.9042
57.9042
57.9042
57.9042
57.9042
57.9042
57.9042
57.9042
57.9042
57.9042
57.9042
57.9042
57.9042
57.9042
57.9042
57.9042
57.9042
57.9042
57.9042
57.9042
57.9042
57.9042
57.9042
57.9042
57.9042
57.9042
57.9042
57.9042
57.9042
57.9042
57.9042
57.9042
57.9042
57.9042
57.9042
57.9042
57.9042
57.9042
57.9042
57.9042
57.9042
57.9042
57.9042
57.9042
57.9042
57.9042
57.9042
57.9042
57.9042
57.9042
57.9042
57.9042
57.9042
57.9042
57.9042
57.9042
57.9042
57.9042
57.9042
57.9042
57.9042
57.9042
57.9042
57.9042
57.9042
57.9042
57.9042
57.9042
57.9042
57.9042
57.9042
57.9042
57.9042
57.9042
57.9042
57.9042
57.9042
57.9042
57.9042
57.9042
57.9042
57.9042
57.9042
57.9042
57.9042
57.9042
57.9042
57.9042
57.9042
57.9042
57.9042
57.9042
57.9042
57.9042
57.9042
57.9042
57.9042
57.9042
57.9042
57.9042
57.9042
57.9042
57.9042
57.9042
57.9042
57.9042
57.9042
57.9042
57.9042
57.9042
57.9042
57.9042
57.9042
57.9042
57.9042
57.9042
57.9042
57.9042
57.9042
57.9042
57.9042
57.9042
57.9042
57.9042
57.9042
57.9042
57.9042
57.9042
57.9042
57.9042
57.9042
57.9042
57.9042
57.9042
57.9042
57.9042
57.9042
57.9042
57.9042
57.9042
57.9042
57.9042
57.9042
57.9042
57.9042
57.9042
57.9042
57.9042
57.9042
57.9042
57.9042
57.9042
57.9042
57.9042
57.9042
57.9042
57.9042
57.9042
57.9042
57.9042
57.9042
57.9042
57.9042
57.9042
57.9042
57.9042
57.9042
57.9042
57.9042
57.9042
57.9042
57.9042
57.9042
57.9042
57.9042
57.9042
57.9042
57.9042
57.9042
57.9042
57.9042
57.9042
57.9042
57.9042
57.9042
57.9042
57.9042
57.9042
57.9042
57.9042
57.9042
57.9042
57.9042
57.9042
57.9042
57.9042
57.9042
57.9042
57.9042
57.9042
57.9042
57.9042


729.474
668.4
655.018
639.526
632.437
620.134
607.399
595.955
595.948
595.723
590.47
587.051
585.305
581.335
581.335
580.274
579.495
578.48
564.283
554.454
553.843
525.693
525.693
516.385
508.88
508.88
506.417
468.773
468.773
468.749
461.743
461.224
449.459
426.574
425.124
421.945
408.025
405.728
394.094
394.094
390.5
328.495
327.02
316.128
315.486
261.708
207.59
202.673
202.673
200.118
191.154
186.33
181.705
181.705
170.615
134.07
134.07
130.586
126.248
121.52
115.432
106.556
102.982
100.964
95.801
89.1055
87.2055
85.7364
83.0598
81.8167
79.7151
77.3669
75.4557
71.5858
68.6596
64.9977
64.9977
60.3381
60.0833
59.2967
58.9025
57.4979
55.9347
54.1094
54.1094
53.0489
52.6761
52.5415
52.4347
52.4347
51.2606
51.1664
50.0515
49.8259
49.6955
49.0518
48.6065
48.3572
48.3572
48.3315
48.3315
48.0469
47.9638
47.9638
47.9527
47.8805
47.815
47.815
47.7956
47.6971
47.6939
47.66
47.6213
47.6213
47.6029
47.5785
47.5668
47.5441
47.4878
47.485
47.4796
47.4271
47.4143
47.4011
47.3996
47.3777
47.3777
47.3719
47.3696
47.3422
47.3298
47.3266
47.3184
47.3131
47.3101
47.301
47.2992
47.2983
47.2973
47.2973
47.2961
47.2936
47.2934
47.2915
47.2898
47.2898
47.289
47.2871
45.3618
45.3618
45.3585
44.0513
44.0482
44.0473
42.845
42.845
40.3963
40.3962
35.9489
35.9487
35.9484
35.9484
35.7738
35.7738
35.7738
34.9968
34.9968
34.1783
34.1782
33.2768
31.7872
31.6041
31.3635
31.3635
31.3141
31.2429
30.6512
30.6512
30.651
30.6321
30.2033
29.6717
29.1201
28.7077
28.3887
28.3887
27.6472
27.4805
26.8597
26.8597
26.8596
26.8596
26.6626
26.3881
26.2238
26.2238
26.2238
26.2238
26.1444
26.1444
26.1444
26.126
26.1029
26.0803
26.0627
26.0415
26.0415
26.0007
25.9984
25.9957
25.9957
25.8196
25.7939
25.7413
25.6206
25.0779
25.0216
24.8836
24.8364
24.8364
24.786
24.9165
24.8492
24.8387
24.8361
24.8361
24.7878
24.7878
24.785
24.7297
24.5938
24.5638
24.5638
24.5535
24.5535
24.5386
24.5361
24.5045
24.4881
24.4835
24.4794
24.4794
24.4794
24.4767
24.4592
24.4592
24.4592
24.4544
24.447
24.4455
24.4252
24.4176
24.4176
24.4126
24.4072
24.4063
24.3976
24.3964
24.3927
24.3927
24.3907
24.3888
24.3811
24.3803
24.3743
24.3743
24.3743
24.3743
24.3722
24.3722
24.3707
24.3706
24.3699
24.369
24.3678
24.367
24.3669
24.3669
24.3669
24.3653
24.3639
24.3647
24.3637
24.3637
24.3628
24.3628
24.3613
24.3604
24.3603
24.3603
24.3603
24.3603
24.3601
24.3601
24.3595
24.3595
24.3595
24.3595
24.3595
24.3594
24.3594
24.3593
24.3593
24.3592
24.3592
24.3592
24.3592
24.3591
24.3591
24.3591
24.3591
24.359
24.359
24.359
24.359
24.359
24.359
24.359
24.359
24.359
24.359
24.359
24.3589
24.3589
24.3589
24.3589
24.3589
24.3589
24.3589
24.3588
24.3588
24.3588
24.3587
24.3587
24.3587
24.3587
24.3587
24.3587
24.3587
24.3587
24.3587
24.3587
24.3587
24.3587
24.3587
24.3587
24.3587
24.3587
24.3587
24.3587
24.3587
24.3587
24.3587
24.3587
24.3587
24.3587
24.3587
24.3587
24.3587
24.3587
24.3587
24.3587
24.3587
24.3587
24.3587
24.3587
24.3587
24.3587
24.3587
24.3587
24.3587
24.3587
24.3587
24.3587
24.3587
24.3586
24.3586
24.3586
24.3586
24.3586
24.3586
24.3586
24.3586
24.3586
24.3586
24.3586
24.3586
24.3586
24.3586
24.3586
24.3586
24.3586
24.3586
24.3586
24.3586
24.3586
24.3586
24.3586
24.3586
24.3586


730.162
722.778
717.671
690.218
678.69
667.593
612.713
609.235
606.889
606.015
579.183
579.183
577.523
577.523
569.904
566.677
566.677
565.651
560.838
524.122
524.122
524.122
524.122
521.141
504.06
501.956
465.692
465.692
465.368
462.766
459.359
455.637
455.637
455.637
443.53
442.825
431.588
426.029
416.134
411.879
397.92
407.089
389.216
379.725
379.725
372.727
367.2
364.822
359.864
359.864
358.933
356.158
353.994
353.994
353.885
353.509
353.054
353.054
350.483
350.44
350.107
349.595
349.548
348.882
348.586
348.41
348.337
347.607
347.489
347.475
347.031
346.881
346.879
346.871
346.455
346.449
346.319
346.302
346.167
346.162
346.075
346.097
340.51
340.457
340.433
334.463
334.463
334.458
334.396
334.346
328.099
329.133
329.111
329.111
328.958
328.25
323.077
322.522
322.517
322.077
313.476
313.469
313.469
309.77
308.027
308.026
308.018
308.014
307.541
305.219
305.211
301.415
267.086
267.086
267.086
267.086
256.731
256.731
256.73
256.73
249.389
215.724
215.724
200.3
200.3
190.282
190.282
187.084
164.401
164.401
164.401
176.568
161.329
149.049
139.435
138.33
135.944
135.46
130.594
130.594
123.103
115.185
101.221
101.221
101.221
96.6689
96.6689
96.2663
96.0884
95.389
95.3022
90.501
88.268
85.0279
84.8963
77.9648
71.6539
69.0434
65.4232
62.1461
50.0015
50.0015
50.0015
47.0453
46.951
45.4804
45.4804
38.9294
38.233
34.4629
34.4629
34.4629
34.4629
34.4629
34.4572
34.4572
34.4572
34.4572
34.4572
32.846
32.3846
31.1582
27.8072
27.8072
26.5298
26.2608
24.0374
23.6068
22.8943
22.8943
22.8943
22.3451
22.3451
22.3451
22.0258
22.0258
21.4504
21.4504
21.1227
21.1227
20.9839
20.9839
20.9839
20.9839
20.9839
20.95
20.7776
20.7776
20.7052
20.7052
20.6
20.5816
20.5816
20.4635
20.4635
20.3982
20.3982
20.3496
20.3496
20.3496
20.2929
20.2929
20.2929
20.2929
20.2929
20.2929
20.2796
20.275
20.2578
20.2578
20.2215
20.2064
20.1919
20.1711
20.1711
20.1448
20.1448
20.1422
20.1351
20.1351
20.129
20.1294
20.1282
20.1282
20.1282
20.1281
20.128
20.1277
20.1277
20.1277
20.1277
20.1278
20.1263
20.1263
20.1235
20.1235
20.1184
20.1184
20.118
20.118
20.118
20.1176
20.1176
20.1173
20.116
20.116
20.116
20.116
20.116
20.1156
20.1156
20.1155
20.1154
20.1151
20.1151
20.115
20.1149
20.1149
20.1148
20.1147
20.1147
20.1148
20.1147
20.1146
20.1146
20.1146
20.1146
20.1145
20.1145
20.1145
20.1145
20.1144
20.1144
20.1144
20.1144
20.1144
20.1144
20.1144
20.1144
20.1144
20.1144
20.1144
20.1143
20.1143
20.1143
20.1143
20.1143
20.1143
20.1143
20.1143
20.1143
20.1143
20.1143
20.1143
20.1143
20.1143
20.1143
20.1143
20.1143
20.1143
20.1143
20.1143
20.1143
20.1143
20.1143
20.1143
20.1143
20.1143
20.1143
20.1143
20.1143
20.1143
20.1143
20.1143
20.1143
20.1143
20.1143
20.1143
20.1143
20.1143
20.1143
20.1143
20.1143
20.1143
20.1143
20.1143
20.1143
20.1143
20.1143
20.1143
20.1143
20.1143
20.1143
20.1143
20.1143
20.1143
20.1143
20.1143
20.1143
20.1143
20.1143
20.1143
20.1143
20.1143
20.1143
20.1143
20.1143
20.1143
20.1143
20.1143
20.1143
20.1143
20.1143
20.1143
20.1143
20.1143
20.1143
20.1143
20.1143
20.1143
20.1143
20.1143
20.1143
20.1143
20.1143
20.1143
20.1143
20.1143
20.1143
20.1143
20.1143
20.1143
20.1143
20.1143
20.1143
20.1143
20.1143
20.1143
20.1143
20.1143


