0.0254211
0.0256307
0.0260978
0.0263243
0.0280964
0.0287904
0.0293362
0.0297108
0.0307407
0.0325697
0.0333687
0.0335714
0.0342088
0.0351931
0.0357099
0.0368319
0.0370734
0.0375496
0.0441622
0.0441622
0.0459316
0.0462876
0.0499666
0.051466
0.0545812
0.0589953
0.0590009
0.0590009
0.0602144
0.061827
0.0703626
0.0812296
0.0887876
0.0941949
0.100737
0.112611
0.127057
0.127782
0.147338
0.152858
0.171379
0.172646
0.230383
0.231802
0.249913
0.290528
0.313252
0.344599
0.383581
0.403661
0.43932
0.44979
0.451539
0.503615
0.521663
0.521663
0.557364
0.563883
0.616197
0.616197
0.672036
0.672036
0.697823
0.708803
0.726691
0.728057
0.751889
0.751889
0.823908
0.823908
0.829523
0.842377
0.855726
0.868209
0.871916
0.895154
0.900577
0.905832
0.938156
0.946655
0.954202
0.954202
0.954202
0.958222
0.963802
0.965895
0.974556
0.976725
0.977128
0.980857
0.982827
0.987377
0.989118
0.991342
0.991646
0.99206
0.993034
0.994558
0.994952
0.995646
0.996644
0.996461
0.99711
0.99711
0.997396
0.997776
0.998257
0.998425
0.998457
0.998619
0.998658
0.998677
0.99879
0.998858
0.998927
0.999347
0.999357
0.999497
0.999559
0.999578
0.999596
0.999675
0.999694
0.99972
0.999745
0.999763
0.999773
0.999781
0.999784
0.99981
0.999818
0.999834
0.999866
0.999888
0.999889
0.999889
0.999906
0.999917
0.999923
0.999924
0.999934
0.999958
0.999958
0.999958
0.99996
0.999967
0.999968
0.99997
0.999974
0.999979
0.999979
0.999982
0.999985
0.999985
0.999988
0.999989
0.999989
0.99999
0.999992
0.999992
0.999993
0.999994
0.999995
0.999996
0.999996
0.999996
0.999996
0.999996
0.999998
0.999998
0.999998
0.999998
0.999998
0.999999
0.999999
0.999999
0.999999
0.999999
0.999999
0.999999
0.999999
0.999999
0.999999
0.999999
1
1
1
1
1
1
1
1
1
1
1
1
1
1
1
1
1
1
1
1
1
1
1
1
1
1
1
1
1
1
1
1
1
1
1
1
1
1
1
1
1
1
1
1
1
1
1
1
1
1
1
1
1
1
1
1
1
1
1
1
1
1
1
1
1
1
1
1
1
1
1
1
1
1
1
1
1
1
1
1
1
1
1
1
1
1
1
1
1
1
1
1
1
1
1
1
1
1
1
1
1
1
1
1
1
1
1
1
1
1
1
1
1
1
1
1
1
1
1
1
1
1
1
1
1
1
1
1
1
1
1
1
1
1
1
1
1
1
1
1
1
1
1
1
1
1
1
1
1
1
1
1
1
1
1
1
1
1
1
1
1
1
1
1
1
1
1
1
1
1
1
1
1
1
1
1
1
1
1
1
1
1
1
1
1
1
1
1
1
1
1
1
1
1
1
1
1
0.999993
0.999993
0.999993
0.999994
0.999994
0.999995
0.999996
0.999996
0.999996
0.999996
0.999996
0.999997
0.999997
0.999997
0.999998
0.999998
0.999998
0.999998
0.999998


0.00634359
0.0063951
0.00651919
0.00685118
0.00713515
0.00740607
0.00740607
0.00740607
0.00769097
0.00805511
0.00838334
0.00824745
0.00870429
0.00895315
0.00936452
0.00974854
0.0102914
0.0108264
0.0108551
0.013029
0.013029
0.0130347
0.013054
0.0131252
0.0137685
0.0141425
0.0143845
0.0151826
0.0163353
0.0168799
0.0170018
0.0185631
0.0204848
0.0231549
0.0232678
0.0244081
0.0246427
0.0264752
0.0319248
0.0319248
0.0329533
0.0398176
0.0424371
0.0445412
0.0481937
0.056417
0.0582814
0.0687269
0.0937251
0.100704
0.100704
0.105687
0.119125
0.119587
0.132066
0.13725
0.137529
0.144647
0.170378
0.170378
0.180665
0.179076
0.19338
0.196154
0.212813
0.225449
0.237451
0.261376
0.276576
0.287402
0.287402
0.292462
0.304064
0.304064
0.308923
0.314426
0.32093
0.333662
0.333662
0.33934
0.342375
0.342375
0.348735
0.352125
0.36159
0.363188
0.376147
0.383026
0.385668
0.388628
0.392714
0.397654
0.399698
0.399698
0.402431
0.403379
0.405345
0.405524
0.405658
0.407023
0.415056
0.421461
0.469609
0.469609
0.487992
0.518214
0.520136
0.520136
0.52018
0.534647
0.553819
0.558224
0.565283
0.583299
0.58871
0.589534
0.604955
0.604955
0.63141
0.63141
0.63141
0.631495
0.632269
0.650294
0.658282
0.665811
0.665811
0.669799
0.672234
0.676394
0.676868
0.677014
0.677273
0.677283
0.679728
0.688053
0.689346
0.692384
0.692412
0.694999
0.695421
0.694276
0.696551
0.696705
0.698935
0.698984
0.699033
0.700294
0.701888
0.70287
0.704927
0.703916
0.706952
0.706952
0.706952
0.708571
0.708981
0.708981
0.70899
0.708995
0.710711
0.710983
0.71163
0.711746
0.711937
0.711945
0.711945
0.711947
0.712253
0.712545
0.712545
0.712451
0.71288
0.71288
0.71288
0.713055
0.713056
0.713094
0.713094
0.71317
0.713268
0.713317
0.713381
0.713381
0.713446
0.713509
0.713509
0.713509
0.713571
0.713571
0.713575
0.713575
0.713594
0.713612
0.713612
0.713622
0.713622
0.713642
0.713642
0.713654
0.713654
0.713662
0.713668
0.713668
0.713669
0.713674
0.713674
0.713678
0.713679
0.713682
0.713683
0.713688
0.713689
0.71369
0.71369
0.713693
0.713695
0.713695
0.713696
0.713696
0.713696
0.713696
0.713696
0.713696
0.713698
0.713698
0.713701
0.713701
0.713701
0.713702
0.713703
0.713704
0.713704
0.713704
0.713704
0.713704
0.713705
0.713705
0.713705
0.713705
0.713705
0.713705
0.713705
0.713705
0.713705
0.713705
0.713705
0.713705
0.713705
0.713705
0.713705
0.713705
0.713705
0.713706
0.713706
0.713706
0.713706
0.713706
0.713706
0.713706
0.713706
0.713706
0.713706
0.713706
0.713706
0.713706
0.713706
0.713706
0.713706
0.713706
0.713706
0.713706
0.713706
0.713706
0.713706
0.713706
0.713706
0.713706
0.713706
0.713706
0.713706
0.713706
0.713706
0.713706
0.713706
0.713706
0.713706
0.713706
0.713706
0.713706
0.713706
0.713706
0.713706
0.713706
0.713706
0.713706
0.713706
0.713706
0.713706
0.713706
0.713706
0.713706
0.713706
0.713706
0.713706
0.713706
0.713706
0.713706
0.713706
0.713706
0.713706
0.713706
0.713706
0.713706
0.713706
0.713706
0.713706
0.713706
0.713706
0.713706
0.713706
0.713706
0.713706
0.713706
0.713706
0.713706
0.713706
0.713706
0.713706
0.713706
0.713706
0.713706
0.713706
0.713706
0.713706
0.713706
0.713706
0.713706
0.713706
0.713706
0.713706
0.713706
0.713706
0.713706
0.713706
0.713706
0.713706
0.713706
0.713706
0.713706
0.713706
0.713706
0.713706
0.713706
0.713706
0.713706
0.713706
0.713706
0.713706
0.713706
0.713706
0.713706
0.713706
0.713706
0.713706
0.713706
0.713706
0.713706
0.713706
0.713706
0.713706
0.713706
0.713706
0.713706
0.713706
0.713706
0.713706
0.713706
0.713706
0.713706
0.713706
0.713706
0.713706
0.713706
0.713706
0.713706
0.713706
0.713706
0.713706
0.713706
0.713706
0.713706
0.713706
0.713706
0.713706
0.713706
0.713706
0.713706
0.713706
0.713706


0.00578984
0.00624978
0.00624978
0.00625062
0.00638742
0.00638742
0.00644452
0.00645037
0.00652403
0.00679268
0.00742382
0.00771581
0.00771581
0.00777198
0.00794389
0.0083538
0.00856329
0.00893474
0.00949627
0.00992054
0.0106034
0.011304
0.0119844
0.0123729
0.012411
0.0125279
0.0140314
0.0154028
0.0184469
0.0184469
0.0185833
0.0225316
0.022734
0.0227493
0.0248488
0.0303354
0.0320617
0.03303
0.0340487
0.0347862
0.036667
0.0458595
0.0477514
0.0529091
0.0569234
0.0579638
0.0587474
0.0675164
0.0770786
0.0795409
0.0824875
0.0813793
0.0843096
0.0900081
0.0980691
0.101733
0.105562
0.11208
0.116879
0.131671
0.145798
0.14803
0.165754
0.181495
0.192561
0.20124
0.290489
0.295912
0.296651
0.297195
0.297195
0.303073
0.308913
0.335026
0.352162
0.353446
0.375762
0.396811
0.397079
0.412619
0.412842
0.412842
0.425791
0.444914
0.459896
0.460204
0.46075
0.461837
0.467656
0.468654
0.469313
0.487403
0.51673
0.51673
0.51673
0.518827
0.528928
0.535996
0.535996
0.536008
0.543043
0.548598
0.548659
0.548659
0.548682
0.548735
0.556421
0.559368
0.559375
0.561189
0.564053
0.564143
0.566617
0.571235
0.578736
0.578736
0.580858
0.580858
0.58088
0.580881
0.582911
0.584288
0.584291
0.585287
0.586654
0.587655
0.587659
0.587668
0.588501
0.589003
0.589006
0.589445
0.589706
0.589706
0.59006
0.59072
0.59072
0.590721
0.590749
0.590752
0.591017
0.591412
0.591412
0.591412
0.591412
0.591437
0.591521
0.591643
0.591643
0.591676
0.591677
0.591677
0.591737
0.591737
0.591758
0.591774
0.591774
0.591781
0.591781
0.591803
0.591815
0.591862
0.591862
0.591867
0.591878
0.591878
0.591891
0.591891
0.591891
0.591901
0.591901
0.591901
0.591901
0.591917
0.59194
0.59194
0.59194
0.59195
0.59195
0.59195
0.59195
0.591955
0.591964
0.591967
0.591967
0.591967
0.591967
0.591969
0.591971
0.591972
0.591975
0.591974
0.591975
0.591975
0.591975
0.591976
0.591978
0.591979
0.591979
0.591979
0.591979
0.59198
0.59198
0.59198
0.59198
0.59198
0.59198
0.591981
0.591981
0.591981
0.591981
0.591981
0.591981
0.591981
0.591981
0.591981
0.591981
0.591981
0.591981
0.591981
0.591981
0.591982
0.591982
0.591982
0.591982
0.591982
0.591982
0.591982
0.591982
0.591982
0.591982
0.591982
0.591982
0.591982
0.591982
0.591982
0.591982
0.591982
0.591982
0.591982
0.591982
0.591982
0.591982
0.591982
0.591982
0.591982
0.591982
0.591982
0.591982
0.591982
0.591982
0.591982
0.591982
0.591982
0.591982
0.591982
0.591982
0.591982
0.591982
0.591982
0.591982
0.591982
0.591982
0.591982
0.591982
0.591982
0.591982
0.591982
0.591982
0.591982
0.591982
0.591982
0.591982
0.591982
0.591982
0.591982
0.591982
0.591982
0.591982
0.591982
0.591982
0.591982
0.591982
0.591982
0.591982
0.591982
0.591982
0.591982
0.591982
0.591982
0.591982
0.591982
0.591982
0.591982
0.591982
0.591982
0.591982
0.591982
0.591982
0.591982
0.591982
0.591982
0.591982
0.591982
0.591982
0.591982
0.591982
0.591982
0.591982
0.591982
0.591982
0.591982
0.591982
0.591982
0.591982
0.591982
0.591982
0.591982
0.591982
0.591982
0.591982
0.591982
0.591982
0.591982
0.591982
0.591982
0.591982
0.591982
0.591982
0.591982
0.591982
0.591982
0.591982
0.591982
0.591982
0.591982
0.591982
0.591982
0.591982
0.591982
0.591982
0.591982
0.591982
0.591982
0.591982
0.591982
0.591982
0.591982
0.591982
0.591982
0.591982
0.591982
0.591982
0.591982
0.591982
0.591982
0.591982
0.591982
0.591982
0.591982
0.591982
0.591159
0.591981
0.591982
0.591982
0.591982
0.591982
0.591982
0.591982
0.591982
0.591982
0.591982
0.591982
0.591982
0.591982
0.591982
0.591982
0.591982
0.591982
0.591982
0.591982
0.591982
0.591982
0.591982
0.591982
0.591982
0.591982
0.591982
0.591982
0.591982
0.591982
0.591982
0.591982
0.591982
0.591982
0.591982
0.591982
0.591982
0.591982
0.591982


0.00534951
0.00542333
0.00558266
0.00565133
0.00565302
0.00567114
0.00579099
0.00616451
0.00617229
0.00638594
0.00676882
0.00679956
0.00686528
0.00724983
0.00743611
0.00743611
0.00812734
0.00837329
0.0088239
0.00951055
0.0102699
0.0110967
0.0114472
0.0130386
0.0130386
0.0132782
0.013328
0.0136504
0.0141929
0.0153245
0.0156208
0.0170972
0.0180314
0.0186662
0.0210327
0.0211725
0.0257682
0.029723
0.0308575
0.0334697
0.0420006
0.0411231
0.0411231
0.0461926
0.0568849
0.0568849
0.0590183
0.0625195
0.0655059
0.0733026
0.081565
0.0803021
0.0971071
0.0971604
0.104018
0.118074
0.137076
0.137076
0.138275
0.141907
0.170506
0.16596
0.180472
0.196644
0.211731
0.249714
0.252057
0.253456
0.268624
0.29196
0.295673
0.316867
0.32242
0.345446
0.358745
0.365562
0.389392
0.407621
0.414297
0.430269
0.435043
0.443779
0.472492
0.472492
0.478174
0.478214
0.482539
0.497478
0.509127
0.525149
0.549121
0.548836
0.548837
0.575285
0.575483
0.575522
0.575522
0.577053
0.577998
0.581999
0.591247
0.591999
0.593494
0.596641
0.607088
0.613558
0.621065
0.625043
0.625058
0.625419
0.625427
0.625627
0.625844
0.627864
0.627864
0.628342
0.628429
0.628692
0.629257
0.630699
0.63072
0.635253
0.635256
0.635278
0.635582
0.635589
0.636392
0.636392
0.636556
0.637406
0.637409
0.637423
0.63781
0.637986
0.637986
0.638171
0.638299
0.638451
0.638707
0.6389
0.638909
0.638909
0.639069
0.63907
0.639099
0.6391
0.639175
0.639188
0.639267
0.639278
0.639363
0.639366
0.639408
0.639425
0.63944
0.63944
0.639447
0.639458
0.639479
0.639503
0.639512
0.639546
0.639547
0.639547
0.639561
0.639573
0.639573
0.639573
0.639574
0.639585
0.639585
0.639585
0.639591
0.639592
0.639597
0.639597
0.639598
0.639598
0.639599
0.639599
0.639599
0.639599
0.639601
0.639601
0.639603
0.639604
0.639604
0.639604
0.639605
0.639605
0.639606
0.639606
0.639607
0.639608
0.639608
0.639609
0.639609
0.639609
0.639609
0.639609
0.639609
0.639609
0.639609
0.639609
0.63961
0.63961
0.63961
0.63961
0.63961
0.63961
0.63961
0.63961
0.63961
0.63961
0.63961
0.63961
0.63961
0.63961
0.63961
0.63961
0.63961
0.63961
0.63961
0.63961
0.63961
0.63961
0.63961
0.63961
0.63961
0.63961
0.63961
0.63961
0.63961
0.63961
0.63961
0.63961
0.63961
0.63961
0.63961
0.63961
0.63961
0.63961
0.63961
0.63961
0.63961
0.63961
0.63961
0.63961
0.63961
0.63961
0.63961
0.63961
0.63961
0.63961
0.63961
0.63961
0.63961
0.63961
0.63961
0.63961
0.63961
0.63961
0.63961
0.63961
0.63961
0.63961
0.63961
0.63961
0.63961
0.63961
0.63961
0.63961
0.63961
0.63961
0.63961
0.63961
0.63961
0.63961
0.63961
0.63961
0.63961
0.63961
0.63961
0.63961
0.63961
0.63961
0.63961
0.63961
0.63961
0.63961
0.63961
0.63961
0.63961
0.63961
0.63961
0.63961
0.63961
0.63961
0.63961
0.63961
0.63961
0.63961
0.63961
0.63961
0.63961
0.63961
0.63961
0.63961
0.63961
0.63961
0.63961
0.63961
0.63961
0.63961
0.63961
0.63961
0.63961
0.63961
0.63961
0.63961
0.63961
0.63961
0.63961
0.63961
0.63961
0.63961
0.63961
0.63961
0.63961
0.63961
0.63961
0.63961
0.63961
0.63961
0.63961
0.63961
0.63961
0.63961
0.63961
0.63961
0.63961
0.63961
0.63961
0.63961
0.63961
0.63961
0.63961
0.63961
0.63961
0.63961
0.63961
0.63961
0.63961
0.63961
0.63961
0.63961
0.63961
0.63961
0.63961
0.63961
0.63961
0.63961
0.63961
0.63961
0.63961
0.63961
0.63961
0.63961
0.63961
0.63961
0.63961
0.63961
0.63961
0.63961
0.63961
0.63961
0.63961
0.63961
0.63961
0.63961
0.63961
0.63961
0.63961
0.63961
0.63961
0.63961
0.63961
0.63961
0.63961
0.63961
0.63961
0.63961
0.63961
0.63961
0.63961
0.63961
0.63961
0.63961
0.63961
0.63961


0.00510565
0.0052254
0.00539931
0.00551005
0.00551005
0.00558409
0.00569326
0.00602825
0.00604191
0.00625076
0.00640214
0.00646454
0.00660908
0.00665909
0.0069086
0.0071338
0.00785086
0.00791695
0.00795135
0.00836818
0.00899306
0.00918807
0.00949843
0.00972862
0.0107355
0.0115403
0.0115403
0.0126152
0.014204
0.0154441
0.0156523
0.0157446
0.0199142
0.0211708
0.0254896
0.030091
0.0317144
0.0344982
0.0380392
0.0385974
0.0388711
0.0412847
0.0455557
0.0549149
0.0574971
0.0676781
0.0746501
0.0773839
0.0885002
0.0941455
0.103445
0.110479
0.12558
0.12558
0.163147
0.175348
0.216075
0.244759
0.244759
0.244759
0.269964
0.283574
0.2957
0.320946
0.332791
0.345626
0.360446
0.36964
0.372879
0.380619
0.40227
0.399342
0.426953
0.431081
0.43544
0.439219
0.449754
0.455239
0.457475
0.459108
0.471248
0.475811
0.477021
0.478113
0.486504
0.488379
0.490132
0.496294
0.500872
0.500922
0.507334
0.509932
0.510189
0.51182
0.516668
0.519889
0.520021
0.525238
0.525351
0.525607
0.525721
0.526744
0.52817
0.528463
0.530405
0.530405
0.531881
0.533086
0.533148
0.533148
0.534583
0.53466
0.535697
0.535697
0.535705
0.535744
0.535808
0.535808
0.535839
0.535854
0.535977
0.535841
0.536218
0.53679
0.536801
0.536872
0.537155
0.537159
0.537177
0.537188
0.537189
0.537264
0.537381
0.537381
0.537457
0.537459
0.53749
0.537596
0.537611
0.537693
0.537696
0.537697
0.537697
0.537705
0.537712
0.537731
0.537733
0.537749
0.537761
0.537761
0.537766
0.537766
0.537766
0.537768
0.537768
0.537772
0.537778
0.537778
0.537782
0.537782
0.537783
0.537783
0.537784
0.537787
0.537791
0.537791
0.537792
0.537792
0.537792
0.537793
0.537794
0.537795
0.537797
0.537797
0.537797
0.537798
0.537798
0.537798
0.537799
0.537799
0.5378
0.537799
0.5378
0.5378
0.5378
0.5378
0.5378
0.5378
0.5378
0.5378
0.5378
0.5378
0.5378
0.5378
0.537801
0.537801
0.537801
0.537801
0.537801
0.537801
0.537801
0.537801
0.537801
0.537801
0.537801
0.537801
0.537801
0.537801
0.537801
0.537801
0.537801
0.537801
0.537801
0.537801
0.537801
0.537801
0.537801
0.537801
0.537801
0.537801
0.537801
0.537801
0.537801
0.537801
0.537801
0.537801
0.537801
0.537801
0.537801
0.537801
0.537801
0.537801
0.537801
0.537801
0.537801
0.537801
0.537801
0.537801
0.537801
0.537801
0.537801
0.537801
0.537801
0.537801
0.537801
0.537801
0.537801
0.537801
0.537801
0.537801
0.537801
0.537801
0.537801
0.537801
0.537801
0.537801
0.537801
0.537801
0.537801
0.537801
0.537801
0.537801
0.537801
0.537801
0.537801
0.537801
0.537801
0.537801
0.537801
0.537801
0.537801
0.537801
0.537801
0.537801
0.537801
0.537801
0.537801
0.537801
0.537801
0.537801
0.537801
0.537801
0.537801
0.537801
0.537801
0.537801
0.537801
0.537801
0.537801
0.537801
0.537801
0.537801
0.537801
0.537801
0.537801
0.537801
0.537801
0.537801
0.537801
0.537801
0.537801
0.537801
0.537801
0.537801
0.537801
0.537801
0.537801
0.537801
0.537801
0.537801
0.537801
0.537775
0.537801
0.537801
0.537801
0.537801
0.537801
0.537801
0.537801
0.537801
0.537801
0.537801
0.537801
0.537801
0.537801
0.537801
0.537801
0.537801
0.537801
0.537801
0.537801
0.537801
0.537801
0.537801
0.537801
0.537801
0.537801
0.537801
0.537801
0.537801
0.537801
0.537801
0.537801
0.537801
0.537801
0.537801
0.537801
0.537801
0.537801
0.537801
0.537801
0.537801
0.537801
0.537801
0.537801
0.537801
0.537801
0.537801
0.537801
0.537801
0.537801
0.5378
0.537801
0.537801
0.537801
0.537801
0.537801
0.537801
0.537801
0.537801
0.537801
0.537801
0.537801
0.537801
0.537801
0.537801
0.537801
0.537801
0.537801
0.537801
0.537801
0.537801
0.537801
0.537801
0.537801
0.537801
0.537801
0.537801
0.537801
0.537801
0.537801
0.537801
0.537801
0.537801
0.537801
0.537801
0.537801
0.537801
0.537801
0.537801


0.00520299
0.00522544
0.00537077
0.00547358
0.00554237
0.00571366
0.00571366
0.00572046
0.00621839
0.00621839
0.00628598
0.00632268
0.00637591
0.00637591
0.00683757
0.00691283
0.00698939
0.00734248
0.00739429
0.00761277
0.00789325
0.00804194
0.00858398
0.00890078
0.0103998
0.0103998
0.0108599
0.0120337
0.0121745
0.0131867
0.0143076
0.0149748
0.0150546
0.0154416
0.0173299
0.0176376
0.0182898
0.0201067
0.021385
0.0228446
0.0243272
0.0277024
0.028887
0.0350561
0.0364528
0.0387299
0.0387299
0.0478992
0.048895
0.0557898
0.0582112
0.0673597
0.0673597
0.0721305
0.0796257
0.0824712
0.086288
0.093935
0.101508
0.105563
0.111838
0.120875
0.137682
0.141623
0.145588
0.154058
0.156464
0.161428
0.166481
0.178147
0.185665
0.19047
0.194568
0.211716
0.223358
0.22481
0.239695
0.240589
0.241429
0.241429
0.241629
0.244851
0.250387
0.256082
0.256082
0.25956
0.261307
0.268857
0.268972
0.268972
0.269811
0.275867
0.275867
0.275877
0.280144
0.28218
0.282809
0.282809
0.285732
0.286799
0.286831
0.288144
0.288214
0.288842
0.290196
0.290203
0.290222
0.290763
0.291125
0.291493
0.291574
0.291817
0.292596
0.292757
0.29276
0.293284
0.293636
0.29385
0.29401
0.29401
0.29401
0.294047
0.294139
0.294153
0.294637
0.294637
0.294788
0.294788
0.294806
0.295064
0.295066
0.295114
0.295137
0.295151
0.29516
0.295197
0.295199
0.295206
0.295238
0.29528
0.295297
0.295332
0.295336
0.295336
0.295336
0.295378
0.295394
0.295394
0.295394
0.295478
0.295498
0.29547
0.29549
0.295502
0.295502
0.295505
0.295509
0.295515
0.295524
0.295524
0.295524
0.295535
0.295539
0.29554
0.295542
0.295555
0.295555
0.295555
0.295557
0.295557
0.295563
0.295564
0.295564
0.295564
0.295564
0.295565
0.295568
0.295568
0.295569
0.295569
0.29557
0.29557
0.295571
0.295571
0.295571
0.295571
0.295571
0.295571
0.295571
0.295572
0.295572
0.295572
0.295572
0.295572
0.295572
0.295572
0.295572
0.295572
0.295573
0.295573
0.295573
0.295573
0.295573
0.295573
0.295573
0.295573
0.295573
0.295573
0.295573
0.295573
0.295573
0.295573
0.295573
0.295573
0.295573
0.295573
0.295573
0.295573
0.295573
0.295573
0.295573
0.295573
0.295573
0.295573
0.295573
0.295573
0.295573
0.295573
0.295573
0.295573
0.295573
0.295573
0.295573
0.295573
0.295573
0.295573
0.295573
0.295573
0.295573
0.295573
0.295573
0.295573
0.295573
0.295573
0.295573
0.295573
0.295573
0.295573
0.295573
0.295573
0.295573
0.295573
0.295573
0.295573
0.295573
0.295573
0.295573
0.295573
0.295573
0.295573
0.295573
0.295573
0.295573
0.295573
0.295573
0.295573
0.29838
0.298756
0.303391
0.308191
0.310427
0.310427
0.315245
0.320226
0.321771
0.322129
0.329197
0.329197
0.331894
0.338846
0.339275
0.340357
0.341497
0.343188
0.343802
0.34946
0.358548
0.367643
0.369279
0.370274
0.374369
0.38322
0.38322
0.385182
0.38534
0.38534
0.386976
0.389623
0.398017
0.403263
0.403263
0.405326
0.405344
0.405344
0.405878
0.40732
0.40979
0.411777
0.417893
0.417893
0.421672
0.420517
0.424785
0.424946
0.424946
0.427107
0.427107
0.427107
0.427107
0.427444
0.428065
0.430496
0.431009
0.433613
0.435623
0.435623
0.436125
0.436125
0.440035
0.443295
0.443295
0.446121
0.4463
0.4463
0.449323
0.457521
0.457521
0.457521
0.458059
0.458059
0.459396
0.460371
0.46318
0.46318
0.46318
0.46318
0.466152
0.466152
0.4669
0.4669
0.4669
0.466929
0.467565
0.468213
0.468491
0.468872
0.469249
0.469372
0.469387
0.469814
0.469814
0.470086
0.470086
0.470433
0.470667
0.470728
0.470841
0.497095
0.50599
0.506507
0.521328
0.550474
0.550758
0.55724
0.568627
0.57182
0.571993
0.571993
0.572109
0.572536
0.578664
0.576358
0.579796
0.579811
0.607657
0.607657
0.611756
0.617603
0.625173
0.625173
0.628359
0.629518
0.629518
0.630128
0.631391
0.638822
0.643147
0.644202
0.644236
0.645823


0.0057012
0.005749
0.005749
0.00597069
0.00609974
0.0063637
0.00667737
0.00667737
0.00667913
0.0070366
0.00725082
0.00834744
0.00866485
0.00899968
0.00986757
0.00999702
0.00999702
0.0103302
0.0103995
0.0109205
0.0115531
0.0117085
0.0117197
0.0117197
0.0127731
0.0150695
0.0150695
0.0181032
0.0186209
0.0193881
0.0199111
0.0197846
0.0310361
0.0332918
0.0332972
0.0370864
0.0478148
0.0478263
0.0481937
0.0546055
0.0608288
0.0519263
0.0627368
0.0724271
0.086053
0.086053
0.0977839
0.0986652
0.098927
0.104164
0.107226
0.117115
0.119604
0.129463
0.153195
0.153195
0.154897
0.158614
0.171104
0.181261
0.182041
0.193129
0.19369
0.216917
0.216917
0.222695
0.222815
0.225018
0.236796
0.23822
0.23822
0.250403
0.252962
0.25362
0.257821
0.259489
0.259864
0.268128
0.268128
0.269586
0.271878
0.272426
0.272546
0.274788
0.27718
0.277968
0.278559
0.278751
0.278869
0.280627
0.281687
0.306033
0.319465
0.319501
0.32592
0.330004
0.330004
0.332692
0.332692
0.332692
0.347084
0.352844
0.377488
0.377488
0.380366
0.380397
0.389276
0.407246
0.407254
0.40731
0.407349
0.409383
0.417161
0.430379
0.438106
0.469315
0.485281
0.487954
0.488783
0.507804
0.50992
0.50992
0.514078
0.517652
0.540719
0.540723
0.540726
0.540726
0.555122
0.563999
0.563999
0.562597
0.569135
0.577497
0.577497
0.584486
0.590011
0.590011
0.590929
0.59093
0.59473
0.594732
0.597688
0.597689
0.597689
0.599837
0.599837
0.600301
0.600302
0.602058
0.603042
0.60405
0.606651
0.606701
0.606702
0.610596
0.610596
0.610596
0.611011
0.611011
0.611012
0.612139
0.612713
0.612791
0.613313
0.613313
0.613377
0.613543
0.613543
0.614023
0.614284
0.613976
0.614831
0.614831
0.614831
0.614831
0.614995
0.614995
0.615347
0.615347
0.615431
0.615416
0.615419
0.615471
0.615539
0.615576
0.615623
0.615772
0.615772
0.6158
0.615804
0.615793
0.615837
0.615837
0.615837
0.615843
0.615879
0.615879
0.615884
0.615891
0.615898
0.615918
0.615925
0.615925
0.615928
0.615928
0.61594
0.615947
0.615951
0.615951
0.615967
0.615967
0.615967
0.61597
0.61597
0.615975
0.615977
0.615988
0.615988
0.615988
0.615993
0.615993
0.615995
0.615995
0.615995
0.615995
0.615997
0.615997
0.615998
0.615998
0.615998
0.615999
0.615999
0.615999
0.616
0.616
0.616
0.616
0.616
0.616001
0.616001
0.616001
0.616001
0.616001
0.616001
0.616001
0.616001
0.616001
0.616002
0.616002
0.616002
0.616002
0.616002
0.616002
0.616002
0.616002
0.616002
0.616002
0.616002
0.616002
0.616002
0.616002
0.616002
0.616002
0.616002
0.616002
0.616002
0.616002
0.616002
0.616002
0.616002
0.616002
0.616002
0.616002
0.616002
0.616002
0.616002
0.616002
0.616002
0.616002
0.616002
0.616002
0.616002
0.616002
0.616002
0.616002
0.660171
0.686137
0.686137
0.703837
0.703837
0.694277
0.714432
0.714432
0.714432
0.714772
0.714772
0.718057
0.719192
0.719543
0.724078
0.719698
0.727168
0.727168
0.727563
0.727917
0.727917
0.729388
0.730617
0.730961
0.731043
0.731659
0.73207
0.732101
0.732184
0.734783
0.734783
0.735619
0.737599
0.740256
0.742084
0.743313
0.744668
0.745107
0.745283
0.748995
0.755734
0.759508
0.771634
0.771782
0.773556
0.779306
0.780329
0.783004
0.783004
0.783004
0.783557
0.787298
0.788083
0.788083
0.789678
0.788492
0.79682
0.798551
0.798551
0.801161
0.801949
0.809404
0.8111
0.811978
0.811978
0.819384
0.822453
0.826141
0.826141
0.826233
0.82639
0.830631
0.831506
0.83237
0.83237
0.832561
0.832994
0.833026
0.833144
0.834015
0.834015
0.83618
0.838255
0.838835
0.838835
0.841212
0.843762
0.845197
0.846185
0.846185
0.846275
0.846275
0.84924
0.851234
0.851234
0.851469
0.851469
0.860039
0.860529
0.860529
0.861324
0.861972
0.866732
0.866732
0.867154
0.867556
0.867795
0.868778
0.869545
0.869914
0.869979
0.869981
0.870298
0.870442


0.00629753
0.00644954
0.00690671
0.00706543
0.00727888
0.00740849
0.0080931
0.00853785
0.00900734
0.00930519
0.0094689
0.00988536
0.0100321
0.0101612
0.0118443
0.0126973
0.0140825
0.0140825
0.0140862
0.0141329
0.0141483
0.015795
0.0161846
0.017194
0.0177688
0.0186823
0.0213409
0.0245439
0.0331343
0.0331343
0.0350214
0.0358607
0.0382014
0.0438792
0.0542629
0.0578873
0.0579878
0.0621587
0.0675134
0.0686623
0.0760437
0.0875544
0.101498
0.115135
0.138231
0.14285
0.147728
0.152307
0.174772
0.184266
0.185113
0.210644
0.210644
0.215743
0.230856
0.247117
0.247405
0.257794
0.294432
0.315192
0.315192
0.315192
0.324417
0.332331
0.340372
0.347387
0.352771
0.368689
0.368689
0.37882
0.37888
0.376503
0.384087
0.384169
0.388023
0.392988
0.393825
0.402954
0.409259
0.411783
0.412253
0.410906
0.413109
0.416774
0.416776
0.41722
0.418408
0.419583
0.422105
0.423215
0.423399
0.423292
0.424251
0.424763
0.425191
0.425211
0.425211
0.425427
0.425613
0.42571
0.426092
0.426092
0.426158
0.426223
0.426271
0.426335
0.426467
0.426579
0.426657
0.426663
0.426725
0.426719
0.426769
0.427001
0.427003
0.427078
0.42714
0.427158
0.427191
0.427192
0.427203
0.448067
0.483238
0.483272
0.495264
0.495272
0.495808
0.496669
0.496674
0.533656
0.55327
0.553275
0.580156
0.580156
0.591099
0.618288
0.620429
0.632729
0.633716
0.651523
0.654186
0.654187
0.665359
0.665363
0.665364
0.66555
0.667312
0.669356
0.676471
0.680554
0.680554
0.688597
0.691686
0.692112
0.692785
0.692785
0.693538
0.694265
0.699896
0.699896
0.699896
0.699896
0.702919
0.706459
0.706516
0.706516
0.707493
0.707851
0.707852
0.709105
0.709105
0.709131
0.710539
0.710579
0.710579
0.710963
0.710963
0.711042
0.711102
0.711475
0.711531
0.711531
0.711646
0.71273
0.71273
0.712908
0.712908
0.712908
0.712929
0.712993
0.713084
0.713139
0.713139
0.71326
0.71326
0.713288
0.713325
0.713364
0.713364
0.713506
0.713506
0.713506
0.713506
0.713506
0.713532
0.713544
0.713591
0.713615
0.713629
0.713629
0.713629
0.713629
0.713638
0.713638
0.713638
0.713638
0.713647
0.713647
0.713661
0.713661
0.713663
0.713657
0.713675
0.713675
0.713675
0.713689
0.713689
0.713689
0.713689
0.713689
0.713692
0.713694
0.713699
0.713699
0.713699
0.713699
0.713699
0.7137
0.7137
0.713701
0.713702
0.713702
0.713702
0.713703
0.713703
0.713703
0.713703
0.713703
0.713703
0.713703
0.713703
0.713703
0.713703
0.713703
0.713704
0.713704
0.713704
0.713704
0.713705
0.713705
0.713705
0.713705
0.713705
0.713705
0.713705
0.713705
0.713705
0.713705
0.713705
0.713705
0.713705
0.713705
0.713705
0.713705
0.713705
0.713705
0.713705
0.713705
0.713705
0.713705
0.713705
0.713706
0.713706
0.713706
0.713706
0.713706
0.713706
0.713706
0.713706
0.713706
0.713706
0.713706
0.713706
0.713706
0.713706
0.713706
0.713706
0.713706
0.713706
0.713706
0.713706
0.713706
0.713706
0.713706
0.713706
0.713706
0.713706
0.713706
0.713706
0.713706
0.713706
0.713706
0.713706
0.713706
0.713706
0.713706
0.713706
0.713706
0.713706
0.713706
0.713706
0.712639
0.713706
0.713706
0.713706
0.713706
0.713706
0.713706
0.713706
0.713706
0.713706
0.713706
0.713706
0.713706
0.713706
0.713706
0.713706
0.713706
0.713706
0.713706
0.713706
0.713706
0.713706
0.713706
0.713706
0.713706
0.713706
0.713706
0.713706
0.713706
0.713706
0.713706
0.713706
0.713706
0.713706
0.713706
0.713706
0.713706
0.713706
0.713706
0.713706
0.713706
0.713706
0.713706
0.713706
0.713706
0.713706
0.713706
0.713706
0.713706
0.713706
0.713706
0.713706
0.713706
0.713706
0.713706
0.713706
0.713706
0.713706
0.713706
0.713706
0.713706
0.713706
0.713706
0.713706
0.713706
0.713706
0.713706
0.713706
0.713706
0.713706
0.713706
0.713706
0.713706
0.713706
0.713706
0.713706
0.713706
0.713706
0.713706


0.00573356
0.00591011
0.00617942
0.00621468
0.00626365
0.00636907
0.0068702
0.00707742
0.00734701
0.00778019
0.0078643
0.00817368
0.00833907
0.00850064
0.00916377
0.00916377
0.00923228
0.00923228
0.00939211
0.00978215
0.0103577
0.0106522
0.0112288
0.0114917
0.0116074
0.0128998
0.0131798
0.0131798
0.0132289
0.0149063
0.014954
0.0171259
0.02084
0.0213314
0.0221735
0.0240291
0.0274083
0.0310152
0.0353233
0.0367593
0.044587
0.0581376
0.0586161
0.063948
0.066017
0.0705759
0.0740683
0.077632
0.0865365
0.086663
0.0999917
0.107009
0.115148
0.11582
0.128143
0.139399
0.182953
0.204178
0.206118
0.218033
0.237927
0.269785
0.269785
0.275173
0.278306
0.298573
0.315086
0.331719
0.342232
0.373275
0.425143
0.428052
0.45843
0.468408
0.47178
0.484961
0.486642
0.506367
0.509378
0.514415
0.543026
0.552605
0.557687
0.55934
0.559936
0.561351
0.565636
0.565636
0.568063
0.575264
0.57816
0.578376
0.578376
0.582654
0.588299
0.588299
0.594454
0.596525
0.596525
0.597139
0.598686
0.599934
0.599954
0.602689
0.602689
0.604005
0.604148
0.604148
0.604571
0.604671
0.60518
0.605481
0.605957
0.605966
0.606757
0.606866
0.607016
0.607088
0.607165
0.607347
0.607607
0.607915
0.60796
0.608112
0.608195
0.608326
0.608326
0.60869
0.608691
0.608706
0.60875
0.608751
0.608795
0.60888
0.608883
0.609001
0.609014
0.609014
0.609026
0.609026
0.609055
0.609065
0.609065
0.609066
0.609083
0.609097
0.609098
0.609105
0.609119
0.609123
0.609125
0.609129
0.60913
0.60913
0.609139
0.60914
0.609155
0.609155
0.609158
0.609158
0.609166
0.609172
0.609176
0.609176
0.609176
0.609177
0.609177
0.609181
0.609182
0.609182
0.609182
0.609182
0.609183
0.609183
0.609183
0.609183
0.609184
0.609184
0.609185
0.609185
0.609185
0.609185
0.609185
0.609185
0.609185
0.609186
0.609186
0.609186
0.609186
0.609186
0.609186
0.609186
0.609186
0.612356
0.612356
0.612456
0.612456
0.61262
0.627319
0.633871
0.634355
0.636904
0.636904
0.636904
0.644973
0.646387
0.646387
0.646387
0.649472
0.649472
0.663838
0.664717
0.676172
0.676172
0.676172
0.676172
0.676172
0.676172
0.690441
0.690441
0.691644
0.692255
0.699288
0.700599
0.701661
0.701661
0.701661
0.703096
0.703096
0.708097
0.708097
0.708794
0.710184
0.711285
0.711285
0.714619
0.714619
0.714619
0.715877
0.715877
0.715893
0.716568
0.716805
0.716805
0.718231
0.718231
0.718231
0.71827
0.718275
0.718323
0.718326
0.718326
0.718557
0.718952
0.719048
0.719778
0.719778
0.719778
0.719778
0.71995
0.71997
0.719937
0.719977
0.72006
0.720259
0.720259
0.720356
0.720356
0.720396
0.720396
0.720425
0.720434
0.720437
0.720437
0.720448
0.72048
0.720513
0.720514
0.720553
0.720553
0.720553
0.720574
0.720586
0.720586
0.720589
0.720589
0.720594
0.720597
0.720597
0.72061
0.720612
0.720607
0.720617
0.720621
0.720622
0.720622
0.720622
0.720629
0.720631
0.720631
0.720631
0.720633
0.720635
0.720636
0.720637
0.720639
0.720639
0.720642
0.720643
0.720643
0.720643
0.720644
0.720644
0.720644
0.720645
0.720645
0.720645
0.720645
0.720645
0.720645
0.720645
0.720645
0.720645
0.720645
0.720645
0.720645
0.720645
0.720645
0.720645
0.720645
0.720645
0.719822
0.720646
0.720646
0.720646
0.720646
0.720646
0.720646
0.720646
0.720646
0.720646
0.720646
0.720646
0.720646
0.720646
0.720646
0.720646
0.720646
0.720646
0.720646
0.720646
0.720646
0.720646
0.720646
0.720646
0.720646
0.720646
0.720646
0.720646
0.720646
0.720646
0.720646
0.720646
0.720646
0.720646
0.720646
0.720646
0.720646
0.720646
0.720646
0.720646
0.720646
0.720646
0.720646
0.720646
0.720646
0.720646
0.720646
0.720646
0.720646
0.720646
0.720646
0.720646
0.720646
0.720646
0.720646
0.720646
0.720646
0.720646
0.720646
0.720646
0.720646
0.720646
0.720646
0.720646
0.720646
0.720646
0.720646
0.720646
0.720646


0.00508694
0.00509905
0.00532969
0.00532969
0.0054542
0.0055687
0.00576735
0.00594121
0.00616981
0.00625562
0.00631722
0.00651849
0.00691352
0.00764492
0.00792406
0.00839327
0.00841252
0.00902903
0.00931963
0.0102077
0.0102077
0.0102396
0.0139115
0.0144413
0.0146107
0.0148431
0.0150096
0.0160273
0.0161651
0.0204039
0.0250943
0.0275337
0.0275337
0.0281996
0.0431147
0.0433431
0.0469334
0.0533352
0.0590158
0.0594259
0.0614523
0.0678909
0.0734939
0.0760651
0.0938595
0.100814
0.102548
0.111146
0.118463
0.119716
0.129911
0.187537
0.196507
0.198584
0.220444
0.237686
0.243585
0.245911
0.291926
0.304213
0.312598
0.32687
0.329991
0.340176
0.3456
0.36869
0.369055
0.389613
0.399034
0.402723
0.412022
0.41139
0.413219
0.42003
0.432149
0.434576
0.436414
0.439413
0.439646
0.450062
0.451496
0.452993
0.457732
0.458162
0.460516
0.46146
0.46146
0.461884
0.462547
0.462794
0.464962
0.466653
0.467664
0.467821
0.46842
0.469926
0.470079
0.470987
0.470987
0.471812
0.471918
0.471765
0.472261
0.472384
0.472596
0.473301
0.473656
0.473795
0.473795
0.473901
0.473996
0.474273
0.474373
0.474395
0.474487
0.474505
0.474517
0.474548
0.474687
0.474745
0.474771
0.474829
0.475065
0.475065
0.475065
0.475071
0.475095
0.475111
0.475127
0.475141
0.475161
0.475175
0.475201
0.475216
0.475226
0.475242
0.475243
0.475248
0.475249
0.475255
0.475258
0.475259
0.475262
0.475269
0.475271
0.475272
0.475273
0.475275
0.475277
0.475278
0.475278
0.47528
0.47528
0.475283
0.475283
0.475284
0.475285
0.475285
0.475285
0.475286
0.475286
0.475286
0.475287
0.475287
0.475287
0.475287
0.475288
0.475288
0.475288
0.475288
0.475288
0.475288
0.475288
0.475289
0.475289
0.475289
0.475289
0.475289
0.475289
0.475289
0.475289
0.475289
0.475289
0.475289
0.475289
0.475289
0.475289
0.475289
0.475289
0.475289
0.475289
0.475289
0.475289
0.475289
0.475289
0.475289
0.475289
0.475289
0.475289
0.475289
0.475289
0.475289
0.475289
0.475289
0.475289
0.475289
0.475289
0.475289
0.475289
0.475289
0.475289
0.475289
0.475289
0.475289
0.475289
0.475289
0.475289
0.475289
0.475289
0.475289
0.475289
0.475289
0.475289
0.475289
0.475289
0.475289
0.475289
0.475289
0.475289
0.475289
0.475289
0.475289
0.475289
0.475289
0.475289
0.475289
0.475289
0.475289
0.475289
0.475289
0.475289
0.475289
0.475289
0.475289
0.475289
0.475289
0.475289
0.475289
0.475289
0.475289
0.475289
0.475289
0.475289
0.475289
0.475289
0.475289
0.475289
0.475289
0.475289
0.475289
0.475289
0.475289
0.475289
0.475289
0.475289
0.475289
0.475289
0.475289
0.475289
0.475289
0.475289
0.492153
0.492153
0.492153
0.492153
0.492153
0.495924
0.497875
0.497915
0.497915
0.499641
0.500762
0.521335
0.528799
0.535915
0.535915
0.535915
0.585649
0.585649
0.585649
0.585649
0.586399
0.586399
0.588784
0.588784
0.589426
0.589426
0.590772
0.591478
0.59691
0.598862
0.615098
0.615098
0.62172
0.62172
0.62172
0.62172
0.62172
0.624065
0.624065
0.62984
0.633231
0.63922
0.63922
0.641112
0.649928
0.654565
0.659356
0.666421
0.670767
0.67423
0.676367
0.678841
0.683988
0.683988
0.686454
0.686933
0.687907
0.687986
0.68851
0.689311
0.690694
0.691037
0.693083
0.694623
0.694772
0.694772
0.695216
0.695426
0.695483
0.698256
0.697504
0.699026
0.699275
0.699804
0.70032
0.700839
0.701053
0.701133
0.701926
0.704158
0.705902
0.705902
0.708196
0.710255
0.71348
0.721498
0.722003
0.723797
0.724815
0.724815
0.725948
0.726079
0.726079
0.7262
0.726246
0.726446
0.726819
0.726928
0.726957
0.726967
0.727088
0.727171
0.727171
0.727171
0.727171
0.727191
0.727241
0.727443
0.72762
0.727704
0.727829
0.728183
0.728183
0.728245
0.72888
0.72888
0.72888
0.729877
0.729877
0.729877
0.73015
0.733536
0.733536
0.733536
0.733639
0.733639
0.733639
0.733723
0.733723


0.00487782
0.00490717
0.00504602
0.00552088
0.00568872
0.00568872
0.00573186
0.00573186
0.00573325
0.00588834
0.0060532
0.00621697
0.00644052
0.00646653
0.00647109
0.00687704
0.0070742
0.00797407
0.00802181
0.00806697
0.00865392
0.00893337
0.00949074
0.0105471
0.0106677
0.0110451
0.0118235
0.012178
0.0145311
0.014859
0.014859
0.0181856
0.0183329
0.0192481
0.0194833
0.025531
0.0262867
0.031641
0.0324385
0.0326911
0.0372913
0.0375397
0.0400667
0.0532214
0.0542998
0.0568564
0.0615522
0.0633418
0.0765787
0.0807076
0.0811974
0.102431
0.106045
0.109299
0.145555
0.188822
0.190798
0.194025
0.204029
0.226892
0.23782
0.255211
0.257008
0.263903
0.333052
0.336361
0.336361
0.350253
0.357172
0.366048
0.386728
0.396909
0.398078
0.42981
0.457409
0.464417
0.473519
0.496276
0.496276
0.499815
0.527227
0.523827
0.566649
0.57674
0.577107
0.587333
0.603039
0.605533
0.613687
0.617478
0.630107
0.638114
0.655433
0.65779
0.657849
0.669796
0.672792
0.674353
0.674979
0.675338
0.6893
0.700506
0.702778
0.717275
0.728699
0.728766
0.729205
0.729267
0.733107
0.733107
0.737862
0.737898
0.739851
0.739851
0.743451
0.743827
0.748484
0.748501
0.751716
0.751716
0.753401
0.754945
0.758193
0.758193
0.758193
0.759941
0.760438
0.763628
0.763667
0.763779
0.763788
0.765324
0.765324
0.765827
0.765831
0.766024
0.766161
0.766215
0.766228
0.767023
0.767023
0.767509
0.767517
0.767546
0.767615
0.767892
0.767892
0.76791
0.76791
0.76791
0.768128
0.768401
0.768402
0.768403
0.768479
0.76848
0.768575
0.768662
0.768662
0.768662
0.768716
0.768753
0.768753
0.768777
0.768777
0.768777
0.768793
0.768793
0.768793
0.768842
0.768842
0.768842
0.768843
0.768844
0.768848
0.768871
0.768871
0.768871
0.768874
0.768874
0.768879
0.768878
0.768878
0.768879
0.768882
0.768882
0.768882
0.768886
0.768886
0.768886
0.768887
0.768892
0.768892
0.768893
0.768894
0.768894
0.768894
0.768896
0.768896
0.768896
0.768896
0.768896
0.768896
0.768896
0.768896
0.768896
0.768897
0.768897
0.768898
0.768899
0.768899
0.768899
0.768899
0.768899
0.768899
0.7689
0.7689
0.7689
0.7689
0.7689
0.7689
0.7689
0.7689
0.7689
0.7689
0.7689
0.7689
0.7689
0.7689
0.7689
0.7689
0.7689
0.7689
0.7689
0.7689
0.7689
0.7689
0.7689
0.7689
0.7689
0.768901
0.7689
0.7689
0.7689
0.768901
0.768901
0.768901
0.768901
0.768901
0.768901
0.768901
0.768901
0.768901
0.768901
0.768901
0.768901
0.768901
0.768901
0.768901
0.768901
0.768901
0.768901
0.768901
0.768901
0.768901
0.768901
0.768901
0.768901
0.768901
0.768901
0.768901
0.768901
0.768901
0.768901
0.768901
0.768901
0.768901
0.768901
0.768901
0.768901
0.768901
0.768901
0.768901
0.768901
0.768901
0.768901
0.768901
0.768901
0.768901
0.768901
0.768901
0.768901
0.768901
0.768901
0.768901
0.768901
0.768901
0.768901
0.768901
0.768901
0.768901
0.768901
0.768901
0.768901
0.768901
0.768901
0.768901
0.768901
0.768901
0.768901
0.768901
0.768901
0.768901
0.768901
0.768901
0.768901
0.768901
0.768901
0.768901
0.768901
0.768901
0.768901
0.768901
0.768901
0.768901
0.768901
0.768901
0.768901
0.768901
0.768901
0.768901
0.768901
0.768901
0.768901
0.768901
0.768901
0.768901
0.768901
0.768901
0.768901
0.768901
0.768901
0.768901
0.768901
0.768901
0.768901
0.768901
0.768901
0.768901
0.768901
0.768901
0.768901
0.768901
0.768901
0.768901
0.768901
0.768901
0.768901
0.768901
0.768901
0.768901
0.768901
0.768901
0.768901
0.768901
0.768901
0.768901
0.768901
0.768901
0.768901
0.768901
0.768901
0.768901
0.768901
0.768901
0.768901
0.768901
0.768901
0.768901
0.768901
0.768901
0.768901
0.768901
0.768901
0.768901
0.768901
0.768901
0.768901
0.768901
0.768901
0.768901
0.768901
0.768901
0.768901
0.768901
0.768901
0.768901
0.768901
0.768901
0.768901


0.0052056
0.0052123
0.00525377
0.00534059
0.00553069
0.00579224
0.00580915
0.00580915
0.00583725
0.00600507
0.00624658
0.00625867
0.00745644
0.00752621
0.00752694
0.00791514
0.00802169
0.00854468
0.00944542
0.00967393
0.0108321
0.0115497
0.0115497
0.0116605
0.0120374
0.0141356
0.0144642
0.0155751
0.0171532
0.0171532
0.020405
0.0208677
0.0250495
0.0262127
0.0298815
0.0299152
0.0325419
0.037011
0.0408377
0.0474747
0.0474747
0.0505219
0.0523232
0.0573944
0.0604324
0.0615885
0.0617697
0.0721668
0.0745143
0.0831789
0.0837706
0.0855784
0.0865819
0.0934441
0.0943151
0.110266
0.11228
0.118967
0.126503
0.127562
0.134221
0.13472
0.136883
0.138521
0.142317
0.142661
0.143945
0.146076
0.146529
0.148157
0.152475
0.15246
0.153559
0.155266
0.155465
0.155465
0.15747
0.157591
0.158812
0.160659
0.161354
0.161373
0.16159
0.1616
0.162759
0.162759
0.16278
0.16293
0.162936
0.162958
0.163048
0.163132
0.16317
0.163198
0.1632
0.1632
0.163248
0.163358
0.163386
0.165845
0.165848
0.164421
0.169224
0.174662
0.174662
0.175591
0.175591
0.179035
0.179296
0.180694
0.180697
0.180898
0.181677
0.182051
0.182053
0.18318
0.18318
0.183271
0.184028
0.184028
0.184688
0.185465
0.185466
0.185851
0.185851
0.185851
0.18597
0.18597
0.18597
0.187055
0.187643
0.18849
0.188491
0.188654
0.189052
0.189166
0.189541
0.189665
0.189665
0.189762
0.189762
0.18987
0.189936
0.189936
0.189936
0.189985
0.189985
0.190121
0.190133
0.190201
0.190273
0.190416
0.190468
0.190486
0.190486
0.190653
0.190742
0.190742
0.190742
0.190756
0.190757
0.190757
0.190757
0.190828
0.190842
0.190847
0.190871
0.190871
0.190887
0.190887
0.190904
0.190889
0.190897
0.190902
0.19092
0.190924
0.190933
0.190933
0.190933
0.190933
0.190948
0.190948
0.190948
0.190951
0.190952
0.190955
0.190955
0.190955
0.190956
0.190956
0.190958
0.19096
0.19096
0.190961
0.190961
0.190963
0.190964
0.190964
0.190965
0.190965
0.190965
0.190966
0.190966
0.190967
0.190967
0.190968
0.190968
0.190968
0.190968
0.190968
0.190968
0.190968
0.190968
0.190968
0.190969
0.190969
0.190969
0.191916
0.194729
0.201595
0.20215
0.199516
0.200254
0.206502
0.206502
0.206502
0.207433
0.207433
0.207433
0.20871
0.20871
0.209232
0.211413
0.211413
0.215442
0.228338
0.228338
0.232183
0.237872
0.237872
0.242596
0.242596
0.248671
0.248671
0.248671
0.250177
0.258439
0.258439
0.259028
0.26726
0.26726
0.26755
0.270099
0.270099
0.270833
0.272783
0.273578
0.274193
0.274193
0.27475
0.275389
0.275163
0.275163
0.275572
0.276204
0.276574
0.276783
0.277129
0.277129
0.27717
0.27717
0.277684
0.277715
0.277906
0.278004
0.27801
0.278252
0.278272
0.278336
0.278587
0.278953
0.278953
0.278953
0.278953
0.278953
0.278996
0.278999
0.278999
0.279026
0.279052
0.279055
0.279068
0.279072
0.279089
0.279089
0.27912
0.27912
0.279139
0.279139
0.279147
0.279166
0.279158
0.279158
0.279158
0.279163
0.279172
0.279176
0.279176
0.279182
0.279188
0.279188
0.279188
0.279193
0.279195
0.279195
0.279207
0.279207
0.279207
0.279211
0.279211
0.279211
0.279212
0.279212
0.279213
0.279213
0.279214
0.279216
0.279217
0.279217
0.279217
0.279217
0.279217
0.279218
0.279218
0.279218
0.279219
0.279219
0.279219
0.279219
0.279219
0.279219
0.279219
0.279219
0.279219
0.279219
0.27922
0.27922
0.27922
0.27922
0.27922
0.27922
0.27922
0.27922
0.27922
0.27922
0.27922
0.27922
0.27922
0.27922
0.27922
0.27922
0.27922
0.27922
0.27922
0.27922
0.27922
0.27922
0.27922
0.27922
0.27922
0.27922
0.27922
0.27922
0.27922
0.27922
0.27922
0.279221
0.279221
0.279221
0.279221
0.279221
0.279221
0.279221
0.279221
0.279221
0.279221
0.279221
0.279221
0.279221
0.279221
0.279221
0.279221
0.279221
0.279221
0.279221
0.279221
0.279221
0.279221
0.279221
0.279221


0.00582751
0.00585759
0.00587935
0.00599435
0.00625862
0.006598
0.006598
0.0068483
0.00710172
0.00726458
0.00778821
0.00797427
0.00836951
0.00846882
0.00871306
0.00884045
0.00902748
0.00941618
0.00971763
0.0104611
0.0122386
0.0124334
0.0125353
0.0125485
0.0125959
0.0128137
0.0150072
0.0153105
0.015525
0.0172853
0.0174892
0.0175615
0.0177807
0.0218092
0.0221927
0.0230762
0.0254142
0.0263268
0.0299467
0.0417747
0.0454448
0.0514358
0.057668
0.0674406
0.0894667
0.0894667
0.0896626
0.0963312
0.107713
0.131256
0.145419
0.159118
0.192655
0.205417
0.247351
0.258347
0.278353
0.316075
0.316075
0.325881
0.326921
0.407824
0.427355
0.427355
0.45207
0.524455
0.5662
0.574327
0.58051
0.600262
0.609355
0.678568
0.70074
0.736517
0.747024
0.763792
0.784166
0.809369
0.810048
0.824951
0.834781
0.845836
0.865761
0.899502
0.899502
0.910048
0.910418
0.928176
0.931174
0.939012
0.941613
0.946744
0.952118
0.952817
0.960835
0.963153
0.971403
0.973226
0.974904
0.978109
0.980735
0.981818
0.985247
0.986134
0.9885
0.989223
0.989321
0.990771
0.991067
0.991837
0.993449
0.994363
0.995037
0.995037
0.995372
0.996187
0.996628
0.996723
0.997023
0.99708
0.997348
0.997574
0.997736
0.997905
0.998001
0.998364
0.998531
0.998667
0.998667
0.998686
0.99887
0.998924
0.99934
0.999528
0.999579
0.999589
0.999615
0.999616
0.99966
0.999678
0.999687
0.999713
0.999718
0.999786
0.999805
0.999831
0.999851
0.999859
0.999869
0.999893
0.999927
0.999928
0.99993
0.999939
0.999943
0.999943
0.999947
0.99996
0.999961
0.999971
0.999975
0.999976
0.999976
0.999978
0.999981
0.999982
0.999986
0.999987
0.999989
0.999989
0.999993
0.999993
0.999993
0.999993
0.999995
0.999995
0.999995
0.999996
0.999996
0.999997
0.999997
0.999998
0.999998
0.999998
0.999998
0.999998
0.999998
0.999999
0.999999
0.999999
0.999999
0.999999
0.999999
0.999999
0.999999
1
1
1
1
1
1
1
1
1
1
1
1
1
1
1
1
1
1
1
1
1
1
1
1
1
1
1
1
1
1
1
1
1
1
1
1
1
1
1
1
1
1
1
1
1
1
1
1
1
1
1
1
1
1
1
1
1
1
1
1
1
1
1
1
1
1
1
1
1
1
1
1
1
1
1
1
1
1
1
1
1
1
1
1
1
1
1
1
1
1
1
1
1
1
1
1
1
1
1
1
1
1
1
1
1
1
1
1
1
1
1
1
1
1
1
1
1
1
1
1
1
1
1
1
1
1
1
1
1
1
1
1
1
1
1
1
1
1
1
1
1
1
1
1
1
1
1
1
1
1
1
1
1
1
1
1
1
1
1
1
1
1
1
1
1
1
0.999998
1
1
1
1
1
1
1
1
1
1
1
1
1
1
1
1
1
1
1
1
1
1
1
1
1
1
1
1
1
1
1
1
1
1
1
1
1
1


0.00645925
0.00649796
0.00649796
0.00654685
0.00655096
0.00670405
0.00679523
0.00758754
0.00771879
0.00775581
0.00830947
0.00848533
0.00951547
0.0097762
0.0102628
0.011021
0.0111314
0.0112995
0.0119282
0.0122398
0.0124115
0.0125391
0.012732
0.0127882
0.0139823
0.014976
0.0156069
0.0165887
0.0169188
0.0188636
0.0207392
0.0214307
0.0247371
0.0247371
0.0260964
0.0264136
0.0272137
0.0280081
0.0366322
0.0372654
0.0405286
0.0442079
0.0567718
0.0590157
0.0606451
0.0813567
0.082001
0.0821112
0.102184
0.102214
0.105813
0.117552
0.118328
0.119361
0.127386
0.136861
0.150005
0.15263
0.171594
0.172049
0.174984
0.179772
0.191123
0.202012
0.211043
0.219116
0.224118
0.239311
0.24446
0.248637
0.25647
0.259183
0.265153
0.267184
0.270285
0.272954
0.282042
0.301955
0.30489
0.39987
0.404641
0.403468
0.40516
0.407163
0.426627
0.43708
0.471437
0.479845
0.481407
0.497668
0.500167
0.500747
0.504749
0.510943
0.537607
0.537607
0.537607
0.538183
0.538183
0.547868
0.556826
0.556834
0.568651
0.576278
0.576514
0.581057
0.581148
0.583411
0.586871
0.587079
0.590967
0.59108
0.592341
0.592341
0.592511
0.598936
0.600169
0.605802
0.605802
0.605802
0.607157
0.607209
0.607677
0.607696
0.608015
0.608051
0.608051
0.608389
0.608407
0.608711
0.608895
0.608918
0.608958
0.609255
0.609352
0.60951
0.609526
0.609698
0.609713
0.61
0.61015
0.610153
0.610156
0.610157
0.610251
0.610268
0.610268
0.610338
0.610338
0.610452
0.610455
0.610597
0.610598
0.610599
0.610603
0.610674
0.610699
0.6107
0.610721
0.610753
0.610766
0.610766
0.610775
0.610777
0.610804
0.610804
0.610834
0.61084
0.610845
0.610866
0.610866
0.610866
0.610883
0.610883
0.610886
0.610887
0.610897
0.610901
0.610903
0.610903
0.610903
0.610908
0.610909
0.610909
0.610909
0.610912
0.610914
0.610914
0.610914
0.610916
0.610919
0.610919
0.610921
0.610922
0.610922
0.610923
0.610923
0.610924
0.610925
0.610925
0.610926
0.610925
0.610925
0.610927
0.610927
0.610927
0.610928
0.610928
0.610928
0.610928
0.610928
0.610928
0.610928
0.610929
0.610929
0.610929
0.61093
0.61093
0.61093
0.61093
0.61093
0.61093
0.61093
0.61093
0.61093
0.610931
0.610931
0.610931
0.610931
0.610931
0.610931
0.610931
0.610931
0.610931
0.610931
0.610931
0.610931
0.610931
0.610931
0.610931
0.610931
0.610931
0.610931
0.610931
0.610931
0.610931
0.610931
0.610931
0.610931
0.610931
0.610931
0.610931
0.610931
0.610931
0.610931
0.610931
0.610931
0.610931
0.610931
0.610931
0.610931
0.610931
0.610931
0.610931
0.610931
0.610931
0.610931
0.610931
0.610931
0.610931
0.610931
0.610931
0.610931
0.610931
0.610931
0.610931
0.610931
0.610931
0.610931
0.610931
0.610931
0.610931
0.610931
0.610931
0.610931
0.610931
0.610931
0.610931
0.610931
0.610931
0.610931
0.610931
0.610931
0.610931
0.610931
0.610931
0.610931
0.610931
0.610931
0.610931
0.610931
0.610931
0.610931
0.610931
0.610931
0.610931
0.610931
0.610931
0.610931
0.610931
0.610931
0.610931
0.610931
0.610931
0.610931
0.610931
0.610931
0.610931
0.610931
0.610931
0.610931
0.610931
0.610931
0.610931
0.610931
0.610931
0.610931
0.610931
0.610931
0.610931
0.610931
0.610931
0.610931
0.610931
0.610931
0.610931
0.610931
0.610931
0.610931
0.610931
0.610931
0.610931
0.610931
0.610931
0.610931
0.610931
0.610931
0.610931
0.610931
0.610931
0.610931
0.610931
0.610931
0.610931
0.610931
0.610931
0.610931
0.610931
0.610931
0.610931
0.610931
0.610931
0.610931
0.610931
0.610931
0.610931
0.610931
0.610931
0.610931
0.610931
0.610931
0.610931
0.610931
0.610931
0.610931
0.610931
0.610931
0.610931
0.610931
0.610931
0.610931
0.610931
0.610931
0.610931
0.610931
0.610931
0.610931
0.610931
0.610931
0.610931
0.610931
0.610931
0.610931
0.610931
0.610931
0.610931
0.610931
0.610931
0.610931
0.610931


0.00586454
0.00595956
0.00595956
0.00595956
0.00634452
0.00637636
0.00675637
0.0068201
0.0068201
0.00711322
0.00731154
0.00740669
0.00752079
0.00774094
0.00792348
0.00824293
0.00867931
0.00867979
0.00897707
0.0108082
0.0108452
0.0108452
0.0111076
0.0122443
0.0122665
0.013771
0.0137745
0.0140859
0.0152088
0.0167626
0.0177499
0.0206969
0.0209448
0.0222619
0.0238043
0.0296936
0.0296936
0.0317622
0.040384
0.0411029
0.0438151
0.0544762
0.0544762
0.0620583
0.0727322
0.0759882
0.0788401
0.0921733
0.0961633
0.0978091
0.10482
0.111075
0.113939
0.122348
0.14144
0.166346
0.166346
0.211992
0.223939
0.233077
0.234496
0.234496
0.258332
0.277481
0.292198
0.296736
0.324084
0.339987
0.344101
0.344101
0.37478
0.412963
0.412963
0.434553
0.449611
0.449611
0.469624
0.506611
0.512533
0.529668
0.529668
0.532696
0.574862
0.592332
0.600349
0.612542
0.617378
0.617378
0.632955
0.645066
0.656275
0.657638
0.65943
0.659458
0.67229
0.673957
0.673957
0.680058
0.682362
0.682744
0.685947
0.690041
0.690041
0.694748
0.699315
0.699615
0.701105
0.705722
0.707402
0.707882
0.70832
0.708383
0.711492
0.711492
0.711802
0.712045
0.714262
0.715067
0.715702
0.715891
0.716124
0.716246
0.717071
0.717071
0.717268
0.717345
0.717943
0.718262
0.718563
0.718566
0.71865
0.71933
0.719359
0.719359
0.719624
0.719647
0.719783
0.719861
0.719883
0.720079
0.72008
0.720069
0.720112
0.720133
0.720213
0.72029
0.720347
0.720347
0.720347
0.720377
0.72038
0.72044
0.720453
0.720453
0.720479
0.72051
0.72051
0.720541
0.720543
0.720549
0.720567
0.72056
0.720568
0.720587
0.720587
0.720592
0.720592
0.720607
0.720607
0.720612
0.720616
0.720616
0.720617
0.720619
0.72062
0.720622
0.720625
0.720627
0.720627
0.72063
0.720631
0.720633
0.720633
0.720635
0.720635
0.720638
0.720638
0.720639
0.720639
0.720639
0.720639
0.720639
0.720641
0.720642
0.720642
0.720643
0.720643
0.720644
0.720644
0.720644
0.720644
0.720645
0.720645
0.720645
0.720645
0.720645
0.720645
0.720645
0.720645
0.720645
0.720645
0.720645
0.720645
0.720645
0.720645
0.720645
0.720645
0.720645
0.720645
0.720646
0.720646
0.720646
0.720646
0.720646
0.720646
0.720646
0.720646
0.720646
0.720646
0.720646
0.720646
0.720646
0.720646
0.720646
0.720646
0.720646
0.720646
0.720646
0.720646
0.720646
0.720646
0.720646
0.720646
0.720646
0.720646
0.720646
0.720646
0.720646
0.720646
0.720646
0.720646
0.720646
0.720646
0.720646
0.720646
0.720646
0.720646
0.720646
0.720646
0.720646
0.720646
0.720646
0.720646
0.720646
0.720646
0.720646
0.720646
0.720646
0.720646
0.720646
0.720646
0.720646
0.720646
0.720646
0.720646
0.720646
0.720646
0.720646
0.720646
0.720646
0.720646
0.720646
0.720646
0.720646
0.720646
0.720646
0.720646
0.720646
0.720646
0.720646
0.720646
0.720646
0.720646
0.720646
0.720646
0.720646
0.720646
0.720646
0.720646
0.720646
0.720646
0.720646
0.720646
0.720646
0.720646
0.720646
0.720646
0.720646
0.720646
0.720646
0.720646
0.720646
0.720646
0.720646
0.720646
0.720646
0.720646
0.720646
0.720646
0.720646
0.720646
0.720646
0.720646
0.720646
0.720646
0.720646
0.720646
0.720646
0.720646
0.720646
0.720646
0.720646
0.720646
0.720646
0.720646
0.720646
0.720646
0.720646
0.720646
0.720646
0.720646
0.720646
0.720646
0.720646
0.720646
0.720646
0.720646
0.720646
0.720646
0.720646
0.720646
0.720646
0.720646
0.720646
0.720646
0.720646
0.720646
0.720646
0.720646
0.720646
0.720646
0.720646
0.720646
0.720646
0.720646
0.720646
0.720646
0.720646
0.720646
0.720646
0.720646
0.720646
0.720646
0.720646
0.720646
0.720646
0.720646
0.720646
0.720646
0.720646
0.720646
0.720646
0.720646
0.720646
0.720646
0.720646
0.720646
0.720646
0.720646
0.720646
0.720646
0.720646
0.720646
0.720646
0.720646
0.720646
0.720646
0.720646
0.720646
0.720646


0.00509296
0.00516583
0.00524154
0.00541208
0.00545134
0.00587344
0.0061109
0.00629132
0.00630706
0.00657846
0.00666383
0.00667175
0.00694009
0.00697985
0.00704294
0.00741837
0.00832634
0.00900475
0.00917129
0.00927708
0.00960987
0.0108003
0.0112105
0.0117841
0.0122107
0.0124861
0.0127695
0.0128541
0.01462
0.0155629
0.0160979
0.016749
0.0197109
0.0216427
0.0245044
0.0264321
0.0264321
0.0424199
0.0471882
0.0493671
0.0496961
0.0548533
0.0567709
0.0587819
0.065673
0.0746952
0.0907971
0.0913866
0.104197
0.107533
0.112838
0.115164
0.139596
0.143528
0.156495
0.157443
0.169527
0.172919
0.183311
0.185267
0.191634
0.194543
0.197759
0.202999
0.205954
0.214287
0.2223
0.235605
0.257086
0.257418
0.269561
0.271378
0.271378
0.27352
0.276211
0.277338
0.279549
0.280381
0.285633
0.286039
0.286251
0.286131
0.286379
0.292542
0.295578
0.300267
0.300267
0.300448
0.303395
0.303991
0.30551
0.305564
0.306204
0.307526
0.309644
0.311757
0.311779
0.311779
0.311987
0.31266
0.313273
0.313418
0.314877
0.315194
0.315641
0.315671
0.316061
0.316096
0.316271
0.316315
0.3164
0.31657
0.316574
0.316604
0.316626
0.316741
0.316824
0.316824
0.316827
0.316886
0.316891
0.316877
0.316996
0.317043
0.317043
0.317086
0.31709
0.317129
0.317136
0.317136
0.317136
0.317169
0.31717
0.31717
0.317171
0.317181
0.317194
0.317197
0.317204
0.317207
0.317218
0.317219
0.31722
0.317224
0.317224
0.317234
0.317234
0.317236
0.317239
0.317239
0.31724
0.31724
0.317243
0.317243
0.317244
0.317244
0.317245
0.317247
0.317249
0.31725
0.31725
0.31725
0.31725
0.31725
0.317251
0.317251
0.317251
0.317251
0.317251
0.317251
0.317251
0.317251
0.317252
0.317252
0.317252
0.317252
0.317252
0.317252
0.317252
0.317252
0.317252
0.317252
0.317252
0.317252
0.317252
0.317252
0.317252
0.317252
0.317252
0.317252
0.317252
0.317253
0.317253
0.317253
0.317253
0.317253
0.317253
0.317253
0.317253
0.317253
0.317253
0.317253
0.317253
0.317253
0.317253
0.317253
0.317253
0.317253
0.317253
0.317253
0.317253
0.317253
0.317253
0.317253
0.317253
0.317253
0.317253
0.317253
0.317253
0.317253
0.317253
0.317253
0.317253
0.317253
0.317253
0.317253
0.317253
0.317253
0.317253
0.317253
0.317253
0.317253
0.317253
0.317253
0.317253
0.317253
0.317253
0.317253
0.317253
0.317253
0.317253
0.317253
0.317253
0.317253
0.317253
0.317253
0.317253
0.317253
0.317253
0.317253
0.317253
0.317253
0.317253
0.317253
0.317253
0.317253
0.317253
0.317253
0.317253
0.317253
0.317253
0.317253
0.317253
0.317253
0.317253
0.317253
0.317253
0.317253
0.317253
0.317253
0.317253
0.317253
0.317253
0.317253
0.317253
0.317253
0.317253
0.317253
0.317253
0.317253
0.317253
0.317253
0.317253
0.317253
0.317253
0.317253
0.317253
0.317253
0.317253
0.317253
0.317253
0.317253
0.317253
0.317253
0.317253
0.317253
0.317253
0.317253
0.317253
0.317253
0.317253
0.317253
0.317253
0.317253
0.317253
0.317253
0.317253
0.317253
0.317253
0.317253
0.317253
0.317253
0.317253
0.317253
0.317253
0.317253
0.317253
0.317253
0.317253
0.317253
0.317253
0.316881
0.317253
0.317253
0.317253
0.317253
0.317253
0.317253
0.317253
0.317253
0.317253
0.317253
0.317253
0.317253
0.317253
0.317253
0.317253
0.317253
0.317253
0.317253
0.317253
0.317227
0.317253
0.317253
0.317253
0.317253
0.317253
0.317253
0.317253
0.317253
0.317253
0.317253
0.317253
0.317253
0.317253
0.317253
0.317253
0.317253
0.317253
0.317253
0.317253
0.317253
0.317253
0.317253
0.317253
0.317253
0.317253
0.317253
0.317253
0.317253
0.317253
0.317245
0.317253
0.317253
0.317253
0.317253
0.317253
0.317253
0.317253
0.317253
0.317253
0.317253
0.317253
0.317253
0.317253
0.317253
0.317253
0.317253
0.317253
0.317253
0.317253
0.317253
0.317253
0.317253
0.317253
0.317253
0.317253
0.317253
0.317253
0.317253


0.00514485
0.00519992
0.00522984
0.00529292
0.00559295
0.005664
0.00583381
0.00619459
0.00636873
0.00644926
0.00656598
0.00678094
0.00678094
0.00692028
0.0071534
0.0075131
0.0075131
0.00796984
0.00862833
0.00908048
0.00945394
0.00972215
0.0107185
0.0107185
0.0111879
0.0113482
0.0122837
0.012412
0.0127837
0.0135303
0.0143839
0.0147507
0.0160992
0.0160992
0.0187682
0.0194656
0.0200695
0.0209542
0.0246683
0.031153
0.03188
0.0347957
0.0376864
0.04237
0.0502125
0.0502125
0.053449
0.064267
0.068011
0.0805901
0.0855989
0.0855989
0.0952781
0.104775
0.104775
0.110463
0.110794
0.119785
0.122945
0.12301
0.133078
0.152331
0.152331
0.160502
0.163287
0.167476
0.167476
0.183193
0.227006
0.234505
0.234505
0.266616
0.27534
0.277441
0.277441
0.296769
0.298092
0.307815
0.308372
0.308914
0.309029
0.309032
0.334654
0.334654
0.336714
0.358707
0.363724
0.364382
0.37962
0.388944
0.391475
0.383872
0.390044
0.408546
0.423326
0.429397
0.436875
0.44179
0.444834
0.451096
0.456479
0.462043
0.462164
0.478081
0.490788
0.495873
0.497023
0.499319
0.512434
0.512434
0.512434
0.513333
0.516083
0.517027
0.517639
0.518776
0.519962
0.520254
0.522965
0.525968
0.527551
0.527906
0.528084
0.528404
0.532667
0.532822
0.53288
0.532885
0.533676
0.535235
0.535235
0.535406
0.535406
0.535732
0.53575
0.535769
0.536163
0.536233
0.536339
0.536457
0.536523
0.536577
0.536732
0.536832
0.536951
0.536951
0.537001
0.537116
0.537116
0.537128
0.537159
0.53721
0.537251
0.537349
0.53744
0.537449
0.537467
0.537484
0.537516
0.537546
0.537595
0.537603
0.537607
0.53763
0.537661
0.537671
0.537678
0.537678
0.537711
0.537711
0.537722
0.537725
0.537736
0.537743
0.537753
0.537754
0.537757
0.53776
0.537761
0.537769
0.537771
0.537772
0.537772
0.537774
0.537778
0.537779
0.537783
0.537783
0.537784
0.537787
0.537791
0.53779
0.537791
0.537791
0.537792
0.537792
0.537793
0.537793
0.537794
0.537794
0.537794
0.537795
0.537797
0.537797
0.537797
0.537798
0.537798
0.537799
0.537799
0.537799
0.537799
0.5378
0.5378
0.5378
0.5378
0.5378
0.5378
0.5378
0.5378
0.5378
0.5378
0.5378
0.537801
0.537801
0.537801
0.537801
0.537801
0.537801
0.537801
0.537801
0.537801
0.537801
0.537801
0.537801
0.537801
0.537801
0.537801
0.537801
0.537801
0.537801
0.537801
0.537801
0.537801
0.537801
0.537801
0.537801
0.537801
0.537801
0.537801
0.537801
0.537801
0.537801
0.537801
0.537801
0.537801
0.537801
0.537801
0.537801
0.537801
0.537801
0.537801
0.537801
0.537801
0.537801
0.537801
0.537801
0.537801
0.537801
0.537801
0.537801
0.537801
0.537801
0.537801
0.537801
0.537801
0.537801
0.537801
0.537801
0.537801
0.537801
0.537801
0.537801
0.537801
0.537801
0.537801
0.537801
0.537801
0.537801
0.537801
0.537801
0.537801
0.537801
0.537801
0.537801
0.537801
0.537801
0.537801
0.537801
0.537801
0.537801
0.537801
0.537801
0.537801
0.537801
0.537801
0.537801
0.537801
0.537801
0.537801
0.537801
0.537801
0.537801
0.537801
0.537801
0.537801
0.537801
0.537801
0.537801
0.537801
0.537801
0.537801
0.537801
0.537801
0.537801
0.537801
0.537801
0.537801
0.537801
0.537801
0.537801
0.537801
0.537801
0.537801
0.537801
0.537801
0.537801
0.537801
0.537801
0.537801
0.537801
0.537801
0.537801
0.537801
0.537801
0.537801
0.537801
0.537801
0.537801
0.537801
0.537801
0.537801
0.537801
0.537801
0.537801
0.537801
0.537801
0.537801
0.537801
0.537801
0.537801
0.537801
0.537801
0.537801
0.537801
0.537801
0.537801
0.537801
0.537801
0.537801
0.537801
0.537801
0.537801
0.537801
0.537801
0.537801
0.537801
0.537801
0.537801
0.537801
0.537801
0.537801
0.537801
0.537801
0.537801
0.537801
0.537801
0.537801
0.537801
0.537801
0.537801
0.537801
0.537801
0.537801
0.537801
0.537801
0.537801
0.537801
0.537801
0.537801
0.537801


0.00519169
0.00540354
0.00547157
0.00547157
0.00562507
0.00562507
0.0057569
0.00581881
0.00592127
0.00602346
0.00640768
0.00649087
0.0065941
0.00688764
0.0074252
0.00775313
0.00836019
0.00836019
0.00857896
0.00864352
0.00919507
0.00929638
0.0102469
0.0103843
0.0105159
0.0109029
0.0112468
0.0120108
0.0161281
0.0213837
0.0214392
0.0210143
0.0210979
0.0215193
0.0289595
0.0289595
0.0343747
0.0412903
0.042978
0.0476818
0.0485153
0.0545612
0.0605222
0.0605222
0.0725837
0.0728287
0.0793374
0.0990423
0.122813
0.141513
0.144187
0.164896
0.166418
0.172233
0.172233
0.178055
0.200485
0.221049
0.24016
0.24675
0.269956
0.288388
0.288388
0.299342
0.316113
0.326207
0.342975
0.371776
0.377905
0.380356
0.410621
0.421673
0.42613
0.435641
0.450552
0.465806
0.465806
0.478413
0.480066
0.482326
0.488603
0.512451
0.513247
0.519286
0.519921
0.52021
0.528462
0.530157
0.530894
0.534942
0.535794
0.538024
0.539469
0.540428
0.540926
0.544007
0.547219
0.54973
0.549805
0.550118
0.551193
0.551304
0.552952
0.553013
0.553113
0.553113
0.553257
0.553257
0.553947
0.554471
0.555071
0.555048
0.555098
0.555506
0.556014
0.556026
0.556153
0.556461
0.556461
0.556676
0.556762
0.556601
0.55679
0.556948
0.556966
0.556979
0.556979
0.557065
0.557075
0.557078
0.557101
0.557113
0.557168
0.557171
0.557173
0.557177
0.5572
0.557209
0.55721
0.557211
0.557222
0.557225
0.557228
0.55723
0.557233
0.557233
0.557236
0.557239
0.557242
0.557243
0.557244
0.557246
0.557252
0.557255
0.557256
0.557256
0.557258
0.557258
0.55726
0.557262
0.557262
0.557263
0.557264
0.557265
0.557265
0.557265
0.557267
0.557267
0.557267
0.557268
0.557268
0.557269
0.557269
0.557269
0.557269
0.55727
0.55727
0.55727
0.55727
0.557271
0.557271
0.557271
0.557271
0.557271
0.557271
0.557271
0.557271
0.557271
0.557271
0.557271
0.557271
0.557271
0.557271
0.557271
0.557271
0.557272
0.557272
0.557272
0.557272
0.557272
0.557272
0.557272
0.557272
0.557272
0.557272
0.557272
0.557272
0.557272
0.557272
0.557272
0.557272
0.557272
0.557272
0.557272
0.557272
0.557272
0.557272
0.557272
0.557272
0.557272
0.557272
0.557272
0.557272
0.557272
0.557272
0.557272
0.557272
0.557272
0.557272
0.557272
0.557272
0.557272
0.557272
0.557272
0.557272
0.557272
0.557272
0.557272
0.557272
0.557272
0.557272
0.557272
0.557272
0.557272
0.557272
0.557272
0.557272
0.557272
0.557272
0.557272
0.557272
0.557272
0.557272
0.557272
0.557272
0.557272
0.557272
0.557272
0.557272
0.557272
0.557272
0.557272
0.557272
0.557272
0.557272
0.557272
0.557272
0.557272
0.557272
0.557272
0.557272
0.557272
0.557272
0.557272
0.557272
0.557272
0.557272
0.557272
0.557272
0.557272
0.557272
0.557272
0.557272
0.557272
0.557272
0.557272
0.557272
0.557272
0.557272
0.557272
0.557272
0.557272
0.557272
0.557272
0.557272
0.557272
0.557272
0.557272
0.557272
0.557272
0.557272
0.557272
0.557272
0.557272
0.557272
0.557272
0.557272
0.557272
0.557272
0.557272
0.557272
0.557272
0.557272
0.557272
0.557272
0.557272
0.557272
0.557272
0.557272
0.557272
0.557272
0.557272
0.557272
0.557272
0.557272
0.557272
0.557272
0.557272
0.557272
0.557272
0.557272
0.557272
0.557272
0.557272
0.557272
0.557272
0.557272
0.557272
0.557272
0.557272
0.557272
0.557272
0.557272
0.557272
0.557272
0.557272
0.557272
0.557272
0.557272
0.557272
0.557272
0.557272
0.557272
0.557272
0.557272
0.557272
0.557272
0.557272
0.557272
0.557272
0.557272
0.557272
0.557272
0.557272
0.557272
0.557272
0.557272
0.557272
0.557272
0.557272
0.557272
0.557272
0.557272
0.557272
0.557272
0.557272
0.557272
0.557272
0.557272
0.557272
0.557272
0.557272
0.557272
0.562554
0.564353
0.564787
0.56491
0.571186
0.597176
0.597176
0.601379
0.604553
0.605066
0.619066
0.6336
0.634879
0.637146
0.639383
0.639792
0.639873


0.00565806
0.00589506
0.00589506
0.00595555
0.00595555
0.00624667
0.00629863
0.00641713
0.00691866
0.00709852
0.00710193
0.00730291
0.00765986
0.00798733
0.00832729
0.00835072
0.00870801
0.00899795
0.00988865
0.0103979
0.0110475
0.0113512
0.0126731
0.0129951
0.0131774
0.0135987
0.0142828
0.0148189
0.0152166
0.0156996
0.0160216
0.0193978
0.0199434
0.0214717
0.0237649
0.0269542
0.0281003
0.0321495
0.034395
0.0393783
0.0393783
0.0438558
0.0466355
0.0494577
0.0594375
0.0614146
0.0658174
0.0692422
0.0825983
0.0840313
0.0933829
0.101106
0.104227
0.104964
0.110464
0.11659
0.119775
0.125411
0.136651
0.150785
0.1655
0.16876
0.183698
0.204779
0.205095
0.20858
0.216172
0.223897
0.226339
0.236969
0.241614
0.233226
0.240922
0.249522
0.253147
0.254068
0.255478
0.2624
0.277275
0.295775
0.298966
0.337005
0.337297
0.340783
0.357494
0.364313
0.373888
0.377473
0.377473
0.396904
0.400751
0.418844
0.420064
0.420064
0.462685
0.468575
0.484744
0.48698
0.488545
0.489961
0.499603
0.482677
0.487432
0.487794
0.48791
0.495148
0.502543
0.507533
0.507767
0.522962
0.522962
0.523476
0.523476
0.528503
0.528988
0.540079
0.540079
0.542839
0.542951
0.543176
0.547567
0.546552
0.548459
0.548609
0.549808
0.551142
0.552112
0.554886
0.554915
0.554927
0.555223
0.558329
0.558329
0.558572
0.559528
0.559528
0.559528
0.560116
0.560942
0.561473
0.561494
0.561506
0.561807
0.561807
0.562232
0.562396
0.5628
0.5628
0.562845
0.563014
0.56305
0.563075
0.563096
0.563552
0.563556
0.56357
0.563643
0.563826
0.56393
0.564031
0.564031
0.563995
0.564022
0.564022
0.564069
0.564099
0.564102
0.564103
0.564125
0.564189
0.564209
0.564208
0.564208
0.564227
0.564227
0.564232
0.564234
0.564247
0.564247
0.564271
0.564271
0.564275
0.56428
0.568579
0.592206
0.592214
0.60865
0.60865
0.612054
0.633
0.636786
0.64436
0.647076
0.650924
0.652658
0.657525
0.668704
0.670853
0.676687
0.691415
0.696372
0.696375
0.697202
0.703372
0.703373
0.706881
0.715896
0.724994
0.734129
0.734129
0.734129
0.749372
0.750584
0.750584
0.754678
0.754679
0.754679
0.756338
0.758446
0.760265
0.760266
0.762644
0.762644
0.765743
0.767504
0.768787
0.768925
0.768925
0.773087
0.774457
0.774458
0.776104
0.777986
0.781813
0.781813
0.782178
0.782316
0.784441
0.784482
0.78478
0.78478
0.78478
0.78478
0.785349
0.785483
0.786211
0.786298
0.787305
0.787305
0.787451
0.787543
0.787938
0.787938
0.788697
0.788697
0.78873
0.78873
0.788913
0.788913
0.789277
0.789427
0.789695
0.789695
0.789911
0.790254
0.790254
0.790254
0.790254
0.790322
0.790322
0.790322
0.790322
0.790322
0.790332
0.790399
0.790399
0.790438
0.790438
0.790438
0.790524
0.790524
0.790577
0.790583
0.790583
0.79059
0.790619
0.790622
0.790622
0.790643
0.790643
0.790655
0.790653
0.790668
0.790668
0.790669
0.790669
0.790669
0.790678
0.790678
0.790679
0.790679
0.79068
0.790683
0.790685
0.790687
0.790691
0.790691
0.790693
0.790693
0.790693
0.790693
0.790694
0.790696
0.790696
0.790696
0.790696
0.790696
0.790702
0.790704
0.790704
0.790705
0.790707
0.790707
0.790707
0.790707
0.790708
0.790708
0.790708
0.790709
0.79071
0.79071
0.79071
0.79071
0.79071
0.79071
0.79071
0.790711
0.790711
0.790711
0.790711
0.790711
0.790711
0.790711
0.790711
0.790711
0.790711
0.790712
0.790712
0.790712
0.790712
0.790712
0.790712
0.790712
0.790712
0.790712
0.790712
0.790712
0.790712
0.790712
0.790712
0.790712
0.790712
0.790713
0.790713
0.790713
0.790713
0.790713
0.790713
0.790713
0.790713
0.790713
0.795814
0.797284
0.797284
0.79785
0.817425
0.823343
0.828386
0.830964
0.831181
0.831181
0.831705
0.837731
0.841241
0.848972
0.848972
0.848972
0.848972
0.848972
0.848972
0.848972
0.850331
0.852917
0.854264
0.854319
0.854572
0.854572
0.855464
0.858195
0.858195


0.00629113
0.00643864
0.00649451
0.00670278
0.00684098
0.00694038
0.00725845
0.00737193
0.007723
0.007723
0.00803203
0.00826515
0.00886077
0.00902228
0.00927909
0.0097963
0.0101654
0.0115513
0.0115728
0.0117819
0.0122346
0.0130881
0.0140494
0.014229
0.0168724
0.0182047
0.0183817
0.0203288
0.0210738
0.0216273
0.0227664
0.0241346
0.0321575
0.0333648
0.0333648
0.0345714
0.0371104
0.0472327
0.0510614
0.0524557
0.0599923
0.0534186
0.0681284
0.0689701
0.0827746
0.088187
0.0924722
0.113855
0.116573
0.125925
0.144682
0.145171
0.153183
0.176984
0.200202
0.200202
0.210085
0.21847
0.264933
0.264933
0.266603
0.281219
0.287948
0.309835
0.383933
0.383933
0.410923
0.464468
0.478723
0.572816
0.616812
0.64083
0.650477
0.669083
0.669083
0.705845
0.725102
0.736077
0.740074
0.776356
0.779303
0.785382
0.796448
0.809981
0.821049
0.837474
0.838784
0.846479
0.859221
0.873556
0.890723
0.884611
0.887329
0.924827
0.932562
0.940219
0.944707
0.94703
0.961922
0.968727
0.969499
0.968135
0.969394
0.97339
0.976067
0.976787
0.9793
0.9793
0.984014
0.984593
0.986749
0.986611
0.989362
0.989635
0.989753
0.991391
0.991667
0.991667
0.991667
0.994536
0.994677
0.995275
0.995275
0.997098
0.997098
0.997162
0.997954
0.997954
0.997954
0.99812
0.998593
0.998628
0.998827
0.998859
0.998899
0.999061
0.999177
0.999192
0.999347
0.999372
0.999372
0.999414
0.999604
0.999604
0.999606
0.999678
0.999711
0.999714
0.999727
0.999771
0.999827
0.999848
0.999875
0.999875
0.999904
0.999904
0.999913
0.999918
0.999921
0.999923
0.999937
0.99994
0.999943
0.999963
0.999969
0.999969
0.99997
0.999973
0.999977
0.99998
0.99998
0.999984
0.999986
0.999988
0.99999
0.99999
0.999991
0.999991
0.999992
0.999992
0.999992
0.999992
0.999993
0.999993
0.999994
0.999994
0.999995
0.999995
0.999996
0.999997
0.999997
0.999998
0.999998
0.999998
0.999998
0.999998
0.999998
0.999999
0.999999
0.999999
0.999999
0.999999
0.999999
0.999999
0.999999
0.999999
0.999999
1
1
1
1
1
1
1
1
1
1
1
1
1
1
1
1
1
1
1
1
1
1
1
1
1
1
1
1
1
1
1
1
1
1
1
1
1
1
1
1
1
1
1
1
1
1
1
1
1
1
1
1
1
1
1
1
1
1
1
1
1
1
1
1
1
1
1
1
1
1
1
1
1
1
1
1
1
1
1
1
1
1
1
1
1
1
1
1
1
1
1
1
1
1
1
1
1
1
1
1
1
1
1
1
1
1
1
1
1
1
1
1
1
1
1
1
1
1
1
1
1
1
1
1
0.999938
1
1
1
1
1
1
1
1
1
1
1
1
1
1
1
1
1
1
1
1
1
1
1
1
1
1
1
1
1
1
1
1
1
1
1
1
1
1
1
1
1
1
1
1
1
1
1
1
1
1
1
1
1
1
1
1
1
1
1
1
1
1
1
1
1
1
1
1


