0.00826286
0.00836456
0.00861844
0.00880086
0.00883182
0.00901351
0.00923123
0.00937248
0.00962716
0.0101055
0.0104418
0.0107619
0.0112269
0.0112269
0.0119835
0.0122273
0.0126976
0.0133369
0.013392
0.0144932
0.0147874
0.0161561
0.017545
0.0183542
0.019184
0.0194259
0.0221502
0.0221502
0.0228081
0.025306
0.0277087
0.0307279
0.0321302
0.0321593
0.0392792
0.0434506
0.0496082
0.0518625
0.053737
0.0595965
0.076888
0.0846756
0.0943374
0.0955252
0.123342
0.125984
0.140969
0.174628
0.181685
0.196943
0.196943
0.197645
0.237289
0.255105
0.260714
0.270313
0.290949
0.328463
0.336587
0.336697
0.360979
0.360979
0.386655
0.388634
0.404858
0.405736
0.446779
0.446779
0.454343
0.454343
0.477374
0.474393
0.505266
0.515268
0.528015
0.541524
0.544755
0.546923
0.549053
0.549925
0.55963
0.561229
0.562459
0.564346
0.568995
0.576062
0.576259
0.578841
0.578917
0.579658
0.581918
0.583788
0.583904
0.586931
0.587052
0.587079
0.587477
0.588716
0.589656
0.589656
0.590459
0.592275
0.592435
0.592768
0.59279
0.593231
0.593777
0.595818
0.595832
0.595845
0.595845
0.596141
0.596329
0.596732
0.597352
0.597359
0.597363
0.59751
0.597517
0.597537
0.597926
0.597923
0.597944
0.598044
0.59807
0.598243
0.598243
0.598279
0.598289
0.598384
0.598415
0.598495
0.598529
0.598554
0.598588
0.598649
0.59865
0.598688
0.5987
0.598701
0.598737
0.598738
0.598738
0.598754
0.598754
0.598758
0.598759
0.598764
0.598764
0.598764
0.598766
0.598776
0.598776
0.598777
0.598778
0.598778
0.598778
0.598784
0.598784
0.598784
0.598787
0.598787
0.598787
0.598793
0.598793
0.598794
0.598794
0.598794
0.598795
0.598796
0.598796
0.598797
0.598797
0.598797
0.598797
0.598797
0.598799
0.598799
0.598799
0.598799
0.598799
0.5988
0.5988
0.5988
0.5988
0.5988
0.598801
0.598801
0.598801
0.598801
0.598801
0.598801
0.598801
0.598801
0.598801
0.598801
0.598801
0.598801
0.598801
0.598801
0.598801
0.598801
0.598801
0.598801
0.598801
0.598801
0.598802
0.598802
0.598802
0.598802
0.598802
0.598802
0.598802
0.598802
0.598802
0.598802
0.598802
0.598802
0.598802
0.598802
0.598802
0.598802
0.598802
0.598802
0.598802
0.598802
0.598802
0.598802
0.598802
0.598802
0.598802
0.598802
0.598802
0.598802
0.598802
0.598802
0.598802
0.598802
0.598802
0.598802
0.598802
0.598802
0.598802
0.598802
0.598802
0.598802
0.598802
0.598802
0.598802
0.598802
0.598802
0.598802
0.598802
0.598802
0.598802
0.598802
0.598802
0.598802
0.598802
0.598802
0.598802
0.598802
0.598802
0.598802
0.598802
0.598802
0.598802
0.598802
0.598802
0.598802
0.598802
0.598802
0.598802
0.598802
0.598802
0.598802
0.598802
0.598802
0.618363
0.618363
0.627267
0.62889
0.64444
0.64444
0.64444
0.64444
0.649989
0.660858
0.660858
0.660858
0.664906
0.665307
0.667357
0.66851
0.67004
0.670463
0.670486
0.670591
0.670591
0.670591
0.670708
0.670708
0.670871
0.670871
0.670871
0.671736
0.672386
0.67302
0.673724
0.674109
0.674491
0.674595
0.674717
0.674747
0.675037
0.675037
0.675037
0.675459
0.675459
0.675491
0.675491
0.675463
0.675718
0.675755
0.676683
0.676845
0.676845
0.676845
0.677668
0.677986
0.678526
0.678791
0.68019
0.681363
0.686905
0.688454
0.693123
0.698395
0.699796
0.707831
0.711041
0.72873
0.73178
0.734593
0.739604
0.751299
0.764501
0.792036
0.792036
0.792036
0.792036
0.814042
0.855949
0.862013
0.862013
0.8627
0.865456
0.866946
0.873372
0.873568
0.885642
0.879663
0.898809
0.916729
0.916908
0.921642
0.926685
0.927414
0.929139
0.939345
0.940222
0.940476
0.942364
0.942374
0.943013
0.944277
0.945179
0.946093
0.946963
0.947118
0.947118
0.94818
0.949862
0.950413
0.951138
0.951561
0.952052
0.952449
0.953839
0.953992
0.957569
0.959274
0.960985
0.961253
0.962347
0.962449
0.963276
0.963452
0.963746
0.963954


0.00905803
0.00929486
0.0092978
0.00943664
0.00973921
0.0100083
0.01041
0.0104449
0.0105845
0.011418
0.0116512
0.0120216
0.0134435
0.0135343
0.0155145
0.0160306
0.0167294
0.0168184
0.0177113
0.0185958
0.0188949
0.0196685
0.0206486
0.0211966
0.0224243
0.023575
0.0237135
0.0240592
0.0280591
0.0314153
0.0317503
0.0365302
0.0365336
0.0365336
0.0369993
0.0543822
0.0555264
0.0578198
0.0614052
0.0637091
0.0682029
0.0706497
0.0726072
0.0740997
0.0871481
0.0881594
0.100972
0.103361
0.136017
0.136017
0.136418
0.142426
0.146571
0.158194
0.16129
0.16827
0.173084
0.183042
0.186125
0.193231
0.206124
0.207185
0.248536
0.252357
0.256133
0.256784
0.266882
0.287052
0.292665
0.308234
0.310182
0.312081
0.318178
0.343071
0.415881
0.417155
0.429092
0.429092
0.439298
0.451083
0.455951
0.476874
0.476874
0.497054
0.499134
0.499232
0.514738
0.527128
0.527128
0.527678
0.548314
0.548314
0.595459
0.595459
0.59786
0.59786
0.601767
0.606646
0.611024
0.611615
0.612566
0.61689
0.618963
0.62351
0.626288
0.626306
0.626308
0.626834
0.628367
0.628383
0.628491
0.629985
0.632379
0.633816
0.633819
0.634147
0.635346
0.636256
0.636261
0.636447
0.63687
0.636976
0.637441
0.637692
0.637692
0.637902
0.637904
0.638102
0.638118
0.638155
0.638471
0.638472
0.638663
0.638769
0.638769
0.638769
0.638769
0.638795
0.638861
0.638941
0.638947
0.638959
0.638968
0.638989
0.638991
0.639011
0.639031
0.639049
0.639052
0.639068
0.639075
0.639073
0.639076
0.6391
0.6391
0.6391
0.639104
0.639115
0.639115
0.639125
0.639132
0.639138
0.639139
0.639141
0.639142
0.63915
0.63915
0.63915
0.63915
0.639152
0.639152
0.639156
0.639156
0.639157
0.639157
0.639157
0.639158
0.639158
0.639158
0.639158
0.639158
0.639159
0.63916
0.63916
0.639161
0.639161
0.639161
0.639161
0.639161
0.639162
0.639162
0.639162
0.639162
0.639162
0.639162
0.639162
0.639162
0.639162
0.639162
0.639162
0.639162
0.639162
0.639162
0.639162
0.639162
0.639162
0.639162
0.639162
0.639162
0.639162
0.639162
0.639162
0.639162
0.639162
0.639162
0.639162
0.639162
0.639162
0.639162
0.639162
0.639162
0.639162
0.639162
0.639162
0.639162
0.639162
0.639162
0.639162
0.639162
0.639162
0.639162
0.639162
0.639162
0.639162
0.639162
0.639162
0.639162
0.639162
0.639162
0.639162
0.639162
0.639162
0.639162
0.639162
0.639162
0.639162
0.639162
0.639162
0.639162
0.639162
0.639162
0.639162
0.639162
0.639162
0.639162
0.639162
0.639162
0.639162
0.639162
0.639162
0.639162
0.639162
0.639162
0.639162
0.639162
0.639162
0.639162
0.639162
0.639162
0.639162
0.639162
0.639162
0.639162
0.639162
0.639162
0.639162
0.639162
0.639162
0.639162
0.639162
0.639162
0.639162
0.639162
0.639162
0.639162
0.639162
0.639162
0.639162
0.639162
0.639162
0.639162
0.639162
0.639162
0.639162
0.639162
0.639162
0.639162
0.639162
0.639162
0.639162
0.639162
0.639162
0.639162
0.639162
0.639162
0.639162
0.639162
0.639162
0.639162
0.639162
0.639162
0.639162
0.639162
0.639162
0.639162
0.639162
0.639162
0.639162
0.639162
0.639162
0.639162
0.639162
0.639162
0.639162
0.639162
0.639162
0.639162
0.639162
0.639162
0.639162
0.639162
0.63913
0.639162
0.639162
0.639162
0.639162
0.639162
0.639162
0.639162
0.639162
0.639162
0.639162
0.639162
0.639162
0.639162
0.639162
0.639162
0.639162
0.639162
0.639162
0.639162
0.639162
0.639162
0.639162
0.639162
0.639162
0.639162
0.639162
0.639162
0.639162
0.639162
0.639162
0.639162
0.639162
0.639162
0.639162
0.639162
0.639162
0.639162
0.639162
0.639162
0.639162
0.639162
0.639162
0.639162
0.639162
0.639162
0.639162
0.639162
0.639162
0.639162
0.639162
0.639162
0.639162
0.639162
0.639162
0.639162
0.639162
0.639162
0.639162
0.639162
0.639162
0.639162
0.639162
0.639162
0.639162
0.639162
0.639162
0.639162
0.639162


0.0139287
0.0140773
0.0140773
0.0143291
0.0146685
0.0148287
0.0149739
0.0152958
0.0160632
0.0166618
0.0170232
0.0170251
0.0184132
0.0186443
0.0192314
0.0193598
0.0207786
0.0207786
0.0210778
0.0221626
0.0225233
0.0228915
0.0238355
0.0246868
0.0264904
0.0273449
0.0273449
0.0278622
0.0299021
0.0320238
0.043149
0.0432614
0.0440438
0.0473928
0.0478633
0.0547466
0.06411
0.0705587
0.0928177
0.135245
0.135352
0.144014
0.147697
0.153425
0.179105
0.179105
0.186792
0.220733
0.254982
0.28177
0.29072
0.296345
0.30422
0.304288
0.345815
0.357553
0.357553
0.357553
0.359751
0.367114
0.377856
0.381768
0.413987
0.427091
0.436739
0.436739
0.440659
0.445947
0.451227
0.458008
0.458656
0.457425
0.458466
0.4644
0.478239
0.484656
0.487339
0.488945
0.489404
0.491536
0.493232
0.496042
0.496042
0.496042
0.49754
0.497997
0.498179
0.498179
0.498768
0.499472
0.499973
0.499973
0.500728
0.500914
0.501379
0.501854
0.509033
0.509193
0.509351
0.518541
0.51861
0.523196
0.541372
0.5496
0.552267
0.552289
0.564404
0.564433
0.56675
0.574241
0.574427
0.574427
0.578836
0.581891
0.58521
0.587858
0.588447
0.590259
0.593209
0.599053
0.599137
0.599332
0.600117
0.600722
0.600807
0.601019
0.601019
0.601358
0.602078
0.602188
0.602362
0.603103
0.603157
0.603346
0.603842
0.604243
0.604255
0.604918
0.605325
0.605417
0.605485
0.605822
0.605921
0.605921
0.605943
0.606138
0.606186
0.606249
0.60627
0.60633
0.606451
0.606451
0.606454
0.606469
0.606484
0.606527
0.606539
0.606573
0.606573
0.606586
0.60663
0.60664
0.606687
0.606687
0.606687
0.606714
0.606721
0.606724
0.606748
0.606757
0.606772
0.606769
0.606769
0.6068
0.606811
0.606813
0.606814
0.606835
0.606835
0.606845
0.606845
0.606848
0.606849
0.60686
0.606861
0.606864
0.606869
0.606869
0.60687
0.606871
0.606871
0.606874
0.60688
0.606881
0.606881
0.606883
0.606884
0.606884
0.606887
0.606888
0.606889
0.606889
0.606889
0.606891
0.606892
0.606892
0.606893
0.606893
0.606894
0.606895
0.606895
0.606895
0.606895
0.606895
0.606895
0.606896
0.606896
0.606896
0.606897
0.606897
0.606897
0.606897
0.606897
0.606897
0.606897
0.606897
0.606897
0.606897
0.606897
0.606897
0.606898
0.606897
0.606897
0.606898
0.606898
0.606898
0.606898
0.606898
0.606898
0.606898
0.606898
0.606898
0.606898
0.606898
0.606898
0.606898
0.606898
0.606898
0.606898
0.606898
0.606898
0.606898
0.606898
0.606898
0.606898
0.606898
0.606898
0.606898
0.606898
0.606898
0.606898
0.606898
0.606898
0.606898
0.606898
0.606898
0.606898
0.606898
0.617292
0.617292
0.617292
0.623259
0.623259
0.623704
0.623704
0.623704
0.636051
0.636051
0.638637
0.638637
0.639687
0.638545
0.639406
0.646785
0.650923
0.653018
0.653018
0.666872
0.666872
0.67052
0.671635
0.671635
0.672371
0.67271
0.673008
0.674348
0.675352
0.675352
0.675793
0.676697
0.67789
0.678668
0.679954
0.680306
0.680306
0.680306
0.680486
0.681111
0.681429
0.681429
0.681969
0.681969
0.682411
0.683021
0.683021
0.683021
0.683021
0.683038
0.68312
0.68312
0.683154
0.683154
0.683205
0.683234
0.683234
0.683268
0.683281
0.6833
0.6833
0.683303
0.683303
0.683287
0.683302
0.683333
0.683333
0.683346
0.683356
0.683358
0.683389
0.683396
0.683399
0.683402
0.68341
0.68341
0.683416
0.683416
0.683417
0.683417
0.683417
0.683417
0.683419
0.68342
0.683421
0.683422
0.683427
0.68343
0.683431
0.683431
0.683431
0.683432
0.683433
0.683433
0.683433
0.683434
0.683434
0.683435
0.683435
0.683436
0.683436
0.683436
0.683436
0.683436
0.683436
0.683437
0.683437
0.683437
0.683437
0.683437
0.683437
0.683437
0.683438
0.683438
0.683438
0.683438
0.683438
0.683438
0.683438
0.683438
0.683438
0.683438
0.683438
0.683438
0.683438
0.683438
0.683438
0.683438
0.683438
0.683438
0.683438
0.683438


0.0192441
0.0194725
0.0200997
0.0204572
0.0207995
0.0215272
0.0216576
0.0220895
0.0235692
0.0243793
0.0243793
0.02536
0.0264039
0.0265233
0.0265235
0.0271968
0.0274094
0.0283555
0.0302954
0.0307965
0.0364256
0.0364256
0.0384392
0.0411907
0.0414997
0.0415917
0.0431877
0.0471853
0.0484417
0.0538782
0.0550936
0.0542773
0.0583701
0.0603705
0.0605194
0.0605194
0.0700121
0.0909018
0.0979092
0.117633
0.118783
0.15468
0.158474
0.199022
0.199242
0.215343
0.229164
0.234243
0.2454
0.273573
0.294865
0.336911
0.347332
0.349763
0.389585
0.426398
0.463718
0.463718
0.502175
0.515171
0.515171
0.529061
0.547458
0.603289
0.60971
0.620915
0.634681
0.659006
0.679991
0.70827
0.717991
0.732344
0.753261
0.76962
0.774743
0.792462
0.822237
0.864044
0.86437
0.900276
0.908425
0.908425
0.920896
0.927932
0.95258
0.956012
0.956012
0.958161
0.963096
0.966939
0.967596
0.971377
0.973169
0.974909
0.976163
0.977444
0.982704
0.982709
0.983423
0.983444
0.986899
0.988822
0.991178
0.992024
0.993009
0.993384
0.994109
0.994427
0.995825
0.996519
0.996553
0.996798
0.997479
0.997633
0.99778
0.99778
0.997864
0.998104
0.998428
0.998448
0.998725
0.998977
0.998995
0.998995
0.999173
0.999187
0.999222
0.999267
0.999326
0.999447
0.999483
0.999461
0.999598
0.999616
0.999663
0.999664
0.999693
0.999715
0.999733
0.999747
0.999765
0.999774
0.999798
0.999803
0.999819
0.999848
0.999852
0.999852
0.999853
0.999853
0.999866
0.999872
0.999885
0.999894
0.999896
0.999899
0.999901
0.999901
0.999902
0.999904
0.999907
0.999909
0.99991
0.99991
0.99991
0.999911
0.999912
0.999912
0.999912
0.999913
0.999914
0.999914
0.999914
0.999914
0.999914
0.999915
0.999915
0.999915
0.999915
0.999915
0.999915
0.999916
0.999916
0.999916
0.999916
0.999916
0.999916
0.999916
0.999916
0.999916
0.999916
0.999916
0.999916
0.999916
0.999916
0.999916
0.999916
0.999916
0.999916
0.999916
0.999916
0.999916
0.999916
0.999916
0.999916
0.999916
0.999916
0.999916
0.999916
0.999916
0.999916
0.999916
0.999916
0.999916
0.999916
0.999916
0.999916
0.999916
0.999916
0.999916
0.999916
0.999916
0.999916
0.999916
0.999916
0.999916
0.999916
0.999916
0.999916
0.999916
0.999916
0.999916
0.999916
0.999916
0.999916
0.999916
0.999916
0.999916
0.999916
0.999916
0.999916
0.999916
0.999916
0.999916
0.999916
0.999916
0.999916
0.999916
0.999916
0.999916
0.999916
0.999916
0.999916
0.999916
0.999916
0.999916
0.999916
0.999916
0.999916
0.999916
0.999916
0.999916
0.999916
0.999916
0.999916
0.999916
0.999916
0.999916
0.999916
0.999916
0.999916
0.999916
0.999916
0.999916
0.999916
0.999916
0.999916
0.999916
0.999916
0.999916
0.999916
0.999916
0.999916
0.999916
0.999916
0.999916
0.999916
0.999916
0.999916
0.999916
0.999916
0.999916
0.999916
0.999916
0.999916
0.999916
0.999916
0.999916
0.999916
0.999916
0.999916
0.999916
0.999916
0.999916
0.999916
0.999916
0.999916
0.999916
0.999916
0.999916
0.999916
0.999916
0.999916
0.999916
0.999916
0.999916
0.999916
0.999916
0.999916
0.999916
0.999916
0.999916
0.999916
0.999916
0.999916
0.999916
0.999916
0.999916
0.999916
0.999916
0.999916
0.999119
0.999916
0.999916
0.999916
0.999916
0.999916
0.999916
0.999916
0.999916
0.999916
0.999916
0.999916
0.999916
0.999916
0.999916
0.999916
0.999916
0.999916
0.999916
0.999916
0.997191
0.999916
0.999916
0.999916
0.999916
0.999916
0.999916
0.999916
0.999916
0.999916
0.999916
0.999916
0.999916
0.999916
0.999916
0.999916
0.999916
0.999916
0.999916
0.999916
0.999916
0.999916
0.999916
0.999916
0.999916
0.999916
0.999916
0.999916
0.999916
0.999916
0.999765
0.999916
0.999916
0.999916
0.999916
0.999916
0.999916
0.999916
0.999916
0.999916
0.999916
0.999916
0.999916
0.999916
0.999916
0.999916
0.999916
0.999916
0.999916


0.0184712
0.0188307
0.0193132
0.0196152
0.0203329
0.020659
0.0209253
0.0209253
0.0212212
0.0221313
0.022424
0.0216506
0.0229824
0.0233727
0.0239702
0.0248736
0.0262491
0.0265501
0.0271938
0.0273395
0.0278535
0.0297684
0.0314207
0.0322594
0.0327027
0.0340235
0.0352439
0.0367734
0.0374923
0.038443
0.0409544
0.0427057
0.0449592
0.046788
0.0493987
0.0533964
0.0537361
0.0620051
0.0620392
0.0730478
0.0730478
0.0813323
0.086535
0.088572
0.091163
0.0929331
0.109574
0.135595
0.140524
0.15551
0.15551
0.171145
0.175045
0.196106
0.213672
0.23954
0.242589
0.26007
0.275042
0.275042
0.290747
0.295412
0.317982
0.33043
0.363467
0.37856
0.37856
0.400237
0.414831
0.421308
0.458364
0.478698
0.479433
0.506038
0.512797
0.514221
0.517115
0.533353
0.541401
0.5438
0.556669
0.56301
0.576674
0.58174
0.584454
0.59298
0.594656
0.596457
0.596457
0.607152
0.607152
0.607152
0.609871
0.615467
0.623428
0.623428
0.623428
0.624851
0.62508
0.627511
0.627755
0.626818
0.632472
0.632472
0.637032
0.637032
0.637492
0.638418
0.639406
0.639406
0.640192
0.640249
0.642093
0.64297
0.64297
0.643012
0.644169
0.644301
0.644313
0.645314
0.645376
0.646764
0.647467
0.647473
0.647657
0.647679
0.648246
0.648283
0.648308
0.648464
0.648826
0.648832
0.648855
0.648857
0.64892
0.64892
0.648932
0.648934
0.649038
0.649199
0.649406
0.649247
0.649421
0.649422
0.649424
0.649449
0.64945
0.649618
0.649643
0.649643
0.649643
0.649674
0.649674
0.649674
0.649765
0.649765
0.649765
0.649797
0.649798
0.649798
0.649805
0.649817
0.649845
0.649845
0.649858
0.649858
0.649858
0.649858
0.64986
0.649865
0.649865
0.649866
0.64987
0.64987
0.649872
0.649872
0.649872
0.649872
0.649874
0.649874
0.649874
0.649874
0.649875
0.649875
0.649875
0.649875
0.649876
0.649876
0.649876
0.649876
0.649876
0.649876
0.649877
0.649877
0.649877
0.649877
0.649877
0.649877
0.649877
0.649877
0.649877
0.649877
0.649877
0.649877
0.649877
0.649877
0.649877
0.649878
0.649878
0.649878
0.649878
0.649878
0.649878
0.649878
0.649878
0.649878
0.649878
0.649878
0.649878
0.649878
0.649878
0.649878
0.649878
0.649878
0.649878
0.649878
0.649878
0.649878
0.649878
0.649878
0.649878
0.649878
0.649878
0.649878
0.649878
0.649878
0.649878
0.649878
0.649878
0.649878
0.649878
0.649878
0.649878
0.649878
0.649878
0.649878
0.649878
0.649878
0.649878
0.649878
0.649878
0.649878
0.649878
0.649878
0.649878
0.649878
0.649878
0.649878
0.649878
0.649878
0.649878
0.649878
0.649878
0.649878
0.649878
0.649878
0.649878
0.649878
0.649878
0.649878
0.649878
0.649878
0.649878
0.649878
0.649878
0.649878
0.649878
0.649878
0.649878
0.649878
0.649878
0.649878
0.649878
0.649878
0.649878
0.649878
0.649878
0.649878
0.649878
0.649878
0.649878
0.649878
0.649878
0.649878
0.649878
0.649878
0.649878
0.649878
0.649878
0.649878
0.649878
0.649878
0.649878
0.649878
0.649878
0.649878
0.649878
0.649878
0.649878
0.649878
0.649878
0.649878
0.649878
0.649878
0.649878
0.649878
0.649878
0.649878
0.649878
0.649878
0.649878
0.649878
0.649878
0.649878
0.649878
0.649878
0.649878
0.649878
0.649878
0.649878
0.649878
0.649878
0.649878
0.649878
0.649878
0.649878
0.649878
0.649878
0.649878
0.656366
0.656366
0.657011
0.657028
0.660179
0.672032
0.672032
0.685449
0.685449
0.685449
0.685449
0.685449
0.685449
0.687258
0.689173
0.692959
0.698169
0.70067
0.70296
0.704927
0.717441
0.72084
0.719932
0.720398
0.720398
0.72123
0.722435
0.722749
0.723321
0.723492
0.723924
0.724606
0.724606
0.724905
0.724905
0.724905
0.724933
0.72494
0.724941
0.724941
0.724941
0.724942
0.72599
0.72599
0.726112
0.726885
0.727479
0.728129
0.728879
0.730368
0.730429
0.731692
0.732287
0.732309
0.732602
0.732663
0.732736
0.733086
0.733134
0.733208
0.733697


0.0223625
0.0226542
0.022945
0.0229918
0.0233105
0.024031
0.0244349
0.0250808
0.0252174
0.0253429
0.0254439
0.0268439
0.0274913
0.028093
0.0290175
0.0290413
0.0304611
0.0304611
0.0319793
0.0324434
0.0326287
0.0342641
0.0391231
0.0404586
0.0421124
0.0442267
0.0442275
0.0463339
0.0471281
0.0539617
0.0547521
0.0568149
0.05821
0.0615929
0.068231
0.0706516
0.0744048
0.0811297
0.0945716
0.103621
0.106459
0.137545
0.150643
0.155697
0.163173
0.178822
0.188262
0.193843
0.199053
0.239789
0.256592
0.289911
0.295428
0.326066
0.326066
0.356515
0.388588
0.3974
0.439973
0.476003
0.504859
0.504859
0.530989
0.530989
0.546152
0.561749
0.587258
0.587258
0.613283
0.625341
0.646041
0.660199
0.660199
0.664757
0.680859
0.680859
0.703549
0.706666
0.707344
0.710274
0.710274
0.73251
0.733377
0.733445
0.736999
0.738984
0.780098
0.780098
0.783946
0.785551
0.79809
0.780797
0.791726
0.793948
0.794946
0.795258
0.800789
0.801165
0.827884
0.828365
0.828878
0.831052
0.834889
0.83747
0.83747
0.837849
0.840875
0.849886
0.852011
0.86473
0.866037
0.874092
0.874966
0.877001
0.877001
0.879008
0.886008
0.886067
0.89274
0.892972
0.894631
0.892959
0.892977
0.893069
0.893079
0.898756
0.902682
0.903157
0.904032
0.905043
0.905136
0.906144
0.906545
0.907724
0.907788
0.908724
0.90873
0.909586
0.909593
0.9097
0.910274
0.912251
0.912253
0.912256
0.912627
0.912856
0.913273
0.913426
0.913427
0.913427
0.913698
0.913701
0.913701
0.913782
0.913782
0.913829
0.913902
0.913903
0.914071
0.914086
0.914095
0.9142
0.914201
0.914201
0.914278
0.914279
0.914293
0.914293
0.914293
0.914299
0.914306
0.914315
0.914333
0.914429
0.914456
0.914456
0.914456
0.914466
0.914466
0.914466
0.914469
0.914473
0.914478
0.914478
0.914489
0.914489
0.914489
0.914489
0.914489
0.91449
0.91449
0.914495
0.914495
0.914495
0.914498
0.914501
0.914501
0.914501
0.914503
0.914503
0.914503
0.914503
0.914503
0.914504
0.914504
0.914504
0.914505
0.914505
0.914505
0.914505
0.914505
0.914505
0.914505
0.914505
0.914505
0.914506
0.914506
0.914506
0.914506
0.914506
0.914506
0.914506
0.914506
0.914506
0.914506
0.914506
0.914506
0.914506
0.914506
0.914507
0.914507
0.914507
0.914507
0.914507
0.914507
0.914507
0.914507
0.914507
0.914507
0.914507
0.914507
0.914507
0.914507
0.914507
0.914507
0.914507
0.914507
0.914507
0.914507
0.914507
0.914507
0.914507
0.914507
0.914507
0.914507
0.914507
0.914507
0.914507
0.914507
0.914507
0.914507
0.914507
0.914507
0.914507
0.914507
0.914507
0.914507
0.914507
0.914507
0.914507
0.914507
0.914507
0.914507
0.914507
0.914507
0.914507
0.914507
0.914507
0.914507
0.914507
0.914507
0.914507
0.914507
0.914507
0.914507
0.914507
0.914507
0.914507
0.914507
0.914507
0.914507
0.914507
0.914507
0.914507
0.914507
0.914507
0.914507
0.914507
0.914507
0.914507
0.914507
0.914507
0.914507
0.914507
0.914507
0.914507
0.914507
0.914507
0.914507
0.914507
0.914507
0.914507
0.914507
0.914507
0.914507
0.914507
0.914507
0.914507
0.914507
0.914507
0.914507
0.914507
0.914507
0.914507
0.914507
0.914507
0.914507
0.914507
0.914507
0.914507
0.914507
0.914507
0.914507
0.914507
0.914507
0.914507
0.914507
0.914507
0.914507
0.914507
0.914507
0.914507
0.914507
0.914507
0.914507
0.914507
0.914507
0.914507
0.914507
0.914507
0.914507
0.914507
0.914507
0.914507
0.914507
0.914507
0.914507
0.914507
0.914507
0.914507
0.914507
0.914507
0.914507
0.914507
0.914507
0.914507
0.914507
0.914507
0.914507
0.914507
0.914507
0.914507
0.914507
0.914507
0.914507
0.914507
0.914507
0.914507
0.914507
0.914507
0.914507
0.914507
0.914507
0.914507
0.914507
0.914507
0.914507
0.914507
0.914507
0.914507
0.914507
0.914507
0.914507
0.914507
0.914507
0.914507
0.914507
0.914507
0.914507
0.914507


0.021685
0.0222392
0.0229992
0.0229992
0.0231288
0.0232027
0.0241897
0.0257162
0.0262375
0.026287
0.0277825
0.0287046
0.0288508
0.0305675
0.0325183
0.032932
0.032932
0.03487
0.0363149
0.0371518
0.0380734
0.038303
0.0388828
0.0404552
0.045294
0.0572458
0.0624592
0.0642862
0.0749121
0.0749121
0.0764153
0.0855837
0.0890108
0.107524
0.108328
0.109721
0.138044
0.172903
0.176594
0.214621
0.258602
0.253903
0.275466
0.280261
0.29952
0.365182
0.384288
0.384993
0.435642
0.435642
0.438226
0.457717
0.494577
0.516447
0.531357
0.558346
0.576858
0.613342
0.616763
0.616763
0.644489
0.661727
0.669916
0.698671
0.703904
0.743385
0.743385
0.758029
0.762534
0.799481
0.803167
0.812167
0.812292
0.81262
0.816074
0.823926
0.832331
0.834855
0.836647
0.841522
0.854389
0.853348
0.854793
0.858513
0.859548
0.861519
0.867221
0.871245
0.871712
0.874315
0.874347
0.875309
0.877593
0.877685
0.878148
0.878608
0.878644
0.87921
0.880228
0.880484
0.881223
0.881433
0.88183
0.882379
0.882479
0.882549
0.88273
0.883157
0.883351
0.883351
0.883888
0.88391
0.88405
0.884174
0.88429
0.884314
0.884494
0.884494
0.884679
0.884692
0.884778
0.88488
0.884892
0.884904
0.884911
0.88496
0.884971
0.884978
0.885025
0.885032
0.885061
0.885089
0.885099
0.885107
0.885156
0.885163
0.885166
0.885172
0.885178
0.885181
0.885182
0.885179
0.885184
0.885187
0.88519
0.885196
0.885197
0.885202
0.885203
0.885203
0.885203
0.885207
0.885207
0.885209
0.88521
0.885211
0.885212
0.885212
0.885213
0.885214
0.885214
0.885214
0.885214
0.885214
0.885215
0.885215
0.885215
0.885215
0.885215
0.885216
0.885216
0.885216
0.885216
0.885217
0.885217
0.885217
0.885217
0.885217
0.885217
0.885217
0.885217
0.885217
0.885217
0.885217
0.885217
0.885217
0.885217
0.885217
0.885218
0.885218
0.885218
0.885218
0.885218
0.885218
0.885218
0.885218
0.885218
0.885218
0.885218
0.885218
0.885218
0.885218
0.885218
0.885218
0.885218
0.885218
0.885218
0.885218
0.885218
0.885218
0.885218
0.885218
0.885218
0.885218
0.885218
0.885218
0.885218
0.885218
0.885218
0.885218
0.885218
0.885218
0.885218
0.885218
0.885218
0.885218
0.885218
0.885218
0.885218
0.885218
0.885218
0.885218
0.885218
0.885218
0.885218
0.885218
0.885218
0.885218
0.885218
0.885218
0.885218
0.885218
0.885218
0.885218
0.885218
0.885218
0.885218
0.885218
0.885218
0.885218
0.885218
0.885218
0.885218
0.885218
0.885218
0.885218
0.885218
0.885218
0.885218
0.885218
0.885218
0.885218
0.885218
0.885218
0.885218
0.885218
0.885218
0.885218
0.885218
0.885218
0.885218
0.885218
0.885218
0.885218
0.885218
0.885218
0.885218
0.885218
0.885218
0.885218
0.885218
0.885218
0.885218
0.885218
0.885218
0.885218
0.885218
0.885218
0.885218
0.885218
0.885218
0.885218
0.885218
0.885218
0.885218
0.885218
0.885218
0.885218
0.885218
0.885218
0.885218
0.885218
0.885218
0.885218
0.885218
0.885218
0.885218
0.885218
0.885218
0.885218
0.885218
0.885218
0.885218
0.885218
0.885218
0.885218
0.885218
0.885218
0.885218
0.885218
0.885218
0.885218
0.885218
0.885218
0.885218
0.885218
0.885218
0.885218
0.885218
0.885218
0.885218
0.885218
0.885218
0.885218
0.885218
0.885218
0.885218
0.885218
0.885218
0.885218
0.885218
0.885218
0.885218
0.885218
0.885218
0.885218
0.885218
0.885218
0.885218
0.885218
0.885218
0.885218
0.885218
0.885218
0.885218
0.885218
0.885218
0.885218
0.885218
0.885218
0.885218
0.885218
0.885218
0.885218
0.885218
0.885218
0.885218
0.885218
0.885218
0.885218
0.885218
0.884873
0.885218
0.885218
0.885218
0.885218
0.885218
0.885218
0.885218
0.885218
0.885218
0.885218
0.885218
0.885218
0.885218
0.885218
0.885218
0.885218
0.885218
0.885218
0.885218
0.885218
0.885218
0.885218
0.885218
0.885218
0.885218
0.885218
0.885218
0.885218


0.0177045
0.0178011
0.0178828
0.0185072
0.0187137
0.0197532
0.020337
0.0212802
0.0219552
0.0222397
0.0239315
0.0251466
0.025918
0.0266845
0.0298933
0.030114
0.0308156
0.03245
0.0343199
0.0364878
0.0375331
0.0375839
0.0432475
0.0461176
0.0510687
0.0525249
0.0555831
0.0569138
0.0570255
0.0582337
0.0703099
0.077893
0.0797013
0.0896795
0.0961207
0.105475
0.105475
0.120178
0.126187
0.126187
0.141023
0.146848
0.156466
0.165364
0.177005
0.181145
0.205567
0.206611
0.226258
0.248778
0.256201
0.265987
0.27397
0.27397
0.279977
0.316607
0.334353
0.334353
0.343168
0.347743
0.371661
0.383232
0.383901
0.385684
0.387448
0.391194
0.39331
0.395734
0.406893
0.410756
0.416007
0.417042
0.417259
0.419008
0.421654
0.424017
0.424325
0.424555
0.424994
0.426791
0.427278
0.427096
0.428641
0.429921
0.429921
0.430511
0.430955
0.431842
0.43204
0.432593
0.433359
0.433371
0.43341
0.433752
0.433943
0.434044
0.434289
0.434467
0.434547
0.434619
0.434722
0.434825
0.434848
0.434876
0.435018
0.435098
0.435217
0.435266
0.435281
0.435304
0.435316
0.435348
0.435366
0.435485
0.435516
0.43554
0.435572
0.435576
0.435628
0.435635
0.435645
0.435652
0.43567
0.435675
0.435696
0.435705
0.435707
0.435739
0.435739
0.435749
0.435759
0.435767
0.435767
0.435767
0.435771
0.435778
0.435781
0.435786
0.43579
0.435792
0.435792
0.435794
0.435795
0.435796
0.435797
0.435797
0.435799
0.435801
0.435802
0.435803
0.435804
0.435805
0.435805
0.435805
0.435805
0.435807
0.435807
0.435807
0.435808
0.435808
0.435809
0.435809
0.435809
0.435809
0.435809
0.435809
0.435809
0.435809
0.43581
0.43581
0.43581
0.43581
0.43581
0.43581
0.43581
0.43581
0.43581
0.43581
0.43581
0.43581
0.43581
0.43581
0.43581
0.43581
0.43581
0.438076
0.450972
0.450972
0.450972
0.464986
0.464986
0.464986
0.464986
0.464986
0.464986
0.464986
0.467411
0.467411
0.468121
0.468121
0.468121
0.473254
0.473254
0.473254
0.474218
0.477073
0.482328
0.49095
0.49095
0.494359
0.494895
0.496739
0.498002
0.498002
0.498002
0.500422
0.500422
0.500475
0.500475
0.500475
0.500617
0.500617
0.500708
0.501237
0.502212
0.502566
0.502888
0.502888
0.503154
0.503154
0.503154
0.503036
0.503691
0.50379
0.503883
0.503883
0.504092
0.504133
0.504147
0.504268
0.504523
0.504523
0.504644
0.504724
0.504724
0.504724
0.504724
0.504744
0.504748
0.50482
0.50482
0.50482
0.504853
0.504864
0.516911
0.516911
0.519188
0.532999
0.535996
0.544217
0.546834
0.547513
0.547618
0.559249
0.559687
0.559687
0.561925
0.574399
0.582212
0.586078
0.588029
0.589044
0.589586
0.597749
0.597749
0.597749
0.603812
0.604173
0.604897
0.604897
0.605978
0.60615
0.60615
0.606213
0.619493
0.62161
0.633934
0.633934
0.633934
0.634806
0.634806
0.637562
0.637562
0.638813
0.639265
0.63957
0.64018
0.644411
0.645729
0.6521
0.657305
0.661935
0.662066
0.664107
0.664777
0.665578
0.665891
0.667314
0.668357
0.669523
0.670477
0.670477
0.671697
0.675937
0.677372
0.678622
0.67865
0.680924
0.680931
0.680952
0.680976
0.681179
0.681464
0.681638
0.681707
0.68216
0.68216
0.68216
0.684343
0.685378
0.686379
0.68964
0.69038
0.690508
0.691108
0.691252
0.691257
0.692402
0.692671
0.693049
0.693159
0.693067
0.693323
0.69371
0.694133
0.695129
0.69519
0.69529
0.695463
0.695493
0.695559
0.695281
0.696252
0.696252
0.696419
0.696428
0.696638
0.696801
0.69704
0.697053
0.697096
0.697049
0.697235
0.697235
0.697239
0.69742
0.697448
0.697458
0.697496
0.697539
0.697541
0.697561
0.697611
0.697707
0.697937
0.698121
0.698338
0.698342
0.69847
0.69847
0.69847
0.698581
0.698614
0.698626
0.698647
0.698673
0.698675
0.69871
0.698712
0.698753
0.698811
0.698824
0.698826
0.698832
0.698876
0.698896
0.698905
0.698919
0.698923
0.698925


0.0183397
0.0186534
0.0189641
0.0194274
0.0200928
0.0210509
0.021255
0.0219213
0.0230948
0.0230948
0.02344
0.0236206
0.023871
0.0238729
0.0238729
0.0257159
0.0261906
0.0272357
0.0282597
0.0298729
0.0312011
0.0339142
0.0348687
0.0368739
0.0415816
0.0428806
0.0469672
0.0483606
0.049946
0.0508044
0.0553441
0.0569713
0.0595525
0.0676092
0.0680417
0.0728659
0.0774772
0.0905743
0.0938027
0.10644
0.10762
0.114778
0.1156
0.128058
0.148258
0.159037
0.170112
0.208829
0.274994
0.279761
0.280919
0.284551
0.297538
0.342242
0.375653
0.38441
0.384832
0.403512
0.426485
0.439001
0.439001
0.440584
0.451278
0.460003
0.460116
0.475548
0.506383
0.5264
0.5264
0.560128
0.565636
0.573008
0.573233
0.578195
0.578195
0.592759
0.593107
0.593107
0.596281
0.59756
0.609563
0.616676
0.617608
0.620032
0.643127
0.644703
0.648223
0.650133
0.65438
0.659196
0.692237
0.698542
0.698542
0.700177
0.701812
0.7057
0.7057
0.709913
0.720072
0.722758
0.722758
0.726512
0.726512
0.729417
0.731664
0.731664
0.731986
0.734636
0.736061
0.736523
0.73754
0.737301
0.737611
0.738126
0.739636
0.740095
0.740095
0.740763
0.741129
0.741129
0.741529
0.74166
0.742028
0.742354
0.742398
0.742732
0.742947
0.743412
0.743427
0.743751
0.743751
0.744004
0.744053
0.744082
0.744156
0.744264
0.744264
0.744439
0.744455
0.744506
0.744649
0.74468
0.744792
0.744808
0.744808
0.74481
0.744865
0.744872
0.74488
0.744945
0.744951
0.74499
0.744996
0.744997
0.745015
0.745022
0.745034
0.745053
0.745053
0.745054
0.745062
0.745063
0.74507
0.74507
0.74509
0.745097
0.7451
0.7451
0.745101
0.745112
0.745113
0.745113
0.745114
0.745114
0.745114
0.745114
0.745116
0.745118
0.745119
0.745121
0.745122
0.745123
0.745124
0.745125
0.745126
0.745126
0.745127
0.745127
0.745127
0.745127
0.745128
0.745129
0.745129
0.745129
0.745129
0.745129
0.74513
0.745131
0.745131
0.745131
0.745131
0.745131
0.745131
0.745132
0.745132
0.745132
0.745132
0.745132
0.745133
0.745133
0.745133
0.745133
0.745133
0.745133
0.745133
0.745133
0.745133
0.745133
0.745134
0.745134
0.745134
0.745134
0.745134
0.745134
0.745134
0.745134
0.745134
0.745134
0.745134
0.745134
0.745134
0.745134
0.745134
0.745134
0.745134
0.745134
0.745134
0.745134
0.745134
0.745134
0.745134
0.745134
0.745134
0.745134
0.745134
0.745134
0.745134
0.745134
0.745134
0.745134
0.745134
0.745134
0.745134
0.745134
0.745134
0.745134
0.745134
0.745134
0.745134
0.745134
0.745134
0.745134
0.745134
0.745134
0.745134
0.745134
0.745134
0.745134
0.745134
0.745134
0.745134
0.745134
0.745134
0.745134
0.745134
0.745134
0.745134
0.745134
0.745134
0.745134
0.745134
0.745134
0.745134
0.745134
0.745134
0.745134
0.745134
0.745134
0.745134
0.745134
0.745134
0.745134
0.745134
0.745134
0.745134
0.745134
0.745134
0.745134
0.745134
0.745134
0.745134
0.745134
0.745134
0.745134
0.745134
0.745134
0.745134
0.745134
0.745134
0.745134
0.745134
0.745134
0.745134
0.745134
0.745134
0.745134
0.745134
0.745134
0.745134
0.745134
0.745134
0.745134
0.745134
0.745134
0.745134
0.745134
0.745134
0.745134
0.745134
0.745134
0.745134
0.745134
0.745134
0.745134
0.745134
0.745134
0.745134
0.745134
0.745134
0.745134
0.745134
0.745134
0.745134
0.745134
0.745134
0.745134
0.745134
0.745134
0.745134
0.745134
0.745134
0.745134
0.745134
0.745134
0.745134
0.745134
0.745134
0.745134
0.745134
0.745134
0.745134
0.745134
0.745134
0.745134
0.745134
0.745134
0.745134
0.745134
0.745134
0.745134
0.745134
0.745134
0.745134
0.745134
0.745134
0.745134
0.745134
0.745134
0.745134
0.745134
0.745134
0.745134
0.745134
0.745134
0.745134
0.745134
0.745134
0.745134
0.745134
0.745134
0.745134
0.745134
0.745134
0.745134
0.745134
0.745134
0.745134
0.745134
0.745134
0.745134


0.0268549
0.0283996
0.0292058
0.0292058
0.0292112
0.0302012
0.0302143
0.0311684
0.0316306
0.0321528
0.0330305
0.035427
0.035427
0.0386746
0.0394473
0.0394717
0.0420147
0.046088
0.0467237
0.0475134
0.0491408
0.0546034
0.058467
0.0584804
0.060004
0.0627413
0.0667401
0.0678092
0.0772348
0.0853949
0.0857228
0.101932
0.102606
0.103804
0.10793
0.128034
0.152248
0.16705
0.186575
0.233421
0.23627
0.254972
0.274474
0.288113
0.294709
0.321298
0.322887
0.349654
0.353035
0.358675
0.399269
0.43485
0.441806
0.465212
0.465212
0.483617
0.523952
0.53707
0.538743
0.555487
0.60267
0.606304
0.63809
0.643596
0.645978
0.645978
0.6478
0.670487
0.717399
0.72205
0.731559
0.758585
0.760165
0.784541
0.835453
0.836243
0.849983
0.860032
0.860601
0.870654
0.871903
0.887662
0.909235
0.929747
0.934268
0.934268
0.947652
0.948308
0.948308
0.961334
0.962123
0.966182
0.966182
0.972633
0.976053
0.979662
0.979685
0.980024
0.980515
0.980645
0.982342
0.984478
0.986813
0.987773
0.987852
0.988262
0.99015
0.99015
0.990171
0.990316
0.992564
0.993525
0.9959
0.995912
0.996237
0.99654
0.996567
0.997224
0.997224
0.997245
0.997271
0.998066
0.998071
0.998652
0.998658
0.998661
0.998698
0.998701
0.998905
0.998907
0.999018
0.99902
0.99902
0.999267
0.999275
0.999333
0.999333
0.999406
0.999416
0.999458
0.999517
0.999518
0.999627
0.999657
0.999659
0.999679
0.999814
0.999843
0.999853
0.999893
0.999895
0.999896
0.999905
0.999926
0.999926
0.999927
0.999939
0.999946
0.999946
0.999962
0.999964
0.999964
0.999966
0.99997
0.999978
0.999978
0.999978
0.99998
0.999984
0.999987
0.999987
0.999987
0.999992
0.999992
0.999992
0.999994
0.999994
0.999996
0.999996
0.999996
0.999997
0.999997
0.999997
0.999997
0.999997
0.999997
0.999998
0.999998
0.999998
0.999999
0.999999
0.999999
0.999999
0.999999
0.999999
0.999999
0.999999
0.999999
1
1
1
1
1
1
1
1
1
1
1
1
1
1
1
1
1
1
1
1
1
1
1
1
1
1
1
1
1
1
1
1
1
1
1
1
1
1
1
1
1
1
1
1
1
1
1
1
1
1
1
1
1
1
1
1
1
1
1
1
1
1
1
1
1
1
1
1
1
1
1
1
1
1
1
1
1
1
1
1
1
1
1
1
1
1
1
1
1
1
1
1
1
1
1
1
1
1
1
1
1
1
1
1
1
1
1
1
1
1
1
1
1
1
1
1
1
1
1
1
1
1
1
1
1
1
1
1
1
1
1
1
1
1
1
1
1
1
1
1
1
1
1
1
1
1
1
1
1
1
1
1
1
1
1
1
1
1
1
1
1
1
1
1
1
1
1
1
1
1
1
1
1
1
1
1
1
1
1
1
1
1
1
1
1
1
1
1
1
1
1
1
1
0.998792
1
1
1
1
1
1
1
1


0.0179161
0.0180262
0.0187036
0.0187036
0.0193127
0.0202807
0.0203657
0.0203882
0.0210181
0.0212734
0.0214369
0.0217226
0.0218931
0.0222958
0.0245142
0.0247798
0.0251617
0.0255118
0.0259615
0.0272835
0.0283792
0.0295523
0.0306136
0.0313203
0.0317216
0.0340273
0.036827
0.0381841
0.0411066
0.041499
0.0505359
0.0499436
0.0587407
0.0710854
0.0710854
0.0746749
0.0775897
0.080857
0.081778
0.0841276
0.0916637
0.129516
0.142705
0.144983
0.157197
0.157197
0.16029
0.183325
0.205021
0.206396
0.228875
0.251467
0.254557
0.260044
0.365992
0.366656
0.398879
0.407635
0.431482
0.431638
0.442978
0.453773
0.494557
0.508
0.534095
0.552009
0.552009
0.569342
0.577496
0.587573
0.618698
0.665029
0.665029
0.666978
0.687229
0.687337
0.688037
0.699948
0.736514
0.740171
0.756215
0.76256
0.765403
0.82844
0.834846
0.836483
0.860184
0.888672
0.907541
0.908744
0.924624
0.927359
0.933959
0.9344
0.934738
0.939326
0.940687
0.940936
0.941886
0.945937
0.946418
0.95139
0.969657
0.969816
0.969877
0.969915
0.971212
0.971212
0.977408
0.978931
0.978982
0.988815
0.988834
0.989823
0.989823
0.990523
0.991297
0.991579
0.992669
0.993133
0.9939
0.997508
0.997529
0.997551
0.998449
0.99846
0.998496
0.998691
0.998692
0.998696
0.998718
0.999039
0.999048
0.999048
0.999172
0.999269
0.999322
0.999403
0.999479
0.999481
0.999501
0.999506
0.999529
0.999553
0.999604
0.999657
0.999714
0.999714
0.999776
0.999799
0.999822
0.999797
0.999824
0.999825
0.999826
0.999835
0.999851
0.999893
0.999909
0.999911
0.999911
0.999917
0.999923
0.999929
0.999929
0.999929
0.999952
0.999952
0.999954
0.999971
0.999971
0.999974
0.999974
0.999976
0.999977
0.999977
0.999977
0.99998
0.99998
0.999982
0.999984
0.999984
0.999988
0.999988
0.99999
0.999991
0.999992
0.999992
0.999993
0.999993
0.999994
0.999995
0.999996
0.999996
0.999997
0.999997
0.999997
0.999997
0.999998
0.999998
0.999999
0.999999
0.999999
0.999999
0.999999
0.999999
0.999999
0.999999
0.999999
0.999999
0.999999
0.999999
0.999999
0.999999
0.999999
1
1
1
1
1
1
1
1
1
1
1
1
1
1
1
1
1
1
1
1
1
1
1
1
1
1
1
1
1
1
1
1
1
1
1
1
1
1
1
1
1
1
1
1
1
1
1
1
1
1
1
1
1
1
1
1
1
1
1
1
1
1
1
1
1
1
1
1
1
1
1
1
1
1
1
1
1
1
1
1
1
1
1
1
1
1
1
1
1
1
1
1
1
1
1
1
1
1
1
1
1
1
1
1
1
1
1
1
1
1
1
1
1
1
1
1
1
1
1
1
1
1
1
1
1
1
0.995162
1
1
1
1
1
1
1
1
1
1
1
1
1
1
1
1
1
1
1
1
1
1
1
1
1
1
1
1
1
1
1
1
1
1
1
1
1
1
1
1
1
1
1
1
1
1
1
1
1
1
1
1
1
1
1
1
1
1


0.0269497
0.0273648
0.0279964
0.0288162
0.0288162
0.0293421
0.0295711
0.0299969
0.03101
0.0320344
0.0320344
0.0337546
0.036267
0.036448
0.0367946
0.0367946
0.0403435
0.0403435
0.0421001
0.0427599
0.0454135
0.0454152
0.0455285
0.0462059
0.0485338
0.050424
0.0529985
0.0548022
0.0548166
0.0598019
0.0615086
0.0646609
0.0708823
0.0733781
0.0735454
0.0802378
0.085711
0.104407
0.106972
0.108625
0.12327
0.139629
0.149204
0.149204
0.159111
0.17221
0.179263
0.207788
0.226011
0.27021
0.272501
0.280395
0.290407
0.338437
0.357793
0.357793
0.368721
0.397572
0.414805
0.447158
0.483107
0.476776
0.483557
0.490666
0.503723
0.514781
0.533226
0.538661
0.542015
0.557354
0.584217
0.576031
0.580079
0.599046
0.599046
0.606446
0.610317
0.615374
0.617922
0.618605
0.6232
0.623716
0.631825
0.632197
0.632269
0.634429
0.634429
0.634686
0.637185
0.638053
0.639027
0.639027
0.640005
0.641824
0.641982
0.641982
0.643419
0.643437
0.643557
0.649207
0.650316
0.651821
0.653139
0.653669
0.661266
0.663496
0.663496
0.663497
0.663497
0.66685
0.668924
0.669366
0.671797
0.671863
0.672574
0.673552
0.674062
0.674072
0.674944
0.67615
0.67615
0.676408
0.677447
0.677594
0.67915
0.67915
0.679313
0.680365
0.680979
0.680979
0.681576
0.681588
0.681638
0.681638
0.681985
0.682083
0.682087
0.682089
0.682224
0.682228
0.682228
0.682287
0.682391
0.682391
0.682441
0.682469
0.682487
0.682589
0.682671
0.682673
0.682673
0.682726
0.682754
0.682808
0.682808
0.682808
0.682808
0.682808
0.682809
0.682822
0.682832
0.682832
0.682859
0.682859
0.682868
0.68287
0.682874
0.682874
0.682877
0.682879
0.682888
0.682886
0.68289
0.682895
0.682896
0.682897
0.682904
0.682904
0.682906
0.682906
0.682908
0.682909
0.68291
0.682911
0.682911
0.690804
0.690805
0.690806
0.698004
0.71642
0.71642
0.720449
0.720449
0.720449
0.721602
0.734332
0.734332
0.734332
0.741952
0.741952
0.741953
0.744584
0.746281
0.74877
0.750169
0.753021
0.760873
0.760873
0.763222
0.765884
0.765884
0.765885
0.767131
0.770097
0.770097
0.770225
0.770293
0.770293
0.770802
0.770802
0.771819
0.771643
0.772319
0.772319
0.772319
0.77374
0.77374
0.773806
0.773806
0.773823
0.774042
0.774364
0.774905
0.774905
0.774905
0.774913
0.775285
0.775285
0.775285
0.775285
0.775302
0.775302
0.77533
0.775334
0.775334
0.775334
0.775418
0.775418
0.775418
0.775418
0.775476
0.775496
0.775505
0.775505
0.775505
0.775509
0.775509
0.775518
0.775519
0.775541
0.775541
0.775541
0.775544
0.775544
0.775554
0.775561
0.775561
0.775568
0.775569
0.77557
0.775573
0.775576
0.775577
0.775577
0.775577
0.775579
0.77558
0.775582
0.775584
0.775585
0.775585
0.775587
0.775587
0.790969
0.791531
0.793343
0.799927
0.799927
0.801073
0.801449
0.801449
0.803277
0.803277
0.803277
0.803377
0.805637
0.805637
0.805745
0.805745
0.805745
0.806051
0.806508
0.806508
0.806508
0.808247
0.809474
0.809474
0.812475
0.812475
0.812475
0.814368
0.812904
0.814276
0.814626
0.815365
0.816221
0.816596
0.816671
0.818055
0.818055
0.818055
0.818188
0.818188
0.818368
0.8186
0.818753
0.818753
0.818826
0.819164
0.819562
0.819679
0.819708
0.820314
0.820461
0.820461
0.821122
0.821122
0.821122
0.8218
0.8218
0.822177
0.822928
0.822928
0.823168
0.823168
0.823432
0.82361
0.823626
0.82405
0.824396
0.824476
0.824476
0.824476
0.824623
0.824623
0.824623
0.824819
0.824819
0.824938
0.824981
0.824993
0.824995
0.825004
0.825054
0.825054
0.825063
0.825063
0.825109
0.825109
0.825109
0.825154
0.825166
0.825174
0.825184
0.825188
0.8252
0.825257
0.825257
0.825273
0.82528
0.82528
0.825302
0.825302
0.825332
0.825337
0.825346
0.825372
0.825376
0.825401
0.825401
0.825401
0.825405
0.825405
0.825416
0.825449
0.825457
0.825458
0.825458
0.825458
0.825458


0.0254561
0.0255978
0.0264181
0.0269607
0.027358
0.0280841
0.0280841
0.0291997
0.0292603
0.0297495
0.030132
0.0305094
0.0321499
0.0322163
0.0336834
0.0342835
0.0346323
0.035911
0.0366628
0.0386268
0.0387656
0.0391551
0.0403772
0.0434787
0.0438368
0.0465138
0.0467994
0.0469488
0.0483715
0.0507012
0.0552902
0.0634274
0.0634274
0.0635928
0.0713814
0.0753478
0.0949121
0.112208
0.112651
0.112651
0.112999
0.139109
0.142786
0.169444
0.197897
0.197897
0.202711
0.212098
0.22659
0.272037
0.327129
0.327817
0.352278
0.391715
0.41371
0.438222
0.44511
0.44511
0.471669
0.480918
0.492239
0.489917
0.530168
0.53873
0.53873
0.567306
0.591448
0.591448
0.591678
0.594581
0.61334
0.615015
0.624754
0.632637
0.635508
0.642728
0.654139
0.660841
0.662124
0.663679
0.673111
0.674729
0.676122
0.677595
0.678156
0.683225
0.698832
0.701302
0.732538
0.744523
0.778788
0.781554
0.796235
0.796235
0.802778
0.803497
0.844481
0.856308
0.856869
0.863925
0.889122
0.892182
0.892636
0.90123
0.902977
0.902977
0.909882
0.917423
0.924194
0.926933
0.932442
0.93086
0.936316
0.938047
0.940073
0.952622
0.960367
0.967185
0.967185
0.975011
0.976275
0.978571
0.978621
0.978685
0.980152
0.984169
0.984383
0.984383
0.986634
0.988275
0.988277
0.989124
0.990734
0.990753
0.990753
0.992754
0.994058
0.995393
0.995395
0.995397
0.995439
0.99664
0.996644
0.996647
0.997432
0.997433
0.997476
0.997773
0.997773
0.998357
0.998464
0.998464
0.998685
0.998685
0.998776
0.999069
0.999069
0.999242
0.999243
0.999243
0.999308
0.999321
0.999473
0.999519
0.999519
0.999519
0.999567
0.999606
0.999609
0.999726
0.999726
0.999726
0.999726
0.999808
0.999808
0.999812
0.999874
0.999874
0.99992
0.99992
0.999955
0.999942
0.999942
0.999942
0.999951
0.999951
0.999951
0.999957
0.999957
0.999957
0.999966
0.999973
0.999973
0.999973
0.999973
0.999973
0.999977
0.999977
0.999983
0.999983
0.999983
0.999985
0.999988
0.999991
0.999991
0.999992
0.999992
0.999993
0.999993
0.999995
0.999995
0.999995
0.999996
0.999996
0.999996
0.999997
0.999997
0.999997
0.999997
0.999998
0.999998
0.999998
0.999998
0.999998
0.999999
0.999999
0.999999
0.999999
0.999999
0.999999
0.999999
0.999999
0.999999
0.999999
0.999999
0.999999
1
1
1
1
1
1
1
1
1
1
1
1
1
1
1
1
1
1
1
1
1
1
1
1
1
1
1
1
1
1
1
1
1
1
1
1
1
1
1
1
1
1
1
1
1
1
1
1
1
1
1
1
1
1
1
1
1
1
1
1
1
1
1
1
1
1
1
1
1
1
1
1
1
1
1
1
1
1
1
1
1
1
1
1
1
1
1
1
1
1
1
1
1
1
1
0.999998
1
1
1
1
1
1
1
1
1
1
1
1
1
1
1
1
1
1
1
1
1
1
1
1
1
1
1
1
1
1
1
1
1
1
1
1
1
1
1
1
1
1
1
1
1
1
1
1
1
1
1
1
1
1
1
1
1
1
1
1
1
1
1
1
1
1
1
1


0.0226489
0.0230642
0.0232759
0.024191
0.0248914
0.0252427
0.0255901
0.0255901
0.026077
0.0268207
0.0274041
0.0283531
0.0283946
0.0287088
0.0289595
0.0293825
0.0299341
0.0305693
0.0316652
0.0322314
0.0364007
0.036843
0.0370546
0.0379784
0.0379784
0.040697
0.0426761
0.0444018
0.0456438
0.0458543
0.0477931
0.049832
0.0517569
0.0550028
0.0551277
0.0600102
0.0692964
0.0742497
0.115698
0.121832
0.141424
0.140659
0.158844
0.183432
0.184499
0.192748
0.204994
0.2587
0.268293
0.282665
0.294206
0.295828
0.299301
0.350781
0.36554
0.371349
0.385115
0.388216
0.399057
0.418667
0.430461
0.44241
0.448096
0.457215
0.462131
0.46418
0.467001
0.47076
0.482177
0.500598
0.506719
0.502887
0.507469
0.507898
0.51134
0.512757
0.519374
0.524877
0.524947
0.530168
0.534251
0.535844
0.539549
0.541703
0.543286
0.545515
0.546545
0.547544
0.54906
0.551208
0.552371
0.553348
0.553348
0.556318
0.556318
0.556318
0.557116
0.557319
0.557539
0.557874
0.558355
0.558358
0.558528
0.558875
0.559001
0.559138
0.559355
0.559362
0.559363
0.559464
0.559504
0.559561
0.559706
0.559722
0.559738
0.559802
0.559867
0.559885
0.559912
0.559912
0.559982
0.560004
0.560007
0.560037
0.560049
0.560066
0.560093
0.560101
0.560102
0.560102
0.560114
0.560119
0.56012
0.560124
0.560124
0.560129
0.560131
0.560132
0.560134
0.560136
0.560138
0.560144
0.560145
0.560147
0.560147
0.560147
0.560147
0.560148
0.560149
0.56015
0.560152
0.560151
0.575378
0.575378
0.575378
0.577644
0.586002
0.586002
0.599511
0.599511
0.602692
0.602692
0.602692
0.612968
0.612969
0.612969
0.62267
0.639211
0.639211
0.655127
0.655127
0.655127
0.682473
0.709669
0.709669
0.725496
0.725496
0.725496
0.757459
0.759581
0.770466
0.746231
0.755992
0.765788
0.787129
0.787129
0.787502
0.787603
0.787603
0.787603
0.808115
0.808115
0.808115
0.808115
0.808115
0.816479
0.821198
0.823691
0.823691
0.825381
0.825381
0.82471
0.825027
0.825499
0.827175
0.827175
0.827175
0.827433
0.827781
0.827781
0.834309
0.833142
0.834187
0.838532
0.839206
0.840477
0.842084
0.842443
0.842577
0.842756
0.843563
0.844497
0.845472
0.845659
0.845933
0.846404
0.846404
0.846871
0.848021
0.848891
0.84897
0.849059
0.849103
0.849218
0.849645
0.849796
0.849914
0.849925
0.849951
0.850012
0.850151
0.850199
0.850216
0.85033
0.850333
0.850451
0.850512
0.850512
0.85055
0.850613
0.850634
0.850668
0.850668
0.850715
0.850717
0.850732
0.850732
0.850757
0.850764
0.850764
0.850764
0.850772
0.850789
0.850795
0.850808
0.850808
0.850812
0.850813
0.850813
0.850816
0.850826
0.850823
0.850836
0.850836
0.850841
0.850842
0.850846
0.850846
0.850847
0.850847
0.85085
0.850852
0.850852
0.850852
0.850852
0.850853
0.850853
0.850853
0.850853
0.850854
0.850854
0.850854
0.850855
0.850855
0.850855
0.850855
0.851591
0.851738
0.854134
0.861338
0.864212
0.864212
0.864212
0.868249
0.877488
0.877488
0.883686
0.88575
0.886143
0.886154
0.887791
0.888501
0.891888
0.892949
0.893281
0.893643
0.894107
0.894993
0.894993
0.894993
0.894993
0.894993
0.896697
0.896697
0.897235
0.897431
0.898336
0.898392
0.899202
0.90007
0.900638
0.901936
0.902498
0.903117
0.904326
0.90452
0.90461
0.905174
0.90975
0.90975
0.910971
0.909996
0.910651
0.911414
0.911414
0.911414
0.911414
0.911451
0.911451
0.912178
0.914668
0.913727
0.914792
0.915067
0.915067
0.915126
0.915358
0.915358
0.915358
0.915392
0.915612
0.91574
0.916426
0.916812
0.916812
0.917043
0.917043
0.917043
0.917245
0.917482
0.917482
0.917532
0.917532
0.917656
0.917656
0.917708
0.917708
0.917708
0.91773
0.918057
0.918451
0.918693
0.918693
0.918923
0.918923
0.919013
0.919013
0.919013
0.91905
0.919058
0.919063
0.919093
0.919098
0.919143
0.919212
0.91927
0.91927
0.919286
0.91932
0.919332


0.0241716
0.0247667
0.0251286
0.0255887
0.0259521
0.0262875
0.0268684
0.0270655
0.0276025
0.0284257
0.0285855
0.0310357
0.0320744
0.0329374
0.0335502
0.0361974
0.036275
0.0366413
0.0379657
0.038921
0.039441
0.0398015
0.0434977
0.0466886
0.0530056
0.0547686
0.0561457
0.0587136
0.0607235
0.0627777
0.0644767
0.0645836
0.0721947
0.0793961
0.0849703
0.100075
0.111824
0.120768
0.126139
0.13198
0.162659
0.164191
0.177367
0.177953
0.209479
0.239467
0.244446
0.247292
0.274161
0.289089
0.316162
0.32819
0.337818
0.380177
0.388085
0.391046
0.409671
0.486456
0.512152
0.526643
0.562333
0.596707
0.623203
0.65379
0.65379
0.654935
0.699004
0.702857
0.708967
0.721488
0.724005
0.734114
0.736768
0.754021
0.762475
0.765821
0.770904
0.771221
0.780403
0.788358
0.788686
0.791274
0.796094
0.797048
0.800789
0.802303
0.804898
0.805901
0.807606
0.809321
0.809802
0.812393
0.812424
0.813127
0.814469
0.814576
0.815055
0.816856
0.817828
0.818582
0.818841
0.819184
0.819504
0.819984
0.819984
0.820048
0.820712
0.820728
0.820728
0.821352
0.821384
0.821456
0.821475
0.821537
0.821553
0.821573
0.821635
0.821683
0.821717
0.821737
0.821816
0.821845
0.821867
0.821903
0.821927
0.821927
0.821934
0.821937
0.821951
0.821959
0.821975
0.821981
0.821982
0.821994
0.822012
0.822013
0.822042
0.822045
0.822045
0.822047
0.822054
0.822064
0.822064
0.822064
0.822068
0.82207
0.82207
0.822071
0.822072
0.822073
0.822073
0.822075
0.822077
0.822078
0.822078
0.82208
0.82208
0.82208
0.82208
0.82208
0.822081
0.822081
0.822081
0.822081
0.822082
0.822082
0.822082
0.822082
0.822083
0.822083
0.822083
0.822083
0.822083
0.822083
0.822083
0.822083
0.822084
0.822084
0.822084
0.822084
0.822084
0.822084
0.822084
0.822084
0.822084
0.822084
0.822084
0.822084
0.822084
0.85406
0.873794
0.88037
0.90278
0.90278
0.90278
0.90278
0.90278
0.90278
0.906725
0.927884
0.927884
0.927884
0.927884
0.927884
0.933298
0.933298
0.937056
0.938028
0.941326
0.942386
0.942386
0.945365
0.947183
0.948167
0.948341
0.948341
0.951794
0.951794
0.951794
0.951794
0.953441
0.952295
0.953832
0.955073
0.955073
0.955662
0.956168
0.957436
0.957436
0.957565
0.957565
0.958244
0.958539
0.958539
0.958648
0.958925
0.958925
0.959536
0.959599
0.959763
0.959767
0.960074
0.960159
0.960455
0.960502
0.960888
0.960986
0.961031
0.961043
0.961238
0.961238
0.961279
0.961279
0.961446
0.961522
0.961553
0.961629
0.961666
0.961666
0.961666
0.961684
0.961678
0.961683
0.961771
0.961771
0.961771
0.961771
0.961788
0.961811
0.961849
0.961881
0.961881
0.961881
0.961892
0.961892
0.961896
0.9619
0.961906
0.961925
0.961928
0.961928
0.961931
0.961931
0.961931
0.961935
0.961942
0.961947
0.961951
0.961951
0.961951
0.961955
0.961955
0.961956
0.961957
0.961957
0.961957
0.96196
0.961961
0.961962
0.961962
0.961962
0.961963
0.961964
0.961965
0.961965
0.961965
0.961966
0.961966
0.961967
0.961967
0.961967
0.961967
0.961967
0.961968
0.961968
0.961968
0.961968
0.961968
0.961968
0.961968
0.961968
0.961968
0.961968
0.961968
0.961968
0.961968
0.961968
0.961968
0.961968
0.961968
0.961968
0.961658
0.961968
0.961968
0.961968
0.961968
0.961968
0.961968
0.961968
0.961968
0.961968
0.961968
0.961968
0.961968
0.961968
0.961968
0.961968
0.961968
0.961968
0.961968
0.961968
0.961968
0.961968
0.961968
0.961968
0.961968
0.961968
0.961968
0.961968
0.961968
0.961968
0.961968
0.961968
0.961968
0.961968
0.961968
0.961968
0.961968
0.961968
0.961968
0.961968
0.961968
0.961968
0.961968
0.961968
0.961968
0.961968
0.961968
0.961968
0.961968
0.961968
0.961968
0.961968
0.961968
0.961968
0.961968
0.961968
0.961968
0.961968
0.961968
0.961968
0.961968
0.961968
0.961968
0.961968
0.961968
0.961968
0.961968
0.961968
0.961968


0.0174925
0.0181
0.0181045
0.0181889
0.0185277
0.0195345
0.0196909
0.0198618
0.0213535
0.0213535
0.0218294
0.0218294
0.022768
0.0229738
0.0232178
0.0232199
0.0240294
0.0249138
0.02534
0.0261796
0.0270474
0.0284764
0.0346525
0.0346525
0.0346652
0.0386136
0.0388837
0.0415798
0.0443437
0.0507253
0.0507253
0.053332
0.0566339
0.0671297
0.0678574
0.0736891
0.0811984
0.0829302
0.106493
0.106493
0.114236
0.132516
0.158884
0.187663
0.192167
0.217695
0.221766
0.230126
0.23952
0.257644
0.269556
0.282682
0.282682
0.283348
0.317979
0.342206
0.345114
0.39684
0.39684
0.399013
0.402007
0.413075
0.451916
0.485534
0.506478
0.520731
0.525442
0.588241
0.593244
0.595165
0.599956
0.60019
0.606073
0.606073
0.606896
0.608283
0.615581
0.618551
0.626346
0.642382
0.658885
0.659755
0.659755
0.676372
0.676372
0.677184
0.688287
0.708673
0.71484
0.73197
0.733063
0.743883
0.748859
0.757775
0.76393
0.773194
0.774657
0.782424
0.798777
0.798777
0.809308
0.810123
0.810631
0.832107
0.841507
0.842088
0.862464
0.863623
0.86969
0.869718
0.870106
0.872973
0.880106
0.880106
0.880151
0.927096
0.927103
0.930926
0.935956
0.935956
0.937275
0.94427
0.94467
0.944681
0.957686
0.957686
0.963047
0.963047
0.965534
0.969044
0.972902
0.969013
0.971516
0.971579
0.97158
0.976719
0.980088
0.981192
0.988249
0.988257
0.988267
0.988735
0.990896
0.991873
0.994042
0.994049
0.995096
0.995096
0.995097
0.995849
0.995849
0.995965
0.995966
0.995966
0.996428
0.996502
0.99702
0.997031
0.997564
0.997565
0.997565
0.997569
0.997785
0.997785
0.997786
0.997823
0.997914
0.997954
0.997981
0.998049
0.998049
0.99817
0.998209
0.998301
0.998301
0.998301
0.998301
0.998325
0.998325
0.998334
0.998334
0.998331
0.998383
0.998383
0.9984
0.998426
0.998426
0.998443
0.998443
0.998446
0.998447
0.998447
0.998447
0.998458
0.998471
0.998481
0.99851
0.998514
0.998514
0.998516
0.998518
0.998518
0.998534
0.998534
0.998534
0.998534
0.998534
0.998537
0.998538
0.998538
0.998541
0.998539
0.998541
0.998542
0.998544
0.998544
0.998544
0.998545
0.998546
0.998546
0.998547
0.998548
0.998548
0.99855
0.99855
0.99855
0.99855
0.99855
0.99855
0.99855
0.998551
0.998551
0.998551
0.998551
0.998551
0.998552
0.998552
0.998552
0.998552
0.998552
0.998552
0.998552
0.998552
0.998552
0.998552
0.998552
0.998552
0.998552
0.998552
0.998552
0.998552
0.998552
0.998552
0.998552
0.998552
0.998552
0.998552
0.998552
0.998552
0.998552
0.998552
0.998552
0.998552
0.998552
0.998552
0.998552
0.998552
0.998552
0.998552
0.998552
0.998552
0.998552
0.998552
0.998552
0.998552
0.998552
0.998552
0.998552
0.998552
0.998552
0.998552
0.998552
0.998552
0.998552
0.998552
0.998552
0.998552
0.998552
0.998552
0.998552
0.998552
0.998552
0.998552
0.998552
0.998552
0.998552
0.998552
0.998552
0.998552
0.998552
0.998552
0.998552
0.998552
0.998552
0.998552
0.998552
0.998552
0.998552
0.998552
0.998552
0.998552
0.998552
0.998552
0.998552
0.998552
0.998552
0.998552
0.998552
0.998552
0.998552
0.998552
0.998552
0.998552
0.998552
0.998552
0.998552
0.998552
0.998552
0.998552
0.998552
0.998552
0.998552
0.998552
0.998552
0.998552
0.998552
0.998552
0.998552
0.998552
0.998552
0.998552
0.998552
0.998552
0.998552
0.998552
0.998552
0.998552
0.998552
0.998552
0.998552
0.998552
0.998552
0.998552
0.998552
0.998552
0.998552
0.998552
0.998552
0.998552
0.998552
0.998552
0.998552
0.998552
0.998552
0.998552
0.998552
0.998552
0.998552
0.998552
0.998552
0.998552
0.998552
0.998552
0.998552
0.998552
0.998552
0.998552
0.998552
0.998552
0.998552
0.998552
0.998552
0.998552
0.998552
0.998552
0.998552
0.998552
0.998552
0.998552
0.998552
0.998552
0.998552
0.998552
0.998552
0.998552
0.998552
0.998552
0.998552
0.998552
0.998552


0.0187054
0.0190923
0.0192306
0.0199013
0.0202554
0.0216694
0.0219154
0.0220848
0.0224302
0.023071
0.0233648
0.0242428
0.0247164
0.0262461
0.026298
0.0280494
0.028052
0.0320831
0.0328483
0.0337522
0.0349938
0.0360873
0.0378869
0.0414286
0.0467746
0.0467746
0.0472311
0.048417
0.0496433
0.0636422
0.0776758
0.0914752
0.109418
0.11673
0.124807
0.124807
0.137028
0.154527
0.163145
0.171895
0.173641
0.205453
0.205453
0.23165
0.258424
0.283885
0.31618
0.361663
0.378126
0.397222
0.412065
0.42305
0.465092
0.474247
0.503114
0.503114
0.575298
0.576329
0.576952
0.590739
0.610154
0.614081
0.622124
0.638407
0.654993
0.657954
0.660975
0.672024
0.675351
0.682086
0.694057
0.696488
0.711288
0.714715
0.719353
0.721183
0.729592
0.732443
0.746837
0.746837
0.749092
0.77607
0.779828
0.780625
0.813484
0.813484
0.825066
0.83248
0.858621
0.85911
0.860478
0.893419
0.893909
0.895374
0.912627
0.915912
0.917455
0.918342
0.928822
0.930761
0.947418
0.947418
0.947727
0.964125
0.964163
0.964268
0.966093
0.966187
0.96655
0.970677
0.973513
0.973552
0.973724
0.977625
0.977625
0.982728
0.982782
0.982823
0.984256
0.986333
0.986409
0.986911
0.987436
0.988631
0.989866
0.989887
0.989893
0.99029
0.990615
0.990698
0.991297
0.991352
0.991637
0.991709
0.99198
0.992199
0.99221
0.992271
0.992427
0.992434
0.992777
0.992872
0.99288
0.992967
0.992972
0.992989
0.992992
0.993124
0.993131
0.993156
0.993162
0.993244
0.993249
0.993251
0.993286
0.993286
0.993307
0.993331
0.993331
0.993332
0.993335
0.993354
0.993354
0.993389
0.993409
0.993411
0.993424
0.993424
0.993432
0.99344
0.993444
0.993447
0.993447
0.993447
0.993452
0.993458
0.993458
0.99346
0.993464
0.993466
0.993467
0.993468
0.99347
0.993472
0.993472
0.993472
0.993472
0.993473
0.993473
0.993474
0.993474
0.993475
0.993476
0.993476
0.993476
0.993477
0.993477
0.993477
0.993477
0.993477
0.993478
0.993478
0.993478
0.993478
0.993479
0.993479
0.993479
0.993479
0.993479
0.993479
0.993479
0.993479
0.993479
0.993479
0.993479
0.993479
0.993479
0.993479
0.993479
0.993479
0.993479
0.993479
0.993479
0.993479
0.993479
0.993479
0.993479
0.993479
0.993479
0.993479
0.993479
0.993479
0.993479
0.993479
0.993479
0.993479
0.993479
0.993479
0.993479
0.993479
0.993479
0.993479
0.993479
0.993479
0.993479
0.993479
0.993479
0.993479
0.993479
0.993479
0.993479
0.993479
0.993479
0.993479
0.993479
0.993479
0.993479
0.993479
0.993479
0.993479
0.993479
0.993479
0.993479
0.993479
0.993479
0.993479
0.993479
0.993479
0.993479
0.993479
0.993479
0.993479
0.993479
0.993479
0.993479
0.993479
0.993479
0.993479
0.993479
0.993479
0.993479
0.993479
0.993479
0.993479
0.993479
0.993479
0.993479
0.993479
0.993479
0.993479
0.993479
0.993479
0.993479
0.993479
0.993479
0.993479
0.993479
0.993479
0.993479
0.993479
0.993479
0.993479
0.993479
0.993479
0.993479
0.993479
0.993479
0.993479
0.993479
0.993479
0.993479
0.993479
0.993479
0.993479
0.993479
0.993479
0.993479
0.993479
0.993479
0.993479
0.993479
0.993479
0.993479
0.993479
0.993479
0.993479
0.993479
0.993479
0.993479
0.993479
0.993479
0.993479
0.993479
0.993479
0.993479
0.993479
0.993479
0.993479
0.993479
0.993479
0.993479
0.993479
0.993479
0.993479
0.993479
0.993479
0.993479
0.993479
0.993479
0.993479
0.993479
0.993479
0.993479
0.993479
0.993479
0.993479
0.993479
0.993479
0.993479
0.993479
0.993479
0.993479
0.993479
0.993479
0.993479
0.993479
0.993479
0.993479
0.993479
0.993479
0.993479
0.993479
0.993479
0.993479
0.993479
0.993479
0.993479
0.993479
0.993479
0.993479
0.993479
0.993479
0.993479
0.993479
0.993479
0.993479
0.993479
0.993479
0.993479
0.993479
0.993479
0.993479
0.993479
0.993479
0.993479
0.993479
0.993479
0.993479
0.993479
0.993479


0.020712
0.0212024
0.0214529
0.0226021
0.0227382
0.0233984
0.0235637
0.0236267
0.0236267
0.0252833
0.0257668
0.0258458
0.0269957
0.028136
0.0286035
0.0295923
0.0315936
0.0328676
0.0346859
0.0353709
0.0363334
0.0376788
0.0389943
0.0414839
0.0453756
0.0457745
0.0472991
0.0511914
0.0530709
0.0570192
0.061398
0.0712264
0.0731772
0.0932824
0.0932824
0.0942759
0.0962009
0.113606
0.115073
0.118786
0.143903
0.147349
0.162617
0.18855
0.189763
0.194378
0.206806
0.210015
0.21807
0.219107
0.242215
0.264507
0.272504
0.334373
0.342429
0.352279
0.375847
0.391817
0.400452
0.411855
0.416132
0.431616
0.431616
0.431616
0.438404
0.459439
0.464567
0.478323
0.480753
0.483705
0.49064
0.495413
0.4965
0.502185
0.505832
0.506588
0.507367
0.512172
0.519377
0.520477
0.520602
0.522065
0.522502
0.522502
0.529484
0.530318
0.530469
0.531141
0.531525
0.532138
0.532836
0.532953
0.533626
0.533886
0.534899
0.535238
0.535704
0.535704
0.536407
0.536613
0.536858
0.537053
0.537053
0.537414
0.537761
0.538053
0.538111
0.538345
0.538376
0.539706
0.539718
0.540259
0.540277
0.541311
0.541346
0.541357
0.541365
0.541453
0.542306
0.542306
0.542831
0.542855
0.542978
0.54328
0.543476
0.543926
0.54397
0.544109
0.544163
0.544172
0.544384
0.544384
0.544612
0.544614
0.544683
0.544747
0.544751
0.544832
0.544833
0.544904
0.544913
0.545004
0.545041
0.545041
0.545042
0.545052
0.545078
0.545107
0.545108
0.545113
0.545118
0.545122
0.545205
0.54525
0.54525
0.545262
0.545306
0.545324
0.545394
0.545394
0.545395
0.545404
0.545405
0.545405
0.545412
0.545426
0.545426
0.545426
0.545431
0.545434
0.545442
0.545434
0.545439
0.586482
0.586482
0.586482
0.586482
0.601906
0.631145
0.634369
0.634369
0.634369
0.634369
0.634898
0.634898
0.637629
0.637629
0.658892
0.706616
0.724954
0.744416
0.744416
0.758693
0.758693
0.776865
0.776865
0.776865
0.803604
0.812723
0.81339
0.826912
0.811063
0.868681
0.869848
0.869848
0.870322
0.877499
0.880888
0.89003
0.89003
0.890726
0.890094
0.891183
0.893604
0.897348
0.89972
0.908936
0.908936
0.912725
0.913105
0.914026
0.917233
0.919044
0.919315
0.920942
0.923642
0.924766
0.924766
0.927018
0.92782
0.928306
0.928842
0.92934
0.929983
0.930961
0.931014
0.93132
0.931743
0.931782
0.931829
0.931891
0.932425
0.933111
0.933296
0.933604
0.933604
0.933809
0.934041
0.934052
0.934566
0.934689
0.934689
0.935299
0.935302
0.935646
0.93596
0.935997
0.936051
0.936051
0.936082
0.936094
0.936219
0.936267
0.93629
0.936425
0.936425
0.936456
0.936459
0.936469
0.936542
0.93658
0.936568
0.936577
0.93663
0.93663
0.936632
0.936667
0.936685
0.936685
0.936685
0.936708
0.936708
0.936708
0.93671
0.936711
0.936713
0.936738
0.936738
0.936738
0.936741
0.93675
0.936752
0.936759
0.936766
0.936766
0.936767
0.936768
0.936768
0.936769
0.936771
0.936772
0.936772
0.936773
0.936773
0.936774
0.936774
0.936774
0.936775
0.936776
0.936777
0.936777
0.936776
0.936776
0.936777
0.936777
0.936778
0.936778
0.936778
0.936778
0.936778
0.936778
0.936778
0.936778
0.936779
0.936779
0.936779
0.936779
0.936779
0.936779
0.936779
0.936779
0.936779
0.936779
0.936779
0.936779
0.936779
0.936779
0.936779
0.936779
0.936779
0.936779
0.936779
0.936779
0.936779
0.936779
0.936779
0.936779
0.936779
0.936779
0.936779
0.936779
0.936779
0.936779
0.936779
0.936779
0.936779
0.936779
0.936779
0.936779
0.936779
0.936779
0.936779
0.936779
0.936779
0.936779
0.936779
0.936779
0.936779
0.936779
0.936779
0.936779
0.936779
0.936779
0.936779
0.936779
0.936779
0.936779
0.936779
0.936779
0.936779
0.936779
0.936779
0.936779
0.936779
0.936779
0.936779
0.936779
0.936779
0.936779
0.936779
0.936779
0.936779
0.936779
0.936779
0.936779
0.936779
0.936779
0.936779
0.936779
0.936779


0.0215938
0.0217772
0.0222658
0.0228831
0.0233801
0.0233801
0.0235438
0.0244453
0.025361
0.0265392
0.0267246
0.0268123
0.0289118
0.0300919
0.0311652
0.0318896
0.0319207
0.0343162
0.0343162
0.0357032
0.0417384
0.0417384
0.0417957
0.0425169
0.0501462
0.0530312
0.0604696
0.0617598
0.0676996
0.0754096
0.078162
0.0916193
0.0979108
0.106561
0.132384
0.139875
0.142601
0.17133
0.184068
0.188499
0.206934
0.214405
0.247087
0.311546
0.331409
0.331409
0.342426
0.413129
0.414179
0.460575
0.462033
0.504633
0.530885
0.560594
0.564013
0.591377
0.594154
0.607604
0.628813
0.628813
0.635436
0.652741
0.658986
0.658986
0.676818
0.682424
0.690201
0.698111
0.699125
0.702701
0.715917
0.720285
0.725256
0.728256
0.728256
0.734323
0.735932
0.736429
0.741871
0.742519
0.742519
0.745417
0.74648
0.748707
0.750869
0.751486
0.752551
0.754061
0.75595
0.75595
0.756613
0.756561
0.756868
0.756868
0.757929
0.758099
0.758312
0.758312
0.758525
0.759282
0.759282
0.759518
0.759803
0.760145
0.762749
0.762806
0.762806
0.763193
0.763274
0.763292
0.764456
0.762371
0.762436
0.763444
0.763444
0.765432
0.766424
0.766451
0.767555
0.767565
0.767818
0.767966
0.768511
0.768523
0.769853
0.76987
0.769872
0.77005
0.770347
0.770462
0.770792
0.770944
0.77095
0.770997
0.770997
0.771194
0.771531
0.771534
0.771787
0.771787
0.772022
0.772134
0.772136
0.772311
0.772395
0.772426
0.772536
0.772549
0.772599
0.772646
0.772647
0.772648
0.772901
0.772901
0.772902
0.772902
0.772929
0.772966
0.772966
0.772972
0.772986
0.772988
0.772988
0.772997
0.772997
0.772997
0.772997
0.772999
0.773006
0.773006
0.773007
0.773016
0.773016
0.773016
0.773018
0.773033
0.773034
0.773037
0.773037
0.773038
0.773038
0.773047
0.773047
0.773047
0.773052
0.773054
0.781469
0.781469
0.781469
0.782853
0.782853
0.782853
0.783827
0.785048
0.785886
0.785886
0.785886
0.787082
0.790478
0.790969
0.790969
0.790969
0.791169
0.791169
0.792542
0.792542
0.792906
0.793751
0.793751
0.794639
0.795206
0.796116
0.796409
0.796409
0.797577
0.797577
0.797606
0.798019
0.798019
0.79819
0.79863
0.798544
0.798686
0.798799
0.798799
0.798799
0.799185
0.799917
0.800142
0.800142
0.800263
0.800497
0.800778
0.800778
0.800778
0.800778
0.800804
0.800817
0.800858
0.800858
0.800895
0.800895
0.801063
0.8011
0.801118
0.801146
0.801146
0.801204
0.801204
0.801204
0.801225
0.801218
0.80122
0.80124
0.80124
0.80124
0.801245
0.801254
0.801254
0.801254
0.801256
0.801262
0.801262
0.80127
0.801279
0.801283
0.801283
0.801285
0.801286
0.801286
0.801286
0.801286
0.801286
0.801289
0.801289
0.801293
0.801293
0.801293
0.801295
0.801297
0.801297
0.801297
0.801298
0.801298
0.801299
0.8013
0.8013
0.801301
0.801301
0.801301
0.801301
0.801302
0.801302
0.801302
0.801302
0.801302
0.801302
0.801302
0.801302
0.801302
0.801302
0.801302
0.801302
0.801302
0.801302
0.801302
0.801302
0.801302
0.801302
0.801302
0.801302
0.801302
0.801302
0.801302
0.801302
0.801302
0.801303
0.801303
0.801303
0.801303
0.801303
0.801303
0.801303
0.801303
0.801303
0.801303
0.801303
0.801303
0.801303
0.801303
0.801303
0.801303
0.801303
0.801303
0.801303
0.801303
0.801303
0.801303
0.801303
0.801303
0.801303
0.801303
0.801303
0.801303
0.801303
0.801303
0.801303
0.801303
0.801303
0.801303
0.801303
0.801303
0.801303
0.801303
0.801303
0.801303
0.801303
0.801303
0.801303
0.801303
0.801303
0.801303
0.801303
0.801303
0.801303
0.801303
0.801303
0.801303
0.801303
0.801303
0.801303
0.801303
0.801303
0.801303
0.801303
0.801303
0.801303
0.801303
0.801303
0.801303
0.801303
0.801303
0.801303
0.801303
0.801303
0.801303
0.801303
0.801303
0.801303
0.801303
0.801303
0.801302
0.801303
0.801303
0.801303
0.801303
0.801303
0.801303
0.801303
0.801303


0.0199566
0.0203079
0.021244
0.0212872
0.0212886
0.0213963
0.0228013
0.0234087
0.0234087
0.0245993
0.0248255
0.0244254
0.0247129
0.0253407
0.0256627
0.0258676
0.0263702
0.0269658
0.0274105
0.0278678
0.029248
0.029302
0.0304089
0.0304337
0.0327831
0.0327831
0.0334415
0.0357467
0.0363858
0.0381419
0.0429083
0.0447495
0.0453536
0.0471618
0.0553649
0.0583354
0.0583354
0.0665967
0.0665967
0.0797173
0.0999845
0.0994942
0.103914
0.107774
0.112271
0.121007
0.122028
0.139491
0.157023
0.163784
0.171264
0.178587
0.18352
0.201378
0.217974
0.269212
0.271697
0.280728
0.32331
0.338243
0.347042
0.344971
0.364017
0.392232
0.393048
0.428531
0.441021
0.459484
0.493471
0.5001
0.507513
0.546084
0.585604
0.60007
0.607206
0.607206
0.610579
0.61579
0.64229
0.659266
0.664576
0.671936
0.702218
0.70427
0.727364
0.740542
0.755156
0.760862
0.760862
0.773711
0.782338
0.816196
0.818484
0.831628
0.836886
0.850594
0.850594
0.850594
0.869128
0.892063
0.892689
0.893151
0.898288
0.902365
0.91156
0.917899
0.941082
0.944931
0.945914
0.947943
0.953332
0.95477
0.968206
0.968477
0.968892
0.97307
0.979251
0.979259
0.980022
0.981961
0.984718
0.986412
0.987417
0.991616
0.991666
0.991666
0.993535
0.993674
0.993875
0.99457
0.994723
0.994932
0.995202
0.995444
0.996502
0.996546
0.996607
0.997436
0.997739
0.997764
0.997829
0.99784
0.998017
0.998022
0.998214
0.998214
0.998588
0.998697
0.9987
0.99912
0.999126
0.999265
0.999378
0.999378
0.999468
0.999474
0.999543
0.999627
0.999631
0.999631
0.999731
0.999733
0.999733
0.999765
0.999825
0.999826
0.999826
0.999862
0.999907
0.999908
0.999917
0.999902
0.999902
0.999903
0.999903
0.999945
0.999945
0.999945
0.999946
0.999953
0.99996
0.999955
0.999963
0.999963
0.999965
0.999966
0.999977
0.99998
0.999986
0.999989
0.999989
0.999989
0.999992
0.999993
0.999994
0.999994
0.999996
0.999996
0.999996
0.999996
0.999996
0.999997
0.999997
0.999997
0.999997
0.999998
0.999998
0.999998
0.999998
0.999999
0.999999
0.999999
0.999999
0.999999
0.999999
0.999999
0.999999
0.999999
1
1
1
1
1
1
1
1
1
1
1
1
1
1
1
1
1
1
1
1
1
1
1
1
1
1
1
1
1
1
1
1
1
1
1
1
1
1
1
1
1
1
1
1
1
1
1
1
1
1
1
1
1
1
1
1
1
1
1
1
1
1
1
1
1
1
1
1
1
1
1
1
1
1
1
1
1
1
1
1
1
1
1
1
1
1
1
1
1
1
1
1
1
1
1
1
1
1
1
1
1
1
1
1
1
1
1
1
1
1
1
1
1
1
1
1
1
1
1
1
1
1
1
1
1
1
1
1
1
1
1
1
1
1
1
1
1
1
1
1
1
1
1
1
1
1
1
1
1
1
1
1
1
1
1
1
1
1
1
1
1
1
1
1
1
1
1
1
1
1
1
1
1
1
1
1
1
1
1
1
1
1


