1982.89
1940.36
1940.36
1899.22
1899.22
1816.6
1773.93
1612.73
1593.33
1545.5
1516.63
1477.76
1371.76
1322.18
1322.18
1294.21
1265.47
1231.04
1180.95
993.129
993.129
992.008
971.824
968.957
856.782
803.25
797.934
766.964
741.46
734.619
718.653
697.586
672.507
620.512
494.369
494.369
443.901
440.731
376.68
321.565
292.179
268.084
234.834
233.655
227.863
205.117
181.293
151.282
144.936
144.936
138.879
138.422
119.89
117.869
104.788
99.2706
97.4244
94.6264
89.3839
86.255
81.8238
81.3274
72.8943
71.1422
65.6044
64.4129
63.6034
62.3024
61.104
58.5076
57.514
57.5031
56.3939
56.3939
55.8195
53.7404
53.43
53.168
53.115
52.893
52.306
52.1488
51.7385
51.7385
51.4051
51.3598
51.1739
51.1019
51.0077
50.8138
50.7173
50.7136
50.6295
50.6071
50.4934
50.4543
50.3233
50.267
50.2505
50.247
50.235
50.2115
50.1744
50.1596
50.1526
50.1174
50.1065
50.1065
50.0971
50.0914
50.0782
50.0689
50.0658
50.0625
50.0559
50.0383
50.036
50.0302
50.0286
50.0263
50.0233
50.0253
50.0226
50.0218
50.0196
50.0159
50.0144
50.0134
50.0112
50.0088
50.0085
50.008
50.0052
50.0049
50.0039
50.0039
50.0037
50.0034
50.0027
50.0023
50.0022
50.002
50.002
50.0015
50.0014
50.0014
50.0013
50.001
50.001
50.0008
50.0008
50.0007
50.0006
50.0005
50.0005
50.0004
50.0003
50.0003
50.0003
50.0003
50.0002
50.0002
50.0002
50.0002
50.0002
50.0001
50.0001
50.0001
50.0001
50.0001
50.0001
50.0001
50
50
50
50
50
50
50
50
50
50
50
50
50
50
50
50
50
50
50
50
50
50
50
50
50
50
50
50
50
50
50
50
50
50
50
50
50
50
50
50
50
50
50
50
50
50
50
50
50
50
50
50
50
50
50
50
50
50
50
50
50
50
50
50
50
50
50
50
50
50
50
50
50
50
50
50
50
50
50
50
50
50
50
50
50
50
50
50
50
50
50
50
50
50
50
50
50
50
50
50
50
50
50
50
50
50
50
50
50
50
50
50
50
50
50
50
50
50
50
50
50
50
50
50
50
50
50
50
50
50
50
50
50
50
50
50
50
50
50
50
50
50
50
50
50
50
50
50
50
50
50
50
50
50
50
50
50
50
50
50
50
50
50
50
50
50
50
50
50
50
50
50
50
50
50
50
50
50
50
50
50
50
50
50
50
50
50
50
50
50
50
50
50
50
50
50
50
50
50
50
50
50
50
50
50
50
50
50
50
50
50
50
50
50
50
50
50
50
50
50
50
50
50
50
50
50
50
50


1926.67
1917.11
1883.07
1848.23
1714.51
1700.16
1589.62
1533.99
1533.99
1513.62
1450.04
1380.79
1376.58
1364.14
1336.42
1295.75
1237.74
1134.82
1134.82
1131.98
1026.53
988.05
938.99
899.63
884.895
847.747
786.309
732.448
721.058
612.671
543.192
524.673
460.389
430.513
430.513
395.937
392.215
351.758
331.635
286.629
286.629
234.169
217.251
188.239
188.239
187.391
157.526
150.503
142.332
129.758
124.584
117.221
102.195
96.6719
90.6643
86.774
83.1896
81.8939
76.418
68.3116
67.8058
65.5266
60.4192
60.4192
56.8104
53.6226
53.2007
51.8361
50.6335
49.4428
48.9451
47.4186
47.3471
47.158
46.2516
45.8523
45.1856
45.0841
44.5556
44.4675
44.4412
44.0048
44.0048
43.7527
43.6086
43.4074
43.1788
43.0784
42.9855
42.8692
42.821
42.7271
42.7268
42.5771
42.5393
42.4987
42.4954
42.4292
42.4175
42.4011
42.388
42.3696
42.3642
42.3604
42.3497
42.3277
42.3266
42.3225
42.3209
42.3059
42.3028
42.3028
42.2944
42.2936
42.2875
42.277
42.2767
42.2754
42.2743
42.2698
42.2698
42.2673
42.2656
42.2622
42.2615
42.2603
42.257
42.2564
42.2557
42.2538
42.2527
42.2525
42.252
42.2519
42.2516
42.2515
42.2513
42.2509
42.2509
42.2508
42.2506
42.2502
42.2497
42.2496
42.2495
42.2495
42.2494
42.2491
42.2491
42.249
42.2489
42.2487
42.2487
42.2485
42.2485
42.2484
42.2483
42.2483
42.2482
42.2482
42.2482
42.2482
42.2481
42.2481
42.2481
42.2481
42.2481
42.2481
42.2481
42.2481
42.2481
42.2481
42.2481
42.2481
42.2481
42.248
42.248
42.248
42.248
42.248
42.248
42.248
42.248
42.248
42.248
42.248
42.248
42.248
42.248
42.248
42.248
42.248
42.248
42.248
42.248
42.248
42.248
42.248
42.248
42.248
42.248
42.248
42.248
42.248
42.248
42.248
42.248
42.248
42.248
42.248
42.248
42.248
42.248
42.248
42.248
42.248
42.248
42.248
42.248
42.248
42.248
42.248
42.248
42.248
42.248
42.248
42.248
42.248
42.248
42.248
42.248
42.248
42.248
42.248
42.248
42.248
42.248
42.248
42.248
42.248
42.248
42.248
42.248
42.248
42.248
42.248
42.248
42.248
42.248
42.248
42.248
42.248
42.248
42.248
42.248
42.248
42.248
42.248
42.248
42.248
42.248
42.248
42.248
42.248
42.248
42.248
42.248
42.248
42.248
42.248
42.248
42.248
42.248
42.248
42.248
42.248
42.248
42.248
42.248
42.248
42.248
42.248
42.248
42.248
42.248
42.248
42.248
42.248
42.248
42.248
42.248
42.248
42.248
42.248
42.248
42.248
42.248
42.248
42.248
42.248
42.248
42.248
42.248
42.248
42.248
42.248
42.248
42.248
42.248
42.248
42.248
42.248
42.248
42.248
42.248
42.248
42.248
42.248
42.248
42.248
42.248
42.248
42.248
42.248
42.248
42.248
42.248
42.248
42.248
42.248
42.248
42.248
42.248
42.248
42.248
42.248
42.248
42.248
42.248
42.248
42.248
42.2822
42.248
42.248
42.248
42.248
42.248
42.248
42.248
42.248
42.248
42.248
42.248
42.248
42.248
42.248
42.248
42.248
42.248
42.248
42.248
42.248
42.248
42.248
42.248
42.248
42.248
41.5559
41.5559
41.5559
41.1333
41.1694
40.5686
40.5686
40.1493
39.9361
39.9046
39.9046
39.8179
39.7221
39.6791
39.6783
39.6783
39.6775
39.6334
39.6334
39.5807
39.5807
39.5734
39.5586
39.5436
39.5721
39.5447
39.451
39.4375
39.4337
39.3768
39.3507
39.2981
39.2746


1897.2
1897.2
1869.28
1869.28
1831
1793.45
1763.21
1750.74
1724.46
1683.74
1657.11
1609.76
1583.26
1514.76
1504.48
1419.95
1417.61
1358.34
1268.79
1268.79
1237.66
1231.65
1200.26
1162.29
1073.2
942.285
890.717
883.579
860.248
806.989
782.291
778.091
758.82
717.018
638.124
638.124
584.181
544.846
469.776
453.139
449.012
441.11
378.098
337.575
336.482
302.088
272.255
268.503
226.422
214.392
204.753
176.668
176.668
150.507
147.93
141.311
133.304
133.304
130.417
130.417
119.296
96.0061
93.2218
87.1952
83.9757
80.5597
76.3788
75.0919
74.8456
74.2524
73.552
66.3753
64.8456
64.4339
59.5923
59.0258
54.2358
54.2358
54.1147
53.8613
53.8613
53.5452
51.7365
51.6537
50.7224
50.6696
49.7292
48.7226
48.651
48.4516
48.1988
48.113
48.0535
48.0535
47.8418
47.7726
47.2849
47.2849
47.2491
47.23
47.1771
47.0863
46.9077
46.9077
46.8553
46.7973
46.795
46.7502
46.7272
46.7218
46.7215
46.7149
46.7149
46.6818
46.6685
46.663
46.663
46.6624
46.628
46.5988
46.5685
46.5639
46.5594
46.5388
46.5375
46.5369
46.5259
46.5256
46.525
46.5208
46.476
46.4396
46.3769
46.2778
46.2751
46.0805
45.965
45.9648
45.8663
45.8663
45.8124
45.7226
45.6371
45.6336
45.5352
45.5251
45.525
45.5249
45.52
45.5199
45.4984
45.4984
45.4864
45.4864
45.4729
45.4552
45.4545
45.4545
45.4381
45.4182
45.4182
45.4034
45.3786
45.3307
45.3306
45.3306
45.2845
45.2845
45.2845
45.2486
45.2486
45.2448
45.2407
45.2407
45.2407
45.2312
45.2312
45.2302
45.2302
45.2257
45.2257
45.2198
45.2198
45.2198
45.2197
45.2142
45.2142
45.2129
45.2129
45.2119
45.2119
45.2123
45.2112
45.2106
45.2106
45.2105
45.2105
45.21
45.2096
45.2096
45.2094
45.2093
45.2093
45.209
45.2089
45.2089
45.2088
45.2086
45.2083
45.2081
45.208
45.2078
45.2078
45.2077
45.2077
45.2077
45.2076
45.2075
45.2075
45.2075
45.2075
45.2074
45.2073
45.2073
45.2073
45.2073
45.2073
45.2072
45.2072
45.2072
45.2071
45.2071
45.2071
45.2071
45.2071
45.2071
45.2071
45.2071
45.2071
45.2071
45.207
45.207
45.207
45.207
45.207
45.207
45.207
45.207
45.207
45.207
45.207
45.207
45.207
45.207
45.207
45.207
45.207
45.207
45.207
45.207
45.207
45.207
45.207
45.207
45.207
45.207
45.207
45.207
45.207
45.207
45.207
45.207
45.207
45.207
45.2069
45.2069
45.2069
45.2069
45.2069
45.2069
45.2069
45.2069
45.2069
45.2069
45.2069
45.2069
45.2069
45.2069
45.2069
45.2069
45.2069
45.2069
45.2069
45.2069
45.2069
45.2069
45.2069
45.2069
45.2069
45.2069
45.2069
45.2069
45.2069
45.2069
45.2069
45.2069
45.2069
45.2069
45.2069
45.2069
45.2069
45.2069
45.2069
45.2069
45.2069
45.2069
45.2069
45.2069
45.2069
45.2069
45.2069
45.2069
45.2069
45.2069
45.2069
45.2069
45.2069
45.2069
45.2069
45.2069
45.2069
45.2069
45.2069
45.2069
45.2069
45.2069
45.2069
45.2069
45.2069
45.2069
45.2069
45.2069
45.2069
45.2069
45.2069
45.2069
45.2069
45.2069
45.2069
45.2069
45.2069
45.2069
45.2069
45.0281
44.9433
44.7003
44.6232
44.6232
44.6232
44.6232
44.5863
44.5621
44.5538
44.5208
44.5149
44.5098
44.5025
44.4962
44.4934
44.49
44.4831
44.4713
44.4542
44.4426
44.4019
44.3464
44.2834
44.2008
44.1983
44.148
44.0863
44.0558
44.0558
44.0558
44.0241
43.9716
43.9188
43.85
43.7566
43.7135
43.5923
43.5459
43.4884
43.4101
39.3033
39.3033
39.3033
39.3033
39.3033
39.1814


1969.05
1958.14
1874.15
1759.65
1703.34
1703.34
1665.19
1655.51
1513.57
1497.1
1497.1
1450.11
1450.11
1412.24
1403.69
1339.74
1231.52
1227.91
1227.02
1213.37
1213.37
1187.57
1167.54
1120.02
1069.68
1054.88
1002.7
942.811
942.77
876.959
862.61
827.323
805.248
754.299
731.484
693.655
693.655
677.771
586.976
517.751
512.66
457.65
444.117
357.277
300.342
286.288
264.596
252.41
193.163
188.71
163.644
163.994
162.324
137.116
120.823
114.794
100.544
98.7149
88.1944
82.4817
82.4817
80.3429
79.047
78.3679
74.8174
73.7041
70.3301
67.5395
63.6085
60.9178
60.9178
59.4319
59.4319
56.2017
56.2017
56.2017
55.1265
54.7933
54.4192
53.4205
52.9188
52.8081
52.614
52.3801
52.2083
52.1503
51.8908
51.8684
51.7097
51.454
51.3182
51.2413
51.1836
51.1621
51.0399
50.9179
50.8032
50.6611
50.6611
50.6554
50.6269
50.5894
50.5583
50.5372
50.5204
50.4887
50.4631
50.4496
50.4496
50.4343
50.4343
50.4306
50.4102
50.4102
50.4007
50.394
50.3839
50.3836
50.3722
50.369
50.3679
50.3629
50.3626
50.3622
50.3586
50.3551
50.3547
50.3532
50.3528
50.3503
49.9251
49.9245
49.9244
47.5775
42.8164
41.0773
40.0081
39.6217
39.4788
38.746
38.0365
38.0365
37.1987
36.3821
35.7591
35.7591
35.7591
35.759
35.3001
34.9048
34.4134
34.8869
34.8869
34.5066
34.3891
34.3891
34.3891
34.3787
34.3787
34.3573
34.2824
34.4753
34.4753
34.3578
34.3578
34.2916
34.2287
34.2287
34.1367
34.0084
34.0084
33.9992
33.8606
33.8236
33.7991
33.7782
33.7782
33.7752
33.6947
33.6727
33.663
33.6136
33.5767
33.5767
32.7997
32.7736
32.7736
32.7589
31.6016
31.6016
31.5989
31.0638
30.1532
30.1368
30.1368
30.1296
30.1296
29.6203
27.6242
27.6242
27.2731
26.6342
26.6324
26.6276
26.3164
26.3093
26.0639
26.0628
25.9469
25.9469
25.9469
25.6551
25.6453
25.2305
25.2305
25.1253
25.1253
25.0234
24.9946
24.9698
24.9524
24.8923
24.8923
24.8835
24.7103
24.7101
24.7088
24.6045
24.6045
24.5814
24.5813
24.5811
24.5694
24.5329
24.5148
24.5114
24.5114
24.4495
24.4493
24.4493
24.4492
24.4318
24.4011
24.4011
24.3899
24.3713
24.366
24.3533
24.3533
24.3512
24.3511
24.3326
24.3326
24.3326
24.3325
24.325
24.318
24.318
24.3106
24.3056
24.3056
24.3056
24.2991
24.2991
24.2969
24.2931
24.293
24.293
24.2909
24.2888
24.2888
24.2899
24.2881
24.2881
24.287
24.2863
24.2861
24.2861
24.2859
24.2858
24.2854
24.2844
24.2844
24.2842
24.2842
24.2832
24.2825
24.2825
24.2825
24.2825
24.2825
24.2825
24.2824
24.2822
24.282
24.282
24.282
24.2819
24.2819
24.2818
24.2817
24.2818
24.2818
24.2817
24.2816
24.2815
24.2815
24.2815
24.2815
24.2815
24.2814
24.2814
24.2814
24.2814
24.2813
24.2813
24.2813
24.2813
24.2813
24.2813
24.2813
24.2813
24.2813
24.2813
24.2813
24.2813
24.2813
24.2813
24.2813
24.2813
24.2813
24.2813
24.2813
24.2812
24.2812
24.2812
24.2812
24.2812
24.2812
24.2812
24.2812
24.2812
24.2812
24.2812
24.2812
24.2812
24.2812
24.2812
24.2812
24.2812
24.2812
24.2812
24.2812
24.2812
24.2812
24.2812
24.2812
24.2812
24.2812
24.2812
24.2812
24.2812
24.2812
24.2812
24.2812
24.2812
24.2812
24.2812
24.2812
24.2812
24.2812
24.2812
24.2812
24.2812
24.2812
24.2812
24.2812
24.2812
24.2812
24.2812
24.2812
24.2812
24.2812
24.2812
24.2812
24.2812
24.2812
24.2812
24.2812
24.2812
24.2812
24.2812
24.2812
24.2812
24.2812
24.2812
24.2812
24.2812
24.2812
24.2812


1933.16
1904.46
1904.22
1877.42
1769.94
1762.35
1676.48
1673.67
1634.97
1536.33
1521.44
1521.86
1508.15
1492.28
1473.94
1385.32
1309.98
1258.1
1227.05
1155.24
1134.33
1100.26
1094.96
1085.39
1068.77
1062.54
1016.87
982.616
834.122
771.184
730.191
711.789
686.092
671.59
671.59
577.24
520.99
506.312
472.909
353.046
353.046
281.931
275.062
257.891
240.982
223.351
189.996
177.933
177.933
157.997
145.155
135.542
135.542
123.434
108.935
108.915
104.445
95.8565
90.9283
89.3708
86.7507
86.5088
84.012
79.7011
78.7085
77.6921
77.0484
72.2229
71.3382
69.691
69.691
69.0321
67.4514
67.1661
66.599
64.4248
63.785
63.5662
62.7974
61.9233
61.4774
61.4774
61.1118
60.5315
59.8257
59.6875
59.6875
59.4475
59.1504
58.8274
58.3192
58.3737
58.2732
58.1153
58.0569
57.983
57.7957
57.7877
57.7232
57.6208
57.5933
57.5347
57.5097
57.3835
57.3835
57.2982
57.2982
57.2808
57.2611
57.2383
57.2096
57.1207
57.1207
57.1037
57.103
57.0716
57.0536
57.0536
57.0286
57.027
57.023
57.0152
57.0118
57.0043
56.9985
56.9981
56.9892
56.9866
56.9838
56.9826
56.9823
56.9805
56.9772
56.9762
56.9762
56.9753
56.9753
56.974
56.9734
56.9717
56.9702
56.97
56.97
56.9682
56.9681
56.9679
56.9678
56.9676
56.9671
56.9668
56.9667
56.9667
56.966
56.9659
56.9659
56.9659
56.9657
56.9657
56.9656
56.9655
56.9655
56.9655
56.9655
56.9653
56.9653
56.9652
56.9652
56.9651
56.9651
56.9651
56.9651
56.965
56.965
56.965
56.965
56.965
56.9649
56.9649
56.9649
56.9649
56.9649
52.8528
52.8528
52.8528
51.5977
51.5977
51.3883
51.3883
51.1422
50.7432
49.7948
49.7948
49.7495
49.7495
49.1584
49.1584
49.1515
49.0958
49.0958
49.0958
49.0958
48.5986
48.5986
48.5556
48.5556
47.8861
45.1634
44.5918
44.5918
35.9286
32.8821
32.6672
31.6318
31.5882
27.0157
26.833
26.833
26.7363
26.7363
25.8943
24.7817
24.5766
24.4218
24.4218
24.2551
24.0157
23.7878
23.6957
23.4664
23.3318
23.0152
22.5254
22.1607
22.005
21.7512
21.7126
21.7126
21.6988
21.4702
21.4096
21.3296
21.2396
20.8599
20.8556
20.7091
20.7028
20.6842
20.5391
20.5133
20.4559
20.4425
20.2703
20.1918
20.1915
20.1163
20.1074
20.1074
20.0687
20.0666
19.9765
19.9036
19.9418
19.9287
19.9281
19.8586
19.8554
19.7559
19.7558
19.7522
19.6915
19.6915
19.7036
19.7027
19.7017
19.6742
19.6681
19.6647
19.6647
19.6156
19.6156
19.6119
19.6117
19.6117
19.6021
19.6021
19.6021
19.5947
19.5934
19.5895
19.5851
19.5843
19.5852
19.583
19.5797
19.5796
19.5754
19.5741
19.5696
19.5696
19.5691
19.5691
19.5694
19.569
19.5674
19.5674
19.5674
19.565
19.564
19.5627
19.5622
19.5622
19.5623
19.5619
19.5617
19.5608
19.5608
19.5608
19.5606
19.5606
19.5602
19.5601
19.5599
19.5599
19.5595
19.5594
19.5594
19.5593
19.5593
19.559
19.5589
19.5588
19.5588
19.5586
19.5583
19.5581
19.5581
19.5581
19.558
19.5579
19.5578
19.5577
19.5577
19.5577
19.5577
19.5577
19.5577
19.5577
19.5576
19.5576
19.5575
19.5575
19.5575
19.5575
19.5575
19.5575
19.5575
19.5575
19.5575
19.5575
19.5574
19.5574
19.5574
19.5573
19.5573
19.5573
19.5573
19.5573
19.5573
19.5573
19.5573
19.5573
19.5573
19.5573
19.5573
19.5573
19.5573
19.5573
19.5573
19.5573
19.5573
19.5573
19.5573
19.5573
19.5573
19.5573
19.5573
19.5573
19.5573
19.5573
19.5573
19.5573
19.5573
19.5573
19.5573
19.5573
19.5573
19.5573
19.5573
19.5573
19.5573


1965.72
1869.11
1785.31
1785.31
1766.25
1642.14
1642.14
1566.39
1418.59
1417.15
1391.27
1391.27
1390.73
1237.66
1213.56
1181.59
1145.12
1057.91
1057.91
1004.89
934.461
954.425
880.185
879.737
758.159
727.952
717.692
699.594
658.436
574.267
547.289
538.314
523.923
427.091
422.644
390.871
361.476
361.476
343.72
310.993
280.628
262.59
233.746
218.178
214.703
192.818
173.181
166.378
156.66
141.283
127.482
123.994
115.177
108.155
102.502
102.502
97.5645
93.6219
93.6219
85.8094
82.4366
82.3766
81.933
79.5813
78.0239
77.2267
77.0311
76.151
75.669
74.8744
74.8744
72.8476
72.1932
72.0338
71.8134
71.7724
71.6595
71.4547
71.1517
70.6703
70.384
70.2197
70.0814
70.0578
69.6288
69.5949
69.5472
66.6539
64.2717
64.2544
62.7452
64.4875
63.4634
61.8429
61.8425
61.1506
61.1485
61.1406
60.2307
60.1534
60.1477
59.8802
59.873
59.2953
59.2642
58.3322
58.3292
58.3266
57.8119
57.8119
57.5795
57.5474
57.4668
56.9747
56.9729
56.7934
56.7934
56.791
56.7425
56.3997
56.3991
56.3045
56.2729
56.1285
56.1254
56.1246
56.1245
56.1166
56.0985
56.069
56.0341
55.9721
55.9658
55.9166
55.9166
55.9166
55.9166
55.9121
55.7513
55.2092
52.391
52.242
52.2372
51.1451
47.6455
47.6455
47.6388
47.2572
47.2516
45.9378
45.9347
45.8222
45.8222
45.8159
44.4511
44.0663
43.966
43.9659
42.9967
42.5882
42.3658
42.1417
42.029
42.0286
42.0286
41.6949
41.6831
41.6821
41.682
41.4213
41.4117
41.3163
41.0637
41.0637
40.983
40.5971
39.2843
39.2332
39.233
39.1312
39.1312
39.0799
38.8942
38.798
38.7463
38.7394
38.722
38.722
38.7217
38.6402
38.6254
38.6269
38.6159
38.5833
38.5832
38.5726
38.5725
38.5725
38.5426
37.6228
37.5424
36.3071
36.3071
36.269
35.7752
35.659
35.3541
35.3541
35.3541
35.3505
34.9385
34.9798
34.6668
34.6668
34.6668
34.4885
34.4458
34.0367
34.0367
34.0367
33.9718
33.9718
33.722
33.6726
33.6726
33.6128
33.6128
33.5234
33.5234
33.518
33.517
33.5194
33.5194
33.5194
33.5194
33.5037
33.4664
33.4664
33.4664
33.4594
33.4551
33.4594
33.4548
33.4434
33.4353
33.4353
33.4328
33.4313
33.427
33.4144
33.4144
33.4144
33.4093
33.4068
33.4057
33.4042
33.4042
33.4042
33.4032
33.402
33.402
33.402
33.3984
33.3979
33.3978
33.3972
33.3969
33.396
33.3958
33.395
33.395
33.3945
33.3945
33.3945
33.394
33.394
33.3937
33.3936
33.3936
33.3936
33.3934
33.3932
33.3929
33.3929
33.3929
33.3929
33.3927
33.3926
33.3926
33.3925
33.3925
33.3924
33.3924
33.3924
33.3924
33.3923
33.3923
33.3923
33.3922
33.3922
33.3922
33.3921
33.3921
33.3921
33.3921
33.3921
33.3921
33.3921
33.3921
33.3921
33.392
33.392
33.392
33.392
33.392
33.392
33.392
33.392
33.392
33.392
33.392
33.392
33.392
33.392
33.392
33.392
33.392
33.392
33.392
33.392
33.392
33.392
33.392
33.392
33.392
33.392
33.392
33.392
33.392
33.392
33.392
33.392
33.392
33.392
33.392
33.392
33.392
33.392
33.392
33.392
33.392
33.392
33.392
33.392
33.392
33.392
33.392
33.392
33.392
33.392
33.392
33.392
33.392
33.392
33.392
33.392
33.392
33.392
33.392
33.392
33.392
33.392
33.392
33.392
33.392
33.392
33.392
33.392
33.392
33.392
33.392
33.392
33.392
33.392
33.392
33.392
33.392
33.392
33.392
33.392
33.392
33.392
33.392
33.392
33.392
33.392
33.392
33.392
33.392
33.392


1911.5
1900.48
1900.48
1873.72
1858.55
1858.55
1858.13
1794.97
1724.71
1622.97
1514.09
1530.45
1508.9
1474.59
1444.56
1412.97
1391.36
1349.05
1336.99
1279.29
1227.09
1208.51
1182.78
1169.97
1064.91
1049.09
1012.65
957.751
905.95
833.638
755.843
754.978
750.588
717.381
694.305
638.252
601.406
551.44
450.906
450.906
381.631
352.118
352.118
317.32
289.815
278.726
278.726
249.769
217.798
183.183
152.149
127.622
122.914
121.133
89.4452
72.9623
71.448
68.4054
66.6928
65.1387
58.5388
51.7857
50.8593
48.2827
47.1518
46.1438
42.746
39.5138
36.9027
33.8113
33.7971
32.406
29.758
29.758
28.9274
25.4588
24.8868
24.757
24.4778
23.9697
23.7952
22.9254
21.6499
21.6499
21.6404
21.5484
21.4493
21.0542
20.9412
20.862
20.5887
20.2528
19.5237
19.4151
19.4061
19.0677
19.0608
18.0796
17.5197
17.4605
17.2275
17.1945
17.1945
17.1727
17.1727
16.7933
16.7859
16.583
16.3982
16.3693
16.2157
16.1812
16.1797
15.9634
15.9634
15.9634
15.9532
15.9289
15.9142
15.8441
15.8268
15.7559
15.7559
15.7552
15.7156
15.7108
15.6888
15.6888
15.6836
15.6707
15.6704
15.6648
15.6646
15.6643
15.6577
15.6548
15.6548
15.6479
15.6479
15.6395
15.6113
15.6103
15.5996
15.5963
15.5963
15.5952
15.5885
15.5858
15.5845
15.5845
15.5784
15.5778
15.5755
15.5745
15.5743
15.5715
15.5711
15.5711
15.569
15.5671
15.5646
15.5642
15.5641
15.564
15.5634
15.5631
15.5612
15.5611
15.5598
15.5596
15.5596
15.5587
15.5587
15.5585
15.5584
15.5582
15.5582
15.5579
15.5579
15.5578
15.5578
15.5575
15.5574
15.5574
15.5572
15.5572
15.557
15.5569
15.5568
15.5568
15.5567
15.5567
15.5566
15.5566
15.5565
15.5565
15.5565
15.5565
15.5565
15.5564
15.5564
15.5564
15.5564
15.5564
15.5564
15.5564
15.5564
15.5564
15.5563
15.5563
15.5563
15.5563
15.5563
15.5563
15.5563
15.5563
15.5563
15.5563
15.5563
15.5563
15.5563
15.5563
15.5563
15.5563
15.5563
15.5563
15.5563
15.5563
15.5563
15.5563
15.5563
15.5563
15.5563
15.5563
15.5563
15.5563
15.5563
15.5563
15.5563
15.5563
15.5563
15.5563
15.5563
15.5563
15.5563
15.5563
15.5563
15.5563
15.5563
15.5563
15.5563
15.5563
15.5563
15.5563
15.5563
15.5563
15.5563
15.5563
15.5563
15.5563
15.5563
15.5563
15.5563
15.5563
15.5563
15.5563
15.5563
15.5563
15.5563
15.5563
15.5563
15.5563
15.5563
15.5563
15.5563
15.5563
15.5563
15.5563
15.5563
15.5563
15.5563
15.5563
15.5563
15.5563
15.5563
15.5563
15.5563
15.5563
15.5563
15.5563
15.5563
15.5563
15.5563
15.5563
15.5563
15.5563
15.5563
15.5563
15.5563
15.5563
15.5563
15.5563
15.5563
15.5563
15.5563
15.5563
15.5563
15.5563
15.5563
15.5563
15.5563
15.5563
15.5563
15.5563
15.5563
15.5563
15.5563
15.5563
15.5563
15.5563
15.5563
15.5563
15.5563
15.5563
15.5563
15.5563
15.5563
15.5563
15.5563
15.5563
15.5563
15.5563
15.5563
15.5563
15.5563
15.5563
15.5563
15.5563
15.5563
15.5563
15.5563
15.5563
15.5563
15.5563
15.5563
15.5563
15.5563
15.5563
15.5563
15.5563
15.5563
15.5563
15.5563
15.5563
15.5563
15.5563
15.5563
15.5563
15.5563
15.5563
15.5563
15.5563
15.5563
15.5563
15.5563
15.5563
15.5563
15.5563
15.5563
15.5563
15.5563
15.5563
15.5563
15.5563
15.5563
15.5563
15.5563
15.5563
15.5563
15.5563
15.5563
15.5563
15.5563
15.5563
15.5563
15.5563
15.5563
15.5563
15.5563
15.5563
15.5563
15.5563
15.5563
15.5563
15.5563
15.5563
15.5563
15.5563
15.5563
15.5563


1933.91
1905.89
1905.03
1768.85
1715.34
1715.34
1615.16
1615.16
1575.98
1559.5
1479.98
1471.78
1446.95
1387.26
1381.62
1263.07
1262.2
1186.15
1183.55
1091.89
1044.32
950.093
950.093
941.982
830.574
820.845
768.876
716.324
691.475
609.248
451.72
377.008
375.756
315.865
312.581
265.166
248.244
221.945
203.283
194.926
175.366
165.877
162.963
136.279
134.976
125.619
113.349
111.689
104.019
98.237
96.0686
81.8413
75.4314
75.4314
75.1463
68.0052
65.7469
65.6566
60.5143
59.7176
58.097
56.541
56.3924
54.362
50.1034
49.8862
48.763
46.155
45.8145
44.69
44.69
43.6266
43.3303
40.4985
40.4985
39.9642
39.8422
39.7631
39.7612
39.7273
39.2727
38.7849
38.3825
36.2841
36.1781
36.1781
36.1386
36.1322
35.9387
35.9387
35.7586
35.5631
35.4753
35.1092
35.1092
35.0884
34.9478
34.7818
34.7237
34.7228
34.6397
34.621
34.4926
34.4926
34.44
34.3968
34.384
34.3192
34.1071
34.0879
34.0827
34.0129
34.0055
34.0055
34.0053
33.9854
33.9835
33.9835
33.9488
33.9447
33.9123
33.9115
33.8985
33.8732
33.8732
33.8653
33.8391
33.8381
33.8375
33.8328
33.8235
33.8232
33.8232
33.8231
33.8174
33.8174
33.8173
33.8145
33.8145
33.8141
33.8041
33.8041
33.8041
33.803
33.8015
33.8012
33.8008
33.8007
33.7995
33.7995
33.7983
33.7983
33.7978
33.797
33.797
33.7953
33.7953
33.7952
33.7952
33.795
33.795
33.7946
33.7934
33.7934
33.7931
33.7931
33.793
33.7929
33.7928
33.7928
33.7926
33.7926
33.7926
33.7926
33.7926
33.7925
33.7924
33.7923
33.7923
33.7923
33.7921
33.7921
33.7921
33.7921
33.7921
33.792
33.792
33.792
33.792
33.792
33.792
33.792
33.792
33.792
33.792
33.7919
33.7919
33.7919
33.7919
33.7919
33.7919
33.7919
33.7919
33.7919
33.7919
33.7919
33.7919
33.7919
33.7919
33.7919
33.7919
33.7919
33.7919
33.7919
33.7919
33.7919
33.7919
33.7919
33.7919
33.7919
33.7919
33.7919
33.7919
33.7919
33.7919
33.7919
33.7919
33.7919
33.7919
33.7919
33.7919
33.7919
33.7919
33.7919
33.7919
33.7919
33.7919
33.7919
33.7919
33.7919
33.7919
33.7919
33.7919
33.7919
33.7919
33.7919
33.7919
33.7919
33.7919
33.7919
33.7919
33.7919
33.7919
33.7919
33.7919
33.7919
33.7919
33.7919
33.7919
33.7919
33.7919
33.7919
33.7919
33.7919
33.7919
33.7919
33.7919
33.7919
33.7919
33.7919
33.7919
33.7919
33.7919
33.7919
33.7919
33.7919
33.7919
33.7919
33.7919
33.7919
33.7919
33.7919
33.7919
33.7919
33.7919
33.7919
33.7919
33.7919
33.7919
33.7919
33.7919
33.7919
33.7919
33.7919
33.7919
33.7919
33.7919
33.7919
33.7919
33.7919
33.7919
33.7919
33.7919
33.7919
33.7919
33.7919
33.7919
33.7919
33.7919
33.7919
33.7919
33.7919
33.7919
33.7919
33.7919
33.7919
33.7919
33.7919
33.7919
33.7919
33.7919
33.7919
33.7919
33.7919
33.7919
33.7919
33.7919
33.7919
33.7919
33.7919
33.7919
33.7919
33.7919
33.7919
33.7919
33.7919
33.7919
33.7919
33.7919
33.7919
33.7919
33.7919
33.7919
33.7919
33.7919
33.7919
33.7919
33.7919
33.7919
33.7919
33.7919
33.7919
33.7919
33.7919
33.7919
33.7919
33.7919
33.7919
33.7919
33.7919
33.7919
33.7919
33.7919
33.7919
33.7919
33.7919
33.7919
33.7919
33.7919
33.7919
33.7919
33.7919
33.7919
33.7919
33.7919
33.7919
33.7919
33.7919
33.7919
33.7919
33.7919
33.7919
33.7919
33.7919
33.7919
33.7919
33.7919
33.7919
33.7919
33.7919
33.7919
33.7919
33.7919
33.7919
33.7919
33.7919
33.7919
33.7919
33.7919
33.7919


1929.49
1869.3
1852.29
1852.29
1835.3
1722.75
1685.54
1646.8
1555.41
1528.35
1419.45
1451.44
1386.56
1347.85
1305.83
1291.96
1280.08
1216.22
1214.34
1198.43
1164.78
1092.84
1076.55
1040.01
924.03
884.819
789.874
785.74
785.418
712.65
615.936
625.92
622.164
461.977
461.977
450.557
447.989
366.598
344.557
271.255
261.181
226.889
192.658
192.477
185.313
147.531
144.786
144.088
105.893
102.634
99.6915
89.6015
84.7856
81.1134
73.4426
61.8601
61.8601
60.9011
59.6705
56.4761
45.8389
44.8481
44.6485
42.5344
39.1453
35.7872
35.1106
34.328
34.3095
34.2338
33.4399
33.1428
33.1428
31.5229
31.1155
30.5859
30.5383
30.3883
29.5371
29.1609
28.8957
28.9032
28.6579
28.4789
28.2361
28.2361
28.1539
27.8445
27.8189
27.6776
27.5505
27.4449
27.3192
27.3192
27.2922
27.1553
27.1526
27.1447
27.1359
27.0697
27.0345
27.0342
26.9999
26.9826
26.9356
26.9312
26.9256
26.9213
26.9026
26.8831
26.879
26.8659
26.8658
26.863
26.859
26.854
26.8495
26.8101
26.7062
26.3998
26.2779
26.2741
26.2734
26.1652
26.0317
26.0309
26.0309
26.0175
26.0164
26.0164
25.9717
25.9343
25.9263
25.926
25.9259
25.9193
25.8954
25.8929
25.8927
25.8912
25.8874
25.8874
25.8788
25.8688
25.8658
25.8547
25.8534
25.8516
25.8515
25.8502
25.8486
25.8564
25.8562
25.8507
25.8466
25.8465
25.843
25.8429
25.8406
25.8406
25.8326
25.8318
25.8318
25.8307
25.8307
25.8289
25.8289
25.828
25.8279
25.8278
25.8264
25.8264
25.8264
25.8256
25.8256
25.8255
25.8246
25.824
25.824
25.824
25.8231
25.823
25.823
25.8226
25.8226
25.8226
25.8225
25.8225
25.8219
25.8219
25.8218
25.8216
25.8213
25.8213
25.8211
25.8211
25.8211
25.8211
25.8211
25.8209
25.8208
25.8208
25.8207
25.8207
25.8207
25.8207
25.8206
25.8206
25.8206
25.8206
25.8206
25.8206
25.8206
25.8206
25.8205
25.8205
25.8205
25.8205
25.8205
25.8205
25.8205
25.8205
25.8205
25.8205
25.8205
25.8205
25.8205
25.8205
25.8205
25.8205
25.8205
25.8205
25.8205
25.8205
25.8205
25.8205
25.8205
25.8205
25.8205
25.8205
25.8205
25.8205
25.8205
25.8205
25.8205
25.8205
25.8205
25.8205
25.8205
25.8205
25.8205
25.8205
25.8205
25.8205
25.8205
25.8205
25.8205
25.8205
25.8205
25.8205
25.8205
25.8205
25.8205
25.8205
25.8205
25.8205
25.8205
25.8205
25.8205
25.8205
25.8205
25.8205
25.8205
25.8205
25.8205
25.8205
25.8205
25.8205
25.8205
25.8205
25.8205
25.8205
25.8205
25.8205
25.8205
25.8205
25.8205
25.8205
25.8205
25.8205
25.8205
25.8205
25.8205
25.8205
25.8205
25.8205
25.8205
25.8205
25.8205
25.8205
25.8205
25.8205
25.8205
25.8205
25.8205
25.8205
25.8205
25.8205
25.8205
25.8205
25.8205
25.8205
25.8205
25.8205
25.8205
25.8205
25.8205
25.8205
25.8205
25.8205
25.8205
25.8205
25.8205
25.8205
25.8205
25.8205
25.8205
25.8205
25.8205
25.8205
25.8205
25.8205
25.8205
25.8205
25.8205
25.8205
25.8205
25.8205
25.8205
25.8205
25.8205
25.8205
25.8205
25.8205
25.8205
25.8205
25.8205
25.8205
25.8205
25.8205
25.8205
25.8205
25.8205
25.8205
25.8205
25.8205
25.8205
25.8205
25.8205
25.8205
25.8205
25.8205
25.8205
25.8205
25.8205
25.8205
25.8205
25.8205
25.8205
25.8205
25.8205
25.9225
25.8205
25.8205
25.8205
25.8205
25.8205
25.8205
25.8205
25.8205
25.8205
25.8205
25.8205
25.8205
25.8205
25.8205
25.8205
25.8205
25.8205
25.8205
25.8205
25.8205
25.8205
25.8205
25.8205
25.8205
25.8205
25.8205
25.8205
25.8205


1982.54
1982.54
1835.84
1835.84
1835.49
1788.08
1710.06
1573.47
1472.96
1462.97
1328.72
1373.35
1313.39
1298.57
1233.69
1197.36
1096.66
1065.56
974.513
853.399
835.531
830.394
825.593
791.23
784.551
702.769
686.063
579.842
559.098
487.203
433.926
381.282
351.602
341.153
293.654
238.421
237.638
230.941
185.831
185.831
185.831
178.211
151.674
146.399
130.543
128.64
127.574
117.295
112.916
99.1855
97.8841
97.8841
88.0973
83.7116
81.3749
79.012
73.3994
70.5265
68.1405
66.263
62.3364
61.6038
59.1102
57.8048
57.8048
57.1579
56.1535
55.9543
55.8401
54.7855
54.1374
53.7316
53.2223
52.8827
52.4081
51.7069
51.6634
51.0476
51.0476
50.7058
50.6418
50.5102
50.4526
50.168
49.8784
49.8784
49.7122
49.7122
49.6769
49.6398
49.5533
49.5184
49.4579
49.4512
49.3375
49.3214
49.3084
49.2623
49.2251
49.2238
49.2157
49.1992
49.1819
49.1778
49.1452
49.1404
49.139
49.1262
49.1223
49.1168
49.1119
49.1058
49.1058
49.1001
49.0984
49.0978
49.0912
49.0874
49.0857
49.084
49.084
49.0834
49.083
49.0819
49.0815
49.0805
49.0802
49.0799
49.0794
49.0791
49.079
49.0792
49.0789
49.0786
49.0785
49.0779
49.0779
49.0776
49.0774
49.0773
49.0773
49.0774
49.0774
49.0772
49.0771
49.077
49.0769
49.0769
49.0769
49.0769
49.0769
49.0768
49.0768
49.0768
49.0768
49.0767
49.0767
49.0767
49.0767
49.0767
49.0767
49.0767
49.0766
49.0766
49.0766
49.0766
49.0766
49.0766
49.0766
49.0766
49.0766
49.0766
49.0766
49.0766
49.0766
49.0766
49.0766
49.0766
49.0766
49.0766
49.0766
49.0766
49.0766
49.0766
49.0766
49.0766
49.0766
49.0766
49.0766
49.0766
49.0766
49.0766
49.0766
49.0766
49.0766
49.0766
49.0766
49.0766
49.0766
49.0766
49.0766
49.0766
49.0766
49.0766
49.0766
49.0766
49.0766
49.0766
49.0766
49.0766
49.0766
49.0766
49.0766
49.0766
49.0766
49.0766
49.0766
49.0766
49.0766
49.0766
49.0766
49.0766
49.0766
49.0766
49.0766
49.0766
49.0766
49.0766
49.0766
49.0766
49.0766
49.0766
49.0766
49.0766
49.0766
49.0766
49.0766
49.0766
49.0766
49.0766
49.0766
49.0766
49.0766
49.0766
49.0766
49.0766
49.0766
49.0766
49.0766
49.0766
49.0766
49.0766
49.0766
49.0766
49.0766
49.0766
49.0766
49.0766
49.0766
49.0766
49.0766
49.0766
49.0766
49.0766
49.0766
49.0766
49.0766
49.0766
49.0766
49.0766
49.0766
49.0766
49.0766
49.0766
49.0766
49.0766
49.0766
49.0766
49.0766
49.0766
49.0766
49.0766
49.0766
49.0766
49.0766
49.0766
49.0766
49.0766
49.0766
49.0766
49.0766
49.0766
49.0766
49.0766
49.0766
49.0766
49.0766
49.0766
49.0766
49.0766
49.0766
49.0766
49.0766
49.0766
49.0766
49.0766
49.0766
49.0766
49.0766
49.0766
49.0766
49.0766
49.0766
49.0766
49.0766
49.0766
49.0766
49.0766
49.0766
49.0766
49.0766
49.0766
49.0766
49.0766
49.0766
49.0766
49.0766
49.0766
49.0766
49.0766
49.0766
49.0766
49.0766
49.0766
49.0766
49.0766
49.0766
49.0766
49.0766
49.0766
49.0766
49.0766
49.0766
49.0766
49.0766
49.0766
49.0766
49.0766
49.0766
49.0766
49.0766
49.144
49.0766
49.0766
49.0766
49.0766
49.0766
49.0766
49.0766
49.0766
49.0766
49.0766
49.0766
49.0766
49.0766
49.0766
49.0766
49.0766
49.0766
49.0766
49.0766
49.0766
49.0766
49.0766
49.0766
49.0766
49.0766
49.0766
49.0766
49.0766
49.0766
49.0766
49.0766
49.0766
49.0766
49.0766
49.0766
49.0766
49.0766
49.0766
49.0766
49.0766
49.0766
49.0766
49.0766
49.0766
49.0766
49.0766
49.0766
49.0766


1985.85
1954.5
1871.27
1822.85
1769.74
1728.67
1724.88
1637.27
1529.43
1503.15
1353.77
1353.77
1264.64
1214.3
1210.74
1088.99
1003.69
985.137
903.414
797.232
797.232
742.797
654.478
654.478
638.254
631.019
608.773
554.716
554.716
443.775
409.653
374.188
355.624
355.191
289.284
270.284
265.786
265.786
213.207
167.094
154.378
152.028
137.502
117.59
115.627
106.308
101.253
98.9532
96.0587
88.3857
83.774
61.5793
61.5793
54.3696
51.6583
48.5539
48.5539
47.7975
45.8445
43.2425
38.1405
33.3976
33.3011
32.329
28.9101
28.9101
28.6031
27.7482
27.0128
26.222
25.5563
24.7048
23.2997
22.9441
22.6473
22.0779
21.9896
21.6075
21.5757
21.3028
21.2351
21.1297
20.9535
20.9535
20.947
20.8205
20.7533
20.7149
20.6724
20.4898
20.4436
20.2852
20.284
20.2222
20.1654
20.1259
20.1259
20.0837
20.0805
20.0646
20.0592
20.0592
20.0372
20.033
20.0276
20.0272
20.0272
20.016
20.014
20.0089
19.9969
19.9969
19.9939
19.9935
19.9913
19.9819
19.9812
19.9811
19.9797
19.9784
19.9767
19.9758
19.9753
19.9753
19.975
19.9747
19.9738
19.9738
19.9733
19.9733
19.9729
19.9724
19.9723
19.9722
19.9721
19.9719
19.9716
19.9715
19.9714
19.9714
19.9713
19.9712
19.9711
19.9711
19.9709
19.9709
19.9709
19.9708
19.9708
19.9707
19.9707
19.9707
19.9707
19.9706
19.9706
19.9706
19.9706
19.9706
19.9705
19.9705
19.9705
19.9705
19.9705
19.9705
19.9705
19.9705
19.9705
19.9705
19.9705
19.9705
19.9705
19.9705
19.9705
19.9704
19.9704
19.9704
19.9704
19.9704
19.9704
19.9704
19.9704
19.9704
19.9704
19.9704
19.9704
19.9704
19.9704
19.9704
19.9704
19.9704
19.9704
19.9704
19.9704
19.9704
19.9704
19.9704
19.9704
19.9704
19.9704
19.9704
19.9704
19.9704
19.9704
19.9704
19.9704
19.9704
19.9704
19.9704
19.9704
19.9704
19.9704
19.9704
19.9704
19.9704
19.9704
19.9704
19.9704
19.9704
19.9704
19.9704
19.9704
19.9704
19.9704
19.9704
19.9704
19.9704
19.9704
19.9704
19.9704
19.9704
19.9704
19.9704
19.9704
19.9704
19.9704
19.9704
19.9704
19.9704
19.9704
19.9704
19.9704
19.9704
19.9704
19.9704
19.9704
19.9704
19.9704
19.9704
19.9704
19.9704
19.9704
19.9704
19.9704
19.9704
19.9704
19.9704
19.9704
19.9704
19.9704
19.9704
19.9704
19.9704
19.9704
19.9704
19.9704
19.9704
19.9704
19.9704
19.9704
19.9704
19.9704
19.9704
19.9704
19.9704
19.9704
19.9704
19.9704
19.9704
19.9704
19.9704
19.9704
19.9704
19.9704
19.9704
19.9704
19.9704
19.9704
19.9704
19.9704
19.9704
19.9704
19.9704
19.9704
19.9704
19.9704
19.9704
19.9704
19.9704
19.9704
19.9704
19.9704
19.9704
19.9704
19.9704
19.9704
19.9704
19.9704
19.9704
19.9704
19.9704
19.9704
19.9704
19.9704
19.9704
19.9704
19.9704
19.9704
19.9704
19.9704
19.9704
19.9704
19.9704
19.9704
19.9704
19.9704
19.9704
19.9704
19.9704
19.9704
19.9704
19.9704
20.0118
19.9704
19.9704
19.9704
19.9704
19.9704
19.9704
19.9704
19.9704
19.9704
19.9704
19.9704
19.9704
19.9704
19.9704
19.9704
19.9704
19.9704
19.9704
19.9704
19.9704
19.9704
19.9704
19.9704
19.9704
19.9704
19.9704
19.9704
19.9704
19.9704
19.9813
19.9704
19.9704
19.9704
19.9704
19.9704
19.9704
19.9704
19.9704
19.9704
19.9704
19.9704
19.9704
19.9704
19.9704
19.9704
19.9704
19.9704
19.9704
19.9704
19.9704
19.9704
19.9704
19.9704
19.9704
19.9704
19.9704
19.9704
19.9704
19.9704
19.9704
19.9704
19.9704
19.9704
19.9704
19.9704
19.9704
19.9704
19.9704


1989.55
1928.04
1832.69
1812.6
1769.96
1769.96
1682.39
1635.17
1552.17
1480.64
1422.08
1405.74
1405.74
1403.03
1378.29
1362.35
1361.57
1167.38
1110.62
1088.24
1056.85
1046.62
1028.25
988.889
963.523
936.422
854.541
844.307
743.458
677.346
597.356
656.551
617.692
575.412
524.27
483.377
483.377
448.759
382.155
375.199
335.704
301.829
265.538
230.715
222.908
222.908
176.633
169.361
169.361
168.26
152.368
121.757
117.997
100.527
99.4824
93.4393
88.684
83.7434
67.6603
66.4556
66.4556
63.1468
60.2007
56.7786
56.7786
56.7786
53.3171
53.228
52.5514
51.8843
50.2361
49.555
49.555
48.9516
48.7301
48.6655
47.648
46.7322
46.5791
46.5791
45.9831
45.7733
45.698
45.1491
45.0851
45.0851
45.0678
44.9763
44.7236
44.7025
44.7025
44.6367
44.5795
44.3666
44.3406
44.3227
44.3049
44.2565
44.1596
44.1188
44.1188
44.1097
44.103
44.1002
44.0734
44.0467
44.0253
44.0172
44.0078
43.9769
43.9741
43.969
43.9496
43.9452
43.9439
43.9384
43.925
43.9056
43.9056
43.9049
43.9029
43.9029
43.9025
43.8999
43.8984
43.8984
43.8978
43.8977
43.8972
43.8972
43.8961
43.8951
43.8951
43.8951
43.8941
43.8932
43.8928
43.8925
43.8923
43.8921
43.8919
43.8917
43.8916
43.891
43.891
43.8908
43.8906
43.8905
43.8905
43.8904
43.8903
43.8902
43.8901
43.8899
43.8899
43.8898
43.8898
43.8898
43.8898
43.8897
43.8897
43.8896
43.8896
43.8896
43.8896
43.8896
43.8896
43.8896
43.8896
43.8895
43.8895
43.8895
43.8895
43.8895
43.8895
43.8895
43.8895
43.8895
43.8895
43.8895
43.8895
43.8895
43.8895
43.8895
43.7159
43.7159
43.7159
43.7159
43.7159
42.7271
42.7271
41.2488
40.7328
39.6278
39.6278
39.6278
38.6769
38.1218
38.1218
38.1218
37.7856
37.7481
37.6622
37.4706
37.4706
37.2123
37.1096
37.0647
37.0647
37.0547
37.0331
36.8862
36.8862
36.868
36.868
36.8445
36.7288
36.7288
36.7288
36.5431
36.5431
36.5268
36.519
36.519
36.519
36.4591
36.4366
36.393
36.3646
36.3405
36.2265
36.304
36.2718
36.2406
36.2171
36.1872
36.1872
36.167
36.1639
36.1493
36.1493
36.107
36.107
36.1025
36.1025
36.1025
36.099
36.077
36.077
36.0639
36.0639
36.0599
36.0599
36.0556
36.0556
36.053
36.0529
36.0529
36.0527
36.0488
36.0446
36.0452
36.0057
36.004
35.972
35.9719
35.9238
35.9218
35.9218
35.9139
35.9045
35.8909
35.8815
35.881
35.8779
35.8721
35.8613
35.8613
35.8524
35.8333
35.8333
35.8334
35.8333
35.8235
35.8128
35.8125
35.8125
35.809
35.809
35.809
35.8078
35.8075
35.8054
35.8054
35.8027
35.8005
35.7993
35.7993
35.7992
35.7991
35.7986
35.7977
35.7973
35.7973
35.7971
35.7966
35.7966
35.7966
35.7945
35.7945
35.7941
35.7923
35.7923
35.7923
35.7921
35.7921
35.792
35.792
35.7918
35.7917
35.7914
35.7912
35.7912
35.7907
35.7907
35.7907
35.7907
35.7905
35.7904
35.7903
35.7903
35.7901
35.79
35.79
35.79
35.79
35.79
35.7899
35.7899
35.7898
35.7897
35.7898
35.7898
35.7897
35.7897
35.7897
35.7897
35.7897
35.7897
35.7897
35.7896
35.7897
35.7896
35.7896
35.7896
35.7896
35.7896
35.7896
35.7896
35.7896
35.7896
35.7896
35.7896
35.7896
35.7896
35.7896
35.7896
35.7896
35.7895
35.7895
35.7895
35.7895
35.7895
35.7895
35.7895
35.7895
35.7895
35.7895
35.7895
35.7895
35.7895
35.7895
35.7895
35.7895
35.7895
35.7895
35.7895
35.7895
35.7895
35.7895
35.7895
35.7895
35.7895
35.7895
35.7895
35.7895
35.7895
35.7895
35.7895
35.7895


1917.45
1891
1885.73
1873.67
1819.63
1805.59
1740.9
1697.38
1662.55
1606.87
1572.65
1523.24
1464.24
1460.51
1425.05
1369.97
1358.12
1326.66
1160.47
1160.47
1095.89
1050.35
1046.88
970.004
964.836
921.587
921.587
890.503
807.249
730.102
683
572.524
529.434
511.13
498.402
495.905
491.736
458.356
391.796
355.783
294.912
294.199
262.887
194.588
184.761
165.809
165.809
164.117
151.937
151.937
137.974
134.577
117.26
105.742
93.3054
87.7987
84.2292
83.331
72.5433
68.9991
60.6245
53.02
52.5496
52.5496
51.0163
48.3024
47.1497
43.6782
43.6782
41.6466
41.4615
40.5074
40.3104
40.2007
40.2007
39.5513
38.3352
36.1465
36.1373
34.9965
34.1738
33.8064
33.7396
33.3864
33.3864
33.232
32.9279
32.8962
32.7381
32.6597
32.3237
32.0975
32.0975
32.0804
31.9637
31.9337
31.9337
31.9225
31.9193
31.7049
31.6965
31.6955
31.6844
31.6304
31.5263
31.5263
31.5113
31.5064
31.5038
31.4688
31.3158
31.3167
31.2789
31.2759
31.2654
31.2439
31.236
31.236
31.2202
31.2198
31.1794
31.1742
31.1742
31.1581
31.1572
31.1512
31.1496
31.1477
31.1447
31.1442
31.1416
31.1416
31.1365
31.1363
31.1353
31.1305
31.1279
31.1279
31.1268
31.1253
31.1251
31.1223
31.1222
31.1216
31.1207
31.1203
31.1179
31.1178
31.1163
31.115
31.1147
31.1147
31.1144
31.1144
31.1144
31.1133
31.1133
31.1126
31.1126
31.1123
31.1123
31.1123
31.1121
31.112
31.1118
31.1118
31.1116
31.1116
31.1116
31.1116
31.1116
31.1115
31.1114
31.1114
31.1114
31.1114
31.1113
31.1113
31.1113
31.1113
31.1113
31.1112
31.1112
31.1112
31.1112
31.1112
31.1112
31.1112
31.1112
31.1112
31.1112
31.1112
31.1112
31.1112
31.1112
31.1112
31.1112
31.1112
31.1112
31.1112
31.1112
31.1112
31.1112
31.1112
31.1112
31.1112
31.1112
31.1112
31.1112
31.1112
31.1112
31.1112
31.1112
31.1112
31.1112
31.1112
31.1112
31.1112
31.1112
31.1112
31.1112
31.1112
31.1112
31.1112
31.1112
31.1112
31.1112
31.1112
31.1112
31.1112
31.1112
31.1112
31.1112
31.1112
31.1112
31.1112
31.1112
31.1112
31.1112
31.1112
31.1112
31.1112
31.1112
31.1112
31.1112
31.1112
31.1112
31.1112
31.1112
31.1112
31.1112
31.1112
31.1112
31.1112
31.1112
31.1112
31.1112
31.1112
31.1112
31.1112
31.1112
31.1112
31.1112
31.1112
31.1112
31.1112
31.1112
31.1112
31.1112
31.1112
31.1112
31.1112
31.1112
31.1112
31.1112
31.1112
31.1112
31.1112
31.1112
31.1112
31.1112
31.1112
31.1112
31.1112
31.1112
31.1112
31.1112
31.1112
31.1112
31.1112
31.1112
31.1112
31.1112
31.1112
31.1112
31.1112
31.1112
31.1112
31.1112
31.1112
31.1112
31.1112
31.1112
31.1112
31.1112
31.1112
31.1112
31.1112
31.1112
31.1112
31.1112
31.1112
31.1112
31.1112
31.1112
31.1112
31.1112
31.1112
31.1112
31.1112
31.1112
31.1112
31.1112
31.1112
31.1112
31.1112
31.1112
31.1112
31.1112
31.1112
31.1112
31.1112
31.1112
31.1112
31.1112
31.1112
31.1112
31.1112
31.1112
31.1112
31.1112
31.1112
31.1112
31.1112
31.1112
31.1112
31.1112
31.1112
31.1112
31.1112
31.1112
31.1112
31.1112
31.1112
31.1112
31.1112
31.1112
31.1112
31.1112
31.1112
31.1112
31.1112
31.1112
31.1112
31.1112
31.1112
31.1112
31.1112
31.1112
31.1112
31.1112
31.1112
31.1112
31.1112
31.1112
31.1112
31.1112
31.1112
31.1112
31.1112
31.1112
31.1112
31.1112
31.1112
31.1112
31.1112
31.1112
31.1112
31.1112
31.1112
31.1112
31.1112
31.1112
31.1112
31.1112
31.1112
31.1112
31.1112
31.1112
31.1112


1922.3
1890.96
1846.96
1830.49
1825.66
1803.32
1763.17
1744.85
1691.69
1679.44
1611.08
1596.4
1591.55
1573.04
1493.73
1414.65
1359.31
1300.69
1300.69
1196.29
1193.06
1146.22
1086.75
1056.25
1036.26
996.249
966.831
917.83
882.685
866.236
782.144
727.452
644.037
594.681
528.007
506.694
473.269
422.573
422.573
366.341
357.471
315.633
302.138
293.577
254.135
253.896
246.292
187.054
178.713
146.258
143.483
131.249
130.951
110.202
106.234
90.3956
86.8258
81.731
80.7307
79.4509
78.0915
72.5017
71.9807
71.7039
69.9047
66.7886
65.5665
63.7242
63.7023
60.5947
60.2568
58.9282
56.887
56.6864
56.2538
54.7871
54.5877
54.1444
53.8298
52.8835
52.6572
52.3997
52.2139
51.9702
51.5478
51.3301
51.0873
50.5379
50.3983
49.8969
49.5011
49.5011
49.4262
49.3948
49.3513
49.282
49.2069
49.0755
48.9339
48.8218
48.8183
48.6488
48.5725
48.571
48.3768
48.3389
48.3346
48.323
48.323
48.3196
48.3186
48.2296
48.2174
48.1826
48.177
48.177
48.177
48.1704
48.1577
48.1572
48.1469
48.1456
48.1456
48.1356
48.1287
48.1279
48.1274
48.1169
48.1149
48.1122
48.108
48.1064
48.1002
48.1
48.0999
48.0978
48.0977
48.0963
48.0956
48.0937
48.0901
48.09
48.09
48.0898
48.0888
48.0885
48.0885
48.0881
48.0874
48.0871
48.0863
48.0861
48.0861
48.0861
48.086
48.0859
48.0858
48.0856
48.0853
48.0852
48.085
48.085
48.0848
48.0847
48.0847
48.0845
48.0845
48.0845
48.0845
48.0845
48.0844
48.0844
48.0844
48.0844
48.0844
48.0843
48.0843
48.0843
48.0843
48.0843
48.0843
48.0843
48.0842
48.0842
48.0842
48.0842
48.0842
48.0842
48.0842
48.0842
48.0842
48.0842
48.0842
48.0842
48.0842
48.0842
48.0842
48.0842
48.0842
48.0842
48.0842
48.0842
48.0842
48.0842
48.0842
48.0842
48.0842
48.0842
48.0842
48.0842
48.0842
48.0842
48.0842
48.0841
48.0841
48.0841
48.0841
48.0841
48.0841
48.0841
48.0841
48.0841
48.0841
48.0841
48.0841
48.0841
48.0841
48.0841
48.0841
48.0841
48.0841
48.0841
48.0841
48.0841
48.0841
48.0841
48.0841
48.0841
48.0841
48.0841
48.0841
48.0841
48.0841
48.0841
48.0841
48.0841
48.0841
48.0841
48.0841
48.0841
48.0841
48.0841
48.0841
48.0841
48.0841
48.0841
48.0841
48.0841
48.0841
48.0841
48.0841
48.0841
48.0841
48.0841
48.0841
48.0841
48.0841
48.0841
48.0841
48.0841
48.0841
48.0841
48.0841
48.0841
48.0841
48.0841
48.0841
48.0841
48.0841
48.0841
48.0841
48.0841
48.0841
48.0841
48.0841
48.0841
48.0841
48.0841
48.0841
48.0841
48.0841
48.0841
48.0841
48.0841
48.0841
48.0841
48.0841
48.0841
48.0841
48.0841
48.0841
48.0841
48.0841
48.0841
48.0841
48.0841
48.0841
48.0841
48.0841
48.0841
48.0841
48.0841
48.0841
48.0841
48.0841
48.0841
48.0841
48.0841
48.0841
48.0841
48.0841
48.0841
48.0841
48.0841
48.0841
48.0841
48.0841
48.0841
48.0841
48.0841
48.0841
48.0841
48.0841
48.0841
48.0841
48.0841
48.0841
48.0841
48.0841
48.0841
48.0841
48.0841
48.0841
48.0841
48.0841
48.0841
48.0841
48.0841
48.0841
48.0841
48.0841
48.0841
48.0841
48.0841
48.0841
48.0841
48.0841
48.0841
48.0841
48.0841
48.0841
48.0841
48.0841
48.0841
48.0841
48.0841
48.0841
48.0841
48.0841
48.0841
48.0841
48.0841
48.0841
48.0841
48.0841
48.0841
48.0841
48.0841
48.0841
48.0841
48.0841
48.0841
48.0841
48.0841
48.0841
48.0841
48.0841
48.0841
48.0841
48.0841
48.0841
48.0841
48.0841
48.0841
48.0841
48.0841
48.0841
48.0841
48.0841
48.0841


1964.7
1907.57
1898.73
1813.91
1805.44
1795.5
1778.57
1775.64
1754.36
1727.07
1626.34
1591.73
1530.43
1449.06
1419.05
1391.58
1365.03
1321.01
1272.35
1199.68
1103.48
1061.86
913.94
869.344
838.019
838.019
721.989
721.989
721.989
592.387
592.387
564.442
552.654
502.393
392.087
365.057
342.087
340.739
323.869
266.019
264.605
244.413
208.168
208.168
202.723
170.541
160.065
150.644
146.095
131.114
130.276
121.843
117.481
114.505
109.34
109.34
99.774
89.2764
89.2764
89.0819
85.3174
84.2191
83.6123
81.3401
79.1296
74.1839
73.9358
71.6056
70.4201
68.5198
67.0481
67.6087
66.9984
65.7297
65.5041
64.2795
64.0011
63.2926
63.0564
62.8547
62.7338
61.8444
61.8356
61.8346
61.7778
61.2493
61.2243
61.0075
61.0075
60.9752
60.9752
60.8454
60.7077
60.6216
60.2917
60.2844
60.1136
60.0847
60.0822
59.9572
59.9572
59.8904
59.8876
59.8876
59.7223
59.705
59.6793
59.6041
59.6015
59.5645
59.5295
59.5232
59.5166
59.5008
59.4984
59.4964
59.4831
59.4568
59.4565
59.4564
59.4507
59.4476
59.4476
59.4361
59.4336
59.4184
59.415
59.4149
59.4118
59.4103
59.4103
59.4099
59.4008
59.4008
59.3992
59.3981
59.3952
59.3952
59.3921
59.3921
59.3917
59.3917
59.3906
59.3904
59.3897
59.3891
59.389
59.389
59.3885
59.3885
59.3885
59.3884
59.388
59.388
59.3879
59.3879
59.3879
59.3876
59.3876
59.3876
59.3875
59.3875
59.3874
59.3874
59.3874
59.3874
59.3874
59.3874
59.3874
59.3874
59.3874
59.3873
59.3873
59.3873
59.3873
59.3873
59.3873
59.3873
59.3873
59.3873
59.3873
59.3873
59.3873
59.3873
59.3873
59.3873
59.3873
59.3873
59.3873
59.3873
59.3873
59.3873
59.3873
59.3873
59.3873
59.3873
59.3873
59.3873
59.3873
59.3873
59.3873
59.3873
59.3873
59.3873
59.3873
59.3873
59.3873
59.3873
59.3873
59.3873
59.3873
59.3873
59.3873
59.3873
59.3873
59.3873
59.3873
59.3873
59.3873
59.3873
59.3873
59.3873
59.3873
59.3873
59.3873
59.3873
59.3873
59.3873
59.3873
59.3873
59.3873
59.3873
59.3873
59.3873
59.3873
59.3873
59.3873
59.3873
59.3873
59.3873
59.3873
59.3873
59.3873
59.3873
59.3873
59.3873
59.3873
59.3873
59.3873
59.3873
59.3873
59.3873
59.3873
59.3873
59.3873
59.3873
59.3873
59.3873
59.3873
59.3873
59.3873
59.3873
59.3873
59.3873
59.3873
59.3873
59.3873
59.3873
59.3873
59.3873
59.3873
59.3873
59.3873
59.3873
59.3873
59.3873
59.3873
59.3873
59.3873
59.3873
59.3873
59.3873
59.3873
59.3873
59.3873
59.3873
59.3873
59.3873
59.3873
59.3873
59.3873
59.3873
59.3873
59.3873
59.3873
59.3873
59.3873
59.3873
59.3873
59.3873
59.3873
59.3873
59.3873
59.3873
59.3873
59.3873
59.3873
59.3873
59.3873
59.3873
59.3873
59.3873
59.3873
59.3873
59.3873
59.3873
59.3873
59.3873
59.3873
59.3873
59.3873
59.3873
59.3873
59.3873
59.3873
59.3873
59.3873
59.3873
59.3873
59.3873
59.3873
59.3873
59.3873
59.3873
59.3873
59.3873
59.3873
59.3873
59.3873
59.3873
59.3873
59.3873
59.3873
59.3873
59.3873
59.3873
59.3873
59.3873
59.3873
59.3873
59.3873
59.3873
59.3873
59.3873
59.3873
59.3873
59.3873
59.3873
59.3873
59.3873
59.3873
59.3873
59.3873
59.3873
59.3873
59.3873
59.3873
59.3873
59.3873
59.3873
59.3873
59.3873
59.3873
59.3873
59.3873
59.3873
59.3873
59.3873
59.3873
59.3873
59.3873
59.3873
59.3873
59.3873
59.3873
59.3873
59.3873
59.3873
59.3873
59.3873
59.3873
59.3873
59.3873
59.3873
59.3873
59.3873
59.3873
59.3873
59.3873
59.3873


1959.3
1907.43
1839.39
1674.3
1628.54
1608.9
1599.59
1547.23
1334.83
1334.83
1287.12
1287.1
1269.47
1222.21
1222.21
1190.31
1160.61
1108.76
1077.02
948.627
947.614
916.148
909.904
878.285
822.162
802.148
746.443
715.662
677.648
629.209
554.907
525.112
510.272
476.44
440.932
398.797
349.921
298.238
298.238
287.602
282.923
256.499
230.681
227.714
197.52
186.768
178.208
168.645
160.741
160.741
137.178
130.417
126.162
118.747
117.907
117.907
115.422
113.32
109.906
109.508
107.853
106.89
106.431
105.267
102.443
100.07
99.2983
98.9773
98.9329
98.9329
97.8944
97.8246
97.3855
97.0152
96.9261
96.5166
96.3401
96.1175
96.0271
95.9629
95.4164
95.2525
95.211
95.0369
95.0282
94.6082
94.5711
94.5377
94.5177
94.4863
94.3297
94.2787
94.1969
94.1718
94.1187
94.0711
93.9952
93.9932
93.9613
93.9391
93.9028
93.9111
93.8897
93.8413
93.8291
87.7579
87.2271
83.7082
83.6994
82.2557
82.252
82.2497
80.9514
80.949
78.9875
72.3379
72.3318
72.3303
72.3299
71.7741
71.0833
69.9434
69.3924
69.3214
68.569
68.5683
68.0152
68.015
68.0146
67.9715
67.9714
67.0983
67.0761
67.0754
67.0754
66.8078
66.7188
66.7188
66.7187
66.66
66.6276
66.5936
66.5855
66.5854
66.5086
66.4471
66.447
66.4269
66.4268
66.3607
66.3607
66.3607
66.344
66.3406
66.3406
66.339
66.3386
66.3386
66.3343
66.3343
66.3268
66.3135
66.3135
66.3134
66.3069
66.3069
66.3031
66.2995
66.29
66.2888
66.2888
66.2874
66.2874
66.2841
66.2841
66.2841
66.2816
66.2786
66.2786
66.2786
66.2769
66.2769
66.2757
66.2755
66.2729
66.2729
66.2727
66.2712
66.2708
66.2705
66.2689
66.2686
66.2684
66.2676
66.2676
66.2676
66.2676
66.2676
66.2676
66.2676
66.2671
66.2668
66.2668
66.2668
66.2668
66.2666
66.2666
66.2664
66.2664
66.2663
66.2663
66.2663
66.2661
66.2661
66.2659
66.2659
66.2659
66.2658
66.2658
66.2657
66.2657
66.2657
66.2657
66.2656
66.2656
66.2656
66.2656
66.2656
66.2656
66.2656
66.2656
66.2656
66.2655
66.2655
66.2655
66.2655
66.2655
66.2655
66.2655
66.2655
66.2655
66.2655
66.2655
66.2655
66.2655
66.2655
66.2655
66.2655
66.2655
66.2655
66.2655
66.2655
66.2655
66.2655
66.2655
66.2655
66.2655
66.2655
66.2655
66.2655
66.2655
66.2655
66.2655
66.2655
66.2655
66.2655
66.2655
66.2655
66.2655
66.2655
66.2655
66.2655
66.2655
66.2655
66.2655
66.2655
66.2655
66.2655
66.2655
66.2655
66.2655
66.2655
66.2655
66.2655
66.2655
66.2655
66.2655
66.2655
66.2655
66.2655
66.2655
66.2655
66.2655
66.2655
66.2655
66.2655
66.2655
66.2655
66.2655
66.2655
66.2655
66.2655
66.2655
66.2655
66.2655
66.2655
66.2655
66.2655
66.2655
66.2655
66.2655
66.2655
66.2655
66.2655
66.2655
66.2655
66.2655
66.2655
66.2655
66.2655
66.2655
66.2655
66.2655
66.2655
66.2655
66.2655
66.2655
66.2655
66.2655
66.2655
66.2655
66.2655
66.2655
66.2655
66.2655
66.2655
66.2655
66.2655
66.2655
66.2655
66.2655
66.2655
66.2655
66.2655
66.2655
66.2655
66.2655
66.2655
66.2655
66.2655
66.2655
66.2655
66.2655
66.2655
66.2655
66.2655
66.2655
66.2655
66.2655
66.2655
66.2655
66.2655
66.2655
66.2655
66.2655
66.2655
66.2655
66.2655
66.2655
66.2655
66.2655
66.2655
66.2655
66.2655
66.2655
66.2655
66.2655
66.2655
66.2655
66.2655
66.2655
66.2655
66.2655
66.2655
66.2655
66.2655
66.2655
66.2655
66.2655
66.2655
66.2655
66.2655
66.2655
66.2655
66.2655
66.2655
66.2655
66.2655
66.2655
66.2655


1935.85
1915.89
1891.35
1883.8
1801.42
1763.37
1584.47
1539.65
1539.51
1505.01
1504.9
1504.9
1460.64
1412.6
1357.16
1258.96
1217.16
1209.03
1130.84
1033.9
993.318
967.812
967.501
895.943
797.706
745.72
737.026
721.933
713.507
713.442
675.153
674.439
567.399
510.02
423.977
411.756
332.613
302.453
290.07
265.234
220.332
192.192
155.636
137.873
126.304
102.533
97.1653
94.7403
87.7029
85.7059
78.1615
72.0098
69.1359
68.7537
57.5485
55.6535
51.6835
50.0192
46.1648
46.1648
43.6931
40.7308
40.0531
38.4704
38.0164
36.899
36.1102
35.3274
32.0046
32.0046
31.1326
30.6918
30.6918
30.3199
30.153
30.0733
29.6797
29.5421
29.2835
29.1148
28.872
28.7746
28.685
28.5766
28.4742
28.2996
28.2443
28.1119
27.9763
27.8878
27.8272
27.7748
27.7495
27.6351
27.6344
27.6251
27.6043
27.5057
27.5054
27.5054
27.498
27.4624
27.4342
27.4342
27.4002
27.3887
27.3804
27.3709
27.3704
27.3595
27.356
27.3516
27.347
27.347
27.3336
27.3336
27.3306
27.3283
27.3245
27.3215
27.3192
27.3146
27.3134
27.3117
27.3113
27.3106
27.3091
27.3083
27.3057
27.3046
27.3046
27.3036
27.3025
27.302
27.3019
27.3014
27.3003
27.3002
27.2997
27.2994
27.2993
27.2991
27.2989
27.2985
27.2983
27.2983
27.2981
27.2981
27.298
27.298
27.298
27.2979
27.2978
27.2977
27.2977
27.2976
27.2976
27.2975
27.2975
27.2975
27.2974
27.2974
27.2974
27.2973
27.2973
27.2972
27.2972
27.2972
27.2972
27.2972
27.2972
27.2972
27.2972
27.2972
27.2972
27.2972
27.2972
27.2972
27.2971
27.2971
27.2971
27.2971
27.2971
27.2971
27.2971
27.2971
27.2971
27.2971
27.2971
27.2971
27.2971
27.2971
27.2971
27.2971
27.2971
27.2971
27.2971
27.2971
27.2971
27.2971
27.2971
27.2971
27.2971
27.2971
27.2971
27.2971
27.2971
27.2971
27.2971
27.2971
27.2971
27.2971
27.2971
27.2971
27.2971
27.2971
27.2971
27.2971
27.2971
27.2971
27.2971
27.2971
27.2971
27.2971
27.2971
27.2971
27.2971
27.2971
27.2971
27.2971
27.2971
27.2971
27.2971
27.2971
27.2971
27.2971
27.2971
27.2971
27.2971
27.2971
27.2971
27.2971
27.2971
27.2971
27.2971
27.2971
27.2971
27.2971
27.2971
27.2971
27.2971
27.2971
27.2971
27.2971
27.2971
27.2971
27.2971
27.2971
27.2971
27.2971
27.2971
27.2971
27.2971
27.2971
27.2971
27.2971
27.2971
27.2971
27.2971
27.2971
27.2971
27.2971
27.2971
27.2971
27.2971
27.2971
27.2971
27.2971
27.2971
27.2971
27.2971
27.2971
27.2971
27.2971
27.2971
27.2971
27.2971
27.2971
27.2971
27.2971
27.2971
27.2971
27.2971
27.2971
27.2971
27.2971
27.2971
27.2971
27.2971
27.2971
27.2971
27.2971
27.2971
27.2971
27.2971
27.2971
27.2971
27.2971
27.2971
27.2971
27.2971
27.2971
27.2971
27.2971
27.2971
27.2971
27.2971
27.2971
27.2971
27.2971
27.2971
27.2971
27.2971
27.2971
27.2971
27.2971
27.2971
27.2971
27.2971
27.2971
27.2971
27.4962
27.2971
27.2971
27.2971
27.2971
27.2971
27.2971
27.2971
27.2971
27.2971
27.2971
27.2971
27.2971
27.2971
27.2971
27.2971
27.2971
27.2971
27.2971
27.2971
27.2971
27.2971
27.2971
27.2971
27.2971
27.2971
27.2971
27.2971
27.2971
27.2971
27.2971
27.2971
27.2971
27.2971
27.2971
27.2971
27.2971
27.2971
27.2971
27.2971
27.2971
27.2971
27.2971
27.2971
27.2971
27.2971
27.2971
27.2971
27.2971
27.2971
27.2971
27.2971
27.2971
27.2971
27.2971
27.2971
27.2971
27.2971
27.2971
27.2971
27.2971
27.2971
27.2971
27.2971
27.2971
27.2971
27.2971
27.2971
27.2971


1982.81
1927.71
1914.76
1870.26
1864.55
1803.52
1642.99
1636.02
1636.02
1595.04
1542.6
1456.32
1456.19
1415.1
1305.05
1227
1191.32
1133.07
1131.91
1076.36
1015.02
980.942
930.607
905.851
846.218
802.661
742.911
730.189
649.611
622.223
611.942
574.357
553.255
460.766
438.556
397.242
389.479
349.777
293.154
285.983
264.815
235.324
215.506
194.875
173.855
169.613
163.651
160.344
156.707
147.308
129.079
118.914
115.409
110.931
106.07
97.4517
97.4517
90.394
90.3908
89.0738
85.2866
82.9604
79.4933
77.9487
75.9695
75.9612
75.6122
72.1655
71.8849
71.6869
70.5269
70.0851
69.3042
69.3042
69.0412
68.2057
68.0198
68.0198
67.862
67.8357
66.5197
66.4146
66.1778
65.9431
65.9096
65.6826
65.5981
65.476
65.4599
65.2859
65.2071
65.0793
65.0304
64.9878
64.9465
64.9347
64.909
64.9068
64.8948
64.8716
64.869
64.8335
64.8159
64.8159
64.8069
64.7911
64.7822
64.771
64.7657
64.7617
64.7541
64.7464
64.7437
64.7414
64.7368
64.7345
64.7257
64.7216
64.7209
64.7195
64.7185
64.7147
64.7121
64.7116
64.7111
64.7088
64.7076
64.7068
64.7039
64.7039
64.7032
64.7017
64.7017
64.7
64.6997
64.6997
64.6993
64.6992
64.699
64.699
64.6987
64.6984
64.6981
64.6981
64.6979
64.6977
64.6977
64.6976
64.6975
64.6975
64.6975
64.6974
64.6973
64.6972
64.6972
64.6971
64.6971
64.697
64.697
64.697
64.697
64.697
64.6969
64.6969
64.6969
64.6968
64.6968
64.6968
64.6968
64.6968
64.6968
64.6968
64.6968
64.6968
64.6968
64.6968
64.6968
64.6968
64.6968
64.6968
64.6967
64.6967
64.6967
64.6967
64.6967
64.6967
64.6967
64.6967
64.6967
64.6967
64.6967
64.6967
64.6967
64.6967
64.6967
64.6967
64.6967
64.6967
64.6967
64.6967
64.6967
64.6967
64.6967
64.6967
64.6967
64.6967
64.6967
64.6967
64.6967
64.6967
64.6967
64.6967
64.6967
64.6967
64.6967
64.6967
64.6967
64.6967
64.6967
64.6967
64.6967
64.6967
64.6967
64.6967
64.6967
64.6967
64.6967
64.6967
64.6967
64.6967
64.6967
64.6967
64.6967
64.6967
64.6967
64.6967
64.6967
64.6967
64.6967
64.6967
64.6967
64.6967
64.6967
64.6967
64.6967
64.6967
64.6967
64.6967
64.6967
64.6967
64.6967
64.6967
64.6967
64.6967
64.6967
64.6967
64.6967
64.6967
64.6967
64.6967
64.6967
64.6967
64.6967
64.6967
64.6967
64.6967
64.6967
64.6967
64.6967
64.6967
64.6967
64.6967
64.6967
64.6967
64.6967
64.6967
64.6967
64.6967
64.6967
64.6967
64.6967
64.6967
64.6967
64.6967
64.6967
64.6967
64.6967
64.6967
64.6967
64.6967
64.6967
64.6967
64.6967
64.6967
64.6967
64.6967
64.6967
64.6967
64.6967
64.6967
64.6967
64.6967
64.6967
64.6967
64.6967
64.6967
64.6967
64.6967
64.6967
64.6967
64.6967
64.6967
64.6967
64.6967
64.6967
64.6967
64.6967
64.6967
64.6967
64.6967
64.6967
64.6967
64.6967
64.6967
64.6967
64.6967
64.6967
64.6967
64.6967
64.6967
64.6967
64.6967
64.6967
64.6967
64.6967
64.6967
64.6967
64.6967
64.6967
64.6967
64.6967
64.6967
64.6967
64.6967
64.6967
64.6967
64.6967
64.6967
64.6967
64.6967
64.6967
64.6967
64.6967
64.6967
64.6967
64.6967
64.6967
64.6967
64.6967
64.6967
64.6967
64.6967
64.6967
64.6967
64.6967
64.6967
64.6967
64.6967
64.6967
64.6967
64.6967
64.6967
64.6967
64.6967
64.6967
64.6967
64.6967
64.6967
64.6967
64.6967
64.6967
64.6967
64.6967
64.6967
64.6967
64.6967
64.6967
64.6967
64.6967
64.6967
64.6967
64.6967
64.6967
64.6967
64.6967
64.6967
64.6967
64.6967
64.6967
64.6967


1958.62
1946.27
1937.15
1910.52
1857.93
1811.93
1811.56
1746.25
1700.42
1665.96
1633.88
1568.16
1477.88
1442.63
1384.23
1363.24
1296.31
1266.89
1227.29
1208
1094.01
1059.58
930.958
926.016
834.781
783.456
729.22
729.22
690.6
672.603
519.163
535.286
535.286
499.833
499.833
487.519
443.253
338.59
307.575
256.738
227.836
226.061
224.147
223.809
186.111
184.457
181.183
160.96
150.426
129.511
119.635
119.635
113.502
113.502
107.866
95.8052
90.7541
89.4637
80.9134
76.4795
75.5256
69.5858
69.1253
67.9301
66.6306
63.8738
61.5839
59.7759
59.3556
58.1857
57.9526
57.8496
57.8496
56.1692
55.6416
55.2009
55.1596
54.4128
54.3116
54.0488
54.0488
53.9143
53.4399
53.2972
53.2636
53.0897
53.0315
52.9988
52.9988
52.9014
52.6342
52.5361
52.4076
52.3758
52.3758
52.3078
52.2952
52.2883
52.2487
52.161
52.1193
52.1041
52.0866
52.0674
52.0632
52.0596
52.0596
52.0487
52.0475
52.0233
52.0201
52.0315
52.0288
52.0271
52.0102
52.0081
52.0081
52.0061
52.0017
51.9989
51.9973
51.9968
51.9929
51.9925
51.9923
51.9916
51.9904
51.9902
51.9895
51.9876
51.9872
51.9866
51.9865
51.9862
51.9855
51.9853
51.985
51.9847
51.9842
51.9842
51.9838
51.9833
51.9833
51.9829
51.9828
51.9827
51.9825
51.9824
51.9823
51.9823
51.9822
51.9821
51.9821
51.9821
51.982
51.982
51.982
51.9819
51.9819
51.9819
51.9819
51.9819
51.9819
51.9818
51.9818
51.9818
51.9818
51.9818
51.9818
51.9817
51.9817
51.9817
51.9817
51.9817
51.9817
51.9817
51.9817
51.9817
51.9817
51.9817
51.9817
51.9817
51.9817
51.9817
51.9817
51.9817
51.9817
51.9817
51.9817
51.9817
51.9817
51.9817
51.9817
51.9817
51.9817
51.9817
51.9817
51.9817
51.9817
51.9817
51.9817
51.9817
51.9817
51.9817
51.9817
51.9817
51.9817
51.9817
51.9817
51.9817
51.9817
51.9817
51.9817
51.9817
51.9817
51.9817
51.9817
51.9817
51.9817
51.9817
51.9817
51.9817
51.9817
51.9817
51.9817
51.9817
51.9817
51.9817
51.9817
51.9817
51.9817
51.9817
51.9817
51.9817
51.9817
51.9817
51.9817
51.9817
51.9817
51.9817
51.9817
51.9817
51.9817
51.9817
51.9817
51.9817
51.9817
51.9817
51.9817
51.9817
51.9817
51.9817
51.9817
51.9817
51.9817
51.9817
51.9817
51.9817
51.9817
51.9817
51.9817
51.9817
51.9817
51.9817
51.9817
51.9817
51.9817
51.9817
51.9817
51.9817
51.9817
51.9817
51.9817
51.9817
51.9817
51.9817
51.9817
51.9817
51.9817
51.9817
51.9817
51.9817
51.9817
51.9817
51.9817
51.9817
51.9817
51.9817
51.9817
51.9817
51.9817
51.9817
51.9817
51.9817
51.9817
51.9817
51.9817
51.9817
51.9817
51.9817
51.9817
51.9817
51.9817
51.9817
51.9817
51.9817
51.9817
51.9817
51.9817
51.9817
51.9817
51.9817
51.9817
51.9817
51.9817
51.9817
51.9817
51.9817
51.9817
51.9817
51.9817
51.9817
51.9817
51.9817
51.9817
51.9817
51.9817
51.9817
51.9817
51.9817
51.9817
52.0502
51.9817
51.9817
51.9817
51.9817
51.9817
51.9817
51.9817
51.9817
51.9817
51.9817
51.9817
51.9817
51.9817
51.9817
51.9817
51.9817
51.9817
51.9817
51.9817
51.9817
51.9817
51.9817
51.9817
51.9817
51.9817
51.9817
51.9817
51.9817
51.9817
51.9817
51.9817
51.9817
51.9817
51.9817
51.9817
51.9817
51.9817
51.9817
51.9817
51.9817
51.9817
51.9817
51.9817
51.9817
51.9817
51.9817
51.9817
51.9817
51.9817
52.0727
51.9817
51.9817
51.9817
51.9817
51.9817
51.9817
51.9817
51.9817
51.9817
51.9817
51.9817
51.9817
51.9817
51.9817
51.9817
51.9817
51.9817
51.9817


1966.99
1934.98
1934.98
1903.3
1896.83
1863.31
1862.27
1794.77
1735.8
1637.16
1637.16
1632.83
1600.72
1586.46
1459.15
1459.15
1392.79
1382.17
1253.85
1235.46
1207.81
1105.99
1092.84
1041.26
998.209
977.511
888.732
882.067
736.234
688.544
631.724
608.101
529.187
504.844
495.829
493.473
395.166
395.166
334.499
288.44
264.957
263.486
234.882
220.384
217.891
207.96
203.717
188.274
180.565
177.873
174.358
167.245
150.113
137.389
131.602
129.459
127.966
123.529
120.654
117.608
116.596
110.363
108.155
107.221
106.549
102.368
98.4096
96.9398
90.7508
87.9722
83.8746
83.649
83.3187
80.7096
78.9134
76.8847
76.7929
74.4252
73.1347
71.906
70.4784
70.2845
68.3264
67.7446
65.9986
65.9986
65.3401
63.7881
53.8539
53.3157
53.2844
50.7693
50.0397
50.0397
46.746
45.3653
43.1095
42.7987
42.7987
41.9843
41.5251
41.3701
41.0426
40.4429
39.9329
39.7115
39.4609
39.0184
39.0044
38.4863
38.256
38.342
38.3188
38.2991
38.149
37.5125
37.5125
37.0913
37.0865
37.0865
37.0741
36.9726
36.9716
36.9251
36.8754
36.7728
36.7728
36.7726
36.7107
36.6847
36.6544
36.6264
36.617
36.617
36.5958
36.5958
36.5907
36.5857
36.5744
36.57
36.57
36.5632
36.5622
36.5579
36.5497
36.545
36.5424
36.5391
36.5385
36.5342
36.5342
36.5252
36.5251
36.525
36.5204
36.5145
36.5141
36.5141
36.5105
36.5103
36.5099
36.5093
36.5058
36.5058
36.5049
36.5048
36.504
36.5019
36.5019
36.5012
36.5007
36.5009
36.5008
36.5002
36.5002
36.5001
36.4994
36.4989
36.4986
36.4982
36.4982
36.4982
36.4981
36.4975
36.4974
36.4974
36.4973
36.4972
36.4971
36.497
36.497
36.497
36.4968
36.4968
36.4968
36.4968
36.4967
36.4967
36.4966
36.4966
36.4966
36.4965
36.4965
36.4965
36.4964
36.4964
36.4964
36.4964
36.4964
36.4964
36.4964
36.4964
36.4963
36.4963
36.4963
36.4963
36.4963
36.4963
36.4963
36.4963
36.4963
36.4963
36.4963
36.4963
36.4963
36.4963
36.4963
36.4963
36.4963
36.4963
36.4963
36.4963
36.4963
36.4963
36.4963
36.4963
36.4963
36.4963
36.4963
35.8726
35.466
30.212
30.212
30.212
30.2119
29.5635
29.5635
29.5125
29.4261
29.4261
29.4261
29.4031
29.3875
29.3488
29.3488
29.2835
29.264
29.1209
29.0594
29.0433
28.8901
28.7331
28.6527
28.3135
28.1981
28.0114
28.0114
27.9152
27.9152
27.9037
27.9037
27.744
27.6462
27.6462
27.5798
27.5798
27.5788
27.4954
27.4735
27.4724
27.4462
27.4054
27.3166
27.3166
27.3166
27.2983
27.2983
27.2983
27.2672
27.2672
27.2455
27.2344
27.2039
27.2004
27.198
27.198
27.1807
27.1807
27.1728
27.1667
27.166
27.1582
27.1347
27.0889
27.0889
27.0873
27.0385
27.0385
27.0261
27.0261
27.0261
27.0242
27.0179
27.0179
27.0165
27.0138
27.0138
27.0086
27.0086
27.0086
27.0046
27.0053
27.0053
27.0053
27.003
27.003
27.0027
27.0026
27.0025
27.0022
27.0015
26.999
26.9983
26.9983
26.9983
26.9982
26.9982
26.9975
26.9975
26.9974
26.9974
26.997
26.9959
26.995
26.9939
26.9918
26.9916
26.9916
26.9899
26.9897
26.9893
26.9892
26.9892
26.9888
26.9883
26.9879
26.9877
26.9871
26.9871
26.9867
26.9867
26.9868
26.9867
26.9866
26.9865
26.9865
26.9865
26.9865
26.9865
26.9865
26.9864
26.9864
26.9863
26.9862
26.9862
26.9861
26.986
26.9853
26.9823
26.9729
26.9625
26.9683
26.9651
26.9651
26.954
26.9511
26.9501
26.9501
26.9472
26.9472
26.9462
26.946
26.9444
26.944
26.944
26.9435
26.9435
26.9434
26.9433
26.9433


