0.0522265
0.0560619
0.0560619
0.0571479
0.0571479
0.0607024
0.0631939
0.0637196
0.0639584
0.0671567
0.0671567
0.0685682
0.0692438
0.0737177
0.0739808
0.0748722
0.076101
0.0815561
0.0817975
0.0893113
0.0921081
0.0967114
0.0976403
0.107797
0.108583
0.11578
0.127893
0.134003
0.139271
0.150808
0.196795
0.197152
0.218482
0.22829
0.273414
0.273414
0.27629
0.28256
0.329045
0.363102
0.391036
0.396721
0.405628
0.459946
0.492369
0.492369
0.500461
0.544575
0.551381
0.5972
0.628569
0.656748
0.68229
0.716609
0.72393
0.732585
0.748181
0.780366
0.795351
0.796821
0.82688
0.838159
0.873106
0.883939
0.895893
0.903316
0.90931
0.910173
0.911426
0.929346
0.930614
0.934414
0.943561
0.946035
0.955501
0.955501
0.962002
0.962002
0.968316
0.969626
0.96986
0.972953
0.972986
0.976601
0.981307
0.981894
0.983095
0.985738
0.987181
0.988182
0.988928
0.989448
0.991778
0.991778
0.991843
0.992294
0.993792
0.994875
0.994892
0.995163
0.996052
0.996615
0.996741
0.997463
0.997546
0.997683
0.998029
0.998482
0.998482
0.998613
0.998825
0.998881
0.998892
0.99895
0.999051
0.99917
0.999264
0.99937
0.999437
0.999437
0.999442
0.999442
0.999543
0.999609
0.999638
0.999706
0.99973
0.999755
0.999796
0.999804
0.999827
0.999863
0.999866
0.999887
0.999889
0.999899
0.99991
0.999924
0.999939
0.999944
0.999953
0.999941
0.999951
0.999951
0.999965
0.999969
0.999973
0.999977
0.999977
0.999979
0.999983
0.999985
0.999988
0.999989
0.999991
0.999991
0.999992
0.999993
0.999994
0.999995
0.999996
0.999996
0.999996
0.999996
0.999996
0.999997
0.999997
0.999998
0.999998
0.999998
0.999999
0.999999
0.999999
0.999999
0.999999
0.999999
0.999999
0.999999
0.999999
0.999999
0.999999
1
1
1
1
1
1
1
1
1
1
1
1
1
1
1
1
1
1
1
1
1
1
1
1
1
1
1
1
1
1
1
1
1
1
1
1
1
1
1
1
1
1
1
1
1
1
1
1
1
1
1
1
1
1
1
1
1
1
1
1
1
1
1
1
1
1
1
1
1
1
1
1
1
1
1
1
1
1
1
1
1
1
1
1
1
1
1
1
1
1
1
1
1
1
1
1
1
1
1
1
1
1
1
1
1
1
1
1
1
1
1
1
1
1
1
1
1
1
1
1
1
1
1
1
1
1
1
1
1
1
1
1
1
1
1
1
1
1
1
1
1
1
1
1
1
1
1
1
1
1
0.997729
1
1
1
1
1
1
1
1
1
1
1
1
1
1
1
1
1
1
1
1
1
1
1
1
1
1
1
1
1
1
1
1
1
1
1
1
1
1
1
1
1
1
1
1
1
1
1
1
1
0.998187
1
1
1
1
1
1
1
1
1
1
1
1
1
1
1
1
1
1


0.0403849
0.041711
0.0421907
0.0443118
0.0447153
0.0463608
0.0489227
0.0494516
0.0528248
0.0533428
0.054445
0.0552126
0.0552126
0.058225
0.0593058
0.0672482
0.0672482
0.0675684
0.0675684
0.0765827
0.0786589
0.0805285
0.0906648
0.0959838
0.096347
0.109179
0.111893
0.114229
0.122367
0.135749
0.147793
0.171604
0.197635
0.197635
0.201313
0.219375
0.226086
0.226086
0.237687
0.247642
0.263633
0.297452
0.313116
0.340067
0.34293
0.391551
0.395914
0.46687
0.493227
0.513639
0.537645
0.547366
0.588465
0.588465
0.604464
0.620677
0.648306
0.653163
0.673617
0.680757
0.688867
0.713613
0.746113
0.751367
0.768303
0.774282
0.78068
0.791179
0.791427
0.791626
0.793747
0.797157
0.804268
0.825297
0.825952
0.82754
0.834593
0.836125
0.837331
0.840056
0.840416
0.840991
0.842012
0.843527
0.847287
0.849067
0.849931
0.851496
0.852623
0.852804
0.853624
0.854533
0.85525
0.858197
0.858197
0.864928
0.865472
0.865693
0.866447
0.868155
0.868155
0.869504
0.870277
0.870717
0.871958
0.872873
0.874824
0.877556
0.881341
0.881898
0.883139
0.883677
0.883735
0.884045
0.884149
0.885095
0.88667
0.88667
0.886833
0.887442
0.887505
0.887549
0.887565
0.88787
0.888599
0.889459
0.889459
0.889459
0.889527
0.889555
0.889564
0.88956
0.889827
0.889952
0.889953
0.89004
0.8902
0.890202
0.890402
0.890402
0.890424
0.890461
0.890464
0.890511
0.890576
0.890634
0.890634
0.890669
0.890699
0.890716
0.89072
0.89072
0.890721
0.890799
0.890808
0.89083
0.89083
0.893881
0.902924
0.906153
0.909513
0.909518
0.926795
0.928969
0.928988
0.931476
0.932195
0.932197
0.933597
0.936786
0.937021
0.937021
0.937778
0.94209
0.94209
0.942092
0.942093
0.942093
0.943551
0.943553
0.943975
0.944949
0.944949
0.945239
0.94524
0.945241
0.945241
0.945501
0.946585
0.946585
0.946891
0.946884
0.946884
0.946956
0.947078
0.947124
0.947637
0.947684
0.948103
0.948104
0.948137
0.948137
0.948344
0.948344
0.9485
0.9485
0.948622
0.948659
0.948659
0.948659
0.948731
0.948731
0.948731
0.948754
0.948761
0.948761
0.948768
0.948768
0.948768
0.948788
0.948788
0.948808
0.948808
0.948823
0.948823
0.948823
0.948824
0.948873
0.948873
0.948891
0.948891
0.948901
0.948902
0.948902
0.948906
0.948917
0.948918
0.948919
0.948919
0.94892
0.948922
0.948922
0.948922
0.948923
0.948923
0.948923
0.948924
0.948924
0.948927
0.948927
0.948928
0.948928
0.948928
0.94893
0.94893
0.94893
0.94893
0.948931
0.948931
0.948932
0.948932
0.948932
0.948932
0.948933
0.948933
0.948933
0.948933
0.948933
0.948933
0.948933
0.948933
0.948933
0.948933
0.948933
0.948933
0.948933
0.948934
0.948934
0.948934
0.948934
0.948934
0.948934
0.948934
0.948934
0.948934
0.948934
0.948934
0.948934
0.948934
0.948934
0.948934
0.948934
0.948934
0.948934
0.948934
0.948934
0.948934
0.948934
0.948934
0.948934
0.948934
0.948934
0.948934
0.948934
0.948934
0.948934
0.948934
0.948934
0.948934
0.948934
0.948934
0.948934
0.948934
0.948934
0.948934
0.948934
0.948934
0.948934
0.948934
0.948934
0.948934
0.948934
0.948934
0.948934
0.948934
0.948934
0.948934
0.948934
0.948934
0.948934
0.948934
0.948934
0.948934
0.948934
0.948934
0.948934
0.948934
0.948934
0.948934
0.948934
0.948934
0.948934
0.948934
0.948934
0.948934
0.948934
0.948934
0.948934
0.948934
0.948934
0.948934
0.948934
0.948934
0.948934
0.948934
0.948934
0.948934
0.948934
0.948934
0.948934
0.948934
0.948934
0.948934
0.948934
0.948934
0.948934
0.948934
0.948934
0.948934
0.948934
0.948934
0.948934
0.948934
0.948934
0.948934
0.948934
0.948934
0.948934
0.948934
0.948934
0.948934
0.948934
0.948934
0.948934
0.948934
0.948934
0.948934
0.948934
0.948934
0.948934
0.948934
0.948934
0.948934
0.948934
0.948934
0.948934
0.948934
0.948934
0.948934
0.948934


0.0262354
0.0268831
0.0292015
0.0307832
0.0313216
0.0317701
0.0326972
0.0337102
0.0349343
0.036302
0.036603
0.0371387
0.0379443
0.0385922
0.0385922
0.039622
0.0412735
0.041915
0.0438803
0.0486489
0.0506518
0.0476411
0.0507167
0.0514595
0.0525617
0.0529917
0.0563243
0.0598132
0.0603359
0.0631886
0.0660467
0.0678898
0.0735237
0.0871253
0.0902517
0.0947372
0.121387
0.12538
0.136636
0.137231
0.153335
0.158742
0.174854
0.205627
0.205627
0.218285
0.220628
0.236881
0.272879
0.277593
0.320659
0.318938
0.349819
0.35659
0.362561
0.388347
0.38947
0.413811
0.460248
0.480648
0.480648
0.490507
0.497105
0.503024
0.505912
0.543528
0.570925
0.570925
0.593181
0.593181
0.601628
0.637469
0.637771
0.639983
0.639983
0.662514
0.663954
0.693559
0.695679
0.708354
0.713511
0.713265
0.714296
0.715667
0.718711
0.723766
0.74619
0.747081
0.75267
0.75267
0.757286
0.759953
0.760305
0.760384
0.765256
0.769743
0.770627
0.771379
0.772316
0.774234
0.775541
0.775528
0.778299
0.778299
0.77858
0.778763
0.779084
0.779225
0.780505
0.780702
0.781792
0.781939
0.782184
0.782838
0.783295
0.78334
0.78339
0.783487
0.783692
0.783704
0.783714
0.783741
0.783983
0.784027
0.78409
0.784247
0.784284
0.784346
0.784355
0.784363
0.784411
0.784527
0.784527
0.78456
0.78456
0.784562
0.784574
0.784576
0.784578
0.784598
0.7846
0.784605
0.784624
0.784625
0.784626
0.784628
0.784632
0.784638
0.784647
0.784654
0.784661
0.784664
0.784664
0.784667
0.78467
0.78467
0.784673
0.784679
0.784679
0.784679
0.78468
0.784681
0.784681
0.784682
0.784683
0.784685
0.784685
0.784686
0.784688
0.784688
0.784688
0.784689
0.784689
0.78469
0.78469
0.78469
0.784691
0.794499
0.794499
0.7945
0.842389
0.836732
0.872524
0.872524
0.875785
0.875786
0.875786
0.885244
0.900981
0.907419
0.911452
0.914354
0.914354
0.917374
0.921153
0.927975
0.928815
0.950947
0.950947
0.950947
0.951781
0.951781
0.951781
0.952832
0.956525
0.956525
0.963467
0.976054
0.98126
0.98126
0.98313
0.98313
0.98313
0.985911
0.985911
0.985911
0.986545
0.986545
0.986545
0.989332
0.989447
0.991592
0.99186
0.99186
0.99186
0.99511
0.99511
0.996497
0.996497
0.996497
0.996503
0.996828
0.997285
0.997285
0.997599
0.997985
0.997988
0.998384
0.998384
0.998384
0.998495
0.998921
0.998921
0.998921
0.998921
0.998935
0.999228
0.999228
0.999228
0.999228
0.999293
0.999369
0.999562
0.999562
0.999583
0.999583
0.999718
0.999718
0.999718
0.999718
0.999718
0.999785
0.99982
0.99982
0.999826
0.999829
0.99983
0.99983
0.999862
0.999901
0.999926
0.999926
0.999928
0.999928
0.999928
0.99994
0.999945
0.999947
0.999954
0.999954
0.999954
0.999963
0.999969
0.999971
0.999974
0.999979
0.999979
0.999981
0.999983
0.999987
0.999987
0.999987
0.999989
0.99999
0.999991
0.999991
0.999992
0.999992
0.999995
0.999997
0.999997
0.999996
0.999997
0.999997
0.999998
0.999998
0.999998
0.999998
0.999999
0.999999
0.999999
0.999999
0.999999
0.999999
0.999999
0.999999
0.999999
0.999999
0.999999
1
1
1
1
1
1
1
1
1
1
1
1
1
1
1
1
1
1
1
1
1
1
1
1
1
1
1
1
1
1
1
1
1
1
1
1
1
1
1
1
1
1
1
1
1
1
1
1
1
1
1
1
1
1
1
1
1
1
1
1
1
1
1
1
1
1
1
1
1
1
1
1
1
1
1
1
1
1
1
1
1


0.0293876
0.0293876
0.0318793
0.0333551
0.0337958
0.0369637
0.0369637
0.038436
0.0406254
0.0412105
0.0416647
0.0422403
0.0425445
0.0425445
0.0444992
0.0461574
0.0462501
0.0471649
0.0490355
0.0497525
0.0550594
0.0563213
0.0570496
0.0619511
0.0650237
0.0660069
0.0706091
0.0722256
0.0809536
0.0829232
0.0925998
0.0845757
0.0960556
0.102159
0.11223
0.118532
0.134305
0.138937
0.159068
0.159856
0.202446
0.214335
0.233332
0.257857
0.300416
0.300416
0.31589
0.349192
0.36385
0.380888
0.429394
0.401868
0.445967
0.45462
0.492847
0.495084
0.50752
0.533037
0.545434
0.566617
0.591255
0.593584
0.635526
0.645407
0.684186
0.711435
0.720503
0.741535
0.749358
0.7747
0.806014
0.792117
0.798637
0.815626
0.828933
0.834717
0.850797
0.855197
0.865034
0.865325
0.867358
0.878841
0.883038
0.892522
0.895429
0.895906
0.898364
0.905698
0.910052
0.910285
0.912498
0.912921
0.912921
0.915621
0.916831
0.917769
0.9193
0.919706
0.919787
0.921572
0.92241
0.922803
0.923719
0.924241
0.924606
0.926039
0.926039
0.926039
0.926168
0.926379
0.926379
0.926319
0.926479
0.926754
0.927025
0.927036
0.927209
0.927228
0.927235
0.927519
0.927525
0.927606
0.927694
0.927733
0.927797
0.927806
0.927836
0.927836
0.927883
0.92789
0.927939
0.927937
0.927938
0.927966
0.927968
0.927981
0.927991
0.928011
0.928023
0.928032
0.928035
0.928042
0.928042
0.928049
0.928068
0.928069
0.928069
0.928073
0.928073
0.928078
0.928079
0.928078
0.928085
0.928087
0.928088
0.928093
0.928093
0.928097
0.9281
0.9281
0.928101
0.9281
0.9281
0.928101
0.928102
0.928102
0.928103
0.928103
0.928103
0.928105
0.928105
0.928105
0.928105
0.928106
0.928106
0.928106
0.928106
0.928106
0.928106
0.928107
0.928107
0.928107
0.928107
0.928107
0.928107
0.928107
0.928107
0.928107
0.928107
0.928107
0.928107
0.928107
0.928107
0.928107
0.928107
0.928107
0.928107
0.928107
0.928107
0.928107
0.928107
0.928107
0.928107
0.928107
0.928107
0.928107
0.928107
0.928107
0.928107
0.928107
0.928107
0.928107
0.928107
0.928107
0.928107
0.928107
0.928107
0.928107
0.928107
0.928107
0.928107
0.928107
0.928107
0.928107
0.928107
0.928107
0.928107
0.928107
0.928107
0.928107
0.928107
0.928107
0.928107
0.928107
0.928107
0.928107
0.928107
0.928107
0.928107
0.928107
0.928107
0.928107
0.928107
0.928107
0.928107
0.928107
0.928107
0.928107
0.928107
0.928107
0.928107
0.928107
0.928107
0.928107
0.928107
0.928107
0.928107
0.928107
0.928107
0.928107
0.928107
0.928107
0.928107
0.928107
0.928107
0.928107
0.928107
0.928107
0.928107
0.928107
0.928107
0.928107
0.928107
0.928107
0.928107
0.928107
0.928107
0.928107
0.928107
0.928107
0.928107
0.928107
0.928107
0.928107
0.928107
0.928107
0.928107
0.928107
0.928107
0.928107
0.928107
0.928107
0.928107
0.928107
0.928107
0.928107
0.928107
0.928107
0.928107
0.928107
0.928107
0.928107
0.928107
0.928107
0.928107
0.928107
0.928107
0.928107
0.928107
0.928107
0.928107
0.928107
0.928107
0.928107
0.928107
0.928107
0.928107
0.928107
0.928107
0.928107
0.928107
0.928107
0.928107
0.928107
0.928107
0.928107
0.928107
0.928107
0.928107
0.928107
0.928107
0.928107
0.928107
0.928107
0.928107
0.928107
0.928107
0.928107
0.928107
0.928107
0.928107
0.928107
0.928107
0.928107
0.928107
0.928107
0.928107
0.928107
0.928107
0.928107
0.928107
0.928107
0.928107
0.928107
0.928107
0.928107
0.928107
0.928107
0.928107
0.928107
0.928107
0.928107
0.928107
0.928107
0.928107
0.928107
0.928107
0.928107
0.928107
0.928107
0.928107
0.928107
0.928107
0.928107
0.928107
0.928107
0.928107
0.928107
0.928107
0.928107
0.928107
0.928107
0.928107
0.928107
0.928107
0.928107
0.928107
0.928107
0.928107
0.928107
0.928107
0.928107
0.928107
0.928107
0.928107
0.928107
0.928107
0.928107
0.928107
0.928107


0.0293923
0.0323025
0.0323025
0.0336609
0.0342048
0.0351819
0.0358339
0.0359027
0.0373658
0.0388661
0.0396645
0.0405592
0.0405648
0.0411605
0.042215
0.043577
0.0446062
0.0469816
0.0469958
0.047178
0.0474277
0.0501953
0.0510315
0.0518816
0.054278
0.054278
0.0582603
0.0582603
0.0598945
0.0607301
0.0652329
0.065847
0.068806
0.0693833
0.0704405
0.072905
0.0738967
0.0826718
0.0979506
0.102858
0.103494
0.117768
0.126756
0.144488
0.147472
0.164876
0.175226
0.200373
0.213719
0.216832
0.254208
0.271736
0.275338
0.305221
0.323678
0.334887
0.344044
0.369421
0.386422
0.38874
0.416285
0.442256
0.442256
0.466912
0.47854
0.483938
0.485882
0.488776
0.497595
0.504476
0.508453
0.518764
0.528791
0.529232
0.533052
0.539478
0.542547
0.549695
0.549695
0.550716
0.550899
0.554206
0.58087
0.612521
0.629785
0.629785
0.637034
0.640723
0.645475
0.701691
0.702474
0.703148
0.709017
0.710058
0.712377
0.720509
0.720826
0.721204
0.727165
0.728701
0.73389
0.733901
0.735044
0.735196
0.735283
0.73814
0.738509
0.739603
0.739678
0.741293
0.741448
0.741467
0.7436
0.74363
0.743655
0.745015
0.745047
0.745525
0.745782
0.746627
0.74729
0.74729
0.747875
0.747875
0.748046
0.748056
0.748241
0.748251
0.748251
0.748256
0.748514
0.748752
0.748766
0.748773
0.748774
0.748861
0.749024
0.74907
0.749072
0.749192
0.749288
0.749289
0.74929
0.749293
0.749294
0.749302
0.749335
0.749379
0.749379
0.749381
0.749392
0.749394
0.749419
0.749441
0.749442
0.749458
0.749462
0.749487
0.749487
0.749487
0.7495
0.7495
0.749514
0.749514
0.749514
0.749521
0.749522
0.749525
0.749537
0.749537
0.749538
0.749535
0.749543
0.749543
0.74955
0.74955
0.74955
0.74955
0.749551
0.749553
0.749555
0.749555
0.749555
0.749556
0.749558
0.749558
0.765646
0.821257
0.837932
0.868263
0.868263
0.851131
0.872057
0.872057
0.872057
0.90197
0.91432
0.922491
0.922492
0.927268
0.927269
0.927269
0.927269
0.946369
0.946369
0.946952
0.948697
0.948697
0.950581
0.958869
0.95964
0.960897
0.97124
0.97124
0.97124
0.976389
0.976389
0.976389
0.976389
0.978755
0.978755
0.978494
0.987816
0.987816
0.988002
0.989342
0.990975
0.992077
0.992077
0.994506
0.994941
0.994941
0.995245
0.995844
0.995844
0.995844
0.995844
0.996241
0.996241
0.996441
0.996925
0.997057
0.99708
0.99708
0.99708
0.997772
0.99779
0.99779
0.997929
0.997929
0.997929
0.998016
0.998337
0.998371
0.99843
0.99843
0.998706
0.99884
0.999021
0.999258
0.999401
0.999578
0.999578
0.999578
0.999645
0.999645
0.999664
0.999664
0.999737
0.999741
0.999783
0.99979
0.99979
0.999795
0.999836
0.999849
0.99986
0.999866
0.999879
0.999881
0.999886
0.999914
0.99992
0.999937
0.999937
0.999945
0.999945
0.999945
0.999948
0.999951
0.999951
0.999963
0.999967
0.999979
0.999985
0.999985
0.999985
0.99999
0.99999
0.99999
0.999991
0.999991
0.999992
0.999992
0.999992
0.999992
0.999993
0.999995
0.999996
0.999996
0.999996
0.999996
0.999996
0.999997
0.999997
0.999997
0.999997
0.999998
0.999998
0.999998
0.999998
0.999998
0.999999
0.999999
0.999999
0.999999
0.999999
0.999999
0.999999
0.999999
0.999999
0.999999
1
1
1
1
1
1
1
1
1
1
1
1
1
1
1
1
1
1
1
1
1
1
1
1
1
1
1
1
1
1
1
1
1
1
1
1
1
1
1
1
1
1
1
1
1
1
1
1
1
1
1
1
1
1
1
1
1
1
1
1
1
1
1
1
1
1
1
1


0.0265611
0.0271997
0.0289544
0.0299338
0.0334804
0.033755
0.0342186
0.0348704
0.0353311
0.0355969
0.039609
0.039609
0.0398243
0.0415864
0.0424562
0.043204
0.046165
0.046165
0.0487369
0.0499864
0.051017
0.0537601
0.0537601
0.0557892
0.0606935
0.0657137
0.0695113
0.0735242
0.0765993
0.0789743
0.0883956
0.0920271
0.102477
0.107749
0.113507
0.123251
0.125361
0.135953
0.143695
0.151778
0.151778
0.160364
0.170978
0.202776
0.204524
0.230759
0.241281
0.241281
0.247568
0.25776
0.278459
0.330231
0.370437
0.372076
0.372076
0.41784
0.42382
0.426016
0.429228
0.429866
0.436489
0.437941
0.439127
0.442128
0.447801
0.468291
0.47045
0.473419
0.486746
0.492637
0.495927
0.501321
0.502799
0.50319
0.504845
0.507402
0.509324
0.515968
0.516531
0.517031
0.517855
0.517884
0.51926
0.522902
0.522902
0.523701
0.523835
0.523835
0.52423
0.524657
0.525052
0.525527
0.525957
0.526211
0.526832
0.527951
0.528007
0.528421
0.528421
0.528491
0.528522
0.528644
0.528708
0.528713
0.528878
0.528979
0.529009
0.529079
0.529217
0.529217
0.529364
0.529364
0.529364
0.529404
0.529428
0.529436
0.529465
0.529506
0.529507
0.529539
0.529558
0.529579
0.529613
0.529613
0.52962
0.529645
0.529657
0.529661
0.529662
0.529668
0.529676
0.529676
0.529685
0.529692
0.529692
0.529696
0.529702
0.529703
0.529705
0.529706
0.52971
0.52971
0.529711
0.529711
0.529713
0.529713
0.529714
0.529715
0.529716
0.529717
0.529717
0.529719
0.52972
0.52972
0.529721
0.529721
0.529722
0.529722
0.529722
0.529723
0.529723
0.529723
0.529723
0.529723
0.529723
0.529723
0.529723
0.529723
0.529723
0.529724
0.529724
0.529724
0.529724
0.529724
0.529724
0.529724
0.529724
0.529724
0.529724
0.529724
0.529724
0.529724
0.529725
0.529725
0.529725
0.529725
0.529725
0.529725
0.529725
0.529725
0.529725
0.529725
0.529725
0.529725
0.529725
0.529725
0.529725
0.529725
0.529725
0.529725
0.529725
0.529725
0.529725
0.529725
0.529725
0.529725
0.529725
0.529725
0.529725
0.529725
0.529725
0.529725
0.529725
0.529725
0.529725
0.529725
0.529725
0.529725
0.529725
0.529725
0.529725
0.529725
0.529725
0.529725
0.529725
0.529725
0.529725
0.529725
0.529725
0.529725
0.529725
0.529725
0.529725
0.529725
0.529725
0.529725
0.529725
0.529725
0.529725
0.529725
0.529725
0.529725
0.529725
0.529725
0.529725
0.529725
0.529725
0.529725
0.529725
0.529725
0.529725
0.529725
0.529725
0.529725
0.529725
0.529725
0.529725
0.529725
0.529725
0.529725
0.529725
0.529725
0.529725
0.529725
0.529725
0.529725
0.529725
0.529725
0.529725
0.529725
0.529725
0.529725
0.529725
0.529725
0.529725
0.529725
0.529725
0.529725
0.529725
0.529725
0.529725
0.529725
0.529725
0.529725
0.529725
0.529725
0.529725
0.529725
0.529725
0.529725
0.529725
0.529725
0.529725
0.529725
0.529725
0.529725
0.529725
0.529725
0.529725
0.529725
0.529725
0.529725
0.529725
0.529725
0.555253
0.555253
0.569215
0.578898
0.589013
0.589013
0.593544
0.59104
0.59104
0.59104
0.592182
0.592694
0.592694
0.595663
0.595663
0.602195
0.607172
0.610515
0.627501
0.627501
0.627501
0.62861
0.637059
0.647841
0.64798
0.64798
0.64798
0.647933
0.652221
0.655652
0.663732
0.672805
0.678991
0.678991
0.680737
0.682581
0.683781
0.683622
0.703808
0.72667
0.731133
0.732596
0.732945
0.739531
0.739701
0.75426
0.758256
0.758261
0.761216
0.764473
0.767498
0.767535
0.767618
0.774199
0.774525
0.774525
0.778226
0.780085
0.788371
0.794153
0.795735
0.798151
0.799372
0.800478
0.800478
0.803849
0.805368
0.806697
0.807587
0.81118
0.812216
0.812854
0.81428
0.816916
0.820881
0.820881
0.821467
0.820593
0.822321
0.824753
0.824753
0.826485
0.826485
0.826673
0.826712
0.826722
0.826981
0.829606
0.829619
0.830392
0.831379
0.831379
0.831609
0.83312
0.833337
0.833525


0.0241112
0.0271955
0.0272796
0.0278679
0.0283381
0.0301233
0.0310857
0.0323927
0.0337171
0.0345842
0.0357322
0.0358227
0.0359261
0.0364273
0.0376462
0.0378256
0.0390999
0.0399941
0.043246
0.043246
0.0449668
0.0452509
0.0513429
0.0513429
0.0520338
0.0557363
0.0572201
0.0597469
0.0613213
0.0628445
0.0641042
0.0737397
0.0770899
0.081184
0.0899829
0.0931623
0.0944423
0.098397
0.0988608
0.11437
0.124177
0.125995
0.136698
0.136698
0.142117
0.154041
0.155014
0.172041
0.177844
0.202138
0.209671
0.219979
0.23669
0.241488
0.250737
0.272714
0.274349
0.280909
0.294336
0.304576
0.314929
0.314929
0.319839
0.322223
0.325656
0.335255
0.346803
0.350938
0.35215
0.357461
0.364789
0.365535
0.368256
0.369919
0.370781
0.371519
0.373716
0.377045
0.377594
0.379473
0.380818
0.382884
0.38451
0.384661
0.385074
0.385127
0.386875
0.388113
0.388148
0.388163
0.388579
0.389066
0.389282
0.400602
0.408167
0.427257
0.427257
0.42896
0.435068
0.435068
0.435697
0.4397
0.440444
0.44055
0.447681
0.449004
0.44907
0.449083
0.45512
0.455954
0.455964
0.456125
0.456596
0.458675
0.458675
0.459007
0.460925
0.460925
0.460926
0.462562
0.462562
0.463233
0.464046
0.465117
0.467179
0.46718
0.467184
0.467364
0.467365
0.467545
0.467545
0.467586
0.467922
0.468043
0.468782
0.468782
0.468984
0.468998
0.469012
0.469157
0.469204
0.469314
0.469373
0.469393
0.469393
0.469425
0.469572
0.469572
0.469677
0.469744
0.469767
0.469756
0.469813
0.469813
0.469839
0.469839
0.469843
0.469843
0.46986
0.469892
0.469892
0.469892
0.469895
0.469895
0.469911
0.469912
0.469912
0.469924
0.469942
0.469942
0.469942
0.469943
0.46995
0.46995
0.469951
0.469951
0.469951
0.469951
0.469951
0.469951
0.469955
0.469957
0.469957
0.469961
0.469961
0.469961
0.469961
0.469962
0.469963
0.469963
0.469965
0.469962
0.469965
0.469965
0.469966
0.469966
0.469966
0.469967
0.469968
0.469968
0.469969
0.469969
0.469969
0.469969
0.46997
0.46997
0.469971
0.469971
0.469971
0.469971
0.469971
0.469971
0.469971
0.469971
0.469971
0.469971
0.469971
0.469971
0.469971
0.469971
0.469971
0.469971
0.469971
0.469971
0.469971
0.469971
0.469971
0.469971
0.469971
0.4732
0.4732
0.473901
0.473901
0.473901
0.473901
0.479902
0.479955
0.488642
0.4907
0.4907
0.491557
0.494039
0.500489
0.50824
0.512686
0.512686
0.512686
0.512686
0.514426
0.514426
0.514426
0.516292
0.517302
0.517302
0.519945
0.519945
0.521599
0.521599
0.521781
0.522475
0.522782
0.522782
0.523024
0.525209
0.526339
0.526651
0.528252
0.528252
0.528252
0.528252
0.528252
0.528589
0.529637
0.530548
0.530548
0.530548
0.530608
0.530773
0.530773
0.530942
0.531083
0.531642
0.532217
0.532217
0.53223
0.532358
0.53279
0.53286
0.533032
0.53313
0.533246
0.533331
0.533391
0.533472
0.533489
0.533494
0.533511
0.533511
0.533553
0.533595
0.533595
0.533609
0.533609
0.53364
0.53364
0.533654
0.533671
0.533682
0.533684
0.533702
0.533702
0.533691
0.533694
0.533697
0.533716
0.533722
0.53373
0.53373
0.533737
0.533749
0.533749
0.533753
0.533753
0.533753
0.533753
0.533756
0.533756
0.533757
0.533757
0.533758
0.533758
0.533759
0.533762
0.533763
0.533765
0.533765
0.533766
0.533767
0.533767
0.533768
0.533769
0.533769
0.53377
0.53377
0.53377
0.53377
0.533772
0.533772
0.533773
0.533774
0.533774
0.533774
0.533774
0.533774
0.533774
0.533775
0.533775
0.533775
0.533775
0.533775
0.533775
0.533775
0.533775
0.533775
0.533775
0.533775
0.533775
0.533775
0.533775
0.533775
0.533775
0.533775
0.533775
0.533775
0.533775
0.533775
0.533775
0.533775
0.533775
0.533775
0.533775
0.533776
0.533776
0.533776
0.533776
0.533776
0.533776
0.533776
0.533776
0.533776
0.533776
0.533776
0.533776
0.533776
0.533776
0.533776
0.533776
0.533776
0.533776
0.533776


0.0235987
0.0245711
0.026202
0.0273522
0.0284395
0.0296177
0.0313136
0.0320315
0.0328957
0.0330511
0.033722
0.0354328
0.0363058
0.0378063
0.0378063
0.0404065
0.040655
0.0424886
0.0445988
0.0470579
0.0470579
0.0496222
0.0506652
0.0512745
0.0568375
0.0582553
0.0664661
0.0679155
0.0762862
0.0781972
0.081221
0.0765555
0.0859419
0.0859419
0.112139
0.121826
0.137828
0.16092
0.16092
0.162618
0.176806
0.180708
0.191994
0.192197
0.205144
0.221857
0.237437
0.26578
0.301996
0.304677
0.331215
0.341199
0.344595
0.35609
0.357339
0.363566
0.382584
0.3886
0.390051
0.412224
0.415425
0.415656
0.4253
0.440553
0.443062
0.443062
0.443657
0.456044
0.458158
0.463153
0.465176
0.465183
0.465183
0.468574
0.471304
0.471304
0.472894
0.473979
0.475783
0.476773
0.476773
0.47635
0.476879
0.477802
0.478277
0.478277
0.47922
0.48022
0.480299
0.480299
0.480411
0.480258
0.480633
0.481308
0.481308
0.481356
0.481516
0.481548
0.481904
0.481915
0.481919
0.482134
0.482148
0.482217
0.482328
0.482353
0.482387
0.482414
0.482486
0.482566
0.482579
0.482586
0.482605
0.482605
0.48262
0.482642
0.482647
0.482657
0.482674
0.482685
0.482707
0.48272
0.482729
0.482753
0.482754
0.482757
0.482757
0.482762
0.482763
0.482777
0.482779
0.48278
0.48279
0.482792
0.482794
0.482798
0.482801
0.482804
0.482808
0.48281
0.482814
0.482817
0.482818
0.482818
0.482818
0.482818
0.482819
0.482819
0.482819
0.482819
0.48282
0.48282
0.482821
0.482822
0.482822
0.482823
0.482823
0.482823
0.482823
0.482823
0.482823
0.482824
0.482824
0.482824
0.482824
0.482824
0.482824
0.482824
0.482824
0.482825
0.482825
0.482825
0.482825
0.482825
0.482825
0.482825
0.482825
0.482825
0.482825
0.482825
0.482825
0.482825
0.482825
0.482825
0.482825
0.482825
0.482825
0.484754
0.484754
0.484754
0.484754
0.497895
0.500704
0.500871
0.50559
0.512046
0.512046
0.51484
0.518241
0.518241
0.520955
0.520955
0.527053
0.527053
0.527053
0.527091
0.531904
0.531904
0.531904
0.53212
0.53212
0.53212
0.53212
0.53234
0.532915
0.532915
0.533156
0.537083
0.537083
0.538038
0.538542
0.538943
0.539818
0.540246
0.540925
0.540925
0.541989
0.541989
0.541989
0.542321
0.543031
0.543353
0.543443
0.543443
0.543443
0.54347
0.543907
0.543907
0.543907
0.544145
0.544621
0.544621
0.544621
0.544883
0.545114
0.545114
0.545204
0.545204
0.545261
0.545261
0.545351
0.545702
0.54579
0.54579
0.545879
0.546157
0.546158
0.546203
0.546203
0.546252
0.546252
0.546384
0.546387
0.546387
0.546397
0.546528
0.546528
0.54655
0.54655
0.546555
0.546673
0.546627
0.546683
0.546683
0.546683
0.546727
0.546727
0.54673
0.546736
0.546743
0.546748
0.546751
0.546757
0.546761
0.546777
0.546777
0.546783
0.546783
0.546791
0.546794
0.546794
0.546795
0.546802
0.546802
0.546813
0.546813
0.546813
0.546815
0.546815
0.546816
0.546819
0.546819
0.546819
0.54682
0.546821
0.546821
0.546821
0.546822
0.546822
0.546822
0.546822
0.546823
0.546823
0.546823
0.546823
0.546824
0.546824
0.546824
0.546824
0.546824
0.546824
0.546825
0.546825
0.546825
0.546825
0.546825
0.546825
0.546825
0.546825
0.546825
0.546825
0.546825
0.546825
0.546825
0.546825
0.546825
0.546825
0.546825
0.546825
0.546825
0.546825
0.546825
0.546825
0.546825
0.546825
0.546825
0.546825
0.546825
0.546825
0.546825
0.546825
0.546825
0.546825
0.546825
0.546825
0.546825
0.546825
0.546825
0.546825
0.546825
0.546825
0.546825
0.546825
0.546825
0.546825
0.546825
0.546825
0.546825
0.546825
0.546825
0.546825
0.546825
0.546825
0.546825
0.546825
0.546825
0.546825
0.546825
0.546825
0.546825
0.546825
0.546825
0.546825
0.546825
0.546825
0.546825
0.546825
0.546825
0.546825
0.546825
0.546825
0.546825
0.546825
0.546825
0.546825
0.546825
0.546825
0.546825
0.546825
0.546825


0.0199369
0.0208945
0.0234915
0.0235934
0.0242507
0.024567
0.0249159
0.0255521
0.0261684
0.0266988
0.0270653
0.0270653
0.027084
0.0287494
0.0288567
0.0292843
0.0299018
0.0342873
0.0349176
0.0379329
0.0402779
0.0416172
0.0430985
0.0430985
0.0443306
0.0468618
0.0501324
0.0555714
0.0565394
0.0594401
0.0673521
0.0700081
0.0715081
0.0764068
0.0859477
0.08877
0.0967959
0.109158
0.109158
0.112726
0.117531
0.131264
0.145071
0.149849
0.154256
0.164151
0.165658
0.179432
0.18227
0.194994
0.203917
0.20644
0.211876
0.215661
0.218227
0.231109
0.238571
0.266
0.291804
0.294854
0.295674
0.302475
0.309607
0.320254
0.320254
0.324833
0.334761
0.342212
0.346896
0.346896
0.35631
0.357702
0.357702
0.359889
0.361058
0.368
0.368
0.380231
0.382139
0.382776
0.38548
0.385539
0.385965
0.386997
0.387088
0.388555
0.390572
0.390974
0.39203
0.393355
0.393891
0.394103
0.394103
0.394911
0.394924
0.395183
0.395496
0.396064
0.396608
0.396938
0.396938
0.397099
0.397228
0.397471
0.397483
0.397933
0.399267
0.406218
0.433008
0.433008
0.445655
0.439482
0.439543
0.446199
0.446235
0.447038
0.447636
0.448056
0.448123
0.448438
0.45279
0.456133
0.456182
0.463747
0.466174
0.466307
0.466313
0.467412
0.467419
0.468493
0.468513
0.468524
0.469325
0.469334
0.469492
0.4695
0.469883
0.469883
0.469886
0.469892
0.470102
0.471463
0.471953
0.47222
0.472586
0.473433
0.474346
0.474347
0.474755
0.474755
0.475544
0.475715
0.475715
0.475716
0.475716
0.475717
0.475999
0.476367
0.476367
0.476385
0.476664
0.476878
0.476878
0.476912
0.47693
0.477065
0.477065
0.477122
0.477122
0.477323
0.477323
0.477339
0.477413
0.477583
0.477583
0.477589
0.477642
0.477642
0.477664
0.477664
0.477664
0.477766
0.477766
0.47779
0.477798
0.477829
0.477829
0.477851
0.477857
0.477859
0.477864
0.477869
0.477886
0.477915
0.477915
0.477928
0.477936
0.477936
0.477945
0.477951
0.477952
0.47797
0.47797
0.47797
0.47797
0.477978
0.477978
0.477978
0.47798
0.47798
0.47798
0.477983
0.477983
0.477983
0.477984
0.477987
0.477987
0.477989
0.477989
0.477989
0.477989
0.47799
0.47799
0.477991
0.477992
0.477992
0.477993
0.477993
0.477994
0.477994
0.477994
0.477994
0.477994
0.477994
0.477994
0.477994
0.477995
0.477995
0.477995
0.477995
0.477995
0.477995
0.477995
0.477995
0.477995
0.477995
0.477995
0.477995
0.477995
0.477995
0.477995
0.477995
0.477995
0.477995
0.477995
0.477995
0.477995
0.477995
0.477995
0.477995
0.477995
0.477995
0.477995
0.477995
0.477995
0.477995
0.477995
0.477995
0.477995
0.477995
0.477995
0.477995
0.477995
0.477995
0.477995
0.477995
0.477995
0.477995
0.477995
0.477995
0.477995
0.477995
0.477995
0.477995
0.477995
0.477995
0.477995
0.477995
0.477995
0.477995
0.477995
0.477995
0.477995
0.477995
0.477995
0.477995
0.477995
0.477995
0.477995
0.477995
0.477995
0.477995
0.477995
0.477995
0.477995
0.477995
0.477995
0.477995
0.477995
0.477995
0.477995
0.477995
0.477995
0.477995
0.477995
0.477995
0.477995
0.477995
0.477995
0.477995
0.477995
0.477995
0.477995
0.477995
0.477995
0.477995
0.477995
0.477995
0.477995
0.477995
0.477995
0.477995
0.477995
0.477995
0.477995
0.477995
0.477995
0.477995
0.477995
0.477995
0.477995
0.477995
0.477995
0.477995
0.477995
0.477995
0.477995
0.477995
0.477995
0.477995
0.477995
0.477995
0.477995
0.477995
0.477995
0.477995
0.477995
0.477995
0.477995
0.477995
0.477995
0.477995
0.477995
0.477995
0.477995
0.477995
0.477995
0.477995
0.477995
0.477995
0.477995
0.477995
0.477995
0.477995
0.477995
0.477995
0.477995
0.477995
0.477995
0.477995
0.477995
0.477995
0.477995
0.477995
0.477995
0.477995
0.477995
0.477995
0.477995
0.477995
0.477995
0.477995
0.477995
0.477995
0.477995
0.477995
0.477995
0.477995
0.477995
0.477995


0.0189505
0.0201823
0.0222859
0.0227261
0.0234266
0.0237507
0.0241516
0.0246024
0.0265205
0.0267206
0.0271504
0.0285833
0.028808
0.028808
0.028808
0.030962
0.0309724
0.0311696
0.0333967
0.0333967
0.0352856
0.0350257
0.0356903
0.0381411
0.0381477
0.0381477
0.0408016
0.0413548
0.0418922
0.0494922
0.0501315
0.0509951
0.0549081
0.0554873
0.0555944
0.0565846
0.0720784
0.0748079
0.0748079
0.0845359
0.0853172
0.0899609
0.0930658
0.111071
0.141411
0.143552
0.154381
0.154935
0.165589
0.173512
0.183986
0.192401
0.193284
0.199
0.199
0.214754
0.250781
0.257834
0.284038
0.284038
0.285181
0.291772
0.296306
0.299715
0.305641
0.306891
0.317609
0.331293
0.34444
0.34444
0.352508
0.350944
0.353213
0.361591
0.361591
0.370502
0.375041
0.393612
0.395024
0.396235
0.396497
0.396966
0.40031
0.40395
0.404431
0.408282
0.410147
0.411076
0.411076
0.412478
0.413668
0.415589
0.416022
0.416467
0.417171
0.417929
0.418061
0.418849
0.419716
0.420336
0.420715
0.420889
0.421018
0.421774
0.421774
0.421889
0.422365
0.42275
0.422798
0.422798
0.423014
0.423219
0.423219
0.423347
0.4234
0.423482
0.423525
0.423529
0.423605
0.42362
0.423662
0.423686
0.423695
0.423699
0.423749
0.42378
0.423805
0.424579
0.424585
0.425322
0.42643
0.427212
0.428548
0.429951
0.429957
0.430505
0.431692
0.43249
0.43249
0.432794
0.433056
0.433741
0.433838
0.433959
0.434685
0.435199
0.435199
0.4352
0.435252
0.435252
0.435269
0.435266
0.435266
0.435321
0.435367
0.435425
0.435534
0.435567
0.435699
0.435699
0.435722
0.43574
0.435835
0.435835
0.435837
0.435869
0.435892
0.435892
0.435938
0.435938
0.435947
0.435961
0.435961
0.435967
0.435968
0.435968
0.435985
0.435985
0.435988
0.435988
0.435988
0.436006
0.436006
0.43601
0.43601
0.436013
0.436015
0.436015
0.436016
0.436019
0.43602
0.43602
0.436021
0.436021
0.436023
0.436024
0.436024
0.436024
0.436024
0.436024
0.436025
0.436025
0.436025
0.436025
0.436025
0.436025
0.436025
0.436025
0.436025
0.436025
0.436025
0.436026
0.436026
0.436026
0.436026
0.436026
0.436026
0.436026
0.436026
0.436026
0.436026
0.436026
0.436026
0.436026
0.436026
0.436026
0.436026
0.436026
0.436026
0.436026
0.436026
0.436026
0.436026
0.436026
0.436026
0.436026
0.436026
0.436026
0.436026
0.436026
0.436026
0.436026
0.436026
0.436026
0.436026
0.436026
0.436026
0.436026
0.436026
0.436026
0.436026
0.436026
0.436026
0.436026
0.436026
0.436026
0.436026
0.436026
0.436026
0.436026
0.436026
0.436026
0.436026
0.436026
0.436026
0.436026
0.436026
0.436026
0.436026
0.436026
0.436026
0.436026
0.436026
0.436026
0.436026
0.436026
0.436026
0.436026
0.436026
0.436026
0.436026
0.436026
0.436026
0.436026
0.436026
0.436026
0.436026
0.436026
0.436026
0.436026
0.436026
0.436026
0.436026
0.436026
0.436026
0.436026
0.436026
0.436026
0.436026
0.436026
0.436026
0.436026
0.436026
0.436026
0.436026
0.436026
0.436026
0.436026
0.436026
0.436026
0.436026
0.436026
0.436026
0.436026
0.436026
0.436026
0.436026
0.436026
0.436026
0.436026
0.436026
0.436026
0.436026
0.436026
0.436026
0.436026
0.436026
0.436026
0.436026
0.436026
0.436026
0.436026
0.436026
0.436026
0.436026
0.436026
0.436026
0.436026
0.436026
0.436026
0.436026
0.436026
0.436026
0.436026
0.436026
0.436026
0.436026
0.436026
0.436026
0.436026
0.436026
0.436026
0.436026
0.436026
0.436026
0.436026
0.436026
0.436026
0.436026
0.436026
0.436026
0.436026
0.436026
0.436026
0.436026
0.436026
0.436026
0.436026
0.436026
0.436026
0.436026
0.436026
0.436026
0.436026
0.436026
0.436026
0.436026
0.436026
0.436026
0.436026
0.436026
0.436026
0.436026
0.436026
0.436026
0.436026
0.436026
0.436026
0.436026
0.436026
0.436026
0.436026
0.436026
0.436026
0.436026
0.436026
0.436026
0.436026
0.436026
0.436026


0.0195155
0.0203857
0.0212077
0.0219037
0.0219037
0.0225989
0.0232549
0.0250985
0.0252075
0.0253363
0.0254108
0.0256748
0.0269252
0.0269666
0.0278491
0.0278491
0.0278524
0.0279383
0.0286487
0.0305934
0.0307777
0.0325541
0.0337757
0.0351861
0.0386302
0.0386302
0.0426569
0.0444257
0.0467915
0.0512268
0.0524131
0.0577387
0.0586635
0.0663279
0.0736107
0.0873321
0.0873321
0.0890334
0.0919854
0.0999122
0.110609
0.117217
0.132231
0.132231
0.142264
0.14266
0.146939
0.154204
0.162383
0.172685
0.172685
0.191787
0.191787
0.204319
0.212086
0.2152
0.220647
0.230389
0.235538
0.24083
0.246956
0.254848
0.262281
0.262944
0.270241
0.279599
0.290423
0.291696
0.300466
0.303088
0.309123
0.312772
0.31716
0.319039
0.319039
0.319648
0.323689
0.324108
0.324108
0.32453
0.324659
0.324926
0.328802
0.328802
0.330481
0.330739
0.331108
0.331572
0.332751
0.332814
0.332814
0.333538
0.333538
0.333924
0.333924
0.334053
0.334248
0.334292
0.334699
0.334699
0.334888
0.33489
0.335041
0.335044
0.335044
0.335136
0.335151
0.335225
0.335273
0.335321
0.335323
0.335329
0.335355
0.335402
0.335405
0.335426
0.335442
0.335443
0.335452
0.335469
0.335486
0.335509
0.335511
0.335514
0.335515
0.335516
0.335521
0.335533
0.335538
0.335543
0.335546
0.335547
0.335552
0.335553
0.335563
0.335564
0.335564
0.335565
0.335566
0.335568
0.335569
0.335571
0.335572
0.335572
0.335573
0.335573
0.335573
0.335573
0.335574
0.335574
0.335574
0.335574
0.335574
0.335574
0.335575
0.335575
0.335575
0.335575
0.335575
0.335575
0.335575
0.335575
0.335575
0.335575
0.335575
0.335575
0.335575
0.335575
0.335575
0.335575
0.335575
0.335575
0.335576
0.335576
0.335576
0.335576
0.335576
0.335576
0.335576
0.335576
0.335576
0.335576
0.335576
0.335576
0.335576
0.335576
0.335576
0.335576
0.335576
0.335576
0.335576
0.335576
0.335576
0.335576
0.335576
0.335576
0.335576
0.335576
0.335576
0.335576
0.335576
0.335576
0.335576
0.335576
0.335576
0.335576
0.335576
0.335576
0.335576
0.335576
0.335576
0.335576
0.335576
0.335576
0.335576
0.335576
0.335576
0.335576
0.366877
0.372821
0.372821
0.373994
0.373994
0.373994
0.373994
0.387565
0.387565
0.387565
0.387565
0.392763
0.392763
0.407667
0.407667
0.407667
0.421198
0.421221
0.425064
0.425064
0.431522
0.457623
0.457623
0.457623
0.460269
0.479976
0.479976
0.489214
0.49701
0.49701
0.499551
0.505993
0.505993
0.505993
0.521542
0.521542
0.522836
0.528643
0.532434
0.532831
0.536412
0.538024
0.538024
0.538024
0.53932
0.53932
0.53932
0.542035
0.542179
0.543526
0.54431
0.54431
0.54431
0.545638
0.545638
0.54722
0.547512
0.547512
0.547789
0.548067
0.549415
0.551336
0.551336
0.551336
0.551336
0.551483
0.551483
0.551647
0.55174
0.552085
0.552085
0.552116
0.552303
0.552303
0.552313
0.552502
0.552656
0.552662
0.552916
0.552916
0.552916
0.552971
0.552979
0.553049
0.55313
0.55313
0.553162
0.553173
0.553181
0.553181
0.553191
0.553204
0.553237
0.553255
0.553255
0.553266
0.5533
0.5533
0.553308
0.553308
0.553314
0.553318
0.553318
0.553319
0.553325
0.553333
0.553333
0.553333
0.553336
0.553339
0.55334
0.553343
0.553345
0.553345
0.553347
0.553347
0.553347
0.553349
0.553349
0.553349
0.553351
0.553351
0.553351
0.553352
0.553352
0.553352
0.553352
0.553352
0.553352
0.553352
0.553352
0.553353
0.553353
0.553353
0.553353
0.553353
0.553353
0.553353
0.553353
0.553353
0.553354
0.553354
0.553354
0.553354
0.553354
0.553354
0.553354
0.553354
0.553354
0.553354
0.553354
0.553355
0.553355
0.553355
0.553355
0.553355
0.553355
0.553355
0.553355
0.553355
0.553355
0.553355
0.553355
0.553355
0.553355
0.553355
0.553355
0.553355
0.553355
0.553355
0.553355
0.553355
0.553355
0.553355
0.553355
0.553355
0.553355
0.553355
0.553355
0.553355
0.553355
0.553355


0.0239843
0.0257401
0.0266811
0.0281997
0.0292526
0.030137
0.030137
0.0316842
0.0346153
0.0346153
0.0346153
0.0353502
0.0372802
0.0379322
0.0396607
0.0400368
0.0400786
0.0422735
0.0437197
0.0437197
0.0437934
0.0438935
0.0445758
0.0488125
0.0510521
0.0518551
0.054213
0.0561577
0.0593714
0.0604479
0.0616624
0.0629629
0.0683664
0.0735426
0.0813832
0.0903668
0.0903668
0.0954734
0.0965256
0.109
0.111341
0.124343
0.124343
0.133691
0.137404
0.142574
0.157527
0.160978
0.167651
0.167651
0.170657
0.176344
0.191592
0.197331
0.213046
0.213292
0.222998
0.234472
0.243433
0.337303
0.337894
0.338536
0.338536
0.346615
0.356132
0.356373
0.402047
0.402047
0.408142
0.420346
0.420684
0.429657
0.450301
0.477569
0.477569
0.478398
0.479609
0.507904
0.512348
0.533786
0.533786
0.536637
0.536637
0.540954
0.543352
0.543352
0.543352
0.549525
0.549525
0.550445
0.555779
0.555873
0.555873
0.555942
0.556056
0.557638
0.557876
0.557876
0.558052
0.560706
0.560751
0.560904
0.561005
0.561035
0.561221
0.561328
0.561623
0.561857
0.561876
0.561952
0.562293
0.562061
0.562074
0.562916
0.563015
0.563015
0.563091
0.563091
0.563135
0.563497
0.563517
0.563524
0.563576
0.563582
0.563584
0.563866
0.563872
0.563872
0.56389
0.56389
0.56416
0.564187
0.564188
0.564211
0.564213
0.564271
0.564273
0.564278
0.564312
0.564357
0.564367
0.564426
0.564426
0.564437
0.564438
0.564451
0.564457
0.564463
0.564465
0.564466
0.564467
0.564481
0.564483
0.564487
0.564507
0.564508
0.564508
0.564516
0.564519
0.564522
0.564525
0.564524
0.564525
0.564525
0.564529
0.564529
0.564531
0.564531
0.564531
0.564531
0.564532
0.564535
0.564535
0.564535
0.564536
0.564538
0.564538
0.564538
0.564539
0.564539
0.56454
0.56454
0.56454
0.564541
0.564541
0.571183
0.571183
0.57123
0.580539
0.589018
0.601504
0.601504
0.601544
0.621908
0.631012
0.649267
0.649267
0.649267
0.649267
0.649267
0.650304
0.654229
0.66018
0.66018
0.660431
0.660431
0.661801
0.667386
0.671315
0.671315
0.671959
0.671959
0.676698
0.68267
0.683387
0.684851
0.684851
0.686441
0.687096
0.687127
0.687221
0.69315
0.69315
0.694382
0.696491
0.696491
0.696491
0.696491
0.697941
0.698073
0.698073
0.698073
0.699141
0.699141
0.699687
0.70034
0.700518
0.700518
0.700643
0.700654
0.700654
0.700677
0.701006
0.701006
0.701006
0.70115
0.701185
0.701185
0.701194
0.70124
0.70124
0.70124
0.701418
0.701418
0.701509
0.701509
0.701509
0.701529
0.70156
0.70164
0.70164
0.70166
0.701679
0.701692
0.701723
0.70174
0.701786
0.701787
0.701795
0.701795
0.7018
0.701815
0.701824
0.701845
0.701894
0.701894
0.701894
0.701902
0.701903
0.701914
0.701914
0.701914
0.70192
0.701929
0.701929
0.701935
0.701935
0.701938
0.701938
0.701941
0.701941
0.701941
0.701941
0.701941
0.701942
0.701947
0.701953
0.701953
0.701957
0.701958
0.701958
0.70196
0.70196
0.701961
0.701962
0.701962
0.701962
0.701962
0.701963
0.701963
0.701963
0.701963
0.701963
0.701963
0.701963
0.701964
0.701964
0.701964
0.701964
0.701964
0.701964
0.701964
0.701964
0.701964
0.701964
0.701965
0.701965
0.701965
0.701965
0.701965
0.701965
0.701965
0.702193
0.70295
0.703227
0.703281
0.703794
0.703794
0.704003
0.704083
0.704083
0.704426
0.70478
0.704871
0.704896
0.704904
0.709182
0.709182
0.71001
0.71001
0.712365
0.711306
0.711306
0.712318
0.7128
0.7128
0.712886
0.713083
0.713083
0.713611
0.713611
0.713742
0.713742
0.713759
0.713787
0.714526
0.714526
0.714697
0.715172
0.715411
0.715543
0.715695
0.715695
0.715868
0.716064
0.716114
0.71617
0.71617
0.716262
0.716346
0.716391
0.716421
0.716518
0.716518
0.716518
0.716518
0.716526
0.716607
0.716758
0.716829
0.716955
0.716843
0.717063
0.71717
0.71717
0.71717
0.717218
0.717383
0.717436
0.717442


0.0184477
0.0204785
0.0208313
0.0217638
0.0225562
0.0238234
0.0238234
0.024764
0.0248101
0.0250208
0.0259248
0.0264881
0.0264881
0.0266041
0.0267725
0.0269086
0.0272999
0.0277883
0.0284356
0.0295936
0.0298914
0.0308222
0.0321107
0.0321107
0.0324331
0.0335318
0.0341055
0.0356861
0.035713
0.0378609
0.0378609
0.0413695
0.0461282
0.0488816
0.0491183
0.0634269
0.0687926
0.0733936
0.0786145
0.0801672
0.0821424
0.0988915
0.102347
0.10342
0.109583
0.119255
0.12502
0.125961
0.136078
0.147376
0.155165
0.15618
0.192735
0.194152
0.218997
0.246741
0.246741
0.258106
0.29505
0.296609
0.297741
0.308431
0.325341
0.329841
0.340517
0.34267
0.346367
0.354683
0.355204
0.376353
0.383563
0.385874
0.404747
0.408182
0.414691
0.419599
0.421076
0.426873
0.43575
0.438732
0.438732
0.438528
0.440909
0.441987
0.447829
0.448951
0.450261
0.454161
0.455058
0.455058
0.459025
0.458892
0.458937
0.459762
0.460343
0.463544
0.463546
0.465281
0.466044
0.466178
0.467192
0.467775
0.468342
0.46853
0.468602
0.468983
0.468983
0.469031
0.469219
0.469222
0.469427
0.469621
0.469635
0.469918
0.469984
0.470118
0.470226
0.470228
0.470228
0.470229
0.470544
0.470632
0.470639
0.470965
0.470976
0.471001
0.471014
0.471094
0.471097
0.471113
0.471567
0.471637
0.47164
0.471815
0.472006
0.472007
0.47205
0.47205
0.47205
0.472084
0.472084
0.472163
0.472164
0.47219
0.472206
0.472222
0.47223
0.47223
0.472249
0.472267
0.47227
0.47227
0.472284
0.472317
0.472317
0.472318
0.472318
0.472324
0.472324
0.472333
0.472333
0.472352
0.472353
0.472353
0.472361
0.472371
0.472372
0.472372
0.472377
0.472378
0.472381
0.472383
0.472383
0.472384
0.472384
0.472386
0.472386
0.472386
0.472387
0.472387
0.47239
0.47239
0.47239
0.47239
0.472391
0.472392
0.472392
0.472392
0.472392
0.472393
0.472393
0.472393
0.472393
0.472393
0.472393
0.472393
0.472394
0.472394
0.472394
0.472394
0.472395
0.472395
0.472395
0.472395
0.472395
0.472395
0.472395
0.472395
0.472395
0.472395
0.472395
0.472395
0.472395
0.472395
0.472395
0.472395
0.472395
0.472395
0.472395
0.472395
0.472395
0.472395
0.472395
0.472395
0.472396
0.472396
0.472396
0.472396
0.472396
0.472396
0.472396
0.472396
0.472396
0.472396
0.472396
0.472396
0.472396
0.472396
0.472396
0.472396
0.472396
0.472396
0.472396
0.472396
0.472396
0.472396
0.472396
0.472396
0.472396
0.472396
0.472396
0.472396
0.472396
0.472396
0.472396
0.472396
0.472396
0.472396
0.472396
0.472396
0.472396
0.472396
0.472396
0.472396
0.472396
0.472396
0.472396
0.472396
0.472396
0.472396
0.472396
0.472396
0.472396
0.472396
0.472396
0.472396
0.472396
0.472396
0.472396
0.472396
0.472396
0.472396
0.472396
0.472396
0.472396
0.472396
0.472396
0.472396
0.472396
0.472396
0.472396
0.472396
0.472396
0.472396
0.472396
0.472396
0.472396
0.472396
0.472396
0.472396
0.472396
0.472396
0.472396
0.472396
0.472396
0.472396
0.472396
0.472396
0.472396
0.472396
0.472396
0.472396
0.472396
0.472396
0.472396
0.472396
0.472396
0.472396
0.472396
0.472396
0.472396
0.472396
0.472396
0.472396
0.472396
0.472396
0.472396
0.472396
0.472396
0.472396
0.472396
0.472396
0.472396
0.472396
0.472396
0.472396
0.472396
0.472396
0.472396
0.472396
0.472396
0.472396
0.472396
0.472396
0.472396
0.472396
0.472396
0.472396
0.472396
0.472396
0.472396
0.472396
0.472396
0.472396
0.472396
0.472396
0.472396
0.472396
0.472396
0.472396
0.472396
0.472396
0.472396
0.472396
0.472396
0.472396
0.472396
0.472396
0.472396
0.472396
0.472396
0.472396
0.472396
0.472396
0.472396
0.472396
0.472396
0.472396
0.472396
0.472396
0.472396
0.472396
0.472396
0.472396
0.472396
0.472396
0.472396
0.472396
0.472396
0.472396
0.472396
0.472396
0.472396
0.472396
0.472396
0.472396
0.472396
0.472396
0.472396
0.472396


0.0262594
0.0285374
0.0286414
0.0299472
0.0308027
0.0314712
0.0335724
0.0355285
0.0355285
0.0358477
0.0383763
0.0375895
0.0375895
0.0375933
0.0406586
0.0406586
0.0413053
0.0429544
0.044972
0.0453116
0.0453207
0.0488706
0.0491263
0.0506218
0.0515652
0.0520132
0.0549104
0.0585711
0.0617883
0.0667368
0.0737501
0.0831236
0.0965522
0.10703
0.112566
0.117933
0.134342
0.134342
0.146804
0.176905
0.177595
0.172817
0.211733
0.211733
0.215624
0.219257
0.235241
0.24835
0.264656
0.277587
0.299622
0.302454
0.312069
0.330729
0.330729
0.330852
0.360972
0.36807
0.373216
0.3763
0.400908
0.425209
0.425209
0.425491
0.432284
0.432284
0.434043
0.448418
0.448943
0.452707
0.456223
0.457943
0.461367
0.462603
0.465303
0.47148
0.472286
0.47335
0.475431
0.476392
0.476901
0.47802
0.47983
0.485119
0.485119
0.486329
0.486609
0.488165
0.488479
0.49069
0.490775
0.491264
0.492052
0.493375
0.493643
0.493837
0.494309
0.494608
0.494608
0.495373
0.495425
0.495557
0.49568
0.496031
0.496137
0.496181
0.49627
0.496549
0.496608
0.496608
0.496633
0.496633
0.496811
0.496921
0.497054
0.49706
0.49706
0.49711
0.497171
0.497188
0.500085
0.505198
0.508411
0.513851
0.513854
0.515914
0.515916
0.515917
0.520829
0.520829
0.520835
0.520835
0.523742
0.524109
0.524416
0.526251
0.526339
0.528858
0.529014
0.529021
0.529149
0.530174
0.530251
0.530697
0.531457
0.531461
0.532314
0.532317
0.532475
0.532614
0.532615
0.532933
0.532934
0.533071
0.533132
0.533136
0.533526
0.533526
0.533679
0.533772
0.533772
0.533775
0.533827
0.533833
0.533971
0.534153
0.534159
0.534182
0.534189
0.534212
0.534253
0.534276
0.534281
0.534474
0.534549
0.534549
0.534582
0.534582
0.534584
0.534584
0.534585
0.534599
0.534617
0.534617
0.534639
0.534639
0.534658
0.534668
0.534668
0.534695
0.534695
0.534709
0.53471
0.534717
0.534731
0.534734
0.534739
0.534739
0.534762
0.534782
0.534782
0.534782
0.534785
0.534791
0.534798
0.534803
0.534815
0.537945
0.537945
0.537945
0.542627
0.542627
0.542627
0.545087
0.545087
0.545087
0.546989
0.550078
0.550078
0.550078
0.550078
0.550677
0.551922
0.553891
0.553993
0.555006
0.555806
0.555806
0.555958
0.556672
0.556672
0.558282
0.558282
0.558296
0.558374
0.558587
0.558659
0.558832
0.558947
0.558947
0.559072
0.559072
0.559272
0.559344
0.55938
0.559522
0.559678
0.559678
0.559678
0.559711
0.5598
0.559811
0.559811
0.559819
0.559933
0.559933
0.559933
0.559933
0.559946
0.559946
0.559961
0.559964
0.559964
0.559971
0.559971
0.559972
0.559972
0.559991
0.559991
0.560002
0.560002
0.560002
0.560006
0.560007
0.560007
0.560007
0.560007
0.560007
0.560008
0.560009
0.560011
0.560013
0.560013
0.560013
0.560018
0.560018
0.560018
0.560018
0.560018
0.560019
0.56002
0.56002
0.56002
0.560021
0.560021
0.560022
0.560022
0.560022
0.560023
0.560023
0.560023
0.560023
0.560023
0.560023
0.560023
0.560023
0.560023
0.560024
0.560024
0.560024
0.560024
0.560024
0.560024
0.560024
0.560024
0.560024
0.560024
0.560024
0.560024
0.560024
0.560024
0.560024
0.560024
0.560024
0.560024
0.560024
0.560024
0.560024
0.560024
0.560024
0.560024
0.560024
0.560024
0.560024
0.560024
0.560024
0.560024
0.560024
0.560024
0.560024
0.560024
0.560024
0.560024
0.560024
0.560024
0.560024
0.560024
0.560024
0.560024
0.560024
0.560024
0.560024
0.560024
0.560024
0.560024
0.560024
0.560024
0.560024
0.560024
0.560024
0.560024
0.560024
0.560024
0.560024
0.560024
0.560024
0.560024
0.560024
0.560024
0.560024
0.560024
0.560024
0.560024
0.560024
0.560024
0.560024
0.560024
0.560024
0.560024
0.560024
0.560024
0.560024
0.560024
0.560024
0.560024
0.560024
0.560024
0.560024
0.560024
0.560024
0.560024
0.560024
0.560024
0.560024
0.560024
0.560024
0.560024
0.560024
0.560024
0.560024


0.021096
0.0221158
0.0229344
0.0238967
0.0268712
0.0275862
0.0275862
0.0275862
0.0285402
0.028685
0.0299307
0.0300108
0.0313968
0.0313968
0.0324476
0.0330468
0.0330468
0.0335852
0.0335852
0.0348953
0.0357181
0.036452
0.0371811
0.0383394
0.0393771
0.0405151
0.0409828
0.0423531
0.044244
0.0443252
0.0460196
0.0485695
0.0527873
0.0527873
0.0551777
0.0551777
0.060135
0.0643012
0.0699177
0.0702206
0.0722177
0.0779772
0.0833528
0.0933229
0.0984886
0.11517
0.11573
0.115915
0.121973
0.125709
0.157293
0.159569
0.164088
0.194008
0.194991
0.210128
0.214417
0.215523
0.216698
0.226989
0.228992
0.235465
0.246733
0.257025
0.258019
0.259369
0.266027
0.269583
0.273469
0.289197
0.317603
0.31978
0.321909
0.322057
0.344678
0.344678
0.356974
0.363717
0.365104
0.403731
0.403731
0.403928
0.405204
0.405204
0.441637
0.444182
0.445338
0.446945
0.466006
0.4816
0.482421
0.482421
0.484233
0.490411
0.490617
0.499309
0.507813
0.516256
0.516283
0.516451
0.51829
0.522093
0.536683
0.537615
0.537748
0.551349
0.554053
0.561223
0.569948
0.569948
0.569948
0.576595
0.576595
0.577282
0.577499
0.57755
0.583485
0.583502
0.583502
0.58504
0.589469
0.589471
0.592577
0.592577
0.592577
0.594164
0.595404
0.595414
0.595977
0.595987
0.59786
0.597923
0.598096
0.598182
0.598559
0.59911
0.59911
0.59911
0.599116
0.599116
0.599159
0.600726
0.600729
0.600733
0.600733
0.600959
0.600963
0.600994
0.601099
0.601117
0.601126
0.601126
0.601133
0.601173
0.601191
0.601191
0.601198
0.601238
0.601244
0.601244
0.601245
0.601263
0.601264
0.601271
0.601271
0.601289
0.601289
0.601289
0.601289
0.601289
0.601289
0.601288
0.601297
0.601304
0.601305
0.601312
0.601315
0.601315
0.601316
0.601318
0.60132
0.60132
0.60132
0.60132
0.60132
0.601323
0.601324
0.601324
0.601324
0.601326
0.601326
0.601326
0.601326
0.601326
0.601328
0.601328
0.60133
0.60133
0.60133
0.601331
0.601331
0.601331
0.601331
0.601332
0.601332
0.601332
0.601332
0.601333
0.601333
0.601333
0.601333
0.601333
0.601333
0.601333
0.601333
0.601333
0.601333
0.601333
0.601333
0.601334
0.601334
0.601334
0.601334
0.601334
0.601334
0.601334
0.601334
0.601334
0.601334
0.601334
0.601334
0.601334
0.601334
0.601334
0.601334
0.601334
0.601334
0.601334
0.601334
0.601334
0.601334
0.601334
0.601334
0.601334
0.601334
0.601334
0.601334
0.601334
0.601334
0.601334
0.601334
0.601334
0.601334
0.601334
0.601334
0.601334
0.601334
0.601334
0.601334
0.601334
0.601334
0.601334
0.601334
0.601334
0.601334
0.601334
0.601334
0.601334
0.601334
0.601334
0.601334
0.601334
0.601334
0.601334
0.601334
0.601334
0.601334
0.601334
0.601334
0.601334
0.601334
0.601334
0.601334
0.601334
0.601334
0.601334
0.601334
0.601334
0.601334
0.601334
0.601334
0.601334
0.601334
0.601334
0.601334
0.601334
0.601334
0.601334
0.601334
0.601334
0.601334
0.601334
0.601334
0.601334
0.601334
0.601334
0.601334
0.601334
0.601334
0.601334
0.601334
0.601334
0.601334
0.601334
0.601334
0.601334
0.601334
0.601334
0.601334
0.601334
0.601334
0.601334
0.601334
0.601334
0.601334
0.601334
0.601334
0.601334
0.601334
0.601334
0.601334
0.601334
0.601334
0.601334
0.601334
0.601334
0.601334
0.601334
0.601334
0.601334
0.601334
0.601334
0.601334
0.601334
0.601334
0.601334
0.601334
0.601334
0.601334
0.601334
0.601334
0.601334
0.601334
0.601334
0.601334
0.601334
0.601334
0.601334
0.601334
0.601334
0.601334
0.601334
0.601334
0.601334
0.601334
0.601334
0.601334
0.601334
0.601334
0.601334
0.601334
0.601334
0.601334
0.601334
0.610125
0.610812
0.612074
0.615242
0.615242
0.619675
0.623957
0.624215
0.624215
0.624975
0.624975
0.625579
0.625579
0.625579
0.626953
0.626953
0.626953
0.625771
0.625872
0.626311
0.626616
0.626727
0.626994
0.626994
0.629637
0.629637


0.0194236
0.0206206
0.0241912
0.0268704
0.0275866
0.028984
0.0292209
0.0292763
0.0297802
0.0307251
0.0316936
0.0322538
0.033981
0.033981
0.0350768
0.036213
0.041476
0.0414858
0.04462
0.0472169
0.0503901
0.0514835
0.0516798
0.0590033
0.0601062
0.0619364
0.0716788
0.0916144
0.0951207
0.0951207
0.135119
0.137107
0.141716
0.141716
0.146956
0.157692
0.180955
0.193952
0.199674
0.212897
0.22674
0.227234
0.246904
0.255114
0.259026
0.259026
0.264097
0.268323
0.272364
0.277166
0.279043
0.289009
0.290495
0.291027
0.292893
0.293996
0.298148
0.298475
0.300592
0.301829
0.302688
0.303894
0.307929
0.308535
0.309266
0.30966
0.311331
0.311551
0.311725
0.312404
0.313473
0.313424
0.330924
0.331233
0.331392
0.337681
0.337681
0.338002
0.341072
0.341072
0.346501
0.349903
0.352559
0.352658
0.359622
0.362682
0.362699
0.373406
0.37365
0.376264
0.376542
0.380638
0.384098
0.391888
0.391893
0.39335
0.394608
0.394816
0.394816
0.403403
0.403403
0.402413
0.406469
0.40652
0.409043
0.409404
0.413577
0.413634
0.415619
0.416746
0.417424
0.417221
0.417432
0.417464
0.418081
0.419047
0.419047
0.422513
0.422766
0.422766
0.423045
0.423179
0.424907
0.425434
0.425577
0.426066
0.426066
0.427361
0.427765
0.427902
0.427905
0.428657
0.428859
0.428859
0.428869
0.429113
0.429523
0.429542
0.42956
0.429897
0.429897
0.429961
0.430023
0.430023
0.430192
0.430213
0.430224
0.430239
0.430443
0.430579
0.430581
0.430634
0.4307
0.4307
0.430741
0.430764
0.430764
0.430774
0.430776
0.430777
0.430779
0.430807
0.430818
0.43082
0.430823
0.430826
0.430845
0.430853
0.430872
0.430872
0.430876
0.43087
0.430874
0.430874
0.430893
0.430898
0.4309
0.430902
0.430903
0.430913
0.430913
0.430915
0.430916
0.430916
0.430917
0.430919
0.430936
0.430936
0.430936
0.430938
0.430938
0.430941
0.430943
0.430943
0.430943
0.430943
0.430943
0.430944
0.430944
0.430946
0.430947
0.430947
0.430947
0.430949
0.431616
0.431616
0.431616
0.431616
0.431616
0.431616
0.431616
0.431616
0.431967
0.431967
0.432102
0.438993
0.438993
0.439436
0.439436
0.448603
0.456076
0.463706
0.463706
0.466277
0.472003
0.474608
0.478475
0.48075
0.485167
0.492779
0.499748
0.501978
0.507823
0.511713
0.511713
0.511713
0.520704
0.520704
0.520704
0.520704
0.520704
0.520704
0.520704
0.521828
0.521828
0.523629
0.523999
0.526018
0.526018
0.526018
0.526018
0.526507
0.560414
0.564959
0.565984
0.565984
0.575146
0.575146
0.577799
0.578714
0.578714
0.581489
0.581489
0.581489
0.58149
0.58149
0.582507
0.583912
0.591181
0.591181
0.591181
0.599271
0.59992
0.59992
0.59992
0.601683
0.601796
0.602147
0.602465
0.605277
0.606824
0.607444
0.608105
0.608105
0.608416
0.609002
0.61196
0.612301
0.617848
0.619724
0.621133
0.626352
0.626352
0.627045
0.627045
0.629165
0.629165
0.629499
0.629499
0.62966
0.632822
0.632822
0.635346
0.635346
0.636474
0.636603
0.636603
0.637565
0.637565
0.637599
0.637952
0.639073
0.639073
0.639249
0.639432
0.640225
0.640929
0.641189
0.641373
0.64149
0.641506
0.641503
0.641503
0.641858
0.642268
0.642409
0.642462
0.642577
0.642794
0.642949
0.643476
0.643557
0.643635
0.644397
0.644721
0.645747
0.647016
0.647295
0.647295
0.647495
0.647495
0.647635
0.649105
0.65007
0.650174
0.650174
0.650548
0.650706
0.651057
0.651057
0.651057
0.651032
0.651126
0.651126
0.651708
0.652352
0.652635
0.652811
0.652811
0.652811
0.652898
0.652928
0.65294
0.652944
0.652982
0.653002
0.653006
0.653063
0.653452
0.653787
0.653984
0.653989
0.653989
0.65402
0.654176
0.654239
0.654239
0.654308
0.654308
0.654361
0.654361
0.654385
0.6544
0.654436
0.654436
0.654479
0.654479
0.65456
0.65456
0.65456
0.65456
0.654576
0.654738
0.654829
0.654829
0.654867
0.654883
0.6549
0.6549
0.654927


0.025305
0.0276841
0.0292521
0.030465
0.0305936
0.0318597
0.0320676
0.0341568
0.0343634
0.0363028
0.036882
0.0369628
0.0383793
0.0385353
0.0385434
0.0396046
0.0409501
0.0415866
0.0435546
0.046159
0.046159
0.0498024
0.0516611
0.0528647
0.0536162
0.0593622
0.060183
0.0646431
0.0652145
0.068842
0.0777015
0.0774067
0.0831629
0.0831629
0.107666
0.107666
0.112805
0.112893
0.124319
0.133605
0.144586
0.171335
0.201768
0.213871
0.222289
0.240925
0.321918
0.321918
0.328966
0.334427
0.339447
0.413729
0.446887
0.449516
0.475706
0.482766
0.495204
0.537194
0.558746
0.608769
0.64977
0.688776
0.711425
0.744008
0.772281
0.774734
0.785988
0.792627
0.792627
0.817383
0.845203
0.845203
0.865116
0.869595
0.878802
0.893144
0.897777
0.910136
0.91751
0.924495
0.927729
0.922186
0.927461
0.943295
0.956154
0.963146
0.963613
0.965985
0.969055
0.973439
0.973439
0.973908
0.976849
0.977678
0.978689
0.97885
0.986484
0.986484
0.987646
0.988763
0.98878
0.992016
0.992119
0.992485
0.993355
0.994395
0.995958
0.995997
0.996149
0.996355
0.99707
0.997635
0.997635
0.997862
0.99819
0.998499
0.998694
0.998979
0.999104
0.999163
0.999443
0.99944
0.999485
0.999582
0.999703
0.999719
0.999727
0.999746
0.999772
0.99978
0.999789
0.999794
0.999824
0.999826
0.99988
0.999882
0.999898
0.999901
0.999936
0.999936
0.999938
0.99995
0.99995
0.999956
0.999961
0.999964
0.999965
0.999966
0.999967
0.999971
0.999977
0.999976
0.999981
0.999984
0.999987
0.999987
0.999987
0.999987
0.999991
0.999993
0.999994
0.999994
0.999994
0.999994
0.999995
0.999995
0.999996
0.999996
0.999997
0.999997
0.999998
0.999998
0.999998
0.999998
0.999998
0.999998
0.999999
0.999999
0.999999
0.999999
0.999999
0.999999
0.999999
0.999999
0.999999
0.999999
0.999999
1
1
1
1
1
1
1
1
1
1
1
1
1
1
1
1
1
1
1
1
1
1
1
1
1
1
1
1
1
1
1
1
1
1
1
1
1
1
1
1
1
1
1
1
1
1
1
1
1
1
1
1
1
1
1
1
1
1
1
1
1
1
1
1
1
1
1
1
1
1
1
1
1
1
1
1
1
1
1
1
1
1
1
1
1
1
1
1
1
1
1
1
1
1
1
1
1
1
1
1
1
1
1
1
1
1
1
1
1
1
1
1
1
1
1
1
1
1
1
1
1
1
1
1
1
1
1
1
1
1
1
1
1
1
0.999979
1
1
1
1
1
1
1
1
1
1
1
1
1
1
1
1
1
1
1
1
1
1
1
1
1
1
1
1
1
1
1
1
1
1
1
1
1
1
1
1
1
1
1
1
1
1
1
1
1
1
1
1
1
1
1
1
1
1
1
1
1
1
1
1
1
1
1
1
1
1
1
1
1
1
1
1
1
1


0.0200022
0.0203582
0.0210607
0.0230126
0.0233823
0.0240504
0.0242861
0.0246468
0.0251638
0.0253781
0.025685
0.0256878
0.0262668
0.0263737
0.0269517
0.027418
0.0283189
0.0283954
0.0291091
0.0299054
0.0321975
0.0344265
0.0366577
0.0380392
0.0398834
0.0399581
0.040641
0.0438065
0.0470539
0.0504703
0.0524896
0.0556524
0.0567263
0.0604699
0.060478
0.07049
0.0751535
0.0846744
0.0874083
0.0956825
0.101068
0.128643
0.135969
0.150332
0.179098
0.192554
0.192554
0.202241
0.218653
0.230783
0.234338
0.247136
0.25489
0.264314
0.275626
0.288633
0.292775
0.305268
0.306154
0.313002
0.322466
0.320286
0.324424
0.331187
0.346273
0.352832
0.355021
0.356995
0.358694
0.361373
0.364048
0.365081
0.37098
0.377435
0.380992
0.383303
0.383363
0.383426
0.385122
0.386205
0.386205
0.387242
0.388715
0.388715
0.389461
0.389461
0.389826
0.390525
0.390554
0.390914
0.391046
0.391188
0.391242
0.3914
0.391749
0.391886
0.392043
0.392173
0.392368
0.392396
0.392563
0.392636
0.392655
0.392752
0.392846
0.392859
0.393012
0.393012
0.393059
0.393145
0.393158
0.393207
0.39321
0.393225
0.393237
0.393253
0.393297
0.393354
0.39336
0.393367
0.39633
0.398271
0.409308
0.409308
0.409308
0.417462
0.417463
0.417463
0.417463
0.421116
0.42489
0.42489
0.428032
0.428033
0.43017
0.430902
0.430942
0.430942
0.432664
0.433324
0.433324
0.442533
0.442533
0.443134
0.443237
0.443237
0.443285
0.443285
0.443832
0.444917
0.444917
0.449213
0.449214
0.449214
0.449707
0.450792
0.450816
0.450816
0.451057
0.451057
0.451057
0.453858
0.458221
0.458299
0.46111
0.50135
0.50135
0.50135
0.512002
0.51209
0.522151
0.522274
0.537159
0.537214
0.543026
0.543148
0.545247
0.547681
0.550346
0.554167
0.554167
0.555501
0.560037
0.560103
0.562391
0.564741
0.567205
0.575289
0.575289
0.57533
0.582819
0.582954
0.585988
0.586056
0.586089
0.589015
0.590567
0.597782
0.597782
0.599273
0.601857
0.599768
0.603609
0.603627
0.606888
0.606888
0.606911
0.606911
0.607945
0.609812
0.609973
0.610072
0.611422
0.612406
0.612414
0.612527
0.612586
0.612589
0.612602
0.613101
0.613104
0.613051
0.613107
0.613404
0.613404
0.61341
0.613574
0.613684
0.613784
0.613877
0.613877
0.614107
0.614205
0.614275
0.614353
0.614354
0.614376
0.614471
0.614471
0.614472
0.614474
0.614512
0.614577
0.614577
0.614577
0.614586
0.614586
0.614586
0.614591
0.614602
0.614605
0.614626
0.614636
0.614636
0.614645
0.614669
0.614671
0.614677
0.614677
0.614679
0.614683
0.614683
0.614691
0.614691
0.614692
0.614694
0.614698
0.614698
0.614699
0.614699
0.614702
0.614702
0.614703
0.614706
0.614708
0.614708
0.614709
0.61471
0.614712
0.614712
0.614712
0.614712
0.614712
0.614713
0.614714
0.614714
0.614714
0.614714
0.614715
0.614715
0.614715
0.614716
0.614716
0.614716
0.614716
0.614716
0.614716
0.614716
0.614716
0.614716
0.614716
0.614717
0.614717
0.614717
0.614717
0.614717
0.614717
0.614717
0.614717
0.614717
0.614717
0.614717
0.614717
0.614717
0.614717
0.614717
0.614717
0.614717
0.614717
0.614717
0.614717
0.614717
0.614717
0.614717
0.614717
0.614717
0.614717
0.614717
0.614717
0.614717
0.614717
0.614717
0.614717
0.614717
0.614717
0.614717
0.614717
0.614717
0.614717
0.614717
0.614717
0.614717
0.614717
0.614717
0.614717
0.614717
0.614717
0.614717
0.614717
0.614717
0.614717
0.614717
0.614717
0.614717
0.614717
0.614717
0.614717
0.614717
0.614717
0.614717
0.614717
0.614717
0.614717
0.614717
0.614717
0.614717
0.614717
0.614717
0.614717
0.614717
0.614717
0.614717
0.614717
0.614717
0.614717
0.614717
0.614717
0.614717
0.614717
0.614717
0.614717
0.614717
0.614717
0.614717
0.614717
0.614717
0.614717
0.614717
0.614717
0.614717
0.614717
0.614717
0.614717
0.614717
0.614717
0.614717
0.614717
0.614717
0.614717
0.614717


0.0198387
0.0201495
0.0216353
0.0218302
0.022977
0.0264018
0.026634
0.026634
0.026634
0.0270382
0.0288496
0.0273607
0.0309346
0.0316275
0.0329925
0.0330402
0.0369821
0.0371288
0.0377964
0.0401496
0.0405459
0.0408339
0.0411405
0.0435217
0.0475534
0.0504569
0.0521454
0.0541465
0.0544394
0.055265
0.0748016
0.0757273
0.079396
0.0928012
0.106491
0.110462
0.119249
0.123323
0.137741
0.147145
0.158755
0.169336
0.172326
0.188346
0.189349
0.240647
0.253956
0.26401
0.26604
0.271285
0.275673
0.283396
0.32602
0.32602
0.32869
0.335601
0.345839
0.350168
0.350598
0.359302
0.362309
0.365846
0.369544
0.372185
0.374552
0.380699
0.391354
0.393278
0.395558
0.404642
0.407535
0.413793
0.417367
0.422565
0.426811
0.42955
0.433177
0.453547
0.467094
0.480006
0.487477
0.49062
0.502225
0.533962
0.551903
0.552436
0.5726
0.573452
0.573452
0.602614
0.602803
0.602969
0.615598
0.615745
0.624341
0.624341
0.628492
0.628976
0.628994
0.634515
0.634515
0.634564
0.636496
0.639167
0.639214
0.647643
0.649802
0.649873
0.649873
0.652687
0.65791
0.65832
0.659745
0.660607
0.661926
0.6628
0.664637
0.664637
0.667455
0.667466
0.668808
0.669854
0.671184
0.671187
0.671348
0.67135
0.67168
0.67186
0.671861
0.671912
0.672152
0.672506
0.672506
0.672755
0.673519
0.673581
0.674201
0.674246
0.674675
0.674892
0.675107
0.675107
0.675136
0.675136
0.675428
0.675459
0.675596
0.675596
0.675596
0.675619
0.675619
0.675672
0.6759
0.6759
0.676067
0.676198
0.676198
0.676198
0.676236
0.676245
0.676245
0.676371
0.676371
0.676376
0.676376
0.676381
0.676381
0.676441
0.676441
0.676497
0.676513
0.676503
0.676542
0.676542
0.676542
0.676542
0.676548
0.67655
0.676576
0.67658
0.67658
0.676582
0.676586
0.676594
0.676599
0.676599
0.676603
0.676603
0.676609
0.676609
0.676611
0.67661
0.676611
0.676613
0.676615
0.676615
0.676615
0.676616
0.676616
0.676617
0.676617
0.676623
0.676623
0.676623
0.676625
0.676625
0.676627
0.676628
0.676628
0.676628
0.676628
0.676628
0.676628
0.67663
0.67663
0.67663
0.67663
0.676631
0.676631
0.676631
0.676631
0.676632
0.676633
0.676633
0.676633
0.676633
0.676633
0.676634
0.676634
0.676634
0.676634
0.676634
0.676634
0.676634
0.676634
0.676634
0.676634
0.676635
0.676635
0.676635
0.676635
0.676635
0.676635
0.676635
0.676635
0.676635
0.676635
0.676635
0.676635
0.676635
0.676635
0.676635
0.676635
0.676635
0.676635
0.676635
0.676635
0.676635
0.676635
0.676635
0.676635
0.676635
0.676635
0.677629
0.677629
0.678
0.678462
0.678462
0.680405
0.680405
0.680405
0.681872
0.682552
0.6836
0.6836
0.683898
0.684157
0.685106
0.685106
0.685407
0.685407
0.685169
0.685344
0.685452
0.685452
0.685514
0.685731
0.685731
0.685826
0.686167
0.686172
0.686392
0.686392
0.686459
0.686511
0.686539
0.686549
0.686581
0.686581
0.686581
0.686609
0.686605
0.68661
0.686645
0.686645
0.686651
0.686743
0.686762
0.6872
0.687227
0.687283
0.687287
0.687287
0.687291
0.687362
0.687477
0.687477
0.687501
0.687598
0.687601
0.687607
0.687623
0.687635
0.687635
0.687637
0.687659
0.687679
0.687679
0.687694
0.687694
0.687703
0.687703
0.687703
0.687716
0.687717
0.687717
0.687729
0.68773
0.687731
0.687731
0.687736
0.687739
0.687739
0.687739
0.687747
0.687758
0.687767
0.687779
0.687779
0.687782
0.687795
0.687792
0.687792
0.687795
0.687798
0.6878
0.687804
0.687805
0.687805
0.687807
0.687807
0.687807
0.687808
0.687809
0.687809
0.687811
0.687811
0.687811
0.687812
0.687814
0.687814
0.687813
0.687814
0.687815
0.687815
0.687815
0.687815
0.687815
0.687815
0.687816
0.687816
0.687816
0.687817
0.687817
0.687817
0.687817
0.687817
0.687817
0.687817
0.687817
0.687817
0.687817
0.687817
0.687817
0.687817
0.687817
0.687817
0.687817
0.687817
0.687817


0.0188636
0.0194843
0.0205909
0.0212654
0.0219004
0.0225265
0.023179
0.0244777
0.0244777
0.0248598
0.0267318
0.0265176
0.0272608
0.0274252
0.0278718
0.0291305
0.03003
0.0301968
0.0318478
0.0342477
0.0358099
0.0375043
0.0390672
0.0417859
0.0428694
0.0487781
0.0508603
0.0540006
0.0540006
0.054179
0.0565062
0.0598676
0.0638124
0.0733872
0.0785722
0.0817685
0.0903703
0.103694
0.10595
0.120893
0.142912
0.136669
0.148991
0.172358
0.178015
0.186997
0.198685
0.22229
0.224404
0.225586
0.233529
0.236211
0.236211
0.24863
0.254254
0.254254
0.256073
0.263066
0.263121
0.277472
0.277693
0.283836
0.28942
0.28942
0.291912
0.292372
0.300348
0.30055
0.301144
0.302713
0.305432
0.310109
0.313227
0.314263
0.314263
0.316229
0.316464
0.316464
0.316818
0.318284
0.318688
0.318832
0.318832
0.319065
0.320678
0.320779
0.321041
0.32109
0.321192
0.321548
0.321592
0.321592
0.321639
0.32186
0.321928
0.321972
0.322058
0.322113
0.322127
0.322186
0.322218
0.322269
0.322318
0.322341
0.322356
0.322399
0.322415
0.322432
0.322439
0.322444
0.322447
0.322464
0.322485
0.322485
0.322496
0.322502
0.322509
0.322519
0.322521
0.322521
0.322521
0.322526
0.322526
0.322532
0.322534
0.322534
0.322536
0.322538
0.32254
0.322542
0.322543
0.322544
0.322546
0.322547
0.322549
0.322549
0.32255
0.32255
0.322551
0.322551
0.322552
0.322552
0.322552
0.322553
0.322553
0.322553
0.322554
0.322554
0.322554
0.322554
0.322554
0.322554
0.322554
0.322555
0.322555
0.322555
0.322555
0.322555
0.322555
0.322555
0.322555
0.322555
0.322555
0.322555
0.322555
0.322555
0.322555
0.322555
0.322555
0.322555
0.322555
0.322555
0.322555
0.322555
0.322555
0.322555
0.322555
0.322555
0.322555
0.322555
0.322555
0.322555
0.322555
0.322555
0.322555
0.322555
0.322555
0.322555
0.322555
0.322555
0.322555
0.322555
0.322555
0.322555
0.322555
0.322555
0.322555
0.322555
0.322555
0.322555
0.322555
0.322555
0.322555
0.322555
0.322555
0.322555
0.322555
0.322555
0.322555
0.322555
0.322555
0.322555
0.322555
0.322555
0.322555
0.322555
0.322555
0.322555
0.322555
0.322555
0.322555
0.322555
0.322555
0.322555
0.322555
0.322555
0.322555
0.322555
0.322555
0.322555
0.322555
0.322555
0.322555
0.322555
0.322555
0.322555
0.322555
0.322555
0.322555
0.322555
0.322555
0.322555
0.322555
0.322555
0.322555
0.322555
0.322555
0.322555
0.322555
0.322555
0.322555
0.322555
0.322555
0.322555
0.322555
0.322555
0.322555
0.322555
0.322555
0.322555
0.322555
0.322555
0.322555
0.322555
0.322555
0.322555
0.322555
0.322555
0.322555
0.322555
0.322555
0.322555
0.322555
0.322555
0.322555
0.322555
0.322555
0.322555
0.322555
0.322555
0.322555
0.322555
0.322555
0.322555
0.322555
0.322555
0.322555
0.322555
0.322555
0.322555
0.322555
0.322555
0.322555
0.322555
0.322555
0.322555
0.322555
0.322555
0.322555
0.322555
0.322555
0.322555
0.322555
0.322555
0.322555
0.322555
0.322555
0.322555
0.322555
0.322555
0.322555
0.322555
0.322555
0.322555
0.322555
0.322555
0.322555
0.322555
0.322555
0.322555
0.322555
0.322555
0.322555
0.322555
0.322555
0.322555
0.322555
0.322555
0.322555
0.322555
0.322555
0.322555
0.322555
0.322555
0.322555
0.322555
0.322555
0.322555
0.322555
0.322555
0.322555
0.322555
0.322555
0.322555
0.322555
0.322555
0.322555
0.322555
0.322555
0.322555
0.322555
0.322555
0.322555
0.322555
0.322555
0.322555
0.322555
0.322555
0.322555
0.322555
0.322555
0.322555
0.322555
0.322555
0.322555
0.322555
0.322555
0.322555
0.322555
0.322555
0.322555
0.322555
0.322555
0.322555
0.322555
0.322555
0.322555
0.322555
0.322555
0.322555
0.322555
0.322555
0.322555
0.322555
0.322555
0.322555
0.322555
0.322555
0.322555
0.322555
0.322555
0.322555
0.322555
0.322555
0.322555
0.322555
0.322555
0.322555
0.322555
0.322555


