0.0170777
0.0187601
0.0192547
0.0192547
0.0196194
0.0206134
0.0212084
0.0218725
0.0218725
0.0227535
0.0230849
0.0238935
0.0247278
0.0248481
0.0251254
0.0253328
0.026099
0.027341
0.0282166
0.029172
0.0296743
0.0304455
0.0322438
0.0322625
0.0335112
0.038544
0.038771
0.0402055
0.0430904
0.0452307
0.0467122
0.0568735
0.0588753
0.0621671
0.0691376
0.0691442
0.0723813
0.0733366
0.0838153
0.0848437
0.0960821
0.0998607
0.108283
0.119655
0.122002
0.122587
0.137228
0.146491
0.152943
0.16666
0.16666
0.188803
0.192118
0.196854
0.215846
0.228077
0.228505
0.231361
0.234134
0.244932
0.256756
0.258015
0.260375
0.264978
0.267872
0.27118
0.281705
0.285218
0.285577
0.288625
0.288625
0.295167
0.295167
0.295167
0.299025
0.299025
0.299025
0.304047
0.305119
0.305587
0.307363
0.308457
0.30955
0.310296
0.334296
0.334439
0.334538
0.342909
0.343073
0.343886
0.344447
0.345315
0.359684
0.359684
0.374886
0.383444
0.383509
0.387203
0.393698
0.394785
0.394903
0.394929
0.40058
0.40058
0.40413
0.404465
0.406598
0.406666
0.406905
0.407967
0.410119
0.410119
0.411671
0.411671
0.411671
0.411685
0.41331
0.413714
0.41372
0.413733
0.41411
0.415692
0.416998
0.417001
0.417015
0.417543
0.41761
0.417782
0.418036
0.418532
0.41889
0.419059
0.419146
0.419146
0.419148
0.419148
0.419149
0.419989
0.41999
0.41999
0.420089
0.420357
0.42072
0.420793
0.420793
0.420793
0.420793
0.420924
0.420935
0.420978
0.421014
0.421015
0.421058
0.421058
0.421098
0.421098
0.421098
0.421098
0.421104
0.421104
0.421122
0.42116
0.421168
0.421259
0.421277
0.421277
0.421277
0.421277
0.42128
0.421291
0.42131
0.421356
0.421358
0.421358
0.421365
0.421365
0.421375
0.421375
0.421375
0.421395
0.421397
0.421397
0.42141
0.42141
0.42141
0.421413
0.421413
0.421442
0.421442
0.421442
0.421447
0.421451
0.421451
0.421464
0.421464
0.421464
0.421464
0.421467
0.421467
0.421467
0.421468
0.421467
0.421469
0.421471
0.421472
0.421479
0.421479
0.421479
0.421479
0.421479
0.421479
0.42148
0.42148
0.42148
0.42148
0.421481
0.421481
0.421481
0.421482
0.421482
0.421482
0.421482
0.421482
0.421482
0.421482
0.421482
0.421483
0.421483
0.421483
0.421483
0.421483
0.421483
0.421483
0.421483
0.421483
0.421483
0.421483
0.421483
0.421483
0.421483
0.421483
0.421483
0.421483
0.421483
0.421483
0.421483
0.421483
0.421483
0.421483
0.421483
0.421483
0.421483
0.421483
0.421483
0.421483
0.421483
0.421483
0.421483
0.421483
0.421483
0.421483
0.421483
0.421483
0.421483
0.421483
0.421483
0.421483
0.421483
0.421483
0.421483
0.421483
0.421483
0.421483
0.421484
0.421484
0.421484
0.421484
0.421484
0.421484
0.421484
0.421484
0.421484
0.421484
0.421484
0.421484
0.421484
0.421484
0.421484
0.421484
0.421484
0.421484
0.421484
0.421484
0.421484
0.421484
0.421484
0.421484
0.421484
0.421484
0.421484
0.421484
0.421484
0.421484
0.421484
0.421484
0.421484
0.421484
0.421484
0.421484
0.421484
0.421484
0.421484
0.421484
0.421484
0.421484
0.421484
0.421484
0.421484
0.421484
0.421484
0.421484
0.421484
0.421484
0.421484
0.421484
0.421484
0.421484
0.421484
0.421484
0.421484
0.421484
0.421484
0.421484
0.421484
0.421484
0.421484
0.421484
0.421484
0.421484
0.421484
0.421484
0.421484
0.421484
0.421484
0.421484
0.421484
0.421484
0.421484
0.421484
0.421484
0.421484
0.421484
0.421484
0.421484
0.421484
0.421484
0.421484
0.421484
0.421484
0.421484
0.421484
0.421484
0.421484
0.421484
0.421484
0.421484
0.421484
0.421484
0.421484
0.421484
0.421484
0.421484
0.421484
0.421484
0.421484
0.421484
0.421484
0.421484
0.421484
0.421484
0.421484
0.421484
0.421484
0.421484
0.421484
0.421484
0.421484
0.421484
0.421484
0.421484
0.421484
0.421484
0.421484
0.421484
0.421484
0.421484
0.421484
0.421484
0.421484
0.421484


0.0181506
0.0190685
0.0194731
0.0194731
0.0221802
0.0227477
0.0227477
0.023715
0.023715
0.0249821
0.0249821
0.026334
0.026334
0.0272246
0.0275204
0.0283218
0.0283218
0.0311645
0.0312575
0.0323209
0.0323787
0.0322363
0.0336044
0.035224
0.0374504
0.0390976
0.0392645
0.0400348
0.0417703
0.0433774
0.0455358
0.0490639
0.0490639
0.0490639
0.0631527
0.0733906
0.0734246
0.0889121
0.0918077
0.0967045
0.10163
0.102147
0.102183
0.103144
0.105506
0.109696
0.110648
0.111803
0.112413
0.115097
0.115097
0.120599
0.121534
0.128031
0.130363
0.130691
0.130691
0.133695
0.134248
0.136015
0.13686
0.136826
0.137604
0.13976
0.13976
0.141948
0.142784
0.142939
0.144332
0.147288
0.147288
0.147329
0.148125
0.150038
0.150883
0.150935
0.150936
0.150936
0.150993
0.151215
0.151226
0.151715
0.152011
0.15255
0.15255
0.152625
0.152625
0.152628
0.152681
0.152681
0.152681
0.152713
0.152773
0.152776
0.152802
0.152802
0.15285
0.15287
0.152898
0.152919
0.152957
0.152929
0.152934
0.152935
0.152959
0.152971
0.15298
0.15298
0.15298
0.152985
0.152992
0.152994
0.153003
0.153009
0.153015
0.153019
0.15302
0.153022
0.153028
0.153028
0.153033
0.153031
0.153032
0.153032
0.153032
0.15304
0.153042
0.153044
0.153044
0.153044
0.153049
0.153048
0.153049
0.153049
0.153049
0.153049
0.15305
0.153051
0.153051
0.153051
0.153052
0.153599
0.15435
0.15435
0.15435
0.15954
0.160428
0.161549
0.161631
0.162496
0.162527
0.162527
0.162633
0.163745
0.164879
0.165315
0.165315
0.165315
0.165819
0.165978
0.166188
0.166856
0.166856
0.166919
0.166942
0.167522
0.167523
0.167655
0.167724
0.167837
0.16808
0.168404
0.168639
0.168639
0.168831
0.168831
0.16887
0.168906
0.168907
0.168968
0.168984
0.168984
0.168998
0.169017
0.169017
0.169017
0.169068
0.169068
0.169068
0.169137
0.169142
0.169142
0.169142
0.169144
0.169144
0.169157
0.169166
0.169166
0.169189
0.16919
0.16919
0.16919
0.169202
0.169212
0.169213
0.169215
0.169215
0.169217
0.169221
0.169221
0.169225
0.169225
0.169226
0.169227
0.169228
0.169228
0.169229
0.169232
0.169232
0.169232
0.169234
0.169234
0.169234
0.169234
0.169234
0.169235
0.169235
0.169235
0.169235
0.169236
0.169236
0.169276
0.169406
0.169406
0.169412
0.169601
0.169618
0.169739
0.169739
0.16974
0.169928
0.169928
0.169928
0.170162
0.170162
0.170372
0.170689
0.170775
0.170775
0.170775
0.1709
0.171007
0.171037
0.171155
0.171155
0.171215
0.171794
0.172283
0.173269
0.173689
0.173972
0.174937
0.175004
0.175714
0.177924
0.178485
0.178485
0.179002
0.180211
0.180857
0.181149
0.182841
0.18359
0.18359
0.183886
0.184
0.185861
0.186434
0.188856
0.188856
0.188856
0.188856
0.189697
0.189848
0.190087
0.190087
0.191514
0.192212
0.192885
0.194001
0.194613
0.197898
0.199324
0.202385
0.20315
0.20315
0.203918
0.203918
0.204517
0.206019
0.20632
0.206452
0.210262
0.210262
0.210262
0.210262
0.211427
0.211427
0.213372
0.214059
0.214232
0.214251
0.214421
0.214489
0.215004
0.223119
0.223119
0.223119
0.224063
0.225903
0.226461
0.22588
0.22588
0.227567
0.22773
0.22773
0.227948
0.228026
0.228267
0.228938
0.231846
0.23233
0.23233
0.232344
0.232344
0.232894
0.232894
0.23312
0.233136
0.233136
0.233232
0.233281
0.233337
0.233415
0.233514
0.233514
0.233539
0.233539
0.233571
0.23366
0.233684
0.233691
0.233804
0.233874
0.23417
0.234208
0.23423
0.235036
0.235242
0.235282
0.235282
0.235809
0.236409
0.236409
0.236409
0.236409
0.236465
0.23648
0.23648
0.236515
0.236518
0.236642
0.236672
0.23669
0.23669
0.236691
0.236691
0.236697
0.236697
0.236701
0.236705
0.2367
0.23673
0.236744
0.236765
0.236768
0.236777
0.236779
0.236793
0.236796
0.2368
0.236809
0.236855
0.236863
0.236874
0.236874
0.236874
0.236879
0.236908
0.23691


0.0260102
0.0278498
0.0284704
0.0308401
0.0311061
0.031641
0.0321527
0.0322796
0.0342009
0.0345128
0.0352149
0.0357255
0.0362678
0.0362776
0.0364873
0.0377164
0.0378155
0.0382175
0.0391409
0.0418238
0.0430117
0.0439528
0.0481605
0.0484027
0.0497938
0.0507772
0.0507772
0.0531982
0.0544803
0.059427
0.0716348
0.0687871
0.0751604
0.0760986
0.0765298
0.0817967
0.0866757
0.0933547
0.100159
0.106592
0.124028
0.124028
0.130319
0.138845
0.142892
0.162915
0.178387
0.191942
0.211924
0.221166
0.237614
0.287656
0.287656
0.344067
0.344067
0.367952
0.412558
0.429326
0.494227
0.498751
0.506923
0.526455
0.539548
0.550795
0.550795
0.582436
0.588932
0.591449
0.603364
0.603364
0.626495
0.627706
0.63014
0.639575
0.649651
0.650108
0.653288
0.65365
0.665268
0.665268
0.667311
0.668535
0.668535
0.669535
0.670965
0.671672
0.672964
0.673056
0.673902
0.676002
0.677064
0.677362
0.67773
0.677795
0.678346
0.678962
0.679272
0.679388
0.679864
0.67996
0.680025
0.680391
0.680491
0.680608
0.680651
0.680798
0.680859
0.680904
0.680934
0.681031
0.681169
0.681156
0.681239
0.681292
0.681325
0.681346
0.681396
0.681434
0.681442
0.68148
0.681499
0.681505
0.681509
0.681514
0.681517
0.681557
0.681562
0.681563
0.681568
0.681576
0.681589
0.681593
0.681595
0.681596
0.681597
0.681599
0.681609
0.681612
0.681615
0.681615
0.681618
0.681619
0.68162
0.68162
0.681621
0.681621
0.681622
0.681622
0.681623
0.681623
0.681624
0.681624
0.681625
0.681625
0.681625
0.681625
0.681626
0.681626
0.681627
0.681627
0.681627
0.681627
0.681627
0.681627
0.681627
0.681628
0.681628
0.681628
0.681628
0.681628
0.681628
0.681628
0.681628
0.681628
0.681628
0.681628
0.681628
0.681628
0.681628
0.681628
0.681628
0.681628
0.681628
0.681628
0.681628
0.681628
0.681628
0.681628
0.681628
0.681628
0.681628
0.681628
0.681628
0.681628
0.681628
0.681628
0.681628
0.681628
0.681628
0.681628
0.681628
0.681628
0.681628
0.681628
0.681628
0.681628
0.681628
0.681628
0.681628
0.681628
0.681628
0.681628
0.681628
0.681628
0.681628
0.681628
0.681628
0.681628
0.681628
0.681628
0.681628
0.681628
0.681628
0.681628
0.681628
0.681628
0.681628
0.681628
0.681628
0.681628
0.681628
0.681628
0.681628
0.681628
0.681628
0.681628
0.681628
0.681628
0.681628
0.681628
0.681628
0.681628
0.681628
0.681628
0.681628
0.681628
0.681628
0.681628
0.681628
0.681628
0.681628
0.681628
0.681628
0.681628
0.681628
0.681628
0.681628
0.681628
0.681628
0.681628
0.681628
0.681628
0.681628
0.681628
0.681628
0.681628
0.681628
0.681628
0.681628
0.681628
0.681628
0.681628
0.681628
0.681628
0.681628
0.681628
0.681628
0.681628
0.681628
0.681628
0.681628
0.681628
0.681628
0.681628
0.681628
0.681628
0.681628
0.681628
0.681628
0.681628
0.681628
0.681628
0.681628
0.681628
0.681628
0.681628
0.681628
0.681628
0.681628
0.681628
0.681628
0.681628
0.681628
0.681628
0.681628
0.681628
0.681628
0.681628
0.681628
0.681628
0.681628
0.681628
0.681628
0.681628
0.681628
0.681628
0.681628
0.681628
0.681628
0.681628
0.681628
0.681628
0.681628
0.681628
0.681628
0.681628
0.681628
0.681628
0.681628
0.681628
0.681628
0.681628
0.681628
0.681628
0.681628
0.681628
0.681628
0.681628
0.681628
0.681628
0.681628
0.681628
0.681628
0.681628
0.681628
0.681628
0.681628
0.681628
0.681628
0.681628
0.681628
0.681628
0.681628
0.681628
0.681628
0.681628
0.681628
0.681628
0.681628
0.681628
0.681628
0.681628
0.681628
0.681628
0.681628
0.681628
0.681628
0.681628
0.681628
0.681628
0.681628
0.681628
0.681628
0.681628
0.681628
0.681628
0.681628
0.681628
0.681628
0.681628
0.681628
0.681628
0.681628
0.681628
0.681628
0.681628
0.681628
0.681628
0.681628
0.681628
0.681628
0.681628
0.681628
0.681628
0.681628
0.681628
0.681628
0.681628
0.681628
0.681628


0.0285053
0.0305877
0.0305877
0.0320911
0.0325558
0.0344159
0.0353528
0.0354431
0.0356481
0.0377119
0.0380989
0.0395397
0.0401563
0.0418648
0.0420233
0.0441222
0.0441222
0.0441232
0.0441232
0.0441232
0.0470391
0.0468478
0.0492857
0.0492857
0.0499535
0.0499535
0.0499535
0.0517301
0.0531466
0.0541033
0.0544089
0.0590616
0.061756
0.0671203
0.0887874
0.0887874
0.0977311
0.0979216
0.0979216
0.104054
0.104054
0.104522
0.104522
0.108836
0.108966
0.111552
0.117002
0.119177
0.143394
0.152821
0.152821
0.154587
0.168961
0.171249
0.171249
0.173296
0.179597
0.184124
0.191673
0.191673
0.199319
0.202864
0.20556
0.210577
0.211435
0.219178
0.219181
0.220642
0.227661
0.231723
0.242388
0.24139
0.247798
0.250264
0.251504
0.252028
0.263665
0.268571
0.273087
0.27504
0.27504
0.291622
0.29183
0.291999
0.291999
0.292534
0.293094
0.297004
0.299508
0.30009
0.300614
0.316766
0.317025
0.331448
0.332988
0.343565
0.352815
0.375562
0.376569
0.37657
0.379234
0.380112
0.390507
0.390594
0.395166
0.412174
0.41222
0.41222
0.41222
0.457668
0.457668
0.473597
0.483787
0.483794
0.486019
0.493609
0.501325
0.501335
0.509042
0.509042
0.511145
0.508236
0.508306
0.512804
0.512804
0.534323
0.536072
0.536075
0.5418
0.542025
0.542025
0.542079
0.543985
0.549508
0.550441
0.551781
0.552459
0.554357
0.555006
0.558585
0.558585
0.558586
0.563303
0.563304
0.567039
0.567971
0.568424
0.569501
0.569502
0.569502
0.569983
0.569984
0.571796
0.571796
0.571796
0.57196
0.57196
0.57221
0.57221
0.573517
0.574692
0.574423
0.574423
0.575123
0.575162
0.575162
0.575972
0.576006
0.576006
0.576182
0.576369
0.57638
0.57638
0.57638
0.576389
0.576408
0.57666
0.576692
0.576693
0.57674
0.576744
0.576744
0.576793
0.576793
0.57687
0.57693
0.57693
0.57693
0.576996
0.576996
0.577012
0.577016
0.577016
0.577035
0.577035
0.577071
0.577071
0.577071
0.577074
0.577074
0.577079
0.577079
0.577108
0.577108
0.57711
0.577112
0.577115
0.577115
0.577126
0.577133
0.577133
0.577129
0.577131
0.577138
0.577138
0.577138
0.577138
0.57714
0.577148
0.577148
0.577148
0.57715
0.577154
0.577154
0.577154
0.577155
0.577157
0.577157
0.577157
0.577157
0.577157
0.577159
0.577161
0.577161
0.577161
0.577161
0.577161
0.577161
0.577161
0.577161
0.577161
0.577161
0.577161
0.577161
0.577162
0.577162
0.577162
0.577162
0.577162
0.577162
0.577163
0.577162
0.577162
0.577162
0.577163
0.577163
0.577163
0.577163
0.577163
0.577163
0.577163
0.577163
0.577163
0.577163
0.577163
0.577163
0.577163
0.577163
0.577163
0.577163
0.577163
0.577163
0.577163
0.577163
0.577163
0.577163
0.577163
0.577163
0.577163
0.577163
0.577163
0.577163
0.577163
0.577163
0.577163
0.577163
0.577163
0.577163
0.577163
0.577163
0.577163
0.577163
0.577163
0.577163
0.577163
0.577163
0.577163
0.577163
0.577163
0.577163
0.577163
0.577163
0.577163
0.577163
0.577163
0.577163
0.577163
0.577163
0.577163
0.577163
0.577163
0.577163
0.577163
0.577163
0.577163
0.577163
0.577163
0.577163
0.577163
0.577163
0.577163
0.577163
0.577163
0.577163
0.577163
0.577163
0.577163
0.577163
0.577163
0.577163
0.577163
0.577163
0.577163
0.577163
0.577163
0.577163
0.577163
0.577163
0.577163
0.577163
0.577163
0.577163
0.577163
0.577163
0.577163
0.577163
0.577163
0.577163
0.577163
0.577163
0.577163
0.577163
0.577163
0.577163
0.577163
0.577163
0.577163
0.577163
0.577163
0.577163
0.577163
0.577163
0.577163
0.577163
0.577163
0.577163
0.577163
0.577163
0.577163
0.577163
0.577163
0.577163
0.577163
0.577163
0.577163
0.577163
0.577163
0.577163
0.577163
0.577163
0.577163
0.577163
0.577163
0.577163
0.577163
0.577163
0.577163
0.577163
0.577163
0.577163
0.577163
0.577163
0.577163
0.577163
0.577163
0.577163
0.577163
0.577163
0.577163
0.577163


0.0313765
0.0328939
0.0361481
0.0366512
0.0366512
0.0369744
0.0380772
0.0380772
0.0391479
0.0394191
0.0416326
0.0406652
0.0408868
0.0417319
0.041958
0.0431886
0.0431886
0.044287
0.0457837
0.0473867
0.0481986
0.0497957
0.0507576
0.0518734
0.0518734
0.0525844
0.0537172
0.0537255
0.057808
0.0590009
0.0608772
0.0617857
0.0625773
0.0660806
0.0672307
0.0680547
0.0737004
0.0741055
0.0815672
0.0900215
0.095264
0.0908742
0.100075
0.116368
0.11695
0.136985
0.139998
0.153115
0.153473
0.173653
0.195628
0.194492
0.248608
0.258276
0.271409
0.299145
0.328395
0.329247
0.383289
0.386368
0.421315
0.406765
0.429589
0.455
0.483887
0.517492
0.520383
0.554774
0.555128
0.593093
0.60739
0.623377
0.629264
0.662825
0.670524
0.680801
0.721669
0.737826
0.774396
0.780073
0.802474
0.802474
0.80697
0.829776
0.829776
0.873244
0.877131
0.881136
0.894203
0.898386
0.899121
0.907162
0.907162
0.910361
0.913612
0.913612
0.914154
0.92294
0.929149
0.930031
0.931364
0.935215
0.937709
0.93976
0.944811
0.946488
0.948915
0.952219
0.956883
0.95703
0.958593
0.959009
0.959903
0.960262
0.960852
0.961801
0.961927
0.962192
0.962489
0.962931
0.963556
0.963588
0.964071
0.96408
0.964285
0.964625
0.964706
0.964786
0.964843
0.965097
0.965279
0.965346
0.965346
0.965454
0.965464
0.9655
0.965585
0.965623
0.965663
0.965699
0.965739
0.965742
0.965774
0.965828
0.965846
0.965872
0.965882
0.965901
0.965901
0.965915
0.965937
0.965939
0.96596
0.965979
0.965993
0.965999
0.966005
0.966011
0.966018
0.966019
0.966023
0.96603
0.966032
0.966039
0.966043
0.966047
0.966047
0.966049
0.966051
0.966052
0.966052
0.966054
0.966056
0.966057
0.966057
0.966058
0.966058
0.966058
0.966059
0.966059
0.966059
0.966059
0.96606
0.96606
0.96606
0.96606
0.96606
0.96606
0.966061
0.966061
0.966061
0.966061
0.966061
0.966061
0.966061
0.966061
0.966061
0.966061
0.966062
0.966062
0.966062
0.966062
0.966062
0.966062
0.966062
0.966062
0.966062
0.966062
0.966062
0.966062
0.966062
0.966062
0.966062
0.966062
0.966062
0.966062
0.966062
0.966062
0.966062
0.966062
0.966062
0.966062
0.966062
0.966062
0.966062
0.966062
0.966062
0.966062
0.966062
0.966062
0.966062
0.966062
0.966062
0.966062
0.966062
0.966062
0.966062
0.966062
0.966062
0.966062
0.966062
0.966062
0.966062
0.966062
0.966062
0.966062
0.966062
0.966062
0.966062
0.966062
0.966062
0.966062
0.966062
0.966062
0.966062
0.966062
0.966062
0.966062
0.966062
0.966062
0.966062
0.966062
0.966062
0.966062
0.966062
0.966062
0.966062
0.966062
0.966062
0.966062
0.966062
0.966062
0.966062
0.966062
0.966062
0.966062
0.966062
0.966062
0.966062
0.966062
0.966062
0.966062
0.966062
0.966062
0.966062
0.966062
0.966062
0.966062
0.966062
0.966062
0.966062
0.966062
0.966062
0.966062
0.966062
0.966062
0.966062
0.966062
0.966062
0.966062
0.966062
0.966062
0.966062
0.966062
0.966062
0.966062
0.966062
0.966062
0.966062
0.966062
0.966062
0.966062
0.966062
0.966062
0.966062
0.966062
0.966062
0.966062
0.966062
0.966062
0.966062
0.966062
0.966062
0.966062
0.966062
0.966062
0.966062
0.966062
0.966062
0.966062
0.966062
0.966062
0.966062
0.966062
0.966062
0.966062
0.966062
0.966062
0.966062
0.966062
0.966062
0.966062
0.966062
0.966062
0.966062
0.966062
0.966062
0.966062
0.966062
0.966062
0.966062
0.966062
0.966062
0.966062
0.966062
0.966062
0.966062
0.966062
0.966062
0.966062
0.966062
0.966062
0.966062
0.966062
0.966062
0.966062
0.966062
0.966062
0.966062
0.966062
0.966062
0.966062
0.966062
0.966062
0.966062
0.966062
0.966062
0.966062
0.966062
0.966062
0.966062
0.966062
0.966062
0.966062
0.966062
0.966062
0.966062
0.966062
0.966062
0.966062
0.966062
0.966062
0.966062
0.966062
0.966062
0.966062
0.966062
0.966062
0.966062
0.966062


0.0306976
0.0319476
0.0355079
0.0364072
0.0364072
0.036862
0.0371498
0.0377615
0.0395784
0.0395784
0.0398562
0.0409108
0.0410605
0.0415697
0.0415697
0.0417646
0.042745
0.0429039
0.0438671
0.0452547
0.0459295
0.0464146
0.0474797
0.0477397
0.0482339
0.0486817
0.0493331
0.0537985
0.0537985
0.0568572
0.0586207
0.0597479
0.060917
0.0666327
0.0757465
0.0757465
0.0770496
0.0792523
0.0857681
0.0905982
0.0943029
0.10473
0.110877
0.114801
0.119439
0.122997
0.134781
0.135716
0.146758
0.147595
0.167876
0.191031
0.192741
0.209694
0.270257
0.270257
0.272831
0.274022
0.281974
0.284975
0.305063
0.341244
0.351827
0.406664
0.429256
0.444724
0.472575
0.479107
0.498465
0.518748
0.522085
0.536064
0.538755
0.538755
0.557359
0.569384
0.571679
0.598953
0.607426
0.607426
0.610441
0.619952
0.622263
0.622547
0.624598
0.626947
0.630156
0.634557
0.63549
0.640442
0.640442
0.64414
0.645822
0.648337
0.64895
0.650429
0.651063
0.653261
0.653311
0.653311
0.654806
0.654814
0.655001
0.656627
0.657244
0.657344
0.657344
0.657581
0.657659
0.658069
0.658162
0.658266
0.658557
0.658665
0.658904
0.658904
0.659087
0.659205
0.659218
0.659316
0.659403
0.659423
0.659485
0.659568
0.659609
0.659623
0.659642
0.659773
0.659777
0.659788
0.659804
0.659819
0.659827
0.659827
0.65984
0.659848
0.65986
0.659868
0.659869
0.659879
0.659888
0.659894
0.659897
0.659898
0.659898
0.659916
0.659923
0.659926
0.659927
0.659927
0.659929
0.659931
0.659931
0.659933
0.659934
0.659935
0.659936
0.659938
0.659939
0.659939
0.65994
0.65994
0.65994
0.659941
0.659941
0.659942
0.659943
0.659943
0.659943
0.659943
0.659943
0.659943
0.659943
0.659943
0.659943
0.659944
0.659944
0.659944
0.659944
0.659944
0.659944
0.659944
0.659944
0.659944
0.659944
0.659944
0.659944
0.659944
0.659944
0.659944
0.659944
0.659944
0.659944
0.659944
0.659944
0.659944
0.659944
0.659944
0.659944
0.659944
0.659944
0.659944
0.659944
0.659944
0.659944
0.659944
0.659944
0.659944
0.659944
0.659944
0.659944
0.659944
0.659944
0.659944
0.659944
0.659944
0.659944
0.659944
0.659944
0.659944
0.659944
0.659944
0.659944
0.659944
0.659944
0.659944
0.659944
0.659944
0.659944
0.659944
0.659944
0.659944
0.659944
0.659944
0.659944
0.659944
0.659944
0.659944
0.659944
0.659944
0.659944
0.659944
0.659944
0.659944
0.659944
0.659944
0.659944
0.659944
0.659945
0.659945
0.659945
0.659945
0.659945
0.659945
0.659945
0.659945
0.659945
0.659945
0.659945
0.659945
0.659945
0.659945
0.659945
0.659945
0.659945
0.659945
0.659945
0.659945
0.659945
0.659945
0.659945
0.659945
0.659945
0.659945
0.659945
0.659945
0.659945
0.659945
0.659945
0.659945
0.659945
0.659945
0.659945
0.659945
0.659945
0.659945
0.659945
0.659945
0.659945
0.659945
0.659945
0.659945
0.659945
0.659945
0.659945
0.659945
0.659945
0.659945
0.659945
0.659945
0.659945
0.659945
0.659945
0.659945
0.659945
0.659945
0.659945
0.659945
0.659945
0.659945
0.659945
0.659945
0.659945
0.659945
0.659945
0.659945
0.659945
0.659945
0.659945
0.659945
0.659945
0.659945
0.659945
0.659945
0.659945
0.659945
0.659945
0.659945
0.659945
0.659945
0.659945
0.659944
0.659945
0.659945
0.659945
0.659945
0.659945
0.659945
0.659945
0.659945
0.659945
0.659945
0.659945
0.659945
0.659945
0.659945
0.659945
0.659945
0.659945
0.659945
0.659945
0.659945
0.659945
0.659945
0.659945
0.659945
0.659945
0.659945
0.659945
0.659945
0.659945
0.659945
0.659945
0.659945
0.659945
0.659945
0.659945
0.659945
0.659945
0.659945
0.659945
0.659945
0.659945
0.659945
0.659945
0.659945
0.659945
0.659945
0.659945
0.659945
0.659945
0.659945
0.659945
0.659945
0.659945
0.659945
0.659945
0.659945
0.659945
0.659945
0.659945
0.659945
0.659945
0.659945
0.659945
0.659945
0.659945
0.659945
0.659945
0.659945


0.0320648
0.0343408
0.0375078
0.0377013
0.0379691
0.0388993
0.0405738
0.0409342
0.0410342
0.0415111
0.0415111
0.0419299
0.0419721
0.0419721
0.0420346
0.0430931
0.0434116
0.0434116
0.0436136
0.0441131
0.0447645
0.0448979
0.0449686
0.0454039
0.0454039
0.0460094
0.0463659
0.0463659
0.0466054
0.0473179
0.0473179
0.0475834
0.0480075
0.0484045
0.0484175
0.0486481
0.0486971
0.0496425
0.0500555
0.0520521
0.0520521
0.0530667
0.0530775
0.054643
0.0546509
0.0547162
0.0573343
0.0580553
0.0639602
0.0639621
0.064782
0.0712703
0.0816931
0.0817053
0.0923362
0.0923418
0.092344
0.0923718
0.0928189
0.11093
0.11413
0.116024
0.116024
0.12304
0.123042
0.139649
0.139649
0.141293
0.163077
0.174017
0.174017
0.174017
0.174017
0.19563
0.195644
0.200616
0.205912
0.20594
0.213756
0.215848
0.220844
0.220851
0.226754
0.226754
0.229254
0.229257
0.23681
0.237129
0.239949
0.244751
0.244751
0.246014
0.247199
0.248763
0.256084
0.256084
0.256085
0.256085
0.26253
0.262532
0.263115
0.263115
0.26557
0.265873
0.26615
0.266968
0.266968
0.266968
0.267449
0.269547
0.272148
0.270034
0.271786
0.273183
0.274874
0.274874
0.275729
0.27794
0.281321
0.281975
0.283102
0.283183
0.283184
0.283741
0.283753
0.286011
0.28743
0.288109
0.288554
0.288866
0.289137
0.289227
0.289272
0.289492
0.289526
0.290285
0.290285
0.290687
0.290762
0.290854
0.290999
0.291169
0.291333
0.291362
0.291688
0.292
0.292221
0.292316
0.292316
0.292316
0.292607
0.292986
0.292986
0.293081
0.293421
0.293811
0.294132
0.295089
0.295277
0.295278
0.29611
0.297117
0.298959
0.299374
0.307054
0.307054
0.307071
0.307071
0.311111
0.313236
0.31324
0.31324
0.313664
0.313667
0.315389
0.316323
0.316323
0.316975
0.316975
0.31717
0.317171
0.317135
0.317135
0.317135
0.324809
0.324809
0.324813
0.324813
0.324815
0.324817
0.324817
0.324818
0.324819
0.331893
0.331895
0.334419
0.339323
0.339323
0.341535
0.341535
0.34493
0.34493
0.34493
0.34493
0.346079
0.346079
0.350623
0.350623
0.350623
0.350623
0.35202
0.346071
0.350291
0.352547
0.352547
0.352547
0.352547
0.352673
0.352673
0.35332
0.355555
0.358584
0.358584
0.358718
0.358718
0.360235
0.360659
0.360665
0.365359
0.370069
0.371381
0.372796
0.372925
0.381252
0.381252
0.383538
0.383538
0.383538
0.391913
0.397363
0.397363
0.403956
0.404232
0.415086
0.415086
0.424957
0.445513
0.449958
0.449958
0.449958
0.449958
0.447103
0.454144
0.454144
0.454144
0.45585
0.45585
0.457302
0.457538
0.459963
0.473156
0.473156
0.473156
0.488387
0.488387
0.48901
0.48901
0.489709
0.489709
0.489709
0.49176
0.492173
0.492173
0.492764
0.492798
0.493536
0.494029
0.494692
0.494692
0.494989
0.495536
0.495046
0.495131
0.497619
0.497619
0.497619
0.498012
0.500063
0.503396
0.503396
0.503396
0.502521
0.502864
0.503202
0.504738
0.504738
0.504823
0.504823
0.504859
0.504859
0.505075
0.505175
0.505175
0.505313
0.505695
0.505695
0.505722
0.506747
0.506747
0.507204
0.507204
0.507506
0.507506
0.507739
0.507739
0.507921
0.507921
0.509258
0.509258
0.510298
0.51082
0.511355
0.511381
0.511613
0.512036
0.512078
0.512078
0.512326
0.512326
0.512326
0.512326
0.512795
0.512795
0.51299
0.513188
0.513188
0.513188
0.513224
0.51331
0.51331
0.51348
0.513631
0.513631
0.513639
0.51374
0.51374
0.51376
0.513809
0.513809
0.513809
0.513819
0.513794
0.513857
0.513875
0.513978
0.514051
0.514092
0.514096
0.51415
0.51415
0.51415
0.514213
0.514213
0.514242
0.514242
0.514385
0.514385
0.51443
0.514528
0.514539
0.514647
0.514528
0.51463
0.514661
0.514661
0.514661
0.514665
0.514713
0.514713
0.514713
0.514827
0.514841
0.514841
0.514845
0.514893
0.514934
0.514941
0.514942
0.514942
0.514942
0.514942
0.514944
0.514944
0.514969
0.514969
0.515005
0.515024
0.515024
0.515032
0.515036


0.0386319
0.0395911
0.0412434
0.0434413
0.0436516
0.0455364
0.0456728
0.0456728
0.0464071
0.0473788
0.0479134
0.0485476
0.0491845
0.0494616
0.0501646
0.05081
0.0509213
0.0517934
0.052455
0.0537557
0.0541733
0.0541506
0.0552091
0.0562648
0.0563681
0.0568304
0.0576836
0.0576836
0.0605903
0.0605903
0.0652606
0.0657588
0.0677912
0.0679843
0.0729493
0.0751617
0.0751617
0.0797489
0.0974371
0.0984411
0.0992509
0.100955
0.122228
0.129854
0.136472
0.139371
0.151492
0.182093
0.217802
0.231285
0.25104
0.255207
0.274028
0.274028
0.278391
0.307848
0.317955
0.317955
0.37612
0.377502
0.383252
0.392652
0.413199
0.422985
0.431251
0.434179
0.465306
0.469628
0.474804
0.478465
0.48562
0.48975
0.491265
0.502751
0.502751
0.516933
0.516933
0.522208
0.523382
0.524785
0.526439
0.527394
0.530395
0.530782
0.53173
0.533341
0.53344
0.533798
0.535637
0.537635
0.537953
0.53967
0.540175
0.540175
0.540623
0.541218
0.54243
0.54245
0.54245
0.542559
0.542664
0.542971
0.543101
0.543438
0.543438
0.543439
0.543686
0.543751
0.543873
0.5439
0.544071
0.54409
0.54409
0.544122
0.544141
0.544209
0.544213
0.544276
0.544285
0.544293
0.544312
0.544318
0.544322
0.544358
0.544387
0.544389
0.544401
0.544401
0.544401
0.544407
0.544412
0.544412
0.544418
0.54442
0.54442
0.544425
0.544428
0.544432
0.544433
0.544436
0.54444
0.54444
0.54444
0.544441
0.544443
0.544444
0.544446
0.544447
0.544447
0.544448
0.544448
0.544449
0.544449
0.544449
0.544449
0.544449
0.544449
0.54445
0.54445
0.54445
0.54445
0.544451
0.544451
0.544451
0.544451
0.544451
0.544451
0.544451
0.544451
0.544451
0.544451
0.544451
0.544451
0.544451
0.544451
0.544451
0.544451
0.544451
0.544451
0.544451
0.544451
0.544451
0.544451
0.544451
0.544451
0.544451
0.544451
0.544451
0.544451
0.544451
0.544451
0.544451
0.544451
0.544451
0.544451
0.544451
0.544451
0.544451
0.544451
0.544451
0.544451
0.558339
0.558339
0.558339
0.558339
0.558339
0.559816
0.564811
0.564811
0.565813
0.566707
0.613374
0.618187
0.618187
0.643132
0.648653
0.648908
0.648908
0.667133
0.669882
0.670372
0.674521
0.682481
0.686584
0.686584
0.686584
0.687787
0.693095
0.697981
0.697981
0.700725
0.698389
0.69881
0.704764
0.704849
0.704849
0.704849
0.706961
0.706961
0.706961
0.708725
0.708811
0.708871
0.709333
0.709333
0.709333
0.710754
0.710754
0.710754
0.710754
0.711372
0.711372
0.711372
0.711754
0.711754
0.712638
0.712665
0.712665
0.712684
0.712701
0.71272
0.713276
0.713293
0.713378
0.713527
0.713527
0.713527
0.713682
0.713718
0.713718
0.713786
0.713781
0.71381
0.713849
0.713863
0.71393
0.71393
0.713986
0.714063
0.714065
0.714065
0.714072
0.71408
0.714096
0.714096
0.714111
0.714124
0.714124
0.714128
0.71413
0.714137
0.714151
0.714151
0.714151
0.714153
0.714159
0.714159
0.71416
0.714171
0.714171
0.714171
0.714171
0.714172
0.714174
0.714177
0.714177
0.714177
0.714177
0.714177
0.714178
0.714178
0.714178
0.714178
0.714179
0.714179
0.714179
0.714179
0.714179
0.714179
0.714179
0.71418
0.71418
0.71418
0.71418
0.71418
0.71418
0.71418
0.71418
0.71418
0.71418
0.71418
0.71418
0.71418
0.71418
0.71418
0.71418
0.71418
0.71418
0.71418
0.71418
0.71418
0.713265
0.71418
0.71418
0.71418
0.71418
0.71418
0.71418
0.71418
0.71418
0.71418
0.71418
0.71418
0.71418
0.71418
0.71418
0.71418
0.71418
0.71418
0.71418
0.71418
0.71418
0.71418
0.71418
0.71418
0.71418
0.71418
0.71418
0.71418
0.71418
0.71418
0.71418
0.71418
0.71418
0.71418
0.71418
0.71418
0.71418
0.71418
0.71418
0.71418
0.71418
0.71418
0.71418
0.71418
0.71418
0.71418
0.71418
0.71418
0.71418
0.71418
0.71418
0.71418
0.71418
0.71418
0.71418
0.71418
0.71418
0.71418
0.71418


0.0319422
0.0361211
0.0361211
0.0378252
0.0394099
0.0396144
0.040393
0.0406027
0.0410218
0.0426562
0.0433508
0.043351
0.0439805
0.0448645
0.0453821
0.0458597
0.0468097
0.0475061
0.0475061
0.048081
0.0484445
0.0490355
0.0497271
0.0527825
0.0565007
0.0565712
0.0606625
0.0606625
0.0666505
0.0666505
0.0668707
0.0710703
0.073402
0.0782442
0.0783481
0.0785323
0.0835413
0.0901878
0.10724
0.12137
0.12137
0.126146
0.15029
0.150365
0.15072
0.160019
0.164312
0.172592
0.172732
0.205158
0.205158
0.247062
0.24732
0.247348
0.296885
0.29714
0.29714
0.29714
0.303202
0.303202
0.33159
0.357063
0.378042
0.422151
0.430366
0.430366
0.434252
0.434267
0.437294
0.464961
0.464998
0.475679
0.476109
0.481537
0.486439
0.494662
0.495744
0.496355
0.500465
0.508204
0.509952
0.513114
0.522972
0.526382
0.532663
0.543129
0.543129
0.543129
0.544523
0.545713
0.56506
0.577736
0.577736
0.578056
0.58015
0.582779
0.585777
0.598816
0.60176
0.607627
0.615874
0.617394
0.617661
0.643105
0.643294
0.643294
0.645948
0.652262
0.667829
0.673529
0.674753
0.689838
0.689838
0.690836
0.690836
0.690918
0.69978
0.706185
0.706657
0.718039
0.718079
0.717162
0.726012
0.728972
0.728989
0.729017
0.730692
0.732529
0.732529
0.734822
0.737591
0.737624
0.737624
0.738632
0.738647
0.742
0.743257
0.744429
0.745105
0.745615
0.746693
0.747217
0.748056
0.748057
0.748062
0.74824
0.748601
0.748602
0.748613
0.748821
0.748824
0.748612
0.749011
0.749011
0.749301
0.749302
0.749302
0.7495
0.749582
0.749583
0.74966
0.749647
0.749764
0.749765
0.749858
0.74986
0.749911
0.749933
0.749986
0.749986
0.749986
0.750026
0.750026
0.750125
0.750126
0.750184
0.750194
0.750194
0.750244
0.758338
0.758338
0.763048
0.764817
0.792622
0.80497
0.841977
0.844115
0.844115
0.856987
0.872429
0.872429
0.872429
0.872982
0.872982
0.889534
0.889534
0.889534
0.889534
0.890593
0.895152
0.902677
0.921189
0.921189
0.927548
0.927548
0.934842
0.938884
0.942572
0.942572
0.942572
0.943552
0.949323
0.952954
0.955899
0.957062
0.957323
0.963425
0.967054
0.971578
0.974921
0.977088
0.978012
0.978012
0.978686
0.978686
0.978686
0.979856
0.979856
0.9832
0.986233
0.986233
0.98581
0.989163
0.990168
0.991339
0.992016
0.992016
0.993975
0.994625
0.994625
0.997396
0.997396
0.997396
0.997957
0.997957
0.998309
0.998309
0.998309
0.998392
0.998542
0.998601
0.998811
0.998811
0.999279
0.999405
0.999405
0.999405
0.999436
0.999602
0.999602
0.999602
0.999608
0.999608
0.999664
0.999735
0.999735
0.999785
0.999842
0.999842
0.999854
0.999878
0.999857
0.999899
0.999919
0.999919
0.999928
0.999938
0.99994
0.999944
0.999953
0.999953
0.999952
0.999956
0.999963
0.999973
0.999973
0.999973
0.999973
0.999983
0.999983
0.999986
0.999986
0.999988
0.999988
0.99999
0.999992
0.999993
0.999993
0.999993
0.999994
0.999994
0.999995
0.999996
0.999996
0.999997
0.999997
0.999997
0.999997
0.999998
0.999998
0.999998
0.999999
0.999999
0.999999
0.999999
0.999999
0.999999
0.999999
0.999999
0.999999
0.999999
0.999999
0.999999
1
1
1
1
1
1
1
1
1
1
1
1
1
1
1
1
1
1
1
1
1
1
1
1
1
1
1
1
1
1
1
1
1
1
1
1
1
1
1
1
1
1
1
1
1
1
1
1
1
1
1
1
1
1
1
1
1
1
1
1
1
1
1
1
1
1
1
1
1
1
1
1
1
1
1
1
1


0.033434
0.0342588
0.0354341
0.0372388
0.0382167
0.0382221
0.0385313
0.0394717
0.0407043
0.0407043
0.0412825
0.0411911
0.0417019
0.0419035
0.0425233
0.0426313
0.0426388
0.0432886
0.0434671
0.0435611
0.04442
0.0454201
0.0457516
0.045972
0.0460507
0.0474777
0.0474777
0.0479742
0.0479742
0.0503005
0.0521318
0.0521643
0.0521643
0.0521825
0.0543993
0.0553359
0.0553692
0.0603007
0.0622948
0.0634164
0.0634556
0.0637296
0.0764511
0.0764511
0.0784804
0.0784804
0.0910327
0.0910327
0.100472
0.100575
0.100575
0.102946
0.113969
0.118973
0.120304
0.12034
0.130998
0.133173
0.133184
0.133184
0.157727
0.157728
0.157732
0.159929
0.172654
0.179616
0.179618
0.19759
0.197599
0.197599
0.197599
0.219754
0.220642
0.220642
0.221247
0.235091
0.23534
0.235342
0.236786
0.243681
0.243681
0.247705
0.2492
0.2492
0.250118
0.250834
0.250834
0.259637
0.260075
0.260075
0.2646
0.264974
0.264978
0.266403
0.267223
0.267223
0.267223
0.268664
0.268664
0.271125
0.271126
0.27158
0.27158
0.272129
0.272144
0.272644
0.273434
0.273567
0.273952
0.277731
0.280348
0.280506
0.280588
0.281091
0.281668
0.281881
0.282452
0.282465
0.282465
0.28795
0.288812
0.28887
0.294648
0.294732
0.294871
0.302087
0.307135
0.322841
0.322889
0.322928
0.3302
0.341066
0.341089
0.365017
0.36716
0.367165
0.3697
0.383807
0.383818
0.391
0.391019
0.391625
0.393638
0.398845
0.404485
0.405643
0.412824
0.421548
0.423705
0.426329
0.4328
0.445169
0.445169
0.450156
0.450175
0.455121
0.455121
0.456541
0.456541
0.457389
0.462362
0.462363
0.463555
0.463555
0.463555
0.466665
0.469993
0.470904
0.470906
0.470966
0.473307
0.473308
0.47331
0.47331
0.474684
0.47511
0.475339
0.475576
0.47668
0.476681
0.476681
0.476878
0.476878
0.476917
0.477144
0.477278
0.479
0.479
0.479
0.479
0.479
0.479
0.479001
0.479001
0.479007
0.47913
0.479373
0.479409
0.479409
0.479409
0.479474
0.479414
0.479444
0.479444
0.479446
0.479464
0.479493
0.479493
0.479518
0.47954
0.479568
0.479568
0.479608
0.479608
0.479612
0.479612
0.479637
0.479637
0.479677
0.479678
0.479681
0.479681
0.479692
0.479704
0.479707
0.479707
0.479707
0.479711
0.479712
0.479717
0.479721
0.479723
0.479723
0.479723
0.479723
0.479724
0.479732
0.479737
0.47974
0.47974
0.479741
0.479743
0.479743
0.479744
0.479744
0.479744
0.479745
0.479746
0.479747
0.479747
0.479747
0.479747
0.479747
0.479747
0.479748
0.479748
0.479749
0.47975
0.47975
0.47975
0.479751
0.479751
0.479751
0.479751
0.479751
0.479751
0.479751
0.479751
0.479751
0.479751
0.479751
0.479751
0.479751
0.479751
0.479751
0.479752
0.479752
0.479752
0.479752
0.479752
0.479752
0.479752
0.479752
0.479752
0.479752
0.479752
0.479752
0.479752
0.479752
0.479752
0.479752
0.479752
0.479752
0.479752
0.479752
0.479752
0.479752
0.479752
0.479752
0.479752
0.479752
0.479752
0.479752
0.479752
0.479752
0.479752
0.479752
0.479752
0.479752
0.479752
0.479752
0.479752
0.479752
0.479752
0.479752
0.479752
0.479752
0.479752
0.479752
0.479752
0.479752
0.479752
0.479752
0.479752
0.479752
0.479752
0.479752
0.479752
0.479752
0.479752
0.479752
0.479752
0.479752
0.479752
0.479752
0.479752
0.479752
0.479752
0.479752
0.479752
0.479752
0.479752
0.479752
0.479752
0.479752
0.479752
0.479752
0.479752
0.479752
0.479752
0.479752
0.479752
0.479752
0.479752
0.479752
0.479752
0.479752
0.479752
0.479752
0.479752
0.479752
0.479752
0.479752
0.479752
0.479752
0.479752
0.479752
0.479752
0.479752
0.479752
0.479752
0.479752
0.479752
0.479752
0.479752
0.479752
0.479752
0.479752
0.479752
0.479752
0.479752
0.479752
0.479752
0.479752
0.479752
0.479752
0.479752
0.479752
0.479752
0.479752
0.479752
0.479752
0.479752
0.479752
0.479752
0.479752
0.479752
0.479752
0.479752
0.479752


0.032173
0.0360535
0.0378332
0.0387788
0.0404127
0.0404127
0.0410285
0.0432497
0.0442952
0.0447642
0.0447684
0.0452871
0.0454616
0.0457602
0.0457834
0.0462531
0.0463094
0.04652
0.0467527
0.0468649
0.047022
0.0471376
0.0474944
0.0481293
0.0481293
0.0482764
0.0482764
0.0499656
0.0503586
0.0508479
0.0510276
0.0520962
0.052498
0.0542182
0.0558106
0.0560962
0.0563584
0.0564214
0.0587747
0.0587747
0.0589643
0.0589654
0.0606037
0.0694663
0.0793665
0.0800099
0.0886904
0.0999703
0.106136
0.130156
0.146693
0.140913
0.145823
0.154501
0.166896
0.166896
0.200061
0.200138
0.222882
0.222882
0.238813
0.247789
0.247827
0.247828
0.251144
0.256448
0.25646
0.270766
0.278112
0.291647
0.313257
0.313263
0.314997
0.314997
0.32003
0.324461
0.324469
0.338124
0.338284
0.344738
0.346633
0.342408
0.345194
0.345194
0.35774
0.35774
0.35774
0.35774
0.361999
0.36246
0.36635
0.366495
0.366693
0.367819
0.369307
0.372491
0.372517
0.373128
0.377651
0.377685
0.377685
0.379963
0.382032
0.382039
0.38208
0.38329
0.383294
0.384605
0.384607
0.385447
0.385923
0.386775
0.387399
0.387457
0.387457
0.388107
0.388107
0.388203
0.388203
0.388323
0.388503
0.389021
0.389022
0.389236
0.389236
0.389379
0.38938
0.38938
0.389413
0.389782
0.389899
0.389991
0.390422
0.390447
0.390659
0.390685
0.390784
0.391612
0.392039
0.392254
0.392962
0.392994
0.395853
0.398154
0.399909
0.404784
0.408469
0.411799
0.411799
0.418024
0.418028
0.435723
0.435754
0.440706
0.440706
0.442728
0.470393
0.470393
0.487269
0.487275
0.490537
0.490542
0.490542
0.4912
0.498958
0.512065
0.520194
0.535203
0.544536
0.548922
0.569559
0.575656
0.598582
0.598584
0.605847
0.643884
0.666785
0.685603
0.685603
0.706104
0.719158
0.733897
0.733897
0.761019
0.768856
0.791782
0.79248
0.79248
0.792481
0.799141
0.799141
0.802898
0.805956
0.807887
0.81164
0.822759
0.822759
0.827091
0.827091
0.828006
0.828006
0.828708
0.835849
0.835849
0.839268
0.841699
0.841699
0.843388
0.84636
0.84636
0.850127
0.849316
0.849317
0.850077
0.851644
0.851644
0.852754
0.852754
0.855185
0.858354
0.858354
0.858354
0.858354
0.859417
0.859635
0.8605
0.8605
0.860889
0.860899
0.861004
0.861234
0.861449
0.861683
0.861988
0.861999
0.862127
0.862352
0.862352
0.862373
0.862475
0.86255
0.862706
0.862706
0.862707
0.862731
0.862797
0.862842
0.862842
0.862872
0.862881
0.862882
0.862921
0.862927
0.862943
0.862946
0.862946
0.862947
0.862951
0.862973
0.86299
0.86299
0.86299
0.862994
0.862994
0.862998
0.862998
0.862999
0.863
0.863008
0.863008
0.863008
0.863007
0.86301
0.86301
0.863012
0.863013
0.863013
0.863015
0.863018
0.863018
0.863019
0.863019
0.86302
0.86302
0.863021
0.863021
0.863021
0.863022
0.863022
0.863022
0.863022
0.863023
0.863023
0.863023
0.863023
0.863023
0.863023
0.863023
0.863024
0.863024
0.863024
0.863024
0.863024
0.863024
0.863024
0.863024
0.863024
0.863024
0.863024
0.863024
0.863024
0.863024
0.863024
0.863024
0.863024
0.863024
0.863024
0.863024
0.863024
0.863025
0.863025
0.863025
0.863025
0.863025
0.863025
0.863025
0.863025
0.863025
0.863025
0.863025
0.863025
0.863025
0.863025
0.863025
0.863025
0.863025
0.863025
0.863025
0.863025
0.863025
0.863025
0.863025
0.863025
0.863025
0.863025
0.863025
0.863025
0.863025
0.863025
0.863025
0.863025
0.863025
0.863025
0.863025
0.863025
0.863025
0.863025
0.863025
0.863025
0.863025
0.863025
0.863025
0.863025
0.863025
0.863025
0.863025
0.863025
0.863025
0.863025
0.863025
0.863025
0.863025
0.863025
0.863025
0.863025
0.863025
0.863025
0.863025
0.863025
0.863025
0.863025
0.863025
0.863025
0.863025
0.863025
0.863025
0.863025
0.863025
0.863025
0.863025
0.863025
0.863025
0.863025
0.863025
0.863025
0.863025
0.863025
0.863025
0.863025
0.863025


0.0406735
0.0462583
0.0483065
0.048543
0.051561
0.0517375
0.0521002
0.0541055
0.0588503
0.0588503
0.0588731
0.059241
0.0593808
0.0604082
0.0614613
0.0639094
0.0639094
0.0650264
0.065153
0.0663866
0.0680836
0.0665842
0.066741
0.0697931
0.0698618
0.0702154
0.0709996
0.0715968
0.0721108
0.0768083
0.0804054
0.0884573
0.0884863
0.0887461
0.093154
0.0932745
0.0949808
0.0995134
0.101957
0.102033
0.102262
0.11617
0.124248
0.129996
0.133422
0.140502
0.141673
0.157199
0.16328
0.164737
0.167231
0.167248
0.1739
0.186398
0.186398
0.199915
0.199916
0.20591
0.214903
0.214904
0.214913
0.216509
0.216951
0.217226
0.221098
0.226958
0.22914
0.22914
0.22941
0.23193
0.234756
0.234772
0.235162
0.238445
0.240219
0.244758
0.244758
0.246102
0.246661
0.252064
0.252064
0.264174
0.264634
0.268113
0.270691
0.270857
0.274675
0.275003
0.275003
0.276547
0.291747
0.299155
0.299155
0.30675
0.30675
0.30675
0.31167
0.311766
0.314191
0.3267
0.326725
0.324871
0.336105
0.336105
0.343087
0.343087
0.343092
0.358165
0.368191
0.37779
0.37779
0.384541
0.389765
0.394931
0.400615
0.400616
0.433633
0.445007
0.445008
0.445009
0.467934
0.467945
0.469314
0.469317
0.489805
0.489805
0.48981
0.49313
0.51344
0.513441
0.520399
0.520399
0.520402
0.520402
0.536099
0.536099
0.540322
0.544217
0.548469
0.548469
0.553386
0.559674
0.562537
0.565177
0.565177
0.570847
0.5738
0.575265
0.581501
0.583021
0.583021
0.583021
0.583607
0.592536
0.594169
0.594169
0.594725
0.594775
0.597219
0.597219
0.597219
0.598948
0.598983
0.599583
0.600025
0.600098
0.600098
0.602921
0.604524
0.604524
0.604524
0.604524
0.605383
0.606516
0.606516
0.607321
0.607524
0.608615
0.608615
0.608615
0.608948
0.608948
0.609482
0.610158
0.610158
0.610318
0.6104
0.610409
0.610409
0.610973
0.610973
0.611504
0.611504
0.612023
0.612023
0.612987
0.612987
0.612987
0.613522
0.613522
0.614232
0.613445
0.613723
0.613789
0.613789
0.613789
0.613923
0.614277
0.614623
0.61469
0.61469
0.614731
0.615017
0.615237
0.615237
0.615237
0.615237
0.615237
0.615309
0.615309
0.615309
0.615309
0.615327
0.615345
0.615345
0.615349
0.615349
0.615669
0.615669
0.615688
0.615688
0.61578
0.615834
0.615834
0.615965
0.615965
0.615973
0.615992
0.616012
0.61606
0.616102
0.616126
0.61613
0.61613
0.616181
0.616222
0.616224
0.616224
0.616227
0.616227
0.616245
0.616245
0.616245
0.616245
0.616245
0.616245
0.616245
0.616248
0.616248
0.616254
0.616256
0.616267
0.616283
0.616285
0.616285
0.616289
0.616296
0.616296
0.616296
0.616302
0.616309
0.616313
0.61632
0.61632
0.61632
0.61632
0.61632
0.61632
0.61632
0.61632
0.616324
0.616326
0.616326
0.616334
0.616334
0.616336
0.616336
0.616336
0.616336
0.616336
0.616336
0.616337
0.616337
0.616338
0.616339
0.616339
0.616345
0.616345
0.616345
0.616345
0.616346
0.616343
0.616343
0.616347
0.616347
0.616348
0.616348
0.616348
0.616348
0.616349
0.616349
0.616348
0.61635
0.616352
0.616352
0.616353
0.616353
0.616353
0.616353
0.616353
0.616353
0.616353
0.616353
0.616354
0.616354
0.616354
0.616354
0.616354
0.616354
0.616354
0.616354
0.616354
0.616354
0.616354
0.616354
0.616354
0.616354
0.616354
0.616354
0.616354
0.616354
0.616177
0.616354
0.616354
0.616354
0.616354
0.616354
0.616354
0.616354
0.616354
0.616354
0.616354
0.616354
0.616354
0.616354
0.616354
0.616354
0.616354
0.616354
0.616354
0.616354
0.616354
0.616354
0.616354
0.616354
0.616354
0.616354
0.616354
0.616354
0.616354
0.616354
0.616354
0.616354
0.616354
0.616354
0.616354
0.616354
0.616354
0.616354
0.616354
0.616354
0.616354
0.616354
0.616354
0.616354
0.616354
0.616354
0.616354
0.616354
0.616354
0.616354
0.616354
0.616354
0.616354
0.616354
0.616354
0.616354
0.616354
0.616354
0.616354


0.0376371
0.0411304
0.04195
0.0430783
0.0432993
0.0444499
0.0444499
0.044675
0.0463956
0.046973
0.0470844
0.0479098
0.0492605
0.0499689
0.050033
0.0508484
0.0508484
0.0514207
0.0533994
0.0575373
0.058564
0.0595458
0.0599763
0.0632681
0.0703729
0.0703729
0.0794143
0.0794143
0.0794143
0.0796263
0.0870116
0.0899626
0.0899626
0.0949595
0.10917
0.10917
0.11357
0.114758
0.118034
0.123455
0.129585
0.151819
0.176374
0.176602
0.194959
0.205574
0.205708
0.209141
0.214535
0.233809
0.233809
0.235935
0.24428
0.245247
0.245247
0.249304
0.25451
0.25451
0.256926
0.25826
0.26462
0.260523
0.266556
0.267839
0.268076
0.275626
0.275626
0.275626
0.27569
0.276071
0.276071
0.285314
0.285314
0.286527
0.287642
0.293731
0.294297
0.297856
0.297856
0.297856
0.298615
0.289705
0.294298
0.29439
0.295131
0.295912
0.296078
0.296407
0.296407
0.297569
0.298416
0.298417
0.298518
0.302141
0.302281
0.30234
0.302415
0.30243
0.30243
0.3026
0.3026
0.302541
0.318538
0.318553
0.318665
0.318665
0.318665
0.318686
0.318692
0.320503
0.320503
0.323975
0.323996
0.323996
0.324961
0.327136
0.327334
0.327342
0.327946
0.327948
0.333058
0.338835
0.344116
0.347038
0.34704
0.34704
0.347042
0.350505
0.350505
0.354879
0.354881
0.354867
0.361534
0.362146
0.371937
0.383504
0.383505
0.383506
0.390891
0.392026
0.416265
0.424232
0.424232
0.433404
0.44457
0.448018
0.461312
0.461312
0.461312
0.496651
0.505772
0.513634
0.521698
0.521698
0.528831
0.537436
0.55026
0.55026
0.55026
0.564327
0.564327
0.564327
0.565471
0.565471
0.568354
0.57799
0.581989
0.598419
0.598419
0.616614
0.639134
0.639134
0.639134
0.639134
0.680414
0.680414
0.680414
0.682588
0.685597
0.685597
0.705169
0.706314
0.713599
0.713599
0.716879
0.717786
0.729783
0.729783
0.735094
0.741279
0.741279
0.745561
0.745561
0.746233
0.748536
0.748536
0.74868
0.751249
0.752831
0.753945
0.754727
0.755026
0.755561
0.755561
0.755561
0.755964
0.755964
0.755964
0.75618
0.756286
0.75725
0.75725
0.757868
0.757868
0.758497
0.760905
0.762528
0.762952
0.764673
0.765658
0.766845
0.776711
0.777053
0.782275
0.783661
0.783845
0.786743
0.786743
0.786781
0.787922
0.790374
0.789824
0.789824
0.789824
0.789824
0.792221
0.793068
0.793162
0.793171
0.79335
0.793819
0.79396
0.794574
0.794581
0.795039
0.795459
0.795848
0.795898
0.795901
0.796188
0.796191
0.796224
0.796229
0.796874
0.796878
0.797054
0.797062
0.797067
0.797067
0.797105
0.797231
0.797134
0.797234
0.797311
0.797313
0.797357
0.797371
0.797469
0.79753
0.79755
0.797559
0.797558
0.797573
0.797578
0.797584
0.797585
0.797626
0.797628
0.797628
0.797638
0.797651
0.797656
0.797668
0.797691
0.797706
0.797706
0.797713
0.797713
0.797728
0.797733
0.797736
0.797741
0.797747
0.797752
0.797752
0.797752
0.797753
0.797757
0.797757
0.797762
0.797762
0.797764
0.797764
0.797768
0.797768
0.797769
0.797771
0.797771
0.797771
0.797771
0.797772
0.797773
0.797773
0.797773
0.797773
0.797773
0.797773
0.797774
0.797774
0.797774
0.797774
0.797774
0.797775
0.797775
0.797775
0.797775
0.797775
0.797775
0.797775
0.797775
0.797775
0.797775
0.797775
0.797776
0.797776
0.797776
0.797776
0.797776
0.797776
0.797776
0.797776
0.797776
0.797776
0.797776
0.797776
0.797776
0.797776
0.797776
0.797776
0.797776
0.797776
0.797776
0.797776
0.797776
0.797776
0.797776
0.797776
0.797776
0.797776
0.797776
0.797776
0.797776
0.797776
0.797776
0.797776
0.797776
0.797776
0.797776
0.797776
0.797776
0.797776
0.797776
0.797776
0.797776
0.797776
0.797776
0.797776
0.797776
0.797776
0.797776
0.797776
0.797776
0.797776
0.797776
0.797776
0.797776
0.797776
0.797776
0.797776
0.797776
0.797776
0.797776
0.797776
0.797776
0.797776
0.797776
0.797776
0.797776
0.797776
0.797776


0.0354632
0.0361012
0.0375149
0.038302
0.0389269
0.0402958
0.0409035
0.0413862
0.0421868
0.0428833
0.0429966
0.0432518
0.0441227
0.0442971
0.0444755
0.0448861
0.0449269
0.0455374
0.0462867
0.0464857
0.0464998
0.0467349
0.0478497
0.0487336
0.0487388
0.0498678
0.0499888
0.0503338
0.0509914
0.0517794
0.0523024
0.0516764
0.0542701
0.0550261
0.0556282
0.0576509
0.0576509
0.0581632
0.0584726
0.0616976
0.0644686
0.0701115
0.0742662
0.0742662
0.0764814
0.0764814
0.0764814
0.0804399
0.0810349
0.0843639
0.0963021
0.114918
0.118514
0.118514
0.121222
0.122943
0.123397
0.144864
0.149933
0.169434
0.209189
0.203332
0.228148
0.230197
0.243334
0.24962
0.256787
0.264281
0.276765
0.279298
0.282864
0.290265
0.290265
0.295342
0.29834
0.309437
0.315893
0.318202
0.337239
0.340647
0.340647
0.346989
0.364394
0.364994
0.366669
0.37362
0.37362
0.38351
0.390044
0.396767
0.40943
0.409477
0.411706
0.418353
0.427184
0.427186
0.428089
0.431197
0.433833
0.433858
0.437794
0.437794
0.438171
0.443724
0.444004
0.445385
0.445385
0.448282
0.448282
0.448676
0.449494
0.453146
0.454404
0.454428
0.454528
0.454564
0.45474
0.454814
0.455455
0.45553
0.455577
0.455603
0.456728
0.456922
0.456922
0.456938
0.457504
0.457562
0.457575
0.457651
0.457971
0.457968
0.458122
0.458164
0.458178
0.458278
0.458278
0.45829
0.458346
0.458387
0.458387
0.458476
0.458582
0.458584
0.458584
0.45863
0.45866
0.458671
0.458686
0.458689
0.458689
0.458696
0.458696
0.458698
0.458744
0.458745
0.458772
0.458773
0.458802
0.458802
0.458803
0.458809
0.458812
0.458819
0.45882
0.458821
0.458824
0.458826
0.458827
0.458831
0.458834
0.458835
0.458836
0.458838
0.458838
0.458838
0.458844
0.458844
0.458844
0.458844
0.458845
0.458846
0.458846
0.458847
0.458847
0.458848
0.458849
0.45885
0.45885
0.45885
0.458851
0.458851
0.458851
0.458851
0.458851
0.458852
0.458852
0.458852
0.458852
0.458853
0.458853
0.458853
0.458853
0.458853
0.458853
0.458853
0.458853
0.458853
0.458853
0.458853
0.458853
0.458853
0.458853
0.458853
0.458853
0.458853
0.458853
0.458853
0.458853
0.458853
0.458853
0.458853
0.458853
0.458853
0.458853
0.458853
0.458853
0.458853
0.458853
0.458853
0.458853
0.458853
0.458853
0.458853
0.458853
0.458853
0.458853
0.458853
0.458853
0.458853
0.458853
0.458853
0.458853
0.458853
0.458853
0.458853
0.458853
0.458853
0.458853
0.458853
0.458853
0.458853
0.458853
0.458853
0.458853
0.458853
0.458853
0.458853
0.458853
0.458853
0.458853
0.458853
0.458853
0.458853
0.458853
0.458853
0.458853
0.458853
0.458853
0.458853
0.458853
0.458853
0.458853
0.458853
0.458853
0.458853
0.458853
0.458853
0.458853
0.458853
0.458853
0.458853
0.458853
0.458853
0.458853
0.458853
0.458853
0.458853
0.458853
0.458853
0.458853
0.458853
0.458853
0.458853
0.458853
0.458853
0.458853
0.458853
0.458853
0.458853
0.458853
0.458853
0.458853
0.458853
0.458853
0.458853
0.458853
0.458853
0.458853
0.458853
0.458853
0.458853
0.458853
0.458853
0.458853
0.458853
0.458853
0.458853
0.458853
0.458853
0.458853
0.458853
0.458853
0.458853
0.458853
0.458853
0.458853
0.458853
0.458853
0.458853
0.458853
0.458853
0.458853
0.458853
0.458853
0.458853
0.458853
0.458853
0.458853
0.458853
0.458853
0.458853
0.458853
0.458853
0.458853
0.458853
0.458853
0.458853
0.458853
0.458853
0.458853
0.458853
0.458853
0.458853
0.458853
0.458853
0.458853
0.458853
0.458853
0.458853
0.458853
0.458853
0.458853
0.458853
0.458853
0.458853
0.458853
0.458853
0.458853
0.458853
0.458853
0.458853
0.458853
0.458853
0.458853
0.458853
0.458853
0.458853
0.458853
0.462133
0.462909
0.465523
0.465523
0.466282
0.472172
0.473607
0.47435
0.47435
0.47719
0.477795
0.478026
0.478189
0.478394
0.480264
0.483764
0.484132
0.48436
0.488951
0.488951
0.490815


0.0305353
0.031024
0.0324704
0.0344588
0.0351247
0.0351247
0.0360095
0.0363396
0.0363396
0.0369666
0.0374443
0.0376127
0.0377699
0.0380489
0.0390893
0.0395843
0.0395843
0.0399721
0.0404402
0.0412126
0.0419237
0.0426708
0.043605
0.0436631
0.0444847
0.0447729
0.0447894
0.044804
0.0451205
0.0473128
0.0491242
0.0498833
0.0511233
0.0511233
0.0511233
0.0569402
0.0569402
0.0569866
0.0610933
0.0672503
0.0727548
0.0700848
0.0883247
0.0913207
0.092782
0.107401
0.113281
0.114686
0.15737
0.15737
0.182835
0.201768
0.219096
0.2191
0.229135
0.231615
0.235878
0.235888
0.235888
0.254456
0.25446
0.271041
0.271041
0.282848
0.282848
0.282848
0.287356
0.287356
0.294464
0.296891
0.304431
0.312478
0.312478
0.320563
0.320563
0.322393
0.324876
0.324971
0.325906
0.326969
0.329037
0.33252
0.33252
0.33252
0.334841
0.335304
0.335411
0.335963
0.335963
0.337746
0.337746
0.338196
0.338196
0.338903
0.338903
0.339014
0.339933
0.339933
0.340009
0.340206
0.340206
0.335917
0.33947
0.339522
0.339522
0.339608
0.339705
0.339967
0.347039
0.356542
0.370501
0.370501
0.373545
0.384941
0.385112
0.408501
0.408833
0.415645
0.434768
0.446847
0.450573
0.464676
0.464676
0.466401
0.466401
0.484792
0.497073
0.497162
0.500048
0.500088
0.503148
0.502379
0.5025
0.509226
0.509569
0.509569
0.509569
0.514118
0.514118
0.516233
0.516237
0.515264
0.516481
0.516491
0.517648
0.518253
0.518272
0.519082
0.519485
0.519485
0.520311
0.520672
0.520672
0.520692
0.520788
0.520823
0.521053
0.521213
0.521328
0.521748
0.521884
0.522014
0.522014
0.522025
0.522037
0.522159
0.522277
0.522346
0.522466
0.522549
0.522594
0.522641
0.522855
0.522885
0.522967
0.523003
0.523019
0.523056
0.523056
0.523064
0.523072
0.523231
0.523231
0.523256
0.523256
0.523272
0.523284
0.523288
0.523306
0.523324
0.523339
0.523353
0.523359
0.523385
0.523385
0.523831
0.524155
0.524163
0.524164
0.524165
0.524165
0.524217
0.524232
0.524233
0.524239
0.524239
0.52426
0.524261
0.524277
0.524302
0.524345
0.52436
0.524372
0.524372
0.524372
0.524372
0.524379
0.524437
0.524438
0.524467
0.524468
0.524438
0.524438
0.524446
0.524446
0.524457
0.524476
0.524476
0.524476
0.524486
0.524486
0.524702
0.52478
0.52478
0.525002
0.525157
0.525157
0.525157
0.525157
0.525157
0.525402
0.525644
0.525844
0.526012
0.526279
0.526279
0.526279
0.526485
0.527166
0.528467
0.529609
0.530163
0.530716
0.530969
0.531027
0.531105
0.531663
0.532163
0.532565
0.533579
0.534976
0.53612
0.536572
0.536592
0.536592
0.543024
0.543024
0.543949
0.544373
0.545416
0.545854
0.546035
0.546526
0.54696
0.54696
0.54696
0.548697
0.550008
0.550637
0.550679
0.552955
0.558988
0.559096
0.559096
0.564608
0.564608
0.572418
0.577428
0.577439
0.577439
0.577581
0.580576
0.581361
0.581746
0.581746
0.582913
0.582913
0.583075
0.584779
0.5873
0.5873
0.592565
0.598687
0.602079
0.602079
0.60793
0.610106
0.610141
0.610897
0.610897
0.617824
0.623441
0.623441
0.623743
0.624891
0.627134
0.628125
0.629295
0.631891
0.649129
0.649129
0.649129
0.649129
0.649129
0.669172
0.669172
0.669172
0.670219
0.673587
0.675965
0.677961
0.679186
0.704032
0.713161
0.713161
0.713161
0.726519
0.731092
0.731092
0.73484
0.738267
0.74066
0.74066
0.74066
0.744056
0.747089
0.747495
0.747495
0.748803
0.749476
0.752295
0.756021
0.776967
0.803335
0.816495
0.816495
0.827044
0.827044
0.827044
0.827044
0.827044
0.827572
0.831353
0.832382
0.832699
0.832811
0.832855
0.833669
0.836951
0.84259
0.84411
0.855012
0.858231
0.861491
0.864957
0.86836
0.890609
0.901698
0.902294
0.902294
0.905025
0.907345
0.907345
0.915156
0.918291
0.918794
0.919224
0.924068
0.926509
0.926509
0.927729
0.928209
0.928383
0.929824
0.929824
0.934992
0.93811
0.938748
0.938748
0.938792


0.0328187
0.0345399
0.0368171
0.0370364
0.0411169
0.0411272
0.0417745
0.0425661
0.0456622
0.0472739
0.0472739
0.0482973
0.0489164
0.0536621
0.0537425
0.0537425
0.0555458
0.0568941
0.0575141
0.0577438
0.0644861
0.0752901
0.0761899
0.0781309
0.0836516
0.0852627
0.0895637
0.096654
0.117028
0.119715
0.121472
0.138501
0.152689
0.152689
0.170216
0.176296
0.18221
0.189131
0.207766
0.213086
0.232824
0.24751
0.299328
0.313441
0.313441
0.339372
0.358006
0.358006
0.379295
0.393364
0.397552
0.419408
0.424437
0.456002
0.465224
0.465224
0.493256
0.505346
0.508178
0.509046
0.509046
0.509088
0.509707
0.512402
0.518566
0.520108
0.53231
0.53231
0.532929
0.53756
0.53937
0.53915
0.542122
0.543865
0.547324
0.548912
0.553401
0.554213
0.556113
0.557098
0.55717
0.556998
0.557978
0.56106
0.561792
0.56191
0.562889
0.563633
0.56421
0.565062
0.565062
0.565239
0.565304
0.565668
0.565971
0.566166
0.566255
0.56636
0.566515
0.566857
0.566943
0.56707
0.567114
0.567198
0.567329
0.567366
0.567396
0.567515
0.567551
0.567589
0.56761
0.567672
0.567672
0.567676
0.567729
0.567743
0.567754
0.567785
0.567794
0.567794
0.567814
0.56783
0.567839
0.567839
0.567842
0.567844
0.567855
0.567857
0.567859
0.567862
0.567867
0.567873
0.567873
0.567879
0.567885
0.567888
0.567889
0.567889
0.56789
0.56789
0.567893
0.567895
0.567896
0.567897
0.567899
0.567899
0.5679
0.567901
0.567901
0.567902
0.567902
0.567903
0.567903
0.567903
0.567903
0.567905
0.567905
0.567905
0.567905
0.567906
0.567906
0.567906
0.567906
0.567906
0.567906
0.567906
0.567907
0.567907
0.567907
0.567907
0.567907
0.567907
0.567907
0.567907
0.567907
0.567907
0.567907
0.567907
0.567907
0.567907
0.567907
0.567907
0.567907
0.567907
0.567907
0.567907
0.567907
0.567907
0.567907
0.567907
0.567907
0.567907
0.567907
0.567907
0.567907
0.567907
0.567907
0.567907
0.567907
0.567907
0.567907
0.567907
0.567907
0.567907
0.567907
0.567907
0.567907
0.567907
0.567907
0.567907
0.567907
0.567907
0.567907
0.567907
0.567907
0.567907
0.567907
0.567907
0.567907
0.567907
0.567907
0.567907
0.567907
0.567907
0.567907
0.567907
0.567907
0.567907
0.567907
0.567907
0.567907
0.567907
0.567907
0.567907
0.567907
0.567907
0.567907
0.567907
0.567907
0.567907
0.567907
0.567907
0.567907
0.567907
0.567907
0.567907
0.567907
0.567907
0.567907
0.567907
0.567907
0.567907
0.567907
0.567907
0.567907
0.567907
0.567907
0.567907
0.567907
0.567907
0.567907
0.567907
0.567907
0.567907
0.567907
0.567907
0.567907
0.567907
0.567907
0.567907
0.567907
0.567907
0.567907
0.567907
0.567907
0.567907
0.567907
0.567907
0.567907
0.567907
0.567907
0.567907
0.567907
0.567907
0.567907
0.567907
0.567907
0.567907
0.567907
0.567907
0.567907
0.567907
0.567907
0.567907
0.567907
0.567907
0.567907
0.567907
0.567907
0.567907
0.567907
0.567907
0.567907
0.567907
0.567907
0.567907
0.567907
0.567907
0.567907
0.567907
0.567907
0.567907
0.567907
0.567907
0.567907
0.567907
0.567907
0.567907
0.567907
0.567907
0.567907
0.567907
0.567907
0.567907
0.567907
0.567907
0.567907
0.567907
0.567907
0.567907
0.567907
0.567907
0.567907
0.567907
0.567907
0.567907
0.567907
0.567907
0.567907
0.567907
0.567907
0.567907
0.567907
0.567907
0.567907
0.567907
0.567907
0.567907
0.567907
0.567907
0.567907
0.567907
0.567907
0.567907
0.567907
0.567907
0.567907
0.567907
0.567907
0.567907
0.567907
0.567907
0.567907
0.567907
0.567907
0.567907
0.567907
0.567907
0.567907
0.567907
0.567907
0.567905
0.567907
0.567907
0.567907
0.567907
0.567907
0.567907
0.567907
0.567907
0.567907
0.567907
0.567907
0.567907
0.567907
0.567907
0.567907
0.567907
0.567907
0.567907
0.567907
0.567907
0.567907
0.567907
0.567907
0.567907
0.567907
0.567907
0.567907
0.567907


0.0342207
0.0375159
0.0390718
0.0391238
0.0402171
0.0406006
0.0406803
0.0408644
0.0413467
0.0413467
0.0413497
0.0419842
0.0421981
0.0425258
0.0425258
0.0433364
0.0433364
0.0437787
0.0437787
0.0442661
0.0447039
0.0453109
0.0468162
0.046871
0.046871
0.0477102
0.0482473
0.0485561
0.0508935
0.0509414
0.0536378
0.0536378
0.0586657
0.0590203
0.0612946
0.0641393
0.070317
0.0706024
0.0736309
0.0767446
0.0834491
0.0877894
0.0877894
0.0908895
0.0967363
0.107254
0.111699
0.1232
0.1232
0.133213
0.142869
0.164133
0.168118
0.178746
0.184742
0.186874
0.202021
0.20626
0.222274
0.225573
0.237421
0.240911
0.258659
0.261747
0.290047
0.313873
0.322662
0.328742
0.34391
0.34391
0.356393
0.368663
0.368663
0.396958
0.397909
0.40915
0.420628
0.423928
0.42549
0.432516
0.436642
0.437503
0.442173
0.444482
0.451801
0.452049
0.453699
0.460452
0.465039
0.465039
0.466399
0.469183
0.472159
0.474507
0.476113
0.476761
0.476814
0.477334
0.479037
0.482542
0.486274
0.489714
0.489853
0.489853
0.490341
0.490483
0.490778
0.491268
0.491277
0.492601
0.492664
0.492766
0.492843
0.492857
0.492921
0.493204
0.493297
0.493375
0.494017
0.494043
0.494137
0.494137
0.494258
0.494369
0.494402
0.494512
0.494512
0.494573
0.494575
0.494745
0.494753
0.494753
0.49479
0.494824
0.494832
0.494869
0.494871
0.49489
0.494891
0.494908
0.494908
0.494915
0.494915
0.494917
0.494924
0.494924
0.494924
0.494936
0.494937
0.494937
0.494941
0.494946
0.494946
0.494946
0.49495
0.494951
0.494951
0.494951
0.494954
0.494956
0.494956
0.494958
0.494959
0.49496
0.49496
0.49496
0.494961
0.494961
0.494962
0.494962
0.494962
0.494962
0.494962
0.494962
0.494962
0.494962
0.494963
0.494963
0.494963
0.494963
0.494963
0.494963
0.494963
0.494963
0.494963
0.494963
0.494963
0.494963
0.494963
0.494963
0.494963
0.494963
0.494963
0.494963
0.494963
0.494963
0.494963
0.494963
0.494963
0.494964
0.494964
0.494964
0.494964
0.494964
0.494964
0.494964
0.494964
0.494964
0.494964
0.494964
0.494964
0.494964
0.494964
0.494964
0.494964
0.494964
0.494964
0.494964
0.494964
0.494964
0.494964
0.494964
0.494964
0.494964
0.494964
0.494964
0.494964
0.494964
0.494964
0.494964
0.494964
0.494964
0.494964
0.494964
0.494964
0.494964
0.494964
0.494964
0.494964
0.494964
0.494964
0.494964
0.494964
0.494964
0.494964
0.494964
0.494964
0.494964
0.494964
0.494964
0.494964
0.494964
0.494964
0.494964
0.494964
0.494964
0.494964
0.494964
0.494964
0.494964
0.494964
0.494964
0.494964
0.494964
0.494964
0.494964
0.494964
0.494964
0.494964
0.494964
0.494964
0.494964
0.494964
0.494964
0.494964
0.494964
0.494964
0.494964
0.494964
0.494964
0.494964
0.494964
0.494964
0.494964
0.494964
0.494964
0.494964
0.494964
0.494964
0.494964
0.494964
0.494964
0.494964
0.494964
0.494964
0.494964
0.494964
0.494964
0.494964
0.494964
0.494964
0.494964
0.494964
0.494964
0.494964
0.494964
0.494964
0.494964
0.494964
0.494964
0.494964
0.494964
0.494964
0.494964
0.494964
0.494964
0.494964
0.494964
0.494964
0.494964
0.494964
0.494964
0.494964
0.494964
0.494964
0.494964
0.494964
0.494964
0.494964
0.494964
0.494964
0.494964
0.494964
0.494964
0.494964
0.494964
0.494964
0.494964
0.494964
0.494964
0.494964
0.49452
0.494964
0.494964
0.494964
0.494964
0.494964
0.494964
0.494964
0.494964
0.494964
0.494964
0.494964
0.494964
0.494964
0.494964
0.494964
0.494964
0.494964
0.494964
0.494964
0.494964
0.494964
0.494964
0.494964
0.494964
0.494964
0.494964
0.494964
0.494964
0.494964
0.494964
0.494964
0.494964
0.494964
0.494964
0.494964
0.494964
0.494964
0.494964
0.494964
0.494964
0.494964
0.494964
0.494964
0.494964
0.494964
0.494964
0.494964
0.494964
0.494964
0.494964
0.494964
0.494964
0.494964
0.494964
0.494964
0.494964
0.494964
0.494964


0.0324482
0.0372008
0.0373206
0.0388882
0.0397262
0.0397262
0.0419829
0.0421081
0.0421081
0.043047
0.043047
0.0435154
0.043948
0.043948
0.044145
0.0443639
0.0444763
0.0444773
0.0446517
0.0449794
0.0450688
0.0455267
0.0459705
0.0462845
0.0464143
0.0464143
0.0464376
0.0464376
0.0465474
0.046632
0.0477945
0.0476926
0.0477529
0.0484379
0.0521769
0.0523305
0.0530593
0.0539842
0.0545502
0.054909
0.0549257
0.0551497
0.0558644
0.056319
0.057895
0.0597782
0.0633012
0.0642761
0.0676654
0.0676654
0.0677084
0.0684383
0.0697941
0.0723456
0.0794873
0.0814533
0.0855005
0.100849
0.100881
0.108061
0.110048
0.113949
0.12254
0.126915
0.144963
0.145783
0.148205
0.160113
0.170786
0.184806
0.194954
0.213033
0.217696
0.243216
0.243216
0.247063
0.247063
0.28338
0.284057
0.304925
0.331528
0.337135
0.338754
0.346352
0.359106
0.368034
0.389785
0.394873
0.400216
0.428192
0.434445
0.44901
0.471248
0.485345
0.489668
0.495105
0.508502
0.508502
0.519792
0.52077
0.545223
0.5641
0.566089
0.56848
0.572501
0.58001
0.581242
0.583936
0.597736
0.599215
0.60243
0.602824
0.603088
0.605488
0.607961
0.609154
0.609415
0.614116
0.615298
0.615576
0.617579
0.62714
0.627311
0.62751
0.628103
0.630214
0.63057
0.630624
0.630995
0.632347
0.63333
0.634123
0.634123
0.634931
0.635067
0.63554
0.635573
0.63583
0.636192
0.637572
0.637573
0.637823
0.637854
0.638799
0.638842
0.639952
0.640238
0.640238
0.640238
0.640459
0.640468
0.640705
0.640897
0.6409
0.640903
0.641078
0.641078
0.641119
0.641447
0.641449
0.641451
0.641461
0.641566
0.641566
0.641651
0.641651
0.641652
0.641717
0.64172
0.64172
0.641749
0.641756
0.641756
0.641782
0.641782
0.641807
0.641808
0.641845
0.641869
0.641931
0.641945
0.641964
0.642018
0.642018
0.642018
0.642018
0.642054
0.642054
0.642054
0.642054
0.642059
0.642061
0.642063
0.642068
0.642071
0.642076
0.642076
0.642077
0.642085
0.642085
0.642085
0.642086
0.642086
0.642089
0.642089
0.64209
0.642095
0.642095
0.642095
0.642098
0.642098
0.642098
0.642099
0.642099
0.642099
0.642099
0.642099
0.6421
0.6421
0.642101
0.642101
0.642101
0.642101
0.642101
0.642102
0.642102
0.642102
0.642103
0.642103
0.642103
0.642103
0.642103
0.642103
0.642103
0.642103
0.642103
0.642103
0.642103
0.642103
0.642103
0.642103
0.642103
0.642103
0.642103
0.642103
0.642103
0.642104
0.642104
0.642104
0.642104
0.642104
0.642104
0.642104
0.642104
0.642104
0.642104
0.642104
0.642104
0.642104
0.642104
0.642104
0.642104
0.642104
0.642104
0.642104
0.642104
0.642104
0.642104
0.642104
0.642104
0.642104
0.642104
0.642104
0.642104
0.642104
0.642104
0.642104
0.642104
0.642104
0.642104
0.642104
0.642104
0.642104
0.642104
0.642104
0.642104
0.642104
0.642104
0.642104
0.642104
0.642104
0.642104
0.642104
0.642104
0.642104
0.642104
0.642104
0.642104
0.642104
0.642104
0.642104
0.642104
0.642104
0.642104
0.642104
0.642104
0.642104
0.642104
0.642104
0.642104
0.642104
0.642104
0.642104
0.642104
0.642104
0.642104
0.642104
0.642104
0.642104
0.642104
0.642104
0.642104
0.642104
0.642104
0.642104
0.642104
0.642104
0.642104
0.642104
0.642104
0.642104
0.642104
0.642104
0.642104
0.642104
0.642104
0.642104
0.642104
0.642104
0.642104
0.642104
0.642104
0.642104
0.642104
0.642104
0.642104
0.642104
0.642104
0.642104
0.642104
0.642104
0.642104
0.642104
0.642104
0.642104
0.642104
0.642104
0.642104
0.642104
0.642104
0.642104
0.642104
0.642104
0.642104
0.642104
0.642104
0.642104
0.642104
0.642104
0.642104
0.642104
0.642104
0.642104
0.642104
0.642104
0.642104
0.642104
0.642104
0.642104
0.642104
0.642104
0.642104
0.642104
0.642104
0.642104
0.642104
0.642104
0.642104
0.642104
0.642104
0.642104
0.642104
0.642104
0.642104
0.642104
0.642104
0.642104
0.642104
0.642104
0.642104


0.0394819
0.0424347
0.0433449
0.0442244
0.0476853
0.0476853
0.0476853
0.0494031
0.0494031
0.0499429
0.0500075
0.0505429
0.0512865
0.0512865
0.0522262
0.0522262
0.0522869
0.0537241
0.053973
0.0545116
0.0546151
0.0548927
0.0549107
0.0549107
0.05535
0.0567104
0.0567104
0.0568726
0.0573729
0.0576016
0.0576016
0.0586994
0.0587551
0.0587587
0.0597318
0.0611122
0.0621383
0.0621896
0.0621896
0.0630325
0.0631519
0.0689538
0.0714774
0.0714774
0.0755517
0.0835754
0.0836762
0.0839909
0.0840383
0.0905739
0.0906435
0.0974262
0.0984224
0.0984447
0.107486
0.107521
0.107548
0.117162
0.124571
0.124571
0.124571
0.127807
0.141084
0.14111
0.148709
0.148728
0.148728
0.153791
0.153791
0.155375
0.155535
0.160129
0.167638
0.177771
0.177774
0.187354
0.187354
0.187399
0.209592
0.210091
0.21991
0.221007
0.221007
0.229603
0.229635
0.229635
0.235492
0.235611
0.243083
0.243083
0.246938
0.24694
0.252125
0.256853
0.257828
0.258039
0.258039
0.258062
0.258062
0.261976
0.26724
0.267579
0.269275
0.269275
0.270339
0.270339
0.270339
0.271138
0.271769
0.271959
0.272168
0.272363
0.272367
0.272452
0.272727
0.273253
0.273253
0.273437
0.273507
0.273507
0.27367
0.273858
0.274285
0.27443
0.274446
0.274476
0.274476
0.27477
0.27477
0.27482
0.274905
0.274956
0.274959
0.275017
0.275057
0.275095
0.275138
0.275138
0.275182
0.275182
0.275183
0.275257
0.275257
0.275316
0.275316
0.275324
0.275325
0.275326
0.275336
0.27535
0.275351
0.275367
0.275372
0.275379
0.275381
0.275381
0.275387
0.275393
0.2754
0.2754
0.275402
0.275401
0.275401
0.275404
0.275404
0.275406
0.275408
0.275408
0.275409
0.275409
0.27541
0.275411
0.275412
0.275412
0.275412
0.275413
0.275415
0.275415
0.275416
0.275417
0.280181
0.280181
0.280181
0.283635
0.283635
0.284483
0.285629
0.289215
0.289215
0.296246
0.299881
0.299883
0.299886
0.299887
0.299887
0.301199
0.302697
0.303698
0.3037
0.306401
0.306402
0.308267
0.311324
0.312673
0.315911
0.315911
0.318987
0.318988
0.318988
0.319284
0.319446
0.318763
0.320379
0.322171
0.324394
0.32519
0.32519
0.325842
0.325968
0.325968
0.327005
0.32828
0.32828
0.32828
0.32828
0.32828
0.328447
0.328699
0.328732
0.328732
0.328866
0.328962
0.32901
0.329337
0.329402
0.329402
0.329402
0.329471
0.329495
0.329595
0.329596
0.329596
0.329626
0.329667
0.329683
0.329683
0.32973
0.329741
0.329769
0.329796
0.329819
0.329806
0.329834
0.329834
0.329834
0.329843
0.329845
0.329852
0.329863
0.329863
0.329863
0.329869
0.329876
0.329883
0.329884
0.329884
0.329886
0.329889
0.329891
0.329891
0.329892
0.329893
0.329895
0.329895
0.329897
0.329898
0.3299
0.3299
0.329903
0.329903
0.329903
0.329904
0.329904
0.329904
0.329905
0.329906
0.329906
0.329906
0.329906
0.329906
0.329906
0.329906
0.329906
0.329907
0.329907
0.329907
0.329907
0.329907
0.329907
0.329907
0.329907
0.329907
0.329907
0.329907
0.329907
0.329907
0.329907
0.329907
0.329907
0.329907
0.329907
0.329907
0.329907
0.329907
0.329907
0.329907
0.329907
0.329907
0.329907
0.329907
0.329907
0.329907
0.329907
0.329907
0.329907
0.329907
0.329907
0.329907
0.329907
0.329907
0.329907
0.329907
0.329907
0.329907
0.329907
0.329907
0.329907
0.329907
0.329907
0.329907
0.329907
0.329907
0.329907
0.329907
0.329907
0.329907
0.329907
0.329907
0.329907
0.329907
0.329907
0.329907
0.329907
0.329907
0.329907
0.329907
0.329907
0.329907
0.329907
0.329907
0.329907
0.329907
0.329907
0.329907
0.329907
0.329907
0.329907
0.329907
0.329907
0.329907
0.329907
0.329907
0.329907
0.329907
0.329907
0.329907
0.329907
0.329907
0.329907
0.329907
0.329907
0.329907
0.329907
0.329907
0.329907
0.329907
0.329907
0.329907
0.329907
0.329907
0.329907
0.329907
0.329907
0.329907
0.329907
0.329907
0.329907
0.329907
0.329907
0.329907


0.0288334
0.0335135
0.0360489
0.0360489
0.0361242
0.0361242
0.0361242
0.0361242
0.0362916
0.0362916
0.0376726
0.0387707
0.0390069
0.0404556
0.0408782
0.0408782
0.0411012
0.0414156
0.0422419
0.0422419
0.0426578
0.0435101
0.0435116
0.0440618
0.0446956
0.0452376
0.0454412
0.0470078
0.0477733
0.0482849
0.0494305
0.0501795
0.0521595
0.0522573
0.0526633
0.0526633
0.0576794
0.0584304
0.0589504
0.0594303
0.0643173
0.066234
0.0691373
0.0802975
0.0802975
0.0832347
0.0832347
0.0850063
0.090136
0.0957686
0.114902
0.114937
0.115037
0.135089
0.135089
0.1351
0.149557
0.150526
0.159727
0.16476
0.16476
0.17517
0.17517
0.17517
0.181754
0.188037
0.190196
0.190217
0.190217
0.193864
0.200601
0.202019
0.203643
0.205508
0.207096
0.217601
0.225896
0.226011
0.226029
0.229368
0.22945
0.229749
0.230828
0.236127
0.236425
0.23851
0.242371
0.243735
0.244234
0.244234
0.244873
0.247006
0.247822
0.249398
0.25196
0.253121
0.253155
0.253155
0.253281
0.254121
0.255688
0.258788
0.258968
0.262715
0.262839
0.265022
0.27066
0.270835
0.277222
0.277328
0.277592
0.281172
0.290682
0.297251
0.309036
0.309123
0.309146
0.31663
0.320094
0.324794
0.353405
0.3664
0.366481
0.366481
0.366485
0.381217
0.394416
0.402701
0.402716
0.410252
0.431873
0.431878
0.436692
0.436705
0.451448
0.451448
0.451448
0.451454
0.478442
0.478442
0.490163
0.506157
0.514521
0.534156
0.534157
0.534157
0.534175
0.536386
0.536387
0.537616
0.537616
0.539042
0.539043
0.543228
0.548922
0.550883
0.550883
0.551933
0.551933
0.552359
0.559995
0.559995
0.560322
0.563932
0.56415
0.564866
0.564866
0.564866
0.569097
0.569097
0.569987
0.569759
0.571196
0.571196
0.572689
0.572689
0.572689
0.572991
0.572991
0.573122
0.574065
0.574065
0.574405
0.574405
0.574739
0.575467
0.575706
0.575706
0.575706
0.576425
0.576425
0.576485
0.576515
0.576604
0.576864
0.576864
0.576864
0.576879
0.577087
0.577396
0.577411
0.577337
0.577454
0.577454
0.577454
0.577479
0.577479
0.577508
0.577508
0.577529
0.577556
0.577556
0.577558
0.577558
0.577569
0.577579
0.57758
0.577613
0.577616
0.577651
0.577658
0.577658
0.577671
0.577671
0.577678
0.577678
0.577684
0.577687
0.577687
0.57769
0.577694
0.577697
0.577707
0.577707
0.577707
0.577712
0.577718
0.577718
0.577718
0.577719
0.577719
0.577721
0.577721
0.577721
0.577721
0.577722
0.577723
0.577723
0.577723
0.577725
0.577725
0.577725
0.577725
0.577725
0.577725
0.577726
0.577726
0.577726
0.577726
0.577726
0.577726
0.577726
0.577726
0.577726
0.577726
0.577726
0.577727
0.577727
0.577727
0.577727
0.577727
0.577727
0.577727
0.577727
0.577727
0.577727
0.577727
0.577727
0.577727
0.577727
0.577727
0.577727
0.577727
0.577727
0.577727
0.577727
0.577727
0.577727
0.577727
0.577727
0.577727
0.577727
0.577727
0.577727
0.577727
0.577727
0.577727
0.577727
0.577727
0.577727
0.577727
0.577727
0.577727
0.577727
0.577727
0.577727
0.577727
0.577727
0.577727
0.577727
0.577727
0.577727
0.577727
0.577727
0.577727
0.577727
0.577727
0.577727
0.577727
0.577727
0.577727
0.577727
0.577727
0.577727
0.577727
0.577727
0.577727
0.577727
0.577727
0.577727
0.577727
0.577727
0.577727
0.577727
0.577727
0.577727
0.577727
0.577727
0.577727
0.577727
0.577727
0.577727
0.577727
0.577727
0.577727
0.577727
0.577727
0.577727
0.577727
0.577727
0.577727
0.577727
0.577727
0.577727
0.577727
0.577727
0.577727
0.577727
0.577727
0.577727
0.577727
0.577727
0.577727
0.577727
0.577727
0.577727
0.577727
0.577727
0.577727
0.577727
0.577727
0.577727
0.577727
0.577727
0.577727
0.577727
0.577727
0.577727
0.577727
0.577727
0.577727
0.577727
0.577727
0.577727
0.577727
0.577727
0.577727
0.577727
0.577727
0.577727
0.577727
0.577727
0.577727
0.577727
0.577727
0.577727
0.577727
0.577727
0.577727
0.577727


