1150.25
1043.58
1017.98
1017.98
1000.76
952.147
923.145
897.044
897.044
862.842
849.095
819.02
791.681
788.041
779.522
772.926
750.732
717.706
698.398
672.461
662.373
651.199
610.269
609.967
586.427
508.594
505.686
487.249
458.869
441.428
431.136
344.051
332.704
317.118
292.623
292.604
275.088
270.733
237.076
234.341
213.474
201.867
183.593
165.153
161.394
160.703
143.234
135.826
131.617
119.062
119.062
108.914
106.106
102.822
92.1166
88.5009
88.2694
86.7746
85.4008
82.3733
77.3741
77.0841
76.203
74.9102
74.2873
73.6052
70.8789
69.8113
69.6989
68.8539
68.8539
67.0485
67.0485
67.0485
66.0556
66.0556
66.0556
64.8337
64.6154
64.4988
64.1153
63.8404
63.5874
63.4578
58.5355
58.5109
58.4938
57.0748
57.0467
56.9121
56.8167
56.6751
54.5379
54.5379
52.5914
51.6073
51.5964
51.1906
50.514
50.4051
50.3852
50.3809
49.8244
49.8244
49.4916
49.4578
49.2623
49.2509
49.2293
49.1331
48.9399
48.9399
48.804
48.804
48.8039
48.8017
48.6608
48.6258
48.6247
48.6225
48.59
48.4559
48.3456
48.3452
48.3438
48.2995
48.294
48.2797
48.2585
48.2175
48.1877
48.1738
48.1667
48.1666
48.1664
48.1663
48.1662
48.0974
48.0972
48.0972
48.0891
48.0673
48.0378
48.0319
48.0319
48.0319
48.0319
48.0212
48.0203
48.0168
48.0139
48.0138
48.0103
48.0103
48.0071
48.007
48.007
48.007
48.0065
48.0065
48.0051
48.0021
48.0014
47.994
47.9926
47.9926
47.9926
47.9926
47.9923
47.9914
47.9899
47.9861
47.986
47.986
47.9855
47.9855
47.9846
47.9846
47.9846
47.983
47.9829
47.9829
47.9818
47.9818
47.9818
47.9816
47.9816
47.9793
47.9793
47.9793
47.9788
47.9785
47.9785
47.9775
47.9775
47.9774
47.9774
47.9773
47.9773
47.9773
47.9772
47.9772
47.9771
47.9769
47.9768
47.9763
47.9763
47.9763
47.9763
47.9763
47.9763
47.9762
47.9762
47.9762
47.9761
47.9761
47.9761
47.9761
47.976
47.976
47.976
47.976
47.976
47.976
47.976
47.976
47.976
47.976
47.976
47.9759
47.9759
47.9759
47.9759
47.9759
47.9759
47.9759
47.9759
47.9759
47.9759
47.9759
47.9759
47.9759
47.9759
47.9759
47.9759
47.9759
47.9759
47.9759
47.9759
47.9759
47.9759
47.9759
47.9759
47.9759
47.9759
47.9759
47.9759
47.9759
47.9759
47.9759
47.9759
47.9759
47.9759
47.9759
47.9759
47.9759
47.9759
47.9759
47.9759
47.9759
47.9759
47.9759
47.9759
47.9759
47.9759
47.9759
47.9759
47.9759
47.9759
47.9759
47.9759
47.9759
47.9759
47.9759
47.9759
47.9759
47.9759
47.9759
47.9759
47.9759
47.9759
47.9759
47.9759
47.9759
47.9759
47.9759
47.9759
47.9759
47.9759
47.9759
47.9759
47.9759
47.9759
47.9759
47.9759
47.9759
47.9759
47.9759
47.9759
47.9759
47.9759
47.9759
47.9759
47.9759
47.9759
47.9759
47.9759
47.9759
47.9759
47.9759
47.9759
47.9759
47.9759
47.9759
47.9759
47.9759
47.9759
47.9759
47.9759
47.9759
47.9759
47.9759
47.9759
47.9759
47.9759
47.9759
47.9759
47.9759
47.9759
47.9759
47.9759
47.9759
47.9759
47.9759
47.9759
47.9759
47.9759
47.9759
47.9759
47.9759
47.9759
47.9759
47.9759
47.9759
47.9759
47.9759
47.9759
47.9759
47.9759
47.9759
47.9759
47.9759
47.9759
47.9759
47.9759
47.9759
47.9759
47.9759
47.9759
47.9759
47.9759
47.9759
47.9759
47.9759
47.9759
47.9759
47.9759
47.9759
47.9759
47.9759
47.9759
47.9759
47.9759
47.9759
47.9759
47.9759
47.9759
47.9759
47.9759
47.9759
47.9759
47.9759
47.9759
47.9759
47.9759
47.9759
47.9759
47.9759
47.9759
47.9759


1110.9
1036.49
1009.56
1009.56
909.833
876.683
876.683
836.361
836.361
797.192
797.192
765.776
765.776
747.628
739.086
719.651
719.651
675.472
671.663
654.709
653.991
655.765
639.577
622.623
602.501
589.55
583.063
577.487
554.923
545.034
533.153
516.549
516.549
516.549
472.151
446.581
445.422
422.679
417.908
413.34
409.238
408.833
407.659
406.919
404.372
400.607
399.978
398.116
397.728
395.914
395.914
392.433
391.93
388.453
386.874
386.725
386.725
385.381
385.092
384.345
383.994
383.889
383.563
382.676
382.676
381.83
381.483
381.407
377.962
376.899
376.899
376.884
374.388
373.731
371.881
370.271
370.236
370.236
370.217
370.143
369.791
369.952
369.512
369.335
369.335
369.31
369.303
369.229
369.204
369.204
369.204
369.022
369.002
368.904
368.896
368.896
368.854
368.839
368.813
368.794
368.782
368.721
368.719
368.719
368.711
368.695
368.692
368.667
368.667
368.666
368.62
368.601
368.598
368.578
368.576
368.521
368.521
368.52
368.518
368.518
368.517
368.517
368.517
368.517
368.513
368.51
368.507
368.506
368.506
368.493
368.491
368.496
368.487
368.481
368.481
368.481
368.481
368.481
368.477
368.477
368.476
368.295
368.052
368.051
368.051
366.452
366.189
365.848
365.824
365.569
365.56
365.56
365.527
365.209
364.892
364.772
364.772
364.764
364.626
364.582
364.525
364.348
364.346
364.326
364.317
364.161
364.152
364.117
364.098
364.068
364.001
363.915
363.849
363.849
363.798
363.798
363.788
363.775
363.775
363.757
363.753
363.753
363.749
363.744
363.744
363.744
363.73
363.73
363.73
363.711
363.71
363.71
363.71
363.709
363.709
363.706
363.703
363.703
363.697
363.697
363.696
363.697
363.692
363.689
363.689
363.688
363.688
363.688
363.686
363.686
363.685
363.685
363.685
363.684
363.684
363.684
363.684
363.683
363.682
363.682
363.682
363.682
363.681
363.681
363.681
363.68
363.68
363.68
363.679
363.679
363.679
362.466
358.64
358.64
358.467
353.028
352.539
349.17
349.17
349.17
344.053
344.053
344.053
337.937
337.937
332.667
325.038
323.036
323.036
323.036
320.187
317.796
317.119
314.543
314.543
313.232
301.322
292.039
275.216
268.716
264.535
251.37
250.523
241.849
218.956
213.953
213.953
209.588
200.186
195.588
193.592
182.983
178.745
178.745
177.137
176.529
167.317
164.729
154.872
154.872
154.872
154.872
151.81
151.277
150.445
150.445
145.724
143.561
141.56
138.407
136.761
128.805
125.751
119.864
118.521
118.521
117.216
117.216
116.229
113.864
113.408
113.211
107.926
107.926
107.926
107.926
106.463
106.463
104.158
103.383
103.19
103.169
102.982
102.907
102.346
94.7009
94.7009
94.7009
93.9343
92.5027
92.0837
92.5205
92.5205
91.2737
91.1565
91.1565
91.0005
90.9446
90.7742
90.3047
88.3693
88.0618
88.0618
88.0528
88.0528
87.709
87.709
87.5689
87.5587
87.5587
87.4995
87.4699
87.435
87.3872
87.3268
87.3268
87.3117
87.3117
87.2922
87.2378
87.2232
87.2187
87.1503
87.1082
86.9298
86.9067
86.8938
86.4155
86.2952
86.2715
86.2715
85.9661
85.6242
85.6242
85.6242
85.6242
85.5922
85.5838
85.5838
85.5639
85.5625
85.4923
85.4753
85.4651
85.4651
85.4648
85.4648
85.4615
85.4615
85.459
85.4572
85.4598
85.443
85.4352
85.4233
85.4218
85.4163
85.4152
85.4074
85.406
85.4034
85.3984
85.373
85.3685
85.3621
85.3621
85.3621
85.3594
85.3432
85.3419


1131.07
1072.23
1037.71
959.882
950.553
928.007
916.699
911.642
871.502
859.732
835.263
823.584
814.268
813.954
807.348
783.019
780.092
770.21
756.57
719.039
688.895
668.074
625.239
623.119
606.503
589.568
589.568
563.132
544.817
511.096
406.756
429.852
404.082
400.834
399.381
362.95
348.576
312.722
296.342
272.408
242.949
242.949
225.617
208.245
203.149
176.619
162.082
151.115
139.725
135.454
127.036
100.339
100.339
86.8007
86.8007
82.9646
72.822
70.9101
64.1712
63.1063
61.1911
58.7847
57.6376
56.086
56.086
53.8112
52.8976
52.4794
50.9218
50.9218
49.7618
49.645
49.4573
48.9823
48.1282
48.1082
47.9038
47.8531
47.2408
47.2408
47.0723
47.0046
47.0046
46.9164
46.8292
46.7878
46.6785
46.6661
46.616
46.4244
46.3687
46.3294
46.2882
46.2856
46.2367
46.2025
46.1664
46.1607
46.1398
46.1272
46.1188
46.1033
46.0903
46.075
46.0733
46.0675
46.0634
46.0616
46.0577
46.0509
46.045
46.0472
46.0398
46.0338
46.0302
46.0275
46.0255
46.024
46.0229
46.0213
46.0189
46.0184
46.0182
46.018
46.0178
46.0154
46.0148
46.0147
46.0145
46.0142
46.013
46.0125
46.0124
46.0122
46.0121
46.0119
46.0114
46.0111
46.011
46.011
46.0108
46.0106
46.0106
46.0105
46.0105
46.0104
46.0104
46.0104
46.0103
46.0103
46.0103
46.0102
46.0101
46.0101
46.0101
46.0101
46.0101
46.0101
46.01
46.01
46.01
46.01
46.01
46.01
46.01
46.01
46.01
46.01
46.01
46.0099
46.0099
46.0099
46.0099
46.0099
46.0099
46.0099
46.0099
46.0099
46.0099
46.0099
46.0099
46.0099
46.0099
46.0099
46.0099
46.0099
46.0099
46.0099
46.0099
46.0099
46.0099
46.0099
46.0099
46.0099
46.0099
46.0099
46.0099
46.0099
46.0099
46.0099
46.0099
46.0099
46.0099
46.0099
46.0099
46.0099
46.0099
46.0099
46.0099
46.0099
46.0099
46.0099
46.0099
46.0099
46.0099
46.0099
46.0099
46.0099
46.0099
46.0099
46.0099
46.0099
46.0099
46.0099
46.0099
46.0099
46.0099
46.0099
46.0099
46.0099
46.0099
46.0099
46.0099
46.0099
46.0099
46.0099
46.0099
46.0099
46.0099
46.0099
46.0099
46.0099
46.0099
46.0099
46.0099
46.0099
46.0099
46.0099
46.0099
46.0099
46.0099
46.0099
46.0099
46.0099
46.0099
46.0099
46.0099
46.0099
46.0099
46.0099
46.0099
46.0099
46.0099
46.0099
46.0099
46.0099
46.0099
46.0099
46.0099
46.0099
46.0099
46.0099
46.0099
46.0099
46.0099
46.0099
46.0099
46.0099
46.0099
46.0099
46.0099
46.0099
46.0099
46.0099
46.0099
46.0099
46.0099
46.0099
46.0099
46.0099
46.0099
46.0099
46.0099
46.0099
46.0099
46.0099
46.0099
46.0099
46.0099
46.0099
46.0099
46.0099
46.0099
46.0099
46.0099
46.0099
46.0099
46.0099
46.0099
46.0099
46.0099
46.0099
46.0099
46.0099
46.0099
46.0099
46.0099
46.0099
46.0099
46.0099
46.0099
46.0099
46.0099
46.0099
46.0099
46.0099
46.0099
46.0099
46.0099
46.0099
46.0099
46.0099
46.0099
46.0099
46.0099
46.0099
46.0099
46.0099
46.0099
46.0099
46.0099
46.0099
46.0099
46.0099
46.0099
46.0099
46.0099
46.0099
46.0099
46.0099
46.0099
46.0099
46.0099
46.0099
46.0099
46.0099
46.0099
46.0099
46.0099
46.0099
46.0099
46.0099
46.0099
46.0099
46.0099
46.0099
46.0099
46.0099
46.0099
46.0099
46.0099
46.0099
46.0099
46.0099
46.0099
46.0099
46.0099
46.0099
46.0099
46.0099
46.0099
46.0099
46.0099
46.0099
46.0099
46.0099
46.0099
46.0099
46.0099
46.0099
46.0099
46.0099
46.0099
46.0099
46.0099
46.0099
46.0099
46.0099
46.0099
46.0099


1257.43
1172.09
1172.09
1117.69
1102.16
1041.37
1014.82
1012.06
1006.04
950.349
940.901
906.394
892.586
858.273
854.889
812.249
812.249
812.23
812.23
812.23
762.001
765.594
727.549
727.549
718.325
718.325
718.325
692.825
675.094
663.691
660.3
620.596
601.254
565.309
486.495
486.495
468.846
466.377
466.377
456.633
456.633
455.952
455.952
450.044
449.876
445.967
433.199
424.677
404.569
398.849
398.849
393.273
376.896
354.032
354.032
353.128
350.502
348.749
328.432
328.432
316.405
297.872
281.41
264.565
264.298
262.008
261.994
261.584
240.766
225.69
197.498
204.825
192.86
189.563
186.867
186.735
165.666
160.31
154.621
152.185
152.185
135.64
135.589
135.548
135.548
135.418
135.282
132.456
130.49
130.128
129.799
118.967
118.815
111.275
110.588
106.08
102.6
95.5464
95.2732
95.2728
94.5686
94.3389
91.7741
91.7536
90.7085
87.2028
87.1919
87.1919
87.1919
80.03
80.03
78.0678
76.9218
76.9202
76.6813
75.893
75.131
75.1286
74.4034
74.4034
74.2103
74.4759
74.4681
74.0599
74.0599
72.2553
72.1185
72.1179
71.6798
71.6628
71.6628
71.6585
71.5162
71.112
71.0449
70.9491
70.9009
70.7671
70.7217
70.474
70.4739
70.4739
70.1547
70.1546
69.9077
69.8468
69.8173
69.7476
69.7475
69.7475
69.7164
69.7163
69.6002
69.6002
69.6001
69.5896
69.5896
69.5737
69.5737
69.4908
69.4167
69.4336
69.4336
69.3897
69.3872
69.3872
69.3365
69.3344
69.3344
69.3234
69.3118
69.3111
69.3111
69.3111
69.3105
69.3093
69.2937
69.2917
69.2916
69.2887
69.2885
69.2885
69.2853
69.2853
69.2806
69.2769
69.2769
69.2769
69.2728
69.2728
69.2718
69.2715
69.2715
69.2704
69.2704
69.2681
69.2681
69.2681
69.2679
69.2679
69.2676
69.2676
69.2658
69.2658
69.2657
69.2656
69.2654
69.2654
69.2647
69.2643
69.2643
69.2645
69.2644
69.264
69.264
69.264
69.264
69.2638
69.2634
69.2634
69.2633
69.2632
69.263
69.263
69.263
69.2629
69.2628
69.2628
69.2628
69.2628
69.2627
69.2626
69.2625
69.2625
69.2625
69.2625
69.2625
69.2625
69.2625
69.2625
69.2625
69.2625
69.2625
69.2625
69.2625
69.2625
69.2625
69.2624
69.2624
69.2624
69.2624
69.2624
69.2624
69.2624
69.2624
69.2624
69.2624
69.2624
69.2624
69.2624
69.2624
69.2624
69.2624
69.2624
69.2624
69.2624
69.2624
69.2624
69.2624
69.2624
69.2624
69.2624
69.2624
69.2624
69.2624
69.2624
69.2624
69.2624
69.2624
69.2624
69.2624
69.2624
69.2624
69.2624
69.2624
69.2624
69.2624
69.2624
69.2624
69.2624
69.2624
69.2624
69.2624
69.2624
69.2624
69.2624
69.2624
69.2624
69.2624
69.2624
69.2624
69.2624
69.2624
69.2624
69.2624
69.2624
69.2624
69.2624
69.2624
69.2624
69.2624
69.2624
69.2624
69.2624
69.2624
69.2624
69.2624
69.2624
69.2624
69.2624
69.2624
69.2624
69.2624
69.2624
69.2624
69.2624
69.2624
69.2624
69.2624
69.2624
69.2624
69.2624
69.2624
69.2624
69.2624
69.2624
69.2624
69.2624
69.2624
69.2624
69.2624
69.2624
69.2624
69.2624
69.2624
69.2624
69.2624
69.2624
69.2624
69.2624
69.2624
69.2624
69.2624
69.2624
69.2624
69.2624
69.2624
69.2624
69.2624
69.2624
69.2624
69.2624
69.2624
69.2624
69.2624
69.2624
69.2624
69.2624
69.2624
69.2624
69.2624
69.2624
69.2624
69.2624
69.2624
69.2624
69.2624
69.2624
69.2624
69.2624
69.2624
69.2624
69.2624
69.2624
69.2624
69.2624
69.2624
69.2624
69.2624
69.2624
69.2624
69.2624
69.2624
69.2624
69.2624
69.2624
69.2624
69.2624
69.2624
69.2624


1151.2
1098.76
1004.61
988.48
988.48
979.307
951.697
951.697
922.543
916.74
866.816
886.674
882.013
864.064
859.291
835.068
835.068
815.336
787.441
760.81
748.051
724.931
710.461
695.786
695.786
687.12
671.562
671.464
625.831
611.914
592.228
583.506
576.127
546.611
536.582
529.926
489.884
487.42
441.988
403.535
382.798
398.356
361.51
313.032
311.13
263.243
257.52
236.933
236.287
208.626
184.284
186.491
149.546
143.855
134.599
125.318
117.221
116.898
107.505
105.723
90.3163
95.8276
87.6086
82.2845
75.5952
71.909
71.6291
67.3359
67.3063
62.9339
60.8429
58.3313
57.6801
54.4281
53.7767
52.999
49.9684
48.896
46.5735
46.2228
44.9246
44.9246
44.6747
43.4798
43.4798
41.3329
41.1378
40.9626
40.3462
40.1692
40.1356
39.8047
39.8047
39.6539
39.5233
39.5233
39.498
39.0969
38.8272
38.7923
38.734
38.5781
38.47
38.3904
38.175
38.1045
38.007
37.8703
37.6927
37.6866
37.6227
37.6068
37.5704
37.5558
37.5336
37.4956
37.4909
37.4803
37.4684
37.451
37.4267
37.4248
37.4067
37.4064
37.3981
37.3852
37.3821
37.379
37.3769
37.3667
37.3594
37.3569
37.3569
37.3528
37.3524
37.3511
37.3478
37.3463
37.3449
37.3435
37.3419
37.3418
37.3405
37.3385
37.3378
37.3368
37.3364
37.3357
37.3357
37.3351
37.3343
37.3342
37.3334
37.3327
37.3321
37.3319
37.3317
37.3315
37.3312
37.3311
37.331
37.3308
37.3307
37.3304
37.3302
37.3301
37.3301
37.33
37.3299
37.3299
37.3299
37.3298
37.3297
37.3297
37.3297
37.3297
37.3297
37.3297
37.3296
37.3296
37.3296
37.3296
37.3296
37.3296
37.3296
37.3296
37.3296
37.3296
37.3296
37.3296
37.3296
37.3296
37.3295
37.3295
37.3295
37.3295
37.3295
37.3295
37.3295
37.3295
37.3295
37.3295
37.3295
37.3295
37.3295
37.3295
37.3295
37.3295
37.3295
37.3295
37.3295
37.3295
37.3295
37.3295
37.3295
37.3295
37.3295
37.3295
37.3295
37.3295
37.3295
37.3295
37.3295
37.3295
37.3295
37.3295
37.3295
37.3295
37.3295
37.3295
37.3295
37.3295
37.3295
37.3295
37.3295
37.3295
37.3295
37.3295
37.3295
37.3295
37.3295
37.3295
37.3295
37.3295
37.3295
37.3295
37.3295
37.3295
37.3295
37.3295
37.3295
37.3295
37.3295
37.3295
37.3295
37.3295
37.3295
37.3295
37.3295
37.3295
37.3295
37.3295
37.3295
37.3295
37.3295
37.3295
37.3295
37.3295
37.3295
37.3295
37.3295
37.3295
37.3295
37.3295
37.3295
37.3295
37.3295
37.3295
37.3295
37.3295
37.3295
37.3295
37.3295
37.3295
37.3295
37.3295
37.3295
37.3295
37.3295
37.3295
37.3295
37.3295
37.3295
37.3295
37.3295
37.3295
37.3295
37.3295
37.3295
37.3295
37.3295
37.3295
37.3295
37.3295
37.3295
37.3295
37.3295
37.3295
37.3295
37.3295
37.3295
37.3295
37.3295
37.3295
37.3295
37.3295
37.3295
37.3295
37.3295
37.3295
37.3295
37.3295
37.3295
37.3295
37.3295
37.3295
37.3295
37.3295
37.3295
37.3295
37.3295
37.3295
37.3295
37.3295
37.3295
37.3295
37.3295
37.3295
37.3295
37.3295
37.3295
37.3295
37.3295
37.3295
37.3295
37.3295
37.3295
37.3295
37.3295
37.3295
37.3295
37.3295
37.3295
37.3295
37.3295
37.3295
37.3295
37.3295
37.3295
37.3295
37.3295
37.3295
37.3295
37.3295
37.3295
37.3295
37.3295
37.3295
37.3295
37.3295
37.3295
37.3295
37.3295
37.3295
37.3295
37.3295
37.3295
37.3295
37.3295
37.3295
37.3295
37.3295
37.3295
37.3295
37.3295
37.3295
37.3295
37.3295
37.3295
37.3295
37.3295
37.3295
37.3295
37.3295
37.3295
37.3295
37.3295
37.3295
37.3295
37.3295


1177.58
1128.05
1015.42
992.209
992.209
978.848
971.879
957.743
916.901
916.901
909.407
884.817
881.138
869.046
869.046
864.596
844.514
841.313
823.554
801.332
787.758
778.508
759.555
755.688
748.213
741.633
731.632
670.641
670.641
636.58
615.41
603.204
592.227
547.933
475.812
475.812
468.163
456.3
420.083
398.547
382.077
346.821
327.91
318.927
303.757
293.731
268.465
266.601
246.185
244.682
217.522
188.614
186.934
172.915
141.085
141.085
138.981
138.601
132.963
132.036
121.16
108.75
106.425
97.6132
92.4635
89.9116
85.8011
83.9303
81.6677
75.7139
74.8552
72.5043
71.8834
71.8834
70.4783
68.5543
68.4001
66.7063
64.9853
64.9853
64.4048
63.3993
63.2706
63.2184
63.1054
62.8525
62.5271
62.0799
62.0304
61.7714
61.7714
61.3899
61.3043
61.1139
61.0074
60.8295
60.7978
60.5677
60.5653
60.5653
60.4045
60.4007
60.3691
60.1662
60.0737
60.0687
60.0687
60.0523
60.0484
59.9914
59.9868
59.9704
59.9382
59.9204
59.8844
59.8844
59.8691
59.8545
59.8538
59.8376
59.828
59.8286
59.8187
59.8061
59.8035
59.8012
59.8002
59.78
59.7798
59.7793
59.7785
59.7761
59.7747
59.7747
59.7731
59.7727
59.7708
59.7704
59.7703
59.7688
59.7683
59.768
59.7674
59.7674
59.7674
59.7655
59.7645
59.7643
59.7642
59.7642
59.764
59.7638
59.7638
59.7635
59.7635
59.7633
59.7631
59.7631
59.7629
59.7629
59.7628
59.7628
59.7627
59.7627
59.7626
59.7625
59.7625
59.7625
59.7625
59.7625
59.7625
59.7625
59.7625
59.7624
59.7624
59.7624
59.7624
59.7624
59.7624
59.7624
59.7624
59.7624
59.7624
59.7624
59.7623
59.7623
59.7623
59.7623
59.7623
59.7623
59.7623
59.7623
59.7623
59.7623
59.7623
59.7623
59.7623
59.7623
59.7623
59.7623
59.7623
59.7623
59.7623
59.7623
59.7623
59.7623
59.7623
59.7623
59.7623
59.7623
59.7623
59.7623
59.7623
59.7623
59.7623
59.7623
59.7623
59.7623
59.7623
59.7623
59.7623
59.7623
59.7623
59.7623
59.7623
59.7623
59.7623
59.7623
59.7623
59.7623
59.7623
59.7623
59.7623
59.7623
59.7623
59.7623
59.7623
59.7623
59.7623
59.7623
59.7623
59.7623
59.7623
59.7623
59.7623
59.7623
59.7623
59.7623
59.7623
59.7623
59.7623
59.7623
59.7623
59.7623
59.7623
59.7623
59.7623
59.7623
59.7623
59.7623
59.7623
59.7623
59.7623
59.7623
59.7623
59.7623
59.7623
59.7623
59.7623
59.7623
59.7623
59.7623
59.7623
59.7623
59.7623
59.7623
59.7623
59.7623
59.7623
59.7623
59.7623
59.7623
59.7623
59.7623
59.7623
59.7623
59.7623
59.7623
59.7623
59.7623
59.7623
59.7623
59.7623
59.7623
59.7623
59.7623
59.7623
59.7623
59.7623
59.7623
59.7623
59.7623
59.7623
59.7623
59.7623
59.7623
59.7623
59.7623
59.7623
59.7623
59.7623
59.7623
59.7623
59.7623
59.7623
59.7623
59.7623
59.7623
59.7623
59.7623
59.7623
59.7623
59.7623
59.7623
59.7623
59.7623
59.7623
59.7623
59.7623
59.7623
59.7623
59.7624
59.7623
59.7623
59.7623
59.7623
59.7623
59.7623
59.7623
59.7623
59.7623
59.7623
59.7623
59.7623
59.7623
59.7623
59.7623
59.7623
59.7623
59.7623
59.7623
59.7623
59.7623
59.7623
59.7623
59.7623
59.7623
59.7623
59.7623
59.7623
59.7623
59.7623
59.7623
59.7623
59.7623
59.7623
59.7623
59.7623
59.7623
59.7623
59.7623
59.7623
59.7623
59.7623
59.7623
59.7623
59.7623
59.7623
59.7623
59.7623
59.7623
59.7623
59.7623
59.7623
59.7623
59.7623
59.7623
59.7623
59.7623
59.7623
59.7623
59.7623
59.7623
59.7623
59.7623
59.7623
59.7623
59.7623
59.7623
59.7623


1152.33
1079.75
976.823
972.328
965.335
941.743
900.484
892.74
890.636
880.875
880.875
872.647
871.698
871.698
870.313
849.686
842.877
842.877
838.678
828.823
816.364
814.023
812.792
805.381
805.381
795.508
789.306
789.306
785.582
773.845
773.845
769.896
763.805
758.28
758.046
754.854
754.178
738.059
732.526
708.325
708.325
696.541
696.364
680.565
680.436
679.371
656.188
650.398
610.787
610.756
605.935
574.913
539.563
539.366
514.191
514.102
514.065
513.617
512.73
484.169
480.34
478.184
478.184
470.887
470.852
457.204
457.204
456.049
443.148
438.199
438.199
438.199
438.199
429.384
429.169
427.617
425.889
425.448
423.101
422.505
421.252
421.148
419.747
419.747
419.178
419.142
417.503
417.38
416.799
415.844
415.844
415.556
415.33
414.912
413.581
413.581
413.57
413.57
412.438
412.397
412.237
412.237
411.834
411.785
411.74
411.593
411.593
411.593
411.516
411.168
410.763
411.078
410.805
410.591
410.308
410.308
410.146
409.818
409.327
409.222
409.062
409.05
409.035
408.957
408.955
408.639
408.398
408.299
408.239
408.197
408.16
408.148
408.142
408.091
407.552
407.451
407.451
407.397
407.387
407.375
405.097
403.149
403.127
403.123
403.08
398.323
398.294
396.861
396.861
396.861
394.229
388.639
388.639
388.627
383.849
378.531
374.841
362.7
360.417
360.417
350.696
339.662
321.466
317.717
261.86
261.86
261.858
261.858
240.439
230.725
230.725
230.725
228.896
228.896
221.811
218.196
218.196
215.749
215.749
215.041
215.041
215.177
215.177
215.177
190.716
190.716
190.715
190.715
190.715
190.715
190.715
190.714
190.714
173.407
173.407
168.13
158.951
158.951
155.215
155.215
149.9
149.9
149.9
149.9
148.207
148.207
141.975
141.975
141.975
141.975
140.195
148.22
142.408
139.539
139.539
139.539
139.539
139.383
139.383
138.591
135.945
132.569
132.569
132.425
132.425
130.823
130.385
130.378
125.782
121.596
120.498
119.345
119.242
113.059
113.059
111.518
111.518
111.518
106.359
103.363
103.363
100.06
99.9288
95.1577
95.1577
91.3939
84.9021
83.6916
83.6916
83.6916
83.6916
84.4624
82.6049
82.6049
82.6049
82.1759
82.1759
81.8167
81.759
81.1728
78.2279
78.2279
78.2279
75.2673
75.2673
75.1549
75.1549
75.0295
75.0295
75.0295
74.6662
74.5939
74.5939
74.4909
74.485
74.3571
74.272
74.1584
74.1584
74.1077
74.0146
74.098
74.0835
73.6642
73.6642
73.6642
73.5989
73.2613
72.7253
72.7253
72.7253
72.8646
72.8098
72.7561
72.5137
72.5137
72.5005
72.5005
72.4948
72.4948
72.461
72.4454
72.4454
72.4239
72.3643
72.3643
72.3602
72.2015
72.2015
72.1312
72.1312
72.0849
72.0849
72.0493
72.0493
72.0215
72.0215
71.8185
71.8185
71.6623
71.5844
71.5048
71.501
71.4665
71.4041
71.3978
71.3978
71.3614
71.3614
71.3614
71.3614
71.2925
71.2925
71.264
71.235
71.235
71.235
71.2297
71.2171
71.2171
71.1923
71.1704
71.1704
71.1692
71.1544
71.1544
71.1517
71.1445
71.1445
71.1445
71.143
71.1466
71.1374
71.1348
71.1199
71.1094
71.1034
71.1028
71.095
71.095
71.095
71.0858
71.0858
71.0816
71.0816
71.0609
71.0609
71.0544
71.0402
71.0386
71.0231
71.0403
71.0255
71.021
71.021
71.021
71.0205
71.0135
71.0135
71.0135
70.9971
70.9951
70.9951
70.9944
70.9875
70.9817
70.9806
70.9805
70.9805
70.9805
70.9805
70.9803
70.9803
70.9767
70.9767
70.9714
70.9688
70.9688
70.9676
70.967


1156.8
1121.03
1084.23
1042.12
1034.85
988.033
985.789
985.789
964.42
938.846
927.247
924.565
908.457
904.417
894.435
879.186
877.593
863.767
855.232
833.027
824.474
824.75
807.342
789.028
787.24
781.873
771.339
771.339
728.952
728.952
674.022
668.792
649.042
647.111
602.955
585.222
585.222
551.964
451.483
446.753
443.09
436.22
359.898
339.482
322.245
315.54
292.454
243.057
209.303
192.472
177.604
175.282
162.318
162.318
159.241
145.405
141.094
141.094
120.954
120.363
117.733
114.128
108.017
106.039
103.346
102.783
94.7456
93.9537
92.807
92.1555
90.7859
90.0609
89.7489
87.7116
87.7116
85.3385
85.3385
84.4751
84.3039
84.1012
83.8006
83.6208
83.1392
83.084
82.9214
82.6632
82.6461
82.5955
82.3121
81.9716
81.9179
81.6515
81.5811
81.5811
81.5188
81.4254
81.2511
81.2476
81.2476
81.2313
81.215
81.1697
81.1503
81.0978
81.0978
81.0977
81.0607
81.0517
81.0348
81.0311
81.0075
81.0043
81.0043
80.9989
80.9959
80.9858
80.9853
80.9752
80.974
80.9729
80.9702
80.9693
80.9687
80.9636
80.9592
80.9588
80.957
80.957
80.957
80.9561
80.9553
80.9552
80.9544
80.9543
80.9541
80.9535
80.9531
80.9524
80.9523
80.9519
80.9512
80.9512
80.9512
80.9511
80.9508
80.9505
80.9502
80.9502
80.9501
80.95
80.9499
80.9499
80.9498
80.9498
80.9498
80.9498
80.9498
80.9497
80.9497
80.9496
80.9496
80.9496
80.9495
80.9495
80.9495
80.9495
80.9495
80.9495
80.9495
80.9495
80.9495
80.9495
80.9495
80.9495
80.9495
80.9495
80.9495
80.9495
80.9494
80.9494
80.9494
80.9494
80.9494
80.9494
80.9494
80.9494
80.9494
80.9494
80.9494
80.9494
80.9494
80.9494
80.9494
80.9494
80.9494
80.9494
80.9494
80.9494
80.9494
80.9494
80.9494
79.1318
79.1318
79.1318
79.1318
79.1318
78.9475
78.3364
78.3364
78.216
78.1092
73.2278
72.7913
72.7913
70.6926
70.262
70.2424
70.2424
68.9
68.7073
68.6732
68.3873
67.8537
67.586
67.586
67.586
67.5084
67.1708
66.8669
66.8669
66.699
66.8418
66.8159
66.4553
66.4502
66.4502
66.4502
66.3246
66.3246
66.3246
66.2204
66.2154
66.2118
66.1847
66.1847
66.1847
66.1016
66.1016
66.1016
66.1016
66.0656
66.0656
66.0656
66.0434
66.0434
65.9921
65.9906
65.9906
65.9895
65.9885
65.9874
65.9553
65.9543
65.9494
65.9408
65.9408
65.9408
65.9319
65.9298
65.9298
65.9259
65.9262
65.9245
65.9222
65.9214
65.9176
65.9176
65.9144
65.91
65.9098
65.9098
65.9094
65.909
65.908
65.908
65.9072
65.9064
65.9064
65.9062
65.9061
65.9057
65.9049
65.9049
65.9049
65.9048
65.9044
65.9044
65.9044
65.9038
65.9038
65.9038
65.9037
65.9037
65.9036
65.9034
65.9034
65.9034
65.9034
65.9034
65.9033
65.9033
65.9033
65.9033
65.9033
65.9033
65.9033
65.9033
65.9033
65.9032
65.9032
65.9032
65.9032
65.9032
65.9032
65.9032
65.9032
65.9032
65.9032
65.9032
65.9032
65.9032
65.9032
65.9032
65.9032
65.9032
65.9032
65.9032
65.9032
65.9032
65.9032
65.9032
66.0548
65.9032
65.9032
65.9032
65.9032
65.9032
65.9032
65.9032
65.9032
65.9032
65.9032
65.9032
65.9032
65.9032
65.9032
65.9032
65.9032
65.9032
65.9032
65.9032
65.9032
65.9032
65.9032
65.9032
65.9032
65.9032
65.9032
65.9032
65.9032
65.9032
65.9032
65.9032
65.9032
65.9032
65.9032
65.9032
65.9032
65.9032
65.9032
65.9032
65.9032
65.9032
65.9032
65.9032
65.9032
65.9032
65.9032
65.9032
65.9032
65.9032
65.9032
65.9032
65.9032
65.9032
65.9032
65.9032
65.9032
65.9032
65.9032


1138.02
1004.46
1004.46
962.923
925.801
921.735
906.95
901.269
892.839
864.05
851.344
848.272
833.209
819.085
811.749
801.06
788.352
778.725
778.725
771.791
764.051
757.221
749.586
717.026
687.324
686.822
657.901
657.901
618.344
618.344
614.211
602.134
591.161
574.889
572.953
570.74
557.78
543.543
517.23
502.302
502.302
498.177
481.627
480.251
480.059
472.63
465.284
461.813
461.185
450.648
450.648
441.52
437.081
436.603
419.978
415.895
415.895
415.895
412.356
412.356
409.422
392.408
390.821
382.309
381.856
381.856
374.844
374.634
365.533
364.17
363.699
354.991
354.972
354.736
354.528
349.457
345.027
338.169
331.781
312.896
298.137
279.597
231.501
231.37
209.208
185.5
185.5
185.5
184.345
184.301
144.374
128.609
128.609
128.598
126.481
124.653
121.091
108.261
105.834
101.496
96.3679
95.3699
95.3604
81.9099
81.9032
81.9032
80.7884
78.1967
72.6334
70.8441
70.5548
66.4001
66.4001
66.1794
66.1794
66.1765
64.0697
62.6335
62.5498
60.2297
60.2282
60.41
58.7491
58.2191
58.2185
58.2176
57.9251
57.6079
57.6079
57.22
56.7598
56.7586
56.7586
56.5944
56.5939
56.0569
55.8587
55.6759
55.5711
55.4933
55.3281
55.2494
55.1225
55.1224
55.1222
55.096
55.0417
55.0417
55.0403
55.0092
55.0091
55.041
54.9813
54.9813
54.9379
54.9379
54.9379
54.9082
54.8961
54.896
54.8846
54.8865
54.8691
54.8691
54.8553
54.8551
54.8475
54.8442
54.8364
54.8364
54.8364
54.8305
54.8305
54.8158
54.8157
54.8071
54.8057
54.8057
54.7983
53.6362
53.6362
52.9928
52.7572
49.4268
48.1425
44.8491
44.6804
44.6804
43.7079
42.6298
42.6298
42.6298
42.5929
42.5929
41.5355
41.5355
41.5355
41.5355
41.4709
41.1967
40.7578
39.7447
39.7447
39.417
39.417
39.0528
38.8562
38.68
38.68
38.68
38.6336
38.3649
38.1993
38.0669
38.0151
38.0035
37.7363
37.5807
37.39
37.2515
37.1627
37.1251
37.1251
37.0978
37.0978
37.0978
37.0505
37.0505
36.9166
36.7968
36.7968
36.8134
36.6825
36.6435
36.5984
36.5724
36.5724
36.4976
36.4729
36.4729
36.3684
36.3684
36.3684
36.3474
36.3474
36.3342
36.3342
36.3342
36.3311
36.3255
36.3233
36.3155
36.3155
36.298
36.2933
36.2933
36.2933
36.2922
36.286
36.286
36.286
36.2858
36.2858
36.2837
36.281
36.281
36.2792
36.2771
36.2771
36.2766
36.2757
36.2765
36.275
36.2742
36.2742
36.2739
36.2735
36.2734
36.2733
36.273
36.273
36.273
36.2728
36.2726
36.2722
36.2722
36.2722
36.2722
36.2718
36.2718
36.2717
36.2717
36.2717
36.2717
36.2716
36.2715
36.2715
36.2715
36.2715
36.2714
36.2714
36.2714
36.2714
36.2714
36.2713
36.2713
36.2713
36.2713
36.2713
36.2713
36.2713
36.2713
36.2713
36.2713
36.2712
36.2712
36.2712
36.2712
36.2712
36.2712
36.2712
36.2712
36.2712
36.2712
36.2712
36.2712
36.2712
36.2712
36.2712
36.2712
36.2712
36.2712
36.2712
36.2712
36.2712
36.2712
36.2712
36.2712
36.2712
36.2712
36.2712
36.2712
36.2712
36.2712
36.2712
36.2712
36.2712
36.2712
36.2712
36.2712
36.2712
36.2712
36.2712
36.2712
36.2712
36.2712
36.2712
36.2712
36.2712
36.2712
36.2712
36.2712
36.2712
36.2712
36.2712
36.2712
36.2712
36.2712
36.2712
36.2712
36.2712
36.2712
36.2712
36.2712
36.2712
36.2712
36.2712
36.2712
36.2712
36.2712
36.2712
36.2712
36.2712
36.2712
36.2712
36.2712
36.2712
36.2712
36.2712
36.2712
36.2712
36.2712
36.2712
36.2712
36.2712
36.2712
36.2712
36.2712
36.2712
36.2712


1108.72
1083.07
1046.05
997.156
970.108
969.974
962.013
939.349
910.672
910.672
897.906
900.302
888.921
884.577
871.685
869.459
869.307
856.37
852.784
850.92
834.616
817.552
811.139
807.252
805.937
783.545
783.545
776.395
776.395
745.942
724.825
724.225
724.225
723.889
700.52
692.048
691.445
652.746
640.044
631.013
630.323
629.424
573.38
573.38
566.01
566.01
534.12
534.12
516.892
515.104
515.104
511.41
496.757
489.807
487.653
487.028
477.174
474.659
474.459
474.459
458.105
458.083
458.018
456.857
450.736
447.825
447.79
441.248
441.099
441.099
441.099
434.766
434.397
434.397
434.181
430.962
430.871
430.823
430.512
429.085
429.079
428.303
427.998
427.998
427.824
427.679
427.667
426.07
425.812
425.812
425.04
424.978
424.902
424.666
424.242
424.242
424.24
423.998
423.998
423.603
423.598
423.526
423.525
418.834
418.832
411.45
410.585
408.501
402.608
355.322
328.031
328.006
327.227
322.544
322.454
322.421
317.272
317.27
317.27
277.545
273.15
273.141
241.795
241.402
241.381
212.434
196.657
161.911
161.904
161.898
150.623
137.017
137.013
116.262
114.85
114.85
113.214
105.262
105.26
101.835
101.831
101.558
100.671
98.4795
96.2746
95.8453
93.3007
90.5007
89.8518
89.085
87.2872
84.1864
84.1864
83.0451
83.0421
81.9658
81.9658
81.6662
81.6662
81.4896
80.4812
80.481
80.2466
80.2466
80.2466
79.6467
79.0235
78.8563
78.856
78.845
78.4218
78.4216
78.4214
78.4213
78.177
78.1019
78.0616
78.0201
77.8275
77.8274
77.8274
77.7931
77.7931
77.7864
77.7472
77.7241
77.4289
77.4289
77.4289
77.4289
77.4289
77.4288
77.4288
77.4288
77.4278
77.4068
77.3656
77.3595
77.3595
77.3595
77.3485
77.3586
77.3535
77.3535
77.3532
77.3502
77.3452
77.3452
77.3411
77.3374
77.3327
77.3327
77.3258
77.3258
77.3251
77.3251
77.3209
77.3209
77.3142
77.314
77.3134
77.3134
77.3115
77.3095
77.3091
77.3091
77.3091
77.3084
77.3082
77.3074
77.3067
77.3064
77.3064
77.3064
77.3064
77.3062
77.3049
77.304
77.3035
77.3035
77.3034
77.303
77.303
77.3029
77.3029
77.3028
77.3027
77.3026
77.3023
77.3023
77.3023
77.3023
77.3023
77.3023
77.3022
77.3021
77.302
77.3019
77.3018
77.3017
77.3017
77.3017
77.3017
77.3017
77.3017
77.3017
77.3017
77.3016
77.3016
77.3016
77.3016
77.3016
77.3016
77.3016
77.3016
77.3016
77.3015
77.3015
77.3015
77.3015
77.3015
77.3015
77.3015
77.3015
77.3015
77.3015
77.3015
77.3015
77.3015
77.3015
77.3015
77.3015
77.3015
77.3015
77.3015
77.3015
77.3015
77.3015
77.3015
77.3015
77.3015
77.3015
77.3015
77.3015
77.3015
77.3015
77.3015
77.3015
77.3015
77.3015
77.3015
77.3015
77.3015
77.3015
77.3015
77.3015
77.3015
77.3015
77.3015
77.3015
77.3015
77.3015
77.3015
77.3015
77.3015
77.3015
77.3015
77.3015
77.3015
77.3015
77.3015
77.3015
77.3015
77.3015
77.3015
77.3015
77.3015
77.3015
77.3015
77.3015
77.3015
77.3015
77.3015
77.3015
77.3015
77.3015
77.3015
77.3015
77.3015
77.3015
77.3015
77.3015
77.3015
77.3015
77.3015
77.3015
77.3015
77.3015
77.3015
77.3015
77.3015
77.3015
77.3015
77.3015
77.3015
77.3015
77.3015
77.3015
77.3015
77.3015
77.3015
77.3015
77.3015
77.3015
77.3015
77.3015
77.3015
77.3015
77.3015
77.3015
77.3015
77.3015
77.3015
77.3015
77.3015
77.3015
77.3015
77.3015
77.3015
77.3015
77.3015
77.3015
77.3015
77.3015
77.3015
77.3015
77.3015
77.3015
77.3015
77.3015


1189.47
1061.55
1011.37
987.585
946.806
946.806
933.149
885.079
863.748
854.668
854.588
844.791
841.572
836.055
835.629
827.198
826.211
822.561
818.579
816.684
813.918
811.851
805.61
795.242
795.242
792.833
792.833
767.785
762.454
755.927
753.627
740.575
735.927
717.389
701.475
698.885
696.424
695.368
676.003
676.003
674.556
674.537
662.558
613.598
577.758
575.833
554.102
533.335
524.458
499.722
488.171
491.762
488.69
483.808
477.897
477.897
460.439
459.2
453.421
453.421
450.108
448.552
447.94
447.927
447.348
446.428
446.242
444.029
442.988
441.192
438.717
438.631
438.43
438.43
437.791
437.35
437.219
435.938
435.923
435.356
435.064
435.389
435.144
435.144
434.109
434.109
434.109
434.109
433.708
433.673
433.376
431.076
431.061
425.52
425.408
424.011
423.609
423.564
423.239
422.715
422.715
422.554
422.41
422.304
421.683
421.599
421.544
421.454
421.42
421.363
421.33
420.976
420.784
420.516
420.516
420.472
420.472
420.466
420.466
420.458
420.357
420.323
420.3
420.286
420.286
420.276
420.26
420.251
420.184
416.24
415.836
414.684
409.79
409.435
406.432
406.43
405.133
394.225
388.726
386.001
377.296
377.294
346.06
324.65
310.38
276.508
255.886
239.875
239.875
215.202
215.202
168.313
168.311
159.071
159.071
155.619
121.532
121.532
108.23
108.229
106.069
106.069
106.069
105.646
100.974
94.1832
90.543
84.7295
81.6004
80.2393
74.612
73.1604
68.3719
68.3717
67.0438
61.214
58.4096
56.404
56.4039
54.4698
53.3544
52.1897
52.1896
50.2721
49.7658
48.3912
48.3517
48.3517
48.3517
47.9807
47.9807
47.7764
47.6127
47.5105
47.3143
46.752
46.752
46.5402
46.5402
46.496
46.496
46.4622
46.1239
46.1239
45.9656
45.8544
45.8544
45.7778
45.6443
45.6443
45.4774
45.5131
45.5131
45.4796
45.4109
45.4109
45.3626
45.3626
45.2574
45.1218
45.1218
45.1218
45.1218
45.0768
45.0675
45.031
45.031
45.0146
45.0142
45.0098
45.0001
44.9911
44.9813
44.9685
44.968
44.9627
44.9533
44.9533
44.9524
44.9481
44.945
44.9385
44.9385
44.9384
44.9374
44.9347
44.9328
44.9328
44.9315
44.9312
44.9311
44.9295
44.9293
44.9286
44.9285
44.9285
44.9284
44.9282
44.9273
44.9266
44.9266
44.9266
44.9265
44.9264
44.9263
44.9263
44.9262
44.9262
44.9259
44.9259
44.9259
44.9259
44.9258
44.9258
44.9257
44.9257
44.9256
44.9256
44.9255
44.9255
44.9254
44.9254
44.9254
44.9254
44.9253
44.9253
44.9253
44.9253
44.9253
44.9253
44.9253
44.9252
44.9252
44.9252
44.9252
44.9252
44.9252
44.9252
44.9252
44.9252
44.9252
44.9252
44.9252
44.9252
44.9252
44.9252
44.9252
44.9252
44.9252
44.9252
44.9252
44.9252
44.9252
44.9252
44.9252
44.9252
44.9252
44.9252
44.9252
44.9252
44.9252
44.9252
44.9252
44.9252
44.9252
44.9252
44.9252
44.9252
44.9252
44.9252
44.9252
44.9252
44.9252
44.9252
44.9252
44.9252
44.9252
44.9252
44.9252
44.9252
44.9252
44.9252
44.9252
44.9252
44.9252
44.9252
44.9252
44.9252
44.9252
44.9252
44.9252
44.9252
44.9252
44.9252
44.9252
44.9252
44.9252
44.9252
44.9252
44.9252
44.9252
44.9252
44.9252
44.9252
44.9252
44.9252
44.9252
44.9252
44.9252
44.9252
44.9252
44.9252
44.9252
44.9252
44.9252
44.9252
44.9252
44.9252
44.9252
44.9252
44.9252
44.9252
44.9252
44.9252
44.9252
44.9252
44.9252
44.9252
44.9252
44.9252
44.9252
44.9252
44.9252
44.9252
44.9252
44.9252
44.9252
44.9252
44.9252
44.9252


1191.26
1041.35
1006.72
1000.25
948.069
943.263
938.395
903.587
834.257
834.257
833.988
827.152
824.206
811.214
801.174
761.02
761.02
742.722
740.847
730.048
705.91
728.609
726.356
685.09
684.516
681.44
672.236
665.806
661.107
617.358
590.952
547.308
547.078
545.443
527.739
526.79
520.338
505.872
498.237
497.916
497.307
467.753
455.324
447.5
443.534
435.759
434.289
421.614
417.36
416.461
414.971
414.84
410.743
404.551
404.551
398.77
398.762
396.64
393.756
393.754
393.682
393.161
392.881
392.799
386.209
384.592
383.646
383.646
383.575
382.929
382.224
382.106
382.01
370.128
367.424
344.346
344.346
336.914
336.783
310.235
310.235
265.21
265.104
254.688
249.11
249.072
239.856
239.781
239.781
236.107
206.119
194.489
194.489
184.34
184.34
184.34
178.383
178.361
175.604
163.011
163.006
164.719
155.081
155.081
149.818
149.818
149.817
139.995
134.417
129.655
129.655
126.599
124.379
122.302
120.135
120.135
109.6
106.62
106.62
106.619
101.372
101.369
101.084
101.083
97.13
97.13
97.129
96.5398
93.2045
93.2042
92.1579
92.1579
92.1572
92.1572
89.9542
89.9542
89.3959
88.893
88.3567
88.3566
87.7523
87.0035
86.6711
86.3691
86.3691
85.7348
85.4121
85.2539
84.5938
84.4362
84.4362
84.4361
84.3757
83.4767
83.3167
83.3167
83.2625
83.2577
83.0213
83.0213
83.0213
82.8558
82.8524
82.7954
82.7534
82.7465
82.7465
82.4809
82.3317
82.3317
82.3317
82.3317
82.2522
82.1479
82.1479
82.0742
82.0556
81.9563
81.9563
81.9563
81.9259
81.9259
81.8776
81.8165
81.8165
81.8021
81.7947
81.7939
81.7939
81.7431
81.7431
81.6955
81.6955
81.6491
81.6491
81.5631
81.5631
81.5631
81.5156
81.5156
81.4527
81.5224
81.4977
81.4918
81.4918
81.4918
81.48
81.4487
81.4181
81.4122
81.4122
81.4086
81.3834
81.364
81.364
81.364
81.364
81.364
81.3576
81.3576
81.3576
81.3576
81.3561
81.3545
81.3545
81.3541
81.3541
81.326
81.326
81.3243
81.3243
81.3163
81.3115
81.3115
81.3
81.3
81.2993
81.2977
81.2959
81.2917
81.2881
81.2859
81.2856
81.2856
81.2811
81.2775
81.2773
81.2773
81.2771
81.2771
81.2755
81.2755
81.2755
81.2755
81.2755
81.2755
81.2755
81.2752
81.2752
81.2747
81.2745
81.2736
81.2721
81.2719
81.2719
81.2717
81.271
81.271
81.271
81.2705
81.2699
81.2695
81.2689
81.2689
81.2689
81.2689
81.2689
81.2689
81.2689
81.2689
81.2686
81.2684
81.2684
81.2677
81.2677
81.2676
81.2676
81.2675
81.2675
81.2675
81.2675
81.2674
81.2674
81.2673
81.2672
81.2672
81.2668
81.2668
81.2668
81.2667
81.2667
81.2669
81.2669
81.2666
81.2666
81.2665
81.2665
81.2665
81.2665
81.2664
81.2664
81.2664
81.2663
81.2661
81.2661
81.2661
81.2661
81.2661
81.266
81.266
81.266
81.266
81.266
81.266
81.266
81.266
81.266
81.266
81.266
81.266
81.266
81.266
81.266
81.266
81.266
81.266
81.266
81.266
81.266
81.266
81.266
81.3059
81.266
81.266
81.266
81.266
81.266
81.266
81.266
81.266
81.266
81.266
81.266
81.266
81.266
81.266
81.266
81.266
81.266
81.266
81.266
81.266
81.266
81.266
81.266
81.266
81.266
81.266
81.266
81.266
81.266
81.266
81.266
81.266
81.266
81.266
81.266
81.266
81.266
81.266
81.266
81.266
81.266
81.266
81.266
81.266
81.266
81.266
81.266
81.266
81.266
81.266
81.266
81.266
81.266
81.266
81.266
81.266
81.266
81.266


1140.62
1051.7
1027.7
997.861
992.402
965.795
965.795
960.918
926.728
916.351
913.96
899.124
872.272
860.762
859.756
847.38
847.38
839.143
813.182
768.963
759.658
751.271
743.334
717.019
664.363
664.363
625.607
625.607
625.607
624.855
598.962
591.227
591.227
579.642
554.326
554.326
529.101
527.493
523.275
515.482
496.831
481.193
467.537
466.089
452.684
449.007
447.201
446.105
444.464
439.308
439.308
449.261
445.485
432.371
432.371
426.833
425.761
425.761
425.28
425.019
423.815
424.583
423.461
423.23
423.188
421.879
421.879
421.879
421.868
421.093
421.093
369.865
369.865
369.671
369.493
323.418
323.329
322.778
322.778
322.778
322.662
404.011
358.252
358.238
351.804
351.686
351.661
351.611
351.611
342.333
335.601
335.601
335.586
310.369
310.348
310.339
310.328
310.326
310.326
310.3
310.3
310.309
235.256
235.254
235.237
235.237
235.237
235.234
235.233
229.338
229.338
218.919
218.915
218.915
216.195
210.387
209.875
209.873
208.35
208.35
196.329
184.614
175.354
170.714
170.714
170.714
170.714
165.605
165.605
159.694
159.693
159.712
151.688
151.005
141.096
131.434
131.434
131.433
126.166
125.409
111.89
108.324
108.324
104.627
100.625
99.4865
95.4623
95.4623
95.4623
86.9742
85.1816
83.7404
82.3525
82.3525
81.1946
79.8773
78.0596
78.0596
78.0596
76.2426
76.2426
76.2426
76.1023
76.1023
75.7531
74.6323
74.1869
72.4679
72.4679
70.7497
68.8521
68.8521
68.8521
68.8521
65.9031
65.9031
65.9031
65.7638
65.5734
65.5734
64.3976
64.3321
63.9226
63.9226
63.7425
63.6932
63.0585
63.0585
62.7878
62.4801
62.4801
62.2716
62.2716
62.2393
62.129
62.129
62.1221
62.0004
61.9261
61.874
61.8376
61.8237
61.7989
61.7989
61.7989
61.7803
61.7803
61.7803
61.7703
61.7654
61.721
61.721
61.6926
61.6926
61.6638
61.3693
61.1323
61.0779
60.8528
60.7124
60.5551
59.1957
59.1801
58.55
58.3754
58.367
58.0074
58.0074
58.0057
57.8736
57.6109
57.6772
57.6772
57.6772
57.6772
57.3901
57.2898
57.2856
57.2851
57.2641
57.2089
57.1924
57.1216
57.1213
57.0692
57.0215
56.9766
56.9717
56.9716
56.9384
56.9383
56.9344
56.9342
56.8597
56.8595
56.8393
56.8389
56.8387
56.8387
56.8354
56.8209
56.8316
56.8207
56.8118
56.8117
56.8069
56.8053
56.7942
56.7872
56.785
56.784
56.7843
56.7825
56.782
56.7814
56.7813
56.7766
56.7766
56.7766
56.7755
56.774
56.7735
56.7722
56.7695
56.7678
56.7678
56.7671
56.767
56.7654
56.7648
56.7645
56.7639
56.7633
56.7627
56.7627
56.7627
56.7626
56.7621
56.7621
56.7616
56.7616
56.7614
56.7614
56.7609
56.7609
56.7609
56.7606
56.7606
56.7606
56.7606
56.7604
56.7604
56.7604
56.7604
56.7604
56.7603
56.7603
56.7603
56.7603
56.7603
56.7602
56.7602
56.7602
56.7602
56.7602
56.7601
56.7601
56.7601
56.7601
56.7601
56.7601
56.7601
56.7601
56.7601
56.7601
56.7601
56.7601
56.7601
56.7601
56.7601
56.7601
56.7601
56.7601
56.7601
56.7601
56.7601
56.7601
56.7601
56.76
56.76
56.76
56.76
56.76
56.76
56.76
56.76
56.76
56.76
56.76
56.76
56.76
56.76
56.76
56.76
56.76
56.76
56.76
56.76
56.76
56.76
56.76
56.76
56.76
56.76
56.76
56.76
56.76
56.76
56.76
56.76
56.76
56.76
56.76
56.76
56.76
56.76
56.76
56.76
56.76
56.76
56.76
56.76
56.76
56.76
56.76
56.76
56.76
56.76
56.76
56.76


1151.42
1132.1
1087.11
1064.89
1047.64
1012.38
997.158
985.953
966.836
951.588
948.956
943.138
924.619
921.133
917.276
909.281
908.467
896.223
881.244
877.5
877.226
872.973
853.787
837.265
837.179
817.772
815.8
810.274
800.152
787.777
780.219
789.3
753.306
742.045
734.642
711.876
711.876
704.707
700.847
670.412
642.949
596.84
573.622
573.622
550.467
550.467
550.467
532.193
526.19
510.418
439.886
396.574
390.547
390.547
386.356
382.838
379.843
351.598
323.15
295.198
219.461
222.653
210.753
209.935
186.746
184.363
181.857
175.652
164.2
161.365
160.3
156.688
156.688
154.008
153.22
146.99
141.376
140.821
131.625
129.305
129.305
126.802
117.082
116.956
116.61
113.506
113.506
109.455
107.456
105.307
101.041
101.032
100.604
98.6359
96.2997
96.2995
96.1099
95.3134
94.6499
94.6453
93.7068
93.7068
93.6378
92.2885
92.2374
91.9209
91.9209
91.2606
91.2606
91.171
90.9865
90.1825
89.9111
89.9067
89.8887
89.8821
89.8458
89.8299
89.6946
89.6804
89.672
89.6673
89.4287
89.3876
89.3876
89.3848
89.266
89.2543
89.2518
89.2363
89.1699
89.1704
89.1383
89.1297
89.1271
89.1064
89.1063
89.1039
89.0921
89.0837
89.0837
89.065
89.0431
89.0427
89.0427
89.0331
89.0269
89.0249
89.0218
89.0212
89.0211
89.0198
89.0198
89.0194
89.0098
89.0098
89.004
89.0038
88.9978
88.9978
88.9977
88.9963
88.9957
88.9944
88.9941
88.9939
88.9934
88.9929
88.9927
88.9919
88.9913
88.9911
88.9909
88.9905
88.9904
88.9904
88.9893
88.9893
88.9891
88.9891
88.989
88.9889
88.9888
88.9886
88.9885
88.9883
88.9881
88.988
88.988
88.988
88.9878
88.9879
88.9878
88.9878
88.9878
88.9877
88.9876
88.9876
88.9875
88.9874
88.9874
88.9874
88.9874
88.9874
88.9874
88.9874
88.9874
88.9874
88.9874
88.9873
88.9873
88.9873
88.9873
88.9873
88.9873
88.9873
88.9873
88.9873
88.9873
88.9873
88.9873
88.9873
88.9873
88.9873
88.9873
88.9873
88.9873
88.9873
88.9873
88.9873
88.9873
88.9873
88.9873
88.9873
88.9873
88.9873
88.9873
88.9873
88.9873
88.9873
88.9873
88.9873
88.9873
88.9873
88.9873
88.9873
88.9873
88.9873
88.9873
88.9873
88.9873
88.9873
88.9873
88.9873
88.9873
88.9873
88.9873
88.9873
88.9873
88.9873
88.9873
88.9873
88.9873
88.9873
88.9873
88.9873
88.9873
88.9873
88.9873
88.9873
88.9873
88.9873
88.9873
88.9873
88.9873
88.9873
88.9873
88.9873
88.9873
88.9873
88.9873
88.9873
88.9873
88.9873
88.9873
88.9873
88.9873
88.9873
88.9873
88.9873
88.9873
88.9873
88.9873
88.9873
88.9873
88.9873
88.9873
88.9873
88.9873
88.9873
88.9873
88.9873
88.9873
88.9873
88.9873
88.9873
88.9873
88.9873
88.9873
88.9873
88.9873
88.9873
88.9873
88.9873
88.9873
88.9873
88.9873
88.9873
88.9873
88.9873
88.9873
88.9873
88.9873
88.9873
88.9873
88.9873
88.9873
88.9873
88.9873
88.9873
88.9873
88.9873
88.9873
88.9873
88.9873
88.9873
88.9873
88.9873
88.9873
88.9873
88.9873
88.9873
88.9873
88.9873
88.9873
88.9873
88.9873
88.9873
88.9873
88.9873
88.9873
88.9873
88.9873
88.9873
88.9873
88.9873
88.9873
88.9873
88.9873
88.9873
88.9873
88.9873
88.9873
88.9873
88.9873
88.9873
88.9873
88.9873
88.9873
88.9873
88.9873
88.9873
88.9873
88.9873
88.9873
88.9873
88.9873
88.9873
88.9873
88.4031
88.2674
87.816
87.816
87.6868
86.7107
86.4798
86.3613
86.3613
85.9027
85.7775
85.737
85.7204
85.6787
85.3355
84.7943
84.7194
84.6852
83.9781
83.9781
83.7089


1146.54
1129.26
1078.58
1015.82
996.706
996.706
973.413
965.275
965.275
950.548
939.961
936.284
931.753
923.94
896.714
886.427
886.427
878.705
867.414
850.872
835.476
821.813
805.879
804.665
788.254
783.617
783.355
783.124
778.175
747.204
725.297
716.942
704.209
704.209
704.209
656.307
656.307
655.987
630.675
601.204
580.828
639.681
549.471
543.56
541.036
520.101
513.664
512.15
482.751
482.751
472.451
466.681
462.451
462.37
460.242
459.747
458.923
458.727
458.727
455.407
455.332
452.737
452.737
451.061
451.061
451.061
450.425
450.425
449.571
449.273
446.489
445.636
445.636
444.826
444.826
444.648
444.411
442.561
425.036
424.935
424.742
424.422
424.422
424.422
424.213
424.171
424.162
424.113
424.113
423.955
423.955
423.916
423.916
423.854
423.854
423.844
423.764
423.764
423.758
423.741
423.741
525.064
444.596
444.591
444.591
444.584
444.576
444.521
443.926
436.601
435.557
435.557
433.5
432.721
429.488
428.032
421.888
421.496
420.467
419.864
419.685
416.77
416.77
416.693
416.693
414.987
413.92
412.337
407.911
407.221
407.104
406.399
406.394
406.142
406.13
406.13
406.13
405.963
405.963
405.887
405.81
407.307
406.047
405.877
405.194
405.172
404.844
404.371
404.18
404.18
404.151
404.138
404.138
403.797
403.159
402.697
402.663
402.293
402.289
401.87
401.865
401.861
401.861
401.83
401.83
401.825
401.821
401.819
399.809
399.806
399.805
399.021
396.908
396.414
395.1
395.099
395.098
394.499
394.499
394.438
394.438
392.004
392.004
392.003
392.003
392.002
392.002
391.942
391.941
391.94
391.94
391.712
391.712
391.291
391.291
384.391
379.469
379.405
379.405
379.404
379.404
378.656
378.529
378.515
378.431
378.431
378.114
378.109
377.886
377.514
376.889
376.669
376.503
376.503
376.503
376.503
376.403
375.545
375.545
375.117
375.117
375.556
375.556
375.452
375.452
375.282
375.018
375.018
375.018
374.873
374.873
371.736
370.627
370.627
367.498
365.338
365.338
365.338
365.338
365.338
361.99
358.738
356.099
353.914
350.498
350.498
350.498
347.903
339.627
324.9
313.045
307.62
302.396
300.065
299.534
298.831
293.869
289.577
286.221
278.106
267.694
259.771
256.775
256.644
256.644
220.895
220.895
216.611
214.71
210.183
208.34
207.592
205.584
203.847
203.847
203.847
197.199
192.489
190.317
190.171
182.752
165.849
165.578
165.578
152.945
152.945
138.338
130.52
130.503
130.503
130.296
126.104
125.056
124.55
124.55
123.043
123.043
122.837
120.72
117.739
117.739
112.038
106.174
103.227
103.227
98.5798
96.9769
96.9523
96.4106
96.4106
91.7714
88.3917
88.3917
88.2186
87.5689
86.3326
85.8002
85.1818
83.8501
76.1807
76.1807
76.1807
76.1807
76.1807
69.2283
69.2283
69.2283
68.9102
67.9129
67.2315
66.6738
66.3376
60.3907
58.5537
58.5537
58.5537
56.1328
55.3683
55.3683
54.7641
54.2281
53.8629
53.8629
53.8629
53.3569
52.9168
52.8587
52.8587
52.6728
52.578
52.186
51.6813
49.0963
46.3499
45.1504
45.1504
44.2585
44.2585
44.2585
44.2585
44.2585
44.2154
43.9106
43.8288
43.8037
43.7949
43.7914
43.7273
43.4718
43.0443
42.9315
42.1505
41.9291
41.7088
41.4789
41.2574
39.9043
39.2858
39.2535
39.2535
39.1068
38.9838
38.9838
38.5796
38.4216
38.3965
38.3751
38.1367
38.0185
38.0185
37.96
37.9371
37.9288
37.8603
37.8603
37.6184
37.4753
37.4462
37.4462
37.4442


1191.65
1135.42
1067.64
1061.38
976.732
976.389
955.602
939.403
885.723
848.464
848.464
824.142
810.6
757.044
755.345
755.345
738.671
720.029
708.061
703.797
652.779
598.177
583.03
553.989
499.015
493.331
478.734
459.958
402.055
380.941
370.03
338.353
319.306
319.306
299.346
287.963
262.883
245.586
227.675
214.293
206.166
176.26
152.465
138.305
138.305
122.241
117.359
117.359
111.777
107.487
106.833
101.68
99.9755
88.8649
87.6173
87.6173
80.8844
78.9221
78.5885
78.4074
78.4074
78.4024
78.3304
77.9345
77.121
76.8095
74.9141
74.9141
74.7978
74.2986
73.9622
74.0483
73.504
73.1915
72.6716
72.4416
71.987
71.9061
71.6664
71.5635
71.5511
71.5537
71.4041
70.9303
70.8085
70.797
70.6495
70.5625
70.4926
70.3719
70.3719
70.3554
70.3486
70.3042
70.274
70.2533
70.2446
70.2276
70.2038
70.1517
70.1431
70.1244
70.1202
70.108
70.0872
70.0824
70.0795
70.0642
70.0589
70.0533
70.0512
70.0426
70.0426
70.0419
70.0343
70.0329
70.0313
70.0262
70.0248
70.0248
70.0221
70.0196
70.0186
70.0185
70.0181
70.0179
70.0166
70.0163
70.016
70.0154
70.0149
70.0141
70.0141
70.0132
70.0124
70.012
70.0118
70.0118
70.0117
70.0117
70.0113
70.0109
70.0109
70.0106
70.0104
70.0104
70.0102
70.0101
70.0101
70.01
70.01
70.0099
70.0098
70.0098
70.0098
70.0095
70.0095
70.0095
70.0095
70.0094
70.0094
70.0094
70.0094
70.0093
70.0093
70.0093
70.0093
70.0093
70.0093
70.0093
70.0093
70.0092
70.0092
70.0092
70.0092
70.0092
70.0092
70.0092
70.0092
70.0092
70.0092
70.0092
70.0092
70.0092
70.0092
70.0092
70.0092
70.0092
70.0092
70.0092
70.0092
70.0092
70.0092
70.0092
70.0092
70.0092
70.0092
70.0092
70.0092
70.0092
70.0092
70.0092
70.0092
70.0092
70.0092
70.0092
70.0092
70.0092
70.0092
70.0092
70.0092
70.0092
70.0092
70.0092
70.0092
70.0092
70.0092
70.0092
70.0092
70.0092
70.0092
70.0092
70.0092
70.0092
70.0092
70.0092
70.0092
70.0092
70.0092
70.0092
70.0092
70.0092
70.0092
70.0092
70.0092
70.0092
70.0092
70.0092
70.0092
70.0092
70.0092
70.0092
70.0092
70.0092
70.0092
70.0092
70.0092
70.0092
70.0092
70.0092
70.0092
70.0092
70.0092
70.0092
70.0092
70.0092
70.0092
70.0092
70.0092
70.0092
70.0092
70.0092
70.0092
70.0092
70.0092
70.0092
70.0092
70.0092
70.0092
70.0092
70.0092
70.0092
70.0092
70.0092
70.0092
70.0092
70.0092
70.0092
70.0092
70.0092
70.0092
70.0092
70.0092
70.0092
70.0092
70.0092
70.0092
70.0092
70.0092
70.0092
70.0092
70.0092
70.0092
70.0092
70.0092
70.0092
70.0092
70.0092
70.0092
70.0092
70.0092
70.0092
70.0092
70.0092
70.0092
70.0092
70.0092
70.0092
70.0092
70.0092
70.0092
70.0092
70.0092
70.0092
70.0092
70.0092
70.0092
70.0092
70.0092
70.0092
70.0092
70.0092
70.0092
70.0092
70.0092
70.0092
70.0092
70.0092
70.0092
70.0092
70.0092
70.0092
70.0092
70.0092
70.0092
70.0092
70.0092
70.0092
70.0092
70.0092
70.0092
70.0092
70.0092
70.0092
70.0092
70.0092
70.0092
70.0092
70.0092
70.0092
70.0092
70.0092
70.0092
70.0092
70.0092
70.0092
70.0092
70.0092
70.0092
70.0092
70.0092
70.0092
70.0092
70.0092
70.0092
70.0092
70.0092
70.0092
70.0092
70.0092
70.0092
70.0095
70.0092
70.0092
70.0092
70.0092
70.0092
70.0092
70.0092
70.0092
70.0092
70.0092
70.0092
70.0092
70.0092
70.0092
70.0092
70.0092
70.0092
70.0092
70.0092
70.0092
70.0092
70.0092
70.0092
70.0092
70.0092
70.0092
70.0092
70.0092


1154.29
1056.51
1011.37
1009.97
984.075
973.988
971.944
967.289
955.519
955.519
955.446
941.457
936.446
928.982
928.982
911.538
911.538
902.454
902.454
892.35
883.784
871.935
844.082
843.138
843.138
828.315
819.617
814.099
780.455
779.61
741.386
741.386
688.745
683.284
658.824
637.045
601.608
597.634
575.409
539.043
503.552
486.188
486.188
469.242
435.629
408.688
399.987
368.398
368.398
326.245
309.308
262.733
259.471
239.018
233.286
229.373
202.893
198.49
181.647
178.999
170.695
168.957
154.147
152.421
137.229
126.283
123.018
120.475
114.863
114.863
110.843
107.145
107.145
99.9222
99.7035
97.2897
94.2038
93.5482
93.2441
91.893
91.1191
90.9666
90.028
89.6336
88.3911
88.3381
87.9392
86.8423
85.9926
85.9926
85.7896
85.3805
84.9338
84.5939
84.3639
84.2592
84.2468
84.1489
83.9127
83.4404
82.9254
82.4602
82.428
82.428
82.358
82.3368
82.288
82.2235
82.2216
82.0545
82.0399
82.0231
82.008
82.005
81.9952
81.9572
81.9399
81.9293
81.8487
81.8427
81.8297
81.8297
81.8142
81.8001
81.7957
81.7815
81.7815
81.774
81.7736
81.7526
81.7508
81.7507
81.7461
81.7418
81.7402
81.7355
81.735
81.7326
81.7323
81.7301
81.7301
81.7293
81.7292
81.7289
81.7281
81.728
81.728
81.7265
81.7263
81.7263
81.7258
81.7251
81.7251
81.7251
81.7246
81.7245
81.7245
81.7244
81.7241
81.7238
81.7238
81.7236
81.7234
81.7233
81.7233
81.7233
81.7232
81.7232
81.7231
81.7231
81.7231
81.7231
81.723
81.723
81.723
81.723
81.723
81.723
81.723
81.723
81.723
81.7229
81.7229
81.7229
81.7229
81.7229
81.7229
81.7229
81.7229
81.7229
81.7229
81.7229
81.7229
81.7229
81.7229
81.7229
81.7229
81.7229
81.7229
81.7229
81.7229
81.7229
81.7229
81.7229
81.7229
81.7229
81.7229
81.7229
81.7229
81.7229
81.7229
81.7229
81.7229
81.7229
81.7229
81.7229
81.7229
81.7229
81.7229
81.7229
81.7229
81.7229
81.7229
81.7229
81.7229
81.7229
81.7229
81.7229
81.7229
81.7229
81.7229
81.7229
81.7229
81.7229
81.7229
81.7229
81.7229
81.7229
81.7229
81.7229
81.7229
81.7229
81.7229
81.7229
81.7229
81.7229
81.7229
81.7229
81.7229
81.7229
81.7229
81.7229
81.7229
81.7229
81.7229
81.7229
81.7229
81.7229
81.7229
81.7229
81.7229
81.7229
81.7229
81.7229
81.7229
81.7229
81.7229
81.7229
81.7229
81.7229
81.7229
81.7229
81.7229
81.7229
81.7229
81.7229
81.7229
81.7229
81.7229
81.7229
81.7229
81.7229
81.7229
81.7229
81.7229
81.7229
81.7229
81.7229
81.7229
81.7229
81.7229
81.7229
81.7229
81.7229
81.7229
81.7229
81.7229
81.7229
81.7229
81.7229
81.7229
81.7229
81.7229
81.7229
81.7229
81.7229
81.7229
81.7229
81.7229
81.7229
81.7229
81.7229
81.7229
81.7229
81.7229
81.7229
81.7229
81.7229
81.7229
81.7229
81.7229
81.7229
81.7229
81.7229
81.7229
81.7229
81.7229
81.7229
81.7229
81.7229
81.7229
81.7229
81.7229
81.7229
81.7229
81.7229
81.7229
81.7229
81.7229
81.7229
81.7229
81.8247
81.7229
81.7229
81.7229
81.7229
81.7229
81.7229
81.7229
81.7229
81.7229
81.7229
81.7229
81.7229
81.7229
81.7229
81.7229
81.7229
81.7229
81.7229
81.7229
81.7229
81.7229
81.7229
81.7229
81.7229
81.7229
81.7229
81.7229
81.7229
81.7229
81.7229
81.7229
81.7229
81.7229
81.7229
81.7229
81.7229
81.7229
81.7229
81.7229
81.7229
81.7229
81.7229
81.7229
81.7229
81.7229
81.7229
81.7229
81.7229
81.7229
81.7229
81.7229
81.7229
81.7229
81.7229
81.7229
81.7229
81.7229
81.7229


1106.51
974.804
972.245
934.66
912.629
912.629
873.583
870.108
870.108
845.674
845.674
838.529
827.988
827.988
823.634
820.397
818.755
818.733
814.87
809.163
807.135
797.033
787.666
781.817
779.814
779.814
779.471
779.471
777.326
776.145
754.7
756.111
755.275
745.355
699.519
696.868
689.316
678.996
669.7
664.259
664.009
660.595
649.979
645.759
625.406
608.827
568.795
561.142
531.404
531.404
531.039
525.12
514.666
496.341
452.03
441.341
422.753
358.358
358.225
332.713
326.353
315.232
293.943
282.999
247.8
246.426
242.261
224.257
210.22
195.562
185.04
168.874
165.002
147.622
147.622
145.353
145.353
126.733
126.442
117.787
108.336
106.631
106.086
103.942
100.204
97.5977
92.645
91.2733
90.2087
84.576
83.3003
80.489
77.3323
75.609
75.1146
74.0019
72.2758
72.2758
71.0353
70.8486
68.6307
67.1313
66.8638
66.4186
66.1217
65.5847
65.3592
64.8746
63.9424
63.8467
63.6252
63.5553
63.5087
63.3461
63.1594
63.075
63.0503
62.7415
62.6543
62.6377
62.497
61.9034
61.8736
61.8623
61.829
61.7016
61.661
61.6516
61.631
61.5561
61.4877
61.436
61.436
61.3885
61.3657
61.3387
61.333
61.319
61.2993
61.2181
61.218
61.2045
61.1993
61.1474
61.14
61.0807
61.0654
61.0654
61.0654
61.0537
61.0521
61.0367
61.0265
61.0259
61.0253
61.0161
61.016
61.0129
60.9955
60.9951
60.9948
60.9939
60.9883
60.9883
60.9838
60.9838
60.9837
60.9801
60.9796
60.9796
60.9781
60.9777
60.9777
60.9763
60.9763
60.9749
60.9749
60.9729
60.9715
60.9683
60.9675
60.9665
60.9636
60.9636
60.9636
60.9636
60.9617
60.9617
60.9617
60.9616
60.9614
60.9613
60.9612
60.9609
60.9607
60.9605
60.9605
60.9604
60.96
60.96
60.96
60.9599
60.9599
60.9598
60.9598
60.9597
60.9594
60.9594
60.9594
60.9593
60.9593
60.9593
60.9593
60.9592
60.9592
60.9592
60.9592
60.9592
60.9592
60.9592
60.9592
60.9592
60.9592
60.9591
60.9591
60.9591
60.9591
60.9591
60.9591
60.959
60.959
60.959
60.959
60.959
60.959
60.959
60.959
60.959
60.959
60.959
60.959
60.959
60.959
60.959
60.959
60.959
60.959
60.959
60.959
60.959
60.959
60.959
60.959
60.959
60.959
60.959
60.959
60.959
60.959
60.959
60.959
60.959
60.959
60.959
60.959
60.959
60.959
60.959
60.959
60.959
60.959
60.959
60.959
60.959
60.959
60.959
60.959
60.959
60.959
60.959
60.959
60.959
60.959
60.959
60.959
60.959
60.959
60.959
60.959
60.959
60.959
60.959
60.959
60.959
60.959
60.959
60.959
60.959
60.959
60.959
60.959
60.959
60.959
60.959
60.959
60.959
60.959
60.959
60.959
60.959
60.959
60.959
60.959
60.959
60.959
60.959
60.959
60.959
60.959
60.959
60.959
60.959
60.959
60.959
60.959
60.959
60.959
60.959
60.959
60.959
60.959
60.959
60.959
60.959
60.959
60.959
60.959
60.959
60.959
60.959
60.959
60.959
60.959
60.959
60.959
60.959
60.959
60.959
60.959
60.959
60.959
60.959
60.959
60.959
60.959
60.959
60.959
60.959
60.959
60.959
60.959
60.959
60.959
60.959
60.959
60.959
60.959
60.959
60.959
60.959
60.959
60.959
60.959
60.959
60.959
60.959
60.959
60.959
60.959
60.959
60.959
60.959
60.959
60.959
60.959
60.959
60.959
60.959
60.959
60.959
60.959
60.959
60.959
60.959
60.959
60.959
60.959
60.959
60.959
60.959


1121.33
1034.67
1013.38
994.664
920.757
920.757
920.757
888.677
888.677
878.877
877.734
869.797
856.692
856.692
841.621
841.621
840.685
817.501
813.931
806.408
804.762
801.665
801.375
801.375
795.384
775.422
775.422
773.4
766.823
763.488
763.488
750.408
749.608
749.567
737.818
723.458
713.436
712.719
712.719
704.444
703.374
658.801
643.056
643.056
620.35
585.973
584.608
580.41
579.785
558.935
558.021
540.61
538.21
537.919
519.724
519.262
518.915
502.681
493.136
493.136
493.136
489.42
476.424
476.091
469.956
469.713
469.713
464.738
464.738
463.648
461.623
458.006
453.514
448.174
448.131
443.368
443.368
442.801
434.354
434.188
431.107
430.79
430.79
428.232
427.831
427.831
426.298
426.239
424.133
424.133
423.238
423.207
421.867
420.859
420.539
420.495
420.495
420.491
420.491
419.533
418.505
418.389
418.069
418.069
417.87
417.87
417.87
417.72
417.604
417.541
417.348
417.436
417.386
417.37
417.22
417.124
417.124
417.091
417.078
417.07
417.04
416.969
416.892
416.866
416.863
416.858
416.858
416.802
416.802
416.785
416.75
416.69
416.652
416.642
416.634
416.628
416.601
416.601
416.586
416.58
416.574
416.509
416.509
416.453
416.453
416.452
416.43
416.42
416.418
416.391
416.391
416.388
416.377
416.346
416.345
416.345
416.344
416.343
416.342
416.342
416.332
416.335
416.335
416.334
416.329
416.325
416.323
416.323
416.32
416.32
416.32
416.311
416.302
416.302
416.302
416.302
416.301
416.301
416.299
416.299
415.452
415.452
415.452
414.867
414.867
414.721
414.531
413.948
413.948
412.782
412.239
412.211
412.175
412.168
412.168
411.975
411.756
411.612
411.591
411.207
411.194
410.934
410.506
410.321
409.89
409.89
409.49
409.48
409.48
409.436
409.415
409.504
409.296
409.069
408.791
408.685
408.685
408.603
408.588
408.586
408.46
408.305
408.305
408.305
408.3
408.3
408.278
408.248
408.243
408.243
408.227
408.215
408.208
408.167
408.16
408.16
408.159
408.151
408.148
408.136
408.135
408.135
408.132
408.127
408.125
408.123
408.118
408.116
408.113
408.11
408.107
408.108
408.105
408.105
408.105
408.103
408.102
408.101
408.1
408.1
408.099
408.099
408.097
408.097
408.097
408.096
408.096
408.095
408.095
408.095
408.095
408.094
408.094
408.094
408.094
408.093
408.093
408.093
408.093
408.093
408.093
408.093
408.093
408.093
408.093
408.092
408.092
408.092
408.092
408.092
408.092
408.092
408.092
408.092
408.092
408.092
408.092
408.092
408.092
408.092
408.092
408.092
408.092
408.092
408.092
408.092
408.092
408.092
408.092
408.092
408.092
408.092
408.092
408.092
408.092
408.092
408.092
408.092
408.092
408.092
408.092
408.092
408.092
408.092
408.092
408.092
408.092
408.092
408.092
408.092
408.092
408.092
408.092
408.092
408.092
408.092
408.092
408.092
408.092
408.092
408.092
408.092
408.092
408.092
408.092
408.092
408.092
408.092
408.092
408.092
408.092
408.092
408.092
408.092
408.092
408.092
408.092
408.092
408.092
408.092
408.092
408.092
408.092
408.092
408.092
408.092
408.092
408.092
408.092
408.092
408.092
408.092
408.092
408.092
408.092
408.092
408.092
408.092
408.092
408.092
408.092
408.092
408.092
408.092
408.092
408.092
408.092
408.092
408.092
408.092
408.092
408.092
408.092
408.092
408.092
408.092
408.092
408.092
408.092
408.092


1234.06
1063.4
987.666
987.666
985.734
985.734
985.734
985.734
981.493
981.493
948.065
918.524
913.355
879.497
870.783
870.783
865.839
859.582
842.57
842.57
834.062
817.562
817.534
807.545
796.255
786.401
782.964
758.387
747.478
739.74
724.865
716.535
694.413
692.714
688.121
688.121
644.846
639.21
635.603
631.32
602.446
592.882
579.919
541.431
541.431
533.819
533.819
529.576
518.415
505.916
480.195
479.611
477.955
460.178
460.178
460.005
450.819
450.203
445.318
442.573
442.573
438.022
438.022
438.022
435.285
433.119
432.414
432.07
432.07
430.775
428.773
427.816
427.363
426.853
426.426
423.782
421.706
419.85
419.559
407.453
406.946
400.63
400.401
385.126
381.206
380.729
350.079
346.277
346.18
346.18
340.648
339.202
331.189
329.01
306.729
299.386
299.13
299.13
299.106
293.202
283.002
265.194
265.16
246.421
246.398
237.079
215.151
215.119
195.532
195.513
194.798
185.739
166.427
155.642
140.313
140.297
140.292
132.556
129.35
125.398
107.113
101.175
101.16
101.16
101.159
95.5972
91.4134
89.098
89.0954
87.1658
82.3941
82.3932
81.461
81.4586
78.8455
78.8455
78.8455
78.8443
74.8369
74.8369
73.3465
71.5108
70.6302
68.7487
68.7486
68.7486
68.7469
68.5497
68.5496
68.4412
68.4412
68.3164
68.3162
67.9564
67.4818
67.3222
67.3221
67.2373
67.2373
67.2031
66.6044
66.6043
66.5792
66.306
66.2897
66.2362
66.2362
66.2362
65.9249
65.9249
65.8603
65.8769
65.7732
65.7732
65.6665
65.6665
65.6664
65.6449
65.6449
65.6356
65.5688
65.5688
65.5448
65.5448
65.5213
65.4701
65.4535
65.4535
65.4534
65.4032
65.4032
65.399
65.3969
65.3907
65.3726
65.3726
65.3726
65.3716
65.3571
65.3357
65.3346
65.3398
65.3317
65.3317
65.3317
65.3299
65.3299
65.3279
65.3279
65.3264
65.3246
65.3246
65.3245
65.3245
65.3237
65.323
65.3229
65.3206
65.3204
65.318
65.3175
65.3175
65.3166
65.3166
65.3162
65.3162
65.3157
65.3155
65.3155
65.3153
65.315
65.3148
65.3141
65.3141
65.3141
65.3138
65.3134
65.3134
65.3134
65.3133
65.3133
65.3132
65.3132
65.3131
65.3131
65.3131
65.313
65.313
65.313
65.3129
65.3129
65.3129
65.3129
65.3129
65.3129
65.3128
65.3128
65.3128
65.3128
65.3128
65.3128
65.3128
65.3128
65.3128
65.3128
65.3128
65.3128
65.3128
65.3128
65.3128
65.3128
65.3128
65.3128
65.3128
65.3128
65.3128
65.3128
65.3128
65.3128
65.3128
65.3128
65.3127
65.3127
65.3127
65.3127
65.3127
65.3127
65.3127
65.3127
65.3127
65.3127
65.3127
65.3127
65.3127
65.3127
65.3127
65.3127
65.3127
65.3127
65.3127
65.3127
65.3127
65.3127
65.3127
65.3127
65.3127
65.3127
65.3127
65.3127
65.3127
65.3127
65.3127
65.3127
65.3127
65.3127
65.3127
65.3127
65.3127
65.3127
65.3127
65.3127
65.3127
65.3127
65.3127
65.3127
65.3127
65.3127
65.3127
65.3127
65.3127
65.3127
65.3127
65.3127
65.3127
65.3127
65.3127
65.3127
65.3127
65.3127
65.3127
65.3127
65.3127
65.3127
65.3127
65.3127
65.3127
65.3127
65.3127
65.3127
65.3127
65.3127
65.3127
65.3127
65.3127
65.3127
65.3127
65.3127
65.3127
65.3127
65.3127
65.3127
65.3128
65.3127
65.3127
65.3127
65.3127
65.3127
65.3127
65.3127
65.3127
65.3127
65.3127
65.3127
65.3127
65.3127
65.3127
65.3127
65.3127
65.3127
65.3127
65.3127
65.3127
65.3127
65.3127
65.3127
65.3127
65.3127
65.3127
65.3127
65.3127
65.3127
65.3127
65.3127
65.3127
65.3127
65.3127
65.3127
65.3127
65.3127
65.3127


