0.0431692
0.0445406
0.0469429
0.0508448
0.0539652
0.0572965
0.0573092
0.0666724
0.0689242
0.0689242
0.0754007
0.0769979
0.0788708
0.0809011
0.083623
0.0845385
0.08604
0.0871867
0.0884034
0.0903383
0.0919571
0.0937955
0.099156
0.099309
0.0993927
0.102231
0.108913
0.11358
0.121007
0.12763
0.143552
0.142301
0.155684
0.189223
0.189223
0.229545
0.229545
0.243091
0.243592
0.246008
0.246615
0.286151
0.315641
0.334158
0.356604
0.368413
0.388318
0.402877
0.429746
0.429746
0.488678
0.527885
0.54027
0.547104
0.566144
0.600493
0.636261
0.668826
0.668826
0.734292
0.741816
0.74992
0.80001
0.807591
0.830394
0.864407
0.876829
0.880222
0.900044
0.907737
0.9195
0.920582
0.929128
0.929128
0.936575
0.93966
0.948173
0.950235
0.953787
0.963244
0.969505
0.970616
0.973089
0.973385
0.98097
0.983256
0.986312
0.988859
0.990053
0.990053
0.992957
0.992532
0.993519
0.993835
0.995667
0.995667
0.995726
0.99599
0.996189
0.996189
0.99661
0.99698
0.997521
0.997645
0.997778
0.997945
0.997945
0.998269
0.99828
0.998619
0.998629
0.999035
0.999035
0.999122
0.999268
0.999372
0.999372
0.999439
0.999498
0.999498
0.99963
0.999671
0.999672
0.9997
0.999763
0.999775
0.999777
0.999781
0.999797
0.999827
0.999859
0.999859
0.999859
0.999886
0.999888
0.999921
0.999932
0.999952
0.999952
0.999953
0.999958
0.999967
0.999967
0.999968
0.999969
0.999977
0.999981
0.999981
0.999983
0.999983
0.999984
0.999985
0.999987
0.999988
0.99999
0.99999
0.999991
0.999992
0.999994
0.999995
0.999995
0.999995
0.999995
0.999996
0.999996
0.999997
0.999997
0.999997
0.999998
0.999998
0.999998
0.999998
0.999998
0.999999
0.999999
0.999999
0.999999
0.999999
0.999999
0.999999
0.999999
0.999999
1
1
1
1
1
1
1
1
1
1
1
1
1
1
1
1
1
1
1
1
1
1
1
1
1
1
1
1
1
1
1
1
1
1
1
1
1
1
1
1
1
1
1
1
1
1
1
1
1
1
1
1
1
1
1
1
1
1
1
1
1
1
1
1
1
1
1
1
1
1
1
1
1
1
1
1
1
1
1
1
1
1
1
1
1
1
1
1
1
1
1
1
1
1
1
1
1
1
1
1
1
1
1
1
1
1
1
1
1
1
1
1
1
1
1
1
1
1
1
1
1
1
1
1
1
1
1
1
1
1
1
1
1
1
1
1
1
1
1
1
1
1
1
1
1
1
1
1
1
0.999395
1
1
1
1
1
1
1
1
1
1
1
1
1
1
1
1
1
1
1
1
1
1
1
1
1
1
1
1
1
1
1
1
1
1
1
1
1
1
1
0.999626
1
1
1
1
1
1
1
1
1
1
1
1
1
1
1
1
1
1
1
1
1
1
1
1
1
1
1
1


0.0116922
0.0116922
0.0118334
0.0120499
0.0120499
0.01279
0.0133974
0.0145072
0.0151667
0.015335
0.0153428
0.0158226
0.0166784
0.0166784
0.0168943
0.0178342
0.018657
0.0190078
0.0191172
0.0199415
0.0201887
0.0211607
0.0223261
0.0278173
0.0278173
0.0278296
0.0278296
0.028017
0.0290877
0.030138
0.0301399
0.0329864
0.0329864
0.0330668
0.0333156
0.0333694
0.0337905
0.0350429
0.035169
0.0370291
0.0418276
0.0402286
0.0426103
0.0449451
0.0477134
0.0477996
0.0489294
0.0489294
0.0509032
0.0517384
0.0528872
0.0610284
0.0610974
0.0611103
0.0617762
0.0624455
0.067924
0.0679244
0.0679259
0.0679259
0.0680052
0.068025
0.0725202
0.0725202
0.0725662
0.0728103
0.0728103
0.074986
0.0754017
0.0754024
0.0758401
0.0762954
0.077158
0.0771582
0.07724
0.07724
0.0772404
0.0777894
0.0787054
0.0787056
0.0787716
0.0791258
0.0792962
0.0792973
0.0797007
0.0797278
0.0798691
0.0798709
0.0798709
0.0800274
0.0800274
0.080062
0.080062
0.0800894
0.0801658
0.0801912
0.0801912
0.0801968
0.0802373
0.080298
0.0803256
0.080326
0.0803545
0.0803777
0.0803887
0.0804177
0.0804182
0.0804309
0.080437
0.0805189
0.0805189
0.0806464
0.0806495
0.0810505
0.0810515
0.0810719
0.0810794
0.0810799
0.0810799
0.0810799
0.0810801
0.0810825
0.081086
0.081094
0.0811012
0.0811012
0.0811012
0.0811021
0.0811071
0.0811158
0.0811158
0.0794508
0.0805219
0.0805219
0.0805219
0.0805227
0.0805227
0.0805243
0.0805254
0.0805261
0.0805261
0.0805263
0.0805264
0.0812446
0.0812446
0.0812446
0.0812449
0.0812457
0.0812717
0.081272
0.081272
0.081272
0.0812722
0.0812722
0.0812722
0.0812724
0.0812725
0.0812725
0.0812725
0.0812727
0.0812727
0.0812727
0.0812727
0.0812728
0.0812728
0.0812728
0.0812729
0.0812729
0.0812729
0.0812729
0.0812729
0.0812729
0.0812729
0.0812729
0.0813525
0.0818756
0.0824816
0.0842985
0.0842985
0.0842985
0.0842985
0.0842985
0.0842985
0.0842985
0.0845898
0.0848467
0.0848467
0.084897
0.0926819
0.0927431
0.0930391
0.0956245
0.0956663
0.0968164
0.104349
0.1045
0.1045
0.110862
0.110912
0.125232
0.142149
0.178559
0.181337
0.181451
0.184624
0.184708
0.214537
0.215382
0.221913
0.28393
0.285729
0.317802
0.320786
0.333051
0.333051
0.333051
0.358839
0.358839
0.360614
0.360614
0.369151
0.386564
0.38869
0.38869
0.389652
0.395037
0.398004
0.398004
0.402157
0.402157
0.431305
0.424946
0.445639
0.445639
0.445639
0.445639
0.445639
0.447221
0.449363
0.449363
0.449363
0.434506
0.437776
0.439344
0.442868
0.444776
0.444776
0.445873
0.446221
0.448641
0.449511
0.448139
0.450042
0.450601
0.452113
0.452481
0.453507
0.454066
0.455529
0.455529
0.455529
0.45691
0.457121
0.457121
0.461144
0.461325
0.461442
0.461572
0.46166
0.461752
0.461882
0.462503
0.462503
0.463063
0.463096
0.463096
0.463288
0.463288
0.46343
0.46343
0.46343
0.453087
0.454453
0.454567
0.454662
0.460844
0.460869
0.460916
0.4626
0.462616
0.462616
0.4608
0.460818
0.460864
0.463985
0.463985
0.463985
0.463985
0.463991
0.467362
0.467362
0.467371
0.46738
0.467383
0.467383
0.467385
0.467395
0.4674
0.4674
0.467409
0.467411
0.467404
0.467405
0.467405
0.467413
0.467415
0.467415
0.467419
0.467419
0.467419
0.467421
0.451827
0.452928
0.455526
0.458912
0.458913
0.458913
0.458913
0.458913
0.458915
0.458915
0.459168
0.460109
0.460114
0.460114
0.460114
0.460114
0.460114
0.460114
0.460114
0.460114
0.465383
0.465383
0.465383
0.465383
0.465383
0.465383
0.465383
0.465383
0.465383
0.465383
0.449831
0.457746
0.458692
0.458813
0.458813
0.458931
0.458931
0.458931
0.458931
0.458931
0.451535
0.451535
0.45551
0.455617
0.455617
0.457522
0.457522
0.457522
0.458663
0.458663
0.456987
0.456987
0.460383
0.460383
0.460383
0.463002
0.463002
0.463002
0.463002
0.463002
0.452947
0.452947
0.457393
0.457393
0.457632
0.461399
0.461399
0.461399
0.461399
0.461399
0.454265
0.46307
0.46307
0.46307
0.46307
0.46307
0.46307
0.46307
0.46307


0.0109519
0.0110063
0.011609
0.0124789
0.0125956
0.0126018
0.0128217
0.0131894
0.0133246
0.013579
0.0139889
0.0142148
0.0142716
0.0150625
0.0156048
0.0164567
0.0164567
0.0164629
0.017533
0.017533
0.0181187
0.0182026
0.0195482
0.0197617
0.0203082
0.0235521
0.0235932
0.0235932
0.0241419
0.027039
0.0397325
0.0352682
0.0359796
0.0367801
0.041155
0.0416085
0.041757
0.0441723
0.04797
0.0488449
0.0496
0.0596667
0.0596667
0.0605892
0.0623082
0.0648574
0.0691872
0.0823876
0.0823876
0.0844015
0.0852629
0.0876843
0.095363
0.0989636
0.106473
0.115796
0.117632
0.118058
0.124746
0.130084
0.160931
0.16104
0.16104
0.163432
0.181219
0.182796
0.183058
0.211666
0.211666
0.211893
0.22218
0.23671
0.269532
0.317446
0.317446
0.317708
0.32409
0.337081
0.355119
0.358373
0.37758
0.377565
0.409949
0.422984
0.428636
0.428636
0.434208
0.434277
0.448853
0.463714
0.469839
0.464866
0.491438
0.491522
0.498859
0.499257
0.502748
0.508231
0.508285
0.543187
0.543187
0.543607
0.544652
0.546574
0.553225
0.556002
0.556002
0.558571
0.558602
0.563495
0.563513
0.562488
0.564973
0.564976
0.564976
0.566592
0.566595
0.569538
0.56954
0.56954
0.570194
0.570195
0.570861
0.571398
0.571765
0.571769
0.571942
0.572028
0.572193
0.572283
0.572318
0.572438
0.572596
0.573061
0.573062
0.573063
0.573231
0.573378
0.573404
0.573404
0.573561
0.573561
0.573635
0.573839
0.573839
0.573839
0.573868
0.573932
0.574027
0.574027
0.574042
0.574057
0.574139
0.574139
0.574139
0.574139
0.574139
0.574155
0.57416
0.57417
0.574176
0.574176
0.574182
0.57419
0.574202
0.574208
0.574214
0.57423
0.57423
0.574231
0.574235
0.574241
0.574243
0.574243
0.57425
0.574251
0.574252
0.574253
0.574253
0.574255
0.574256
0.574255
0.574255
0.574258
0.574258
0.574258
0.574259
0.574259
0.574259
0.574259
0.574259
0.57426
0.57426
0.57426
0.57426
0.57426
0.574261
0.574261
0.574261
0.574261
0.574261
0.574261
0.574261
0.574261
0.574261
0.574261
0.574261
0.574261
0.574261
0.574261
0.574261
0.574261
0.574261
0.574261
0.574261
0.574261
0.574261
0.574261
0.574261
0.574262
0.574262
0.574262
0.574262
0.574262
0.574262
0.574262
0.574262
0.574262
0.574262
0.574262
0.574262
0.574262
0.574262
0.574262
0.574262
0.574262
0.574262
0.574262
0.574262
0.574262
0.574262
0.574262
0.574262
0.574262
0.574262
0.574262
0.574262
0.574262
0.574262
0.574262
0.574262
0.574262
0.574262
0.574262
0.574262
0.574262
0.574262
0.574262
0.574262
0.574262
0.574262
0.574262
0.574262
0.574262
0.574262
0.574262
0.574262
0.574262
0.574262
0.574262
0.574262
0.574262
0.574262
0.574262
0.574262
0.574262
0.574262
0.574262
0.574262
0.574262
0.574262
0.574262
0.574262
0.574262
0.574262
0.574262
0.574262
0.574262
0.574262
0.574262
0.574262
0.574262
0.574262
0.574262
0.574262
0.574262
0.574262
0.574262
0.574262
0.574262
0.574262
0.574262
0.574262
0.574262
0.574262
0.574262
0.574262
0.574262
0.574262
0.574262
0.574262
0.574262
0.574262
0.574262
0.574262
0.574262
0.574262
0.574262
0.574262
0.574262
0.574262
0.574262
0.574262
0.574262
0.574262
0.574262
0.574262
0.574262
0.574262
0.574262
0.574262
0.574262
0.574262
0.574262
0.574262
0.574262
0.574262
0.574262
0.574262
0.574262
0.574262
0.574262
0.574262
0.574262
0.574262
0.574262
0.574262
0.574262
0.574262
0.574262
0.574262
0.574262
0.574262
0.574262
0.574262
0.574262
0.574262
0.574262
0.574262
0.574262
0.574262
0.574262
0.574262
0.574262
0.574262
0.574262
0.574262
0.574262
0.574262
0.574262
0.574262
0.574262
0.574262
0.574262
0.574262
0.574262
0.574262
0.574262
0.574262
0.574262
0.574262
0.574262
0.574262
0.574262
0.574262
0.574262
0.574262
0.574262
0.574262
0.574262
0.574262
0.574262
0.574262
0.574262
0.574262
0.574262
0.574262
0.574262
0.574262
0.574262


0.00928694
0.0093784
0.00974286
0.010713
0.0109997
0.0114182
0.0114182
0.0122287
0.0122893
0.0125625
0.0129664
0.0130032
0.0131552
0.0133685
0.0133912
0.0137447
0.0141426
0.0143387
0.0143387
0.0144922
0.0146674
0.0148247
0.015058
0.0168434
0.01692
0.0177906
0.0185042
0.0186881
0.0187919
0.0190659
0.0205991
0.0209507
0.0216749
0.0227754
0.0238482
0.0238482
0.0265023
0.0265023
0.0267753
0.0279995
0.0301991
0.0320065
0.0366698
0.0417474
0.0450218
0.0452595
0.0487004
0.048949
0.0533379
0.0575885
0.0635726
0.0662175
0.0663704
0.0689215
0.0689215
0.0752137
0.0771901
0.0791523
0.0839759
0.0853727
0.0854479
0.0891212
0.0913197
0.0913197
0.094153
0.0954677
0.0974155
0.102089
0.10445
0.105232
0.107875
0.107281
0.108278
0.109351
0.111549
0.111706
0.113398
0.113414
0.113513
0.113703
0.114055
0.114275
0.114275
0.114478
0.115632
0.115733
0.115844
0.116313
0.116415
0.116466
0.116583
0.116962
0.117088
0.117193
0.117193
0.117285
0.117314
0.117483
0.117616
0.117618
0.117755
0.117795
0.117809
0.117838
0.117891
0.117891
0.117923
0.117963
0.117963
0.117964
0.118016
0.118041
0.118052
0.118056
0.118067
0.118069
0.118074
0.118076
0.118082
0.118084
0.118084
0.118087
0.118091
0.118095
0.118098
0.118098
0.118099
0.118103
0.118107
0.118107
0.118107
0.118112
0.118112
0.118112
0.118115
0.118115
0.118115
0.118115
0.118115
0.118116
0.118117
0.118117
0.118117
0.118117
0.118118
0.118119
0.118119
0.118119
0.118119
0.118119
0.11812
0.11812
0.11812
0.11812
0.11812
0.11812
0.118121
0.118121
0.118121
0.118121
0.118121
0.118121
0.118121
0.118121
0.118121
0.118121
0.118121
0.118121
0.118122
0.118122
0.118122
0.118122
0.118122
0.118122
0.118122
0.118122
0.118122
0.118122
0.118122
0.118122
0.118122
0.118122
0.118122
0.118122
0.118122
0.118122
0.118122
0.118122
0.118122
0.118122
0.118122
0.118122
0.118122
0.118122
0.118122
0.118122
0.118122
0.118122
0.118122
0.118122
0.118122
0.118122
0.118122
0.118122
0.118122
0.118122
0.118122
0.118122
0.118122
0.118122
0.118122
0.118122
0.118122
0.118122
0.118122
0.118122
0.118122
0.118122
0.118122
0.118122
0.118122
0.118122
0.118122
0.118122
0.118122
0.118122
0.118122
0.118122
0.118122
0.118122
0.118122
0.118122
0.118122
0.118122
0.118122
0.118122
0.118122
0.118122
0.118122
0.118122
0.118122
0.118122
0.118122
0.118122
0.118122
0.118122
0.118122
0.118122
0.118122
0.118122
0.118122
0.118122
0.118122
0.118122
0.118122
0.118122
0.118122
0.118122
0.118122
0.118122
0.118122
0.118122
0.118122
0.118122
0.118122
0.118122
0.118122
0.118122
0.118122
0.118122
0.118122
0.118122
0.118122
0.118122
0.118122
0.118122
0.118122
0.118122
0.118122
0.118122
0.118122
0.118122
0.118122
0.118122
0.118122
0.118122
0.118122
0.118122
0.118122
0.118122
0.118122
0.118122
0.118122
0.118122
0.118122
0.118122
0.118122
0.118122
0.118122
0.118122
0.118122
0.118122
0.118122
0.118122
0.118122
0.118122
0.118122
0.118122
0.118122
0.118122
0.118122
0.118122
0.118122
0.118122
0.118122
0.118122
0.118122
0.118122
0.118122
0.118122
0.118122
0.118122
0.118122
0.118122
0.118122
0.118122
0.118122
0.118122
0.118122
0.118122
0.118122
0.118122
0.118122
0.118122
0.118122
0.118122
0.118122
0.118122
0.118122
0.118122
0.118122
0.118122
0.118122
0.118122
0.118122
0.118122
0.118122
0.118122
0.118122
0.118122
0.118122
0.118122
0.118122
0.118122
0.118122
0.118122
0.118122
0.118122
0.118122
0.118122
0.118122
0.118122
0.118122
0.118122
0.118122
0.118122
0.118122
0.118122
0.118122
0.118122
0.118122
0.118122
0.118122
0.118122
0.118122
0.118122
0.118122
0.118122
0.118122
0.118122
0.118122
0.118122
0.118122
0.118122
0.118122
0.118122
0.118122
0.118122
0.118122
0.118122
0.118122
0.118122
0.118122
0.118122
0.118122
0.118122
0.118122
0.118122
0.118122
0.118122


0.00942769
0.00991865
0.0103173
0.0104474
0.0105008
0.0108882
0.010914
0.0113282
0.0116977
0.0117413
0.0118108
0.011944
0.0121632
0.0123468
0.0127721
0.0133831
0.0136138
0.0142028
0.0144699
0.0144699
0.0146697
0.014721
0.0154515
0.0160974
0.0160974
0.0176827
0.0187277
0.0190359
0.0193977
0.019622
0.0203709
0.0212057
0.0228842
0.0232375
0.0242973
0.0257815
0.0265784
0.027329
0.0290042
0.031308
0.0324167
0.0342352
0.0360341
0.0375671
0.0379791
0.0424865
0.0424865
0.043439
0.0442744
0.0459222
0.0496106
0.0496106
0.0508119
0.052031
0.0524663
0.0540759
0.0559324
0.057459
0.0592003
0.0594398
0.0602054
0.0670925
0.0684774
0.0713251
0.0751728
0.0755659
0.0764393
0.0766264
0.0794289
0.0809479
0.083625
0.0849307
0.0854003
0.0880079
0.0882976
0.089162
0.0909774
0.0917194
0.0928887
0.0959997
0.0959997
0.0964536
0.0968584
0.0974553
0.0984599
0.0990252
0.0992685
0.100056
0.100056
0.100376
0.100376
0.10095
0.101893
0.10217
0.102212
0.102364
0.102481
0.102801
0.102927
0.102927
0.102944
0.10303
0.103246
0.10342
0.103469
0.103574
0.103622
0.103642
0.103647
0.103685
0.103766
0.103778
0.103824
0.103847
0.103871
0.103889
0.103903
0.103904
0.103926
0.103936
0.103943
0.103953
0.103953
0.103961
0.103969
0.103971
0.10398
0.103989
0.103991
0.104002
0.104009
0.104024
0.104024
0.104024
0.104025
0.104028
0.104031
0.104035
0.104038
0.104038
0.104039
0.104042
0.104043
0.104043
0.104044
0.104045
0.104047
0.104048
0.104048
0.104049
0.104049
0.104049
0.10405
0.10405
0.10405
0.10405
0.10405
0.104051
0.104051
0.104051
0.104051
0.104051
0.104051
0.104051
0.104051
0.104052
0.104052
0.104052
0.104052
0.104052
0.104052
0.104052
0.104052
0.104052
0.104052
0.104052
0.104052
0.104052
0.104052
0.104052
0.104052
0.104052
0.104052
0.104052
0.104052
0.104052
0.104052
0.104052
0.104052
0.104052
0.104052
0.104052
0.104052
0.104052
0.104052
0.104052
0.104052
0.104052
0.104052
0.104052
0.104052
0.104052
0.104052
0.104052
0.104052
0.104052
0.104052
0.104052
0.104052
0.104052
0.104052
0.104052
0.104052
0.104052
0.104052
0.104052
0.104052
0.104052
0.104052
0.104052
0.104052
0.104052
0.104052
0.104052
0.104052
0.104052
0.104052
0.104052
0.104052
0.104052
0.104052
0.104052
0.104052
0.104052
0.104052
0.104052
0.104052
0.104052
0.104052
0.104052
0.104052
0.104052
0.104052
0.104052
0.104052
0.104052
0.104052
0.104052
0.104052
0.104052
0.104052
0.104052
0.104052
0.104052
0.104052
0.104052
0.104052
0.104052
0.104052
0.104052
0.104052
0.104052
0.104052
0.104052
0.104052
0.104052
0.104052
0.104052
0.104052
0.104052
0.104052
0.104052
0.104052
0.104052
0.104052
0.104052
0.104052
0.104052
0.104052
0.104052
0.104052
0.104052
0.104052
0.104052
0.104052
0.104052
0.104052
0.104052
0.104052
0.104052
0.104052
0.104052
0.104052
0.104052
0.104052
0.104052
0.104052
0.104052
0.104052
0.104052
0.104052
0.104052
0.104052
0.104052
0.104052
0.104052
0.104052
0.104052
0.104052
0.104052
0.104052
0.104052
0.104052
0.104052
0.104052
0.104052
0.104052
0.104052
0.104052
0.104052
0.104052
0.104052
0.104052
0.104052
0.104052
0.104052
0.104052
0.104052
0.104052
0.104052
0.104052
0.104052
0.104052
0.104052
0.104052
0.104052
0.104052
0.104052
0.104052
0.104052
0.104052
0.104052
0.104052
0.104052
0.104052
0.104052
0.104052
0.104052
0.104052
0.104052
0.104052
0.104052
0.104052
0.104052
0.104052
0.104052
0.104052
0.104052
0.104052
0.104052
0.104052
0.104052
0.104052
0.104052
0.104052
0.104052
0.104052
0.104052
0.104052
0.104052
0.104052
0.104052
0.104052
0.104052
0.104052
0.104052
0.104052
0.104052
0.104052
0.104052
0.104052
0.104052
0.104052
0.104052
0.104052
0.104052
0.104052
0.104052
0.104052
0.104052
0.104052
0.104052
0.104052
0.104052
0.104052
0.104052
0.104052
0.104052
0.104052
0.104052


0.0107676
0.0113765
0.011378
0.0117617
0.0122011
0.0125499
0.0131543
0.0140981
0.0146102
0.0146103
0.0151028
0.0156601
0.0156601
0.0159837
0.0163921
0.0166383
0.0178063
0.0178063
0.0197825
0.0197825
0.0199757
0.0201
0.0201
0.0214218
0.0214218
0.0214366
0.0231137
0.0248149
0.0282846
0.0283973
0.0290985
0.0318614
0.032899
0.0334953
0.0350699
0.0369627
0.0369627
0.03852
0.0393851
0.0450531
0.0452612
0.0465698
0.0530398
0.0555857
0.0580695
0.062923
0.0663917
0.0663917
0.0682147
0.0682147
0.0707896
0.0785197
0.0795153
0.0840253
0.0853634
0.0887994
0.0890289
0.0963543
0.096846
0.0976968
0.0976999
0.107799
0.108433
0.108911
0.114594
0.117639
0.119323
0.119538
0.12144
0.12374
0.12374
0.124531
0.124565
0.124876
0.126239
0.127225
0.12726
0.12726
0.128572
0.129553
0.130606
0.130665
0.130957
0.132751
0.133279
0.133291
0.13335
0.133397
0.133397
0.133423
0.133756
0.133345
0.133352
0.133682
0.134572
0.134572
0.134572
0.134716
0.134722
0.135092
0.135092
0.135268
0.135648
0.135648
0.135673
0.135697
0.135697
0.135697
0.135962
0.135962
0.136012
0.136066
0.136068
0.136068
0.136122
0.136157
0.136181
0.136183
0.13621
0.136218
0.136227
0.136227
0.13623
0.13628
0.136301
0.136322
0.136346
0.136346
0.136347
0.136347
0.136366
0.136366
0.13638
0.13638
0.136381
0.136382
0.136384
0.136396
0.136396
0.136404
0.136413
0.136404
0.136411
0.136413
0.136414
0.136416
0.136417
0.136419
0.13642
0.13642
0.136421
0.136422
0.136422
0.136423
0.136423
0.136424
0.136425
0.136425
0.136425
0.136427
0.136427
0.136426
0.136427
0.136427
0.136428
0.136428
0.136428
0.136428
0.136428
0.136428
0.136428
0.136428
0.136428
0.136429
0.136429
0.136429
0.136429
0.136429
0.136429
0.136429
0.136429
0.136429
0.136429
0.13643
0.13643
0.13643
0.13643
0.13643
0.13643
0.13643
0.13643
0.13643
0.13643
0.13643
0.13643
0.13643
0.13643
0.13643
0.13643
0.13643
0.13643
0.13643
0.13643
0.13643
0.13643
0.13643
0.13643
0.13643
0.13643
0.13643
0.13643
0.13643
0.13643
0.13643
0.13643
0.13643
0.13643
0.13643
0.13643
0.13643
0.13643
0.13643
0.13643
0.13643
0.13643
0.13643
0.13643
0.13643
0.13643
0.13643
0.13643
0.13643
0.13643
0.13643
0.13643
0.13643
0.13643
0.13643
0.13643
0.13643
0.13643
0.13643
0.13643
0.13643
0.13643
0.13643
0.13643
0.13643
0.13643
0.13643
0.13643
0.13643
0.13643
0.13643
0.13643
0.13643
0.13643
0.13643
0.13643
0.13643
0.13643
0.13643
0.13643
0.13643
0.13643
0.13643
0.13643
0.13643
0.13643
0.13643
0.13643
0.13643
0.13643
0.13643
0.13643
0.13643
0.13643
0.13643
0.13643
0.13643
0.13643
0.13643
0.13643
0.13643
0.13643
0.13643
0.13643
0.13643
0.13643
0.13643
0.13643
0.13643
0.13643
0.13643
0.13643
0.13643
0.13643
0.13643
0.13643
0.13643
0.13643
0.13643
0.13643
0.13643
0.13643
0.13643
0.13643
0.13643
0.13643
0.13643
0.13643
0.13643
0.13643
0.13643
0.13643
0.13643
0.13643
0.13643
0.13643
0.13643
0.13643
0.13643
0.13643
0.13643
0.13643
0.13643
0.13643
0.13643
0.13643
0.13643
0.13643
0.13643
0.13643
0.13643
0.13643
0.13643
0.13643
0.13643
0.13643
0.13643
0.13643
0.13643
0.13643
0.13643
0.13643
0.13643
0.13643
0.13643
0.13643
0.13643
0.13643
0.13643
0.13643
0.13643
0.13643
0.13643
0.13643
0.13643
0.13643
0.13643
0.13643
0.13643
0.13643
0.13643
0.13643
0.13643
0.13643
0.13643
0.13643
0.13643
0.13643
0.13643
0.13643
0.13643
0.13643
0.13643
0.13643
0.13643
0.13643
0.13643
0.13643
0.13643
0.13643
0.13643
0.13643
0.13643
0.13643
0.13643
0.13643
0.13643
0.13643
0.13643
0.13643
0.13643
0.13643
0.13643
0.13643
0.13643
0.13643
0.13643


0.00918412
0.00973566
0.0102468
0.0109559
0.0112154
0.0115608
0.0117971
0.0128984
0.0137806
0.0138905
0.0143562
0.0144208
0.0148575
0.0149386
0.0157099
0.0160512
0.0163964
0.0164701
0.0181811
0.0182807
0.0186335
0.0197757
0.0209546
0.0227169
0.0236562
0.0243082
0.0255493
0.0295128
0.0295128
0.0334183
0.0359701
0.0344242
0.0381719
0.0417118
0.0443231
0.0457343
0.0475802
0.0534737
0.053874
0.0542406
0.0625861
0.0653231
0.0663142
0.0668978
0.0709216
0.0772213
0.0773394
0.0781039
0.087318
0.0873295
0.0940018
0.0969891
0.104219
0.110672
0.111038
0.112266
0.116487
0.117686
0.121145
0.121797
0.125797
0.126367
0.128647
0.129252
0.130545
0.132214
0.133
0.133407
0.133595
0.135097
0.135194
0.13579
0.136487
0.137518
0.137959
0.138414
0.138969
0.139242
0.139323
0.139964
0.140147
0.140552
0.140728
0.140913
0.14096
0.140986
0.141064
0.141162
0.14119
0.141217
0.141503
0.14167
0.14167
0.141789
0.141831
0.141838
0.14191
0.141996
0.142002
0.142109
0.142157
0.142206
0.142206
0.142261
0.142286
0.142297
0.142301
0.14234
0.142343
0.142351
0.142364
0.142367
0.142388
0.142393
0.142396
0.1424
0.142402
0.142419
0.142423
0.142423
0.142425
0.142431
0.142437
0.142442
0.142446
0.14245
0.142451
0.142451
0.142457
0.142459
0.142459
0.142461
0.142461
0.142462
0.142462
0.142463
0.142464
0.142464
0.142464
0.142464
0.142465
0.142465
0.142466
0.142466
0.142466
0.142467
0.142467
0.142467
0.142467
0.142467
0.142467
0.142468
0.142468
0.142468
0.142468
0.142468
0.142468
0.142468
0.142468
0.142468
0.142468
0.142468
0.142468
0.142468
0.142468
0.142468
0.142468
0.142468
0.142468
0.142468
0.142468
0.142468
0.142468
0.142468
0.142468
0.142468
0.142468
0.142468
0.142468
0.142468
0.142468
0.142468
0.142468
0.142468
0.142468
0.142468
0.142468
0.142468
0.142468
0.142468
0.142468
0.142468
0.142468
0.142468
0.142468
0.142468
0.142468
0.142468
0.142468
0.142468
0.142468
0.142468
0.142468
0.142468
0.142468
0.142468
0.142468
0.142468
0.142468
0.142468
0.142468
0.142468
0.142468
0.142468
0.142468
0.142468
0.142468
0.142468
0.142468
0.142468
0.142468
0.142468
0.142468
0.142468
0.142468
0.142468
0.142468
0.142468
0.142468
0.142468
0.142468
0.142468
0.142468
0.142468
0.142468
0.142468
0.142468
0.142468
0.142468
0.142468
0.142468
0.142468
0.142468
0.142468
0.142468
0.142468
0.142468
0.142468
0.142468
0.142468
0.142468
0.142468
0.142468
0.142468
0.142468
0.142468
0.142468
0.142468
0.142468
0.142468
0.142468
0.142468
0.142468
0.142468
0.142468
0.142468
0.142468
0.142468
0.142468
0.142468
0.142468
0.142468
0.142468
0.142468
0.142468
0.142468
0.142468
0.142468
0.142468
0.142468
0.142468
0.142468
0.142468
0.142468
0.142468
0.142468
0.142468
0.142468
0.142468
0.142468
0.142468
0.142468
0.142468
0.142468
0.142468
0.142468
0.142468
0.142468
0.142468
0.142468
0.142468
0.142468
0.142468
0.142468
0.142468
0.142468
0.142468
0.142468
0.142468
0.142468
0.142468
0.142468
0.142468
0.142468
0.145138
0.145138
0.146526
0.146526
0.147813
0.148217
0.153654
0.153059
0.153059
0.154243
0.154243
0.154509
0.154509
0.154509
0.154509
0.154625
0.154985
0.155294
0.156966
0.159596
0.159596
0.159596
0.159596
0.16081
0.16081
0.16081
0.16081
0.162662
0.163454
0.163454
0.166917
0.169316
0.169316
0.171175
0.171916
0.171916
0.171916
0.17143
0.172023
0.172384
0.173498
0.173821
0.173974
0.174134
0.174156
0.174156
0.175616
0.175264
0.175891
0.176052
0.176052
0.176171
0.176405
0.176629
0.176691
0.176946
0.177039
0.177088
0.177397
0.177397
0.177397
0.177397
0.177413
0.177418
0.177465
0.177501
0.177569
0.177576
0.177662
0.177699
0.177861
0.177861
0.177861
0.177861
0.177861
0.177861
0.177982
0.178089
0.178089
0.178105
0.178105
0.178131
0.178195
0.1782
0.1782
0.178224


0.00938921
0.00963205
0.0101147
0.0103744
0.0104222
0.0104245
0.0105378
0.0107828
0.0109979
0.0111812
0.0115178
0.0116021
0.0118543
0.0119691
0.0121227
0.0122845
0.0126099
0.0130949
0.0131809
0.0131809
0.0132435
0.0132435
0.013248
0.013248
0.0134638
0.0134638
0.0134695
0.0135275
0.0136499
0.0139507
0.0139694
0.0139643
0.0139754
0.0139754
0.0140047
0.0140424
0.0140557
0.014093
0.0140968
0.0141505
0.0141536
0.0141575
0.0141803
0.014188
0.0142209
0.0142227
0.0142236
0.0142254
0.0142288
0.0142515
0.0142591
0.0142627
0.0142655
0.0142666
0.0142701
0.0142729
0.014275
0.014275
0.014275
0.0146282
0.014631
0.0149349
0.015394
0.015394
0.0155487
0.0155487
0.0155487
0.0156001
0.0156001
0.0156001
0.0156001
0.015049
0.0150975
0.0151105
0.0151114
0.0151114
0.0151577
0.0151579
0.0151579
0.0152544
0.0152544
0.0152546
0.0153808
0.0154263
0.0154263
0.0156399
0.0176788
0.0176841
0.0176841
0.0176841
0.0176841
0.016731
0.0171492
0.0171492
0.0175713
0.0179674
0.0179674
0.0180301
0.0186429
0.0186462
0.0186462
0.0185455
0.0185455
0.0200998
0.0201178
0.0201531
0.0201666
0.0201668
0.0201668
0.0207461
0.0220615
0.0293624
0.0294072
0.0294213
0.0317366
0.037002
0.0370852
0.0370852
0.0384378
0.0388504
0.0437533
0.042999
0.0486499
0.0547811
0.0547811
0.0547811
0.0547811
0.0584486
0.061275
0.061275
0.0616276
0.0599339
0.060218
0.060218
0.0682442
0.0686195
0.0691638
0.0758156
0.0758156
0.0785476
0.0874151
0.087847
0.0923221
0.0923221
0.0923221
0.0948268
0.0948268
0.0971763
0.100003
0.100003
0.100003
0.103061
0.105352
0.105352
0.112491
0.112491
0.113988
0.11482
0.11482
0.116105
0.116456
0.117138
0.118489
0.118489
0.125422
0.125422
0.125716
0.125716
0.126286
0.126311
0.128145
0.151416
0.152141
0.153018
0.153437
0.166136
0.166136
0.166136
0.166136
0.16802
0.16802
0.171825
0.171825
0.171825
0.171825
0.183598
0.183966
0.188059
0.194183
0.194428
0.19683
0.201821
0.211724
0.213047
0.222217
0.22287
0.22287
0.227487
0.227487
0.228001
0.23316
0.236521
0.240692
0.241539
0.24407
0.245257
0.25051
0.252025
0.252504
0.252619
0.254445
0.255849
0.255849
0.256554
0.257705
0.259195
0.260682
0.260682
0.261453
0.261987
0.262054
0.263582
0.26446
0.264919
0.264919
0.265391
0.265391
0.265601
0.265608
0.265952
0.265952
0.266058
0.266218
0.266264
0.266264
0.26638
0.266646
0.266701
0.266902
0.266953
0.266953
0.266995
0.267051
0.267096
0.267258
0.267261
0.267261
0.267371
0.26742
0.26742
0.267478
0.267469
0.267505
0.267538
0.267565
0.267568
0.267572
0.267576
0.267583
0.267598
0.267611
0.267612
0.267624
0.267632
0.267638
0.267654
0.267667
0.267668
0.267676
0.267677
0.267679
0.267688
0.267691
0.267695
0.267695
0.267697
0.2677
0.267705
0.267705
0.267706
0.267707
0.267709
0.26771
0.26771
0.26771
0.267711
0.267711
0.267712
0.267714
0.267715
0.267715
0.267715
0.267716
0.267717
0.267717
0.267717
0.267717
0.267718
0.267718
0.267718
0.267718
0.267718
0.272462
0.273746
0.27428
0.282942
0.282942
0.282942
0.282942
0.288534
0.288534
0.288744
0.289923
0.290007
0.290007
0.290007
0.290007
0.290007
0.290461
0.290461
0.291916
0.292695
0.293534
0.29398
0.29398
0.294394
0.294412
0.295192
0.295192
0.295192
0.295192
0.295192
0.295192
0.295572
0.295572
0.295572
0.296495
0.296617
0.296617
0.296684
0.296684
0.296587
0.296868
0.29703
0.297093
0.297093
0.297276
0.29738
0.297549
0.297549
0.297922
0.297969
0.298049
0.298064
0.298085
0.298282
0.298343
0.298729
0.298912
0.299417
0.299507
0.299539
0.299656
0.29986
0.29986
0.29986
0.299897
0.30001
0.300137
0.300137
0.300137
0.300188
0.300196
0.300281
0.300281
0.300281
0.300286
0.300286
0.300286
0.300286
0.300286
0.300271
0.300286
0.300286
0.300286
0.30029
0.30029
0.30029
0.300293
0.300293
0.300299
0.300305
0.300309
0.300309
0.300312
0.300317
0.30032
0.300384
0.300404
0.300438


0.00944071
0.0110133
0.0115265
0.0124759
0.0125773
0.0127737
0.0132054
0.0138065
0.0140637
0.0140643
0.01413
0.0145278
0.0145278
0.0146732
0.0149037
0.0149467
0.0150173
0.015216
0.0155225
0.0157066
0.0158684
0.0164902
0.0165595
0.0175474
0.017706
0.0182673
0.019037
0.019082
0.0197395
0.0206405
0.0218566
0.0218858
0.0223046
0.0234248
0.0234248
0.023653
0.024654
0.0266598
0.0297504
0.0359263
0.0370154
0.0457401
0.0521287
0.0594525
0.0594525
0.0648233
0.06775
0.0743261
0.0786611
0.0791193
0.0890228
0.0977408
0.106475
0.115291
0.120487
0.12738
0.129803
0.129803
0.137197
0.152973
0.157961
0.160421
0.168904
0.173644
0.17639
0.182252
0.183074
0.187734
0.188004
0.19265
0.20536
0.220049
0.221091
0.23183
0.232766
0.23811
0.241432
0.241777
0.248304
0.249737
0.250429
0.277931
0.278467
0.283289
0.283293
0.287483
0.289248
0.293335
0.293465
0.300015
0.3081
0.3081
0.316942
0.317065
0.317332
0.320432
0.320683
0.324193
0.324457
0.324607
0.324607
0.327829
0.329011
0.329135
0.33028
0.330902
0.331244
0.331341
0.331362
0.331744
0.331791
0.332389
0.332409
0.332564
0.332567
0.333094
0.333103
0.333495
0.333588
0.333683
0.333769
0.333772
0.333986
0.333998
0.33404
0.334048
0.334048
0.334122
0.334152
0.334195
0.334265
0.334266
0.334273
0.334344
0.334361
0.334408
0.334436
0.334439
0.334445
0.334445
0.334455
0.334458
0.334469
0.334474
0.334475
0.334484
0.334487
0.334497
0.334497
0.334501
0.334504
0.334504
0.334506
0.334507
0.334515
0.334515
0.334516
0.334519
0.334522
0.334524
0.334526
0.334526
0.334527
0.334527
0.334527
0.334528
0.334528
0.334528
0.334528
0.334528
0.334528
0.334529
0.334529
0.334529
0.334529
0.334529
0.33453
0.33453
0.33453
0.33453
0.33453
0.33453
0.33453
0.33453
0.33453
0.334531
0.334531
0.334531
0.334531
0.334531
0.334531
0.334531
0.334531
0.334531
0.334531
0.334531
0.334531
0.334531
0.334531
0.334531
0.334531
0.334531
0.334531
0.334531
0.334531
0.334531
0.334531
0.334531
0.334531
0.349191
0.359806
0.35444
0.402944
0.405703
0.407948
0.409865
0.409865
0.409865
0.451574
0.451574
0.451574
0.451574
0.457953
0.483613
0.501363
0.501363
0.507322
0.512228
0.512228
0.515908
0.522675
0.522675
0.529196
0.529196
0.529196
0.529941
0.541075
0.541075
0.543084
0.543084
0.54464
0.546903
0.546903
0.549434
0.549434
0.549434
0.550352
0.551275
0.551275
0.551495
0.554153
0.554591
0.554591
0.554877
0.554877
0.556235
0.556771
0.55693
0.558266
0.558677
0.55877
0.559642
0.559642
0.559642
0.559652
0.559698
0.560068
0.560068
0.560138
0.560138
0.560313
0.560179
0.560255
0.560462
0.560462
0.560536
0.560568
0.560618
0.560618
0.56066
0.560763
0.560883
0.560897
0.560897
0.560923
0.560959
0.560979
0.560979
0.560979
0.561002
0.56102
0.561014
0.561043
0.561048
0.561048
0.561051
0.561073
0.561073
0.56108
0.56108
0.561087
0.561086
0.561099
0.561099
0.561099
0.561104
0.561111
0.561111
0.561112
0.561112
0.561112
0.561118
0.561118
0.561118
0.56112
0.56112
0.56112
0.56112
0.56112
0.561121
0.561121
0.561122
0.561122
0.561123
0.561123
0.561123
0.561123
0.561123
0.561123
0.561124
0.561124
0.561124
0.561124
0.561125
0.561125
0.561125
0.561125
0.561125
0.561125
0.561125
0.561125
0.561125
0.561125
0.561125
0.561125
0.561125
0.561125
0.561125
0.561125
0.561125
0.561125
0.561125
0.561125
0.561125
0.561125
0.561125
0.561125
0.561125
0.561125
0.561125
0.561125
0.561125
0.561125
0.561125
0.561125
0.561125
0.561125
0.561125
0.561125
0.561125
0.561125
0.561125
0.561125
0.561125
0.561125
0.561125
0.561125
0.561125
0.561125
0.561125
0.561125
0.561125
0.561125
0.561125
0.561125
0.561125
0.561125
0.561125
0.561125
0.561125
0.561125
0.561125
0.561125
0.561125
0.561125
0.561125
0.561125
0.561125
0.561125
0.561125


0.00922915
0.00923587
0.00933072
0.00967982
0.00993687
0.010183
0.010426
0.0105637
0.0110212
0.0112319
0.0119498
0.0110213
0.0117515
0.0122579
0.0125638
0.0125671
0.0128043
0.0128043
0.013157
0.0136601
0.0147933
0.014825
0.0151798
0.0154489
0.016108
0.0171565
0.0171565
0.0171578
0.0172725
0.0189046
0.0189046
0.0206727
0.0206727
0.0206727
0.0221569
0.0254801
0.0263265
0.0279455
0.0282255
0.0286172
0.0318554
0.0375853
0.0386895
0.0398278
0.0398278
0.0438358
0.0456907
0.045758
0.0582502
0.0601933
0.0601933
0.0797731
0.0894289
0.0894289
0.093384
0.105115
0.113144
0.12061
0.156613
0.156613
0.164372
0.170362
0.249696
0.249696
0.279961
0.279961
0.279961
0.305225
0.317805
0.320771
0.374882
0.391892
0.437295
0.437295
0.437295
0.445786
0.445786
0.445786
0.454946
0.454946
0.459588
0.472761
0.486391
0.486391
0.486909
0.486909
0.488365
0.489526
0.489661
0.49004
0.491591
0.492569
0.495355
0.497014
0.500701
0.500701
0.500701
0.501172
0.502522
0.503244
0.503244
0.504176
0.505096
0.505418
0.506276
0.506276
0.506863
0.50714
0.50714
0.507264
0.507526
0.507918
0.508397
0.508409
0.508677
0.508677
0.508792
0.508895
0.508959
0.509099
0.509144
0.509205
0.509225
0.509225
0.509247
0.509319
0.509538
0.509558
0.509764
0.509817
0.509902
0.510295
0.510314
0.510407
0.510407
0.510488
0.510629
0.510647
0.510647
0.510886
0.510887
0.51074
0.511031
0.5112
0.511625
0.511952
0.512145
0.512554
0.512558
0.513033
0.514214
0.514214
0.514217
0.51426
0.51426
0.514261
0.514261
0.514261
0.51492
0.515094
0.515295
0.515519
0.51552
0.516479
0.516798
0.516836
0.516837
0.517081
0.517081
0.520915
0.520915
0.520915
0.520915
0.520915
0.523578
0.523814
0.524611
0.525521
0.525613
0.526229
0.526998
0.533872
0.533872
0.533872
0.535533
0.535533
0.535533
0.538238
0.540425
0.541426
0.541499
0.543452
0.543796
0.543796
0.546057
0.550253
0.550253
0.557837
0.557837
0.557837
0.575417
0.588206
0.595943
0.595943
0.595943
0.595943
0.598724
0.600647
0.600647
0.601215
0.601215
0.604354
0.604354
0.605711
0.608527
0.612007
0.613392
0.613392
0.614035
0.614035
0.614035
0.648506
0.649244
0.651724
0.651724
0.651724
0.660101
0.660101
0.661454
0.662784
0.672558
0.679643
0.687172
0.687305
0.693802
0.698805
0.698805
0.70303
0.720727
0.720727
0.720727
0.722431
0.737511
0.737511
0.737543
0.744238
0.744238
0.749498
0.749498
0.749498
0.752307
0.754428
0.758423
0.760597
0.765573
0.76926
0.77235
0.77627
0.77627
0.776755
0.777848
0.78122
0.78122
0.785407
0.800791
0.802108
0.802108
0.802318
0.805106
0.805106
0.806685
0.807187
0.807187
0.808065
0.808588
0.810917
0.811014
0.811014
0.811014
0.811014
0.812805
0.812805
0.814936
0.817862
0.817862
0.817862
0.818772
0.820109
0.820109
0.821092
0.821092
0.821092
0.821092
0.821131
0.821212
0.821273
0.821662
0.821662
0.821739
0.821739
0.821755
0.821939
0.821939
0.821939
0.821939
0.821939
0.822287
0.822474
0.822474
0.822474
0.822474
0.822473
0.822569
0.822569
0.822596
0.822691
0.822691
0.822691
0.822691
0.822709
0.822721
0.822752
0.822773
0.822773
0.822788
0.822794
0.822794
0.822795
0.822795
0.822796
0.822796
0.822801
0.822813
0.822818
0.822831
0.822831
0.822839
0.82285
0.822904
0.822945
0.822954
0.822954
0.822995
0.822995
0.822995
0.823022
0.823022
0.823031
0.823031
0.823031
0.823033
0.823033
0.823033
0.823056
0.823056
0.823056
0.823065
0.823065
0.823067
0.823067
0.823069
0.823068
0.82307
0.823071
0.823074
0.823075
0.823075
0.823078
0.823078
0.82308
0.82308
0.82308
0.823081
0.823081
0.823082
0.823083
0.823083
0.823083
0.823084
0.823085
0.823085
0.823087
0.823087
0.823088
0.823088
0.823088
0.823088
0.82309
0.82309
0.82309
0.82309
0.815873
0.82309
0.82309
0.82309
0.82309
0.82309
0.82309
0.82309
0.82309


0.00952552
0.00985317
0.0102627
0.010766
0.010766
0.0115609
0.0120421
0.012321
0.0124484
0.0129433
0.0135548
0.0135578
0.0136346
0.0140841
0.0144065
0.014836
0.0163218
0.0163757
0.0165771
0.0171109
0.0173318
0.0185038
0.0190148
0.0203167
0.0205016
0.0205725
0.022694
0.0229657
0.0246346
0.0268143
0.027197
0.029076
0.0309399
0.0319813
0.0350824
0.0362921
0.0379068
0.0409677
0.0428111
0.0458298
0.0469462
0.0581351
0.0592517
0.0601261
0.0722596
0.0845767
0.0857306
0.0891171
0.0981858
0.101564
0.110454
0.133531
0.133531
0.164658
0.168168
0.190919
0.190919
0.201351
0.220135
0.220135
0.236734
0.2386
0.258668
0.279926
0.287104
0.306779
0.320841
0.347137
0.372229
0.391305
0.409272
0.409272
0.416317
0.425548
0.44936
0.471859
0.478411
0.486364
0.490234
0.507383
0.510932
0.518305
0.519412
0.519412
0.531481
0.532158
0.538994
0.544916
0.544916
0.547107
0.549287
0.549759
0.555665
0.555713
0.558471
0.561076
0.563969
0.564575
0.565156
0.566494
0.56822
0.568924
0.569297
0.569746
0.569925
0.570346
0.570536
0.571058
0.571076
0.571632
0.571897
0.572303
0.572649
0.572919
0.573006
0.57339
0.573649
0.57371
0.573786
0.573852
0.573852
0.574009
0.574093
0.574305
0.57432
0.574397
0.574579
0.574621
0.574676
0.57472
0.574732
0.574763
0.574787
0.574803
0.574878
0.574879
0.574945
0.574945
0.574956
0.574981
0.575008
0.575022
0.575042
0.575058
0.575062
0.575071
0.575077
0.575082
0.575092
0.5751
0.5751
0.575112
0.57512
0.575122
0.575124
0.575128
0.575134
0.575135
0.575136
0.575136
0.57514
0.575142
0.575142
0.575143
0.575143
0.575144
0.575146
0.575146
0.575147
0.575147
0.575148
0.575149
0.57515
0.575151
0.575151
0.575151
0.575152
0.575154
0.575154
0.575154
0.575154
0.575154
0.575155
0.575155
0.575155
0.575155
0.575155
0.575156
0.575156
0.575156
0.575156
0.575156
0.575157
0.575157
0.575157
0.575157
0.575157
0.575157
0.575157
0.575157
0.575157
0.575157
0.575157
0.575157
0.575157
0.599643
0.600554
0.600554
0.600554
0.605086
0.615721
0.615721
0.629868
0.632815
0.634383
0.649488
0.649488
0.656165
0.678363
0.678363
0.678363
0.69263
0.706958
0.711716
0.729357
0.729357
0.729357
0.729357
0.738516
0.749293
0.753554
0.753554
0.756875
0.756875
0.758023
0.758023
0.760872
0.762136
0.762136
0.762918
0.765097
0.765097
0.765097
0.765287
0.774258
0.774711
0.774711
0.775457
0.776938
0.778328
0.778328
0.779444
0.779473
0.779473
0.779473
0.779825
0.780876
0.781499
0.781657
0.781935
0.782807
0.783307
0.783307
0.783307
0.783398
0.783648
0.783881
0.783881
0.783927
0.784159
0.784326
0.784603
0.784733
0.784733
0.784801
0.785042
0.785115
0.785115
0.78516
0.78516
0.785246
0.785246
0.785323
0.785328
0.785329
0.78541
0.785449
0.785449
0.785449
0.785474
0.785474
0.785479
0.785507
0.785523
0.785523
0.78553
0.785533
0.785533
0.785546
0.785551
0.785551
0.785551
0.785551
0.785551
0.785554
0.785554
0.785556
0.785556
0.785556
0.785557
0.785557
0.785558
0.785559
0.785561
0.785561
0.785561
0.785564
0.785564
0.785564
0.785564
0.785564
0.785565
0.785565
0.785565
0.785565
0.785566
0.785566
0.785566
0.785566
0.785566
0.785566
0.785566
0.785566
0.785566
0.785566
0.785566
0.785567
0.785567
0.785567
0.785567
0.785567
0.785567
0.785567
0.785567
0.785567
0.785567
0.785567
0.785567
0.785567
0.785567
0.785567
0.785567
0.785567
0.785567
0.785567
0.785567
0.785567
0.785567
0.785567
0.785567
0.785567
0.785567
0.785567
0.785567
0.785567
0.785567
0.785567
0.785567
0.785567
0.785567
0.785567
0.785567
0.785567
0.785567
0.785567
0.785567
0.785567
0.785567
0.785567
0.785567
0.785567
0.785567
0.785567
0.785567
0.785567
0.785567
0.785567
0.785567
0.785567
0.785567
0.785567
0.785567
0.785567
0.785567
0.785567
0.785567
0.785567
0.785567
0.785567
0.785567


0.00805742
0.00848426
0.00863287
0.00898412
0.00910394
0.00910394
0.00915349
0.00968003
0.0101788
0.0103714
0.0109413
0.0111118
0.0113369
0.0114607
0.0115859
0.0117863
0.01184
0.0120875
0.012529
0.012529
0.0128006
0.0128196
0.0128987
0.013948
0.014093
0.0150243
0.0156485
0.0161643
0.0161643
0.0173706
0.0176499
0.0203707
0.0205097
0.0208185
0.0215992
0.0230155
0.0240612
0.024271
0.0299907
0.0314185
0.0314185
0.0330833
0.0361827
0.0406695
0.0408528
0.0438422
0.0505147
0.0667438
0.0667438
0.066812
0.0700321
0.0878108
0.0881015
0.0904961
0.0983818
0.0989599
0.112372
0.123249
0.148647
0.158709
0.170595
0.175163
0.182594
0.197599
0.20008
0.221174
0.228717
0.249519
0.257145
0.263141
0.268156
0.27364
0.286832
0.296294
0.298759
0.304951
0.323512
0.324798
0.327708
0.36858
0.369149
0.368159
0.380927
0.381383
0.384087
0.390529
0.397586
0.404302
0.413265
0.423071
0.426285
0.425392
0.434834
0.439942
0.439942
0.44611
0.446198
0.446478
0.448917
0.449795
0.450207
0.451653
0.451696
0.454961
0.456286
0.457112
0.457133
0.460509
0.460597
0.464234
0.464234
0.464274
0.46521
0.467918
0.467985
0.46799
0.468013
0.468296
0.468695
0.468805
0.469065
0.469571
0.469573
0.469589
0.469888
0.469888
0.470064
0.470221
0.47023
0.470533
0.470614
0.470614
0.470707
0.470848
0.470874
0.470922
0.470926
0.470926
0.471163
0.471166
0.471166
0.471169
0.471221
0.471222
0.471228
0.471231
0.471238
0.471238
0.471248
0.471253
0.471276
0.471278
0.471288
0.471294
0.4713
0.47131
0.47131
0.471311
0.471316
0.471316
0.471322
0.471322
0.471327
0.471328
0.471328
0.471331
0.471331
0.471333
0.471334
0.471334
0.471335
0.471335
0.471337
0.471337
0.471337
0.471338
0.471338
0.471338
0.471338
0.47134
0.471341
0.471341
0.471341
0.471341
0.471341
0.471341
0.471342
0.471342
0.471342
0.471342
0.471342
0.471342
0.471342
0.471342
0.471342
0.471342
0.471342
0.471342
0.471342
0.471342
0.471342
0.471342
0.471342
0.471342
0.471343
0.471343
0.471343
0.471343
0.471343
0.471343
0.471343
0.471343
0.471343
0.471343
0.471343
0.471343
0.471343
0.471343
0.471343
0.471343
0.471343
0.471343
0.471343
0.471343
0.471343
0.471343
0.471343
0.471343
0.471343
0.471343
0.471343
0.471343
0.471343
0.471343
0.471343
0.471343
0.471343
0.471343
0.471343
0.471343
0.471343
0.471343
0.471343
0.471343
0.471343
0.471343
0.471343
0.471343
0.471343
0.471343
0.471343
0.471343
0.471343
0.471343
0.471343
0.471343
0.471343
0.471343
0.471343
0.471343
0.471343
0.471343
0.471343
0.471343
0.471343
0.471343
0.471343
0.471343
0.471343
0.471343
0.471343
0.471343
0.471343
0.471343
0.471343
0.471343
0.471343
0.471343
0.471343
0.471343
0.471343
0.471343
0.471343
0.471343
0.471343
0.471343
0.471343
0.471343
0.471343
0.471343
0.471343
0.471343
0.471343
0.471343
0.471343
0.471343
0.471343
0.471343
0.471343
0.471343
0.471343
0.471343
0.471343
0.471343
0.471343
0.471343
0.471343
0.471343
0.471343
0.471343
0.471343
0.471343
0.471343
0.471343
0.471343
0.471343
0.471343
0.471343
0.471343
0.471343
0.471343
0.471343
0.471343
0.471343
0.471343
0.471343
0.471343
0.471343
0.471343
0.471343
0.471343
0.471343
0.471343
0.471343
0.471343
0.471343
0.471343
0.471343
0.471343
0.471343
0.471343
0.471343
0.471343
0.471343
0.471343
0.471343
0.471343
0.471343
0.471343
0.471343
0.471343
0.471343
0.471343
0.471343
0.471343
0.471343
0.471343
0.471343
0.471343
0.471343
0.471343
0.471343
0.471343
0.471343
0.471343
0.471343
0.471343
0.471343
0.471343
0.471343
0.471343
0.471343
0.471343
0.471343
0.471343
0.471343
0.471343
0.471343
0.471343
0.471343
0.471343
0.471343
0.471343
0.471343
0.471343
0.471343
0.471343
0.471343
0.471343
0.471343
0.471343
0.471343
0.471343
0.471343
0.471343
0.471343
0.471343
0.471343
0.471343
0.471343


0.0117091
0.0122243
0.0127255
0.0127255
0.0127408
0.0138598
0.0140605
0.0140605
0.0143567
0.0148722
0.0149667
0.0151944
0.0169356
0.0169356
0.0171081
0.018023
0.0199481
0.0199481
0.0202193
0.020635
0.0211181
0.0212065
0.0224967
0.0225027
0.0240183
0.0278252
0.0278252
0.0286633
0.0311382
0.0311459
0.031403
0.0338172
0.0343894
0.0366673
0.0397846
0.0425194
0.0461842
0.0480734
0.0586949
0.0614441
0.0676944
0.070653
0.0730259
0.0791243
0.0842464
0.0859496
0.0928424
0.0964221
0.104126
0.112389
0.114708
0.115143
0.126811
0.127692
0.140897
0.159979
0.161397
0.161397
0.161397
0.166399
0.170148
0.170161
0.184715
0.185738
0.189626
0.197924
0.197924
0.199201
0.204717
0.209746
0.218862
0.230874
0.23147
0.23946
0.244527
0.244823
0.244823
0.246762
0.250304
0.252701
0.257685
0.257767
0.258767
0.258863
0.259031
0.25908
0.259736
0.260477
0.260815
0.261254
0.262206
0.262733
0.263001
0.26485
0.264876
0.265269
0.265778
0.265969
0.266167
0.266718
0.266739
0.266835
0.267007
0.267075
0.267283
0.267283
0.267287
0.267361
0.26745
0.26745
0.267594
0.267603
0.267604
0.267655
0.267702
0.267813
0.267939
0.267976
0.267978
0.267979
0.26802
0.268088
0.268091
0.268109
0.268109
0.268121
0.268123
0.268145
0.26817
0.26817
0.268171
0.268186
0.268186
0.26819
0.268191
0.268191
0.268191
0.268198
0.268199
0.268201
0.268201
0.268201
0.268208
0.268208
0.268211
0.268214
0.268214
0.268215
0.268215
0.268216
0.268216
0.268217
0.268219
0.268221
0.268221
0.268221
0.268221
0.268221
0.268222
0.268222
0.268222
0.268222
0.268223
0.268223
0.268223
0.268223
0.268224
0.268224
0.268224
0.268224
0.268224
0.268224
0.268224
0.268224
0.268224
0.268224
0.268224
0.268224
0.268224
0.268224
0.268224
0.268224
0.268224
0.268224
0.268224
0.268224
0.269423
0.269423
0.273274
0.273274
0.273274
0.281983
0.281983
0.284007
0.285426
0.285426
0.285426
0.288724
0.298125
0.305451
0.305451
0.305451
0.305451
0.305781
0.305781
0.308334
0.314302
0.314302
0.315538
0.320903
0.322321
0.327262
0.327262
0.328823
0.333159
0.334303
0.334495
0.335516
0.335516
0.33617
0.336938
0.333333
0.340636
0.340636
0.341813
0.343261
0.343876
0.343876
0.345073
0.345477
0.345477
0.345504
0.346153
0.346153
0.347164
0.347179
0.347179
0.348603
0.348603
0.348986
0.349056
0.349131
0.349131
0.349691
0.349691
0.349701
0.349758
0.349874
0.350427
0.350523
0.350523
0.350647
0.350647
0.350661
0.350697
0.350892
0.350892
0.35092
0.350954
0.351042
0.351046
0.351035
0.351036
0.351054
0.3511
0.351164
0.351164
0.351164
0.351179
0.351182
0.351182
0.351188
0.351196
0.351204
0.351207
0.351208
0.351222
0.351239
0.35125
0.35125
0.35125
0.351259
0.351267
0.351267
0.35128
0.351293
0.351293
0.351293
0.351294
0.351298
0.351299
0.351303
0.351303
0.351304
0.351307
0.351309
0.351309
0.351316
0.351316
0.351316
0.351322
0.351323
0.351323
0.351323
0.351324
0.351324
0.351324
0.351324
0.351325
0.351326
0.351326
0.351328
0.35133
0.35133
0.35133
0.35133
0.35133
0.35133
0.351331
0.351331
0.351331
0.351332
0.351332
0.351333
0.351333
0.351333
0.351334
0.351334
0.351334
0.351334
0.351334
0.351334
0.351334
0.351334
0.351334
0.351334
0.351334
0.351334
0.351334
0.351334
0.351334
0.351334
0.351334
0.351334
0.351335
0.351335
0.351335
0.351335
0.351335
0.351335
0.351335
0.351335
0.351335
0.351335
0.351335
0.351335
0.351335
0.351335
0.351335
0.351335
0.351335
0.351335
0.351335
0.351335
0.351335
0.351335
0.351335
0.351335
0.351335
0.351335
0.351335
0.351335
0.351335
0.351335
0.351335
0.351335
0.351335
0.351335
0.351335
0.351335
0.351335
0.351335
0.351335
0.351335
0.351335
0.351335
0.351335
0.351335
0.351335
0.351335
0.351335
0.351335
0.351335
0.351335
0.351335
0.351335
0.351335
0.351335
0.351335
0.351335


0.0102376
0.011491
0.011491
0.0114923
0.0118674
0.0123477
0.0130551
0.0130551
0.0141408
0.0144523
0.0144523
0.0147699
0.0151671
0.015604
0.0156978
0.0163518
0.0165171
0.0174395
0.0174663
0.0179404
0.0180268
0.0186195
0.0197516
0.0205399
0.0224781
0.0229417
0.0232047
0.0232627
0.024137
0.0259083
0.0267821
0.0284895
0.0285858
0.0309016
0.0309016
0.0325141
0.0340683
0.036636
0.0370093
0.0445044
0.0486399
0.0486399
0.0534804
0.0558035
0.0644299
0.0681341
0.0688743
0.0866929
0.0901509
0.090179
0.0944236
0.113812
0.125882
0.148528
0.159423
0.16904
0.169176
0.170857
0.191716
0.216392
0.216392
0.25284
0.285269
0.321857
0.331594
0.331594
0.338167
0.347108
0.359309
0.410339
0.414874
0.433404
0.458431
0.461938
0.465087
0.491665
0.50179
0.512952
0.517354
0.528985
0.550939
0.559382
0.559382
0.567414
0.570308
0.579212
0.583608
0.601962
0.619937
0.622483
0.635365
0.641013
0.644048
0.654208
0.660462
0.668592
0.679294
0.679294
0.681279
0.688289
0.691279
0.695504
0.697519
0.700331
0.701348
0.705884
0.706677
0.706803
0.709629
0.71079
0.711794
0.711794
0.715007
0.715425
0.715805
0.715946
0.71724
0.717257
0.718479
0.719266
0.719328
0.719589
0.720184
0.720241
0.720658
0.720761
0.721679
0.722146
0.72276
0.72282
0.72282
0.72282
0.723035
0.723103
0.723416
0.723416
0.723528
0.723591
0.723727
0.723727
0.723941
0.723915
0.724142
0.724204
0.724207
0.724214
0.724405
0.724464
0.724495
0.724585
0.724585
0.724587
0.72459
0.72459
0.724591
0.724653
0.724654
0.72473
0.724732
0.724732
0.724732
0.724748
0.724788
0.724789
0.72481
0.724822
0.724822
0.724827
0.72486
0.724875
0.724877
0.724879
0.724887
0.724887
0.724896
0.724896
0.724901
0.724903
0.724903
0.724903
0.724911
0.724919
0.724919
0.72492
0.724924
0.724924
0.724924
0.724924
0.724924
0.724927
0.724928
0.72493
0.72493
0.724931
0.724932
0.724934
0.724934
0.724934
0.724934
0.724934
0.724935
0.724935
0.724936
0.724936
0.724936
0.724936
0.724937
0.724937
0.724937
0.724938
0.724938
0.724938
0.724938
0.724938
0.724939
0.724939
0.724939
0.724939
0.724939
0.724939
0.724939
0.724939
0.724939
0.724939
0.724939
0.724939
0.724939
0.724939
0.72494
0.72494
0.72494
0.72494
0.72494
0.72494
0.72494
0.72494
0.72494
0.72494
0.72494
0.72494
0.72494
0.72494
0.72494
0.72494
0.72494
0.72494
0.72494
0.72494
0.72494
0.72494
0.72494
0.72494
0.72494
0.72494
0.72494
0.72494
0.72494
0.72494
0.72494
0.72494
0.72494
0.72494
0.72494
0.72494
0.72494
0.72494
0.72494
0.72494
0.72494
0.72494
0.72494
0.72494
0.72494
0.72494
0.72494
0.72494
0.72494
0.72494
0.72494
0.72494
0.72494
0.72494
0.72494
0.72494
0.72494
0.72494
0.72494
0.72494
0.72494
0.72494
0.72494
0.72494
0.72494
0.72494
0.72494
0.72494
0.72494
0.72494
0.72494
0.72494
0.72494
0.72494
0.72494
0.72494
0.72494
0.72494
0.72494
0.72494
0.72494
0.72494
0.72494
0.72494
0.72494
0.72494
0.72494
0.72494
0.72494
0.72494
0.72494
0.72494
0.72494
0.72494
0.72494
0.72494
0.72494
0.72494
0.72494
0.72494
0.72494
0.72494
0.72494
0.72494
0.72494
0.72494
0.72494
0.72494
0.72494
0.72494
0.72494
0.72494
0.72494
0.72494
0.72494
0.72494
0.72494
0.72494
0.72494
0.72494
0.72494
0.72494
0.72494
0.72494
0.72494
0.72494
0.72494
0.72494
0.72494
0.72494
0.72494
0.72494
0.72494
0.72494
0.72494
0.72494
0.72494
0.72494
0.72494
0.72494
0.72494
0.72494
0.72494
0.72494
0.72494
0.72494
0.72494
0.72494
0.72494
0.72494
0.72494
0.72494
0.72494
0.72494
0.72494
0.72494
0.72494
0.72494
0.72494
0.72494
0.72494
0.72494
0.72494
0.72494
0.72494
0.72494
0.72494
0.72494
0.72494
0.72494
0.72494
0.72494


0.010082
0.0115376
0.0121431
0.0125749
0.013232
0.0134566
0.0134566
0.0134576
0.013909
0.0148148
0.0149016
0.015744
0.0163929
0.0168663
0.0174906
0.0174925
0.018516
0.0188462
0.0196478
0.0196688
0.0210231
0.0221713
0.022821
0.0228508
0.0228851
0.0236751
0.0243614
0.0271303
0.0271303
0.0286801
0.0290458
0.0345375
0.0354014
0.038066
0.0384581
0.0411712
0.0486862
0.0532483
0.0537757
0.0640697
0.066034
0.0670285
0.0787449
0.0870394
0.102355
0.102963
0.107626
0.109926
0.141328
0.173738
0.17983
0.196683
0.196683
0.212128
0.246713
0.246713
0.253489
0.279027
0.301817
0.302012
0.323159
0.369232
0.4055
0.4055
0.447737
0.520927
0.523023
0.542358
0.580274
0.580274
0.596762
0.640518
0.674392
0.705182
0.705182
0.705182
0.71256
0.71256
0.725022
0.749964
0.754318
0.770301
0.79082
0.802851
0.807806
0.817105
0.838096
0.838096
0.839452
0.842687
0.845631
0.849724
0.855542
0.862046
0.863871
0.864398
0.864631
0.867362
0.86951
0.876383
0.877757
0.877842
0.878479
0.880211
0.880381
0.882285
0.883373
0.883396
0.884415
0.884987
0.885034
0.885371
0.885792
0.885792
0.88593
0.886611
0.887002
0.887105
0.887596
0.887741
0.887756
0.888073
0.888105
0.888111
0.888148
0.888318
0.888344
0.888362
0.888392
0.888432
0.888484
0.888501
0.888526
0.888587
0.888648
0.888723
0.888748
0.888775
0.888779
0.888782
0.888782
0.888817
0.888817
0.888817
0.888835
0.888841
0.888847
0.888847
0.888852
0.888855
0.888855
0.888857
0.888861
0.888874
0.888875
0.888881
0.888881
0.888883
0.888884
0.888886
0.888887
0.888888
0.888888
0.888894
0.888894
0.888894
0.888895
0.888898
0.888898
0.888898
0.8889
0.8889
0.8889
0.8889
0.8889
0.888901
0.888901
0.888902
0.888902
0.888902
0.888902
0.888902
0.888903
0.888903
0.888903
0.888903
0.888903
0.888903
0.888903
0.888903
0.888903
0.888903
0.888903
0.888903
0.888903
0.888903
0.888903
0.888903
0.888903
0.888903
0.888903
0.888903
0.888903
0.888903
0.888903
0.888903
0.888903
0.888903
0.888904
0.888904
0.888904
0.888904
0.888904
0.888904
0.888904
0.888904
0.888904
0.888904
0.888904
0.888904
0.888904
0.888904
0.888904
0.888904
0.888904
0.888904
0.888904
0.888904
0.888904
0.888904
0.888904
0.888904
0.888904
0.888904
0.888904
0.888904
0.888904
0.888904
0.888904
0.888904
0.888904
0.888904
0.888904
0.888904
0.888904
0.888904
0.888904
0.888904
0.888904
0.888904
0.888904
0.888904
0.888904
0.888904
0.888904
0.888904
0.888904
0.888904
0.888904
0.888904
0.888904
0.888904
0.888904
0.888904
0.888904
0.888904
0.888904
0.888904
0.888904
0.888904
0.888904
0.888904
0.888904
0.888904
0.888904
0.888904
0.888904
0.888904
0.888904
0.888904
0.888904
0.888904
0.888904
0.888904
0.888904
0.888904
0.888904
0.888904
0.888904
0.888904
0.888904
0.888904
0.888904
0.888904
0.888904
0.888904
0.888904
0.888904
0.888904
0.888904
0.888904
0.888904
0.888904
0.888904
0.888904
0.888904
0.888904
0.888904
0.888904
0.888904
0.888904
0.888904
0.888904
0.888904
0.888904
0.888904
0.888904
0.888904
0.888904
0.888904
0.888904
0.888904
0.888904
0.888904
0.888904
0.888904
0.888904
0.888904
0.888904
0.888904
0.888904
0.888904
0.888904
0.888904
0.888904
0.888904
0.888904
0.888904
0.888904
0.888904
0.888904
0.888904
0.888904
0.888904
0.888904
0.888904
0.888904
0.888904
0.888904
0.888904
0.888904
0.888904
0.888904
0.888904
0.888904
0.888904
0.888904
0.888904
0.888904
0.888904
0.888904
0.888904
0.888904
0.888904
0.888904
0.888904
0.888904
0.888904
0.888904
0.888904
0.888904
0.888904
0.888904
0.888904
0.888904
0.888904
0.888904
0.888904
0.888904
0.888904
0.888904
0.888904
0.888904
0.888904
0.888904
0.888904
0.888904
0.888904
0.888904
0.888904
0.888904
0.888904
0.888904
0.888904
0.888904
0.888904
0.888904
0.888904
0.888904
0.888904


0.0108773
0.0112242
0.0114625
0.0129951
0.0132525
0.0136823
0.0148944
0.0152948
0.0160218
0.0165882
0.0165882
0.0177524
0.019318
0.019318
0.0193495
0.0193495
0.0197986
0.0204541
0.0204695
0.0209429
0.020982
0.0216962
0.0221139
0.0221172
0.0224878
0.0241281
0.0247955
0.0251403
0.0270019
0.0270019
0.0281003
0.031256
0.031256
0.0315491
0.0337015
0.0359574
0.037185
0.0381029
0.0391373
0.0413777
0.045928
0.0426781
0.045584
0.0459761
0.0474489
0.0499193
0.0542519
0.0609187
0.062169
0.0624155
0.0625367
0.0631118
0.0636336
0.069136
0.0726941
0.0747448
0.0755299
0.0791213
0.082439
0.082439
0.0863827
0.0863534
0.0901057
0.0913274
0.0921792
0.0945801
0.0945801
0.0958674
0.0991464
0.100981
0.100981
0.100813
0.102771
0.103428
0.106888
0.118546
0.123189
0.138427
0.138494
0.14341
0.146299
0.153959
0.155564
0.155641
0.171398
0.171641
0.183388
0.183388
0.194397
0.204249
0.204419
0.20925
0.219916
0.229524
0.229736
0.238813
0.244163
0.244197
0.258039
0.258091
0.258091
0.258126
0.25875
0.279548
0.279548
0.279549
0.280562
0.291282
0.291282
0.298272
0.301789
0.301789
0.301969
0.301979
0.303587
0.30542
0.308599
0.308599
0.308607
0.308621
0.309257
0.309541
0.309881
0.309898
0.31094
0.312085
0.312457
0.312466
0.313022
0.313022
0.313273
0.313634
0.313634
0.314249
0.31428
0.31428
0.31428
0.314303
0.314436
0.314651
0.314919
0.314919
0.314919
0.31497
0.31497
0.314971
0.315095
0.315095
0.315167
0.315194
0.315194
0.315232
0.315288
0.315358
0.315379
0.315383
0.315383
0.315392
0.315416
0.315455
0.315508
0.315508
0.315508
0.315524
0.315526
0.315526
0.315539
0.315551
0.315554
0.315554
0.315555
0.31556
0.31556
0.315563
0.315564
0.315571
0.315571
0.315571
0.315576
0.315577
0.31558
0.31558
0.315581
0.315582
0.315582
0.315585
0.315585
0.315585
0.315585
0.315587
0.315588
0.315588
0.315588
0.315588
0.31559
0.315591
0.315591
0.315591
0.315591
0.315591
0.315591
0.315592
0.315592
0.315592
0.315592
0.315592
0.315592
0.315592
0.315592
0.315592
0.315593
0.32927
0.32927
0.32927
0.331284
0.343168
0.343168
0.346837
0.355001
0.361234
0.366725
0.371693
0.371693
0.380381
0.38182
0.391902
0.402277
0.403046
0.403046
0.403046
0.414908
0.444777
0.446938
0.446938
0.446938
0.450488
0.45913
0.466537
0.468322
0.471075
0.474351
0.483282
0.489376
0.511825
0.511825
0.514631
0.519144
0.519144
0.519144
0.52084
0.52084
0.528028
0.528028
0.532529
0.532529
0.537209
0.537209
0.537209
0.538244
0.538244
0.538347
0.53848
0.53848
0.541392
0.542353
0.545172
0.545172
0.547215
0.549083
0.553627
0.553627
0.553627
0.553933
0.554373
0.554917
0.555449
0.555449
0.555585
0.555714
0.555714
0.555714
0.556357
0.557154
0.557154
0.557195
0.557459
0.557499
0.557647
0.557647
0.557664
0.558062
0.55809
0.55809
0.558103
0.558103
0.558103
0.558103
0.558261
0.558261
0.558329
0.558329
0.558388
0.558695
0.558696
0.558909
0.558909
0.559082
0.559138
0.559138
0.559147
0.559165
0.559149
0.559149
0.55917
0.559262
0.559262
0.559262
0.559269
0.559287
0.559287
0.559287
0.559287
0.559287
0.559292
0.559292
0.559298
0.559305
0.559305
0.559305
0.559315
0.559315
0.559322
0.559322
0.559322
0.559323
0.559324
0.559326
0.559326
0.559326
0.559329
0.559329
0.559331
0.559331
0.559333
0.559333
0.559333
0.559333
0.559334
0.559336
0.559337
0.559337
0.559337
0.559337
0.559337
0.559338
0.559338
0.559338
0.559338
0.559339
0.559339
0.559339
0.559339
0.559339
0.559339
0.559339
0.559339
0.559339
0.559339
0.559339
0.559339
0.55934
0.55934
0.55934
0.55934
0.55934
0.55934
0.55934
0.55934
0.55934
0.55934
0.55934
0.55934
0.55934
0.55934
0.55934
0.55934
0.55934
0.55934
0.55934
0.55934
0.55934
0.559341
0.559341
0.559341
0.559341
0.559341
0.559341
0.559341
0.559341
0.559341


0.00854076
0.00887407
0.00897853
0.00961678
0.00987811
0.00991292
0.0100752
0.0106656
0.0109133
0.0112007
0.0113319
0.0118289
0.0118289
0.0123956
0.0126018
0.0129099
0.0131546
0.0131546
0.0131546
0.0135284
0.0135864
0.0138832
0.0143778
0.0143783
0.0144564
0.0148192
0.0150907
0.0153702
0.015747
0.0162245
0.0162245
0.0169247
0.017663
0.017663
0.0177927
0.0209847
0.0210293
0.0215565
0.0221038
0.0234638
0.0241794
0.0256994
0.026879
0.0269364
0.0272742
0.0278317
0.0279497
0.0286009
0.0286009
0.0313651
0.0317944
0.0352031
0.0363583
0.0375728
0.0409503
0.0439848
0.0460481
0.0474288
0.0482936
0.0509703
0.0570659
0.0559446
0.0615295
0.0634827
0.0640219
0.0645742
0.0675308
0.0709571
0.0797821
0.0797821
0.0856672
0.0879433
0.0912033
0.0926645
0.0950894
0.104414
0.105952
0.106869
0.119199
0.121529
0.126482
0.126482
0.126648
0.130331
0.140063
0.140063
0.141743
0.14178
0.146695
0.148163
0.148647
0.152394
0.160705
0.168763
0.168763
0.174006
0.181898
0.183481
0.185084
0.192923
0.197733
0.198891
0.204117
0.205723
0.208568
0.208669
0.217175
0.218252
0.218567
0.219221
0.220759
0.223441
0.226758
0.227056
0.228787
0.228967
0.232387
0.23321
0.233237
0.233304
0.23403
0.235422
0.238341
0.238382
0.238382
0.240715
0.240733
0.240801
0.240937
0.242156
0.242187
0.242679
0.242753
0.243008
0.243341
0.243551
0.2437
0.24412
0.244229
0.244556
0.244556
0.245028
0.245171
0.245171
0.245199
0.245428
0.245431
0.245553
0.245558
0.245622
0.245629
0.24573
0.245893
0.245896
0.245896
0.245969
0.245976
0.246034
0.246035
0.246035
0.246036
0.246034
0.246096
0.246097
0.246097
0.246097
0.24616
0.24616
0.24616
0.24616
0.246174
0.246193
0.24622
0.24622
0.24622
0.246222
0.246222
0.246225
0.246228
0.246243
0.246248
0.246245
0.246245
0.24625
0.24625
0.24625
0.246254
0.246256
0.246257
0.246258
0.246258
0.246258
0.24626
0.246261
0.246261
0.246263
0.246263
0.246263
0.246264
0.246264
0.246264
0.246266
0.246269
0.246269
0.246269
0.246269
0.249784
0.249786
0.252302
0.259098
0.277056
0.277056
0.279183
0.279184
0.283487
0.283488
0.289454
0.289454
0.293979
0.293979
0.293979
0.295324
0.295324
0.298972
0.302383
0.302383
0.303596
0.303596
0.305143
0.311823
0.317423
0.32953
0.338629
0.338629
0.338629
0.340947
0.340947
0.351179
0.351179
0.351179
0.35198
0.353256
0.358778
0.358778
0.358778
0.362654
0.363827
0.363827
0.365444
0.365444
0.367829
0.367829
0.367829
0.372024
0.379865
0.379865
0.379865
0.379865
0.379947
0.379947
0.380521
0.38018
0.382982
0.382982
0.383112
0.384137
0.385017
0.385017
0.388346
0.388346
0.389008
0.389008
0.390533
0.391378
0.391378
0.391621
0.392029
0.392029
0.39249
0.393253
0.393253
0.393253
0.393667
0.39377
0.39377
0.393995
0.393995
0.394201
0.394623
0.394623
0.394717
0.394717
0.394903
0.394996
0.395121
0.395121
0.395121
0.395121
0.395297
0.395376
0.395376
0.395435
0.395463
0.395527
0.395595
0.395595
0.39563
0.395659
0.395659
0.395659
0.395689
0.395794
0.395809
0.39583
0.395891
0.395905
0.395905
0.395905
0.395923
0.395923
0.395932
0.39594
0.39594
0.395961
0.395961
0.395968
0.395982
0.395982
0.396007
0.396007
0.396007
0.396014
0.396016
0.396016
0.396016
0.396016
0.396018
0.396026
0.396026
0.396026
0.39603
0.396026
0.396027
0.396033
0.396033
0.396034
0.396034
0.396036
0.396041
0.396041
0.396041
0.39604
0.39604
0.396041
0.396041
0.396042
0.396042
0.396042
0.396047
0.396047
0.396047
0.396047
0.396048
0.396048
0.396048
0.396048
0.396048
0.396048
0.396049
0.396049
0.396049
0.396049
0.396049
0.396049
0.396049
0.396049
0.396049
0.396049
0.396049
0.396049
0.396049
0.396049
0.396049
0.396049
0.396049
0.396049
0.396049
0.396049
0.396049
0.396049
0.396049
0.396049
0.396049
0.396049
0.396049
0.396049
0.396049
0.396049
0.396049
0.396049


0.0102443
0.010326
0.0104388
0.0105924
0.0109456
0.0112199
0.0115619
0.0117961
0.0124051
0.0125326
0.0125804
0.0132941
0.0132941
0.013296
0.014558
0.0147521
0.0147526
0.0159396
0.0159396
0.0159807
0.0164766
0.0167226
0.0170296
0.0181307
0.0181317
0.0188923
0.0191619
0.0204193
0.0205298
0.0207549
0.0213123
0.0233367
0.0255414
0.0264992
0.0295405
0.0303437
0.0315833
0.0315833
0.0365338
0.0370621
0.0390847
0.044779
0.047573
0.0509636
0.0509636
0.0521689
0.0572168
0.0602777
0.061827
0.0682523
0.06957
0.0712297
0.0726998
0.0737461
0.0796682
0.0811776
0.097981
0.097981
0.0998889
0.105219
0.105638
0.109133
0.111395
0.117823
0.118941
0.123605
0.124333
0.125725
0.12902
0.129603
0.135412
0.138588
0.139244
0.140312
0.141339
0.141805
0.143712
0.144791
0.145344
0.145739
0.145952
0.146049
0.147171
0.14871
0.149251
0.149374
0.149556
0.149863
0.150005
0.150406
0.150459
0.150602
0.150779
0.150785
0.150982
0.150998
0.151063
0.151159
0.151395
0.151449
0.151539
0.151557
0.151595
0.15172
0.151726
0.151756
0.151756
0.151802
0.151816
0.151834
0.151835
0.151848
0.151897
0.151917
0.151923
0.151925
0.15193
0.151936
0.151936
0.151946
0.151946
0.151948
0.15195
0.151954
0.151956
0.151957
0.15196
0.151962
0.151963
0.151965
0.151968
0.151968
0.151969
0.15197
0.15197
0.15197
0.151971
0.151972
0.151972
0.151972
0.151973
0.151973
0.151974
0.151974
0.151974
0.151974
0.151975
0.151975
0.151975
0.151975
0.151975
0.151975
0.151975
0.151975
0.151975
0.151975
0.151975
0.151975
0.151975
0.151975
0.151975
0.151975
0.151975
0.151976
0.151976
0.151976
0.151976
0.151976
0.151976
0.151976
0.151976
0.151976
0.151976
0.151976
0.151976
0.151976
0.151976
0.151976
0.151976
0.151976
0.151976
0.151976
0.151976
0.151976
0.151976
0.151976
0.151976
0.151976
0.151976
0.151976
0.151976
0.151976
0.151976
0.151976
0.151976
0.151976
0.151976
0.151976
0.151976
0.151976
0.151976
0.151976
0.151976
0.151976
0.151976
0.151976
0.151976
0.151976
0.151976
0.151976
0.151976
0.151976
0.151976
0.151976
0.151976
0.151976
0.151976
0.151976
0.151976
0.151976
0.151976
0.151976
0.151976
0.151976
0.151976
0.151976
0.151976
0.151976
0.151976
0.151976
0.151976
0.151976
0.153306
0.154096
0.155522
0.156589
0.157591
0.157591
0.157591
0.15856
0.15856
0.158568
0.159387
0.159387
0.159387
0.159387
0.160146
0.160146
0.160146
0.160146
0.160918
0.160774
0.160848
0.161013
0.161023
0.161023
0.161023
0.161256
0.161256
0.161256
0.161312
0.161372
0.161432
0.161552
0.161552
0.161579
0.161658
0.161658
0.161658
0.161678
0.161709
0.161746
0.161753
0.161758
0.161776
0.1618
0.1618
0.161807
0.161819
0.161819
0.161837
0.161839
0.161839
0.16185
0.161853
0.161856
0.161856
0.161865
0.161877
0.161877
0.161882
0.161886
0.161886
0.161887
0.161887
0.161888
0.161888
0.161888
0.161891
0.161892
0.161893
0.161895
0.161897
0.161897
0.161898
0.161898
0.161899
0.1619
0.1619
0.161901
0.161901
0.161902
0.161902
0.161902
0.161902
0.161904
0.161904
0.161904
0.161904
0.161904
0.161904
0.161904
0.161904
0.161904
0.161904
0.161904
0.161904
0.161904
0.161905
0.161905
0.161905
0.161904
0.161905
0.161905
0.161905
0.161905
0.161905
0.161905
0.161905
0.161905
0.161905
0.161905
0.161905
0.161905
0.161905
0.161905
0.161905
0.161905
0.161905
0.161905
0.161905
0.161903
0.161905
0.161905
0.161905
0.161905
0.161905
0.161905
0.161905
0.161905
0.161905
0.161905
0.161905
0.161905
0.161905
0.161905
0.161905
0.161905
0.161905
0.161905
0.161905
0.161905
0.161905
0.161905
0.161905
0.161905
0.161905
0.161905
0.161905
0.161905
0.161905
0.161905
0.161905
0.161905
0.161905
0.161905
0.161905
0.161905
0.161905
0.161905
0.161905
0.161905
0.161905
0.161905
0.161905
0.161905
0.161905
0.161905
0.161905
0.161905


0.0110223
0.0110223
0.0112413
0.0112876
0.0120732
0.012771
0.012771
0.0130688
0.0132399
0.0138327
0.0144842
0.0146247
0.0156488
0.0161056
0.0161106
0.016544
0.0182109
0.0182745
0.0186789
0.0188695
0.0196804
0.0198578
0.0206097
0.0206283
0.0209274
0.0228576
0.0241955
0.0264411
0.0264555
0.030575
0.0357988
0.0373666
0.0412249
0.0427694
0.0451555
0.0497963
0.0505021
0.05091
0.052474
0.054385
0.0563839
0.0595754
0.059761
0.0621227
0.0674116
0.0728012
0.079978
0.0807189
0.083053
0.0881737
0.0986521
0.102407
0.105192
0.107944
0.113455
0.120821
0.132361
0.134674
0.13897
0.13897
0.14396
0.147039
0.147815
0.155671
0.156266
0.161792
0.163299
0.168102
0.1695
0.172508
0.17262
0.172279
0.174625
0.175995
0.176123
0.176852
0.177083
0.179245
0.181415
0.181658
0.181658
0.182115
0.182573
0.182743
0.183526
0.183725
0.184083
0.18439
0.184488
0.184784
0.185108
0.185264
0.185483
0.185633
0.185683
0.185683
0.185962
0.185996
0.186376
0.186376
0.186384
0.186564
0.186599
0.186599
0.1867
0.186748
0.186748
0.186779
0.186821
0.186826
0.186826
0.186838
0.18685
0.186861
0.186867
0.186875
0.186878
0.186883
0.186889
0.186897
0.186904
0.186909
0.186913
0.186914
0.186916
0.186916
0.186922
0.186924
0.186926
0.186927
0.186929
0.18693
0.186931
0.186934
0.186935
0.186935
0.186935
0.186935
0.186936
0.186937
0.186937
0.186938
0.186939
0.186939
0.18694
0.18694
0.18694
0.18694
0.18694
0.186941
0.186941
0.186941
0.186941
0.186941
0.186941
0.186941
0.186941
0.186941
0.186941
0.186941
0.186941
0.186941
0.186941
0.186941
0.186941
0.186941
0.186941
0.186941
0.186941
0.186941
0.186941
0.186941
0.186941
0.186941
0.186941
0.186941
0.186941
0.186941
0.186941
0.186941
0.186941
0.186941
0.186941
0.186941
0.186941
0.186941
0.186941
0.186941
0.186941
0.186941
0.186941
0.186941
0.186941
0.186941
0.186941
0.186941
0.186941
0.186941
0.186941
0.186941
0.186941
0.186941
0.186941
0.186941
0.186941
0.186941
0.186941
0.186941
0.186941
0.186941
0.186941
0.186941
0.186941
0.186941
0.186941
0.186941
0.186941
0.186941
0.186941
0.186941
0.186941
0.186941
0.186941
0.186941
0.186941
0.186941
0.186941
0.186941
0.186941
0.186941
0.186941
0.186941
0.186941
0.186941
0.186941
0.186941
0.186941
0.186941
0.186941
0.186941
0.186941
0.186941
0.186941
0.186941
0.186941
0.186941
0.186941
0.186941
0.186941
0.186941
0.186941
0.186941
0.186941
0.186941
0.186941
0.186941
0.186941
0.186941
0.186941
0.186941
0.186941
0.186941
0.186941
0.186941
0.186941
0.186941
0.186941
0.186941
0.186941
0.186941
0.186941
0.186941
0.186941
0.186941
0.186941
0.186941
0.186941
0.186941
0.186941
0.186941
0.186941
0.186941
0.186941
0.186941
0.186941
0.186941
0.186941
0.186941
0.186941
0.186941
0.186941
0.186941
0.186941
0.186941
0.186941
0.186941
0.186941
0.186941
0.186941
0.186941
0.186941
0.186941
0.186941
0.186941
0.186941
0.186941
0.186941
0.186941
0.186941
0.186941
0.186941
0.186941
0.186941
0.186941
0.186941
0.186941
0.186941
0.186941
0.186941
0.186941
0.186941
0.186941
0.186941
0.186941
0.186941
0.186941
0.186941
0.186941
0.186941
0.186941
0.186941
0.186941
0.186941
0.186941
0.186941
0.186941
0.186941
0.186941
0.186941
0.186941
0.186941
0.186941
0.186941
0.186941
0.186941
0.186941
0.186941
0.186941
0.186941
0.186941
0.186941
0.186941
0.186941
0.186941
0.186941
0.186941
0.186941
0.186941
0.186941
0.186941
0.186941
0.186941
0.186941
0.186941
0.186941
0.186941
0.186941
0.186941
0.186941
0.186941
0.186941
0.186941
0.186941
0.186941
0.186941
0.186941
0.186941
0.186941
0.186941
0.186941
0.186941
0.186941
0.186941
0.186941
0.186941
0.186941
0.186941
0.186941
0.186941
0.186941
0.186941
0.186941
0.186941
0.186941
0.186941
0.186941
0.186941
0.186941
0.186941
0.186941


0.0116658
0.0119338
0.0120259
0.0125289
0.0127873
0.0134491
0.0134491
0.0138327
0.0147746
0.0149634
0.014964
0.0160882
0.0165054
0.0165054
0.0173915
0.0176294
0.0176327
0.0180728
0.0193063
0.0196285
0.0198187
0.0215149
0.0224453
0.0224453
0.0228121
0.0255154
0.0304287
0.0311992
0.0315122
0.0336164
0.0349704
0.0396817
0.039853
0.0398532
0.0435512
0.0459704
0.0492479
0.0502801
0.0509339
0.0540184
0.0605049
0.0587975
0.0636599
0.0668353
0.06715
0.0830699
0.092557
0.0942549
0.0953535
0.104346
0.108494
0.109782
0.11207
0.11554
0.117981
0.117981
0.119259
0.122422
0.124561
0.1278
0.135414
0.138152
0.139122
0.141505
0.143652
0.147834
0.148448
0.149543
0.150536
0.150764
0.151896
0.156426
0.158465
0.163976
0.164052
0.165652
0.17034
0.173449
0.177687
0.184811
0.193059
0.196391
0.202069
0.2026
0.203854
0.209886
0.210831
0.220437
0.23263
0.236302
0.236779
0.239969
0.245594
0.248885
0.249043
0.252823
0.252823
0.261505
0.26458
0.26458
0.26784
0.280574
0.285961
0.286069
0.288968
0.288968
0.294282
0.295653
0.295895
0.297195
0.29725
0.297012
0.297818
0.300983
0.300983
0.301048
0.301525
0.303658
0.303658
0.304675
0.30516
0.30516
0.305486
0.305545
0.305788
0.305976
0.3063
0.306537
0.306809
0.3069
0.307092
0.307098
0.307281
0.307424
0.307474
0.30751
0.307674
0.307824
0.307911
0.307935
0.307972
0.307981
0.307981
0.308018
0.308064
0.308115
0.308254
0.308282
0.308282
0.308453
0.308453
0.308584
0.308584
0.308612
0.308639
0.308639
0.308647
0.308712
0.308715
0.308753
0.308753
0.308763
0.308768
0.308772
0.308787
0.30879
0.308805
0.308814
0.30883
0.30883
0.308848
0.308851
0.308865
0.308881
0.308885
0.308895
0.308897
0.308897
0.308897
0.308904
0.308904
0.308905
0.308906
0.308906
0.308909
0.308917
0.308918
0.308921
0.308921
0.308925
0.308925
0.308925
0.308926
0.308927
0.308928
0.308929
0.308929
0.30893
0.30893
0.30893
0.30893
0.30893
0.308933
0.308935
0.308935
0.308938
0.308938
0.308938
0.308939
0.30894
0.30894
0.30894
0.308941
0.308941
0.308941
0.308941
0.308943
0.308943
0.308944
0.308944
0.308944
0.308944
0.308944
0.308945
0.308945
0.308946
0.308946
0.308946
0.308946
0.308946
0.308946
0.308946
0.308946
0.308946
0.308946
0.308946
0.308946
0.308946
0.308946
0.308946
0.308947
0.308947
0.308947
0.308947
0.308947
0.308947
0.308947
0.308947
0.308947
0.308947
0.308947
0.308947
0.308947
0.308947
0.308947
0.308947
0.308947
0.308947
0.308947
0.308947
0.308947
0.308947
0.308947
0.308947
0.308947
0.308947
0.308947
0.308947
0.308947
0.308947
0.308947
0.308947
0.308947
0.308947
0.308947
0.308947
0.308947
0.308947
0.308947
0.308947
0.308947
0.308947
0.308947
0.308947
0.308947
0.308947
0.308947
0.308947
0.308947
0.308947
0.308947
0.308947
0.308947
0.308947
0.308947
0.308947
0.308947
0.308947
0.308947
0.308947
0.308947
0.308947
0.308947
0.308947
0.308947
0.308947
0.308947
0.308947
0.308947
0.308947
0.308947
0.308947
0.308947
0.308947
0.308947
0.308947
0.308947
0.308947
0.308947
0.308947
0.308947
0.308947
0.308947
0.308947
0.308947
0.308947
0.308947
0.308947
0.308947
0.308947
0.308947
0.308947
0.308947
0.308947
0.308947
0.308947
0.308947
0.308947
0.308947
0.308947
0.308947
0.308947
0.308947
0.308947
0.308947
0.308947
0.308947
0.308947
0.308947
0.308947
0.308947
0.308947
0.308947
0.308947
0.308947
0.308947
0.308947
0.308947
0.308947
0.308947
0.308947
0.308947
0.308947
0.308947
0.308947
0.308947
0.308947
0.308947
0.308947
0.308947
0.308947
0.308947
0.308947
0.308947
0.308947
0.308947
0.308947
0.308947
0.308947
0.308947
0.308947
0.308887
0.308947
0.308947
0.308947
0.308947
0.308947
0.308947
0.308947
0.308947
0.308947
0.308947
0.308947
0.308947
0.308947
0.308947
0.308947
0.308947
0.308947
0.308947


