0.044047
0.0467415
0.0467415
0.0487961
0.0535072
0.0545641
0.0552379
0.0559593
0.0579589
0.0644461
0.0646412
0.0676972
0.0676972
0.0703421
0.071737
0.0733599
0.0746586
0.0759511
0.0774426
0.0793713
0.080246
0.0889909
0.0891256
0.0900882
0.0961343
0.0961343
0.0969683
0.0991969
0.103885
0.116008
0.118202
0.116721
0.129582
0.14777
0.1624
0.164746
0.173369
0.19887
0.207898
0.219825
0.22784
0.232233
0.274619
0.326162
0.326162
0.357717
0.369474
0.40617
0.41669
0.433361
0.476928
0.476928
0.482613
0.500587
0.508469
0.554539
0.570553
0.621632
0.623073
0.647695
0.670897
0.675922
0.697723
0.734636
0.734636
0.747756
0.778666
0.809829
0.823386
0.836119
0.860857
0.874462
0.887994
0.887994
0.900351
0.910683
0.912247
0.916791
0.933587
0.937771
0.945443
0.947564
0.953995
0.956673
0.967741
0.97081
0.972251
0.9754
0.9754
0.976519
0.978836
0.977999
0.978552
0.99038
0.990927
0.99094
0.991144
0.991514
0.992905
0.99305
0.99427
0.995038
0.995527
0.995727
0.996798
0.997173
0.997489
0.997489
0.997609
0.997632
0.99792
0.998171
0.998405
0.998538
0.998656
0.998877
0.999148
0.999271
0.999438
0.999441
0.999453
0.999543
0.999565
0.999593
0.99965
0.999675
0.999675
0.999675
0.99974
0.999741
0.999763
0.999779
0.999816
0.999823
0.999866
0.999888
0.999888
0.999894
0.99992
0.999923
0.999925
0.99994
0.999946
0.999946
0.999949
0.999956
0.999959
0.999963
0.999964
0.99997
0.99997
0.999974
0.999975
0.999984
0.999985
0.999988
0.999989
0.999991
0.999991
0.999993
0.999993
0.999994
0.999995
0.999995
0.999995
0.999997
0.999997
0.999998
0.999998
0.999998
0.999998
0.999998
0.999999
0.999999
0.999999
1
1
1
1
1
1
1
1
1
1
1
1
1
1
1
1
1
1
1
1
1
1
1
1
1
1
1
1
1
1
1
1
1
1
1
1
1
1
1
1
1
1
1
1
1
1
1
1
1
1
1
1
1
1
1
1
1
1
1
1
1
1
1
1
1
1
1
1
1
1
1
1
1
1
1
1
1
1
1
1
1
1
1
1
1
1
1
1
1
1
1
1
1
1
1
1
1
1
1
1
1
1
1
1
1
1
1
1
1
1
1
1
1
1
1
1
1
1
1
1
1
1
1
1
1
1
1
1
1
1
1
1
1
1
1
1
1
1
1
1
1
1
1
1
1
1
1
1
1
1
1
1
1
1
1
1
1
1
1
1
1
1
1
1
1
1
1
1
1
1
1
1
1
1
1
1
1
1
1
1
1
1
1
1
1
1
1
1
1
1
1
1
1
1
1
1
1
1
1
1
1
1
1
1
1
1
1
1
1
1
1
1
1
1
1
1
1
1
1
1
1
1
1
1
1


0.0131907
0.0146642
0.0147197
0.0158532
0.0169373
0.0176292
0.0179
0.018828
0.0191001
0.0194387
0.0200004
0.0201614
0.0208095
0.0214696
0.021795
0.0220085
0.0228038
0.0267408
0.0270515
0.0273011
0.0280509
0.0289453
0.0290816
0.0297253
0.030055
0.0305279
0.0313351
0.0334008
0.0376638
0.0379046
0.0421807
0.0434898
0.0455333
0.0484322
0.0487786
0.0550328
0.0562991
0.0603885
0.062851
0.0750513
0.0838448
0.0923542
0.105875
0.113967
0.114449
0.114641
0.121873
0.121873
0.138439
0.1458
0.157016
0.157858
0.174097
0.186305
0.201716
0.220471
0.220471
0.232124
0.255941
0.256423
0.286634
0.278163
0.287947
0.288605
0.309962
0.320874
0.322345
0.323958
0.343868
0.34626
0.346803
0.35104
0.358964
0.361537
0.365667
0.366245
0.378539
0.378804
0.384838
0.396705
0.397345
0.400329
0.411349
0.411537
0.411633
0.414945
0.41544
0.420144
0.423645
0.423659
0.423859
0.424575
0.424575
0.426469
0.427257
0.428199
0.428199
0.428591
0.429591
0.430012
0.430012
0.430228
0.430791
0.430813
0.430995
0.431307
0.431309
0.43133
0.431592
0.431605
0.431751
0.431786
0.431893
0.432073
0.432073
0.432126
0.432162
0.432257
0.4324
0.4324
0.432455
0.432455
0.432465
0.432496
0.432504
0.432527
0.432534
0.43255
0.43255
0.432576
0.432592
0.432584
0.432635
0.432638
0.432638
0.432639
0.432639
0.432645
0.432645
0.432646
0.432667
0.432672
0.432679
0.43268
0.432682
0.432683
0.432688
0.432692
0.432695
0.432695
0.432697
0.432698
0.432698
0.432699
0.432701
0.432702
0.432702
0.432702
0.432703
0.432703
0.432704
0.432704
0.432704
0.432705
0.432705
0.432705
0.432705
0.432705
0.432705
0.432705
0.432705
0.432705
0.432705
0.432705
0.432706
0.432706
0.432706
0.432706
0.432706
0.432706
0.432706
0.432706
0.432706
0.432706
0.432706
0.432706
0.432706
0.432706
0.432706
0.432706
0.432706
0.432706
0.432706
0.432706
0.432706
0.432706
0.432706
0.432706
0.432706
0.432706
0.432706
0.432706
0.432706
0.432706
0.432706
0.432706
0.432706
0.432706
0.432706
0.432706
0.432706
0.432706
0.432706
0.432706
0.432706
0.432706
0.432706
0.432706
0.432706
0.432706
0.432706
0.432706
0.432706
0.432706
0.432706
0.432706
0.432706
0.432706
0.432706
0.432706
0.432706
0.432706
0.432706
0.432706
0.432706
0.432706
0.432706
0.432706
0.432706
0.432706
0.432706
0.432706
0.432706
0.432706
0.432706
0.432706
0.432706
0.432706
0.432706
0.432706
0.432706
0.432706
0.432706
0.432706
0.432706
0.432706
0.432706
0.432706
0.432706
0.432706
0.432706
0.432706
0.432706
0.432706
0.432706
0.432706
0.432706
0.432706
0.432706
0.432706
0.432706
0.432706
0.432706
0.432706
0.432706
0.432706
0.432706
0.432706
0.432706
0.432706
0.432706
0.432706
0.432706
0.432706
0.432706
0.432706
0.432706
0.432706
0.432706
0.432706
0.432706
0.432706
0.432706
0.432706
0.432706
0.432706
0.432706
0.432706
0.432706
0.432706
0.432706
0.432706
0.432706
0.432706
0.432706
0.432706
0.432706
0.432706
0.432706
0.432706
0.432706
0.432706
0.432706
0.432706
0.432706
0.432706
0.432706
0.432706
0.432706
0.432706
0.432706
0.432706
0.432706
0.432706
0.432706
0.432706
0.432706
0.432706
0.432706
0.432706
0.432706
0.432706
0.432706
0.432706
0.432706
0.432706
0.432706
0.432706
0.432706
0.432706
0.432706
0.432706
0.432706
0.432706
0.432706
0.432706
0.432706
0.432706
0.432706
0.432706
0.432706
0.432706
0.432706
0.432706
0.432706
0.432706
0.432706
0.432706
0.432706
0.432706
0.432706
0.432706
0.432706
0.432706
0.432706
0.432706
0.432706
0.432706
0.432706
0.432706
0.432706
0.432706
0.432706
0.432706
0.432706
0.432706
0.432706
0.432706
0.432706
0.432706
0.432706
0.432706
0.432706
0.432706
0.432706
0.432706
0.432706
0.432706
0.432706
0.432706
0.432706
0.432706
0.432706
0.432706
0.432706
0.432706
0.432706
0.432706
0.432706
0.432706


0.0151839
0.0161101
0.0168535
0.0169961
0.017289
0.0184323
0.0191329
0.0193089
0.0212639
0.0223205
0.0223205
0.0227428
0.0230448
0.0233117
0.0247668
0.0247668
0.025123
0.0251706
0.0261232
0.0265909
0.0278129
0.0289473
0.0295623
0.0297338
0.0303336
0.0303409
0.0310625
0.0336399
0.0377225
0.0384253
0.0384253
0.0399429
0.0431128
0.0468389
0.0468389
0.0536099
0.0559488
0.0616083
0.0682488
0.0711905
0.0717676
0.0732133
0.0918603
0.0918603
0.0998791
0.116818
0.116818
0.119157
0.13331
0.135731
0.145736
0.153395
0.159885
0.173696
0.179952
0.186847
0.187081
0.189673
0.203576
0.212399
0.226989
0.248241
0.251347
0.263126
0.263809
0.269032
0.290635
0.290635
0.291384
0.296779
0.303449
0.30849
0.3107
0.316206
0.319349
0.324342
0.326696
0.326696
0.330696
0.330763
0.334874
0.337141
0.339706
0.341119
0.344069
0.344069
0.346673
0.346673
0.346841
0.347562
0.347706
0.348509
0.349149
0.349149
0.350242
0.350516
0.35147
0.351659
0.352386
0.352386
0.352541
0.35287
0.352945
0.353629
0.353916
0.354231
0.354231
0.354819
0.354865
0.355609
0.355609
0.355703
0.355721
0.355889
0.355962
0.355962
0.356016
0.356188
0.356188
0.356189
0.35624
0.356253
0.356253
0.35632
0.356461
0.356461
0.35649
0.356501
0.356517
0.356517
0.356536
0.356531
0.356576
0.356583
0.356589
0.356621
0.35663
0.356675
0.356682
0.356682
0.356687
0.356691
0.356694
0.356695
0.356697
0.356699
0.356704
0.356714
0.356714
0.356719
0.356724
0.356724
0.356726
0.356728
0.356729
0.356738
0.356738
0.356738
0.35674
0.356741
0.356743
0.356744
0.356746
0.356747
0.356747
0.356747
0.356747
0.356747
0.356748
0.356748
0.356748
0.356748
0.356748
0.356748
0.356748
0.356748
0.356749
0.356749
0.356749
0.356749
0.356749
0.356749
0.356749
0.356749
0.35675
0.35675
0.35675
0.35675
0.35675
0.35675
0.35675
0.35675
0.35675
0.35675
0.35675
0.35675
0.35675
0.35675
0.35675
0.35675
0.35675
0.35675
0.35675
0.35675
0.35675
0.35675
0.35675
0.35675
0.35675
0.35675
0.35675
0.35675
0.35675
0.35675
0.35675
0.35675
0.35675
0.35675
0.35675
0.35675
0.35675
0.35675
0.35675
0.35675
0.35675
0.35675
0.35675
0.35675
0.35675
0.35675
0.35675
0.35675
0.35675
0.35675
0.35675
0.35675
0.35675
0.35675
0.35675
0.35675
0.35675
0.35675
0.35675
0.35675
0.35675
0.35675
0.35675
0.35675
0.35675
0.35675
0.35675
0.35675
0.35675
0.35675
0.35675
0.35675
0.35675
0.35675
0.35675
0.35675
0.35675
0.35675
0.35675
0.35675
0.35675
0.35675
0.35675
0.35675
0.35675
0.35675
0.35675
0.35675
0.35675
0.35675
0.35675
0.35675
0.35675
0.35675
0.35675
0.35675
0.35675
0.35675
0.35675
0.35675
0.35675
0.35675
0.35675
0.35675
0.35675
0.35675
0.35675
0.35675
0.35675
0.35675
0.35675
0.35675
0.35675
0.35675
0.35675
0.35675
0.35675
0.35675
0.35675
0.35675
0.35675
0.35675
0.35675
0.35675
0.35675
0.35675
0.35675
0.35675
0.35675
0.35675
0.35675
0.35675
0.35675
0.35675
0.35675
0.35675
0.35675
0.35675
0.35675
0.35675
0.35675
0.35675
0.35675
0.35675
0.35675
0.35675
0.35675
0.35675
0.35675
0.35675
0.35675
0.35675
0.35675
0.35675
0.35675
0.35675
0.35675
0.35675
0.35675
0.35675
0.35675
0.35675
0.35675
0.35675
0.35675
0.35675
0.35675
0.35675
0.35675
0.35675
0.35675
0.35675
0.35675
0.35675
0.35675
0.35675
0.35675
0.35675
0.35675
0.35675
0.35675
0.35675
0.35675
0.35675
0.35675
0.35675
0.35675
0.35675
0.35675
0.35675
0.35675
0.35675
0.35675
0.35675
0.35675
0.35675
0.35675
0.35675
0.35675
0.35675
0.35675
0.35675
0.35675
0.35675
0.35675
0.35675
0.35675
0.35675
0.35675
0.35675
0.35675
0.35675
0.35675
0.35675
0.35675
0.35675


0.019021
0.0208793
0.0234825
0.0250807
0.0258866
0.0258866
0.0262881
0.0272801
0.0276314
0.0276837
0.0280852
0.0307252
0.0310036
0.0341038
0.036625
0.036625
0.0366307
0.0366698
0.0412091
0.0415203
0.0425723
0.0428269
0.0482105
0.0531509
0.0560861
0.0601643
0.0601643
0.0713035
0.0723929
0.0798915
0.0824165
0.0825335
0.0893582
0.0904848
0.0904848
0.102224
0.114384
0.118121
0.123048
0.13197
0.13422
0.139052
0.15337
0.16215
0.16215
0.203749
0.213251
0.265955
0.266168
0.280592
0.291695
0.295976
0.29786
0.30369
0.324365
0.32859
0.34508
0.353307
0.377379
0.383743
0.439811
0.440755
0.440864
0.449243
0.461892
0.468861
0.476296
0.476712
0.502797
0.529871
0.533546
0.533546
0.535083
0.541673
0.543394
0.575355
0.575355
0.576867
0.584445
0.585588
0.591366
0.598334
0.601139
0.601432
0.604904
0.61688
0.617361
0.617695
0.618428
0.620487
0.621196
0.622672
0.622946
0.622946
0.624571
0.62482
0.625971
0.629236
0.629264
0.629302
0.629357
0.629814
0.630195
0.631138
0.631726
0.633089
0.633147
0.633376
0.634198
0.634242
0.63426
0.634417
0.635053
0.635053
0.635053
0.635202
0.63557
0.635571
0.63558
0.635735
0.635821
0.635821
0.636075
0.636079
0.63616
0.636233
0.636235
0.636326
0.636333
0.636424
0.636444
0.636493
0.63661
0.636642
0.636643
0.636647
0.63665
0.636686
0.636686
0.636716
0.636716
0.636704
0.636714
0.636739
0.63674
0.636749
0.63675
0.636782
0.63679
0.636794
0.636794
0.636801
0.636801
0.636805
0.636816
0.636816
0.636818
0.63682
0.636821
0.636821
0.636824
0.636827
0.636827
0.636827
0.636828
0.63683
0.636831
0.636831
0.636833
0.636835
0.636836
0.636836
0.636836
0.636837
0.636838
0.636838
0.636838
0.636839
0.636839
0.636839
0.636839
0.63684
0.63684
0.63684
0.63684
0.63684
0.63684
0.636841
0.636841
0.636841
0.636841
0.636841
0.636841
0.636841
0.636841
0.636841
0.636841
0.636841
0.636841
0.636841
0.636841
0.636841
0.636841
0.636841
0.636841
0.636841
0.636841
0.636841
0.636842
0.636842
0.636842
0.636842
0.636842
0.636842
0.636842
0.636842
0.636842
0.636842
0.636842
0.636842
0.636842
0.636842
0.636842
0.636842
0.636842
0.636842
0.636842
0.636842
0.636842
0.636842
0.636842
0.636842
0.636842
0.636842
0.636842
0.636842
0.636842
0.636842
0.636842
0.636842
0.636842
0.636842
0.636842
0.636842
0.636842
0.636842
0.636842
0.636842
0.636842
0.636842
0.636842
0.636842
0.636842
0.636842
0.636842
0.636842
0.636842
0.636842
0.636842
0.636842
0.636842
0.636842
0.636842
0.636842
0.636842
0.636842
0.636842
0.636842
0.636842
0.636842
0.636842
0.636842
0.636842
0.636842
0.636842
0.636842
0.636842
0.636842
0.636842
0.636842
0.636842
0.636842
0.636842
0.636842
0.636842
0.636842
0.636842
0.636842
0.636842
0.636842
0.636842
0.636842
0.636842
0.636842
0.636842
0.636842
0.636842
0.636842
0.636842
0.636842
0.636842
0.636842
0.636842
0.636842
0.636842
0.636842
0.636842
0.636842
0.636842
0.636842
0.636842
0.636842
0.636842
0.636842
0.636842
0.636842
0.636842
0.636842
0.636842
0.636842
0.636842
0.636842
0.636842
0.636842
0.636842
0.636842
0.636842
0.636842
0.636842
0.636842
0.636842
0.636842
0.636842
0.636842
0.636842
0.636842
0.636842
0.636842
0.636842
0.636842
0.636842
0.636842
0.636842
0.636842
0.636842
0.636842
0.636842
0.636842
0.636842
0.636842
0.636842
0.636842
0.636842
0.636842
0.636842
0.636842
0.636842
0.636842
0.636842
0.636842
0.636842
0.636842
0.636842
0.636842
0.636842
0.636842
0.636842
0.636842
0.636842
0.636842
0.636842
0.636842
0.636842
0.636842
0.636842
0.636842
0.636842
0.636842
0.636842
0.636842
0.636842
0.636842
0.636842
0.636842
0.636842
0.636842
0.636842
0.636842
0.636842
0.636842
0.636842
0.636842
0.636842
0.636842
0.636842
0.636842
0.636842
0.636842
0.636842
0.636842


0.0136623
0.0144561
0.0146416
0.0155579
0.0161832
0.0176981
0.0176981
0.0177564
0.0178647
0.0184451
0.0186133
0.0186592
0.0194173
0.020388
0.0206992
0.0207863
0.0213056
0.0213965
0.0214226
0.0219648
0.0219747
0.0223069
0.0227569
0.0229144
0.023608
0.0237512
0.025293
0.0254307
0.0259293
0.0273805
0.0278691
0.028346
0.0391507
0.0391507
0.0394516
0.0405077
0.042294
0.0427665
0.0448045
0.0504694
0.0504694
0.0550497
0.0587822
0.0650205
0.0657726
0.0659459
0.066039
0.0695618
0.0729628
0.0729628
0.0785895
0.0796549
0.0890765
0.0907929
0.0915207
0.10346
0.107364
0.113247
0.122707
0.125196
0.13015
0.130497
0.150467
0.150467
0.154519
0.156718
0.173523
0.173523
0.186652
0.186917
0.193303
0.193633
0.20337
0.210691
0.216589
0.21704
0.217246
0.217488
0.223714
0.223714
0.231875
0.233626
0.233961
0.235737
0.238067
0.239698
0.245342
0.253884
0.254584
0.254584
0.254584
0.259691
0.262212
0.26299
0.266993
0.270063
0.270445
0.274086
0.274194
0.275031
0.276338
0.276212
0.276956
0.277202
0.277843
0.278911
0.27944
0.279898
0.280088
0.280144
0.280359
0.280854
0.281204
0.281495
0.281689
0.282079
0.282363
0.282363
0.282423
0.282559
0.282763
0.282586
0.282765
0.282767
0.282828
0.282828
0.282886
0.282923
0.282955
0.282955
0.282971
0.282992
0.283017
0.283046
0.283046
0.283076
0.283076
0.283096
0.283121
0.283132
0.283156
0.283171
0.283205
0.283207
0.283224
0.283224
0.283237
0.283237
0.283242
0.283247
0.283252
0.283255
0.283261
0.283266
0.283266
0.283272
0.283274
0.283278
0.283282
0.283282
0.283282
0.283282
0.283283
0.283285
0.283287
0.283288
0.283288
0.283288
0.283289
0.283289
0.283289
0.283289
0.28329
0.283291
0.283291
0.283291
0.283291
0.283291
0.283291
0.283291
0.283291
0.283292
0.283292
0.283292
0.283292
0.283292
0.283292
0.283292
0.283292
0.283292
0.283292
0.283293
0.283293
0.283293
0.283293
0.283293
0.283293
0.283293
0.283293
0.283293
0.283293
0.283293
0.283293
0.283293
0.283293
0.283293
0.283293
0.283293
0.283293
0.283293
0.283293
0.283293
0.283293
0.283293
0.283293
0.283293
0.283293
0.283293
0.283293
0.283293
0.283293
0.283293
0.283293
0.283293
0.283293
0.283293
0.283293
0.283293
0.283293
0.283293
0.283293
0.283293
0.283293
0.283293
0.283293
0.283293
0.283293
0.283293
0.283293
0.283293
0.283293
0.283293
0.283293
0.283293
0.283293
0.283293
0.283293
0.283293
0.283293
0.283293
0.283293
0.283293
0.283293
0.283293
0.283293
0.283293
0.283293
0.283293
0.283293
0.283293
0.283293
0.283293
0.283293
0.283293
0.283293
0.283293
0.283293
0.283293
0.283293
0.283293
0.283293
0.283293
0.283293
0.283293
0.283293
0.283293
0.283293
0.283293
0.283293
0.283293
0.283293
0.283293
0.283293
0.283293
0.283293
0.283293
0.283293
0.283293
0.283293
0.283293
0.283293
0.283293
0.283293
0.283293
0.283293
0.283293
0.283293
0.283293
0.283293
0.283293
0.283293
0.283293
0.283293
0.283293
0.283293
0.283293
0.283293
0.283293
0.283293
0.283293
0.283293
0.283293
0.283293
0.283293
0.283293
0.283293
0.283293
0.283293
0.283293
0.283293
0.283293
0.283293
0.283293
0.283293
0.283293
0.283293
0.283293
0.283293
0.283293
0.283293
0.283293
0.283293
0.283293
0.283293
0.283293
0.283293
0.283293
0.283293
0.283293
0.283293
0.283293
0.283293
0.283293
0.283293
0.283293
0.283293
0.283293
0.283293
0.283293
0.283293
0.283293
0.283293
0.283293
0.283293
0.283293
0.283293
0.283293
0.283293
0.283293
0.283293
0.283293
0.283293
0.283293
0.283293
0.283293
0.283293
0.283293
0.283293
0.283293
0.283293
0.283293
0.283293
0.283293
0.283293
0.283293
0.283293
0.283293
0.283293
0.283293
0.283293
0.283293
0.283293
0.283293
0.283293
0.283293
0.283293
0.283293
0.283293
0.283293
0.283293
0.283293
0.283293
0.283293
0.283293
0.283293
0.283293
0.283293
0.283293
0.283293
0.283293


0.0161016
0.0163313
0.0187093
0.0193783
0.0193783
0.0196511
0.0204224
0.0208993
0.0217534
0.0223089
0.0229976
0.023059
0.0244355
0.0253038
0.0253038
0.0253038
0.0268806
0.0268806
0.0268806
0.0276748
0.0278937
0.027947
0.0308551
0.0309085
0.0309218
0.0317864
0.0354975
0.0365177
0.0365177
0.0376857
0.0403928
0.0442575
0.0454246
0.0462055
0.0494512
0.0498158
0.054402
0.054402
0.0588245
0.0663912
0.067845
0.0710769
0.0790843
0.0796043
0.0807662
0.106813
0.107958
0.107958
0.120935
0.12203
0.122982
0.125422
0.130701
0.131385
0.132669
0.136783
0.146838
0.151335
0.156326
0.1579
0.165439
0.170226
0.172508
0.175
0.181705
0.182678
0.183943
0.187389
0.18812
0.188442
0.189285
0.191625
0.193785
0.196841
0.197616
0.199228
0.200733
0.202028
0.202504
0.203227
0.203227
0.203968
0.204852
0.205765
0.206584
0.206769
0.207386
0.207905
0.208338
0.209117
0.209349
0.209349
0.210554
0.210554
0.210704
0.210888
0.211464
0.211602
0.211607
0.211774
0.211856
0.211953
0.212102
0.212103
0.212287
0.212315
0.212335
0.21246
0.212502
0.212557
0.212651
0.212685
0.212706
0.212718
0.212733
0.21274
0.212743
0.212764
0.21279
0.212793
0.212819
0.212831
0.212843
0.212848
0.212853
0.212857
0.212859
0.212873
0.212874
0.212874
0.212882
0.212887
0.21289
0.21289
0.212896
0.212897
0.212902
0.212905
0.212905
0.212906
0.21291
0.21291
0.212912
0.212913
0.212917
0.212917
0.212917
0.212918
0.212918
0.212919
0.212919
0.21292
0.21292
0.212921
0.212921
0.212921
0.212921
0.212921
0.212921
0.212922
0.212922
0.212922
0.212922
0.212922
0.212922
0.212922
0.212923
0.212923
0.212923
0.212923
0.212923
0.212923
0.212923
0.212923
0.212923
0.212923
0.212923
0.215678
0.2198
0.2198
0.219959
0.221288
0.221288
0.240126
0.247354
0.247354
0.247354
0.247354
0.251364
0.253068
0.257216
0.261211
0.278176
0.278176
0.279038
0.306282
0.313974
0.313974
0.324398
0.336656
0.336656
0.34636
0.34636
0.34636
0.346445
0.348432
0.350279
0.355408
0.355408
0.355408
0.355408
0.363302
0.364779
0.368626
0.374713
0.374713
0.374713
0.376318
0.377434
0.378072
0.378336
0.378129
0.378134
0.378134
0.378734
0.379583
0.380335
0.380367
0.380367
0.380695
0.381169
0.382385
0.382913
0.382913
0.383334
0.383869
0.38397
0.38397
0.385137
0.385137
0.385137
0.386304
0.386402
0.386441
0.386441
0.38697
0.387133
0.387289
0.387982
0.387982
0.38818
0.388011
0.388011
0.388121
0.388292
0.388292
0.388481
0.38851
0.38858
0.38858
0.38863
0.388847
0.388942
0.388943
0.389095
0.389095
0.389216
0.389259
0.389259
0.389293
0.389357
0.389357
0.389357
0.389464
0.389464
0.389553
0.389553
0.389553
0.389581
0.389581
0.389612
0.389618
0.389618
0.389618
0.389629
0.389629
0.389629
0.389636
0.38965
0.389653
0.389654
0.38967
0.38967
0.389672
0.389675
0.389683
0.389683
0.389689
0.38969
0.38969
0.38969
0.389689
0.389694
0.389694
0.389694
0.389694
0.389695
0.389696
0.389696
0.3897
0.3897
0.3897
0.389701
0.389701
0.389701
0.389703
0.389707
0.389707
0.389707
0.389707
0.389709
0.389709
0.389709
0.389709
0.389709
0.389711
0.389711
0.389711
0.389711
0.389711
0.389711
0.389711
0.389711
0.389711
0.389711
0.389711
0.389711
0.389711
0.389711
0.389712
0.389712
0.389712
0.389712
0.389713
0.389713
0.389713
0.389713
0.389713
0.389713
0.389713
0.389713
0.389713
0.389713
0.389713
0.389713
0.389713
0.389713
0.389713
0.389713
0.389713
0.389713
0.389713
0.389713
0.389714
0.389714
0.389714
0.389714
0.389714
0.389714
0.389714
0.389714
0.389714
0.389714
0.389714
0.389714
0.389714
0.389714
0.389714
0.389714
0.389714
0.389714
0.389714
0.389714
0.389714
0.389714
0.389714
0.389714
0.389714
0.389714
0.389714
0.389714
0.389714
0.389714
0.389714
0.389714
0.389714
0.389714
0.389714
0.389714
0.389714


0.0221349
0.0249502
0.0249502
0.0251626
0.0263281
0.0263281
0.0280588
0.0285788
0.0289485
0.0289497
0.0295795
0.0298161
0.0320594
0.0331625
0.0331625
0.0331625
0.0340519
0.0358422
0.0359881
0.0366366
0.0386144
0.0394692
0.0397583
0.0397583
0.0424504
0.0424504
0.0427595
0.0449137
0.0456971
0.0504672
0.0504682
0.0509649
0.0578937
0.0582927
0.0583284
0.0585672
0.0666705
0.069801
0.0712098
0.0765845
0.0771715
0.075596
0.0842576
0.0938562
0.100966
0.104394
0.105758
0.11886
0.12184
0.124229
0.132539
0.134029
0.137824
0.143492
0.152594
0.15932
0.162603
0.172141
0.173244
0.180049
0.182483
0.182483
0.182892
0.194008
0.195482
0.19941
0.200482
0.201656
0.205367
0.214788
0.217445
0.229425
0.22974
0.236762
0.237646
0.24357
0.244178
0.248628
0.248628
0.257945
0.258973
0.259408
0.263379
0.267847
0.268399
0.27068
0.273986
0.274266
0.274665
0.277014
0.281688
0.28764
0.28764
0.290371
0.290371
0.290559
0.291289
0.291289
0.293633
0.293657
0.294085
0.294085
0.294415
0.297556
0.297728
0.298507
0.298507
0.298507
0.299031
0.29943
0.299432
0.299433
0.299891
0.299894
0.300023
0.30013
0.3005
0.3005
0.30063
0.300752
0.300754
0.300983
0.300986
0.301055
0.301056
0.301112
0.301223
0.301255
0.301333
0.301386
0.301525
0.301467
0.301592
0.301628
0.301702
0.301702
0.301722
0.301723
0.301742
0.301772
0.301773
0.301781
0.301795
0.301796
0.301826
0.301856
0.30187
0.30187
0.30187
0.301883
0.301934
0.301957
0.301957
0.301966
0.301966
0.301966
0.301966
0.301969
0.301982
0.301983
0.301987
0.301991
0.301996
0.301996
0.301996
0.302012
0.302012
0.302012
0.302014
0.302016
0.302016
0.302016
0.302016
0.302016
0.302017
0.302017
0.302018
0.302018
0.30202
0.30202
0.30202
0.302021
0.302021
0.302021
0.302021
0.302021
0.302023
0.302023
0.302023
0.302023
0.302023
0.302023
0.302023
0.302023
0.302023
0.302023
0.302023
0.302023
0.302023
0.302023
0.302024
0.302024
0.302024
0.302024
0.302024
0.302024
0.302024
0.302024
0.302024
0.302024
0.302024
0.302024
0.302024
0.302024
0.302024
0.302024
0.302024
0.302024
0.302024
0.302024
0.302024
0.302024
0.302024
0.302024
0.302024
0.302024
0.302024
0.302024
0.302024
0.302024
0.302024
0.302024
0.302024
0.302024
0.302024
0.302024
0.302024
0.302024
0.302024
0.302024
0.302024
0.302024
0.302024
0.302024
0.302024
0.302024
0.302024
0.302024
0.302024
0.302024
0.302024
0.302024
0.302024
0.302024
0.302024
0.302024
0.302024
0.302024
0.302024
0.302024
0.302024
0.302024
0.302024
0.302024
0.302024
0.302024
0.302024
0.302024
0.302024
0.302024
0.302024
0.302024
0.302024
0.302024
0.302024
0.302024
0.302024
0.302024
0.302024
0.302024
0.302024
0.302024
0.302024
0.302024
0.302024
0.302024
0.302024
0.302024
0.302024
0.302024
0.302024
0.302024
0.302024
0.302024
0.302024
0.302024
0.302024
0.302024
0.302024
0.302024
0.302024
0.302024
0.302024
0.302024
0.302024
0.302024
0.302024
0.302024
0.302024
0.302024
0.302024
0.302024
0.302024
0.302024
0.302024
0.302024
0.302024
0.302024
0.302024
0.302024
0.302024
0.302024
0.302024
0.302024
0.302024
0.302024
0.302024
0.302024
0.302024
0.302024
0.302024
0.302024
0.302024
0.302024
0.302024
0.302024
0.302024
0.302024
0.302024
0.302024
0.302024
0.302024
0.302024
0.302024
0.302024
0.302024
0.302024
0.302024
0.302024
0.302024
0.302024
0.302024
0.302024
0.302024
0.302024
0.302024
0.302024
0.302024
0.302024
0.302024
0.302024
0.30201
0.302024
0.302024
0.302024
0.302024
0.302024
0.302024
0.302024
0.302024
0.302024
0.302024
0.302024
0.302024
0.302024
0.302024
0.302024
0.302024
0.302024
0.302024
0.302024
0.302024
0.302024
0.302024
0.302024
0.302024
0.302024
0.302024
0.302024
0.302024
0.302024
0.302024
0.302024
0.302024
0.302024
0.302024
0.302024
0.302024
0.302024
0.302024


0.0237978
0.0244679
0.0251362
0.0263394
0.0266091
0.0278934
0.0282142
0.0285183
0.0292954
0.0299684
0.0305208
0.0306714
0.0312121
0.0319342
0.0324357
0.0334118
0.0346332
0.0356969
0.0369217
0.0382809
0.0388681
0.0397467
0.0398188
0.0484261
0.0491124
0.0491124
0.0493574
0.0512385
0.0516428
0.0522284
0.052549
0.0577612
0.0593087
0.0651919
0.0658291
0.0709447
0.0769233
0.0817247
0.0933848
0.0933848
0.0987734
0.104269
0.10916
0.123427
0.130456
0.132458
0.138275
0.150958
0.150958
0.208309
0.208309
0.214611
0.221726
0.223124
0.241751
0.24966
0.24966
0.265061
0.271135
0.278589
0.28328
0.29526
0.312342
0.325451
0.334794
0.336582
0.340569
0.348903
0.368631
0.379776
0.388282
0.391348
0.400191
0.407001
0.410138
0.410138
0.413966
0.41406
0.420688
0.420688
0.422375
0.427071
0.427522
0.42954
0.430084
0.430337
0.434128
0.43539
0.436556
0.438793
0.439095
0.439305
0.440303
0.440788
0.443182
0.443182
0.443484
0.443484
0.444719
0.444898
0.445156
0.44535
0.445625
0.446026
0.446026
0.446208
0.446471
0.446471
0.446527
0.44662
0.446695
0.446747
0.446857
0.446973
0.447006
0.447049
0.447149
0.447189
0.447238
0.447243
0.447275
0.447358
0.447364
0.447383
0.447386
0.447391
0.447391
0.447406
0.447419
0.447441
0.447447
0.447455
0.447463
0.447472
0.447486
0.447493
0.4475
0.4475
0.447506
0.447509
0.44751
0.447516
0.447516
0.447518
0.447522
0.447524
0.447524
0.447525
0.447526
0.447527
0.447529
0.447529
0.44753
0.447531
0.447533
0.447534
0.447534
0.447534
0.447534
0.447535
0.447536
0.447536
0.447536
0.447537
0.447537
0.447537
0.447537
0.447537
0.447537
0.447537
0.447537
0.447537
0.447537
0.447537
0.447537
0.447538
0.447538
0.447538
0.447538
0.447538
0.447538
0.447538
0.447538
0.447538
0.447538
0.447538
0.447538
0.447538
0.447538
0.447538
0.447538
0.447538
0.447538
0.447538
0.447538
0.447538
0.447538
0.447538
0.447538
0.447538
0.447538
0.447538
0.447538
0.447538
0.447538
0.447538
0.447538
0.447538
0.447538
0.447538
0.447538
0.447538
0.447538
0.447538
0.447538
0.447538
0.447538
0.447538
0.447538
0.447538
0.447538
0.447538
0.447538
0.447538
0.447538
0.447538
0.447538
0.447538
0.447538
0.447538
0.447538
0.447538
0.447538
0.447538
0.447538
0.447538
0.447538
0.447538
0.447538
0.447538
0.447538
0.447538
0.447538
0.447538
0.452752
0.452752
0.453431
0.453431
0.461454
0.461454
0.465815
0.469969
0.469969
0.469969
0.469969
0.469969
0.469969
0.469969
0.47026
0.476426
0.477293
0.482034
0.482034
0.485101
0.489174
0.497988
0.497988
0.497988
0.499814
0.508565
0.508565
0.510374
0.510374
0.511926
0.515215
0.515599
0.51721
0.521459
0.523261
0.525566
0.525638
0.526719
0.527342
0.527626
0.529773
0.530959
0.531456
0.531507
0.535172
0.538736
0.538736
0.539786
0.539786
0.541053
0.541482
0.546029
0.546029
0.546204
0.546276
0.546436
0.546697
0.548368
0.548865
0.549351
0.549546
0.549546
0.5498
0.549813
0.55027
0.550591
0.550689
0.551308
0.551308
0.551308
0.551463
0.551596
0.551648
0.551693
0.55202
0.552315
0.552888
0.552668
0.552764
0.553303
0.553609
0.553733
0.553764
0.553852
0.553946
0.553956
0.5541
0.55395
0.554163
0.554189
0.5542
0.554557
0.554557
0.554557
0.554557
0.554727
0.554777
0.554612
0.554761
0.554808
0.554885
0.554885
0.555165
0.555165
0.555433
0.555497
0.555507
0.555507
0.555591
0.555644
0.555764
0.555764
0.555791
0.555808
0.555862
0.555942
0.555947
0.55595
0.555972
0.55602
0.55603
0.556087
0.556118
0.556118
0.556118
0.556135
0.556147
0.556159
0.556177
0.556205
0.556205
0.556205
0.556207
0.556225
0.55624
0.55624
0.556267
0.556305
0.556345
0.556345
0.55638
0.5564
0.5564
0.5564
0.556412
0.556427
0.556427
0.556424
0.556425
0.556426
0.556428
0.55643
0.556433
0.556445
0.556447
0.556447


0.0171697
0.0176815
0.0188803
0.0194849
0.0194849
0.020368
0.0213233
0.0213815
0.0221911
0.0225443
0.0225443
0.0228499
0.0232352
0.0233995
0.0240942
0.0254248
0.0254248
0.0269763
0.0271442
0.0271445
0.0278058
0.0299679
0.0306956
0.0306956
0.0310861
0.0326754
0.0338738
0.0366261
0.0385118
0.0388685
0.0391033
0.039755
0.0467075
0.0471706
0.0542338
0.0550933
0.0567991
0.061227
0.0659545
0.0659545
0.0703705
0.0715386
0.0715991
0.0764728
0.0835917
0.0951066
0.103282
0.123818
0.123818
0.129882
0.136531
0.137737
0.143413
0.152312
0.169178
0.182981
0.192619
0.196471
0.212764
0.226915
0.230617
0.232277
0.233097
0.234846
0.243857
0.250134
0.25219
0.270804
0.270804
0.281215
0.296858
0.296118
0.301111
0.306229
0.323399
0.324158
0.326514
0.327398
0.330874
0.334694
0.341784
0.343569
0.343569
0.345789
0.348959
0.350055
0.355241
0.355241
0.355317
0.357158
0.360326
0.362018
0.362657
0.363383
0.363383
0.364155
0.365346
0.366125
0.366125
0.366808
0.367161
0.367442
0.368658
0.368906
0.369448
0.369867
0.369867
0.369982
0.370232
0.370376
0.370491
0.370658
0.370851
0.370889
0.371169
0.371412
0.371412
0.371442
0.371565
0.371663
0.371801
0.371836
0.371836
0.371858
0.371861
0.371944
0.371964
0.371981
0.372007
0.372018
0.372021
0.372066
0.372066
0.37208
0.372086
0.3721
0.372108
0.372115
0.372136
0.372138
0.372138
0.372144
0.372144
0.372144
0.372144
0.372147
0.372148
0.37215
0.372153
0.372154
0.372158
0.372164
0.372164
0.372169
0.372172
0.372177
0.372178
0.372185
0.372185
0.372186
0.372189
0.372188
0.372188
0.372188
0.372188
0.37219
0.372191
0.372191
0.372191
0.372191
0.372192
0.372193
0.372193
0.372193
0.372194
0.372194
0.372194
0.372194
0.372194
0.372194
0.372194
0.372194
0.372194
0.372194
0.372194
0.372194
0.372194
0.372195
0.372195
0.372195
0.372195
0.372195
0.372195
0.372195
0.372195
0.372195
0.372195
0.372195
0.372195
0.372195
0.372195
0.372195
0.372195
0.372195
0.372195
0.372195
0.372195
0.372195
0.372195
0.372195
0.372195
0.372195
0.372195
0.372195
0.372195
0.372195
0.372195
0.372195
0.372195
0.372195
0.372195
0.372195
0.372195
0.372195
0.372195
0.372195
0.372195
0.372195
0.372195
0.372195
0.372195
0.372195
0.372195
0.372195
0.372195
0.372195
0.372195
0.372195
0.372195
0.372195
0.372195
0.372195
0.372195
0.372195
0.372195
0.372195
0.372195
0.372195
0.372195
0.372195
0.372195
0.372195
0.372195
0.372195
0.372195
0.372195
0.372195
0.372195
0.372195
0.372195
0.372195
0.372195
0.372195
0.372195
0.372195
0.372195
0.372195
0.372195
0.372195
0.372195
0.372195
0.372195
0.372195
0.372195
0.372195
0.372195
0.372195
0.372195
0.372195
0.372195
0.372195
0.372195
0.372195
0.372195
0.372195
0.372195
0.372195
0.372195
0.372195
0.372195
0.372195
0.372195
0.372195
0.372195
0.372195
0.372195
0.372195
0.372195
0.372195
0.372195
0.372195
0.372195
0.372195
0.372195
0.372195
0.372195
0.372195
0.372195
0.372195
0.372195
0.372195
0.372195
0.372195
0.372195
0.372195
0.372195
0.372195
0.372195
0.372195
0.372195
0.372195
0.372195
0.372195
0.372195
0.372195
0.372195
0.372195
0.372195
0.372195
0.372195
0.372195
0.372195
0.372195
0.372195
0.372195
0.372195
0.372195
0.372195
0.372195
0.372195
0.372195
0.372195
0.372195
0.372195
0.372195
0.372195
0.372195
0.372195
0.372195
0.372195
0.372195
0.372195
0.372195
0.372195
0.372195
0.372195
0.372195
0.372195
0.372195
0.372195
0.372195
0.372195
0.372195
0.372195
0.372195
0.372195
0.372195
0.372195
0.372195
0.372195
0.372195
0.372195
0.372195
0.372195
0.372195
0.372195
0.372195
0.372195
0.372195
0.372195
0.372195
0.372195
0.372195
0.372195
0.372195
0.372195
0.372195
0.372195
0.372195
0.372195
0.372195
0.372195
0.372195
0.372195
0.372195
0.372195
0.372195
0.372195
0.372195
0.372195


0.0181088
0.0201638
0.0209382
0.0227393
0.0230982
0.023833
0.024898
0.0249501
0.0263007
0.0263007
0.0264211
0.0271777
0.0271777
0.0277165
0.0280092
0.0287445
0.0314637
0.0314637
0.0324271
0.03378
0.0340413
0.0350016
0.0350016
0.0354002
0.0357171
0.0363866
0.0369295
0.0390824
0.0393189
0.0431741
0.0440999
0.0493969
0.0503949
0.0542157
0.0577064
0.0589088
0.0668293
0.067276
0.0737058
0.0782842
0.0832576
0.0873697
0.0931801
0.0951156
0.10094
0.107473
0.113753
0.125179
0.136033
0.137039
0.146509
0.153027
0.157346
0.170659
0.174457
0.184167
0.185731
0.2015
0.203379
0.203919
0.210195
0.209176
0.222684
0.224629
0.237387
0.240708
0.240708
0.249542
0.264952
0.265927
0.267511
0.270802
0.274311
0.283561
0.288382
0.288382
0.288382
0.292883
0.292883
0.292954
0.298679
0.298769
0.299989
0.300788
0.303322
0.304207
0.306141
0.306381
0.307559
0.308756
0.308762
0.309648
0.309694
0.310676
0.310713
0.310813
0.311266
0.311725
0.311725
0.312697
0.312722
0.312868
0.313115
0.313391
0.313451
0.313777
0.313797
0.313838
0.313838
0.313988
0.314041
0.314025
0.31421
0.31421
0.314214
0.314255
0.314273
0.314293
0.314304
0.314362
0.314364
0.314408
0.314418
0.314434
0.314463
0.314463
0.314491
0.314496
0.314497
0.314568
0.314575
0.314585
0.314594
0.314594
0.314595
0.314607
0.314608
0.31552
0.315521
0.315525
0.317569
0.317573
0.317573
0.347848
0.366389
0.366391
0.379973
0.379974
0.379974
0.384599
0.3846
0.385808
0.385809
0.385809
0.38581
0.387006
0.397659
0.397659
0.397659
0.398342
0.40151
0.40151
0.420914
0.420914
0.424348
0.426049
0.426049
0.429552
0.451996
0.451996
0.457247
0.457247
0.457248
0.457248
0.457248
0.457248
0.472748
0.472748
0.485859
0.491793
0.494043
0.497777
0.503411
0.504123
0.508754
0.508754
0.508754
0.508754
0.508755
0.508799
0.510204
0.510204
0.514308
0.516686
0.529607
0.529607
0.53393
0.53393
0.53393
0.53393
0.53393
0.538612
0.538997
0.539936
0.540514
0.543806
0.544863
0.544863
0.54974
0.54974
0.54974
0.549807
0.549807
0.550483
0.551691
0.552053
0.553774
0.553774
0.553975
0.553975
0.553975
0.554465
0.554742
0.554916
0.555618
0.555618
0.555618
0.55583
0.55583
0.556302
0.556302
0.557202
0.557202
0.557484
0.557484
0.557484
0.557558
0.557752
0.557752
0.558095
0.558188
0.558364
0.558364
0.558364
0.558364
0.558497
0.558497
0.558497
0.558553
0.5587
0.5587
0.558761
0.558761
0.558761
0.558761
0.558774
0.559037
0.559054
0.559054
0.559054
0.559091
0.559091
0.559121
0.559148
0.559149
0.559149
0.5592
0.559226
0.559226
0.559226
0.559226
0.559226
0.559232
0.559243
0.559254
0.559267
0.559268
0.559272
0.559275
0.559275
0.559275
0.559275
0.559291
0.559291
0.559291
0.559291
0.559292
0.559292
0.559299
0.559299
0.559303
0.559305
0.559307
0.559311
0.559311
0.559311
0.559318
0.55932
0.559323
0.559323
0.559324
0.559323
0.559323
0.559324
0.559324
0.559324
0.559326
0.559326
0.559326
0.559327
0.559328
0.559328
0.559328
0.559329
0.559329
0.559329
0.559329
0.559329
0.55933
0.55933
0.55933
0.55933
0.55933
0.55933
0.55933
0.55933
0.55933
0.55933
0.55933
0.55933
0.55933
0.55933
0.55933
0.55933
0.55933
0.55933
0.55933
0.55933
0.55933
0.55933
0.559331
0.559331
0.559331
0.559331
0.559331
0.559331
0.559331
0.559331
0.559331
0.559331
0.559331
0.559331
0.559331
0.559331
0.559331
0.559331
0.559331
0.559331
0.559331
0.559331
0.559331
0.559331
0.559331
0.559331
0.559331
0.559331
0.559331
0.559331
0.559331
0.559331
0.559331
0.559331
0.559331
0.559331
0.559331
0.559331
0.559331
0.559331
0.559331
0.559331
0.559331
0.559331
0.559331
0.559331
0.559331
0.559331
0.559331
0.559331
0.559331
0.559331
0.559331
0.559331
0.559331
0.559331
0.559331
0.559331
0.559331
0.559331
0.559331
0.559331


0.0197372
0.0205338
0.0218161
0.0228261
0.024135
0.024135
0.0244343
0.0244343
0.0263549
0.0263549
0.0263549
0.0264056
0.0270356
0.0270356
0.0275075
0.0275075
0.0276218
0.0276328
0.0301254
0.0304156
0.0314494
0.0321323
0.0323004
0.0339665
0.0443552
0.0443552
0.0451644
0.0452939
0.0476322
0.0501781
0.0526065
0.0526065
0.0559579
0.0584967
0.0688984
0.0703445
0.0705303
0.0740914
0.0761993
0.0810639
0.0937772
0.104974
0.106617
0.121818
0.121827
0.147828
0.147916
0.160164
0.160164
0.172995
0.18436
0.189265
0.198884
0.202868
0.212984
0.224036
0.232032
0.24271
0.250289
0.253606
0.261624
0.261216
0.275595
0.293809
0.294582
0.297505
0.303472
0.312989
0.32033
0.326895
0.329541
0.344817
0.355607
0.388623
0.396391
0.397553
0.436396
0.436396
0.449602
0.449602
0.454992
0.463723
0.463774
0.473062
0.473164
0.473371
0.488034
0.488233
0.48842
0.488593
0.493873
0.50525
0.508741
0.525511
0.529018
0.532844
0.534485
0.534594
0.536817
0.545468
0.545468
0.547089
0.549431
0.549445
0.550458
0.553038
0.553069
0.555613
0.556395
0.556398
0.556439
0.559153
0.560393
0.560403
0.56114
0.561269
0.561277
0.5615
0.561771
0.561778
0.561999
0.562488
0.562488
0.562841
0.562841
0.563033
0.563226
0.563226
0.563305
0.563462
0.563464
0.563465
0.563564
0.563703
0.563729
0.563729
0.563729
0.563778
0.563778
0.563796
0.563836
0.563865
0.563866
0.563894
0.563895
0.563921
0.563923
0.563923
0.563925
0.563937
0.563939
0.563945
0.563945
0.56395
0.563955
0.56396
0.563966
0.563972
0.563972
0.563973
0.563974
0.563978
0.563979
0.563983
0.563983
0.563983
0.563984
0.563984
0.563985
0.563985
0.563985
0.563986
0.563986
0.563986
0.563986
0.563987
0.563988
0.563988
0.563988
0.563989
0.563989
0.563989
0.563989
0.563989
0.563989
0.563989
0.563989
0.563989
0.563989
0.563989
0.563989
0.563989
0.563989
0.563989
0.563989
0.563989
0.563989
0.563989
0.563989
0.563989
0.563989
0.563989
0.563989
0.563989
0.563989
0.563989
0.563989
0.56399
0.56399
0.56399
0.56399
0.56399
0.56399
0.56399
0.56399
0.56399
0.56399
0.56399
0.56399
0.56399
0.56399
0.56399
0.56399
0.56399
0.56399
0.56399
0.56399
0.56399
0.56399
0.56399
0.56399
0.56399
0.56399
0.56399
0.56399
0.56399
0.56399
0.56399
0.56399
0.56399
0.56399
0.56399
0.56399
0.56399
0.56399
0.56399
0.56399
0.56399
0.56399
0.56399
0.56399
0.56399
0.56399
0.56399
0.56399
0.56399
0.56399
0.56399
0.56399
0.56399
0.56399
0.56399
0.56399
0.56399
0.56399
0.56399
0.56399
0.56399
0.56399
0.56399
0.56399
0.56399
0.56399
0.56399
0.56399
0.56399
0.56399
0.56399
0.56399
0.56399
0.56399
0.56399
0.56399
0.56399
0.56399
0.56399
0.56399
0.56399
0.56399
0.56399
0.56399
0.56399
0.56399
0.56399
0.56399
0.56399
0.56399
0.56399
0.56399
0.56399
0.56399
0.56399
0.56399
0.56399
0.56399
0.56399
0.56399
0.56399
0.56399
0.56399
0.56399
0.56399
0.56399
0.56399
0.56399
0.56399
0.56399
0.56399
0.56399
0.56399
0.56399
0.56399
0.56399
0.56399
0.56399
0.56399
0.56399
0.56399
0.56399
0.56399
0.56399
0.56399
0.56399
0.56399
0.56399
0.56399
0.56399
0.56399
0.56399
0.56399
0.56399
0.56399
0.56399
0.56399
0.56399
0.56399
0.56399
0.56399
0.56399
0.56399
0.56399
0.56399
0.56399
0.56399
0.56399
0.56399
0.56399
0.56399
0.56399
0.56399
0.56399
0.56399
0.56399
0.56399
0.56399
0.56399
0.56399
0.56399
0.56399
0.56399
0.56399
0.56399
0.56399
0.56399
0.56399
0.56399
0.56399
0.56399
0.56399
0.56399
0.56399
0.56399
0.56399
0.56399
0.56399
0.56399
0.56399
0.56399
0.56399
0.56399
0.56399
0.56399
0.56399
0.56399
0.56399
0.56399
0.56399
0.56399
0.56399
0.56399


0.01471
0.0151436
0.0155023
0.0157851
0.0165188
0.0166446
0.0177847
0.0177847
0.0186243
0.0186712
0.0191154
0.019509
0.0195543
0.0201619
0.0204869
0.0206747
0.0210239
0.0225265
0.0225494
0.0226363
0.0235632
0.024134
0.0244361
0.0253406
0.0253499
0.0259322
0.0270438
0.0273456
0.0273456
0.0306205
0.0311973
0.0319659
0.0348698
0.0361814
0.0388691
0.0438557
0.0438557
0.049011
0.0508077
0.0538041
0.0540686
0.05637
0.0595988
0.0595988
0.0609157
0.0640351
0.065867
0.0718775
0.0756492
0.083989
0.083989
0.0844867
0.107836
0.109949
0.112517
0.14277
0.152466
0.160092
0.160092
0.160241
0.161067
0.175366
0.176671
0.177546
0.197412
0.208955
0.211159
0.21681
0.242915
0.242915
0.256287
0.256384
0.259652
0.265411
0.299597
0.323641
0.325233
0.325503
0.331706
0.347346
0.347479
0.359036
0.359119
0.366251
0.368502
0.368695
0.385027
0.390694
0.405315
0.406092
0.406092
0.411514
0.411556
0.414769
0.416765
0.416765
0.416789
0.419451
0.419494
0.421833
0.432653
0.425983
0.430149
0.435731
0.435731
0.435731
0.435758
0.435759
0.435798
0.436227
0.436892
0.437317
0.437683
0.438229
0.439641
0.440109
0.44011
0.440255
0.440259
0.440619
0.440626
0.440843
0.440845
0.441197
0.441198
0.441237
0.441542
0.441546
0.441578
0.441847
0.442476
0.442477
0.442477
0.44284
0.44284
0.44284
0.44324
0.443241
0.443241
0.443243
0.443258
0.443292
0.443304
0.443332
0.443332
0.443343
0.443348
0.443361
0.443381
0.443453
0.443453
0.443453
0.443476
0.443485
0.443485
0.443536
0.443536
0.44354
0.44354
0.443544
0.443547
0.443571
0.443584
0.443587
0.443587
0.44359
0.44359
0.44359
0.44359
0.443591
0.443591
0.443593
0.443593
0.443594
0.443596
0.443596
0.443596
0.443602
0.443602
0.443605
0.443607
0.443608
0.443609
0.443609
0.443611
0.443611
0.443612
0.443612
0.443613
0.443614
0.443614
0.443616
0.443616
0.443616
0.443617
0.443617
0.443617
0.443618
0.443618
0.443618
0.443618
0.443618
0.443618
0.443618
0.443618
0.443618
0.443618
0.443618
0.443618
0.443618
0.443618
0.443618
0.443618
0.443618
0.443618
0.443618
0.443618
0.443618
0.443619
0.443619
0.443619
0.443619
0.443619
0.443619
0.443619
0.443619
0.443619
0.443619
0.443619
0.443619
0.443619
0.443619
0.443619
0.443619
0.443619
0.443619
0.443619
0.443619
0.443619
0.443619
0.443619
0.443619
0.443619
0.443619
0.443619
0.443619
0.443619
0.443619
0.443619
0.443619
0.443619
0.443619
0.443619
0.443619
0.443619
0.443619
0.443619
0.443619
0.443619
0.443619
0.443678
0.446155
0.448169
0.448169
0.4499
0.453197
0.454271
0.45449
0.455559
0.455559
0.457002
0.456604
0.457201
0.457201
0.458134
0.458134
0.458364
0.458749
0.459293
0.459361
0.459903
0.459131
0.460042
0.460102
0.460367
0.460536
0.46079
0.46079
0.460925
0.460925
0.461105
0.461067
0.461207
0.461207
0.461207
0.461352
0.461352
0.461352
0.461352
0.461352
0.461442
0.461484
0.461581
0.461695
0.461965
0.462059
0.462067
0.462302
0.462302
0.462402
0.462552
0.462766
0.462766
0.46277
0.462776
0.46281
0.462839
0.462842
0.462867
0.462877
0.462903
0.462915
0.462918
0.462919
0.46292
0.46292
0.46292
0.462928
0.462928
0.462932
0.462933
0.462935
0.462947
0.46296
0.462974
0.462989
0.463018
0.463026
0.463026
0.463036
0.463036
0.463031
0.463042
0.463042
0.463043
0.46305
0.463052
0.463052
0.463052
0.463057
0.463058
0.463058
0.463058
0.463059
0.463059
0.463115
0.463484
0.464695
0.464695
0.464908
0.464908
0.465059
0.465223
0.465223
0.465223
0.465223
0.465309
0.465316
0.465345
0.465355
0.465357
0.465369
0.465398
0.465399
0.465399
0.465399
0.465399
0.465404
0.465406
0.465411
0.465414
0.465465
0.465465
0.465465
0.46547
0.465531
0.465531
0.465538
0.465544
0.465552
0.465555
0.46556
0.465565
0.465568
0.465574
0.465595
0.465595
0.465595
0.465598
0.465601


0.0199147
0.0202158
0.0202158
0.0218582
0.0224381
0.0228122
0.0231012
0.0242637
0.0247711
0.0253393
0.0255353
0.0260009
0.027901
0.0279255
0.0289349
0.0295638
0.0295639
0.0295639
0.0295828
0.0296759
0.0302962
0.0305711
0.0306283
0.0308576
0.0312215
0.0312428
0.0316852
0.0320514
0.0323005
0.0323212
0.032964
0.0339209
0.0340262
0.0345966
0.0348842
0.0359345
0.0359345
0.0361998
0.0370614
0.0381563
0.0397637
0.0406875
0.041888
0.0430651
0.0471251
0.0473846
0.050587
0.0520264
0.0542573
0.0547125
0.064429
0.0668131
0.0686923
0.083133
0.0831477
0.085876
0.0858804
0.0892755
0.106872
0.106873
0.106895
0.119717
0.124384
0.133915
0.134332
0.134332
0.143526
0.174425
0.174425
0.183156
0.189414
0.209127
0.209127
0.212886
0.212886
0.212886
0.21739
0.217423
0.222458
0.259459
0.262312
0.265548
0.266967
0.269973
0.271013
0.271862
0.27653
0.287511
0.287613
0.287906
0.305589
0.304567
0.308543
0.316404
0.319239
0.323437
0.324501
0.329753
0.336717
0.33733
0.337633
0.356367
0.356367
0.356433
0.358507
0.358804
0.361518
0.361518
0.362365
0.363667
0.364141
0.374121
0.374121
0.381199
0.385355
0.385427
0.393502
0.393542
0.39524
0.397152
0.401574
0.401619
0.402161
0.402162
0.40225
0.402269
0.402269
0.402805
0.404647
0.405155
0.405155
0.405531
0.408105
0.409027
0.409032
0.409804
0.40999
0.411287
0.411297
0.412355
0.412364
0.412759
0.41276
0.413341
0.413341
0.413345
0.413346
0.413349
0.413579
0.414342
0.414577
0.414577
0.414704
0.414706
0.414708
0.414708
0.414729
0.414831
0.415028
0.415113
0.415221
0.415446
0.415488
0.415488
0.415659
0.415667
0.415667
0.415778
0.415782
0.415783
0.415815
0.415877
0.415967
0.415967
0.415978
0.415979
0.415979
0.416045
0.416045
0.416066
0.416106
0.416163
0.416163
0.416194
0.416194
0.416239
0.416239
0.416239
0.416258
0.416258
0.416258
0.416258
0.416263
0.416263
0.416268
0.416268
0.416268
0.416278
0.416278
0.416288
0.416293
0.4163
0.4163
0.416304
0.41631
0.416311
0.416311
0.416311
0.416313
0.416314
0.416314
0.416314
0.416314
0.416314
0.416314
0.416314
0.416316
0.418511
0.448433
0.45126
0.451261
0.460225
0.460226
0.460227
0.46837
0.476699
0.476699
0.490415
0.495282
0.495737
0.495738
0.508409
0.508409
0.50841
0.50841
0.508604
0.508604
0.508655
0.512944
0.518889
0.520357
0.524203
0.525043
0.525669
0.529574
0.530854
0.531024
0.531024
0.531024
0.531092
0.533527
0.534204
0.534341
0.535452
0.535452
0.535452
0.535854
0.535854
0.536204
0.536204
0.537176
0.537513
0.537513
0.537539
0.537808
0.537827
0.537827
0.538094
0.538578
0.538962
0.538962
0.539193
0.539205
0.539365
0.539365
0.539365
0.539365
0.539474
0.53951
0.53951
0.539723
0.539827
0.539827
0.539827
0.539938
0.539946
0.539956
0.539956
0.539966
0.539966
0.539966
0.540044
0.540058
0.540066
0.540066
0.540079
0.540132
0.540132
0.540145
0.540147
0.540175
0.540191
0.540191
0.540203
0.540233
0.540233
0.540262
0.540283
0.540284
0.540292
0.540292
0.540305
0.540312
0.540316
0.540322
0.540322
0.540322
0.540325
0.540336
0.540336
0.540339
0.540339
0.54034
0.54034
0.540343
0.540345
0.540345
0.540345
0.540347
0.540347
0.540348
0.540348
0.540348
0.540348
0.540349
0.540351
0.540351
0.540352
0.540353
0.540353
0.540353
0.540353
0.540353
0.540353
0.540354
0.540354
0.540354
0.540354
0.540354
0.540355
0.540355
0.540355
0.540355
0.540355
0.540355
0.540355
0.540355
0.540355
0.540355
0.540355
0.540355
0.540355
0.540355
0.540355
0.540355
0.540355
0.540355
0.540355
0.540355
0.540355
0.540355
0.540355
0.540355
0.540355
0.540355
0.540355
0.540355
0.540355
0.540355
0.540355
0.540355
0.540355
0.540355
0.540355
0.540355
0.540355
0.540355
0.540355
0.540355
0.540355
0.540355
0.540355
0.540355
0.540355
0.540355
0.540355
0.540355
0.540355
0.540355
0.540355


0.0224791
0.0232037
0.0245816
0.0250561
0.0266527
0.027112
0.0275604
0.0284803
0.0284803
0.0301034
0.0307564
0.0301911
0.031096
0.0312627
0.0318496
0.0334951
0.0336508
0.034233
0.0346812
0.035288
0.0368092
0.0379009
0.038892
0.0401685
0.0458521
0.0459062
0.0485311
0.0485311
0.0501489
0.0522241
0.0553026
0.0575085
0.0602689
0.068597
0.0718144
0.073164
0.0769264
0.0782751
0.0787907
0.0862624
0.0987057
0.106095
0.11053
0.127491
0.132005
0.13325
0.147297
0.147368
0.151628
0.163057
0.168745
0.176711
0.185026
0.186876
0.193657
0.193926
0.198459
0.207884
0.214427
0.223568
0.229185
0.231037
0.23189
0.238834
0.241933
0.246556
0.252743
0.256894
0.276109
0.277418
0.288614
0.292363
0.296877
0.297771
0.304337
0.305328
0.307232
0.311629
0.314401
0.317132
0.317878
0.31914
0.320485
0.320485
0.323424
0.323515
0.32389
0.326534
0.326534
0.327107
0.327297
0.33152
0.33152
0.33175
0.33175
0.331859
0.332066
0.332323
0.332617
0.332931
0.333479
0.33355
0.333682
0.333914
0.334116
0.334131
0.334286
0.334312
0.334417
0.33462
0.334719
0.334724
0.334776
0.334785
0.334795
0.334814
0.334821
0.334833
0.334861
0.334861
0.334894
0.334912
0.334925
0.334925
0.334925
0.33493
0.334941
0.334953
0.334954
0.334954
0.334958
0.334959
0.334983
0.334984
0.33499
0.334996
0.334997
0.335008
0.335008
0.335008
0.335012
0.335014
0.335014
0.335016
0.335016
0.335018
0.335018
0.335022
0.335022
0.335023
0.335023
0.335025
0.335025
0.335026
0.335026
0.335027
0.335027
0.335027
0.335027
0.335027
0.335027
0.335028
0.335028
0.335028
0.335029
0.335029
0.335029
0.335029
0.335029
0.33503
0.33503
0.33503
0.33503
0.33503
0.33503
0.33503
0.33503
0.33503
0.33503
0.33503
0.33503
0.33503
0.33503
0.33503
0.33503
0.33503
0.33503
0.33503
0.33503
0.33503
0.33503
0.33503
0.33503
0.33503
0.33503
0.33503
0.33503
0.33503
0.33503
0.33503
0.33503
0.33503
0.33503
0.33503
0.33503
0.33503
0.33503
0.33503
0.33503
0.33503
0.33503
0.33503
0.33503
0.33503
0.33503
0.33503
0.33503
0.33503
0.33503
0.33503
0.33503
0.33503
0.33503
0.33503
0.33503
0.33503
0.33503
0.33503
0.33503
0.33503
0.33503
0.33503
0.33503
0.33503
0.33503
0.33503
0.33503
0.33503
0.33503
0.33503
0.33503
0.33503
0.33503
0.33503
0.33503
0.33503
0.33503
0.33503
0.33503
0.33503
0.33503
0.33503
0.33503
0.33503
0.33503
0.33503
0.33503
0.33503
0.33503
0.33503
0.33503
0.33503
0.33503
0.33503
0.33503
0.33503
0.33503
0.33503
0.33503
0.33503
0.33503
0.33503
0.33503
0.33503
0.33503
0.33503
0.33503
0.33503
0.33503
0.33503
0.33503
0.33503
0.33503
0.33503
0.33503
0.33503
0.33503
0.33503
0.33503
0.33503
0.33503
0.33503
0.33503
0.33503
0.33503
0.33503
0.33503
0.33503
0.33503
0.33503
0.33503
0.33503
0.33503
0.33503
0.33503
0.33503
0.33503
0.33503
0.33503
0.33503
0.33503
0.33503
0.33503
0.33503
0.33503
0.33503
0.33503
0.33503
0.33503
0.33503
0.33503
0.334772
0.33503
0.33503
0.33503
0.33503
0.33503
0.33503
0.33503
0.335195
0.335195
0.335372
0.335379
0.335556
0.335556
0.335556
0.335802
0.335864
0.335949
0.336049
0.336119
0.336178
0.336222
0.336297
0.336297
0.336503
0.336559
0.336559
0.336559
0.336608
0.336858
0.336995
0.336995
0.337066
0.337099
0.337394
0.337394
0.337416
0.337416
0.337553
0.337553
0.337569
0.337569
0.337585
0.337595
0.337598
0.337599
0.3376
0.337637
0.337712
0.337712
0.337761
0.33796
0.33796
0.337969
0.337969
0.337975
0.337975
0.338027
0.338027
0.338083
0.338032
0.338087
0.338087
0.338102
0.338118
0.338118
0.338119
0.338119
0.33812
0.33812
0.338125
0.338125
0.338125
0.338133
0.338135
0.338149
0.338161
0.338166
0.338167


0.0217499
0.0234944
0.0234944
0.0242047
0.0248217
0.0269114
0.0271518
0.0275487
0.0275487
0.0287132
0.0288575
0.0296148
0.0296158
0.0296628
0.0306382
0.0325287
0.0334194
0.0346966
0.0367136
0.0376755
0.0397804
0.0420379
0.0420379
0.0463119
0.0473503
0.0473503
0.0489353
0.0514748
0.052197
0.0545357
0.0601893
0.0654635
0.0659536
0.0883203
0.0911111
0.0966854
0.11093
0.110958
0.119126
0.120332
0.139419
0.150438
0.157607
0.16499
0.16499
0.16499
0.167904
0.171981
0.180629
0.202825
0.202825
0.219142
0.225174
0.253906
0.255069
0.297415
0.29879
0.315868
0.33132
0.331542
0.346364
0.361281
0.366324
0.375349
0.37944
0.395627
0.409952
0.420559
0.452744
0.453713
0.455567
0.461049
0.461049
0.463733
0.468591
0.479049
0.479049
0.481677
0.484717
0.489209
0.492793
0.493106
0.500219
0.501467
0.50573
0.506114
0.508844
0.511667
0.511672
0.513818
0.516263
0.517941
0.518278
0.518474
0.518697
0.519409
0.519543
0.520471
0.521621
0.521839
0.522627
0.52369
0.52369
0.524059
0.524104
0.524614
0.524722
0.52475
0.524781
0.524856
0.525133
0.525555
0.525607
0.525656
0.525707
0.525821
0.525934
0.525942
0.526105
0.526222
0.526222
0.526222
0.526227
0.526303
0.526409
0.526448
0.526466
0.526486
0.526486
0.526502
0.526553
0.526592
0.526592
0.526617
0.526635
0.526642
0.526649
0.526649
0.526659
0.526661
0.526668
0.526672
0.526681
0.526689
0.52669
0.52669
0.526691
0.526706
0.526707
0.52671
0.526712
0.526712
0.526712
0.526713
0.526716
0.526718
0.52672
0.52672
0.526721
0.526722
0.526723
0.526724
0.526724
0.526724
0.526724
0.526724
0.526725
0.526725
0.526725
0.526725
0.526725
0.526725
0.526725
0.526725
0.526726
0.526726
0.526726
0.526726
0.526726
0.526726
0.526726
0.526726
0.526726
0.526726
0.526726
0.526726
0.526726
0.526726
0.526726
0.526726
0.526727
0.526727
0.526727
0.526727
0.526727
0.526727
0.526727
0.526727
0.526727
0.526727
0.526727
0.526727
0.526727
0.526727
0.526727
0.526727
0.526727
0.526727
0.526727
0.526727
0.526727
0.526727
0.526727
0.526727
0.526727
0.526727
0.526727
0.526727
0.526727
0.526727
0.526727
0.526727
0.526727
0.526727
0.526727
0.526727
0.526727
0.526727
0.526727
0.526727
0.526727
0.526727
0.526727
0.526727
0.526727
0.526727
0.526727
0.526727
0.526727
0.526727
0.526727
0.526727
0.526727
0.526727
0.526727
0.526727
0.526727
0.526727
0.526727
0.526727
0.526727
0.526727
0.526727
0.526727
0.526727
0.526727
0.526727
0.526727
0.526727
0.526727
0.526727
0.526727
0.526727
0.526727
0.526727
0.526727
0.526727
0.526727
0.526727
0.526727
0.526727
0.526727
0.526727
0.526727
0.526727
0.526727
0.526727
0.526727
0.526727
0.526727
0.526727
0.526727
0.526727
0.526727
0.526727
0.526727
0.526727
0.526727
0.526727
0.526727
0.526727
0.526727
0.526727
0.526727
0.526727
0.526727
0.526727
0.526727
0.526727
0.526727
0.526727
0.526727
0.526727
0.526727
0.526727
0.526727
0.526727
0.526727
0.526727
0.526727
0.526727
0.526727
0.526727
0.526727
0.526727
0.526727
0.526727
0.526727
0.526727
0.526727
0.526727
0.526727
0.526727
0.526727
0.526727
0.526727
0.526727
0.526727
0.526727
0.526727
0.526727
0.526727
0.526727
0.526727
0.526727
0.526727
0.526727
0.526727
0.526727
0.526727
0.526727
0.526726
0.526727
0.526727
0.526727
0.526727
0.526727
0.526727
0.526727
0.526727
0.526727
0.526727
0.526727
0.526727
0.526727
0.526727
0.526727
0.526727
0.526727
0.526727
0.526727
0.526727
0.526727
0.526727
0.526727
0.526727
0.526727
0.526727
0.526727
0.526727
0.526727
0.526727
0.526727
0.526727
0.526727
0.526727
0.526727
0.526727
0.526727
0.526727
0.526727
0.526727
0.526727
0.526727
0.526727
0.526727
0.526727
0.526727
0.526727
0.526727
0.526727
0.526727
0.526727
0.526727
0.526727
0.526727
0.526727
0.526727
0.526727
0.526727


0.0116411
0.0116411
0.0119561
0.0125111
0.0125111
0.01295
0.0130567
0.0130567
0.0133301
0.013638
0.0136881
0.0139141
0.0140752
0.0144095
0.0148383
0.0148383
0.0153153
0.0155491
0.0157899
0.0157951
0.0158084
0.0158084
0.0161679
0.0162922
0.0163515
0.0166836
0.0167595
0.0178276
0.0178976
0.0179389
0.018781
0.019401
0.019401
0.0196861
0.0200895
0.020771
0.023239
0.0243973
0.0260153
0.0260153
0.0271804
0.0275994
0.0289668
0.029976
0.0349816
0.0387799
0.0416807
0.0427232
0.0434753
0.0449821
0.0464615
0.0475011
0.0567113
0.0607993
0.0665688
0.0702748
0.0796378
0.0797929
0.0970086
0.0973651
0.100333
0.10366
0.10752
0.107861
0.108226
0.111625
0.128855
0.130704
0.130704
0.137
0.137876
0.14995
0.14995
0.163661
0.171031
0.171031
0.176956
0.177611
0.177785
0.184834
0.190701
0.189848
0.192283
0.198739
0.202781
0.203828
0.206552
0.207572
0.207582
0.207968
0.21223
0.215224
0.215413
0.21561
0.217396
0.218148
0.21858
0.218662
0.219766
0.220577
0.222622
0.222971
0.222971
0.223483
0.223762
0.225467
0.226631
0.227253
0.228815
0.228837
0.228837
0.229052
0.229373
0.229414
0.230045
0.23042
0.230722
0.230952
0.231249
0.231264
0.231476
0.231547
0.231658
0.231988
0.23213
0.232278
0.232573
0.232573
0.232736
0.232783
0.232885
0.232885
0.23297
0.232996
0.23308
0.23309
0.233091
0.233117
0.233191
0.233249
0.23325
0.233218
0.233218
0.23326
0.233287
0.233287
0.233287
0.233304
0.233337
0.233367
0.233371
0.233388
0.233394
0.233399
0.233424
0.233424
0.233427
0.233428
0.233428
0.233432
0.233433
0.233437
0.233437
0.233453
0.233454
0.233454
0.233454
0.233461
0.233465
0.233468
0.233468
0.233469
0.233469
0.233471
0.233473
0.233473
0.233475
0.233475
0.233475
0.233476
0.233477
0.23348
0.23348
0.23348
0.233482
0.233482
0.233483
0.233484
0.233484
0.233484
0.233484
0.233485
0.233485
0.233485
0.233485
0.233486
0.233486
0.233486
0.233486
0.233486
0.233486
0.233486
0.233486
0.233486
0.233486
0.233486
0.233486
0.233486
0.233486
0.233487
0.233487
0.233487
0.233487
0.233487
0.233487
0.233487
0.233487
0.233487
0.233487
0.233487
0.233487
0.233487
0.233487
0.233487
0.233487
0.233487
0.233487
0.233487
0.233487
0.233487
0.233487
0.233487
0.233487
0.233487
0.233487
0.233487
0.233487
0.233487
0.233487
0.233487
0.233487
0.233487
0.233487
0.233487
0.233487
0.233487
0.233487
0.233487
0.233487
0.233487
0.233487
0.233487
0.233487
0.233487
0.233487
0.233487
0.233487
0.233487
0.233487
0.233487
0.233487
0.233487
0.233487
0.233487
0.233487
0.233487
0.233487
0.233487
0.233487
0.233487
0.233487
0.233487
0.233487
0.233487
0.233487
0.233487
0.233487
0.233487
0.233487
0.233487
0.233487
0.233487
0.233487
0.233487
0.233487
0.233487
0.233487
0.233487
0.233487
0.233487
0.233487
0.233487
0.233487
0.233487
0.233487
0.233487
0.233487
0.233487
0.233487
0.233487
0.233487
0.233487
0.233487
0.233487
0.233487
0.233487
0.233487
0.233487
0.233487
0.233487
0.233487
0.233487
0.233487
0.233487
0.233487
0.233487
0.233487
0.233487
0.233487
0.233487
0.233487
0.233487
0.233487
0.233487
0.233487
0.233487
0.233487
0.233487
0.233487
0.233487
0.233487
0.233487
0.233487
0.233487
0.233487
0.233487
0.233487
0.233487
0.233487
0.233487
0.233487
0.233487
0.233487
0.233487
0.233487
0.233487
0.233487
0.233487
0.233487
0.233487
0.233487
0.233487
0.233487
0.233487
0.233487
0.233487
0.233487
0.233487
0.233487
0.233487
0.233487
0.233487
0.233487
0.233487
0.233487
0.233487
0.233487
0.233487
0.233487
0.233487
0.233487
0.233487
0.233487
0.233487
0.233487
0.233487
0.233487
0.233487
0.233487
0.233487
0.233487
0.233487
0.233487
0.233487
0.233487
0.233487
0.233487
0.233487
0.233487
0.233487
0.233487
0.233487
0.233487
0.233487
0.233487
0.233487
0.233487
0.233487
0.233487
0.233487


0.0179821
0.0196654
0.0213289
0.0222835
0.0226107
0.0229866
0.0230258
0.0233878
0.0243789
0.0246986
0.0253697
0.0264959
0.0265193
0.0273863
0.0275577
0.0287484
0.0295326
0.0296384
0.030197
0.0313376
0.0325027
0.0326602
0.0334142
0.0344763
0.0360597
0.0379375
0.0399131
0.0418043
0.0432605
0.0469961
0.0488201
0.0591622
0.0591622
0.0699887
0.0701839
0.0722252
0.0939998
0.094887
0.108107
0.109699
0.113524
0.116521
0.11853
0.128778
0.134057
0.146472
0.146472
0.167307
0.167307
0.175835
0.176912
0.197131
0.1995
0.202235
0.203789
0.214611
0.22651
0.23636
0.254959
0.254959
0.255188
0.27278
0.283802
0.286757
0.287098
0.292344
0.324191
0.373215
0.373541
0.376712
0.378672
0.40169
0.415357
0.417903
0.417903
0.417903
0.418723
0.424862
0.441184
0.441954
0.441954
0.438749
0.446695
0.446732
0.450451
0.457253
0.45739
0.45739
0.458511
0.45959
0.460819
0.461106
0.461244
0.462078
0.462162
0.463612
0.464012
0.464047
0.46421
0.464984
0.465108
0.465268
0.465268
0.466097
0.466345
0.466686
0.466686
0.466839
0.467203
0.467207
0.467388
0.467485
0.46752
0.467663
0.467697
0.467706
0.467765
0.467796
0.467809
0.467833
0.467833
0.467856
0.467878
0.467894
0.467902
0.467919
0.467919
0.467921
0.46795
0.467955
0.467955
0.467958
0.467959
0.467959
0.46796
0.467963
0.467967
0.467969
0.467973
0.467973
0.467973
0.467974
0.467975
0.467976
0.467977
0.467977
0.467978
0.467979
0.467981
0.467981
0.467982
0.467982
0.467982
0.467983
0.467983
0.467983
0.467983
0.467983
0.467983
0.467984
0.467984
0.467984
0.467984
0.467984
0.467984
0.467984
0.467984
0.467984
0.467984
0.467984
0.467984
0.467984
0.467984
0.467984
0.467984
0.475232
0.47867
0.47867
0.47867
0.485066
0.486607
0.491532
0.491532
0.492451
0.492451
0.494083
0.494083
0.495841
0.498216
0.498216
0.500365
0.500452
0.502047
0.502384
0.505222
0.505336
0.507186
0.508075
0.508075
0.510185
0.510337
0.510337
0.510507
0.512031
0.512031
0.512031
0.512031
0.512485
0.512485
0.513137
0.513792
0.513792
0.513792
0.514114
0.514286
0.514576
0.514576
0.514806
0.514806
0.514896
0.514896
0.515176
0.515176
0.515176
0.515176
0.515215
0.515215
0.515284
0.515284
0.515284
0.51537
0.515361
0.515361
0.515419
0.515449
0.515449
0.515492
0.515499
0.515559
0.515577
0.515589
0.515621
0.515621
0.51563
0.515631
0.515631
0.515672
0.5157
0.515705
0.51571
0.51571
0.515716
0.515716
0.515719
0.515721
0.515725
0.515725
0.515727
0.515733
0.515734
0.515736
0.515736
0.515738
0.515738
0.515739
0.51574
0.51574
0.51574
0.51574
0.515741
0.515744
0.515744
0.515744
0.515744
0.515745
0.515745
0.515745
0.515746
0.515746
0.515746
0.515746
0.515746
0.515746
0.515746
0.515747
0.515747
0.515747
0.515747
0.515747
0.515747
0.515747
0.515747
0.515747
0.515747
0.515747
0.515747
0.515747
0.515747
0.515747
0.515747
0.515747
0.515747
0.515747
0.515747
0.515747
0.515747
0.515747
0.515747
0.515747
0.515747
0.515747
0.515747
0.515747
0.515747
0.515747
0.515747
0.515747
0.515747
0.515747
0.515747
0.515747
0.515747
0.515747
0.515747
0.515747
0.515747
0.515747
0.515747
0.515747
0.515747
0.515747
0.515747
0.515747
0.515747
0.515747
0.515747
0.515747
0.515747
0.515747
0.515747
0.515747
0.515747
0.515747
0.515747
0.515747
0.515747
0.515747
0.515747
0.515747
0.515747
0.515747
0.515747
0.515747
0.515747
0.515747
0.515747
0.515747
0.515747
0.515747
0.515747
0.515747
0.515747
0.515747
0.515747
0.515747
0.515747
0.515747
0.515747
0.515747
0.515747
0.515747
0.515747
0.515747
0.515747
0.515747
0.515747
0.515747
0.515747
0.515747
0.515747
0.515747
0.515747
0.515747
0.515747
0.515747
0.515747
0.515747
0.515747
0.515747
0.515747
0.515747
0.515747
0.515747
0.515747
0.515747
0.515747
0.515747
0.515747
0.515747
0.515747


0.0307008
0.0325943
0.0335876
0.0373626
0.0390299
0.0390299
0.0390299
0.0390306
0.0398918
0.0399816
0.0405872
0.0408081
0.0429443
0.042994
0.0431113
0.0431113
0.0433467
0.0443206
0.0451092
0.0451092
0.0493913
0.0495288
0.0495288
0.0496643
0.05204
0.0528951
0.0594659
0.0632142
0.0675699
0.0701905
0.0701905
0.0702064
0.0719347
0.0729038
0.0776039
0.0776719
0.0776719
0.0826642
0.0849512
0.092955
0.0929633
0.0972994
0.131223
0.133032
0.133032
0.134989
0.148864
0.168638
0.179818
0.183488
0.194369
0.206746
0.210375
0.215946
0.255428
0.275698
0.27592
0.278454
0.281291
0.290861
0.302274
0.307023
0.316142
0.316142
0.32732
0.32732
0.331124
0.341051
0.362574
0.371138
0.383481
0.384794
0.384794
0.395652
0.401776
0.405311
0.407378
0.409951
0.421072
0.423273
0.42446
0.424708
0.427589
0.429752
0.433571
0.450377
0.464527
0.464881
0.467728
0.467811
0.467837
0.46851
0.46854
0.472012
0.47348
0.477622
0.477799
0.481478
0.48855
0.488611
0.488735
0.498553
0.511388
0.511557
0.511561
0.512808
0.519397
0.52089
0.52089
0.521085
0.521321
0.521456
0.521513
0.521513
0.52215
0.522923
0.523413
0.524104
0.524393
0.52459
0.524598
0.524593
0.524738
0.52477
0.525038
0.525047
0.52508
0.525224
0.525249
0.525306
0.525596
0.525596
0.525597
0.52572
0.525809
0.525812
0.526106
0.526106
0.526106
0.526125
0.526134
0.526141
0.526253
0.526253
0.526254
0.526287
0.526331
0.526336
0.526374
0.526374
0.526388
0.526414
0.526438
0.526438
0.526444
0.526471
0.526472
0.526477
0.526485
0.526502
0.526502
0.526502
0.526507
0.526507
0.526518
0.526518
0.52652
0.52652
0.52652
0.52652
0.526529
0.526529
0.526529
0.526529
0.526529
0.526532
0.526532
0.526532
0.526532
0.526533
0.526533
0.526533
0.526536
0.526536
0.526536
0.526536
0.526537
0.526537
0.526538
0.526538
0.526538
0.526538
0.526538
0.526538
0.526538
0.526538
0.526538
0.526538
0.526539
0.526539
0.526539
0.526539
0.526539
0.526539
0.526539
0.526539
0.526539
0.526539
0.526539
0.526539
0.52654
0.52654
0.52654
0.52654
0.52654
0.52654
0.52654
0.52654
0.52654
0.52654
0.52654
0.52654
0.52654
0.52654
0.52654
0.52654
0.52654
0.52654
0.52654
0.52654
0.52654
0.52654
0.52654
0.52654
0.52654
0.52654
0.52654
0.52654
0.52654
0.52654
0.52654
0.52654
0.52654
0.52654
0.52654
0.52654
0.52654
0.52654
0.52654
0.52654
0.52654
0.52654
0.52654
0.52654
0.52654
0.52654
0.52654
0.52654
0.52654
0.52654
0.52654
0.52654
0.52654
0.52654
0.52654
0.52654
0.52654
0.52654
0.52654
0.52654
0.52654
0.52654
0.52654
0.52654
0.52654
0.52654
0.52654
0.52654
0.52654
0.52654
0.52654
0.52654
0.52654
0.52654
0.52654
0.52654
0.52654
0.52654
0.52654
0.52654
0.52654
0.52654
0.52654
0.52654
0.52654
0.52654
0.52654
0.52654
0.52654
0.52654
0.52654
0.52654
0.52654
0.52654
0.52654
0.52654
0.52654
0.52654
0.52654
0.52654
0.52654
0.52654
0.52654
0.52654
0.52654
0.52654
0.52654
0.52654
0.52654
0.52654
0.52654
0.52654
0.52654
0.52654
0.52654
0.52654
0.52654
0.52654
0.52654
0.52654
0.52654
0.52654
0.52654
0.52654
0.52654
0.52654
0.52654
0.52654
0.52654
0.52654
0.52654
0.52654
0.52654
0.52654
0.52654
0.52654
0.52654
0.52654
0.52654
0.52654
0.52654
0.52654
0.52654
0.52654
0.52654
0.52654
0.52654
0.52654
0.52654
0.52654
0.52654
0.52654
0.52654
0.52654
0.52654
0.52654
0.52654
0.52654
0.52654
0.52654
0.52654
0.52654
0.52654
0.52654
0.52654
0.52654
0.52654
0.52654
0.52654
0.52654
0.52654
0.52654
0.52654
0.52654
0.52654
0.52654
0.52654
0.52654
0.52654
0.52654
0.52654
0.52654
0.52654
0.52654
0.52654
0.52654
0.52654
0.52654
0.52654
0.52654


0.0219223
0.0231993
0.0243404
0.0251702
0.0257412
0.0257412
0.0258998
0.0266198
0.026804
0.0274985
0.0274985
0.0278248
0.0285825
0.0289025
0.0299584
0.0299584
0.0314192
0.0314192
0.0314192
0.0314242
0.0320451
0.0320189
0.0331263
0.0331263
0.0336572
0.034141
0.0346143
0.0347255
0.0372096
0.0384928
0.0384928
0.0391824
0.0410968
0.0410968
0.0411247
0.04544
0.04544
0.0455391
0.0490032
0.0495788
0.0495788
0.0495791
0.0502462
0.0502462
0.0517425
0.0556581
0.0563737
0.0646294
0.0646294
0.0646858
0.0656809
0.066881
0.0689577
0.0699612
0.0757968
0.0757968
0.0778018
0.0906706
0.102236
0.103223
0.108013
0.104633
0.107328
0.127698
0.142374
0.143886
0.144873
0.147533
0.156885
0.158706
0.164613
0.167397
0.171761
0.184938
0.192451
0.199918
0.213848
0.221276
0.221276
0.223241
0.229798
0.232209
0.24007
0.244345
0.250402
0.252144
0.268867
0.271429
0.273232
0.27927
0.282514
0.296854
0.298059
0.307384
0.318012
0.328634
0.328634
0.334976
0.355463
0.370805
0.370805
0.376714
0.383429
0.386872
0.387129
0.387629
0.39507
0.396803
0.402947
0.404426
0.404449
0.408524
0.410877
0.411564
0.411944
0.412255
0.4134
0.413652
0.414068
0.417582
0.41782
0.417743
0.419409
0.419409
0.419485
0.420208
0.420391
0.42042
0.420975
0.421064
0.421121
0.421427
0.42147
0.42183
0.421895
0.421906
0.422202
0.422203
0.422267
0.422343
0.422432
0.422332
0.422337
0.422474
0.422476
0.422489
0.422574
0.422585
0.422611
0.422629
0.42264
0.422642
0.42265
0.422668
0.42268
0.42272
0.42272
0.422734
0.422741
0.422745
0.422761
0.422785
0.42279
0.42279
0.42279
0.422799
0.42282
0.422821
0.422823
0.422829
0.42283
0.422846
0.422847
0.422848
0.422848
0.422848
0.422855
0.422863
0.422863
0.422866
0.422868
0.422866
0.422869
0.42287
0.42287
0.422871
0.422872
0.422872
0.422875
0.422875
0.422875
0.422876
0.422876
0.422877
0.422877
0.422877
0.422877
0.422877
0.422878
0.422878
0.422878
0.422879
0.422879
0.422879
0.422879
0.422879
0.422879
0.422879
0.422879
0.422879
0.422879
0.422879
0.422879
0.42288
0.42288
0.42288
0.42288
0.42288
0.42288
0.42288
0.42288
0.42288
0.42288
0.42288
0.42288
0.42288
0.42288
0.42288
0.42288
0.42288
0.42288
0.42288
0.42288
0.42288
0.42288
0.42288
0.42288
0.42288
0.42288
0.42288
0.42288
0.42288
0.42288
0.42288
0.42288
0.42288
0.42288
0.42288
0.42288
0.42288
0.42288
0.42288
0.42288
0.42288
0.42288
0.42288
0.42288
0.42288
0.42288
0.42288
0.42288
0.42288
0.42288
0.42288
0.42288
0.42288
0.42288
0.42288
0.42288
0.42288
0.42288
0.42288
0.42288
0.42288
0.42288
0.42288
0.42288
0.42288
0.42288
0.42288
0.42288
0.42288
0.42288
0.42288
0.42288
0.42288
0.42288
0.42288
0.42288
0.42288
0.42288
0.42288
0.42288
0.42288
0.42288
0.42288
0.42288
0.42288
0.42288
0.42288
0.42288
0.42288
0.42288
0.42288
0.42288
0.42288
0.42288
0.42288
0.42288
0.42288
0.42288
0.42288
0.42288
0.42288
0.42288
0.42288
0.42288
0.42288
0.42288
0.42288
0.42288
0.42288
0.42288
0.42288
0.42288
0.42288
0.42288
0.42288
0.42288
0.42288
0.42288
0.42288
0.42288
0.42288
0.42288
0.42288
0.42288
0.42288
0.42288
0.42288
0.42288
0.42288
0.42288
0.42288
0.42288
0.42288
0.42288
0.42288
0.42288
0.42288
0.42288
0.42288
0.42288
0.42288
0.42288
0.42288
0.42288
0.42288
0.42288
0.42288
0.42288
0.42288
0.42288
0.42288
0.42288
0.42288
0.42288
0.42288
0.42288
0.42288
0.42288
0.42288
0.42288
0.42288
0.42288
0.42288
0.42288
0.42288
0.42288
0.42288
0.42288
0.42288
0.42288
0.42288
0.42288
0.42288
0.42288
0.42288
0.42288
0.42288
0.42288
0.42288
0.42288
0.42288
0.42288
0.42288
0.42288
0.42288
0.42288
0.42288


0.0139217
0.0146102
0.0151365
0.0156801
0.0162112
0.0173503
0.0175458
0.0181741
0.0185619
0.0185619
0.0186903
0.0186903
0.0192878
0.0200896
0.0203276
0.0206986
0.0210767
0.0211661
0.0211661
0.0211661
0.0215961
0.0223058
0.0223058
0.0223413
0.0226135
0.0241817
0.0241836
0.0247061
0.0254277
0.0264155
0.0264155
0.0291239
0.0353757
0.0367074
0.0376383
0.0376383
0.0376424
0.0377436
0.0401728
0.0413898
0.0471936
0.0484355
0.053725
0.0738653
0.0741204
0.0808739
0.0824356
0.0824356
0.108675
0.109565
0.113223
0.124712
0.146877
0.148971
0.148971
0.163041
0.163041
0.165814
0.168261
0.16928
0.173269
0.175311
0.186168
0.20247
0.20247
0.206626
0.225028
0.225315
0.225315
0.225315
0.237821
0.238449
0.247421
0.247421
0.250841
0.258734
0.258734
0.264187
0.274414
0.274414
0.28038
0.288319
0.288864
0.303206
0.314469
0.319652
0.319652
0.323961
0.330079
0.33379
0.346022
0.346507
0.349884
0.353189
0.354181
0.356424
0.356744
0.358816
0.370012
0.371728
0.371872
0.371872
0.373996
0.3774
0.37805
0.3795
0.380242
0.3813
0.383878
0.385306
0.386655
0.38721
0.38721
0.38773
0.389368
0.390209
0.390965
0.391127
0.393309
0.393735
0.393735
0.394913
0.395178
0.395947
0.396065
0.3961
0.39625
0.39625
0.396475
0.396642
0.396925
0.396925
0.397223
0.397369
0.397382
0.397426
0.397432
0.397468
0.397703
0.397703
0.397718
0.397718
0.397718
0.397961
0.397961
0.397982
0.398057
0.398149
0.398149
0.398183
0.398269
0.398283
0.398308
0.398321
0.398343
0.398365
0.398409
0.398409
0.398427
0.398429
0.398433
0.39844
0.398456
0.39847
0.39849
0.398495
0.398511
0.398518
0.398528
0.398528
0.398531
0.398526
0.398529
0.39854
0.39854
0.39854
0.398542
0.398542
0.398544
0.398555
0.398555
0.398557
0.398557
0.39856
0.398563
0.398564
0.398564
0.398565
0.398565
0.398566
0.39857
0.39857
0.398571
0.398571
0.398574
0.398574
0.398574
0.398575
0.398575
0.398576
0.398576
0.398576
0.398576
0.398576
0.398576
0.398577
0.398577
0.398577
0.398577
0.398577
0.398578
0.398577
0.398578
0.398578
0.398578
0.398578
0.398578
0.398578
0.398578
0.398579
0.398579
0.398579
0.398579
0.398579
0.398579
0.398579
0.398579
0.398579
0.398579
0.398579
0.398579
0.398579
0.398579
0.398579
0.398579
0.398579
0.398579
0.398579
0.398579
0.398579
0.398579
0.398579
0.398579
0.398579
0.398579
0.398579
0.398579
0.398579
0.398579
0.398579
0.398579
0.398579
0.398579
0.398579
0.398579
0.398579
0.398579
0.398579
0.398579
0.398579
0.398579
0.398579
0.398579
0.398579
0.398579
0.398579
0.398579
0.398579
0.398579
0.398579
0.398579
0.398579
0.398579
0.398579
0.398579
0.398579
0.398579
0.398579
0.398579
0.398579
0.398579
0.398579
0.398579
0.398579
0.398579
0.398579
0.398579
0.398579
0.398579
0.398579
0.398579
0.398579
0.398579
0.398579
0.398579
0.398579
0.398579
0.398579
0.398579
0.398579
0.398579
0.398579
0.398579
0.398579
0.398579
0.398579
0.398579
0.398579
0.398579
0.398579
0.398579
0.398579
0.398579
0.398579
0.398579
0.398579
0.398579
0.398579
0.398579
0.398579
0.398579
0.398579
0.398579
0.398579
0.398579
0.398579
0.398579
0.398579
0.398579
0.398579
0.398579
0.398579
0.398579
0.398579
0.398579
0.398579
0.398579
0.398579
0.398579
0.398579
0.398579
0.398579
0.398579
0.398579
0.398579
0.398579
0.398579
0.398579
0.398579
0.398579
0.398579
0.398579
0.398579
0.398579
0.398579
0.398579
0.398579
0.398579
0.398579
0.398579
0.398579
0.398579
0.398579
0.398579
0.398579
0.398579
0.398579
0.398579
0.398579
0.398579
0.398579
0.398579
0.398579
0.398579
0.398579
0.398579
0.398579
0.398579
0.398579
0.398579
0.398579
0.398579
0.398579
0.398579
0.398579
0.398579
0.398579
0.398579
0.398579
0.398579
0.398579
0.398579
0.398579
0.398579
0.398579
0.398579
0.398579
0.398579
0.398579
0.398579


