0.226241
0.257625
0.266846
0.268442
0.32717
0.349211
0.407648
0.436288
0.518123
0.521713
0.533319
0.581248
0.607805
0.626309
0.664551
0.703986
0.710906
0.741336
0.756899
0.759826
0.772282
0.809701
0.837525
0.848948
0.871415
0.879882
0.894744
0.901162
0.906379
0.909611
0.922169
0.912544
0.919631
0.921648
0.923222
0.933609
0.942654
0.948788
0.950189
0.950804
0.95415
0.958177
0.960993
0.962353
0.96493
0.965385
0.96858
0.969373
0.970194
0.9704
0.970525
0.971642
0.973454
0.974587
0.975761
0.976143
0.976324
0.976402
0.977243
0.977314
0.977839
0.977879
0.978623
0.978734
0.978854
0.979437
0.97948
0.979538
0.979708
0.979954
0.980066
0.980227
0.980372
0.980372
0.98049
0.980507
0.980598
0.980719
0.980787
0.980836
0.980891
0.980922
0.980967
0.980969
0.980972
0.980991
0.981016
0.981018
0.981042
0.981049
0.981058
0.981073
0.981102
0.981102
0.98111
0.981126
0.981136
0.981144
0.981147
0.981158
0.981163
0.981165
0.981176
0.981178
0.981179
0.981181
0.981184
0.981184
0.981189
0.981193
0.981196
0.981199
0.981202
0.981204
0.981204
0.981204
0.981206
0.981206
0.981208
0.981209
0.98121
0.98121
0.98121
0.98121
0.98121
0.981211
0.981211
0.981211
0.981211
0.981211
0.981212
0.981212
0.981212
0.981212
0.981212
0.981212
0.981212
0.981213
0.981213
0.981213
0.981213
0.981213
0.981213
0.981213
0.981213
0.981213
0.981213
0.981213
0.981213
0.981213
0.981213
0.981213
0.981213
0.981213
0.981213
0.981213
0.981213
0.981213
0.981213
0.981213
0.981213
0.981213
0.981213
0.981213
0.981213
0.981213
0.981213
0.981213
0.981213
0.981213
0.981213
0.981213
0.981213
0.981213
0.981213
0.981213
0.981213
0.981213
0.981213
0.981213
0.981213
0.981213
0.981213
0.981213
0.981213
0.981213
0.981213
0.981213
0.981213
0.981213
0.981213
0.981213
0.981213
0.981213
0.981213
0.981213
0.981213
0.981213
0.981213
0.981213
0.981213
0.981213
0.981213
0.981213
0.981213
0.981213
0.981213
0.981213
0.981213
0.981213
0.981213
0.981213
0.981213
0.981213
0.981213
0.981213
0.981213
0.981213
0.981213
0.981213
0.981213
0.981213
0.981213
0.981213
0.981213
0.981213
0.981213
0.981213
0.981213
0.981213
0.981213
0.981213
0.981213
0.981213
0.981213
0.981213
0.981213
0.981213
0.981213
0.981213
0.981213
0.981213
0.981213
0.981213
0.981213
0.981213
0.981213
0.981213
0.981213
0.981213
0.981213
0.981213
0.981213
0.981213
0.981213
0.981213
0.981213
0.981213
0.981213
0.981213
0.981213
0.981213
0.981213
0.981213
0.981213
0.981213
0.981213
0.981213
0.981213
0.981213
0.981213
0.981213
0.981213
0.981213
0.981213
0.981213
0.981213
0.981213
0.981213
0.981213
0.981213
0.981213
0.981213
0.981213
0.981213
0.981213
0.981213
0.981213
0.981213
0.981213
0.981213
0.981213
0.981213
0.981213
0.981213
0.981213
0.981213
0.981213
0.981213
0.981213
0.981213
0.981213
0.981213
0.981213
0.981213
0.981213
0.981213
0.981213
0.981213
0.981213
0.981213
0.981213
0.981213
0.981213
0.981213
0.981213
0.981213
0.981213
0.981213
0.981213
0.981213
0.981213
0.981213
0.981213
0.981213
0.981213
0.981213
0.981213
0.981213
0.981213
0.981213
0.981213
0.981213
0.981213
0.981213
0.981213
0.981213
0.981213
0.981213
0.981213
0.981213
0.981213
0.981213
0.981213
0.981213
0.981213
0.981213
0.981213
0.981213
0.981213
0.981213
0.981213
0.981213
0.981213
0.981213
0.981213
0.981213
0.981213
0.981213
0.981213
0.981213
0.981213
0.981213
0.981213
0.981213
0.981213
0.981213
0.981213
0.981213
0.981213
0.981213
0.981213
0.981213
0.981213
0.981213
0.981213
0.981213
0.981213
0.981213
0.981213
0.981213
0.981213
0.981213
0.981213
0.981213
0.981213
0.981213
0.981213
0.981213
0.981213
0.981213
0.981213
0.981213
0.981213
0.981213
0.981213
0.981213
0.981213
0.981213
0.981213
0.981213
0.981213
0.981213
0.981213
0.981213
0.981213
0.981213
0.981213
0.981213
0.981213
0.981213
0.981213
0.981213
0.981213
0.981213
0.981213
0.981213
0.981213
0.981213
0.981213
0.981213
0.981213
0.981213
0.981213
0.981213
0.981213
0.981213
0.981213
0.981213
0.981213
0.981213
0.981213
0.981213
0.981213
0.981213
0.981213
0.981213
0.981213
0.981213
0.981213
0.981213
0.981213
0.981213
0.981213
0.981213
0.981213
0.981213
0.981213
0.981213
0.981213
0.981213
0.981213
0.981213
0.981213
0.981213
0.981213
0.981213
0.981213
0.981213
0.981213
0.981213
0.981213
0.981213
0.981213
0.981213
0.981213
0.981213
0.981213
0.981213
0.981213
0.981213
0.981213
0.981213
0.981213
0.981213
0.981213
0.981213
0.981213
0.981213
0.981213
0.981213
0.981213
0.981213
0.981213
0.981213
0.981213
0.981213
0.981213
0.981213
0.981213
0.981213
0.981213
0.981213
0.981213
0.981213
0.981213
0.981213
0.981213
0.981213
0.981213


0.136385
0.183468
0.201315
0.217894
0.229692
0.238362
0.279197
0.338805
0.346969
0.354172
0.364918
0.393803
0.397715
0.422157
0.456112
0.4926
0.492684
0.495061
0.5844
0.599085
0.606188
0.625825
0.637355
0.660839
0.662048
0.674566
0.686918
0.689171
0.704148
0.710239
0.71266
0.723828
0.728441
0.740336
0.74314
0.762754
0.764976
0.764976
0.767997
0.772156
0.778203
0.778203
0.780968
0.781021
0.78157
0.782203
0.783207
0.784886
0.785574
0.786704
0.786936
0.787709
0.788319
0.788595
0.789332
0.78953
0.789766
0.790199
0.790611
0.790704
0.791026
0.791842
0.791931
0.792225
0.792405
0.792439
0.79273
0.79273
0.792782
0.792914
0.792935
0.793025
0.793209
0.793209
0.793318
0.793352
0.793352
0.793396
0.79347
0.793504
0.793527
0.793527
0.793535
0.793543
0.793553
0.793582
0.793593
0.793596
0.7936
0.79361
0.79363
0.793645
0.793649
0.793673
0.793674
0.793684
0.79369
0.793701
0.793706
0.793718
0.793719
0.793726
0.793732
0.793732
0.793732
0.793732
0.793733
0.793734
0.793739
0.793739
0.793739
0.79374
0.793745
0.793745
0.793746
0.793748
0.793748
0.793749
0.79375
0.793751
0.793751
0.793751
0.793752
0.793753
0.793753
0.793753
0.793753
0.793754
0.793755
0.793755
0.793755
0.793755
0.793755
0.793755
0.793755
0.793756
0.793756
0.793756
0.793756
0.793756
0.793756
0.793756
0.793756
0.793756
0.793756
0.793756
0.793756
0.793756
0.793756
0.793756
0.793756
0.793756
0.793756
0.793756
0.793756
0.793756
0.793756
0.793756
0.793756
0.793756
0.793756
0.793756
0.793756
0.793756
0.793756
0.793756
0.793756
0.793756
0.793756
0.793756
0.793756
0.793756
0.793756
0.793756
0.793756
0.793756
0.793756
0.793757
0.793757
0.793757
0.793757
0.793757
0.793757
0.793757
0.793757
0.793757
0.793757
0.793757
0.793757
0.793757
0.793757
0.793757
0.793757
0.793757
0.793757
0.793757
0.793757
0.793757
0.793757
0.793757
0.793757
0.793757
0.793757
0.793757
0.793757
0.793757
0.793757
0.793757
0.793757
0.793757
0.793757
0.793757
0.793757
0.793757
0.793757
0.793757
0.793757
0.793757
0.793757
0.793757
0.793757
0.793757
0.793757
0.793757
0.793757
0.793757
0.793757
0.793757
0.793757
0.793757
0.793757
0.793757
0.793757
0.793757
0.793757
0.793757
0.793757
0.793757
0.793757
0.793757
0.793757
0.793757
0.793757
0.793757
0.793757
0.793757
0.793757
0.793757
0.793757
0.793757
0.793757
0.793757
0.793757
0.793757
0.793757
0.793757
0.793757
0.793757
0.793757
0.793757
0.793757
0.793757
0.793757
0.793757
0.793757
0.793757
0.793757
0.793757
0.793757
0.793757
0.793757
0.793757
0.793757
0.793757
0.793757
0.793757
0.793757
0.793757
0.793757
0.793757
0.793757
0.793757
0.793757
0.793757
0.793757
0.793757
0.793757
0.793757
0.793757
0.793757
0.793757
0.793757
0.793757
0.793757
0.793757
0.793757
0.793757
0.793757
0.793757
0.793757
0.793757
0.793757
0.793757
0.793757
0.793757
0.793757
0.793757
0.793757
0.793757
0.793757
0.793757
0.793757
0.793757
0.793757
0.793757
0.793757
0.793757
0.793757
0.793757
0.793757
0.793757
0.793757
0.793757
0.793757
0.793757
0.793757
0.793757
0.793757
0.793757
0.793757
0.793757
0.793757
0.793757
0.793757
0.793757
0.793757
0.793757
0.793757
0.793757
0.793757
0.793757
0.793757
0.793757
0.793757
0.793757
0.793757
0.793757
0.793757
0.793757
0.793757
0.793757
0.793757
0.793757
0.793757
0.793757
0.793757
0.793757
0.793757
0.793757
0.793757
0.793757
0.793757
0.793757
0.793757
0.793757
0.793757
0.793757
0.793757
0.793757
0.793757
0.793757
0.793757
0.793757
0.793757
0.793757
0.793757
0.793757
0.793757
0.793757
0.793757
0.793757
0.793757
0.793757
0.793757
0.793757
0.793757
0.793757
0.793757
0.793757
0.793757
0.793757
0.793757
0.793757
0.793757
0.793757
0.793757
0.793757
0.793757
0.793757
0.793757
0.793757
0.793757
0.793757
0.793757
0.793757
0.793757
0.793757
0.793757
0.793757
0.793757
0.793757
0.793757
0.793757
0.793757
0.793757
0.793757
0.793757
0.793757
0.793757
0.793757
0.793757
0.793757
0.793757
0.793757
0.793757
0.793757
0.793757
0.793757
0.793757
0.793757
0.793757
0.793757
0.793757
0.793757
0.793757
0.793757
0.793757
0.793757
0.793757
0.793757
0.793757
0.793757
0.793757
0.793757
0.793757
0.793757
0.793757
0.793757
0.793757
0.793757
0.793757
0.793757
0.793757
0.793757
0.793757
0.793757
0.793757
0.793757
0.793757
0.793757
0.793757
0.793757
0.793757
0.793757
0.793757
0.793757
0.793757
0.793757
0.793757
0.793757
0.793757
0.793757
0.793757
0.793757
0.793757
0.793757
0.793757
0.793757
0.793757
0.793757
0.793757
0.793757
0.793757
0.793757
0.793757
0.793757
0.793757
0.793757
0.793757
0.793757
0.793757
0.793757
0.793757
0.793757
0.793757
0.793757
0.793757
0.793757
0.793757
0.793757


0.119293
0.15681
0.1811
0.19567
0.261675
0.28041
0.286037
0.293785
0.344151
0.366003
0.385976
0.392427
0.452311
0.465393
0.491387
0.509119
0.563802
0.563802
0.566717
0.576842
0.634
0.649918
0.675373
0.690726
0.693904
0.717602
0.722461
0.760446
0.769341
0.791587
0.80194
0.79335
0.807842
0.807842
0.808762
0.83838
0.858739
0.878613
0.891733
0.905573
0.916772
0.916772
0.924684
0.934716
0.934717
0.935393
0.939744
0.949512
0.956313
0.96045
0.96411
0.967494
0.970775
0.973662
0.980076
0.98128
0.981946
0.982862
0.984969
0.984969
0.984969
0.987241
0.988112
0.989865
0.989987
0.989987
0.99194
0.992724
0.993525
0.993612
0.993895
0.994088
0.99428
0.994887
0.994989
0.995026
0.995667
0.995667
0.995733
0.995894
0.99598
0.996128
0.99625
0.996574
0.996575
0.996635
0.996802
0.997021
0.997071
0.997442
0.99752
0.998064
0.998069
0.99808
0.998143
0.998286
0.998578
0.998587
0.998589
0.998805
0.999207
0.999208
0.999213
0.999215
0.999228
0.999261
0.999317
0.99935
0.999351
0.99939
0.999445
0.999679
0.999681
0.999682
0.999748
0.999773
0.999778
0.999822
0.999855
0.999856
0.999866
0.999886
0.999892
0.999893
0.999906
0.999922
0.999924
0.999928
0.999928
0.99993
0.999933
0.999938
0.999951
0.99996
0.999977
0.999977
0.999978
0.999986
0.999989
0.99999
0.99999
0.99999
0.999992
0.999992
0.999992
0.999993
0.999994
0.999994
0.999994
0.999996
0.999996
0.999996
0.999997
0.999997
0.999997
0.999998
0.999998
0.999998
0.999999
0.999999
0.999999
0.999999
0.999999
0.999999
0.999999
0.999999
0.999999
0.999999
0.999999
0.999999
0.999999
0.999999
0.999999
1
1
1
1
1
1
1
1
1
1
1
1
1
1
1
1
1
1
1
1
1
1
1
1
1
1
1
1
1
1
1
1
1
1
1
1
1
1
1
1
1
1
1
1
1
1
1
1
1
1
1
1
1
1
1
1
1
1
1
1
1
1
1
1
1
1
1
1
1
1
1
1
1
1
1
1
1
1
1
1
1
1
1
1
1
1
1
1
1
1
1
1
1
1
1
1
1
1
1
1
1
1
1
1
1
1
1
1
1
1
1
1
1
1
1
1
1
1
1
1
1
1
1
1
1
1
1
1
1
1
1
1
1
1
1
1
1
1
1
1
1
1
1
1
1
1
1
1
1
1
1
1
1
1
1
1
1
1
0.999968
1
1
1
1
1
1
1
1
1
1
1
1
1
1
1
1
1
1
1
1
1
1
1
1
1
1
1
1
1
1
1
1
1
1
1
1
1
1
1
1
1
1
1
1
1
1
1
1
1
1
1
1
1
1
1
1
1
1
1
1
1
1
1
1
1
1
1
1
1
1
1
1
1
1
1
1
1
1
1
1
1
1
1
1
1
1
1
1
1
1
1
1
1
1
1
1
1
1
1
1
1
1
1
1
1
1
1
1
1
1
1
1
1
1
1
1
1
1
1
1
1
1
1
1
1
1
1
1
1
1
1
1
1
1
1
1
1
1
1
1
1
1
1
1
1
1
1
1
1
1
1
1
1
1
1
1
1
1
1
1
1
1
1
1
1
1
1
1


0.103237
0.12057
0.172739
0.187727
0.246561
0.246664
0.283132
0.323487
0.336031
0.338112
0.340617
0.3672
0.416091
0.447184
0.494503
0.537966
0.537966
0.565881
0.597845
0.647058
0.652666
0.652793
0.666468
0.685576
0.690442
0.727494
0.729672
0.732319
0.747799
0.74983
0.770671
0.783194
0.795204
0.8035
0.815519
0.826823
0.832274
0.852246
0.852434
0.860658
0.881912
0.888832
0.901357
0.902483
0.908323
0.910385
0.910676
0.91636
0.92157
0.92157
0.926276
0.926276
0.927313
0.928927
0.929876
0.931894
0.934408
0.936651
0.940332
0.940841
0.942118
0.942032
0.942333
0.944551
0.944598
0.944598
0.945919
0.946372
0.946373
0.946578
0.946599
0.946664
0.9469
0.946917
0.946917
0.947158
0.947506
0.947509
0.947576
0.947667
0.947801
0.947721
0.948095
0.948223
0.948223
0.948249
0.948293
0.948307
0.948403
0.948451
0.948461
0.948543
0.948568
0.948569
0.948609
0.948609
0.948613
0.948649
0.948651
0.948658
0.94866
0.948658
0.948659
0.948672
0.948678
0.948702
0.948702
0.948718
0.948731
0.948732
0.948732
0.948733
0.948735
0.948737
0.948739
0.948741
0.948746
0.948747
0.948748
0.948758
0.948758
0.948759
0.948759
0.948759
0.948759
0.948761
0.948761
0.948763
0.948763
0.948764
0.948764
0.948764
0.948765
0.948765
0.948766
0.948766
0.948766
0.948767
0.948767
0.948767
0.948767
0.948767
0.948767
0.948768
0.948768
0.948768
0.948768
0.948768
0.948768
0.948769
0.948769
0.948769
0.948769
0.948769
0.948769
0.948769
0.948769
0.948769
0.948769
0.948769
0.948769
0.948769
0.948769
0.948769
0.948769
0.948769
0.948769
0.948769
0.948769
0.948769
0.948769
0.948769
0.948769
0.948769
0.948769
0.948769
0.948769
0.948769
0.948769
0.948769
0.948769
0.948769
0.948769
0.948769
0.948769
0.948769
0.948769
0.948769
0.948769
0.948769
0.948769
0.948769
0.948769
0.948769
0.948769
0.948769
0.948769
0.948769
0.948769
0.948769
0.948769
0.948769
0.948769
0.948769
0.948769
0.948769
0.948769
0.948769
0.948769
0.948769
0.948769
0.948769
0.948769
0.948769
0.948769
0.948769
0.948769
0.948769
0.948769
0.948769
0.948769
0.948769
0.948769
0.948769
0.948769
0.948769
0.948769
0.948769
0.948769
0.948769
0.948769
0.948769
0.948769
0.948769
0.948769
0.948769
0.948769
0.948769
0.948769
0.948769
0.948769
0.948769
0.948769
0.948769
0.948769
0.948769
0.948769
0.948769
0.948769
0.948769
0.948769
0.948769
0.948769
0.948769
0.948769
0.948769
0.948769
0.948769
0.948769
0.948769
0.948769
0.948769
0.948769
0.948769
0.948769
0.948769
0.948769
0.948769
0.948769
0.948769
0.948769
0.948769
0.948769
0.948769
0.948769
0.948769
0.948769
0.948769
0.948769
0.948769
0.948769
0.948769
0.948769
0.948769
0.948769
0.948769
0.948769
0.948769
0.948769
0.948769
0.948769
0.948769
0.948769
0.948769
0.948769
0.948769
0.948769
0.948769
0.948769
0.948769
0.948769
0.948769
0.948769
0.948769
0.948769
0.948769
0.948769
0.948769
0.948769
0.948769
0.948769
0.948769
0.948769
0.948769
0.948769
0.948769
0.948769
0.948769
0.948769
0.948769
0.948769
0.948769
0.948769
0.948769
0.948769
0.948769
0.948769
0.948769
0.948769
0.948769
0.948769
0.948769
0.948769
0.948769
0.948769
0.948769
0.948769
0.948769
0.948769
0.948769
0.948769
0.948769
0.948769
0.948769
0.948769
0.948769
0.948769
0.948769
0.948769
0.948769
0.948769
0.948721
0.948769
0.948769
0.948769
0.948769
0.948769
0.948769
0.948769
0.948769
0.948769
0.948769
0.948769
0.948769
0.948769
0.948769
0.948769
0.948769
0.948769
0.948769
0.948769
0.948769
0.948769
0.948769
0.948769
0.948769
0.948769
0.948769
0.948769
0.948769
0.948769
0.948769
0.948769
0.948769
0.948769
0.948769
0.948769
0.948769
0.948769
0.948769
0.948769
0.948769
0.948769
0.948769
0.948769
0.948769
0.948769
0.948769
0.948769
0.948769
0.948769
0.948769
0.948769
0.948769
0.948769
0.948769
0.948769
0.948769
0.948769
0.948769
0.948769
0.948769
0.948769
0.948769
0.948769
0.948769
0.948769
0.948769
0.948769
0.948769
0.948769
0.948769
0.948769
0.948769
0.948769
0.948769
0.948769
0.948769
0.948769
0.948769
0.948769
0.948769
0.948769
0.948769
0.948769
0.948769
0.948769
0.948769
0.948769
0.948769
0.948769
0.948769
0.948769
0.948769
0.948769
0.948769
0.948769
0.948769
0.948769
0.948769
0.948769
0.948769
0.948769
0.948769
0.948769
0.948769
0.948769
0.948769
0.948769
0.948769
0.948769
0.948769
0.948769
0.948769
0.948769
0.948769
0.948769
0.948769
0.948769
0.948769
0.948769
0.948769
0.948769
0.948769
0.948769
0.948769
0.948769
0.948769
0.948769
0.948769
0.948769
0.948769
0.948769
0.948769
0.948769
0.948769
0.948769
0.948769
0.948769
0.948769
0.948769
0.948769
0.948769
0.948769
0.948769
0.948769
0.948769
0.948769
0.948769
0.948769


0.133351
0.140919
0.169769
0.183058
0.21593
0.258559
0.269864
0.298141
0.353551
0.354498
0.365874
0.383366
0.390842
0.437951
0.480987
0.53182
0.542594
0.543584
0.5645
0.580177
0.582165
0.592564
0.630283
0.649688
0.698155
0.710688
0.716181
0.723053
0.754257
0.808445
0.808445
0.836626
0.840138
0.841672
0.852182
0.852182
0.854851
0.858577
0.871777
0.873026
0.881105
0.891928
0.89449
0.904097
0.912216
0.913831
0.927255
0.930417
0.937883
0.939941
0.942939
0.946409
0.948534
0.951122
0.952435
0.954019
0.955322
0.955583
0.956263
0.956749
0.95894
0.959569
0.959569
0.961577
0.961577
0.962022
0.962395
0.962525
0.96308
0.963256
0.963465
0.963597
0.96374
0.96374
0.964292
0.964684
0.964771
0.964884
0.964884
0.965063
0.965318
0.965381
0.965411
0.965418
0.965455
0.965503
0.965608
0.965648
0.965717
0.965748
0.965799
0.965804
0.965824
0.96589
0.965896
0.965898
0.96591
0.966003
0.966016
0.966047
0.966073
0.966073
0.966112
0.966116
0.966119
0.966128
0.966135
0.966138
0.966151
0.966158
0.966159
0.966162
0.966166
0.966169
0.966172
0.966173
0.966173
0.966176
0.966179
0.966179
0.966179
0.96618
0.966182
0.966183
0.966184
0.966185
0.966185
0.966185
0.966188
0.966188
0.966188
0.966189
0.966189
0.96619
0.96619
0.966191
0.966191
0.966191
0.966191
0.966191
0.966192
0.966192
0.966192
0.966193
0.966193
0.966193
0.966193
0.966193
0.966194
0.966194
0.966194
0.966194
0.966194
0.966194
0.966194
0.966194
0.966194
0.966194
0.966194
0.966194
0.966194
0.966194
0.966194
0.966194
0.966194
0.966194
0.966194
0.966194
0.966194
0.966194
0.966194
0.966194
0.966194
0.966194
0.966194
0.966194
0.966194
0.966194
0.966194
0.966194
0.966194
0.966194
0.966194
0.966194
0.966194
0.966194
0.966194
0.966194
0.966194
0.966194
0.966194
0.966194
0.966194
0.966194
0.966194
0.966194
0.966194
0.966194
0.966194
0.966194
0.966194
0.966194
0.966194
0.966194
0.966194
0.966194
0.966194
0.966194
0.966194
0.966194
0.966194
0.966194
0.966194
0.966194
0.966194
0.966194
0.966194
0.966194
0.966194
0.966194
0.966194
0.966194
0.966194
0.966194
0.966194
0.966194
0.966194
0.966194
0.966194
0.966194
0.966194
0.966194
0.966194
0.966194
0.966194
0.966194
0.966194
0.966194
0.966194
0.966194
0.966194
0.966194
0.966194
0.966194
0.966194
0.966194
0.966194
0.966194
0.966194
0.966194
0.966194
0.966194
0.966194
0.966194
0.966194
0.966194
0.966194
0.966194
0.966194
0.966194
0.966194
0.966194
0.966194
0.966194
0.966194
0.966194
0.966194
0.966194
0.966194
0.966194
0.966194
0.966194
0.966194
0.966194
0.966194
0.966194
0.966194
0.966194
0.966194
0.966194
0.966194
0.966194
0.966194
0.966194
0.966194
0.966194
0.966194
0.966194
0.966194
0.966194
0.966194
0.966194
0.966194
0.966194
0.966194
0.966194
0.966194
0.966194
0.966194
0.966194
0.966194
0.966194
0.966194
0.966194
0.966194
0.966194
0.966194
0.966194
0.966194
0.966194
0.966194
0.966194
0.966194
0.966194
0.966194
0.966194
0.966194
0.966194
0.966194
0.966194
0.966194
0.966194
0.966194
0.966194
0.966194
0.966194
0.966194
0.966194
0.966194
0.966194
0.966194
0.966194
0.966194
0.966194
0.966194
0.966194
0.966194
0.966194
0.966194
0.966194
0.966194
0.966194
0.966194
0.966194
0.966194
0.966194
0.966194
0.966194
0.966194
0.966194
0.966194
0.966194
0.966194
0.966194
0.966194
0.966194
0.966194
0.966194
0.966194
0.966194
0.966194
0.966194
0.966194
0.966194
0.966194
0.966194
0.966194
0.966194
0.966194
0.966194
0.966194
0.966194
0.966194
0.966194
0.966194
0.966194
0.966194
0.966194
0.966194
0.966194
0.966194
0.966194
0.966194
0.966194
0.966194
0.966194
0.966194
0.966194
0.966194
0.966194
0.966194
0.966194
0.966194
0.966194
0.966194
0.966194
0.966194
0.966194
0.966194
0.966194
0.966194
0.966194
0.966194
0.966194
0.966194
0.966194
0.966194
0.966194
0.966194
0.966194
0.966194
0.966194
0.966194
0.966194
0.966194
0.966194
0.966194
0.966194
0.966194
0.966194
0.966194
0.966194
0.966194
0.966194
0.966194
0.966194
0.966194
0.966194
0.966194
0.966194
0.966194
0.966194
0.966194
0.966194
0.966194
0.966194
0.966194
0.966194
0.966194
0.966194
0.966194
0.966194
0.966194
0.966194
0.966194
0.966194
0.966194
0.966194
0.966194
0.966194
0.966194
0.966194
0.966194
0.966194
0.966194
0.966194
0.966194
0.966194
0.966194
0.966194
0.966194
0.966194
0.966194
0.966194
0.966194
0.966194
0.966194
0.966194
0.966194
0.966194
0.966194
0.966194
0.966194
0.966194
0.966194
0.966194
0.966194
0.966194
0.966194
0.966194
0.966194
0.966194
0.966194
0.966194
0.966194
0.966194
0.966194
0.966194
0.966194
0.966194
0.966194
0.966194
0.966194
0.966194
0.966194
0.966194
0.966194
0.966194
0.966194
0.966194


0.111258
0.112834
0.114196
0.136223
0.166815
0.175544
0.188237
0.209833
0.249584
0.276665
0.279428
0.297486
0.307504
0.32311
0.336645
0.354975
0.368522
0.386641
0.394728
0.434049
0.434089
0.456473
0.47986
0.490276
0.509746
0.557827
0.597257
0.617916
0.618307
0.636069
0.665872
0.665736
0.673227
0.730196
0.766381
0.769532
0.769532
0.781113
0.790273
0.801636
0.806421
0.842285
0.844958
0.865438
0.865438
0.866132
0.873395
0.883411
0.888291
0.888291
0.89847
0.903649
0.904982
0.908256
0.909607
0.909723
0.910032
0.910459
0.914176
0.915366
0.917187
0.917771
0.918146
0.91907
0.921357
0.921582
0.922756
0.922951
0.923618
0.923753
0.923753
0.92479
0.924815
0.925349
0.927169
0.927389
0.927389
0.928691
0.928694
0.928694
0.928726
0.928873
0.929095
0.929367
0.929438
0.929482
0.929576
0.929624
0.929776
0.929825
0.929858
0.929843
0.9299
0.929912
0.929958
0.929972
0.929974
0.929979
0.929979
0.930007
0.930022
0.930024
0.930054
0.930075
0.930075
0.93009
0.930107
0.930123
0.930125
0.930126
0.930127
0.930126
0.930136
0.930144
0.930146
0.930152
0.930163
0.930164
0.930169
0.930174
0.930175
0.930175
0.930178
0.93018
0.93018
0.930184
0.930185
0.930187
0.930187
0.930187
0.930187
0.930189
0.930191
0.930192
0.930192
0.930192
0.930193
0.930194
0.930194
0.930194
0.930194
0.930195
0.930195
0.930195
0.930195
0.930196
0.930196
0.930196
0.930196
0.930196
0.930196
0.930197
0.930197
0.930197
0.930197
0.930197
0.930197
0.930198
0.930198
0.930198
0.930198
0.930198
0.930198
0.930198
0.930198
0.930198
0.930198
0.930198
0.930198
0.930198
0.930198
0.930198
0.930198
0.930198
0.930198
0.930198
0.930198
0.930198
0.930198
0.930198
0.930198
0.930198
0.930198
0.930198
0.930198
0.930198
0.930198
0.930198
0.930198
0.930198
0.930198
0.930198
0.930198
0.930198
0.930198
0.930198
0.930198
0.930198
0.930198
0.930198
0.930198
0.930198
0.930198
0.930198
0.930198
0.930198
0.930198
0.930198
0.930198
0.930198
0.930198
0.930198
0.930198
0.930198
0.930198
0.930198
0.930198
0.930198
0.930198
0.930198
0.930198
0.930198
0.930198
0.930198
0.930198
0.930198
0.930198
0.930198
0.930198
0.930198
0.930198
0.930198
0.930198
0.930198
0.930198
0.930198
0.930198
0.930198
0.930198
0.930198
0.930198
0.930198
0.930198
0.930198
0.930198
0.930198
0.930198
0.930198
0.930198
0.930198
0.930198
0.930198
0.930198
0.930198
0.930198
0.930198
0.930198
0.930198
0.930198
0.930198
0.930198
0.930198
0.930198
0.930198
0.930198
0.930198
0.930198
0.930198
0.930198
0.930198
0.930198
0.930198
0.930198
0.930198
0.930198
0.930198
0.930198
0.930198
0.930198
0.930198
0.930198
0.930198
0.930198
0.930198
0.930198
0.930198
0.930198
0.930198
0.930198
0.930198
0.930198
0.930198
0.930198
0.930198
0.930198
0.930198
0.930198
0.930198
0.930198
0.930198
0.930198
0.930198
0.930198
0.930198
0.930198
0.930198
0.930198
0.930198
0.930198
0.930198
0.930198
0.930198
0.930198
0.930198
0.930198
0.930198
0.930198
0.930198
0.930198
0.930198
0.930198
0.930198
0.930198
0.930198
0.930198
0.930198
0.930198
0.930198
0.930198
0.930198
0.930198
0.930198
0.930198
0.930198
0.930198
0.930198
0.930198
0.930198
0.930198
0.930198
0.930198
0.930198
0.930198
0.930198
0.930198
0.930198
0.930198
0.930198
0.930198
0.930198
0.930198
0.930198
0.930198
0.930198
0.930198
0.930198
0.930198
0.930198
0.930198
0.930198
0.930198
0.930198
0.930198
0.930198
0.930198
0.930198
0.930198
0.930198
0.930198
0.930198
0.930198
0.930198
0.930198
0.930198
0.930198
0.930198
0.930198
0.930198
0.930198
0.930198
0.930198
0.930198
0.930198
0.930198
0.930198
0.930198
0.930198
0.930198
0.930198
0.930198
0.930198
0.930198
0.930198
0.930198
0.930198
0.930198
0.930198
0.930198
0.930198
0.930198
0.930198
0.930198
0.930198
0.930198
0.930198
0.930198
0.930198
0.930198
0.930198
0.930198
0.930198
0.930198
0.930198
0.930198
0.930198
0.930198
0.930198
0.930198
0.930198
0.930198
0.930198
0.930198
0.930198
0.930198
0.930198
0.930198
0.930198
0.930198
0.930198
0.930198
0.930198
0.930198
0.930198
0.930198
0.930198
0.930198
0.930198
0.930198
0.930198
0.930198
0.930198
0.930198
0.930198
0.930198
0.930198
0.930198
0.930198
0.930198
0.930198
0.930198
0.930198
0.930198
0.930198
0.930198
0.930198
0.930198
0.930198
0.930198
0.930198
0.930198
0.930198
0.930198
0.930198
0.930198
0.930198
0.930198
0.930198
0.930198
0.930198
0.930198
0.930198
0.930198
0.930198
0.930198
0.930198
0.930198
0.930198
0.930198
0.930198
0.930198
0.930198
0.930198
0.930198
0.930198
0.930198
0.930198
0.930198
0.930198
0.930198
0.930198
0.930198
0.930198
0.930198
0.930198
0.930198
0.930198
0.930198
0.930198
0.930198
0.930198


0.103752
0.128036
0.129582
0.156548
0.157953
0.214871
0.284771
0.284771
0.301896
0.30288
0.34245
0.34245
0.37284
0.382242
0.400297
0.440539
0.5078
0.533243
0.555097
0.567257
0.567257
0.614395
0.618294
0.623654
0.638649
0.683746
0.700168
0.7195
0.727129
0.745133
0.755905
0.767614
0.773519
0.808563
0.846895
0.860131
0.869118
0.880219
0.880252
0.886387
0.894539
0.898609
0.901842
0.918808
0.918808
0.924985
0.931389
0.936565
0.94161
0.94731
0.958877
0.961529
0.962746
0.964125
0.964462
0.967309
0.967309
0.968336
0.971485
0.971485
0.973725
0.973881
0.974158
0.974265
0.976739
0.976739
0.976807
0.978371
0.978958
0.979959
0.980428
0.981557
0.981891
0.981891
0.982029
0.982544
0.982713
0.983263
0.983339
0.983352
0.983522
0.983594
0.983842
0.98389
0.983908
0.984245
0.984264
0.984401
0.984412
0.984589
0.984605
0.984666
0.984692
0.984857
0.984878
0.98492
0.984958
0.984965
0.984982
0.985049
0.985069
0.985079
0.985119
0.985119
0.985161
0.98517
0.985182
0.985182
0.985184
0.985186
0.985211
0.985219
0.985231
0.985235
0.985236
0.985236
0.985236
0.985272
0.985273
0.985275
0.985283
0.985287
0.985287
0.985305
0.98531
0.98531
0.985311
0.985311
0.985315
0.985316
0.985316
0.985314
0.985316
0.985321
0.985323
0.985324
0.985334
0.985334
0.985339
0.985339
0.98534
0.985342
0.985342
0.985342
0.985342
0.985343
0.985343
0.985344
0.985345
0.985346
0.985346
0.985347
0.985347
0.985347
0.985347
0.985347
0.985348
0.985348
0.985349
0.985349
0.985349
0.985349
0.985349
0.985349
0.98535
0.98535
0.98535
0.98535
0.98535
0.98535
0.98535
0.985351
0.985351
0.985351
0.985351
0.985351
0.985351
0.985351
0.985351
0.985351
0.985351
0.985351
0.985351
0.985351
0.985351
0.985352
0.985352
0.985352
0.985352
0.985352
0.985352
0.985352
0.985352
0.985352
0.985352
0.985352
0.985352
0.985352
0.985352
0.985352
0.985352
0.985352
0.985352
0.985352
0.985352
0.985352
0.985352
0.985352
0.985352
0.985352
0.985352
0.985352
0.985352
0.985352
0.985352
0.985352
0.985352
0.985352
0.985352
0.985352
0.985352
0.985352
0.985352
0.985352
0.985352
0.985352
0.985352
0.985352
0.985352
0.985352
0.985352
0.985352
0.985352
0.985352
0.985352
0.985352
0.985352
0.985352
0.985352
0.985352
0.985352
0.985352
0.985352
0.985352
0.985352
0.985352
0.985352
0.985352
0.985352
0.985352
0.985352
0.985352
0.985352
0.985352
0.985352
0.985352
0.985352
0.985352
0.985352
0.985352
0.985352
0.985352
0.985352
0.985352
0.985352
0.985352
0.985352
0.985352
0.985352
0.985352
0.985352
0.985352
0.985352
0.985352
0.985352
0.985352
0.985352
0.985352
0.985352
0.985352
0.985352
0.985352
0.985352
0.985352
0.985352
0.985352
0.985352
0.985352
0.985352
0.985352
0.985352
0.985352
0.985352
0.985352
0.985352
0.985352
0.985352
0.985352
0.985352
0.985352
0.985352
0.985352
0.985352
0.985352
0.985352
0.985352
0.985352
0.985352
0.985352
0.985352
0.985352
0.985352
0.985352
0.985352
0.985352
0.985352
0.985352
0.985352
0.985352
0.985352
0.985352
0.985352
0.985352
0.985352
0.985352
0.985352
0.985352
0.985352
0.985352
0.985352
0.985352
0.985352
0.985352
0.985352
0.985352
0.985352
0.985352
0.985352
0.985352
0.985352
0.985352
0.985352
0.985352
0.985352
0.985352
0.985352
0.985352
0.985352
0.985352
0.985352
0.985352
0.985352
0.985352
0.985352
0.985352
0.985352
0.985352
0.985352
0.985352
0.985352
0.985352
0.985352
0.985352
0.985352
0.985352
0.985352
0.985352
0.985352
0.985352
0.985352
0.985352
0.985352
0.985352
0.985352
0.985352
0.985352
0.985352
0.985352
0.985352
0.985352
0.985352
0.985352
0.985352
0.985352
0.985352
0.985352
0.985352
0.985352
0.985352
0.985352
0.985352
0.985352
0.985352
0.985352
0.985352
0.985352
0.985352
0.985352
0.985352
0.985352
0.985352
0.985352
0.985352
0.985352
0.985352
0.985352
0.985352
0.985352
0.985352
0.985352
0.985352
0.985352
0.985352
0.985352
0.985352
0.985352
0.985352
0.985352
0.985352
0.985352
0.985352
0.985352
0.985352
0.985352
0.985352
0.985352
0.985352
0.985352
0.985352
0.985352
0.985352
0.985352
0.985352
0.985352
0.985352
0.985352
0.985352
0.985352
0.985352
0.985352
0.985352
0.985352
0.985352
0.985352
0.985352
0.985352
0.985352
0.985352
0.985352
0.985352
0.985352
0.985352
0.985352
0.985352
0.985352
0.985352
0.985352
0.985352
0.985352
0.985352
0.985352
0.985352
0.985352
0.985352
0.985352
0.985352
0.985352
0.985352
0.985352
0.985352
0.985352
0.985352
0.985352
0.985352
0.985352
0.985352
0.985352
0.985352
0.985352
0.985352
0.985352
0.985352
0.985352
0.985352
0.985352
0.985352
0.985352
0.985352
0.985352
0.985352
0.985352
0.985352
0.985352
0.985352
0.985352
0.985352
0.985352
0.985352
0.985352
0.985352


0.106783
0.148422
0.173193
0.179869
0.204841
0.205305
0.229403
0.263166
0.302367
0.302706
0.302706
0.326975
0.3358
0.3358
0.396412
0.447651
0.46466
0.481422
0.481778
0.495821
0.548562
0.567634
0.568104
0.587314
0.600439
0.62579
0.633515
0.640518
0.650428
0.650718
0.678435
0.691918
0.711466
0.713622
0.739111
0.740931
0.740931
0.74428
0.769098
0.769098
0.787586
0.789772
0.795107
0.796413
0.801735
0.807408
0.807408
0.81084
0.81084
0.819967
0.819967
0.82203
0.824377
0.827242
0.829014
0.830011
0.830011
0.832882
0.835371
0.835371
0.83543
0.836109
0.836198
0.837513
0.838769
0.839554
0.84031
0.841062
0.841577
0.842153
0.842153
0.842211
0.84245
0.84285
0.842906
0.843023
0.843078
0.843487
0.843585
0.843618
0.843675
0.843812
0.843922
0.843986
0.844089
0.844118
0.844144
0.844202
0.844287
0.844375
0.844423
0.844402
0.844421
0.844464
0.844505
0.844514
0.844532
0.844537
0.844539
0.844585
0.844585
0.844588
0.844602
0.844653
0.844653
0.844665
0.844665
0.844675
0.844684
0.844691
0.844691
0.84469
0.844695
0.8447
0.844701
0.844711
0.844714
0.844718
0.844719
0.844719
0.84472
0.84472
0.844726
0.844727
0.844727
0.844731
0.844731
0.844731
0.844732
0.844732
0.844734
0.844735
0.844735
0.844735
0.844735
0.844735
0.844736
0.844737
0.844737
0.844738
0.844739
0.844739
0.844739
0.844739
0.844739
0.844739
0.844739
0.844739
0.844739
0.844739
0.844739
0.844739
0.844739
0.844739
0.84474
0.84474
0.84474
0.84474
0.84474
0.84474
0.84474
0.84474
0.84474
0.84474
0.84474
0.84474
0.84474
0.84474
0.84474
0.84474
0.84474
0.84474
0.84474
0.84474
0.84474
0.84474
0.84474
0.84474
0.84474
0.84474
0.84474
0.84474
0.84474
0.84474
0.84474
0.84474
0.84474
0.84474
0.84474
0.84474
0.84474
0.84474
0.84474
0.84474
0.84474
0.84474
0.84474
0.84474
0.84474
0.84474
0.84474
0.84474
0.84474
0.84474
0.84474
0.84474
0.84474
0.84474
0.84474
0.84474
0.84474
0.84474
0.84474
0.84474
0.84474
0.84474
0.84474
0.84474
0.84474
0.84474
0.84474
0.84474
0.84474
0.84474
0.84474
0.84474
0.84474
0.84474
0.84474
0.84474
0.84474
0.84474
0.84474
0.84474
0.84474
0.84474
0.84474
0.84474
0.84474
0.84474
0.84474
0.84474
0.84474
0.84474
0.84474
0.84474
0.84474
0.84474
0.84474
0.84474
0.84474
0.84474
0.84474
0.84474
0.84474
0.84474
0.84474
0.84474
0.84474
0.84474
0.84474
0.84474
0.84489
0.84489
0.845478
0.845953
0.846055
0.84628
0.846407
0.846407
0.846514
0.846514
0.847257
0.847624
0.847939
0.848929
0.849201
0.849201
0.849498
0.850078
0.850348
0.850468
0.850727
0.850727
0.850727
0.851138
0.851138
0.85123
0.851418
0.851418
0.851526
0.851575
0.851721
0.851802
0.85535
0.856402
0.856402
0.856402
0.856441
0.856649
0.857565
0.857699
0.857699
0.857699
0.857699
0.858006
0.858006
0.858039
0.858224
0.858233
0.858691
0.858528
0.858739
0.858764
0.85879
0.85879
0.858816
0.858826
0.858953
0.859227
0.859559
0.859949
0.86016
0.860185
0.860185
0.860204
0.86024
0.860324
0.86061
0.86061
0.860613
0.860769
0.860769
0.860769
0.860795
0.860795
0.860795
0.86123
0.861305
0.861472
0.86159
0.86176
0.861897
0.862245
0.862479
0.862479
0.862545
0.862545
0.862626
0.862626
0.862626
0.862684
0.862703
0.862843
0.86287
0.862899
0.86302
0.86302
0.863093
0.86323
0.86323
0.863258
0.863263
0.863279
0.863335
0.86339
0.863455
0.863502
0.863535
0.863541
0.863541
0.863707
0.863714
0.863714
0.863752
0.863756
0.863796
0.863796
0.863796
0.863826
0.863826
0.863826
0.863826
0.863834
0.863857
0.863889
0.863889
0.8639
0.86391
0.863913
0.863915
0.863934
0.863936
0.86396
0.86396
0.86396
0.863967
0.863984
0.863984
0.863985
0.863987
0.863992
0.864001
0.864004
0.864004
0.864027
0.864027
0.864027
0.864027
0.864063
0.864063
0.864047
0.864047
0.864059
0.864062
0.864066
0.86407
0.86407
0.86407
0.864072
0.864073
0.864072
0.864073
0.864073
0.864073
0.864073
0.864073
0.864074
0.864077
0.864077
0.864077
0.864078
0.86408
0.86408
0.86408
0.864083
0.864084
0.864086
0.864088
0.864088
0.864088
0.86409
0.864098
0.864098
0.864099
0.86411
0.864118
0.864121
0.864123
0.864126
0.864126
0.86413
0.864131
0.864134
0.864135
0.864135
0.864135
0.864135
0.864135
0.864135
0.864135
0.864136
0.864137
0.864137
0.86414
0.864141
0.864141
0.864141
0.864141
0.864142
0.864142
0.864142
0.864143
0.864145
0.864145
0.864145
0.864145
0.864145
0.864146
0.864146
0.864146
0.864146
0.864146
0.864147
0.864148
0.864148
0.864148
0.864148
0.864148
0.864149
0.864149
0.864149
0.864149
0.864149
0.864149
0.864149
0.86415
0.86415
0.86415
0.86415


0.114193
0.12814
0.151572
0.184799
0.203657
0.215841
0.220677
0.223107
0.226314
0.271121
0.300969
0.301894
0.33516
0.370238
0.390373
0.410813
0.431482
0.444324
0.487816
0.508
0.521449
0.555385
0.565326
0.589815
0.60763
0.670149
0.688885
0.688885
0.72271
0.739904
0.739904
0.774994
0.782405
0.802843
0.815556
0.832208
0.863989
0.864352
0.86842
0.891059
0.892024
0.892052
0.894307
0.894307
0.896787
0.911092
0.913224
0.923251
0.927175
0.928972
0.928972
0.931096
0.932037
0.933014
0.934642
0.938166
0.938407
0.939562
0.940674
0.9417
0.942367
0.942715
0.943484
0.943484
0.94354
0.944502
0.945168
0.945405
0.945904
0.946287
0.946373
0.946267
0.94635
0.946676
0.946851
0.947557
0.947608
0.947916
0.94801
0.94801
0.948338
0.948502
0.948502
0.948609
0.94863
0.948675
0.948742
0.948885
0.948897
0.949007
0.94905
0.949058
0.949113
0.949144
0.949153
0.94917
0.949204
0.94928
0.949328
0.949341
0.949344
0.949367
0.949367
0.949377
0.949388
0.949399
0.949404
0.949407
0.949434
0.949437
0.949446
0.949445
0.94945
0.949459
0.949462
0.949482
0.949482
0.949484
0.949488
0.949494
0.949497
0.949497
0.949502
0.949503
0.949504
0.949508
0.949509
0.94951
0.949513
0.949513
0.949513
0.949513
0.949514
0.949517
0.949517
0.949518
0.949518
0.949518
0.949518
0.949518
0.949518
0.949519
0.949519
0.949519
0.94952
0.94952
0.94952
0.94952
0.94952
0.94952
0.94952
0.94952
0.949521
0.949521
0.949521
0.949521
0.949521
0.949521
0.949521
0.949521
0.949521
0.949521
0.949521
0.949521
0.949521
0.949521
0.949521
0.949521
0.949521
0.949521
0.949521
0.949521
0.949521
0.949521
0.949521
0.949521
0.949521
0.949521
0.949521
0.949521
0.949521
0.949521
0.949521
0.949521
0.949521
0.949521
0.949521
0.949521
0.949521
0.949521
0.949521
0.949521
0.949521
0.949521
0.949521
0.949521
0.949521
0.949521
0.949521
0.949521
0.949521
0.949521
0.949521
0.949521
0.949521
0.949521
0.949521
0.949521
0.949521
0.949521
0.949521
0.949521
0.949521
0.949521
0.949521
0.949521
0.949521
0.949521
0.949521
0.949521
0.949521
0.949521
0.949521
0.949521
0.949521
0.949521
0.949521
0.949521
0.949521
0.949521
0.949521
0.949521
0.949521
0.949521
0.949521
0.949521
0.949521
0.949521
0.949521
0.949521
0.949521
0.949521
0.949521
0.949521
0.949521
0.949521
0.949521
0.949521
0.949521
0.949521
0.949521
0.949521
0.949521
0.949521
0.949521
0.949521
0.949521
0.949521
0.949521
0.949521
0.949521
0.949521
0.949521
0.949521
0.949521
0.949521
0.949521
0.949521
0.949521
0.949521
0.949521
0.949521
0.949521
0.949521
0.949521
0.949521
0.949521
0.949521
0.949521
0.949521
0.949521
0.949521
0.949521
0.949521
0.949521
0.949521
0.949521
0.949521
0.949521
0.949521
0.949521
0.949521
0.949521
0.949521
0.949521
0.949521
0.949521
0.949521
0.949521
0.949521
0.949521
0.949521
0.949521
0.949521
0.949521
0.949521
0.949521
0.949521
0.949521
0.949521
0.949521
0.949521
0.949521
0.949521
0.949521
0.949521
0.949521
0.949521
0.949521
0.949521
0.949521
0.949521
0.949521
0.949521
0.949521
0.949521
0.949521
0.949521
0.949521
0.949521
0.949521
0.949521
0.949521
0.949521
0.949521
0.949521
0.949521
0.949521
0.949521
0.949521
0.949521
0.949521
0.949521
0.949521
0.949521
0.949521
0.949521
0.949521
0.949521
0.949521
0.949521
0.949521
0.949521
0.949521
0.949521
0.949521
0.949521
0.949521
0.949521
0.949521
0.949521
0.949521
0.949521
0.949521
0.949521
0.949521
0.949521
0.949521
0.949521
0.949521
0.949521
0.949521
0.949521
0.949521
0.949521
0.949521
0.949521
0.949521
0.949521
0.949521
0.949521
0.949521
0.949521
0.949521
0.949521
0.949521
0.949521
0.949521
0.949521
0.949521
0.949521
0.949521
0.949521
0.949521
0.949521
0.949521
0.949521
0.949521
0.949521
0.949521
0.949521
0.949521
0.949521
0.949521
0.949521
0.949521
0.949521
0.949521
0.949521
0.949521
0.949521
0.949521
0.949521
0.949521
0.949521
0.949521
0.949521
0.949521
0.949521
0.949521
0.949521
0.949521
0.949521
0.949521
0.949521
0.949521
0.949521
0.949521
0.949521
0.949521
0.949521
0.949521
0.949521
0.949521
0.949521
0.949521
0.949521
0.949521
0.949521
0.949521
0.949521
0.949521
0.949521
0.949521
0.949521
0.949521
0.949521
0.949521
0.949521
0.949521
0.949521
0.949521
0.949521
0.949521
0.949521
0.949521
0.949521
0.949521
0.949521
0.949521
0.949521
0.949521
0.949521
0.949521
0.949521
0.949521
0.949521
0.949521
0.949521
0.949521
0.949521
0.949521
0.949521
0.949521
0.949521
0.949521
0.949521
0.949521
0.949521
0.949521
0.949521
0.949521
0.949521
0.949521
0.949521
0.949521
0.949521
0.949521
0.949521
0.949521
0.949521
0.949521
0.949521
0.949521
0.949521
0.949521
0.949521
0.949521
0.949521
0.949521


0.109836
0.109836
0.178004
0.178004
0.18512
0.196301
0.21295
0.292974
0.292974
0.29808
0.29808
0.304434
0.361939
0.364426
0.365992
0.416892
0.434191
0.4631
0.4631
0.515294
0.532182
0.526971
0.56
0.56108
0.588673
0.59813
0.608804
0.619412
0.621021
0.638096
0.663214
0.667249
0.697439
0.711877
0.720415
0.730262
0.740001
0.745817
0.756894
0.764969
0.777858
0.767185
0.770904
0.789923
0.789923
0.805941
0.811716
0.815105
0.823269
0.825151
0.826159
0.829343
0.831736
0.833832
0.837745
0.837918
0.843172
0.843172
0.845009
0.845394
0.845737
0.84635
0.846936
0.848579
0.849174
0.849613
0.850553
0.85343
0.85343
0.853577
0.854156
0.85462
0.85462
0.855491
0.855491
0.856156
0.856156
0.856534
0.856608
0.856685
0.856789
0.856798
0.856966
0.857025
0.857025
0.857084
0.857163
0.857232
0.857304
0.857363
0.857364
0.857382
0.857403
0.857424
0.857504
0.85755
0.857557
0.857586
0.857589
0.857625
0.857628
0.857632
0.857643
0.857664
0.857699
0.857699
0.857707
0.857709
0.857721
0.857722
0.857731
0.857733
0.857735
0.857735
0.857739
0.857748
0.857748
0.857748
0.85775
0.857751
0.857751
0.857752
0.857754
0.857755
0.857755
0.857756
0.857756
0.85776
0.857761
0.857762
0.857762
0.857761
0.857762
0.857762
0.857762
0.857763
0.857763
0.857763
0.857763
0.857763
0.857764
0.857764
0.857764
0.857764
0.857764
0.857764
0.857764
0.857764
0.857764
0.857764
0.857764
0.857764
0.857764
0.857764
0.857764
0.857764
0.857764
0.857765
0.857765
0.857765
0.857765
0.857765
0.857765
0.857765
0.857765
0.857765
0.857765
0.857765
0.857765
0.857765
0.857765
0.857765
0.857765
0.857765
0.857765
0.857765
0.857765
0.857765
0.857765
0.857765
0.857765
0.857765
0.857765
0.857765
0.857765
0.857765
0.857765
0.857765
0.857765
0.857765
0.857765
0.857765
0.857765
0.857765
0.857765
0.857765
0.857765
0.857765
0.857765
0.857765
0.857765
0.857765
0.857765
0.857765
0.857765
0.857765
0.857765
0.857765
0.857765
0.857765
0.857765
0.857765
0.857765
0.857765
0.857765
0.857765
0.857765
0.857765
0.857765
0.857765
0.857765
0.857765
0.857765
0.857765
0.857765
0.857765
0.857765
0.857765
0.857765
0.857765
0.857765
0.857765
0.857765
0.857765
0.857765
0.857765
0.857765
0.857765
0.857765
0.857765
0.857765
0.857765
0.857765
0.857765
0.857765
0.857765
0.857765
0.857765
0.857765
0.857765
0.857765
0.857765
0.857765
0.857765
0.857765
0.857765
0.857765
0.857765
0.857765
0.857765
0.857765
0.857765
0.857765
0.857765
0.857765
0.857765
0.857765
0.857765
0.857765
0.857765
0.857765
0.857765
0.857765
0.857765
0.857765
0.857765
0.857765
0.857765
0.857765
0.857765
0.857765
0.857765
0.857765
0.857765
0.857765
0.857765
0.857765
0.857765
0.857765
0.857765
0.857765
0.857765
0.857765
0.857765
0.857765
0.857765
0.857765
0.857765
0.857765
0.857765
0.857765
0.857765
0.857765
0.857765
0.857765
0.857765
0.857765
0.857765
0.857765
0.857765
0.857765
0.857765
0.857765
0.857765
0.857765
0.857765
0.857765
0.857765
0.857765
0.857765
0.857765
0.857765
0.857765
0.857765
0.857765
0.857765
0.857765
0.857765
0.857765
0.857765
0.857765
0.857765
0.857765
0.857765
0.857765
0.857765
0.857765
0.857765
0.857765
0.857765
0.857765
0.857765
0.857765
0.857765
0.857765
0.857765
0.857765
0.857765
0.857765
0.857765
0.857765
0.857765
0.857765
0.857765
0.857765
0.857765
0.857765
0.857765
0.857765
0.857765
0.857765
0.857762
0.857765
0.857765
0.857765
0.857765
0.857765
0.857765
0.857765
0.857765
0.857765
0.857765
0.857765
0.857765
0.857765
0.857765
0.857765
0.857765
0.857765
0.857765
0.857765
0.857765
0.857765
0.857765
0.857765
0.857765
0.857765
0.857765
0.857765
0.857765
0.857765
0.857765
0.857765
0.857765
0.857765
0.857765
0.857765
0.857765
0.857765
0.857765
0.857765
0.857765
0.857765
0.857765
0.857765
0.857765
0.857765
0.857765
0.857765
0.857765
0.857765
0.857765
0.857765
0.857765
0.857765
0.857765
0.857765
0.857765
0.857765
0.857765
0.857765
0.857765
0.857765
0.857765
0.857765
0.857765
0.857765
0.857765
0.857765
0.857765
0.857765
0.857765
0.857765
0.857765
0.857765
0.857765
0.857765
0.857765
0.857765
0.857765
0.857765
0.857765
0.857765
0.857765
0.857765
0.857765
0.857765
0.857765
0.857765
0.857765
0.857765
0.857765
0.857765
0.857765
0.857765
0.857765
0.857765
0.857765
0.857765
0.857765
0.857765
0.857765
0.857765
0.857765
0.857765
0.857765
0.857765
0.857765
0.857765
0.857765
0.857765
0.857765
0.857765
0.857765
0.857765
0.857765
0.857765
0.857765
0.857765
0.857765
0.857765
0.857765
0.857765
0.857765
0.857765
0.857765
0.857765
0.857765
0.857765
0.857765
0.857765
0.857765
0.857765
0.857765
0.857765
0.857765
0.857765
0.857765
0.857765
0.857765


0.157697
0.181281
0.181281
0.196638
0.238714
0.262835
0.321969
0.333783
0.353047
0.362335
0.384963
0.404664
0.404664
0.449293
0.494363
0.494731
0.495622
0.509955
0.541777
0.577127
0.579275
0.583585
0.60261
0.628327
0.661683
0.696256
0.752082
0.752437
0.776892
0.776892
0.788973
0.803857
0.82861
0.829931
0.846217
0.857754
0.858973
0.873818
0.873818
0.875837
0.90398
0.91511
0.91726
0.91726
0.923957
0.932589
0.933171
0.939963
0.942686
0.942686
0.950158
0.951879
0.957639
0.959075
0.960349
0.962259
0.962259
0.964361
0.966202
0.967246
0.967246
0.967883
0.969207
0.969207
0.969403
0.970085
0.970541
0.971157
0.971394
0.97172
0.972388
0.972342
0.972714
0.97297
0.973217
0.973318
0.97344
0.973558
0.973678
0.973787
0.973999
0.973933
0.974005
0.974162
0.974191
0.97442
0.974452
0.974452
0.974545
0.974653
0.974664
0.974662
0.974727
0.974781
0.974794
0.974794
0.974818
0.974818
0.974818
0.974846
0.974847
0.974868
0.97487
0.974878
0.974884
0.974886
0.974893
0.974894
0.974894
0.974898
0.974904
0.974909
0.974909
0.974909
0.974911
0.974912
0.974914
0.974914
0.974914
0.974916
0.974918
0.974919
0.97492
0.97492
0.974921
0.974921
0.974921
0.974921
0.974921
0.974922
0.974922
0.974922
0.974922
0.974923
0.974923
0.974923
0.974923
0.974923
0.974923
0.974923
0.974923
0.974923
0.974923
0.974923
0.974923
0.974923
0.974923
0.974923
0.974923
0.974924
0.974924
0.974924
0.974924
0.974924
0.974924
0.974924
0.974924
0.974924
0.974924
0.974924
0.974924
0.974924
0.974924
0.974924
0.974924
0.974924
0.974924
0.974924
0.974924
0.974924
0.974924
0.974924
0.974924
0.974924
0.974924
0.974924
0.974924
0.974924
0.974924
0.974924
0.974924
0.974924
0.974924
0.974924
0.974924
0.974924
0.974924
0.974924
0.974924
0.974924
0.974924
0.974924
0.974924
0.974924
0.974924
0.974924
0.974924
0.974924
0.974924
0.974924
0.974924
0.974924
0.974924
0.974924
0.974924
0.974924
0.974924
0.974924
0.974924
0.974924
0.974924
0.974924
0.974924
0.974924
0.974924
0.974924
0.974924
0.974924
0.974924
0.974924
0.974924
0.974924
0.974924
0.974924
0.974924
0.974924
0.974924
0.974924
0.974924
0.974924
0.974924
0.974924
0.974924
0.974924
0.974924
0.974924
0.974924
0.974924
0.974924
0.974924
0.974924
0.974924
0.974924
0.974924
0.974924
0.974924
0.974924
0.974924
0.974924
0.974924
0.974924
0.974924
0.974924
0.974924
0.974924
0.974924
0.974924
0.974924
0.974924
0.974924
0.974924
0.974924
0.974924
0.974924
0.974924
0.974924
0.974924
0.974924
0.974924
0.974924
0.974924
0.974924
0.974924
0.974924
0.974924
0.974924
0.974924
0.974924
0.974924
0.974924
0.974924
0.974924
0.974924
0.974924
0.974924
0.974924
0.974924
0.974924
0.974924
0.974924
0.974924
0.974924
0.974924
0.974924
0.974924
0.974924
0.974924
0.974924
0.974924
0.974924
0.974924
0.974924
0.974924
0.974924
0.974924
0.974924
0.974924
0.974924
0.974924
0.974924
0.974924
0.974924
0.974924
0.974924
0.974924
0.974924
0.974924
0.974924
0.974924
0.974924
0.974924
0.974924
0.974924
0.974924
0.974924
0.974924
0.974924
0.974924
0.974924
0.974924
0.974924
0.974924
0.974924
0.974924
0.974924
0.974924
0.974924
0.974924
0.974924
0.974924
0.974924
0.974924
0.974924
0.974924
0.974924
0.974924
0.974924
0.974924
0.974924
0.974924
0.974924
0.974924
0.974924
0.974924
0.974924
0.974924
0.974924
0.974924
0.974924
0.974924
0.974924
0.974924
0.974924
0.974924
0.974924
0.974924
0.974924
0.974924
0.974924
0.974924
0.974924
0.974924
0.974924
0.974924
0.974924
0.974924
0.974924
0.974924
0.974924
0.974924
0.974924
0.974875
0.974924
0.974924
0.974924
0.974924
0.974924
0.974924
0.974924
0.974924
0.974924
0.974924
0.974924
0.974924
0.974924
0.974924
0.974924
0.974924
0.974924
0.974924
0.974924
0.974924
0.974924
0.974924
0.974924
0.974924
0.974924
0.974924
0.974924
0.974924
0.974924
0.974924
0.974924
0.974924
0.974924
0.974924
0.974924
0.974924
0.974924
0.974924
0.974924
0.974924
0.974924
0.974924
0.974924
0.974924
0.974924
0.974924
0.974924
0.974924
0.974924
0.974924
0.974924
0.974924
0.974924
0.974924
0.974924
0.974924
0.974924
0.974924
0.974924
0.974924
0.974924
0.974924
0.974924
0.974924
0.974924
0.974924
0.974924
0.974924
0.974924
0.974924
0.974924
0.974924
0.974924
0.974924
0.974924
0.974924
0.974924
0.974924
0.974924
0.974924
0.974924
0.974924
0.974924
0.974924
0.974924
0.974924
0.974924
0.974924
0.974924
0.974924
0.974924
0.974924
0.974924
0.974924
0.974924
0.974924
0.974924
0.974924
0.974924
0.974924
0.974924
0.974924
0.974924
0.974924
0.974924
0.974924
0.974924
0.974924
0.974924
0.974924
0.974924
0.974924
0.974924
0.974924
0.974924
0.974924
0.974924
0.974924


0.0879777
0.12877
0.12877
0.14428
0.14428
0.175585
0.205388
0.214869
0.253318
0.272704
0.293615
0.308102
0.310451
0.312628
0.323382
0.32438
0.330717
0.331078
0.355783
0.384134
0.417537
0.460439
0.476178
0.484705
0.532157
0.535401
0.550012
0.569345
0.58837
0.637476
0.646255
0.665313
0.686733
0.690538
0.695375
0.715329
0.734406
0.734406
0.742061
0.748755
0.748935
0.759977
0.759986
0.814467
0.82076
0.823294
0.823294
0.832368
0.861783
0.861783
0.870302
0.883207
0.883207
0.883207
0.891543
0.896747
0.901528
0.909496
0.934815
0.949347
0.956523
0.961324
0.962248
0.96684
0.972905
0.973084
0.975804
0.979074
0.980038
0.980038
0.980038
0.979343
0.981028
0.984655
0.986305
0.987268
0.987744
0.989045
0.989139
0.990399
0.990807
0.991644
0.991644
0.993006
0.993258
0.993605
0.994334
0.995006
0.995555
0.995836
0.996972
0.996951
0.996951
0.99739
0.997402
0.997805
0.997949
0.997949
0.998042
0.998048
0.998144
0.998145
0.998215
0.998568
0.998974
0.998974
0.999112
0.999145
0.999317
0.99934
0.999441
0.999442
0.99948
0.999524
0.999553
0.999554
0.999594
0.999646
0.999648
0.999674
0.999735
0.999736
0.999736
0.999771
0.999778
0.999802
0.999802
0.999805
0.999867
0.999867
0.999871
0.999871
0.999918
0.999918
0.999936
0.999936
0.999936
0.999936
0.999942
0.999942
0.999946
0.999946
0.999962
0.999965
0.999967
0.999967
0.999968
0.999969
0.99998
0.99998
0.999982
0.999983
0.999983
0.999986
0.999986
0.999989
0.999989
0.999989
0.99999
0.99999
0.999992
0.999993
0.999995
0.999995
0.999995
0.999995
0.999996
0.999997
0.999997
0.999997
0.999997
0.999998
0.999998
0.999998
0.999998
0.999998
0.999998
0.999999
0.999999
0.999999
0.999999
0.999999
0.999999
0.999999
0.999999
0.999999
0.999999
0.999999
1
1
1
1
1
1
1
1
1
1
1
1
1
1
1
1
1
1
1
1
1
1
1
1
1
1
1
1
1
1
1
1
1
1
1
1
1
1
1
1
1
1
1
1
1
1
1
1
1
1
1
1
1
1
1
1
1
1
1
1
1
1
1
1
1
1
1
1
1
1
1
1
1
1
1
1
1
1
1
1
1
1
1
1
1
1
1
1
1
1
1
1
1
1
1
1
1
1
1
1
1
1
1
1
1
1
1
1
1
1
1
1
1
1
1
1
1
1
1
1
1
1
1
1
1
1
1
1
1
1
1
1
1
1
1
1
1
1
1
1
1
1
1
1
1
1
1
1
1
1
1
1
1
1
1
1
1
1
1
1
1
1
1
1
1
1
1
1
1
1
1
1
1
1
1
1
1
1
1
1
1
1
1
1
1
1
1
1
1
1
1
1
1
1
1
1
1
1
1
1
1
1
1
1
1
1
1
1
1
1
1
1
1
1
1
1
1
1
1
1
1
1
1
1
1
1
1
1
1
1
1
1
1
1
1
1
1
1
1
1
1
1
1
1
1
1
1
1
1
1
1
1
1
1
1
1
1
1
1
1
1
1
1
1
1
1
1
1
1
1
1
1
1
1
1
1
1
1
1
1
1
1
1
1
1
1
1
1
1
1
1
1
1
1
1
1
1
1
1
1
1
1
1
1
1
1
1
1
1
1
1
1


0.110492
0.113726
0.146636
0.150215
0.16828
0.183778
0.191468
0.201566
0.234604
0.235006
0.246734
0.294844
0.321732
0.323937
0.355484
0.366088
0.381715
0.396082
0.396083
0.415553
0.474522
0.477052
0.477052
0.519045
0.521452
0.529308
0.646806
0.646806
0.646806
0.646859
0.675406
0.705086
0.727228
0.735898
0.737076
0.750582
0.760965
0.783106
0.80089
0.80089
0.80871
0.814762
0.821139
0.848362
0.854269
0.856897
0.861402
0.861402
0.868381
0.872409
0.872409
0.8853
0.888203
0.890912
0.892135
0.89508
0.89665
0.901138
0.903276
0.909056
0.91011
0.914712
0.916082
0.916714
0.918297
0.918623
0.931284
0.932343
0.932435
0.932917
0.93345
0.938589
0.941991
0.942379
0.943941
0.944067
0.945516
0.948722
0.948919
0.9491
0.9491
0.949233
0.949915
0.949915
0.95054
0.951258
0.951258
0.951892
0.952041
0.95208
0.952769
0.952769
0.952787
0.95298
0.95298
0.953442
0.95348
0.95348
0.953598
0.953744
0.953788
0.953795
0.953944
0.953952
0.953982
0.954072
0.954076
0.954194
0.954194
0.954194
0.954223
0.95426
0.95426
0.954275
0.954315
0.954318
0.954349
0.954379
0.954379
0.954423
0.954536
0.954537
0.954572
0.954573
0.954573
0.954594
0.954602
0.95461
0.954624
0.954632
0.954634
0.954635
0.954649
0.954649
0.954679
0.954679
0.95468
0.954686
0.954686
0.954698
0.954698
0.954698
0.954698
0.954698
0.954701
0.954702
0.954704
0.954704
0.954706
0.954707
0.954709
0.954709
0.954709
0.954709
0.954709
0.954711
0.954711
0.954711
0.954712
0.954712
0.954714
0.954714
0.954715
0.954716
0.954717
0.954717
0.954718
0.954719
0.954719
0.954721
0.954721
0.954721
0.954721
0.954722
0.954722
0.954723
0.954723
0.954723
0.954723
0.954723
0.954723
0.954724
0.954724
0.954724
0.954724
0.954724
0.954724
0.954724
0.954724
0.954724
0.954724
0.954725
0.954725
0.954725
0.954725
0.954725
0.954725
0.954725
0.954725
0.954725
0.954725
0.954725
0.954725
0.954725
0.954725
0.954725
0.954725
0.954725
0.954725
0.954725
0.954725
0.954725
0.954725
0.954725
0.954725
0.954725
0.954725
0.954725
0.954725
0.954725
0.954725
0.954725
0.954725
0.954725
0.954725
0.954725
0.954725
0.954725
0.954725
0.954725
0.954725
0.954725
0.954725
0.954725
0.954725
0.954725
0.954725
0.954725
0.954725
0.954725
0.954725
0.954725
0.954725
0.954725
0.954725
0.954725
0.954725
0.954725
0.954725
0.954725
0.954725
0.954725
0.954725
0.954725
0.954725
0.954725
0.954725
0.954725
0.954725
0.954725
0.954725
0.954725
0.954725
0.954725
0.954725
0.954725
0.954725
0.954725
0.954725
0.954725
0.954725
0.954725
0.954725
0.954725
0.954725
0.954725
0.954725
0.954725
0.954725
0.954725
0.954725
0.954725
0.954725
0.954725
0.954725
0.954725
0.954725
0.954725
0.954725
0.954725
0.954725
0.954725
0.954725
0.954725
0.954725
0.954725
0.954725
0.954725
0.954725
0.954725
0.954725
0.954725
0.954725
0.954725
0.954725
0.954725
0.954725
0.954725
0.954725
0.954725
0.954725
0.954725
0.954725
0.954725
0.954725
0.954725
0.954725
0.954725
0.954725
0.954725
0.954725
0.954725
0.954725
0.954725
0.954725
0.954725
0.954725
0.954725
0.954725
0.954725
0.954725
0.954725
0.954725
0.954725
0.954725
0.954725
0.954725
0.954725
0.954725
0.954725
0.954725
0.954725
0.954725
0.954725
0.954725
0.954725
0.954725
0.954725
0.954725
0.954725
0.954725
0.954725
0.954725
0.954725
0.954725
0.954725
0.954725
0.954725
0.954725
0.954725
0.954725
0.954725
0.954725
0.954725
0.954725
0.954725
0.954725
0.954725
0.954725
0.954725
0.954725
0.954725
0.954725
0.954725
0.954725
0.954725
0.954725
0.954725
0.954725
0.954725
0.954725
0.954725
0.954725
0.954725
0.954725
0.954725
0.954725
0.954725
0.954725
0.954725
0.954725
0.954722
0.954725
0.954725
0.954725
0.954725
0.954725
0.954725
0.954725
0.954725
0.954725
0.954725
0.954725
0.954725
0.954725
0.954725
0.954725
0.954725
0.954725
0.954725
0.954725
0.954725
0.954725
0.954725
0.954725
0.954725
0.954725
0.954725
0.954725
0.954725
0.954725
0.954725
0.954725
0.954725
0.954725
0.954725
0.954725
0.954725
0.954725
0.954725
0.954725
0.954725
0.954725
0.954725
0.954725
0.954725
0.954725
0.954725
0.954725
0.954725
0.954725
0.954725
0.954725
0.954725
0.954725
0.954725
0.954725
0.954725
0.954725
0.954725
0.954725
0.954725
0.954725
0.954725
0.954725
0.954725
0.954725
0.954725
0.954725
0.954725
0.954725
0.954725
0.954725
0.954725
0.954725
0.954725
0.954725
0.954725
0.954725
0.954725
0.954725
0.954725
0.954725
0.954725
0.954725
0.954725
0.954725
0.954725
0.954725
0.954725
0.954725
0.954725
0.954725
0.954725
0.954725
0.954725
0.954725
0.954725
0.954725
0.954725
0.954725
0.954725
0.954725
0.954725
0.954725
0.954725
0.954725
0.954725
0.954725
0.954725


0.110048
0.127737
0.150758
0.165073
0.193327
0.249833
0.260438
0.260438
0.265329
0.324783
0.328679
0.32503
0.369591
0.384913
0.403058
0.412989
0.450259
0.549014
0.552016
0.555384
0.612349
0.624644
0.656321
0.662719
0.662788
0.70874
0.749954
0.777423
0.79618
0.79618
0.821269
0.821384
0.828024
0.841617
0.854048
0.861
0.871295
0.874132
0.891523
0.898192
0.898738
0.899205
0.917065
0.92203
0.923356
0.934345
0.935805
0.942936
0.950145
0.952037
0.955877
0.9571
0.960309
0.963351
0.964091
0.964878
0.965726
0.965726
0.967614
0.967735
0.971218
0.97224
0.972617
0.97267
0.973325
0.973826
0.974418
0.975349
0.975586
0.976072
0.976419
0.976517
0.976517
0.976613
0.976736
0.976931
0.977067
0.977067
0.977214
0.9773
0.977456
0.977522
0.977684
0.977753
0.977753
0.977773
0.977773
0.977816
0.977845
0.977853
0.97792
0.977982
0.977989
0.978017
0.978041
0.97806
0.978066
0.978089
0.978114
0.978114
0.978123
0.978143
0.978151
0.978157
0.978163
0.978179
0.978179
0.978195
0.978199
0.978203
0.978208
0.978218
0.978219
0.978223
0.978229
0.978229
0.978231
0.978232
0.978234
0.978235
0.978235
0.978236
0.978239
0.97824
0.97824
0.97824
0.978241
0.978241
0.978243
0.978243
0.978243
0.978243
0.978244
0.978244
0.978244
0.978244
0.978245
0.978245
0.978245
0.978246
0.978246
0.978246
0.978246
0.978247
0.978247
0.978247
0.978247
0.978247
0.978247
0.978247
0.978247
0.978247
0.978247
0.978247
0.978247
0.978247
0.978247
0.978247
0.978247
0.978247
0.978247
0.978247
0.978247
0.978247
0.978247
0.978247
0.978247
0.978247
0.978247
0.978247
0.978247
0.978247
0.978247
0.978247
0.978247
0.978247
0.978247
0.978247
0.978247
0.978247
0.978247
0.978247
0.978247
0.978247
0.978247
0.978247
0.978247
0.978247
0.978247
0.978247
0.978247
0.978247
0.978247
0.978247
0.978247
0.978247
0.978247
0.978247
0.978247
0.978247
0.978247
0.978247
0.978247
0.978247
0.978247
0.978247
0.978247
0.978247
0.978247
0.978247
0.978247
0.978247
0.978247
0.978247
0.978247
0.978247
0.978247
0.978247
0.978247
0.978247
0.978247
0.978247
0.978247
0.978247
0.978247
0.978247
0.978247
0.978247
0.978247
0.978247
0.978247
0.978247
0.978247
0.978247
0.978247
0.978247
0.978247
0.978247
0.978247
0.978247
0.978247
0.978247
0.978247
0.978247
0.978247
0.978247
0.978247
0.978247
0.978247
0.978247
0.978247
0.978247
0.978247
0.978247
0.978247
0.978247
0.978247
0.978247
0.978247
0.978247
0.978247
0.978247
0.978247
0.978247
0.978247
0.978247
0.978247
0.978247
0.978247
0.978247
0.978247
0.978247
0.978247
0.978247
0.978247
0.978247
0.978247
0.978247
0.978247
0.978247
0.978247
0.978247
0.978247
0.978247
0.978247
0.978247
0.978247
0.978247
0.978247
0.978247
0.978247
0.978247
0.978247
0.978247
0.978247
0.978247
0.978247
0.978247
0.978247
0.978247
0.978247
0.978247
0.978247
0.978247
0.978247
0.978247
0.978247
0.978247
0.978247
0.978247
0.978247
0.978247
0.978247
0.978247
0.978247
0.978247
0.978247
0.978247
0.978247
0.978247
0.978247
0.978247
0.978247
0.978247
0.978247
0.978247
0.978247
0.978247
0.978247
0.978247
0.978247
0.978247
0.978247
0.978247
0.978247
0.978247
0.978247
0.978247
0.978247
0.978247
0.978247
0.978247
0.978247
0.978247
0.978247
0.978247
0.978247
0.978247
0.978247
0.978247
0.978247
0.978247
0.978247
0.978247
0.978247
0.978247
0.978247
0.978247
0.978247
0.978247
0.978247
0.978247
0.978247
0.978247
0.978247
0.978247
0.978247
0.978247
0.978247
0.978247
0.978247
0.978247
0.978247
0.978247
0.978247
0.978247
0.978247
0.978247
0.978247
0.978247
0.978247
0.978247
0.978247
0.978247
0.978247
0.978247
0.978247
0.978247
0.978247
0.978247
0.978247
0.978247
0.978247
0.978247
0.978247
0.978247
0.978247
0.978247
0.978247
0.978247
0.978247
0.978247
0.978247
0.978247
0.978247
0.978247
0.978247
0.978247
0.978247
0.978247
0.978247
0.978247
0.978247
0.978247
0.978247
0.978247
0.978247
0.978247
0.978247
0.978247
0.978247
0.978247
0.978247
0.978247
0.978247
0.978247
0.978247
0.978247
0.978247
0.978247
0.978247
0.978247
0.978247
0.978247
0.978247
0.978247
0.978247
0.978247
0.978247
0.978247
0.978247
0.978247
0.978247
0.978247
0.978247
0.978247
0.978247
0.978247
0.978247
0.978247
0.978247
0.978247
0.978247
0.978247
0.978247
0.978247
0.978247
0.978247
0.978247
0.978247
0.978247
0.978247
0.978247
0.978247
0.978247
0.978247
0.978247
0.978247
0.978247
0.978247
0.978247
0.978247
0.978247
0.978247
0.978247
0.978247
0.978247
0.978247
0.978247
0.978247
0.978247
0.978247
0.978247
0.978247
0.978247
0.978247
0.978247
0.978247
0.978247
0.978247
0.978247
0.978247
0.978247
0.978247
0.978247
0.978247
0.978247
0.978247
0.978247
0.978247


0.117819
0.13236
0.155686
0.199371
0.199933
0.236701
0.272841
0.285608
0.285608
0.322292
0.357695
0.389433
0.436811
0.478877
0.484828
0.484828
0.495394
0.518068
0.550878
0.565445
0.5711
0.609406
0.631665
0.642264
0.655525
0.718624
0.718624
0.719217
0.719217
0.733777
0.766421
0.777496
0.799224
0.816937
0.823666
0.830247
0.842836
0.854995
0.862372
0.874311
0.885377
0.89322
0.903758
0.907057
0.911136
0.912429
0.918588
0.921041
0.924016
0.925798
0.928668
0.929127
0.933702
0.933956
0.935394
0.935758
0.937758
0.938952
0.940158
0.943101
0.94468
0.944978
0.947021
0.947478
0.948695
0.949158
0.949511
0.949581
0.949691
0.949779
0.950056
0.950676
0.950785
0.950889
0.951239
0.951239
0.951284
0.951419
0.951531
0.951624
0.951637
0.951698
0.95171
0.951743
0.951895
0.952022
0.952111
0.952135
0.952188
0.952214
0.952267
0.952271
0.952271
0.952281
0.95238
0.952423
0.952455
0.952502
0.952536
0.952539
0.95255
0.952567
0.952577
0.952621
0.952634
0.952636
0.952638
0.95264
0.952661
0.952662
0.952675
0.952679
0.952682
0.952683
0.952689
0.952695
0.952696
0.952704
0.952706
0.952712
0.952713
0.952718
0.95272
0.952721
0.952721
0.952725
0.952725
0.952726
0.952726
0.952728
0.952729
0.952729
0.95273
0.952731
0.952731
0.952732
0.952732
0.952732
0.952732
0.952733
0.952733
0.952733
0.952734
0.952734
0.952734
0.952735
0.952735
0.952735
0.952735
0.952735
0.952735
0.952735
0.952735
0.952736
0.952736
0.952736
0.952736
0.952736
0.952736
0.952736
0.952736
0.952736
0.952736
0.952736
0.952736
0.952736
0.952736
0.952736
0.952736
0.952736
0.952736
0.952736
0.952736
0.952736
0.952736
0.952736
0.952736
0.952736
0.952736
0.952736
0.952736
0.952736
0.952736
0.952736
0.952736
0.952736
0.952736
0.952736
0.952736
0.952736
0.952736
0.952736
0.952736
0.952736
0.952736
0.952736
0.952736
0.952736
0.952736
0.952736
0.952736
0.952736
0.952736
0.952736
0.952736
0.952736
0.952736
0.952736
0.952736
0.952736
0.952736
0.952736
0.952736
0.952736
0.952736
0.952736
0.952736
0.952736
0.952736
0.952736
0.952736
0.952736
0.952736
0.952736
0.952736
0.952736
0.952736
0.952736
0.952736
0.952736
0.952736
0.952736
0.952736
0.952736
0.952736
0.952736
0.952736
0.952736
0.952736
0.952736
0.952736
0.952736
0.952736
0.952736
0.952736
0.952736
0.952736
0.952736
0.952736
0.952736
0.952736
0.952736
0.952736
0.952736
0.952736
0.952736
0.952736
0.952736
0.952736
0.952736
0.952736
0.952736
0.952736
0.952736
0.952736
0.952736
0.952736
0.952736
0.952736
0.952736
0.952736
0.952736
0.952736
0.952736
0.952736
0.952736
0.952736
0.952736
0.952736
0.952736
0.952736
0.952736
0.952736
0.952736
0.952736
0.952736
0.952736
0.952736
0.952736
0.952736
0.952736
0.952736
0.952736
0.952736
0.952736
0.952736
0.952736
0.952736
0.952736
0.952736
0.952736
0.952736
0.952736
0.952736
0.952736
0.952736
0.952736
0.952736
0.952736
0.952736
0.952736
0.952736
0.952736
0.952736
0.952736
0.952736
0.952736
0.952736
0.952736
0.952736
0.952736
0.952736
0.952736
0.952736
0.952736
0.952736
0.952736
0.952736
0.952736
0.952736
0.952736
0.952736
0.952736
0.952736
0.952736
0.952736
0.952736
0.952736
0.952736
0.952736
0.952736
0.952736
0.952736
0.952736
0.952736
0.952736
0.952736
0.952736
0.952736
0.952736
0.952736
0.952736
0.952736
0.952736
0.952736
0.952736
0.952736
0.952736
0.952736
0.952736
0.952736
0.952736
0.952736
0.952736
0.952736
0.952736
0.952736
0.952736
0.952736
0.952736
0.952736
0.952736
0.952736
0.952736
0.952736
0.952736
0.952736
0.952736
0.952736
0.952736
0.952736
0.952707
0.952736
0.952736
0.952736
0.952736
0.952736
0.952736
0.952736
0.952736
0.952736
0.952736
0.952736
0.952736
0.952736
0.952736
0.952736
0.952736
0.952736
0.952736
0.952736
0.952736
0.952736
0.952736
0.952736
0.952736
0.952736
0.952736
0.952736
0.952736
0.952736
0.952736
0.952736
0.952736
0.952736
0.952736
0.952736
0.952736
0.952736
0.952736
0.952736
0.952736
0.952736
0.952736
0.952736
0.952736
0.952736
0.952736
0.952736
0.952736
0.952736
0.952736
0.952736
0.952736
0.952736
0.952736
0.952736
0.952736
0.952736
0.952736
0.952736
0.952736
0.952736
0.952736
0.952736
0.952736
0.952736
0.952736
0.952736
0.952736
0.952736
0.952736
0.952736
0.952736
0.952736
0.952736
0.952736
0.952736
0.952736
0.952736
0.952736
0.952736
0.952736
0.952736
0.952736
0.952736
0.952736
0.952736
0.952736
0.952736
0.952736
0.952736
0.952736
0.952736
0.952736
0.952736
0.952736
0.952736
0.952736
0.952736
0.952736
0.952736
0.952736
0.952736
0.952736
0.952736
0.952736
0.952736
0.952736
0.952736
0.952736
0.952736
0.952736
0.952736
0.952736
0.952736
0.952736
0.952736
0.952736
0.952736


0.102852
0.11402
0.119445
0.162946
0.21967
0.21967
0.220552
0.289221
0.328858
0.335996
0.372378
0.401988
0.401988
0.439006
0.439006
0.482118
0.515273
0.524009
0.536291
0.551882
0.569332
0.635196
0.651092
0.657671
0.664864
0.716989
0.742267
0.745623
0.748998
0.751938
0.772323
0.778247
0.785316
0.786008
0.79191
0.796218
0.806844
0.812653
0.812653
0.818772
0.827135
0.835466
0.836333
0.839812
0.847977
0.849677
0.854222
0.854222
0.862768
0.865269
0.868279
0.86719
0.868442
0.870413
0.871139
0.875803
0.876759
0.877604
0.878119
0.881578
0.882069
0.882296
0.88357
0.883976
0.884894
0.885189
0.886428
0.886773
0.887474
0.887592
0.887693
0.887522
0.8886
0.888996
0.889012
0.889406
0.889525
0.889706
0.889845
0.889951
0.89012
0.890425
0.890467
0.890677
0.890769
0.890817
0.891006
0.891034
0.89115
0.891181
0.891271
0.891408
0.891459
0.891461
0.891465
0.891475
0.891523
0.89155
0.891561
0.891572
0.891576
0.891603
0.891621
0.891622
0.891642
0.891656
0.891667
0.891683
0.891704
0.891735
0.891735
0.891742
0.891748
0.891757
0.891757
0.891767
0.89177
0.891779
0.891782
0.891784
0.891785
0.891787
0.891788
0.89179
0.891792
0.891793
0.891793
0.891794
0.891796
0.891796
0.891796
0.891797
0.891798
0.891798
0.891799
0.891799
0.8918
0.8918
0.8918
0.8918
0.8918
0.891801
0.891801
0.891801
0.891801
0.891802
0.891802
0.891802
0.891802
0.891802
0.891802
0.891802
0.891802
0.891802
0.891803
0.891803
0.891803
0.891803
0.891803
0.891803
0.891803
0.891803
0.891803
0.891803
0.891803
0.891803
0.891803
0.891803
0.891803
0.891803
0.891803
0.891803
0.891803
0.891803
0.891803
0.891803
0.891803
0.891803
0.891803
0.891803
0.891803
0.891803
0.891803
0.891803
0.891803
0.891803
0.891803
0.891803
0.891803
0.891803
0.891803
0.891803
0.891803
0.891803
0.891803
0.891803
0.891803
0.891803
0.891803
0.891803
0.891803
0.891803
0.891803
0.891803
0.891803
0.891803
0.891803
0.891803
0.891803
0.891803
0.891803
0.891803
0.891803
0.891803
0.891803
0.891803
0.891803
0.891803
0.891803
0.891803
0.891803
0.891803
0.891803
0.891803
0.891803
0.891803
0.891803
0.891803
0.891803
0.891803
0.891803
0.891803
0.891803
0.891803
0.891803
0.891803
0.891803
0.891803
0.891803
0.891803
0.891803
0.891803
0.891803
0.891803
0.891803
0.891803
0.891803
0.891803
0.891803
0.891803
0.891803
0.891803
0.891803
0.891803
0.891803
0.891803
0.891803
0.891803
0.891803
0.891803
0.891803
0.891803
0.891803
0.891803
0.891803
0.891803
0.891803
0.891803
0.891803
0.891803
0.891803
0.891803
0.891803
0.891803
0.891803
0.891803
0.891803
0.891803
0.891803
0.891803
0.891803
0.891803
0.891803
0.891803
0.891803
0.891803
0.891803
0.891803
0.891803
0.891803
0.891803
0.891803
0.891803
0.891803
0.891803
0.891803
0.891803
0.891803
0.891803
0.891803
0.891803
0.891803
0.891803
0.891803
0.891803
0.891803
0.891803
0.891803
0.891803
0.891803
0.891803
0.891803
0.891803
0.891803
0.891803
0.891803
0.891803
0.891803
0.891803
0.891803
0.891803
0.891803
0.891803
0.891803
0.891803
0.891803
0.891803
0.891803
0.891803
0.891803
0.891803
0.891803
0.891803
0.891803
0.891803
0.891803
0.891803
0.891803
0.891803
0.891803
0.891803
0.891803
0.891803
0.891803
0.891803
0.891803
0.891803
0.891803
0.891803
0.891803
0.891803
0.891803
0.891803
0.891803
0.891803
0.891803
0.891803
0.891803
0.891803
0.891803
0.891803
0.891803
0.891803
0.891803
0.891803
0.891803
0.891803
0.891803
0.891803
0.891803
0.891803
0.891803
0.891803
0.891803
0.891803
0.891803
0.891803
0.891803
0.891803
0.891803
0.891803
0.891803
0.891803
0.891803
0.891803
0.891803
0.891803
0.891803
0.891803
0.891803
0.891803
0.891803
0.891803
0.891803
0.891803
0.891803
0.891803
0.891803
0.891803
0.891803
0.891803
0.891803
0.891803
0.891803
0.891803
0.891803
0.891803
0.891803
0.891803
0.891803
0.891803
0.891803
0.891803
0.891803
0.891803
0.891803
0.891803
0.891803
0.891803
0.891803
0.891803
0.891803
0.891803
0.891803
0.891803
0.891803
0.891803
0.891803
0.891803
0.891803
0.891803
0.891803
0.891803
0.891803
0.891803
0.891803
0.891803
0.891803
0.891803
0.891803
0.891803
0.891803
0.891803
0.891803
0.891803
0.891803
0.891803
0.891803
0.891803
0.891803
0.891803
0.891803
0.891803
0.891803
0.891803
0.891803
0.891803
0.891803
0.891803
0.891803
0.891803
0.891795
0.891803
0.891803
0.891803
0.891803
0.891803
0.891803
0.891803
0.891803
0.891803
0.891803
0.891803
0.891803
0.891803
0.891803
0.891803
0.891803
0.891803
0.891803
0.891803
0.891803
0.891803
0.891803
0.891803
0.891803
0.891803
0.891803
0.891803
0.891803
0.891803
0.891803
0.891803
0.891803
0.891803
0.891803
0.891803
0.891803
0.891803
0.891803


0.113134
0.122732
0.181591
0.193678
0.204814
0.209053
0.224042
0.255864
0.263634
0.272421
0.304913
0.327237
0.337099
0.375364
0.389898
0.399937
0.416709
0.417208
0.490669
0.57379
0.584931
0.588954
0.592231
0.639538
0.649158
0.704326
0.706894
0.710846
0.712629
0.728555
0.745477
0.751507
0.774444
0.780695
0.790108
0.800778
0.810793
0.810793
0.812606
0.815146
0.822669
0.823346
0.832754
0.836212
0.840157
0.84022
0.849165
0.849165
0.85582
0.85811
0.85811
0.862146
0.862683
0.862683
0.865131
0.867124
0.867845
0.869666
0.869761
0.869985
0.870799
0.872159
0.873535
0.874716
0.874716
0.874763
0.874763
0.875368
0.876062
0.87638
0.876515
0.87728
0.87748
0.877657
0.877703
0.877703
0.877789
0.87816
0.87821
0.87822
0.878255
0.878306
0.878325
0.878431
0.87849
0.878519
0.878568
0.878706
0.878707
0.878731
0.878798
0.878803
0.878827
0.878869
0.878902
0.878928
0.878934
0.878944
0.878965
0.878968
0.878989
0.878991
0.878991
0.878995
0.879011
0.879015
0.879015
0.879018
0.879019
0.879022
0.879024
0.879026
0.879029
0.879029
0.879031
0.879032
0.879033
0.879036
0.87904
0.87904
0.879041
0.879041
0.879041
0.879042
0.879042
0.879043
0.879043
0.879043
0.879044
0.879044
0.879045
0.879045
0.879045
0.879046
0.879046
0.879046
0.879047
0.879047
0.879047
0.879047
0.879047
0.879047
0.879047
0.879047
0.879047
0.879047
0.879047
0.879047
0.879048
0.879048
0.879048
0.879048
0.879048
0.879048
0.879048
0.879048
0.879048
0.879048
0.879048
0.879048
0.879048
0.879048
0.879048
0.879048
0.879048
0.879048
0.879048
0.879048
0.879048
0.879048
0.879048
0.879048
0.879048
0.879048
0.879048
0.879048
0.879048
0.879048
0.879048
0.879048
0.879048
0.879048
0.879048
0.879048
0.879048
0.879048
0.879048
0.879048
0.879048
0.879048
0.879048
0.879048
0.879048
0.879048
0.879048
0.879048
0.879048
0.879048
0.879048
0.879048
0.879048
0.879048
0.879048
0.879048
0.879048
0.879048
0.879048
0.879048
0.879048
0.879048
0.879048
0.879048
0.879048
0.879048
0.879048
0.879048
0.879048
0.879048
0.879048
0.879048
0.879048
0.879048
0.879048
0.879048
0.879048
0.879048
0.879048
0.879048
0.879048
0.879048
0.879048
0.879048
0.879048
0.879048
0.879048
0.879048
0.879048
0.879048
0.879048
0.879048
0.879048
0.879048
0.879048
0.879048
0.879048
0.879048
0.879048
0.879048
0.879048
0.879048
0.879048
0.879048
0.879048
0.879048
0.879048
0.879048
0.879048
0.879048
0.879048
0.879048
0.879048
0.879048
0.879048
0.879048
0.879048
0.879048
0.879048
0.879048
0.879048
0.879048
0.879048
0.879048
0.879048
0.879048
0.879048
0.879048
0.879048
0.879048
0.879048
0.879048
0.879048
0.879048
0.879048
0.879048
0.879048
0.879048
0.879048
0.879048
0.879048
0.879048
0.879048
0.879048
0.879048
0.879048
0.879048
0.879048
0.879048
0.879048
0.879048
0.879048
0.879048
0.879048
0.879048
0.879048
0.879048
0.879048
0.879048
0.879048
0.879048
0.879048
0.879048
0.879048
0.879048
0.879048
0.879048
0.879048
0.879048
0.879048
0.879048
0.879048
0.879048
0.879048
0.879048
0.879048
0.879048
0.879048
0.879048
0.879048
0.879048
0.879048
0.879048
0.879048
0.879048
0.879048
0.879048
0.879048
0.879048
0.879048
0.879048
0.879048
0.879048
0.879048
0.879048
0.879048
0.879048
0.879048
0.879048
0.879048
0.879048
0.879048
0.879048
0.879048
0.879048
0.879048
0.879048
0.879048
0.879048
0.879048
0.879048
0.879048
0.879048
0.879048
0.879048
0.879048
0.879048
0.879048
0.879048
0.879048
0.879048
0.879048
0.879048
0.879021
0.879048
0.879048
0.879048
0.879048
0.879048
0.879048
0.879048
0.879048
0.879048
0.879048
0.879048
0.879048
0.879048
0.879048
0.879048
0.879048
0.879048
0.879048
0.879048
0.879048
0.879048
0.879048
0.879048
0.879048
0.879048
0.879048
0.879048
0.879048
0.879048
0.879048
0.879048
0.879048
0.879048
0.879048
0.879048
0.879048
0.879048
0.879048
0.879048
0.879048
0.879048
0.879048
0.879048
0.879048
0.879048
0.879048
0.879048
0.879048
0.879048
0.879048
0.879048
0.879048
0.879048
0.879048
0.879048
0.879048
0.879048
0.879048
0.879048
0.879048
0.879048
0.879048
0.879048
0.879048
0.879048
0.879048
0.879048
0.879048
0.879048
0.879048
0.879048
0.879048
0.879048
0.879048
0.879048
0.879048
0.879048
0.879048
0.879048
0.879048
0.879048
0.879048
0.879048
0.879048
0.879048
0.879048
0.879048
0.879048
0.879048
0.879048
0.879048
0.879048
0.879048
0.879048
0.879048
0.879048
0.879048
0.879048
0.879048
0.879048
0.879048
0.879048
0.879048
0.879048
0.879048
0.879048
0.879048
0.879048
0.879048
0.879048
0.879048
0.879048
0.879048
0.879048
0.879048
0.879048
0.879048
0.879048
0.879048
0.879048
0.879048
0.879048
0.879048
0.879048
0.879048
0.879048
0.879048
0.879048


0.102236
0.118747
0.129107
0.153928
0.180679
0.191353
0.203611
0.215088
0.243789
0.251244
0.296565
0.303632
0.335858
0.34197
0.34197
0.367087
0.404833
0.422316
0.466624
0.486001
0.54001
0.637044
0.637044
0.672823
0.672993
0.674762
0.71985
0.738889
0.7442
0.771079
0.78271
0.811712
0.811712
0.834648
0.863811
0.865402
0.873206
0.873206
0.885066
0.897288
0.897288
0.906067
0.906067
0.913922
0.923794
0.93061
0.931939
0.938343
0.940332
0.941493
0.941543
0.942054
0.947962
0.948259
0.949716
0.950483
0.954676
0.954906
0.9551
0.957619
0.959084
0.960996
0.961864
0.961892
0.961926
0.96346
0.96472
0.965465
0.965722
0.966213
0.969374
0.969374
0.969374
0.981422
0.982001
0.982918
0.987725
0.987737
0.987762
0.989125
0.989187
0.989262
0.989275
0.991216
0.991216
0.991247
0.991253
0.992516
0.992559
0.992636
0.992648
0.992676
0.993411
0.993985
0.994003
0.994573
0.994573
0.994574
0.994973
0.995039
0.995115
0.995116
0.995585
0.995585
0.995586
0.995586
0.995597
0.995598
0.995634
0.995709
0.995709
0.995999
0.996161
0.996161
0.996162
0.996222
0.996237
0.996237
0.996244
0.996244
0.996273
0.996303
0.996304
0.996343
0.996432
0.996432
0.996432
0.996432
0.99645
0.99645
0.996473
0.996434
0.996434
0.996456
0.996456
0.99649
0.996491
0.996494
0.996494
0.996504
0.996504
0.996517
0.996517
0.996545
0.99657
0.99657
0.99657
0.996571
0.996572
0.996577
0.996585
0.996585
0.996585
0.996596
0.996596
0.996597
0.9966
0.9966
0.9966
0.996604
0.996604
0.996609
0.996611
0.996616
0.996616
0.996616
0.996616
0.996618
0.996618
0.996618
0.996619
0.99662
0.996621
0.996621
0.996621
0.996622
0.996622
0.996622
0.996623
0.996623
0.996623
0.996623
0.996623
0.996623
0.996623
0.996623
0.996623
0.996623
0.996623
0.996624
0.996624
0.996624
0.996624
0.996624
0.996625
0.996625
0.996625
0.996625
0.996625
0.996625
0.996625
0.996625
0.996625
0.996625
0.996625
0.996625
0.996625
0.996625
0.996625
0.996625
0.996625
0.996625
0.996625
0.996625
0.996625
0.996625
0.996625
0.996625
0.996625
0.996625
0.996625
0.996625
0.996625
0.996625
0.996625
0.996625
0.996625
0.996626
0.996626
0.996626
0.996626
0.996626
0.996626
0.996626
0.996626
0.996626
0.996626
0.996626
0.996626
0.996626
0.996626
0.996626
0.996626
0.996626
0.996626
0.996626
0.996626
0.996626
0.996626
0.996626
0.996626
0.996626
0.996626
0.996626
0.996626
0.996626
0.996626
0.996626
0.996626
0.996626
0.996626
0.996626
0.996626
0.996626
0.996626
0.996626
0.996626
0.996626
0.996626
0.996626
0.996626
0.996626
0.996626
0.996626
0.996626
0.996626
0.996626
0.996626
0.996626
0.996626
0.996626
0.996626
0.996626
0.996626
0.996626
0.996626
0.996626
0.996626
0.996626
0.996626
0.996626
0.996626
0.996626
0.996626
0.996626
0.996626
0.996626
0.996626
0.996626
0.996626
0.996626
0.996626
0.996626
0.996626
0.996626
0.996626
0.996626
0.996626
0.996626
0.996626
0.996626
0.996626
0.996626
0.996626
0.996626
0.996626
0.996626
0.996626
0.996626
0.996626
0.996626
0.996626
0.996626
0.996626
0.996626
0.996626
0.996626
0.996626
0.996626
0.996626
0.996626
0.996626
0.996626
0.996626
0.996626
0.996626
0.996626
0.996626
0.996626
0.996626
0.996626
0.996626
0.996626
0.996626
0.996626
0.996626
0.996626
0.996626
0.996626
0.996626
0.996626
0.996626
0.996626
0.996626
0.996626
0.996626
0.996626
0.996626
0.996626
0.996626
0.996626
0.996626
0.996626
0.996626
0.996626
0.996626
0.996626
0.996626
0.996626
0.996626
0.996626
0.996625
0.996626
0.996626
0.996626
0.996626
0.996626
0.996626
0.996626
0.996626
0.996626
0.996626
0.996626
0.996626
0.996626
0.996626
0.996626
0.996626
0.996626
0.996626
0.996626
0.996626
0.996626
0.996626
0.996626
0.996626
0.996626
0.996626
0.996626
0.996626
0.996626
0.996626
0.996626
0.996626
0.996626
0.996626
0.996626
0.996626
0.996626
0.996626
0.996626
0.996626
0.996626
0.996626
0.996626
0.996626
0.996626
0.996626
0.996626
0.996626
0.996626
0.996626
0.996626
0.996626
0.996626
0.996626
0.996626
0.996626
0.996626
0.996626
0.996626
0.996626
0.996626
0.996626
0.996626
0.996626
0.996626
0.996626
0.996626
0.996626
0.996626
0.996626
0.996626
0.996626
0.996626
0.996626
0.996626
0.996626
0.996626
0.996626
0.996626
0.996626
0.996626
0.996626
0.996626
0.996626
0.996626
0.996626
0.996626
0.996626
0.996626
0.996626
0.996626
0.996626
0.996626
0.996626
0.996626
0.996626
0.996626
0.996626
0.996626
0.996626
0.996626
0.996626
0.996626
0.996626
0.996626
0.996626
0.996626
0.996626
0.996626
0.996626
0.996626
0.996626
0.996626
0.996626
0.996626
0.996626
0.996626
0.996626
0.996626
0.996626
0.996626
0.996626
0.996626
0.996626
0.996626
0.996626
0.996626
0.996626


0.10662
0.124706
0.160412
0.164277
0.233864
0.263552
0.278246
0.309983
0.329118
0.354822
0.427661
0.418508
0.456009
0.456009
0.457578
0.480291
0.517049
0.56826
0.56826
0.568361
0.601715
0.602652
0.6285
0.683261
0.697164
0.697164
0.70618
0.707191
0.748597
0.778087
0.805376
0.811769
0.813327
0.820126
0.822471
0.829212
0.853523
0.855479
0.862245
0.869254
0.881642
0.884019
0.894231
0.895116
0.897728
0.899742
0.905136
0.906934
0.907894
0.90879
0.911286
0.914095
0.916381
0.923667
0.924962
0.926335
0.926335
0.928286
0.929729
0.930083
0.930645
0.934736
0.935087
0.935087
0.936724
0.937428
0.937679
0.937911
0.93902
0.939503
0.940606
0.941892
0.942008
0.942785
0.94343
0.943496
0.943712
0.94413
0.944443
0.944488
0.944969
0.945067
0.945171
0.945382
0.945382
0.945403
0.94553
0.945668
0.945705
0.945713
0.945857
0.945868
0.945891
0.945897
0.945901
0.945938
0.946023
0.946055
0.946082
0.946138
0.94615
0.946202
0.946214
0.946214
0.946225
0.946267
0.946283
0.9463
0.9463
0.9463
0.9463
0.946306
0.946317
0.946346
0.946371
0.946374
0.946381
0.946381
0.946383
0.946398
0.946399
0.946399
0.946399
0.946401
0.946402
0.946419
0.946419
0.946424
0.946425
0.946425
0.946433
0.946433
0.946445
0.946445
0.946445
0.946447
0.94645
0.94645
0.94645
0.94645
0.946453
0.946451
0.946453
0.946454
0.946454
0.946455
0.946455
0.946455
0.946456
0.946457
0.946457
0.946457
0.946458
0.946458
0.946458
0.946458
0.946458
0.946458
0.946459
0.946459
0.946459
0.94646
0.94646
0.94646
0.94646
0.94646
0.94646
0.94646
0.94646
0.94646
0.94646
0.94646
0.94646
0.94646
0.94646
0.94646
0.94646
0.946461
0.946461
0.946461
0.946461
0.946461
0.946461
0.946461
0.946461
0.946461
0.946461
0.946461
0.946461
0.946461
0.946461
0.946461
0.946461
0.946461
0.946461
0.946461
0.946461
0.946461
0.946461
0.946461
0.946461
0.946461
0.946461
0.946461
0.946461
0.946461
0.946461
0.946461
0.946461
0.946461
0.946461
0.946461
0.946461
0.946461
0.946461
0.946461
0.946461
0.946461
0.946461
0.946461
0.946461
0.946461
0.946461
0.946461
0.946461
0.946461
0.946461
0.946461
0.946461
0.946461
0.946461
0.946461
0.946461
0.946461
0.946461
0.946461
0.946461
0.946461
0.946461
0.946461
0.946461
0.946461
0.946461
0.946461
0.946461
0.946461
0.946461
0.946461
0.946461
0.946461
0.946461
0.946461
0.946461
0.946461
0.946461
0.946461
0.946461
0.946461
0.946461
0.946461
0.946461
0.946461
0.946461
0.946461
0.946461
0.946461
0.946461
0.946461
0.946461
0.946461
0.946461
0.946461
0.946461
0.946461
0.946461
0.946461
0.946461
0.946461
0.946461
0.946461
0.946461
0.946461
0.946461
0.946461
0.946461
0.946461
0.946461
0.946461
0.946461
0.946461
0.946461
0.946461
0.946461
0.946461
0.946461
0.946461
0.946461
0.946461
0.946461
0.946461
0.946461
0.946461
0.946461
0.946461
0.946461
0.946461
0.946461
0.946461
0.946461
0.946461
0.946461
0.946461
0.946461
0.946461
0.946461
0.946461
0.946461
0.946461
0.946461
0.946461
0.946461
0.946461
0.946461
0.946461
0.946461
0.946461
0.946461
0.946461
0.946461
0.946461
0.946461
0.946461
0.946461
0.946461
0.946461
0.946461
0.946461
0.946461
0.946461
0.946461
0.946461
0.946461
0.946461
0.946461
0.946461
0.946461
0.946461
0.946461
0.946461
0.946461
0.946461
0.946461
0.946461
0.946461
0.946461
0.946461
0.946461
0.946461
0.946461
0.946461
0.946461
0.946461
0.946461
0.946461
0.946461
0.946461
0.946461
0.946461
0.946461
0.946461
0.946461
0.946461
0.946461
0.946461
0.946461
0.946461
0.946461
0.946461
0.946461
0.946461
0.946461
0.946461
0.946461
0.946461
0.946461
0.946461
0.946461
0.946461
0.946461
0.946461
0.946461
0.946461
0.946461
0.946461
0.946461
0.946461
0.946461
0.946461
0.946461
0.946461
0.946461
0.946461
0.946461
0.946461
0.946461
0.946461
0.946461
0.946461
0.946461
0.946461
0.946461
0.946461
0.946461
0.946461
0.946461
0.946461
0.946461
0.946461
0.946461
0.946461
0.946461
0.946461
0.946461
0.946461
0.946461
0.946461
0.946461
0.946461
0.946461
0.946461
0.946461
0.946461
0.946461
0.946461
0.946461
0.946461
0.946461
0.946461
0.946461
0.946461
0.946461
0.946461
0.946461
0.946461
0.946461
0.946461
0.946461
0.946461
0.946461
0.946461
0.946461
0.946461
0.946461
0.946461
0.946461
0.946461
0.946461
0.946461
0.946461
0.946461
0.946461
0.946461
0.946461
0.946461
0.946461
0.946461
0.946461
0.946461
0.946461
0.946461
0.946461
0.946461
0.946461
0.946461
0.946461
0.946461
0.946461
0.946461
0.946461
0.946461
0.946461
0.946461
0.946461
0.946461
0.946461
0.946461
0.946461
0.946461
0.946461
0.946461
0.946461
0.946461
0.946461
0.946461
0.946461
0.946461
0.946461
0.946461
0.946461
0.946461


0.105042
0.113567
0.148155
0.156226
0.178746
0.223079
0.240896
0.2523
0.280411
0.319626
0.325475
0.334088
0.351476
0.379722
0.402214
0.402214
0.454252
0.461319
0.513719
0.521317
0.525486
0.568504
0.570823
0.592084
0.614483
0.614483
0.644895
0.645309
0.665636
0.67983
0.681757
0.691289
0.72545
0.736939
0.750486
0.754094
0.76114
0.7766
0.782157
0.785849
0.796107
0.798541
0.801534
0.805562
0.807795
0.815466
0.818589
0.819039
0.82073
0.824386
0.824698
0.828664
0.829069
0.830643
0.831569
0.831897
0.835945
0.835945
0.836608
0.837481
0.83848
0.839185
0.840252
0.840662
0.841244
0.841731
0.841969
0.842543
0.843027
0.843027
0.843335
0.843611
0.843728
0.844295
0.844295
0.844376
0.844556
0.844558
0.844805
0.84494
0.845011
0.845028
0.845045
0.84519
0.845318
0.845321
0.845415
0.845472
0.845549
0.8456
0.845625
0.845616
0.845692
0.84572
0.845733
0.84577
0.845797
0.845811
0.845839
0.845842
0.845852
0.845862
0.845862
0.845865
0.845875
0.845887
0.845887
0.845895
0.845896
0.845897
0.845901
0.845905
0.845907
0.845912
0.845913
0.845917
0.845918
0.845919
0.845923
0.845924
0.845924
0.845925
0.845927
0.845927
0.845929
0.845929
0.84593
0.84593
0.845931
0.845931
0.845932
0.845932
0.845932
0.845933
0.845933
0.845933
0.845933
0.845933
0.845933
0.845933
0.845934
0.845934
0.845934
0.845934
0.845934
0.845934
0.845934
0.845934
0.845934
0.845934
0.845934
0.845934
0.845934
0.845934
0.845934
0.845934
0.845934
0.845934
0.845934
0.845934
0.845935
0.845935
0.845935
0.845935
0.845935
0.845935
0.845935
0.845935
0.845935
0.845935
0.845935
0.845935
0.845935
0.845935
0.845935
0.845935
0.845935
0.845935
0.845935
0.845935
0.845935
0.845935
0.845935
0.845935
0.845935
0.845935
0.845935
0.845935
0.845935
0.845935
0.845935
0.845935
0.845935
0.845935
0.845935
0.845935
0.845935
0.845935
0.845935
0.845935
0.845935
0.845935
0.845935
0.845935
0.845935
0.845935
0.845935
0.845935
0.845935
0.845935
0.845935
0.845935
0.845935
0.845935
0.845935
0.845935
0.845935
0.845935
0.845935
0.845935
0.845935
0.845935
0.845935
0.845935
0.845935
0.845935
0.845935
0.845935
0.845935
0.845935
0.845935
0.845935
0.845935
0.845935
0.845935
0.845935
0.845935
0.845935
0.845935
0.845935
0.845935
0.845935
0.845935
0.845935
0.845935
0.845935
0.845935
0.845935
0.845935
0.845935
0.845935
0.845935
0.845935
0.845935
0.845935
0.845935
0.845935
0.845935
0.845935
0.845935
0.845935
0.845935
0.845935
0.845935
0.845935
0.845935
0.845935
0.845935
0.845935
0.845935
0.845935
0.845935
0.845935
0.845935
0.845935
0.845935
0.845935
0.845935
0.845935
0.845935
0.845935
0.845935
0.845935
0.845935
0.845935
0.845935
0.845935
0.845935
0.845935
0.845935
0.845935
0.845935
0.845935
0.845935
0.845935
0.845935
0.845935
0.845935
0.845935
0.845935
0.845935
0.845935
0.845935
0.845935
0.845935
0.845935
0.845935
0.845935
0.845935
0.845935
0.845935
0.845935
0.845935
0.845935
0.845935
0.845935
0.845935
0.845935
0.845935
0.845935
0.845935
0.845935
0.845935
0.845935
0.845935
0.845935
0.845935
0.845935
0.845935
0.845935
0.845935
0.845935
0.845935
0.845935
0.845935
0.845935
0.845935
0.845935
0.845935
0.845935
0.845935
0.845931
0.845935
0.845935
0.845935
0.845935
0.845935
0.845935
0.845935
0.845935
0.845935
0.845935
0.845935
0.845935
0.845935
0.845935
0.845935
0.845935
0.845935
0.845935
0.845935
0.845935
0.845935
0.845935
0.845935
0.845935
0.845935
0.845935
0.845935
0.845935
0.845935
0.845935
0.845935
0.845935
0.845935
0.845935
0.845935
0.845935
0.845935
0.845935
0.845935
0.845935
0.845935
0.845935
0.845935
0.845935
0.845935
0.845935
0.845935
0.845935
0.845935
0.845935
0.845935
0.845935
0.845935
0.845935
0.845935
0.845935
0.845935
0.845935
0.845935
0.845935
0.845935
0.845935
0.845935
0.845935
0.845935
0.845935
0.845935
0.845935
0.845935
0.845935
0.845935
0.845935
0.845935
0.845935
0.845935
0.845935
0.845935
0.845935
0.845935
0.845935
0.845935
0.845935
0.845935
0.845935
0.845935
0.845935
0.845935
0.845935
0.845935
0.845935
0.845935
0.845935
0.845935
0.845935
0.845935
0.845935
0.845935
0.845935
0.845935
0.845935
0.845935
0.845935
0.845935
0.845935
0.845935
0.845935
0.845935
0.845935
0.845935
0.845935
0.845935
0.845935
0.845935
0.845935
0.845935
0.845935
0.845935
0.845935
0.845935
0.845935
0.845935
0.845935
0.845935
0.845935
0.845935
0.845935
0.845935
0.845935
0.845935
0.845935
0.845935
0.845935
0.845935
0.845935
0.845935
0.845935
0.845935
0.845935
0.845935
0.845935
0.845935
0.845935
0.845935
0.845935
0.845935
0.845935
0.845935
0.845935
0.845935
0.845935
0.845935
0.845935
0.845935
0.845935
0.845935
0.845935
0.845935
0.845935


