7.13309
7.98998
8.61087
8.61087
9.09916
9.12016
10.4485
12.1493
12.8001
14.5756
14.5756
13.5186
16.1878
17.383
18.753
20.596
20.8168
21.2371
22.9863
24.9369
25.8668
27.0052
28.5989
28.8587
31.631
35.3771
36.9644
36.9644
37.6704
39.2582
40.7754
40.9293
40.9902
41.7931
42.2681
43.9065
44.2182
44.2182
44.2182
44.2769
44.7237
44.7237
45.069
45.5231
45.9971
46.2699
46.8602
47.1485
47.6842
47.9642
48.1519
48.427
48.4588
48.5077
48.7555
48.8741
48.9175
49.0211
49.2909
49.2909
49.3279
49.3417
49.4216
49.484
49.4953
49.5499
49.5989
49.7454
49.7513
49.7694
49.7747
49.8017
49.8393
49.8494
49.8558
49.8704
49.8753
49.8965
49.8995
49.9021
49.9242
49.9346
49.9452
49.9479
49.9523
49.9567
49.9579
49.9619
49.9633
49.9646
49.9681
49.9776
49.9794
49.9815
49.9815
49.9846
49.9862
49.9865
49.9876
49.9914
49.9914
49.9927
49.9927
49.9931
49.9936
49.9938
49.9943
49.9949
49.9954
49.9955
49.9967
49.9968
49.997
49.9975
49.998
49.998
49.9981
49.9981
49.9988
49.9988
49.999
49.999
49.999
49.9991
49.9992
49.9992
49.9994
49.9994
49.9994
49.9995
49.9995
49.9996
49.9997
49.9997
49.9997
49.9997
49.9997
49.9998
49.9998
49.9998
49.9998
49.9998
49.9998
49.9998
49.9999
49.9999
49.9999
49.9999
49.9999
49.9999
49.9999
49.9999
49.9999
49.9999
49.9999
49.9999
50
50
50
50
50
50
50
50
50
50
50
50
50
50
50
50
50
50
50
50
50
50
50
50
50
50
50
50
50
50
50
50
50
50
50
50
50
50
50
50
50
50
50
50
50
50
50
50
50
50
50
50
50
50
50
50
50
50
50
50
50
50
50
50
50
50
50
50
50
50
50
50
50
50
50
50
50
50
50
50
50
50
50
50
50
50
50
50
50
50
50
50
50
50
50
50
50
50
50
50
50
50
50
50
50
50
50
50
50
50
50
50
50
50
50
50
50
50
50
50
50
50
50
50
50
50
50
50
50
50
50
50
50
50
50
50
50
50
50
50
50
50
50
50
50
50
50
50
50
50
50
50
50
50
50
50
50
50
50
50
50
50
50
50
50
50
50
50
50
50
50
50
50
50
50
50
50
50
50
50
50
50
50
50
50
50
50
50
50
50
50
50
50
50
50
50
50
50
50
50
50
50
50
50
50
50
50
50
50
50
50
50
50
50
50
50
50
50
50
50
50
50
50
50
50
50
50
50
50
50
50
50
50
50
50
50
50
50
50
50
50
50
50
50
50
49.9934
50
50
50
50
50
50
50
50
50
50
50
50
50
50
50
50
50
50
50
49.9991
50
50
50
50
50
50
50
50
50
50
50
50
50
50
50
50
50
50
50
50
50
50
50
50
50
50
50
50
50
50
50
50
50
50
50
50
50
50
50
50
50
50
50
50
50
50
50
50
50
50
50
50
50
50
50
50
50
50
50
50
50
50
50
50
50
50
50
50
50
50
50
50
50
50
50
50
50
50


11.0881
13.2109
15.7349
15.7349
16.8363
16.9714
18.3579
18.8279
23.0949
24.3931
25.112
25.737
28.1578
28.2674
28.795
33.9703
39.9478
41.4748
41.9292
41.9292
43.7669
42.5601
43.8374
44.7433
49.2158
49.2158
54.9522
56.705
60.8162
61.3463
65.0663
67.4182
67.889
68.6298
69.5601
70.4029
70.4989
70.9601
72.8822
72.885
74.368
76.1898
77.5422
80.1442
80.2479
81.0054
82.6288
82.9984
82.9989
83.5747
84.0763
84.6926
84.7946
84.9081
86.0812
86.1285
86.1285
86.288
86.5996
86.611
86.9231
87.3013
89.2232
89.2232
89.3214
89.3214
89.5548
89.5548
89.6793
89.9283
90.0906
90.143
90.3623
90.3623
90.4342
90.4542
90.4835
90.4958
90.5519
90.6103
90.6103
90.5965
90.6352
90.6837
90.7238
90.7255
90.7586
90.7603
90.7886
90.8261
90.828
90.8506
90.8685
90.919
90.929
90.929
90.9327
90.9444
90.9466
90.9548
90.9574
90.9622
90.9701
90.9701
90.9701
90.9701
90.9733
90.9733
90.9833
90.9894
90.9908
90.99
90.9918
90.9941
90.9996
91.0007
91.004
91.004
91.004
91.0049
91.0063
91.0062
91.0066
91.0067
91.009
91.0095
91.011
91.0112
91.0117
91.0119
91.0122
91.013
91.0131
91.0131
91.0137
91.0138
91.0138
91.0139
91.0142
91.0145
91.0146
91.0145
91.0147
91.0148
91.0149
91.015
91.0152
91.0152
91.0153
91.0153
91.0153
91.0153
91.0153
91.0154
91.0154
91.0155
91.0155
91.0155
91.0155
91.0155
91.0155
91.0155
91.0155
91.0155
91.0155
91.0156
91.0156
91.0156
91.0156
91.0156
91.0156
91.0156
91.0156
91.0156
91.0156
91.0156
91.0156
91.0156
91.0156
91.0156
91.0156
91.0156
91.0156
91.0156
91.0156
91.0156
91.0156
91.0156
91.0156
91.0156
91.0156
91.0156
91.0156
91.0156
91.0156
91.0156
91.0156
91.0156
91.0156
91.0156
91.016
90.8916
91.0156
91.0156
91.0156
91.1365
91.2304
91.5128
91.7612
91.7612
91.8341
91.6944
91.6944
91.7303
91.7303
91.7303
91.8349
91.8349
91.8349
91.8349
91.9872
91.9872
92.0322
92.0545
92.0545
92.0545
92.0555
92.0555
92.171
92.171
92.171
92.171
92.2111
92.2298
92.2298
92.2374
92.2374
92.2374
92.2396
92.2435
92.273
92.2882
92.2991
92.3719
92.3838
92.3838
92.3838
92.3838
92.3997
92.3997
92.4008
92.4177
92.4177
92.4297
92.4297
92.4297
92.4358
92.445
92.4479
92.4565
92.47
92.4609
92.4692
92.4692
92.4732
92.4809
92.4809
92.4809
92.482
92.482
92.4861
92.4861
92.4861
92.4917
92.4935
92.4939
92.4987
92.5033
92.5037
92.5037
92.5047
92.5052
92.506
92.507
92.5074
92.5099
92.5123
92.5137
92.5141
92.5151
92.5162
92.5178
92.518
92.5182
92.5182
92.519
92.5196
92.5201
92.5201
92.5212
92.522
92.5219
92.522
92.5225
92.5235
92.5236
92.5238
92.5241
92.5243
92.5244
92.5245
92.5247
92.5249
92.5249
92.525
92.5255
92.5256
92.5257
92.5261
92.5274
92.5284
92.5285
92.5291
92.5298
92.5298
92.5299
92.53
92.5301
92.5304
92.5308
92.5311
92.5309
92.531
92.5311
92.5312
92.5312
92.5312
92.5312
92.5313
92.5313
92.5313
92.5313
92.5313
92.5314
92.5314
92.5321
92.5323
92.5324
92.5324
92.5324
92.5325
92.5325
92.5325
92.5325
92.5325
92.5325
92.5326
92.5326
92.5326
92.5326
92.5326
92.5326
92.5327
92.5327
92.5328
92.5328
92.5328
92.5328
92.5328
92.5328
92.5329
92.5329
92.5329
92.5329
92.5329
92.5329
92.5329
92.5329
92.5329
92.5329
92.5329
92.5329
92.5329
92.5329
92.5329
92.5329
92.5329
92.5329
92.5329
92.5329
92.5329
92.5329
92.5329
92.5329
92.5329
92.5329
92.5329
92.5329
92.5329
92.5329
92.5329
92.5329
92.5329
92.5329
92.5329
92.5329
92.5329
92.5329
92.5329
92.5329
92.5329
92.5329
92.5329
92.5329
92.5329
92.5329
92.5329
92.5329
92.5329
92.5329
92.5329
92.5329
92.5329
92.5329
92.5329
92.5329
92.5329
92.5329
92.5329
92.5329
92.5329
92.5329
92.5329
92.5329
92.5329
92.5329
92.5329
92.5329
92.5329
92.5329
92.5329
92.5329
92.5329
92.5329
92.5329
92.5329
92.5329
92.5329
92.5329
92.5329
92.5329
92.5329
92.5329
92.5329
92.5329
92.5329
92.5329
92.5329
92.5329
92.5329
92.5329
92.5329
92.5329
92.5329
92.5329
92.5329
92.5329
92.5329
92.5329
92.5329
92.5329
92.5329
92.5329
92.5329
92.5329
92.5329
92.5329
92.5329
92.5329
92.5329
92.5329
92.5329
92.5329
92.5329
92.5329
92.5329
92.5329
92.5329
92.5329
92.5329
92.5329
92.5329
92.5329
92.5329
92.5329
92.5329
92.5329
92.5329
92.5329
92.5329


10.5434
11.6759
11.6759
14.9641
15.2235
18.1766
22.2093
22.2093
22.2093
23.6345
23.8857
29.5116
29.5116
30.6372
32.1231
33.5439
36.5406
37.5717
37.5717
38.024
39.5524
40.5047
43.1084
44.1108
55.2086
55.2086
55.2086
57.9469
58.7102
60.4406
62.8464
62.9417
64.039
65.4
66.3803
67.9688
68.0398
69.5257
70.0827
71.1322
72.4219
72.6724
72.6746
75.449
75.847
76.1892
77.7365
78.0152
78.7791
79.5584
81.5801
81.0807
81.9147
82.0346
82.2774
82.3874
83.7045
84.0228
84.2299
84.7205
84.7678
84.8977
85.034
85.2648
86.4571
86.4571
86.4784
86.4784
86.6599
86.6599
86.9542
87.2406
87.5153
88.5249
88.5249
88.7326
88.8157
89.4054
90.4214
90.6792
90.6792
90.7571
90.8245
90.8245
90.9053
90.9557
91.0641
91.0641
91.0641
91.0641
92.8042
92.8349
92.8349
92.835
92.9855
92.9855
93.3633
93.3633
93.6247
93.7241
93.7422
93.7681
93.8361
94.221
94.2802
94.7574
94.7611
95.0054
95.1407
95.2509
95.2545
95.2563
95.2998
95.2998
95.3054
95.3056
95.3167
95.3331
95.3445
95.3898
95.5482
95.6869
96.233
96.9115
96.9115
96.9126
96.9126
96.9126
96.9126
96.9129
96.9148
96.8947
96.895
96.9632
96.9633
96.9639
96.9639
96.9639
96.9639
96.9639
96.9643
96.9651
96.9654
96.9818
96.9822
97.2662
97.2663
97.2663
97.304
97.3573
97.3825
97.3847
97.3847
97.3849
97.3851
97.4145
97.4325
97.458
97.507
97.5373
97.5373
97.5655
97.6201
97.6201
97.7374
97.7958
97.7958
97.8438
97.943
97.943
97.9637
97.9637
97.9637
98.075
98.075
98.1287
98.1287
98.1287
98.2079
98.2079
98.2079
98.2473
98.2473
98.2814
98.3014
98.3101
98.3139
98.3207
98.3282
98.3282
98.3292
98.3292
98.3305
98.332
98.3323
98.3323
98.3323
98.3333
98.3473
98.3473
98.3585
98.366
98.366
98.3665
98.3737
98.3752
98.3754
98.3755
98.3755
98.3755
98.3756
98.3927
98.3927
98.3927
98.3929
98.3958
98.3961
98.3961
98.3982
98.3982
98.4012
98.4009
98.4009
98.4016
98.4016
98.4023
98.4023
98.4028
98.4028
98.4033
98.4046
98.4057
98.4058
98.4058
98.4061
98.4062
98.4062
98.4062
98.4066
98.4066
98.407
98.4069
98.4071
98.4071
98.4076
98.4076
98.4076
98.4087
98.4092
98.4093
98.4093
98.4096
98.4101
98.4101
98.4101
98.4101
98.4107
98.4107
98.411
98.411
98.411
98.4111
98.4112
98.4112
98.4113
98.4114
98.4115
98.4115
98.4116
98.4118
98.412
98.4119
98.4119
98.4119
98.4121
98.4121
98.4121
98.4121
98.4121
98.4121
98.4122
98.4122
98.4122
98.4122
98.4122
98.4123
98.4123
98.4123
98.4124
98.4124
98.4124
98.4124
98.4124
98.4124
98.4124
98.4124
98.4124
98.4124
98.4124
98.4124
98.4124
98.4124
98.4124
98.4124
98.4124
98.4124
98.4124
98.4124
98.4124
98.4124
98.4124
98.4124
98.4124
98.4124
98.4124
98.4124
98.4124
98.4124
98.4124
98.4124
98.4124
98.4124
98.4124
98.4124
98.4124
98.4124
98.4124
98.4124
98.4124
98.4124
98.4124
98.4124
98.4124
98.4124
98.4124
98.4124
98.4124
98.4124
98.4124
98.4124
98.4124
98.4124
98.4124
98.4124
98.4124
98.4124
98.4124
98.4124
98.4124
98.4124
98.4124
98.4124
98.4124
98.4124
98.4124
98.4124
98.4124
98.4124
98.4124
98.4124
98.4124
98.4124
98.4124
98.4124
98.4124
98.4124
98.4124
98.4124
98.4124
98.4124
98.4124
98.4124
98.4124
98.4124
98.4124
98.4124
98.4124
98.4124
98.4124
98.4124
98.4124
98.4124
98.4124
98.4124
98.4124
98.4124
98.4124
98.4124
98.4124
98.4124
98.4124
98.4124
98.4124
98.4124
98.4124
98.4124
98.4124
98.4124
98.4124
98.4124
98.4124
98.4124
98.4124
98.4124
98.4124
98.4124
98.4124
98.4124
98.4124
98.4124
98.4124
98.4124
98.4124
98.4124
98.4124
98.4124
98.4124
98.4124
98.4124
98.4124
98.4124
98.4124
98.4124
98.4124
98.4124
98.4124
98.4124
98.4124
98.4124
98.4124
98.4124
98.4124
98.4124
98.4124
98.4124
98.4124
98.4124
98.4124
98.4124
98.4124
98.4124
98.4124
98.4124
98.4124
98.4124
98.4124
98.4124
98.4124
98.4124
98.4124
98.4124
98.4124
98.4124
98.4124
98.4124
98.4124
98.4124
98.4124
98.4124
98.4124
98.4124
98.4124
98.4124
98.4124
98.4124
98.4124
98.4124
98.4124
98.4124
98.4124
98.4124
98.4124
98.4124
98.4124
98.4124
98.4124
98.4124
98.4124
98.4124
98.4124
98.4124
98.4124
98.4124
98.4124
98.4124
98.4124
98.4124
98.4124
98.4124
98.4124
98.4124
98.4124
98.4124
98.4124
98.4124
98.4124
98.4124
98.4124
98.4124
98.4124


10.6889
12.1612
14.9789
16.2577
18.4227
18.9092
23.5049
24.1632
28.4068
30.8634
31.2127
33.4826
35.3605
35.6467
35.6467
35.6469
36.4719
45.8045
46.5398
46.5398
49.8225
51.5535
56.3296
58.5878
62.9575
66.9572
70.4284
71.7806
71.9282
78.8217
78.8217
79.3171
79.8621
80.864
81.5763
82.5421
84.5347
86.5159
87.3289
87.3289
89.6838
91.0616
91.2186
91.9647
91.9647
92.1256
92.7166
92.9893
93.0589
93.2434
93.9379
94.2637
94.3589
94.4277
94.4937
94.818
95.1172
95.1639
95.2535
95.5475
95.5656
95.6802
95.7461
95.8304
95.9346
95.9839
95.9858
96.0036
96.0601
96.1812
96.2387
96.2652
96.2752
96.2781
96.2937
96.3009
96.3106
96.3352
96.3352
96.3527
96.365
96.3685
96.3769
96.3799
96.3799
96.4007
96.4062
96.4068
96.4132
96.4169
96.4187
96.4226
96.4272
96.4293
96.4309
96.4345
96.4357
96.4363
96.4363
96.4379
96.4391
96.4408
96.4408
96.4423
96.4436
96.4441
96.4443
96.4444
96.4456
96.4457
96.4462
96.4463
96.4469
96.4471
96.4475
96.4475
96.4476
96.4476
96.448
96.4481
96.4481
96.4482
96.4482
96.4484
96.4485
96.4485
96.4486
96.4486
96.4487
96.4487
96.4488
96.4488
96.4488
96.4489
96.4489
96.4489
96.4489
96.4489
96.449
96.449
96.449
96.449
96.449
96.449
96.449
96.449
96.449
96.4491
96.4491
96.4491
96.4491
96.4491
96.4491
96.4491
96.4491
96.4491
96.4491
96.4491
96.4491
96.4491
96.4491
96.4491
96.4491
96.4491
96.4491
96.4491
96.4491
96.4491
96.4491
96.4491
96.4491
96.4491
96.4491
96.4491
96.4491
96.4491
96.4491
96.4491
96.4491
96.4491
96.4491
96.4491
96.4491
96.4491
96.4491
96.4491
96.4491
96.4491
96.4491
96.4491
96.4491
96.4491
96.4491
96.4491
96.4491
96.4491
96.4491
96.4491
96.4491
96.4491
96.4491
96.4491
96.4491
96.4491
96.4491
96.4491
96.4491
96.4491
96.4491
96.4491
96.4491
96.4491
96.4491
96.4491
96.4491
96.4491
96.4491
96.4491
96.4491
96.4491
96.4491
96.4491
96.4491
96.4491
96.4491
96.4491
96.4491
96.4491
96.4491
96.4491
96.4491
96.4491
96.4491
96.4491
96.4491
96.4491
96.4491
96.4491
96.4491
96.4491
96.4491
96.4491
96.4491
96.4491
96.4491
96.4491
96.4491
96.4491
96.4491
96.4491
96.4491
96.4491
96.4491
96.4491
96.4491
96.4491
96.4491
96.4491
96.4491
96.4491
96.4491
96.4491
96.4491
96.4491
96.4491
96.4491
96.4491
96.4491
96.4491
96.4491
96.4491
96.4491
96.4491
96.4491
96.4491
96.4491
96.4491
96.4491
96.4491
96.4491
96.4491
96.4491
96.4491
96.4491
96.4491
96.4491
96.4491
96.4491
96.4491
96.4491
96.4491
96.4491
96.4491
96.4491
96.4491
96.4491
96.4491
96.4491
96.4491
96.4491
96.4491
96.4491
96.4491
96.4491
96.4491
96.4491
96.4491
96.4491
96.4491
96.4491
96.4491
96.4491
96.4491
96.4491
96.4491
96.4491
96.4491
96.4491
96.4491
96.4491
96.4491
96.4491
96.4491
96.4491
96.4491
96.4491
96.4491
96.4491
96.4491
96.4491
96.4491
96.4488
96.4491
96.4491
96.4491
96.4491
96.4491
96.4491
96.4491
96.4491
96.4491
96.4491
96.4491
96.4491
96.4491
96.4491
96.4491
96.4491
96.4491
96.4491
96.4491
96.4491
96.4491
96.4491
96.4491
96.4491
96.4491
96.4491
96.4491
96.4491
96.4491
96.4491
96.4491
96.4491
96.4491
96.4491
96.4491
96.4491
96.4491
96.4491
96.4491
96.4491
96.4491
96.4491
96.4491
96.4491
96.4491
96.4491
96.4491
96.4491
96.4491
96.4491
96.4491
96.4491
96.4491
96.4491
96.4491
96.4491
96.4491
96.4491
96.4491
96.4491
96.4491
96.4491
96.4491
96.4491
96.4491
96.4491
96.8464
96.8464
96.8464
96.4652
96.7132
96.8306
96.8306
96.8306
96.8367
96.8367
96.8382
96.8382
96.8382
96.8848
96.9033
96.9098
96.9221
96.9281
96.9308
96.9317
96.9326
96.9345
96.9357
96.9362
96.9377
96.9409
96.9426
96.9434
96.9444
96.9461
96.9471
96.9475
96.9477
96.9482
96.9486
96.9495
96.95
96.9507
96.951
96.9511
96.9511
96.9511
96.9511
96.9511
96.9511
96.9511
96.9511
96.9512
96.9512
96.9994
97.129
97.129
97.129
97.4221
97.5501
97.64
97.9103
97.9103
97.9103
97.9503
97.9529
97.9667
97.9667
97.9931
98.0219
98.0259
98.0361
98.0361
98.0365
98.0398
98.0682
98.0793
98.0793
98.0859
98.0859
98.0859
98.0894
98.0908
98.0908
98.1513
98.3003
98.3003
98.3091
98.3138
98.3138
98.3138
98.3207
98.3207
98.3487
98.3637
98.3637
98.3777
98.3801
98.382
98.382
98.3835
98.3873
98.3891
98.3891
98.3908
98.3908
98.3908


12.1185
12.4393
13.4768
13.8633
13.8633
14.5663
16.0221
17.2889
19.6394
20.1345
24.3523
27.4477
28.3721
28.3721
28.6156
32.3098
34.5113
34.5113
35.6414
37.6104
39.8243
39.8243
39.9552
42.3968
42.4145
44.4713
47.279
51.2642
51.2642
53.4442
54.3824
54.3824
56.6995
58.035
59.6057
60.2495
61.4321
62.431
65.6061
65.96
66.3011
67.3507
69.244
69.8373
69.8373
70.3176
70.7819
71.2143
72.223
72.223
73.5818
74.0916
74.3666
74.5933
75.0995
75.2105
75.6458
75.6458
75.7517
75.9609
76.1135
76.2287
76.3437
76.6737
76.923
77.0091
77.011
77.038
77.0728
77.1416
77.3516
77.3878
77.4272
77.457
77.5355
77.5632
77.5863
77.6431
77.6478
77.6478
77.6484
77.7145
77.7217
77.7253
77.7398
77.7576
77.773
77.777
77.7851
77.7925
77.7996
77.8063
77.8239
77.8415
77.8529
77.8596
77.8656
77.8727
77.8754
77.8754
77.879
77.8799
77.8844
77.8852
77.8861
77.8885
77.8889
77.8915
77.8921
77.8934
77.8942
77.8951
77.8963
77.8964
77.8964
77.8966
79.121
79.121
79.2686
79.2687
79.2688
78.2137
79.2279
80.7046
80.7048
80.7049
80.7049
80.8262
80.8262
80.8264
80.8265
80.8266
80.8266
80.8266
80.8266
83.1641
83.1642
84.7031
84.7031
84.7032
84.7032
85.009
85.2516
87.0265
87.6356
87.6729
87.8714
87.8714
87.8714
87.8714
88.0653
88.0653
88.0795
88.0795
88.0795
88.4618
88.4618
88.4962
88.5743
88.9458
89.1153
89.356
89.356
90.0555
90.0555
90.0555
90.0555
90.0555
90.2067
90.2067
90.3445
90.3445
90.3445
90.3445
90.3445
90.3445
90.3445
90.3445
90.4539
90.4539
90.6084
90.7039
90.7039
90.7039
90.7316
90.8933
90.8933
90.8958
91.3991
91.3991
91.3991
91.4561
91.4965
91.4965
91.5548
91.6525
91.6525
91.6751
91.7695
91.7695
91.8706
91.8706
92.0385
92.0385
92.0385
92.0649
92.0649
92.1076
92.1076
92.1076
92.1328
92.1328
92.1328
92.1328
92.1328
92.1328
92.1409
92.1472
92.1528
92.1886
92.2076
92.2072
92.2236
92.2311
92.2311
92.2311
92.2527
92.2542
92.2861
92.2941
92.3074
92.3018
92.3106
92.3106
92.3106
92.3106
92.3106
92.3106
92.3106
92.3172
92.3172
92.3175
92.3192
92.3192
92.3192
92.3215
92.3215
92.3215
92.3217
92.3217
92.3219
92.3246
92.3253
92.3266
92.3279
92.3279
92.3283
92.3283
92.33
92.3308
92.3308
92.3308
92.331
92.331
92.3313
92.3314
92.3314
92.3329
92.3329
92.3333
92.3333
92.3334
92.3339
92.3339
92.3339
92.3346
92.3347
92.3351
92.3353
92.3353
92.3353
92.3355
92.3355
92.3359
92.3359
92.3362
92.3364
92.3366
92.3366
92.3367
92.3367
92.3368
92.3368
92.3369
92.3369
92.337
92.337
92.337
92.337
92.337
92.337
92.3371
92.3371
92.3371
92.3371
92.3371
92.3371
92.3372
92.3372
92.3372
92.3372
92.3372
92.3372
92.3372
92.3372
92.3372
92.3372
92.3372
92.3372
92.3373
92.3373
92.3373
92.3373
92.3373
92.3373
92.3373
92.3373
92.3373
92.3373
92.3373
92.3373
92.3373
92.3373
92.3373
92.3373
92.3373
92.3373
92.3373
92.3373
92.3373
92.3373
92.3373
92.3373
92.3373
92.3373
92.3373
92.3373
92.3373
92.3373
92.3373
92.3373
92.3373
92.3373
92.3373
92.3373
92.3373
92.3373
92.3373
92.3373
92.3373
92.3373
92.3373
92.3373
92.3373
92.3373
92.3373
92.3373
92.3373
92.3373
92.3373
92.3373
92.3373
92.3373
92.3373
92.3373
92.3373
92.3373
92.3373
92.3373
92.3373
92.3373
92.3373
92.3373
92.3373
92.3373
92.3373
92.3373
92.3373
92.3373
92.3373
92.3373
92.3373
92.3373
92.3373
92.3373
92.3373
92.3373
92.3373
92.3373
92.3373
92.3373
92.3373
92.3373
92.3373
92.3373
92.3373
92.3373
92.3373
92.3373
92.3373
92.3373
92.3373
92.3373
92.3373
92.3373
92.3373
92.3373
92.3373
92.3373
92.3373
92.3373
92.3373
92.3373
92.3373
92.3373
92.3373
92.3373
92.3373
92.3373
92.3373
92.3373
92.3373
92.3373
92.3373
92.3373
92.3373
92.3373
92.3373
92.3373
92.3373
92.3373
92.3373
92.3373
92.3373
92.3373
92.3373
92.3373
92.3373
92.3373
92.3373
92.3373
92.3373
92.3373
92.3373
92.3373
92.3373
92.3373
92.3373
92.3373
92.3373
92.3373
92.3373
92.3373
92.3373
92.3373
92.3373
92.3373
92.3373
92.3373
92.3373
92.3373
92.3373
92.3373
92.3373
92.3373
92.3373
92.3373
92.3373
92.3373
92.3373
92.3373
92.3373
92.3373
92.3373
92.3373
92.3373
92.3373
92.3373
92.3373
92.3373
92.3373
92.3373
92.3373
92.3373
92.3373
92.3373
92.3373
92.3373
92.3373
92.3373


11.3379
13.2871
17.8038
21.7052
23.0227
24.5387
27.6418
28.9044
29.6362
29.6362
31.0216
32.6855
37.4705
39.2152
41.6062
41.6062
42.753
42.8397
44.2531
48.6983
52.7251
58.5067
59.0494
59.0745
64.0204
65.9271
66.0695
68.3772
70.0188
71.2253
73.4124
74.0373
75.9724
78.7008
78.726
80.8207
82.5723
84.7854
84.9071
87.0478
89.2186
90.3768
90.7109
91.6818
92.9467
93.4804
93.8889
94.3751
94.887
95.0148
95.0929
95.3072
95.973
96.5823
96.6258
96.9161
96.9161
97.348
97.4458
97.5033
97.6726
98.1225
98.1225
98.2317
98.3582
98.4904
98.5193
98.5831
98.653
98.7114
98.7528
98.7765
98.8454
98.915
98.9693
98.9714
98.9925
99.0116
99.0679
99.0679
99.0687
99.0778
99.0812
99.0842
99.0922
99.1086
99.1086
99.1099
99.1157
99.1222
99.1233
99.126
99.1276
99.1306
99.1325
99.139
99.1413
99.1421
99.1482
99.1484
99.1485
99.1492
99.1515
99.1527
99.1553
99.1553
99.157
99.157
99.1586
99.1595
99.1602
99.1605
99.1606
99.1611
99.1617
99.1624
99.1625
99.1628
99.163
99.1632
99.1636
99.1639
99.1639
99.1641
99.1641
99.1641
99.1643
99.1643
99.1644
99.1646
99.1646
99.1647
99.1647
99.1648
99.165
99.165
99.165
99.1651
99.1651
99.1651
99.1651
99.1651
99.1651
99.1651
99.1651
99.1652
99.1652
99.1652
99.1652
99.1652
99.1653
99.1653
99.1653
99.1653
99.1653
99.1653
99.1653
99.1653
99.1653
99.1653
99.1653
99.1653
99.1653
99.1653
99.1653
99.1653
99.1653
99.1653
99.1653
99.1653
99.1653
99.1653
99.1653
99.1653
99.1653
99.1653
99.1653
99.1653
99.1653
99.1653
99.1653
99.1653
99.1653
99.1653
99.1653
99.1653
99.1653
99.1653
99.1653
99.1653
99.1653
99.1653
99.1653
99.1653
99.1653
99.1653
99.1653
99.1653
99.1653
99.1653
99.1653
99.1653
99.1653
99.1653
99.1653
99.1653
99.1653
99.1653
99.1653
99.1653
99.1653
99.1653
99.1653
99.1653
99.1653
99.1653
99.1653
99.1653
99.1653
99.1653
99.1653
99.1653
99.1653
99.1653
99.1653
99.1653
99.1653
99.1653
99.1653
99.1653
99.1653
99.1653
99.1653
99.1653
99.1653
99.1653
99.1653
99.1653
99.1653
99.1653
99.1653
99.1653
99.1653
99.1653
99.1653
99.1653
99.1653
99.1653
99.1653
99.1653
99.1653
99.1653
99.1653
99.1653
99.1653
99.1653
99.1653
99.1653
99.1653
99.1653
99.1653
99.1653
99.1653
99.1653
99.1653
99.1653
99.1653
99.1653
99.1653
99.1653
99.1653
99.1653
99.1653
99.1653
99.1653
99.1653
99.1653
99.1653
99.1653
99.1653
99.1653
99.1653
99.1653
99.1653
99.1653
99.1653
99.1653
99.1653
99.1653
99.1653
99.1653
99.1653
99.1653
99.1653
99.1653
99.1653
99.1653
99.1653
99.1653
99.1653
99.1653
99.1653
99.1653
99.1653
99.1653
99.1653
99.1653
99.1653
99.1653
99.1653
99.1653
99.1653
99.1653
99.1653
99.1653
99.1653
99.1653
99.1653
99.1653
99.1653
99.1653
99.1653
99.1653
99.1653
99.1653
99.1653
99.1653
99.1653
99.1653
99.1653
99.1653
99.1653
99.1653
99.1653
99.1653
99.1653
99.1653
99.1653
99.1653
99.1653
99.1653
99.1653
99.1653
99.1653
99.1653
99.1653
99.1653
99.1653
99.1653
99.1653
99.1653
99.1653
99.1653
99.1653
99.1653
99.1653
99.1653
99.1653
99.1653
99.1653
99.1653
99.1653
99.1653
99.1653
99.1653
99.1653
99.1653
99.1653
99.1653
99.1653
99.1653
99.1653
99.1653
99.1653
99.1653
99.1653
99.1653
99.1653
99.1653
99.1653
99.1653
99.1636
99.1653
99.1653
99.1653
99.1653
99.1653
99.1653
99.1653
99.1653
99.1653
99.1653
99.1653
99.1653
99.1653
99.1653
99.1653
99.1653
99.1653
99.1653
99.1653
99.1653
99.1653
99.1653
99.1653
99.1653
99.1653
99.1653
99.1653
99.1653
99.1653
99.1653
99.1653
99.1653
99.1653
99.1653
99.1653
99.1653
99.1653
99.1653
99.1653
99.1653
99.1653
99.1653
99.1653
99.1653
99.1653
99.1653
99.1653
99.1653
99.1653
99.1653
99.1653
99.1653
99.1653
99.1653
99.1653
99.1653
99.1653
99.1653
99.1653
99.1653
99.1653
99.1653
99.1653
99.1653
99.1653
99.1653
99.1653
99.1653
99.1653
99.1653
99.1653
99.1653
99.1653
99.1653
99.1653
99.1653
99.1653
99.1653
99.1653
99.1653
99.1653
99.1653
99.1653
99.1653
99.1653
99.1653
99.1653
99.1653
99.1653
99.1653
99.1653
99.1653
99.1653
99.1653
99.1653
99.1653
99.1653
99.1653
99.1653
99.1653
99.1653
99.1653
99.1653
99.1653
99.1653
99.1653
99.1653
99.1653
99.1653
99.1653
99.1653
99.1653
99.1653
99.1653
99.1653
99.1653
99.1653
99.1653


13.3942
15.0337
17.7032
17.7032
17.7032
19.4277
22.0883
22.0949
27.9609
28.7091
30.9968
31.7852
34.3529
36.6555
38.7595
43.1861
44.0376
49.2321
49.2658
49.2682
50.5489
48.8822
50.0832
52.6853
55.0573
56.1813
57.8205
59.6439
62.9094
62.9094
63.8637
65.0232
65.0232
68.7862
69.267
69.8187
71.566
74.1864
75.6118
78.8849
78.9325
79.0555
81.4162
81.5209
82.0924
82.0952
82.8357
85.0091
85.0091
85.4321
85.462
86.2177
87.6751
88.1305
88.6543
88.989
89.6538
90.7371
90.7683
91.9199
92.3449
93.3603
93.5599
93.5724
93.6801
93.8054
93.8337
94.1122
94.429
94.8559
95.3399
95.5447
95.5589
95.7942
95.9484
95.9484
96.1603
96.2455
96.2614
96.4697
96.4697
96.5759
96.7485
96.8399
96.8399
96.9239
96.9312
96.9476
96.9785
97.0206
97.1658
97.2376
97.2395
97.2395
97.2709
97.3237
97.3263
97.4064
97.4064
97.4076
97.438
97.4191
97.4456
97.4697
97.4707
97.4829
97.4875
97.4906
97.4932
97.5171
97.5172
97.5146
97.5201
97.5268
97.5305
97.5424
97.5425
97.5431
97.5433
97.5433
97.5502
97.5504
97.5513
97.5514
97.5548
97.5575
97.5575
97.5583
97.5589
97.5589
97.5603
97.5604
97.5609
97.5621
97.5625
97.5627
97.563
97.5635
97.5635
97.5636
97.5636
97.5637
97.5639
97.5639
97.564
97.5641
97.5641
97.5642
97.5642
97.5643
97.5643
97.5643
97.5644
97.5644
97.5645
97.5645
97.5646
97.5646
97.5646
97.5646
97.5646
97.5646
97.5646
97.5647
97.5647
97.5647
97.5647
97.5647
97.5647
97.5647
97.5647
97.5647
97.5647
97.5647
97.5647
97.5647
97.5647
97.5647
97.5647
97.5647
97.5647
97.5647
97.5647
97.5647
97.5647
97.5647
97.5647
97.5647
97.5647
97.5647
97.5647
97.5647
97.5647
97.5647
97.5647
97.5647
97.5647
97.5647
97.5647
97.5647
97.5647
97.5647
97.5647
97.5647
97.5647
97.5647
97.5647
97.5647
97.5647
97.5647
97.5647
97.5647
97.5647
97.5647
97.5647
97.5647
97.5647
97.5647
97.5647
97.5647
97.5647
97.5647
97.5647
97.5647
97.5647
97.5647
97.5647
97.5647
97.5647
97.5647
97.5647
97.5647
97.5647
97.5647
97.5647
97.5647
97.5647
97.5647
97.5647
97.5647
97.5647
97.5647
97.5647
97.5647
97.5647
97.5647
97.5647
97.5647
97.5647
97.5647
97.5647
97.5647
97.5647
97.5647
97.5647
97.5647
97.5647
97.5647
97.5647
97.5647
97.5647
97.5647
97.5647
97.5647
97.5647
97.5647
97.5647
97.5647
97.5647
97.5647
97.5647
97.5647
97.5647
97.5647
97.5647
97.5647
97.5647
97.5647
97.5647
97.5647
97.5647
97.5647
97.5647
97.5647
97.5647
97.5647
97.5647
97.5647
97.5647
97.5647
97.5647
97.5647
97.5647
97.5647
97.5647
97.5647
97.5647
97.5647
97.5647
97.5647
97.5647
97.5647
97.5647
97.5647
97.5647
97.5647
97.5647
97.5647
97.5647
97.5647
97.5647
97.5647
97.5647
97.5647
97.5647
97.5647
97.5647
97.5647
97.5647
97.5647
97.5647
97.5647
97.5647
97.5647
97.5647
97.5647
97.5647
97.5647
97.5647
97.5647
97.5647
97.5647
97.5647
97.5647
97.5647
97.5647
97.5647
97.5647
97.5647
97.5647
97.5647
97.5647
97.5647
97.5647
97.5647
97.5647
97.5647
97.5647
97.5647
97.5647
97.5647
97.5647
97.5647
97.5647
97.5647
97.5647
97.5647
97.5647
97.5647
97.5647
97.5647
97.5647
97.5647
97.5647
97.5647
97.5647
97.5647
97.5647
97.5647
97.5647
97.5647
97.5647
97.5647
97.5647
97.5647
97.5647
97.5647
97.5647
97.5647
97.5647
97.5647
97.5647
97.5647
97.5647
97.5647
97.5647
97.5647
97.5647
97.5647
97.5647
97.5647
97.5615
97.5647
97.5647
97.5647
97.5647
97.5647
97.5647
97.5647
97.5647
97.5647
97.5647
97.5647
97.5647
97.5647
97.5647
97.5647
97.5647
97.5647
97.5647
97.5647
97.5647
97.5647
97.5647
97.5647
97.5647
97.5647
97.5647
97.5647
97.5647
97.5647
97.5647
97.5647
97.5647
97.5647
97.5647
97.5647
97.5647
97.5647
97.5647
97.5647
97.5647
97.5647
97.5647
97.5647
97.5647
97.5647
97.5647
97.5647
97.5647
97.5647
97.5647
97.5647
97.5647
97.5647
97.5647
97.5647
97.5647
97.5647
97.5647
97.5647
97.5647
97.5647
97.5647
97.5647
97.5647
97.5647
97.5647
97.5647
97.5647
97.5647
97.5647
97.5647
97.5647
97.5647
97.5647
97.5647
97.5647
97.5647
97.5647
97.5647
97.5647
97.5647
97.5647
97.5647
97.5647
97.5647
97.5647
97.5647
97.5647
97.5647
97.5647
97.5647
97.5647
97.5647
97.5647
97.5647
97.5647
97.5647
97.5647
97.5647
97.5647
97.5647
97.5647
97.5647
97.5647
97.5647
97.5647
97.5647
97.5647


12.149
12.778
15.6092
17.1023
18.2002
18.4494
21.2824
25.1186
25.1186
25.6395
26.4011
28.2752
28.4141
31.9168
34.2015
35.0836
37.8167
39.2273
40.0678
43.1233
45.2644
46.0627
47.8829
50.3266
51.0055
52.0717
54.1435
54.1435
55.326
56.0384
58.895
63.7607
68.115
68.9984
69.0652
70.4425
71.193
71.9715
72.8419
72.8419
74.5473
75.7898
75.8818
75.9881
77.5654
77.587
78.9632
78.9632
80.1167
80.5304
80.8978
80.9025
81.8417
82.3377
82.3377
83.6399
83.7528
84.0779
84.0779
84.2782
84.7348
85.0373
85.5573
85.6885
85.9602
86.5938
86.5938
86.5938
86.6308
86.8314
86.8314
86.8849
87.0718
87.0743
87.1574
87.1725
87.2287
87.2913
87.3019
87.3019
87.3389
87.3523
87.3777
87.5325
87.5502
87.5692
87.5692
87.5848
87.6378
87.6439
87.6484
87.6513
87.6535
87.6632
87.6923
87.7006
87.7139
87.7287
87.7287
87.7303
87.7317
87.7508
87.7616
87.7616
87.7735
87.7812
87.7812
87.7821
87.7957
87.7961
87.797
87.7994
87.8007
87.801
87.8011
87.8012
87.8013
87.802
87.8028
87.804
87.8048
87.8048
87.8059
87.806
87.8074
87.8074
87.8075
87.8079
87.8079
87.8083
87.8089
87.8091
87.8094
87.8105
87.8105
87.8106
87.8106
87.8106
87.8107
87.8107
87.811
87.8111
87.8111
87.8111
87.8113
87.8113
87.8113
87.8115
87.8116
87.8116
87.8116
87.8119
87.8119
87.8119
87.812
87.812
87.8121
87.8121
87.8121
87.8121
87.8121
87.8121
87.8121
87.8121
87.8121
87.8122
87.8122
87.8122
87.8122
87.8122
87.8122
87.8122
87.8122
87.8122
87.8123
87.8123
87.8123
87.8123
87.8123
87.8123
87.8123
87.8123
87.8123
87.8123
87.8123
87.8123
87.8123
87.8123
87.8123
87.8123
87.8123
87.8123
87.8123
87.8123
87.8123
87.8123
87.8123
87.8123
87.9444
87.9444
87.9444
87.9444
88.2272
88.2381
88.3228
88.3747
88.3747
88.3747
88.3747
88.3747
88.3747
88.4384
88.4399
88.4399
88.7159
88.9144
88.9313
88.9313
88.9931
89.1681
89.2352
89.2876
89.2876
89.2876
89.5517
89.5927
89.5927
89.5927
89.6171
89.6377
89.6501
89.6501
89.6581
89.6779
89.6779
89.6874
89.6874
89.7097
89.7159
89.7159
89.7159
89.7557
89.8424
89.8424
89.8424
89.8836
89.8836
89.8836
89.8836
89.8836
89.8836
89.8836
89.8836
89.8886
89.8886
89.8931
89.8989
89.909
89.9091
89.923
89.9258
89.9232
89.9234
89.9245
89.925
89.9254
89.9259
89.9259
89.926
89.9284
89.9287
89.93
89.9305
89.9305
89.9305
89.9307
89.931
89.9312
89.9334
89.9359
89.9386
89.9386
89.9386
89.9386
89.9386
89.9386
89.939
89.9391
89.9391
89.9391
89.9399
89.9399
89.9399
89.94
89.9402
89.9402
89.9403
89.9405
89.9405
89.9406
89.9407
89.9409
89.9409
89.9409
89.9409
89.941
89.941
89.941
89.941
89.941
89.9411
89.9411
89.9411
89.9411
89.9411
89.9412
89.9412
89.9412
89.9412
89.9413
89.9413
89.9413
89.9413
89.9413
89.9413
89.9413
89.9413
89.9413
89.9413
89.9413
89.9413
89.9413
89.9413
89.9413
89.9414
89.9414
89.9414
89.9414
89.9414
89.9414
89.9414
89.9414
89.9414
89.9414
89.9414
89.9414
89.9414
89.9414
89.9414
89.9414
89.9414
89.9414
89.9414
89.9414
89.9414
89.9414
89.9414
89.9414
89.9414
89.9414
89.9414
89.9414
89.9414
89.9414
89.9414
89.9414
89.9414
89.9414
89.9414
89.9414
89.9414
89.9414
89.9414
89.9414
89.9414
89.9414
89.9414
89.9414
89.9414
89.9414
89.9414
89.9414
89.9414
89.9414
89.9414
89.9414
89.9414
89.9414
89.9414
89.9414
89.9414
89.9414
89.9414
89.9414
89.9414
89.9414
89.9414
89.9414
89.9414
89.9414
89.9414
89.9414
89.9414
89.9414
89.9414
89.9414
89.9414
89.9414
89.9414
89.9414
89.9414
89.9414
89.9414
89.9414
89.9414
89.9414
89.9414
89.9414
89.9414
89.9414
89.9414
89.9414
89.9414
89.9414
89.9414
89.9414
89.9414
89.9414
89.9414
89.9414
89.9414
89.9414
89.9414
89.9414
89.9414
89.9414
89.9414
89.9414
89.9414
89.9414
89.9414
89.9414
89.9414
89.9414
89.9414
89.9414
89.9414
89.9414
89.9414
89.9414
89.9414
89.9414
89.9414
89.9414
89.9414
89.9414
89.9414
89.9414
89.9414
89.9414
89.9414
89.9414
89.9414
89.9414
89.9414
89.9414
89.9414
89.9414
89.9414
89.9414
89.9414
89.9414
89.9414
89.9414
89.9414
89.9414
89.9414
89.9414
89.9414
89.9414
89.9414
89.9414
89.9414
89.9414
89.9414
89.9414
89.9414
89.9414
89.9414
89.9414
89.9414
89.9414
89.9414
89.9414
89.9414
89.9414
89.9414
89.9414
89.9414
89.9414


14.3713
17.7127
18.8231
19.5403
23.4246
25.1241
26.4186
27.6971
27.7915
31.6542
32.8456
39.9786
40.4585
42.9926
46.9244
49.8409
53.6354
53.6354
55.5062
58.6546
58.6546
61.2492
67.4712
71.7373
71.7373
73.9176
74.9633
79.2991
80.3893
80.4099
82.9178
83.2614
83.4303
85.3822
85.7564
86.7053
87.49
89.5248
89.5351
89.9795
90.5071
93.0701
93.0701
94.0221
94.3359
94.5223
94.5223
95.0247
95.2071
95.4524
95.5853
96.2027
96.2027
96.224
96.3434
96.7618
96.7658
96.9299
96.9615
97.1296
97.2128
97.3644
97.4481
97.5136
97.6728
97.7101
97.7667
97.7965
97.7965
97.8361
97.8649
97.8926
97.935
97.9627
98.0586
98.0787
98.0887
98.1067
98.2056
98.2115
98.2493
98.2576
98.2621
98.2835
98.302
98.3107
98.3107
98.3138
98.3233
98.3428
98.3553
98.3609
98.3609
98.3638
98.364
98.3705
98.3743
98.3749
98.3752
98.3752
98.3765
98.3765
98.3777
98.3788
98.3794
98.3805
98.3823
98.3853
98.388
98.3885
98.3926
98.393
98.3932
98.3947
98.3949
98.3955
98.3967
98.3967
98.3967
98.3967
98.3968
98.3971
98.3973
98.3976
98.3978
98.398
98.3982
98.3982
98.3982
98.3983
98.3984
98.3985
98.3988
98.3989
98.3989
98.399
98.3991
98.3991
98.3991
98.3992
98.3992
98.3993
98.3994
98.3994
98.3994
98.3995
98.3995
98.3995
98.3995
98.3996
98.3996
98.3996
98.3996
98.3996
98.3996
98.3996
98.3996
98.3997
98.3997
98.3997
98.3997
98.3997
98.3997
98.3997
98.3997
98.3997
98.3997
98.3998
98.3998
98.3998
98.3998
98.3998
98.3998
98.3998
98.3998
98.3998
98.3998
98.3998
98.3998
98.3998
98.3998
98.3998
98.3998
98.3998
98.3998
98.3998
98.3998
98.3998
98.3998
98.3998
98.3998
98.3998
98.3998
98.3998
98.3998
98.3998
98.3998
98.3998
98.3998
98.3998
98.3998
98.3998
98.3998
98.3998
98.3998
98.3998
98.3998
98.3998
98.3998
98.3998
98.3998
98.3998
98.3998
98.3998
98.3998
98.3998
98.3998
98.3998
98.3998
98.3998
98.3998
98.3998
98.3998
98.3998
98.3998
98.3998
98.3998
98.3998
98.3998
98.3998
98.3998
98.3998
98.3998
98.3998
98.3998
98.3998
98.3998
98.3998
98.3998
98.3998
98.3998
98.3998
98.3998
98.3998
98.3998
98.3998
98.3998
98.3998
98.3998
98.3998
98.3998
98.3998
98.3998
98.3998
98.3998
98.3998
98.3998
98.3998
98.3998
98.3998
98.3998
98.3998
98.3998
98.3998
98.3998
98.3998
98.3998
98.3998
98.3998
98.3998
98.3998
98.3998
98.3998
98.3998
98.3998
98.3998
98.3998
98.3998
98.3998
98.3998
98.3998
98.3998
98.3998
98.3998
98.3998
98.3998
98.3998
98.3998
98.3998
98.3998
98.3998
98.3998
98.3998
98.3998
98.3998
98.3998
98.3998
98.3998
98.3998
98.3998
98.3998
98.3998
98.3998
98.3998
98.3998
98.3998
98.3998
98.3998
98.3998
98.3998
98.3998
98.3998
98.3998
98.3998
98.3998
98.3998
98.3998
98.3998
98.3998
98.3998
98.3998
98.3998
98.3998
98.3998
98.3998
98.3998
98.3998
98.3998
98.3998
98.3998
98.3998
98.3998
98.3998
98.3998
98.3998
98.3998
98.3998
98.3998
98.3998
98.3998
98.3998
98.3998
98.3998
98.3998
98.3998
98.3998
98.3998
98.3998
98.3998
98.3998
98.3998
98.3998
98.3998
98.3998
98.3998
98.3998
98.3998
98.3998
98.3998
98.3998
98.3998
98.3998
98.3998
98.3998
98.3998
98.3998
98.3998
98.3998
98.3998
98.3998
98.3998
98.3998
98.3998
98.3998
98.3998
98.3998
98.3998
98.3998
98.3998
98.3998
98.3998
98.3998
98.3998
98.3998
98.3998
98.3998
98.3998
98.3998
98.3998
98.3998
98.3998
98.3955
98.3998
98.3998
98.3998
98.3998
98.3998
98.3998
98.3998
98.3998
98.3998
98.3998
98.3998
98.3998
98.3998
98.3998
98.3998
98.3998
98.3998
98.3998
98.3998
98.3998
98.3998
98.3998
98.3998
98.3998
98.3998
98.3998
98.3998
98.3998
98.3998
98.3998
98.3998
98.3998
98.3998
98.3998
98.3998
98.3998
98.3998
98.3998
98.3998
98.3998
98.3998
98.3998
98.3998
98.3998
98.3998
98.3998
98.3998
98.3998
98.3998
98.3998
98.3998
98.3998
98.3998
98.3998
98.3998
98.3998
98.3998
98.3998
98.3998
98.3998
98.3998
98.3998
98.3998
98.3998
98.3998
98.3998
98.3998
98.3998
98.3998
98.3998
98.3998
98.3998
98.3998
98.3998
98.3998
98.3998
98.3998
98.3998
98.3998
98.3998
98.3998
98.3998
98.3998
98.3998
98.3998
98.3998
98.3998
98.3998
98.3998
98.3998
98.3998
98.3998
98.3998
98.3998
98.3998
98.3998
98.3998
98.3998
98.3998
98.3998
98.3998
98.3998
98.3998
98.3998
98.3998
98.3998
98.3998
98.3998


12.5409
13.9376
15.7775
18.2159
18.2159
21.1805
23.693
27.0986
27.0986
27.1836
28.7543
33.0759
35.5327
40.4881
42.1834
45.2125
47.4877
47.5831
51.4221
51.4221
54.4138
55.6742
58.6355
58.6355
60.6296
62.4833
62.5868
65.18
68.2312
70.7385
70.7385
71.4393
73.2877
74.2968
74.3701
75.5669
76.5871
76.6312
78.4394
78.66
78.704
79.1655
79.5509
79.5509
79.5713
79.9253
80.0647
80.0647
80.6151
80.6151
80.7931
80.8359
80.854
81.2984
81.4135
81.5305
81.6324
81.6418
81.7427
81.7914
81.7914
81.8132
81.8491
81.8723
81.8932
81.9022
81.905
81.9318
81.9851
82.0135
82.0257
82.0366
82.0714
82.0718
82.0765
82.1297
82.1748
82.1966
82.1966
82.1993
82.2248
82.2359
82.2389
82.257
82.312
82.3125
82.3415
82.342
82.3516
82.3889
82.3908
82.4134
82.4442
82.4456
82.4502
82.4502
82.4507
82.4705
82.4918
82.5123
82.5123
82.5127
82.5274
82.5283
82.5284
82.5286
82.5334
82.5336
82.5431
82.5463
82.5463
82.5474
82.5512
82.5512
82.5559
82.5559
82.5597
82.5641
82.5653
82.5653
82.5653
82.5653
82.5653
82.5654
82.5682
82.5682
82.5682
82.5683
82.5693
82.5701
82.5701
82.5701
82.5704
82.5707
82.5707
82.571
82.5719
82.5719
82.572
82.5723
82.5724
82.5725
82.5725
82.5729
82.573
82.573
82.573
82.5731
82.5732
82.5732
82.5732
82.5734
82.5734
82.5734
82.5734
82.5734
82.5734
82.5734
82.5734
82.5734
82.5734
83.0774
83.0774
83.3796
83.6468
83.8098
85.6552
85.6552
86.7161
86.7161
86.7161
85.0911
86.3219
86.3219
86.3219
86.6524
87.3692
87.5043
87.5043
87.5043
87.5043
87.4385
87.4385
87.4385
87.8989
87.8989
87.9998
87.9998
87.9998
88.1177
88.2823
88.2823
88.3171
88.3171
88.905
89.2822
89.2822
89.3476
89.5122
89.5276
89.6865
89.8594
90.0638
90.1058
90.1861
90.1861
90.2436
90.2436
90.2665
90.296
90.2982
90.4344
90.5205
90.6196
90.6405
90.7393
90.7393
90.8055
90.9389
90.9624
90.9774
91.0421
91.0421
91.0421
91.043
91.1359
91.1653
91.169
91.225
91.225
91.2345
91.2345
91.2382
91.2431
91.2476
91.2581
91.2635
91.2681
91.2765
91.2802
91.2976
91.2956
91.3032
91.309
91.3344
91.3477
91.3543
91.3568
91.366
91.3712
91.377
91.377
91.3805
91.3808
91.3881
91.3905
91.3929
91.3936
91.3936
91.3946
91.397
91.3985
91.3985
91.399
91.4054
91.4055
91.4065
91.4069
91.4081
91.4092
91.4111
91.4115
91.4116
91.4144
91.4149
91.4149
91.4151
91.4158
91.4158
91.4158
91.4158
91.4166
91.4177
91.4179
91.418
91.4184
91.4184
91.4184
91.4186
91.4189
91.4191
91.4191
91.4195
91.4198
91.4198
91.4199
91.4199
91.4199
91.42
91.4201
91.4201
91.4201
91.4202
91.4203
91.4203
91.4204
91.4204
91.4204
91.4205
91.4205
91.4205
91.4206
91.4207
91.4207
91.4207
91.4207
91.4208
91.4208
91.4208
91.4208
91.4208
91.4209
91.4209
91.4209
91.4209
91.4209
91.4209
91.4209
91.4209
91.4209
91.4209
91.4209
91.4209
91.4209
91.4209
91.4209
91.4209
91.4209
91.4209
91.421
91.421
91.421
91.421
91.421
91.421
91.421
91.421
91.421
91.421
91.421
91.421
91.421
91.421
91.421
91.421
91.421
91.421
91.421
91.421
91.421
91.421
91.421
91.421
91.421
91.421
91.421
91.421
91.421
91.421
91.421
91.421
91.421
91.421
91.421
91.421
91.421
91.421
91.421
91.421
91.421
91.421
91.421
91.421
91.421
91.421
91.421
91.421
91.421
91.421
91.421
91.421
91.421
91.421
91.421
91.421
91.421
91.421
91.421
91.421
91.421
91.421
91.421
91.421
91.421
91.421
91.421
91.421
91.421
91.421
91.421
91.421
91.421
91.421
91.421
91.421
91.421
91.421
91.421
91.421
91.421
91.421
91.421
91.421
91.421
91.421
91.421
91.421
91.421
91.421
91.421
91.421
91.421
91.421
91.421
91.421
91.421
91.421
91.421
91.421
91.421
91.421
91.421
91.421
91.421
91.421
91.421
91.421
91.421
91.421
91.421
91.421
91.421
91.421
91.421
91.421
91.421
91.421
91.421
91.421
91.421
91.421
91.421
91.421
91.421
91.421
91.421
91.421
91.421
91.421
91.421
91.421
91.421
91.421
91.421
91.421
91.421
91.421
91.421
91.421
91.421
91.421
91.421
91.421
91.421
91.421
91.421
91.421
91.421
91.421
91.421
91.421
91.421
91.421
91.421
91.421
91.421
91.421
91.421
91.421
91.421


12.9311
16.0347
16.0347
23.4566
27.1875
28.8253
28.833
30.655
31.8561
34.7443
34.7443
37.7288
39.7877
42.7454
44.5993
44.758
45.1074
48.4761
53.5586
55.7554
57.8981
57.426
61.4592
63.0406
64.7258
67.4179
69.727
70.7748
72.5761
72.8486
74.3789
78.8221
78.8221
78.8221
79.9014
80.7886
81.0351
81.1172
81.6828
82.1963
82.3819
83.4005
83.418
83.6688
84.3119
84.6198
84.773
84.9818
85.1457
85.2663
85.4061
85.8015
85.9205
85.964
86.0478
86.2257
86.2377
86.4937
86.7752
86.7752
86.9645
87.1765
87.2276
87.2898
87.3043
87.367
87.5306
87.5532
87.5712
87.6295
87.6295
87.658
87.6727
87.6959
87.7112
87.7127
87.74
87.7631
87.7946
87.8016
87.8117
87.8007
87.8047
87.8376
87.8391
87.8398
87.8442
87.8486
87.8507
87.8528
87.8528
87.8601
87.8604
87.862
87.8635
87.8651
87.8657
87.866
87.8681
87.8681
87.8701
87.8709
87.8709
87.8732
87.874
87.8743
87.8744
87.8748
87.8749
87.8756
87.876
87.8762
87.8765
87.8765
87.8765
87.8766
87.8767
87.8768
87.877
87.8771
87.8771
87.8772
87.8773
87.8774
87.8775
87.8775
87.8775
87.8776
87.8776
87.8776
87.8776
87.8776
87.8777
87.8777
87.8777
87.8777
87.8778
87.8778
87.8778
87.8778
87.8778
87.8778
87.8778
87.8778
87.8778
87.8778
87.8778
87.8778
87.8778
87.8778
87.8778
87.8778
87.8778
88.7091
88.9098
88.9098
88.9098
88.9098
89.0887
89.7818
89.7818
89.7818
89.7818
90.1139
90.201
90.201
91.4948
91.4948
91.4948
91.4948
91.4948
91.4948
91.4948
91.5706
91.5706
91.5706
91.5706
91.5706
92.3472
92.5759
92.5759
92.8258
92.8258
93.0283
93.0283
93.0283
93.2738
93.2738
93.2738
93.2738
93.4466
93.6114
93.6114
94.0424
94.0424
94.0424
94.0424
94.0656
94.0656
94.0795
94.0795
94.1584
94.2091
94.2115
94.2401
94.2681
94.2681
94.2681
94.2681
94.2968
94.3505
94.4374
94.4374
94.4904
94.5102
94.5102
94.514
94.5914
94.5914
94.6152
94.6377
94.6305
94.6401
94.6401
94.6503
94.6521
94.6521
94.6521
94.6539
94.6551
94.6567
94.6604
94.662
94.662
94.6698
94.6714
94.6998
94.7147
94.7147
94.7197
94.7246
94.7246
94.7246
94.7332
94.7336
94.7336
94.74
94.74
94.74
94.74
94.7463
94.7463
94.7463
94.752
94.752
94.752
94.752
94.7537
94.7553
94.7573
94.7573
94.7595
94.7595
94.7607
94.761
94.761
94.7627
94.7627
94.7628
94.7628
94.7633
94.7652
94.767
94.7676
94.7693
94.772
94.7749
94.7758
94.7758
94.7772
94.7788
94.7799
94.7799
94.7799
94.7806
94.7806
94.7814
94.7814
94.7814
94.7814
94.7814
94.7825
94.7825
94.7826
94.7826
94.7827
94.7828
94.783
94.7832
94.7835
94.7835
94.7835
94.7838
94.7839
94.7839
94.7839
94.7841
94.7845
94.7845
94.7846
94.7846
94.7846
94.7846
94.7846
94.7848
94.7848
94.7849
94.7849
94.7849
94.785
94.785
94.785
94.785
94.785
94.785
94.785
94.7851
94.7851
94.7851
94.7851
94.7851
94.7851
94.7851
94.7851
94.7851
94.7851
94.7851
94.7851
94.7852
94.7852
94.7852
94.7852
94.7852
94.7852
94.7852
94.7852
94.7852
94.7852
94.7852
94.7852
94.7852
94.7852
94.7852
94.7852
94.7852
94.7853
94.7853
94.7853
94.7853
94.7853
94.7853
94.7853
94.7853
94.7853
94.7853
94.7853
94.7853
94.7853
94.7853
94.7853
94.7853
94.7853
94.7853
94.7853
94.7853
94.7853
94.7853
94.7853
94.7853
94.7853
94.7853
94.7853
94.7853
94.7853
94.7853
94.7853
94.7853
94.7853
94.7853
94.7853
94.7853
94.7853
94.7853
94.7853
94.7853
94.7853
94.7853
94.7853
94.7853
94.7853
94.7853
94.7853
94.7853
94.7853
94.7853
94.7853
94.7853
94.7853
94.7853
94.7853
94.7853
94.7853
94.7853
94.7853
94.7853
94.7853
94.7853
94.7853
94.7853
94.7853
94.7853
94.7853
94.7853
94.7853
94.7853
94.7853
94.7853
94.7853
94.7853
94.7853
94.7853
94.7853
94.7853
94.7853
94.7853
94.7853
94.7853
94.7853
94.7853
94.7853
94.7853
94.7853
94.7853
94.7853
94.7853
94.7853
94.7853
94.7853
94.7853
94.7853
94.7853
94.7853
94.7853
94.7853
94.7853
94.7853
94.7853
94.7853
94.7853
94.7853
94.7853
94.7853
94.7853
94.7853
94.7853
94.7853
94.7853
94.7853
94.7853
94.7853
94.7853
94.7853
94.7853
94.7853
94.7853
94.7853
94.7853
94.7853
94.7853
94.7853
94.7853
94.7853
94.7853
94.7853
94.7853
94.7853
94.7853
94.7853
94.7853
94.7853
94.7853
94.7853
94.7853
94.7853
94.7853
94.7853
94.7853
94.7853
94.7853
94.7853


17.8107
17.8107
20.0124
21.8857
24.9224
25.2912
26.4934
32.1204
33.728
35.5944
37.9944
39.9817
39.9817
41.7243
43.8595
46.1696
48.6321
50.0261
52.1382
52.6452
53.8017
54.9951
59.456
59.456
61.8372
62.2075
65.437
68.1009
68.1009
69.8529
70.3907
71.9785
79.492
80.0186
80.9284
81.8701
82.3022
84.4576
84.7696
84.7696
85.7944
86.3606
86.6063
87.7762
88.0984
89.4561
89.4561
90.4089
90.496
90.5147
90.5675
90.7976
91.0811
91.1316
91.4144
91.6821
91.6821
91.7253
91.7862
91.8108
91.8576
91.9183
91.9514
92.0587
92.0901
92.1346
92.1536
92.1886
92.2156
92.2207
92.2353
92.2373
92.2471
92.2471
92.2703
92.2938
92.2976
92.3339
92.3393
92.3498
92.3518
92.3556
92.3596
92.3642
92.3675
92.3806
92.3806
92.3867
92.3867
92.3868
92.3932
92.3929
92.3974
92.3974
92.3996
92.4015
92.4015
92.4032
92.4047
92.4058
92.4066
92.4076
92.4099
92.4104
92.4106
92.4108
92.4112
92.412
92.4121
92.4123
92.4126
92.4129
92.4133
92.4134
92.4135
92.4139
92.4139
92.4141
92.4141
92.4144
92.4145
92.4145
92.4146
92.4146
92.4147
92.4148
92.4149
92.415
92.415
92.4151
92.4151
92.4152
92.4152
92.4154
92.4154
92.4154
92.4154
92.4154
92.4154
92.4154
92.4155
92.4155
92.4155
92.4155
92.4155
92.4155
92.4155
92.4156
92.4156
92.4156
92.4156
92.4156
92.4156
92.4156
92.4156
92.4156
92.4156
92.4156
92.4156
92.4156
92.4156
92.4156
92.4156
92.4156
92.4156
92.4156
92.4156
92.4156
92.4156
92.4156
92.4156
92.4156
92.4156
92.4156
92.4156
92.4156
92.4156
92.4156
92.4156
92.4156
92.4156
92.4156
92.4156
92.4156
92.4156
92.4156
92.4156
92.4156
92.4156
92.4156
92.4156
92.4156
92.4156
92.4156
92.4156
92.4156
92.4156
92.4156
92.4156
92.4156
92.4156
92.4156
92.4156
92.4156
92.4156
92.4156
92.4156
92.4156
92.4156
92.4156
92.4156
92.4156
92.4156
92.4156
92.4156
92.4156
92.4156
92.4156
92.4156
92.4156
92.4156
92.4156
92.4156
92.4156
92.4156
92.4156
92.4156
92.4156
92.4156
92.4156
92.4156
92.4156
92.4156
92.4156
92.4156
92.4156
92.4156
92.4156
92.4156
92.4156
92.4156
92.4156
92.4156
92.4156
92.4156
92.4156
92.4156
92.4156
92.4156
92.4156
92.4156
92.4156
92.4156
92.4156
92.4156
92.4156
92.4156
92.4156
92.4156
92.4156
92.4156
92.4156
92.4156
92.4156
92.4156
92.4156
92.4156
92.4156
92.4156
92.4156
92.4156
92.4156
92.4156
92.4156
92.4156
92.4156
92.4156
92.4156
92.4156
92.4156
92.4156
92.4156
92.4156
92.4156
92.4156
92.4156
92.4156
92.4156
92.4156
92.4156
92.4156
92.4156
92.4156
92.4156
92.4156
92.4156
92.4156
92.4156
92.4156
92.4156
92.4156
92.4156
92.4156
92.4156
92.4156
92.4156
92.4156
92.4156
92.4156
92.4156
92.4156
92.4156
92.4156
92.4156
92.4156
92.4156
92.4156
92.4156
92.4156
92.4156
92.4156
92.4156
92.4156
92.4156
92.4156
92.4156
92.4156
92.4156
92.4156
92.4156
92.4156
92.4156
92.4156
92.4156
92.4156
92.4156
92.4156
92.4156
92.4156
92.4156
92.4156
92.4156
92.4156
92.4156
92.4156
92.4156
92.4156
92.4156
92.4156
92.4156
92.4156
92.4156
92.4156
92.4156
92.4156
92.4156
92.4156
92.4156
92.4156
92.4156
92.4156
92.4156
92.4156
92.4156
92.4156
92.4156
92.4156
92.4156
92.4156
92.4156
92.4156
92.4156
92.4156
92.4156
92.4156
92.4156
92.4156
92.4156
92.4156
92.4156
92.4156
92.4156
92.4156
92.4156
92.4156
92.4156
92.4156
92.4156
92.4156
92.4156
92.4156
92.4142
92.4156
92.4156
92.4156
92.4156
92.4156
92.4156
92.4156
92.4156
92.4156
92.4156
92.4156
92.4156
92.4156
92.4156
92.4156
92.4156
92.4156
92.4156
92.4156
92.4156
92.4156
92.4156
92.4156
92.4156
92.4156
92.4156
92.4156
92.4156
92.4156
92.4143
92.4156
92.4156
92.4156
92.4156
92.4156
92.4156
92.4156
92.4156
92.4156
92.4156
92.4156
92.4156
92.4156
92.4156
92.4156
92.4156
92.4156
92.4156
92.4156
92.4156
92.4156
92.4156
92.4156
92.4156
92.4156
92.4156
92.4156
92.4156
92.4156
92.4156
92.4156
92.4156
92.4156
92.4156
92.4156
92.4156
92.4156
92.4156
92.4156
92.4156
92.4156
92.4156
92.4156
92.4156
92.4156
92.4156
92.4156
92.4156
92.4156
92.4147
92.4156
92.4156
92.4156
92.4156
92.4156
92.4156
92.4156
92.4156
92.4156
92.4156
92.4156
92.4156
92.4156
92.4156
92.4156
92.4156
92.4156
92.4156
92.4156
92.4156
92.4156
92.4156
92.4156
92.4156
92.4156
92.4156
92.4156
92.4156


16.9553
18.8911
20.7115
23.7637
24.708
31.9136
32.725
34.1589
34.1589
35.8953
41.5038
42.2843
43.746
48.3323
49.7419
50.5263
52.9282
54.2672
56.6258
57.3596
58.7414
64.4543
70.7031
70.7031
70.7335
71.8816
73.9283
74.7019
76.6539
78.5572
78.5572
80.6443
81.0504
81.4457
81.8429
82.0126
82.8773
83.0562
83.3456
83.8592
85.3837
85.8531
86.1924
86.6949
86.8357
87.2025
87.2282
87.6347
87.6347
87.8874
88.0853
88.1923
88.2809
88.3433
88.421
88.4619
88.5187
88.6148
88.6856
88.7496
88.7812
88.7952
88.8077
88.8382
88.865
88.8956
89.0191
89.0478
89.0694
89.084
89.0958
89.1251
89.1564
89.1564
89.1586
89.1708
89.1708
89.1708
89.1836
89.1858
89.1956
89.1996
89.2035
89.2064
89.2074
89.2097
89.2184
89.2186
89.2202
89.2208
89.2273
89.2311
89.2311
89.2312
89.2337
89.2339
89.2346
89.2358
89.2367
89.2382
89.2384
89.2384
89.2386
89.2386
89.2391
89.2399
89.2402
89.2409
89.2415
89.2421
89.2421
89.2424
89.2425
89.2427
89.2427
89.2428
89.2428
89.243
89.243
89.2431
89.2431
89.2432
89.2433
89.2433
89.2434
89.2434
89.2434
89.2434
89.2434
89.2435
89.2435
89.2435
89.2436
89.2436
89.2436
89.2436
89.2436
89.2436
89.2437
89.2437
89.2437
89.2437
89.2437
89.2437
89.2437
89.2437
89.2437
89.2437
89.2437
89.2437
89.2437
89.2437
89.2437
89.2437
89.2437
89.2437
89.2437
89.2437
89.2437
89.2437
89.2437
89.2437
89.2437
89.2437
89.2437
89.2437
89.2437
89.2437
89.2437
89.2438
89.2438
89.2438
89.2438
89.2438
89.2438
89.2438
89.2438
89.2438
89.2438
89.2438
89.2438
89.2438
89.2438
89.2438
89.2438
89.2438
89.2438
89.2438
89.2438
89.2438
89.2438
89.2438
89.2438
89.2438
89.2438
89.2438
89.2438
89.2438
89.2438
89.2438
89.2438
89.2438
89.2438
89.2438
89.2438
89.2438
89.2438
89.2438
89.2438
89.2438
89.2438
89.2438
89.2438
89.2438
89.2438
89.2438
89.2438
89.2438
89.2438
89.2438
89.2438
89.2438
89.2438
89.2438
89.2438
89.2438
89.2438
89.2438
89.2438
89.2438
89.2438
89.2438
89.2438
89.2438
89.2438
89.2438
89.2438
89.2438
89.2438
89.2438
89.2438
89.2438
89.2438
89.2438
89.2438
89.2438
89.2438
89.2438
89.2438
89.2438
89.2438
89.2438
89.2438
89.2438
89.2438
89.2438
89.2438
89.2438
89.2438
89.2438
89.2438
89.2438
89.2438
89.2438
89.2438
89.2438
89.2438
89.2438
89.2438
89.2438
89.2438
89.2438
89.2438
89.2438
89.2438
89.2438
89.2438
89.2438
89.2438
89.2438
89.2438
89.2438
89.2438
89.2438
89.2438
89.2438
89.2438
89.2438
89.2438
89.2438
89.2438
89.2438
89.2438
89.2438
89.2438
89.2438
89.2438
89.2438
89.2438
89.2438
89.2438
89.2438
89.2438
89.2438
89.2438
89.2438
89.2438
89.2438
89.2438
89.2438
89.2438
89.2438
89.2438
89.2438
89.2438
89.2438
89.2438
89.2438
89.2438
89.2438
89.2438
89.2438
89.2438
89.2438
89.2438
89.2438
89.2438
89.2438
89.2438
89.2438
89.2438
89.2438
89.2438
89.2438
89.2438
89.2438
89.2438
89.2438
89.2438
89.2438
89.2438
89.2438
89.2438
89.2438
89.2438
89.2438
89.2438
89.2438
89.2438
89.2438
89.2438
89.2438
89.2438
89.2438
89.2438
89.2438
89.2438
89.2438
89.2438
89.2438
89.2438
89.2438
89.2438
89.2438
89.2438
89.2438
89.2438
89.2438
89.2438
89.2438
89.2438
89.2438
89.2438
89.2438
89.2438
89.2438
89.2438
89.2438
89.2438
89.2438
89.2438
89.2438
89.2438
89.2438
89.2438
89.2438
89.2438
89.2438
89.2438
89.2438
89.2438
89.2438
89.2438
89.2438
89.2438
89.2438
89.2438
89.2438
89.2438
89.2438
89.2438
89.2438
89.2438
89.2438
89.2438
89.2438
89.2438
89.2438
89.2438
89.2438
89.2438
89.2438
89.2438
89.2438
89.2438
89.2438
89.2438
89.2438
89.2438
89.2438
89.2438
89.2438
89.2438
89.2438
89.2438
89.2438
89.2438
89.2438
89.2438
89.2438
89.2438
89.2438
89.2438
89.2438
89.2438
89.2438
89.2438
89.2438
89.2438
89.2438
89.2438
89.2438
89.2438
89.2438
89.2438
89.2438
89.2438
89.2438
89.2438
89.2438
89.2438
89.2438
89.2438
89.2438
89.2438
89.2438
89.2438
89.2438
89.2438
89.2438
89.2438
89.2438
89.2438
89.2438
89.2438
89.2438
89.2438
89.2438
89.2438
89.2438
89.2438
89.2438
89.2438
89.2438
89.2438
89.2438
89.2438
89.2438
89.2438
89.2438
89.2438
89.2438
89.2438
89.2438
89.2438
89.2438
89.2438
89.2438
89.2438
89.2438
89.2438
89.2438
89.2438
89.2438
89.2438
89.2438
89.2438
89.2438
89.2438
89.2438


19.3659
19.3659
27.6175
30.8906
30.8906
30.8906
32.1918
34.0302
36.4489
38.8632
38.9428
41.5494
41.8257
45.1084
47.2535
49.7627
52.8294
54.5357
54.7602
59.6282
61.2031
62.6178
62.8603
65.5373
66.2666
68.3583
70.962
72.3493
73.8762
76.5158
80.2334
83.2391
83.2391
83.7114
84.4512
84.6055
85.1525
85.7221
86.6441
86.9765
88.0072
88.6467
88.6574
88.8917
89.3994
89.6271
89.8514
89.8918
90.4826
90.4826
90.4995
90.5085
90.5245
90.7358
90.8689
90.8689
90.8812
90.9834
91.0318
91.1878
91.1878
91.1761
91.2725
91.2741
91.3889
91.4297
91.4361
91.4834
91.49
91.4919
91.5199
91.5265
91.5338
91.5371
91.5564
91.5627
91.5627
91.5716
91.5728
91.573
91.582
91.5856
91.5901
91.5901
91.5908
91.5951
91.5968
91.5968
91.5974
91.6098
91.6102
91.6116
91.6156
91.6158
91.618
91.6192
91.6202
91.6219
91.6226
91.6227
91.6238
91.6241
91.6242
91.6243
91.6245
91.6251
91.6253
91.6255
91.6256
91.6257
91.6258
91.6258
91.626
91.626
91.6267
91.6267
91.6269
91.627
91.627
91.627
91.627
91.6272
91.6272
91.6273
91.6273
91.6273
91.6274
91.6274
91.6275
91.6275
91.6275
91.6275
91.6275
91.6276
91.6276
91.6276
91.6276
91.6276
91.6276
91.6276
91.6276
91.6276
91.6276
91.6276
91.6276
91.6277
91.6277
91.6277
91.6277
91.6277
91.6277
91.6277
91.6277
91.6277
91.6277
91.6277
91.6277
91.6277
91.6277
91.6277
91.6277
91.6277
91.6277
91.6277
91.6277
91.6277
91.6277
91.6277
91.6277
91.6277
91.6277
91.6277
91.6277
91.6277
91.6277
91.6277
91.6277
91.6277
91.6277
91.6277
91.6277
91.6277
91.6277
91.6277
91.6277
91.6277
91.6277
91.6277
91.6277
91.6277
91.6277
91.6277
91.6277
91.6277
91.6277
91.6277
91.6277
91.6277
91.6277
91.6277
91.6277
91.6277
91.6277
91.6277
91.6277
91.6277
91.6277
91.6277
91.6277
91.6277
91.6277
91.6277
91.6277
91.6277
91.6277
91.6277
91.6277
91.6277
91.6277
91.6277
91.6277
91.6277
91.6277
91.6277
91.6277
91.6277
91.6277
91.6277
91.6277
91.6277
91.6277
91.6277
91.6277
91.6277
91.6277
91.6277
91.6277
91.6277
91.6277
91.6277
91.6277
91.6277
91.6277
91.6277
91.6277
91.6277
91.6277
91.6277
91.6277
91.6277
91.6277
91.6277
91.6277
91.6277
91.6277
91.6277
91.6277
91.6277
91.6277
91.6277
91.6277
91.6277
91.6277
91.6277
91.6277
91.6277
91.6277
91.6277
91.6277
91.6277
91.6277
91.6277
91.6277
91.6277
91.6277
91.6277
91.6277
91.6277
91.6277
91.6277
91.6277
91.6277
91.6277
91.6277
91.6277
91.6277
91.6277
91.6277
91.6277
91.6277
91.6277
91.6277
91.6277
91.6277
91.6277
91.6277
91.6277
91.6277
91.6277
91.6277
91.6277
91.6277
91.6277
91.6277
91.6277
91.6277
91.6277
91.6277
91.6277
91.6277
91.6277
91.6277
91.6277
91.6277
91.6277
91.6277
91.6277
91.6277
91.6277
91.6277
91.6277
91.6277
91.6277
91.6277
91.6277
91.6277
91.6277
91.6277
91.6277
91.6277
91.6277
91.6277
91.6277
91.6277
91.6277
91.6277
91.6277
91.6277
91.6277
91.6277
91.6277
91.6277
91.6277
91.6277
91.6277
91.6277
91.6277
91.6277
91.6277
91.6277
91.6277
91.6233
91.6277
91.6277
91.6277
91.6277
91.6277
91.6277
91.6277
91.6277
91.6277
91.6277
91.6277
91.6277
91.6277
91.6277
91.6277
91.6277
91.6277
91.6277
91.6277
91.6277
91.6277
91.6277
91.6277
91.6277
91.6277
91.6277
91.6277
91.6277
91.6277
91.625
91.6277
91.6277
91.6277
91.6277
91.6277
91.6277
91.6277
91.6277
91.6277
91.6277
91.6277
91.6277
91.6277
91.6277
91.6277
91.6277
91.6277
91.6277
91.6277
91.6275
91.6277
91.6277
91.6277
91.6277
91.6277
91.6277
91.6277
91.6277
91.6277
91.6277
91.6277
91.6277
91.6277
91.6277
91.6277
91.6277
91.6277
91.6277
91.6277
91.6277
91.6277
91.6277
91.6277
91.6277
91.6277
91.6277
91.6277
91.6277
91.6277
91.6277
91.6277
91.6277
91.6277
91.6277
91.6277
91.6277
91.6277
91.6277
91.6277
91.6277
91.6277
91.6277
91.6277
91.6277
91.6277
91.6277
91.6277
91.6277
91.6277
91.6277
91.6277
91.6277
91.6277
91.6277
91.6277
91.6277
91.6277
91.6277
91.6277
91.6277
91.6277
91.6277
91.6277
91.6277
91.6277
91.6277
91.6277
91.6277
91.6277
91.6277
91.6277
91.6277
91.6277
91.6277
91.6277
91.6277
91.6277
91.6277
91.6277
91.6277
91.6277
91.6277
91.6277
91.6277
91.6277
91.6277
91.6277
91.6277
91.6277
91.6277
91.6277
91.6277
91.6277
91.6277
91.6277
91.6277
91.6277
91.6277


17.5878
19.6432
21.9451
23.846
28.6365
29.4909
33.9599
36.6089
38.6353
41.2205
43.1687
43.8327
44.8447
46.5397
54.5056
54.7101
54.8569
57.8965
63.3358
63.3358
64.8808
68.1525
69.5417
69.9539
70.6954
71.803
74.671
76.7407
77.5095
78.8794
80.068
81.9435
83.5048
84.0081
84.4896
84.7096
84.7261
86.0689
86.4832
86.7466
87.4047
87.9345
88.0087
88.0783
88.2823
89.0331
89.1745
89.5594
89.6131
89.7613
90.028
90.2039
90.3686
90.5883
90.5991
90.618
90.6605
90.7487
90.755
90.876
90.9412
90.9994
91.1022
91.1386
91.1602
91.2026
91.2542
91.3052
91.3052
91.3665
91.4101
91.4379
91.44
91.4695
91.4724
91.4772
91.4787
91.4796
91.4905
91.514
91.5152
91.524
91.5401
91.5464
91.5528
91.5647
91.566
91.572
91.5761
91.581
91.5814
91.5824
91.5948
91.5948
91.5948
91.5984
91.5984
91.6047
91.61
91.6129
91.6133
91.6133
91.614
91.6187
91.6187
91.6188
91.6195
91.6206
91.6216
91.6225
91.6225
91.6227
91.6228
91.6229
91.6236
91.6242
91.6249
91.6249
91.6256
91.6257
91.6257
91.6257
91.626
91.6264
91.6264
91.6266
91.6266
91.6268
91.6268
91.627
91.627
91.6271
91.6271
91.6272
91.6273
91.6273
91.6273
91.6274
91.6274
91.6274
91.6274
91.6275
91.6275
91.6275
91.6275
91.6275
91.6275
91.6275
91.6276
91.6276
91.6276
91.6276
91.6276
91.6276
91.6276
91.6276
91.6276
91.6276
91.6276
91.6276
91.6276
91.6276
91.6277
91.6277
91.6277
91.6277
91.6277
91.6277
91.6277
91.6277
91.6277
91.6277
91.6277
91.6277
91.6277
91.6277
91.6277
91.6277
91.6277
91.6277
91.6277
91.6277
91.6277
91.6277
91.6277
91.6277
91.6277
91.6277
91.6277
91.6277
91.6277
91.6277
91.6277
91.6277
91.6277
91.6277
91.6277
91.6277
91.6277
91.6277
91.6277
91.6277
91.6277
91.6277
91.6277
91.6277
91.6277
91.6277
91.6277
91.6277
91.6277
91.6277
91.6277
91.6277
91.6277
91.6277
91.6277
91.6277
91.6277
91.6277
91.6277
91.6277
91.6277
91.6277
91.6277
91.6277
91.6277
91.6277
91.6277
91.6277
91.6277
91.6277
91.6277
91.6277
91.6277
91.6277
91.6277
91.6277
91.6277
91.6277
91.6277
91.6277
91.6277
91.6277
91.6277
91.6277
91.6277
91.6277
91.6277
91.6277
91.6277
91.6277
91.6277
91.6277
91.6277
91.6277
91.6277
91.6277
91.6277
91.6277
91.6277
91.6277
91.6277
91.6277
91.6277
91.6277
91.6277
91.6277
91.6277
91.6277
91.6277
91.6277
91.6277
91.6277
91.6277
91.6277
91.6277
91.6277
91.6277
91.6277
91.6277
91.6277
91.6277
91.6277
91.6277
91.6277
91.6277
91.6277
91.6277
91.6277
91.6277
91.6277
91.6277
91.6277
91.6277
91.6277
91.6277
91.6277
91.6277
91.6277
91.6277
91.6277
91.6277
91.6277
91.6277
91.6277
91.6277
91.6277
91.6277
91.6277
91.6277
91.6277
91.6277
91.6277
91.6277
91.6277
91.6277
91.6277
91.6277
91.6277
91.6277
91.6277
91.6277
91.6277
91.6277
91.6277
91.6277
91.6277
91.6277
91.6277
91.6277
91.6277
91.6277
91.6277
91.6277
91.6277
91.6277
91.6277
91.6277
91.6277
91.6277
91.6277
91.6277
91.6277
91.6277
91.6277
91.6277
91.6277
91.6277
91.6277
91.6277
91.6277
91.6277
91.6277
91.6277
91.6277
91.6277
91.6277
91.6277
91.6277
91.6277
91.6277
91.6277
91.6277
91.6277
91.6277
91.6277
91.6277
91.6277
91.6277
91.6277
91.6277
91.6277
91.6277
91.6277
91.6277
91.6277
91.6277
91.6277
91.6277
91.6277
91.6277
91.6277
91.6277
91.6277
91.6277
91.6277
91.6277
91.6277
91.6277
91.6277
91.6277
91.6277
91.6277
91.6277
91.6277
91.6277
91.6277
91.6277
91.6277
91.6277
91.6277
91.6277
91.6277
91.6277
91.6277
91.6277
91.6277
91.6277
91.6277
91.6277
91.6277
91.6277
91.6277
91.6277
91.6277
91.6277
91.6277
91.6277
91.6277
91.6277
91.6276
91.6277
91.6277
91.6277
91.6277
91.6277
91.6277
91.6277
91.6277
91.6277
91.6267
91.6277
91.6277
91.6277
91.6277
91.6277
91.6277
91.6277
91.6277
91.6277
91.6277
91.6277
91.6277
91.6277
91.6277
91.6277
91.6277
91.6277
91.6277
91.6277
91.6277
91.6277
91.6277
91.6277
91.6277
91.6277
91.6277
91.6277
91.6277
91.6277
91.6277
91.6277
91.6277
91.6277
91.6277
91.6277
91.6277
91.6277
91.6277
91.6277
91.6277
91.6277
91.6277
91.6277
91.6277
91.6277
91.6277
91.6277
91.6277
91.6277
91.6277
91.6277
91.6277
91.6277
91.6277
91.6277
91.6277
91.6277
91.6277
91.6277
91.6237
91.6277
91.6277
91.6277
91.6277
91.6277
91.6277
91.6277
91.6277


18.5639
19.091
23.982
28.2376
29.5376
34.9689
35.7424
39.8993
39.8993
39.9047
45.4186
45.7972
48.7826
49.1344
51.4029
55.4772
58.1678
58.8443
60.265
62.063
63.7587
65.5366
66.3326
66.3326
66.3861
66.8075
68.385
69.6764
70.4805
74.0954
78.2195
78.6864
78.6864
78.6893
78.6893
79.0435
79.7468
79.9172
81.0074
81.2135
81.6964
81.8756
81.8756
82.5131
82.5712
82.9047
82.9047
82.937
84.6527
85.0363
85.0688
85.1149
85.1149
85.3228
85.7775
85.7968
85.8174
86.2046
86.5816
87.8968
87.8968
87.9583
88.1108
89.513
89.5378
89.5378
89.6625
89.6869
90.2529
90.2724
90.2956
90.3308
90.5427
90.5556
90.5712
90.6557
90.6891
90.7015
90.7089
90.7827
91.0498
91.1297
91.132
91.132
91.1327
91.2333
91.2394
91.2904
91.3301
91.3461
91.3461
91.4318
91.4318
91.4573
91.4601
91.4772
91.4978
91.5042
91.5323
91.5326
91.5404
91.5541
91.5543
91.5543
91.5573
91.5773
91.5775
91.5776
91.5986
91.5986
91.5986
91.6012
91.6093
91.6093
91.6095
91.6105
91.6117
91.6118
91.6142
91.6143
91.6149
91.6152
91.6152
91.6157
91.6197
91.6197
91.6197
91.6205
91.6215
91.6215
91.622
91.6227
91.6232
91.6242
91.6243
91.6244
91.6249
91.6249
91.6259
91.6259
91.6259
91.6263
91.6263
91.6267
91.6267
91.6267
91.6267
91.627
91.627
91.627
91.627
91.627
91.6271
91.6273
91.6273
91.6273
91.6273
91.6274
91.6274
91.6274
91.6274
91.6274
91.6274
91.6275
91.6275
91.6275
91.6275
91.6276
91.6276
91.6276
91.6276
91.6276
91.6276
91.6276
91.6276
91.6276
91.6276
91.6276
91.6276
91.6276
91.6276
91.6276
91.6276
91.6276
91.6276
91.6277
91.6277
91.6277
91.6277
91.6277
91.6277
91.6277
91.6277
91.6277
91.6277
91.6277
91.6277
91.6277
91.6277
91.6277
91.6277
91.6277
91.6277
91.6277
91.6277
91.6277
91.6277
91.6277
91.6277
91.6277
91.6277
91.6277
91.6277
91.6277
91.6277
91.6277
91.6277
91.6277
91.6277
91.6277
91.6277
91.6277
91.6277
91.6277
91.6277
91.6277
91.6277
91.6277
91.6277
91.6277
91.6277
91.6277
91.6277
91.6277
91.6277
91.6277
91.6277
91.6277
91.6277
91.6277
91.6277
91.6277
91.6277
91.6277
91.6277
91.6277
91.6277
91.6277
91.6277
91.6277
91.6277
91.6277
91.6277
91.6277
91.6277
91.6277
91.6277
91.6277
91.6277
91.6277
91.6277
91.6277
91.6277
91.6277
91.6277
91.6277
91.6277
91.6277
91.6277
91.6277
91.6277
91.6277
91.6277
91.6277
91.6277
91.6277
91.6277
91.6277
91.6277
91.6277
91.6277
91.6277
91.6277
91.6277
91.6277
91.6277
91.6277
91.6277
91.6277
91.6277
91.6277
91.6277
91.6277
91.6277
91.6277
91.6277
91.6277
91.6277
91.6277
91.6277
91.6277
91.6277
91.6277
91.6277
91.6277
91.6277
91.6277
91.6277
91.6277
91.6277
91.6277
91.6277
91.6277
91.6277
91.6277
91.6277
91.6277
91.6277
91.6277
91.6277
91.6277
91.6277
91.6277
91.6277
91.6277
91.6277
91.6277
91.6277
91.6277
91.6277
91.6277
91.6277
91.6277
91.6277
91.6277
91.6277
91.6277
91.6277
91.6277
91.6277
91.6277
91.6277
91.6277
91.6277
91.6277
91.6277
91.6277
91.6277
91.6277
91.6277
91.6277
91.6277
91.6277
91.6277
91.6277
91.6277
91.6277
91.6277
91.6277
91.6277
91.6277
91.6277
91.6277
91.6277
91.6277
91.6277
91.6277
91.6277
91.6277
91.6277
91.6277
91.6277
91.6277
91.6277
91.6277
91.6277
91.6277
91.6277
91.6277
91.6277
91.6277
91.6277
91.6277
91.6277
91.6277
91.6277
91.6277
91.6277
91.6277
91.6277
91.6277
91.6277
91.6277
91.6277
91.6277
91.6277
91.6277
91.6277
91.6277
91.6277
91.6277
91.6277
91.6277
91.6277
91.6277
91.6277
91.6277
91.6277
91.6277
91.6277
91.6277
91.6277
91.6277
91.6277
91.6277
91.6277
91.6277
91.6277
91.6277
91.6277
91.6277
91.6277
91.6277
91.6277
91.6277
91.6277
91.6277
91.6277
91.6277
91.6277
91.6277
91.6277
91.6277
91.6277
91.6277
91.6277
91.6277
91.6277
91.6277
91.6277
91.6277
91.6277
91.6277
91.6277
91.6277
91.6277
91.6277
91.6277
91.6277
91.6277
91.6277
91.6277
91.6277
91.6277
91.6277
91.6277
91.6277
91.6277
91.6277
91.6277
91.6277
91.6277
91.6277
91.6277
91.6277
91.6277
91.6277
91.6277
91.6277
91.6277
91.6277
91.6277
91.6277
91.6277
91.6277
91.6277
91.6277
91.6277
91.6277
91.6277
91.6277
91.6277
91.6277
91.6277
91.6277
91.6277
91.6277
91.6277
91.6277
91.6277
91.6277
91.6277
91.6277
91.6277
91.6277
91.6277
91.6277
91.6277
91.6277
91.6277


16.8896
18.4132
19.5936
22.4223
24.8588
28.3618
29.3385
35.5451
39.0605
40.2063
40.9789
42.2413
42.436
42.5872
45.9499
50.0919
51.387
51.387
54.0086
56.1384
56.1384
60.937
61.0143
65.0606
65.5363
68.8449
71.8783
71.8783
72.3158
72.484
73.8707
75.8962
75.9816
76.6092
76.8931
77.6032
77.72
78.4206
78.4299
78.4957
78.8972
79.1772
79.1835
79.4235
79.6207
79.726
80.2597
80.3874
80.4088
80.6812
80.6896
80.8939
81.1497
81.2214
81.2547
81.2549
81.2737
81.3026
81.3787
81.392
81.4984
81.5663
81.5663
81.6622
81.6622
81.7124
81.723
81.749
81.7696
81.8092
81.8137
81.8139
81.8663
81.8754
81.8767
81.8911
81.8961
81.897
81.9008
81.9068
81.9189
81.9241
81.9258
81.9259
81.9323
81.9323
81.9446
81.9456
81.9483
81.9507
81.9522
81.9547
81.9576
81.9595
81.9603
81.9634
81.9643
81.9649
81.9661
81.9667
81.9675
81.9682
81.9692
81.9693
81.9705
81.9714
81.9714
81.9715
81.9722
81.9724
81.9724
81.9726
81.9727
81.9728
81.9732
81.9735
81.9737
81.9738
81.9739
81.9739
81.9741
81.9741
81.9742
81.9742
82.994
82.9941
83.4388
83.8976
84.2778
84.4131
87.8458
87.8458
88.0598
88.0598
88.0598
88.3586
88.7852
88.8522
88.8522
88.8523
88.8523
88.7731
88.7731
88.9882
88.9882
88.9882
89.0503
89.0503
89.0503
89.0503
89.0863
89.0863
89.0863
89.4615
89.4615
89.5686
89.5686
89.5943
89.5943
89.6924
89.6924
89.6924
89.6924
89.7281
90.0377
90.0953
90.0953
90.1323
90.1323
90.1323
90.1323
90.2878
90.2878
90.4691
90.4746
90.4923
90.5541
90.5541
90.6562
90.6562
90.6961
90.7015
90.7015
90.8032
90.8032
90.839
90.905
90.905
90.9097
90.9661
91.0534
91.0736
91.1157
91.1157
91.1157
91.1347
91.1409
91.2518
91.2518
91.2554
91.2645
91.265
91.2709
91.2812
91.2984
91.2984
91.4054
91.4859
91.4859
91.4859
91.4859
91.5024
91.5079
91.5081
91.5081
91.5108
91.5521
91.5521
91.5521
91.5521
91.5539
91.5568
91.5611
91.5657
91.5657
91.578
91.578
91.5962
91.5962
91.6016
91.6024
91.6055
91.6081
91.6081
91.6125
91.6125
91.6125
91.6125
91.6127
91.6139
91.6139
91.614
91.614
91.6151
91.6151
91.6156
91.6156
91.6165
91.617
91.6194
91.6194
91.6215
91.6242
91.6242
91.6242
91.6242
91.6251
91.6255
91.6255
91.6255
91.6257
91.6259
91.6259
91.6259
91.6261
91.6261
91.6262
91.6264
91.6265
91.6266
91.6269
91.6269
91.6269
91.627
91.6272
91.6272
91.6272
91.6272
91.6272
91.6273
91.6273
91.6272
91.6273
91.6273
91.6274
91.6274
91.6274
91.6274
91.6274
91.6275
91.6275
91.6276
91.6276
91.6276
91.6276
91.6276
91.6276
91.6276
91.6276
91.6276
91.6276
91.6276
91.6276
91.6276
91.6276
91.6276
91.6276
91.6277
91.6277
91.6277
91.6277
91.6277
91.6277
91.6277
91.6277
91.6277
91.6277
91.6277
91.6277
91.6277
91.6277
91.6277
91.6277
91.6277
91.6277
91.6277
91.6277
91.6277
91.6277
91.6277
91.6277
91.6277
91.6277
91.6277
91.6277
91.6277
91.6277
91.6277
91.6277
91.6277
91.6277
91.6277
91.6277
91.6277
91.6277
91.6277
91.6277
91.6277
91.6277
91.6277
91.6277
91.6256
91.6277
91.6277
91.6277
91.6277
91.6277
91.6277
91.6277
91.6277
91.6277
91.6277
91.6277
91.6277
91.6277
91.6277
91.6277
91.6277
91.6277
91.6277
91.6277
91.6277
91.6277
91.6277
91.6277
91.6277
91.6277
91.6277
91.6277
91.6277
91.6277
91.6277
91.6277
91.6277
91.6277
91.6277
91.6277
91.6277
91.6277
91.6277
91.6277
91.6277
91.6277
91.6277
91.6277
91.6277
91.6277
91.6277
91.6277
91.6277
91.6277
91.6277
91.6277
91.6277
91.6277
91.6277
91.6277
91.6277
91.6277
91.6277
91.6277
91.6277
91.6277
91.6277
91.6277
91.6277
91.6277
91.6277
91.6277
91.6277
91.6277
91.6277
91.6277
91.6277
91.6277
91.6277
91.6277
91.6277
91.6277
91.6277
91.6277
91.6277
91.6277
91.6277
91.6277
91.6277
91.6277
91.6277
91.6277
91.6277
91.6277
91.6277
91.6277
91.6277
91.6277
91.6277
91.6277
91.6277
91.6277
91.6277
91.6277
91.6277
91.6277
91.6277
91.6277
91.6277
91.6277
91.6277
91.6277
91.6277
91.6277
91.6277
91.6277
91.6277
91.6277
91.6277
91.6277
91.6277
91.6277
91.6277
91.6277
91.6277
91.6277
91.6277
91.6277
91.6277
91.6277
91.6277
91.6277
91.6277
91.6277
91.6277
91.6277
91.6277
91.6277
91.6277
91.6277
91.6277
91.6277
91.6277
91.6277
91.6277
91.6277
91.6277
91.6277
91.6277
91.6277
91.6277
91.6277
91.6277


17.9338
19.8211
20.4
24.1471
26.5613
31.6123
32.1265
36.2391
43.1636
46.2861
48.438
49.0163
54.3349
54.4046
59.7597
59.7671
60.0092
63.4674
65.3982
67.0967
67.3078
67.3078
68.8083
70.7981
72.4938
72.4938
73.6444
74.4885
74.8795
76.5182
77.0039
77.5016
78.1329
80.3216
80.7793
82.2454
82.4932
82.4932
82.5337
82.6782
83.7047
83.6712
84.4187
85.0845
86.1211
86.1634
87.1668
87.4497
87.5294
87.7262
88.4195
88.2517
88.4596
88.712
89.2736
89.4671
89.5265
89.941
90.1866
90.2287
90.5575
90.5575
90.7301
90.7301
91.1197
91.1197
91.1208
91.2243
91.2256
91.2892
91.2916
91.4137
91.5483
91.6808
91.6824
91.6881
91.7455
91.7477
91.837
91.8862
91.8881
91.9495
91.9495
91.9502
92.022
92.0751
92.0831
92.0849
92.1374
92.1448
92.145
92.1574
92.1574
92.1586
92.1703
92.1804
92.193
92.204
92.2047
92.2072
92.2073
92.2155
92.218
92.2181
92.2206
92.2259
92.2307
92.2331
92.2374
92.2378
92.2386
92.24
92.2414
92.2414
92.2421
92.2436
92.2438
92.2439
92.2443
92.2451
92.2451
92.2455
92.2455
92.2457
92.2457
92.2457
92.2457
92.2459
92.2462
92.2462
92.2462
92.2464
92.2464
92.2466
92.2469
92.2469
92.247
92.2472
92.2472
92.2472
92.2473
92.2473
92.2473
92.2475
92.2475
92.2475
92.2475
92.2475
92.2476
92.2476
92.2477
92.2477
92.2477
92.2477
92.2477
92.2477
92.2477
92.2477
92.2477
92.2478
92.2478
92.2478
92.2478
92.2478
92.2478
92.2478
92.2478
92.2478
92.2478
92.2478
92.2478
92.2478
92.2478
92.2478
92.2478
92.2478
92.2478
92.2478
92.2478
92.2478
92.2478
92.2478
92.2478
92.2478
92.2478
92.2478
92.2478
92.2478
92.2478
92.2478
92.2478
92.2478
92.2478
92.2478
92.2478
92.2478
92.2478
92.2478
92.2478
92.2478
92.2478
92.2478
92.2478
92.2478
92.2478
92.2478
92.2478
92.2478
92.2478
92.2478
92.2478
92.2478
92.2478
92.2478
92.2478
92.2478
92.2478
92.2478
92.2478
92.2478
92.2478
92.2478
92.2478
92.2478
92.2478
92.2478
92.2478
92.2478
92.2478
92.2478
92.2478
92.2478
92.2478
92.2478
92.2478
92.2478
92.2478
92.2478
92.2478
92.2478
92.2478
92.2478
92.2478
92.2478
92.2478
92.2478
92.2478
92.2478
92.2478
92.2478
92.2478
92.2478
92.2478
92.2478
92.2478
92.2478
92.2478
92.2478
92.2478
92.2478
92.2478
92.2478
92.2478
92.2478
92.2478
92.2478
92.2478
92.2478
92.2478
92.2478
92.2478
92.2478
92.2478
92.2478
92.2478
92.2478
92.2478
92.2478
92.2478
92.2478
92.2478
92.2478
92.2478
92.2478
92.2478
92.2478
92.2478
92.2478
92.2478
92.2478
92.2478
92.2478
92.2478
92.2478
92.2478
92.2478
92.2478
92.2478
92.2478
92.2478
92.2478
92.2478
92.2478
92.2478
92.2478
92.2478
92.2478
92.2478
92.2478
92.2478
92.2478
92.2478
92.2478
92.2639
92.2711
92.2765
92.2913
92.3464
92.5014
92.5014
92.5184
92.5278
92.5278
92.5278
92.5443
92.5488
92.549
92.5784
92.5999
92.6232
92.6319
92.6491
92.678
92.6946
92.7156
92.7307
92.745
92.7548
92.7596
92.786
92.7979
92.8037
92.8295
92.8559
92.92
92.9656
93.0229
93.071
93.1566
93.3143
93.3851
93.5839
93.6061
93.6061
93.6535
93.6743
93.6777
93.6777
93.6777
93.6791
93.6845
93.6908
93.6957
93.6979
93.7045
93.7096
93.7096
93.711
93.711
93.711
93.7117
93.7125
93.7126
93.7248
93.731
93.7415
93.7417
93.7617
93.7672
93.7725
93.778
93.7906
93.8306
93.8306
93.8306
93.8355
93.837
93.837
93.8373
93.8373
93.8405
93.8432
93.8441
93.8456
93.8462
93.8463
93.8463
93.8463
93.8464
93.847
93.8472
93.8474
93.8474
93.8477
93.8477
93.8478
93.85
93.8549
93.8603
93.8679
93.8814
93.8884
93.9102
93.9272
93.9347
93.9463
94.0045
94.0821
94.144
94.2231
94.4292
94.6617
95.2414
95.6729
96.1407
96.1844
96.2121
96.2443
96.2688
96.2956
96.2956
96.2976
96.3081
96.3081
96.3336
96.3434
96.3434
96.3497
96.4346
96.4634
96.465
96.4657
96.4766
96.5391
96.5426
96.5426
96.5898
96.5935
96.5935
96.6179
96.6362
96.6357
96.6357
96.6357
96.6361
96.6392
96.6476
96.6547
96.656
96.6564
96.6564
96.657
96.6573
96.6574
96.6577
96.6587
96.6587
96.659
96.6591
96.6591
96.6593
96.6593
96.6602
96.6603
96.6605
96.661
96.661
96.661
96.6613
96.6618
96.6629
96.664
96.6658
96.6739
96.678
96.678
96.678
96.678
96.6782
96.6782
96.6805
96.6814
96.6814
96.6815
96.6815
96.6815
96.6815
96.6815
96.6815
96.6815


21.8265
21.8265
23.3275
27.3339
31.3941
36.0897
38.2148
40.8623
42.7257
45.1324
46.1224
46.6952
50.28
52.6022
53.9667
54.848
58.7588
60.5138
60.7962
62.6452
63.4757
64.5637
69.0986
69.0986
69.5043
71.4078
73.4181
74.9684
76.3981
76.3981
77.4579
77.1704
77.7492
78.5337
78.596
79.1693
81.0367
82.5779
82.8335
82.8527
83.0621
83.8218
83.8495
84.0213
84.6247
84.8151
85.3058
85.5776
85.7176
85.7928
85.8404
86.0409
86.1972
86.4896
86.5102
86.5811
86.7023
86.8521
86.9362
86.9362
87.0423
87.1333
87.1898
87.3122
87.3687
87.3745
87.3745
87.4108
87.4454
87.4827
87.5109
87.5137
87.5488
87.5555
87.5662
87.5784
87.5832
87.595
87.6026
87.6326
87.6328
87.6378
87.6443
87.6577
87.6688
87.6759
87.6819
87.6836
87.6855
87.6863
87.6902
87.6968
87.7002
87.7011
87.7014
87.704
87.7064
87.7086
87.7086
87.7117
87.7118
87.7124
87.7131
87.7137
87.7143
87.7147
87.7149
87.7158
87.7158
87.7166
87.7169
87.7172
87.7173
87.7174
87.7177
87.7177
87.7178
87.7181
87.7182
87.7183
87.7185
87.7185
87.7185
87.7185
87.7186
87.7187
87.7188
87.7188
87.7189
87.719
87.719
87.719
87.719
87.719
87.719
87.719
87.719
87.7191
87.7191
87.7191
87.7191
87.7191
87.7191
87.7191
87.7191
87.7191
87.7191
87.7191
87.7192
87.7192
87.7192
87.7192
87.7192
87.7192
87.7192
87.7192
87.7192
87.7192
87.7192
87.7192
87.7192
87.7192
87.7192
87.7192
87.7192
87.7192
87.7192
87.7192
87.7192
87.7192
87.7192
87.7192
87.7192
87.7192
87.7192
87.7192
87.7192
87.7192
87.7192
87.7192
87.7192
87.7192
87.7192
87.7192
87.7192
87.7192
87.7192
87.7192
87.7192
87.7192
87.7192
87.7192
87.7192
87.7192
87.7192
87.7192
87.7192
87.7192
87.7192
87.7192
87.7192
87.7192
87.7192
87.7192
87.7192
87.7192
87.7192
87.7192
87.7192
87.7192
87.7192
87.7192
87.7192
87.7192
87.7192
87.7192
87.7192
87.7192
87.7192
87.7192
87.7192
87.7192
87.7192
87.7192
87.7192
87.7192
87.7192
87.7192
87.7192
87.7192
87.7192
87.7192
87.7192
87.7192
87.7192
87.7192
87.7192
87.7192
87.7192
87.7192
87.7192
87.7192
87.7192
87.7192
87.7192
87.7192
87.7192
87.7192
87.7192
87.7192
87.7192
87.7192
87.7192
87.7192
87.7192
87.7192
87.7192
87.7192
87.7192
87.7192
87.7192
87.7192
87.7192
87.7192
87.7192
87.7192
87.7192
87.7192
87.7192
87.7192
87.7192
87.7192
87.7192
87.7192
87.7192
87.7192
87.7192
87.7192
87.7192
87.7192
87.7192
87.7192
87.7192
87.7192
87.7192
87.7192
87.7192
87.7192
87.7192
87.7192
87.7192
87.7192
87.7192
87.7192
87.7192
87.7192
87.7192
87.7192
87.7192
87.7192
87.7192
87.7192
87.7192
87.7192
87.7192
87.7192
87.7192
87.7192
87.7192
87.7192
87.7192
87.7192
87.7192
87.7192
87.7192
87.7192
87.7192
87.7192
87.7192
87.7192
87.7192
87.7192
87.7192
87.7192
87.7192
87.7192
87.7192
87.7192
87.7192
87.7192
87.7192
87.7192
87.7192
87.7192
87.7192
87.7192
87.7192
87.7192
87.7192
87.7192
87.7192
87.7192
87.7192
87.7192
87.7192
87.7192
87.7192
87.7192
87.7192
87.7192
87.7192
87.7192
87.7192
87.7192
87.7192
87.7192
87.7192
87.7192
87.7192
87.7192
87.7192
87.7192
87.7192
87.7192
87.7192
87.7192
87.7192
87.7192
87.7192
87.7192
87.7192
87.7186
87.7192
87.7192
87.7192
87.7192
87.7192
87.7192
87.7192
87.7192
87.7192
87.7192
87.7192
87.7192
87.7192
87.7192
87.7192
87.7192
87.7192
87.7192
87.7192
87.7192
87.7192
87.7192
87.7192
87.7192
87.7192
87.7192
87.7192
87.7192
87.7192
87.7192
87.7192
87.7192
87.7192
87.7192
87.7192
87.7192
87.7192
87.7192
87.7192
87.7192
87.7192
87.7192
87.7192
87.7192
87.7192
87.7192
87.7192
87.7192
87.7192
87.7192
87.7192
87.7192
87.7192
87.7192
87.7192
87.7192
87.7192
87.7192
87.7192
87.7192
87.7192
87.7192
87.7192
87.7192
87.7192
87.7192
87.7192
87.7192
87.7192
87.7192
87.7192
87.7192
87.7192
87.7192
87.7192
87.7192
87.7192
87.7192
87.7192
87.7192
87.7192
87.7192
87.7192
87.7192
87.7192
87.7192
87.7192
87.7192
87.7192
87.7192
87.7192
87.7192
87.7192
87.7192
87.7192
87.7192
87.7192
87.7192
87.7192
87.7192
87.7192
87.7192
87.7192
87.7192
87.7192
87.7192
87.7192
87.7192
87.7192
87.7192
87.7192
87.7192
87.7192
87.7192
87.7192
87.7192
87.7192
87.7192
87.7192
87.7192
87.7192
87.7192
87.7192
87.7192
87.7192
87.7192
87.7192
87.7192


21.0379
23.4965
25.8579
27.3284
34.0571
34.743
37.0411
37.602
42.0891
47.575
48.7633
50.3476
50.7741
51.2213
51.2213
52.9133
53.7312
58.1353
62.3438
62.389
64.1502
65.6154
66.4226
69.0852
69.1622
70.6867
72.0993
72.0993
72.6702
72.6702
75.5484
77.49
77.49
78.1361
78.5304
80.7141
81.2767
82.2249
82.3456
82.5736
83.3917
83.3917
83.6857
83.7693
83.7977
84.1244
84.5363
84.7165
84.7857
84.9905
85.0789
85.1776
85.2904
85.3099
85.4759
85.5773
85.7553
85.7672
85.7995
85.8858
85.9014
85.8995
85.9775
85.9947
86.0897
86.0976
86.102
86.1048
86.1048
86.1199
86.1452
86.1497
86.1511
86.168
86.1743
86.1811
86.1811
86.1882
86.204
86.204
86.204
86.2044
86.2186
86.2205
86.2212
86.2212
86.2212
86.2212
86.2223
86.2224
86.2241
86.2242
86.2254
86.2257
86.226
86.2262
86.2276
86.23
86.23
86.231
86.2313
86.2326
86.2328
86.2329
86.233
86.233
86.2332
86.2332
86.2334
86.2335
86.2336
86.2336
86.2338
86.2339
86.2339
86.234
86.2341
86.2341
86.2341
86.2342
86.2342
86.2343
86.2343
86.2343
86.2344
86.2344
86.2344
86.2344
86.2344
86.2345
86.2345
86.2345
86.2345
86.2345
86.2345
86.2346
86.2346
86.2346
86.2346
86.2346
86.2346
86.2346
86.2346
86.2346
86.2346
86.2346
86.2346
86.2346
86.2346
86.2346
86.2346
86.2346
86.2346
86.2346
86.2346
86.2346
86.2346
86.2346
86.2346
86.2346
86.2346
86.2346
86.2346
86.2346
86.2346
86.2346
86.2346
86.2346
86.2346
86.2346
86.2346
86.2346
86.2346
86.2346
86.2346
86.2346
86.2346
86.2346
86.2346
86.2346
86.2346
86.2346
86.2346
86.2346
86.2346
86.2346
86.2346
86.2346
86.2346
86.2346
86.2346
86.2346
86.2346
86.2346
86.2346
86.2346
86.2346
86.2346
86.2346
86.2346
86.2346
86.2346
86.2346
86.2346
86.2346
86.2346
86.2346
86.2346
86.2346
86.2346
86.2346
86.2346
86.2346
86.2346
86.2346
86.2346
86.2346
86.2346
86.2346
86.2346
86.2346
86.2346
86.2346
86.2346
86.2346
86.2346
86.2346
86.2346
86.2346
86.2346
86.2346
86.2346
86.2346
86.2346
86.2346
86.2346
86.2346
86.2346
86.2346
86.2346
86.2346
86.2346
86.2346
86.2346
86.2346
86.2346
86.2346
86.2346
86.2346
86.2346
86.2346
86.2346
86.2346
86.2346
86.2346
86.2346
86.2346
86.2346
86.2346
86.2346
86.2346
86.2346
86.2346
86.2346
86.2346
86.2346
86.2346
86.2346
86.2346
86.2346
86.2346
86.2346
86.2346
86.2346
86.2346
86.2346
86.2346
86.2346
86.2346
86.2346
86.2346
86.2346
86.2346
86.2346
86.2346
86.2346
86.2346
86.2346
86.2346
86.2346
86.2346
86.2346
86.2346
86.2346
86.2346
86.2346
86.2346
86.2346
86.2346
86.2346
86.2346
86.2346
86.2346
86.2346
86.2346
86.2346
86.2346
86.2346
86.2346
86.2346
86.2346
86.2346
86.2346
86.2346
86.2346
86.2346
86.2346
86.2346
86.2346
86.2346
86.2346
86.2346
86.2346
86.2346
86.2346
86.2346
86.2346
86.2346
86.2346
86.2346
86.2346
86.2346
86.2346
86.2346
86.2346
86.2346
86.2346
86.2346
86.2346
86.2346
86.2346
86.2346
86.2346
86.2346
86.2346
86.2346
86.2346
86.2346
86.2346
86.2346
86.2346
86.2346
86.2346
86.2346
86.2346
86.2346
86.2346
86.2346
86.2346
86.2346
86.2346
86.2346
86.2346
86.2346
86.2346
86.2346
86.2346
86.2346
86.2346
86.2346
86.2346
86.2346
86.2346
86.2346
86.2346
86.2346
86.2346
86.2346
86.2346
86.2346
86.2346
86.2302
86.2346
86.2346
86.2346
86.2346
86.2346
86.2346
86.2346
86.2346
86.2346
86.2346
86.2346
86.2346
86.2346
86.2346
86.2346
86.2346
86.2346
86.2346
86.2346
86.2346
86.2346
86.2346
86.2346
86.2346
86.2346
86.2346
86.2346
86.2346
86.2346
86.2346
86.2346
86.2346
86.2346
86.2346
86.2346
86.2346
86.2346
86.2346
86.2346
86.2346
86.2346
86.2346
86.2346
86.2346
86.2346
86.2346
86.2346
86.2346
86.2346
86.2346
86.2346
86.2346
86.2346
86.2346
86.2346
86.2346
86.2346
86.2346
86.2346
86.2332
86.2346
86.2346
86.2346
86.2346
86.2346
86.2346
86.2346
86.2346
86.2346
86.2346
86.2346
86.2346
86.2346
86.2346
86.2346
86.2346
86.2346
86.2346
86.2346
86.2346
86.2346
86.2346
86.2346
86.2346
86.2346
86.2346
86.2346
86.2346
86.2346
86.2346
86.2346
86.2346
86.2346
86.2346
86.2346
86.2346
86.2346
86.2346
86.2346
86.2346
86.2346
86.2346
86.2346
86.2346
86.2346
86.2346
86.2346
86.2346
86.2346
86.2346
86.2346
86.2346
86.2346
86.2346
86.2346
86.2346
86.2346
86.2346


