0.142662
0.1598
0.172217
0.172217
0.181983
0.182403
0.208969
0.242986
0.256003
0.291512
0.291512
0.270372
0.323756
0.347661
0.37506
0.41192
0.416336
0.424743
0.459725
0.498737
0.517335
0.540105
0.571977
0.577174
0.632619
0.707542
0.739288
0.739288
0.753407
0.785165
0.815507
0.818586
0.819803
0.835863
0.845362
0.878129
0.884364
0.884364
0.884364
0.885539
0.894473
0.894473
0.901381
0.910462
0.919941
0.925398
0.937203
0.942969
0.953685
0.959285
0.963038
0.968539
0.969176
0.970155
0.97511
0.977482
0.978349
0.980421
0.985819
0.985819
0.986557
0.986834
0.988432
0.98968
0.989907
0.990999
0.991977
0.994907
0.995025
0.995388
0.995494
0.996034
0.996785
0.996987
0.997117
0.997409
0.997506
0.99793
0.997989
0.998041
0.998483
0.998691
0.998903
0.998957
0.999045
0.999134
0.999158
0.999239
0.999266
0.999292
0.999362
0.999552
0.999588
0.999629
0.999629
0.999691
0.999723
0.999729
0.999752
0.999827
0.999827
0.999853
0.999853
0.999862
0.999871
0.999876
0.999886
0.999898
0.999908
0.999911
0.999933
0.999936
0.999941
0.99995
0.999959
0.99996
0.999962
0.999963
0.999976
0.999977
0.99998
0.99998
0.99998
0.999982
0.999985
0.999985
0.999988
0.999988
0.999988
0.99999
0.99999
0.999991
0.999993
0.999994
0.999994
0.999994
0.999995
0.999996
0.999996
0.999996
0.999996
0.999996
0.999997
0.999997
0.999997
0.999998
0.999998
0.999998
0.999998
0.999998
0.999998
0.999999
0.999999
0.999999
0.999999
0.999999
0.999999
0.999999
0.999999
0.999999
0.999999
0.999999
0.999999
0.999999
1
1
1
1
1
1
1
1
1
1
1
1
1
1
1
1
1
1
1
1
1
1
1
1
1
1
1
1
1
1
1
1
1
1
1
1
1
1
1
1
1
1
1
1
1
1
1
1
1
1
1
1
1
1
1
1
1
1
1
1
1
1
1
1
1
1
1
1
1
1
1
1
1
1
1
1
1
1
1
1
1
1
1
1
1
1
1
1
1
1
1
1
1
1
1
1
1
1
1
1
1
1
1
1
1
1
1
1
1
1
1
1
1
1
1
1
1
1
1
1
1
1
1
1
1
1
1
1
1
1
1
1
1
1
1
1
1
1
1
1
1
1
1
1
1
1
1
1
1
1
1
1
1
1
1
1
1
1
1
1
1
1
1
1
1
1
1
1
1
1
1
1
1
1
1
1
1
1
1
1
1
1
1
1
1
1
1
1
1
1
1
1
1
1
1
1
1
1
1
1
1
1
1
1
1
1
1
1
1
1
1
1
1
1
1
1
1
1
1
1
1
1
1
1
1
1
1
1
1
1
1
1
1
1
1
1
1
0.999869
1
1
1
1
1
1
1
1
1
1
1
1
1
1
1
1
1
1
1
0.999981
1
1
1
1
1
1
1
1
1
1
1
1
1
1
1
1
1
1
1
1
1
1
1
1
1
1
1
1
1
1
1
1
1
1
1
1
1
1
1
1
1
1
1
1
1
1
1
1
1
1
1
1
1
1
1
1
1
1
1
1
1
1
1
1
1
1
1
1
1
1
1
1
1
1
1
1
1
1


0.11977
0.142526
0.170073
0.170073
0.182095
0.183539
0.198615
0.20364
0.250125
0.264279
0.271966
0.27879
0.304674
0.30587
0.311629
0.367664
0.431577
0.448243
0.453203
0.453203
0.47326
0.460053
0.473994
0.483805
0.532079
0.532079
0.59362
0.612625
0.656639
0.662425
0.703027
0.728174
0.733313
0.741359
0.751512
0.760654
0.761702
0.766736
0.787287
0.787318
0.803504
0.823128
0.837878
0.865699
0.866831
0.875089
0.892515
0.896467
0.896473
0.902689
0.908051
0.914778
0.915892
0.917116
0.929914
0.93042
0.93042
0.93216
0.935492
0.935616
0.938953
0.943036
0.963634
0.963634
0.964706
0.964706
0.967218
0.967218
0.96857
0.971259
0.972998
0.973566
0.975943
0.975943
0.976718
0.976936
0.977256
0.97739
0.97799
0.978619
0.978619
0.978469
0.978889
0.979408
0.979842
0.97986
0.980222
0.98024
0.980544
0.980952
0.980972
0.981216
0.981412
0.981955
0.982063
0.982063
0.982104
0.982231
0.982256
0.982343
0.982371
0.982423
0.982508
0.982508
0.982508
0.982508
0.982542
0.982542
0.982651
0.982717
0.982732
0.982724
0.982742
0.982768
0.982828
0.98284
0.982875
0.982875
0.982875
0.982885
0.9829
0.982899
0.982904
0.982905
0.98293
0.982935
0.982951
0.982953
0.982959
0.982961
0.982964
0.982973
0.982974
0.982974
0.98298
0.982981
0.982981
0.982983
0.982986
0.982989
0.98299
0.982989
0.982991
0.982992
0.982993
0.982995
0.982996
0.982996
0.982997
0.982997
0.982998
0.982998
0.982998
0.982998
0.982999
0.982999
0.982999
0.982999
0.983
0.983
0.983
0.983
0.983
0.983
0.983
0.983
0.983
0.983
0.983001
0.983001
0.983001
0.983001
0.983001
0.983001
0.983001
0.983001
0.983001
0.983001
0.983001
0.983001
0.983001
0.983001
0.983001
0.983001
0.983001
0.983001
0.983001
0.983001
0.983001
0.983001
0.983001
0.983001
0.983001
0.983001
0.983001
0.983001
0.983001
0.983001
0.983001
0.983001
0.983006
0.981648
0.983001
0.983001
0.983001
0.98432
0.985345
0.988427
0.991138
0.991138
0.991934
0.990409
0.990409
0.990801
0.990801
0.990801
0.991943
0.991943
0.991943
0.991943
0.993605
0.993605
0.994096
0.99434
0.99434
0.99434
0.994351
0.994351
0.995612
0.995612
0.995612
0.995612
0.996049
0.996254
0.996254
0.996336
0.996336
0.996336
0.99636
0.996403
0.996725
0.996891
0.997009
0.997804
0.997934
0.997934
0.997934
0.997934
0.998108
0.998108
0.99812
0.998304
0.998304
0.998435
0.998435
0.998435
0.998502
0.998602
0.998634
0.998728
0.998874
0.998775
0.998866
0.998866
0.998909
0.998994
0.998994
0.998994
0.999006
0.999006
0.999051
0.999051
0.999051
0.99911
0.99913
0.999134
0.999186
0.999235
0.99924
0.99924
0.99925
0.999255
0.999265
0.999275
0.999279
0.999306
0.999332
0.999347
0.999351
0.999362
0.999373
0.999391
0.999393
0.999395
0.999395
0.999404
0.99941
0.999416
0.999416
0.999428
0.999436
0.999434
0.999436
0.999442
0.999452
0.999454
0.999455
0.999458
0.99946
0.999462
0.999463
0.999465
0.999467
0.999467
0.999468
0.999474
0.999475
0.999476
0.99948
0.999494
0.999505
0.999506
0.999512
0.99952
0.99952
0.999521
0.999522
0.999523
0.999527
0.99953
0.999533
0.999531
0.999533
0.999534
0.999534
0.999535
0.999535
0.999535
0.999535
0.999536
0.999536
0.999536
0.999536
0.999536
0.999536
0.999544
0.999546
0.999548
0.999548
0.999548
0.999548
0.999548
0.999548
0.999549
0.999549
0.999549
0.999549
0.999549
0.99955
0.99955
0.99955
0.99955
0.99955
0.999551
0.999552
0.999552
0.999552
0.999552
0.999552
0.999552
0.999552
0.999552
0.999552
0.999552
0.999552
0.999552
0.999552
0.999553
0.999553
0.999553
0.999553
0.999553
0.999553
0.999553
0.999553
0.999553
0.999553
0.999553
0.999553
0.999553
0.999553
0.999553
0.999553
0.999553
0.999553
0.999553
0.999553
0.999553
0.999553
0.999553
0.999553
0.999553
0.999553
0.999553
0.999553
0.999553
0.999553
0.999553
0.999553
0.999553
0.999553
0.999553
0.999553
0.999553
0.999553
0.999553
0.999553
0.999553
0.999553
0.999553
0.999553
0.999553
0.999553
0.999553
0.999553
0.999553
0.999553
0.999553
0.999553
0.999553
0.999553
0.999553
0.999553
0.999553
0.999553
0.999553
0.999553
0.999553
0.999553
0.999553
0.999553
0.999553
0.999553
0.999553
0.999553
0.999553
0.999553
0.999553
0.999553
0.999553
0.999553
0.999553
0.999553
0.999553
0.999553
0.999553
0.999553
0.999553
0.999553
0.999553
0.999553
0.999553
0.999553
0.999553
0.999553
0.999553
0.999553
0.999553
0.999553
0.999553
0.999553
0.999553
0.999553
0.999553
0.999553
0.999553
0.999553
0.999553
0.999553
0.999553
0.999553
0.999553
0.999553
0.999553
0.999553
0.999553
0.999553
0.999553
0.999553
0.999553
0.999553
0.999553
0.999553
0.999553
0.999553
0.999553
0.999553
0.999553
0.999553
0.999553


0.10709
0.118755
0.118755
0.151981
0.154658
0.184846
0.225812
0.225812
0.225812
0.240523
0.243102
0.300304
0.300304
0.311568
0.326905
0.341225
0.371548
0.38202
0.38202
0.386553
0.401915
0.411328
0.438202
0.448549
0.559781
0.559781
0.559781
0.588045
0.595683
0.613221
0.63796
0.638914
0.650206
0.664254
0.674063
0.690318
0.69105
0.705918
0.711667
0.722499
0.735498
0.738084
0.738107
0.766124
0.77012
0.773572
0.78915
0.792027
0.799911
0.807709
0.82795
0.823187
0.831532
0.83277
0.835202
0.836337
0.849555
0.852789
0.854926
0.859835
0.860323
0.861665
0.863029
0.865367
0.877325
0.877325
0.877544
0.877544
0.879389
0.879389
0.882334
0.885199
0.88796
0.898358
0.898358
0.900437
0.901268
0.907356
0.917795
0.920375
0.920375
0.921154
0.921829
0.921829
0.922637
0.923141
0.924226
0.924226
0.924226
0.924226
0.942174
0.942482
0.942482
0.942482
0.944032
0.944032
0.947929
0.947929
0.950623
0.951644
0.951826
0.952085
0.952786
0.956759
0.957367
0.962293
0.96233
0.964851
0.966245
0.967382
0.967418
0.967438
0.967881
0.967881
0.967937
0.967939
0.968054
0.968222
0.968338
0.968804
0.970439
0.971871
0.977507
0.984511
0.984511
0.984522
0.984522
0.984522
0.984522
0.984525
0.984544
0.984336
0.984339
0.985043
0.985044
0.98505
0.98505
0.98505
0.98505
0.98505
0.985054
0.985062
0.985065
0.985234
0.985238
0.98817
0.98817
0.98817
0.98856
0.98911
0.98937
0.989392
0.989392
0.989394
0.989396
0.9897
0.989886
0.990149
0.990655
0.990967
0.990967
0.991258
0.991822
0.991822
0.993033
0.993635
0.993635
0.994131
0.995155
0.995155
0.995368
0.995368
0.995368
0.996517
0.996517
0.997071
0.997071
0.997072
0.997889
0.997889
0.997889
0.998296
0.998296
0.998647
0.998854
0.998944
0.998983
0.999053
0.999131
0.999131
0.999141
0.999141
0.999155
0.99917
0.999173
0.999173
0.999173
0.999184
0.999327
0.999327
0.999443
0.999521
0.999521
0.999526
0.9996
0.999615
0.999618
0.999619
0.999619
0.999619
0.99962
0.999796
0.999796
0.999796
0.999798
0.999828
0.999831
0.999831
0.999853
0.999853
0.999884
0.999881
0.999881
0.999888
0.999888
0.999895
0.999895
0.999901
0.999901
0.999905
0.999919
0.99993
0.999932
0.999932
0.999934
0.999936
0.999936
0.999936
0.99994
0.99994
0.999944
0.999943
0.999945
0.999945
0.99995
0.99995
0.99995
0.999961
0.999966
0.999968
0.999968
0.999971
0.999976
0.999976
0.999976
0.999976
0.999982
0.999982
0.999986
0.999986
0.999986
0.999986
0.999988
0.999988
0.999989
0.999989
0.999991
0.999991
0.999992
0.999993
0.999996
0.999995
0.999995
0.999995
0.999996
0.999996
0.999996
0.999997
0.999997
0.999997
0.999997
0.999997
0.999998
0.999998
0.999998
0.999998
0.999999
0.999999
0.999999
0.999999
0.999999
0.999999
0.999999
0.999999
0.999999
0.999999
0.999999
0.999999
1
1
1
1
1
1
1
1
1
1
1
1
1
1
1
1
1
1
1
1
1
1
1
1
1
1
1
1
1
1
1
1
1
1
1
1
1
1
1
1
1
1
1
1
1
1
1
1
1
1
1
1
1
1
1
1
1
1
1
1
1
1
1
1
1
1
1
1
1
1
1
1
1
1
1
1
1
1
1
1
1
1
1
1
1
1
1
1
1
1
1
1
1
1
1
1
1
1
1
1
1
1
1
1
1
1
1
1
1
1
1
1
1
1
1
1
1
1
1
1
1
1
1
1
1
1
1
1
1
1
1
1
1
1
1
1
1
1
1
1
1
1
1
1
1
1
1
1
1
1
1
1
1
1
1
1
1
1
1
1
1
1
1
1
1
1
1
1
1
1
1
1
1
1
1
1
1
1
1
1
1
1
1
1
1
1
1
1
1
1
1
1
1
1
1
1
1
1
1
1
1
1


0.108506
0.123443
0.152343
0.165436
0.187099
0.192121
0.238455
0.24511
0.288627
0.313207
0.316812
0.340242
0.359191
0.362101
0.362101
0.362103
0.370449
0.465262
0.472852
0.472852
0.506363
0.523604
0.572687
0.59585
0.639765
0.680692
0.716343
0.72998
0.731457
0.801756
0.801756
0.806692
0.812317
0.822357
0.829709
0.839669
0.860085
0.879908
0.888104
0.888104
0.911768
0.925612
0.927232
0.934933
0.934933
0.936577
0.942566
0.945343
0.94604
0.947918
0.954949
0.958242
0.959224
0.959913
0.960595
0.963845
0.966862
0.967344
0.968268
0.971211
0.971393
0.972547
0.973227
0.974077
0.975152
0.97565
0.97567
0.975848
0.976414
0.977637
0.97822
0.978494
0.978594
0.978624
0.978784
0.978856
0.978954
0.979202
0.979202
0.979381
0.979506
0.979539
0.979624
0.979656
0.979656
0.979868
0.979923
0.979928
0.979994
0.980031
0.980049
0.980089
0.980135
0.980155
0.980172
0.980208
0.980221
0.980227
0.980227
0.980243
0.980255
0.980272
0.980272
0.980287
0.9803
0.980305
0.980307
0.980308
0.98032
0.980321
0.980326
0.980327
0.980333
0.980336
0.980339
0.980339
0.98034
0.980341
0.980345
0.980345
0.980345
0.980346
0.980346
0.980348
0.980349
0.980349
0.98035
0.98035
0.980351
0.980352
0.980353
0.980352
0.980353
0.980353
0.980353
0.980353
0.980354
0.980354
0.980354
0.980354
0.980354
0.980355
0.980355
0.980355
0.980355
0.980355
0.980355
0.980355
0.980355
0.980355
0.980355
0.980355
0.980355
0.980355
0.980355
0.980355
0.980355
0.980355
0.980355
0.980355
0.980355
0.980355
0.980355
0.980355
0.980355
0.980355
0.980355
0.980355
0.980355
0.980355
0.980355
0.980355
0.980355
0.980355
0.980355
0.980355
0.980355
0.980355
0.980355
0.980355
0.980355
0.980355
0.980355
0.980355
0.980355
0.980355
0.980355
0.980355
0.980355
0.980355
0.980355
0.980355
0.980355
0.980355
0.980355
0.980355
0.980355
0.980355
0.980355
0.980355
0.980355
0.980355
0.980355
0.980355
0.980355
0.980355
0.980355
0.980355
0.980355
0.980355
0.980355
0.980355
0.980355
0.980355
0.980355
0.980355
0.980355
0.980355
0.980355
0.980355
0.980355
0.980355
0.980355
0.980355
0.980355
0.980355
0.980355
0.980355
0.980355
0.980355
0.980355
0.980355
0.980355
0.980355
0.980355
0.980355
0.980355
0.980355
0.980355
0.980355
0.980355
0.980355
0.980355
0.980355
0.980355
0.980355
0.980355
0.980355
0.980355
0.980355
0.980355
0.980355
0.980355
0.980355
0.980355
0.980355
0.980355
0.980355
0.980355
0.980355
0.980355
0.980355
0.980355
0.980355
0.980355
0.980355
0.980355
0.980355
0.980355
0.980355
0.980355
0.980355
0.980355
0.980355
0.980355
0.980355
0.980355
0.980355
0.980355
0.980355
0.980355
0.980355
0.980355
0.980355
0.980355
0.980355
0.980355
0.980355
0.980355
0.980355
0.980355
0.980355
0.980355
0.980355
0.980355
0.980355
0.980355
0.980355
0.980355
0.980355
0.980355
0.980355
0.980355
0.980355
0.980355
0.980355
0.980355
0.980355
0.980355
0.980355
0.980355
0.980355
0.980355
0.980355
0.980355
0.980355
0.980355
0.980355
0.980355
0.980355
0.980355
0.980355
0.980355
0.980355
0.980355
0.980355
0.980355
0.980355
0.980355
0.980355
0.980355
0.980352
0.980355
0.980355
0.980355
0.980355
0.980355
0.980355
0.980355
0.980355
0.980355
0.980355
0.980355
0.980355
0.980355
0.980355
0.980355
0.980355
0.980355
0.980355
0.980355
0.980355
0.980355
0.980355
0.980355
0.980355
0.980355
0.980355
0.980355
0.980355
0.980355
0.980355
0.980355
0.980355
0.980355
0.980355
0.980355
0.980355
0.980355
0.980355
0.980355
0.980355
0.980355
0.980355
0.980355
0.980355
0.980355
0.980355
0.980355
0.980355
0.980355
0.980355
0.980355
0.980355
0.980355
0.980355
0.980355
0.980355
0.980355
0.980355
0.980355
0.980355
0.980355
0.980355
0.980355
0.980355
0.980355
0.980355
0.984331
0.984331
0.984331
0.980517
0.982998
0.984173
0.984173
0.984173
0.984233
0.984233
0.984248
0.984248
0.984248
0.984714
0.9849
0.984965
0.985088
0.985148
0.985175
0.985184
0.985193
0.985212
0.985224
0.98523
0.985244
0.985276
0.985293
0.985301
0.985312
0.985329
0.985338
0.985342
0.985345
0.985349
0.985353
0.985362
0.985367
0.985375
0.985377
0.985379
0.985379
0.985379
0.985379
0.985379
0.985379
0.985379
0.985379
0.985379
0.985379
0.985862
0.987159
0.987159
0.987159
0.990091
0.991372
0.992272
0.994976
0.994976
0.994976
0.995376
0.995402
0.99554
0.99554
0.995804
0.996093
0.996133
0.996235
0.996235
0.996239
0.996271
0.996556
0.996666
0.996667
0.996733
0.996733
0.996733
0.996768
0.996782
0.996782
0.997388
0.998878
0.998878
0.998966
0.999013
0.999013
0.999013
0.999082
0.999082
0.999363
0.999512
0.999512
0.999652
0.999676
0.999695
0.999695
0.999711
0.999749
0.999767
0.999767
0.999784
0.999784
0.999784


0.123462
0.126683
0.137104
0.141093
0.141093
0.148168
0.163025
0.175748
0.199488
0.204598
0.247509
0.278154
0.287498
0.287498
0.289944
0.327553
0.349663
0.349663
0.361013
0.380999
0.403413
0.403413
0.404728
0.429709
0.429887
0.450544
0.478892
0.520026
0.520026
0.542528
0.552212
0.552212
0.575535
0.58932
0.605527
0.611993
0.624041
0.634102
0.666278
0.669931
0.673391
0.683933
0.703475
0.709546
0.709546
0.71437
0.719162
0.723513
0.733912
0.733912
0.747714
0.752976
0.755768
0.758108
0.763191
0.764337
0.768801
0.768801
0.769865
0.771994
0.773552
0.774723
0.775892
0.779285
0.781852
0.782741
0.78276
0.783031
0.783381
0.784079
0.786208
0.786578
0.786977
0.787285
0.788096
0.788381
0.788619
0.789204
0.789251
0.789251
0.789257
0.789937
0.79001
0.790047
0.790193
0.790375
0.790534
0.790574
0.790658
0.790735
0.790807
0.790875
0.791056
0.791236
0.791354
0.791421
0.791482
0.791556
0.791583
0.791583
0.791621
0.791629
0.791676
0.791684
0.791693
0.791717
0.791722
0.791748
0.791754
0.791767
0.791776
0.791785
0.791797
0.791798
0.791798
0.7918
0.804438
0.804438
0.805961
0.805962
0.805963
0.795073
0.805541
0.820783
0.820785
0.820786
0.820786
0.822038
0.822038
0.82204
0.822041
0.822042
0.822042
0.822042
0.822042
0.846169
0.84617
0.862054
0.862054
0.862055
0.862055
0.865212
0.867716
0.886036
0.892323
0.892708
0.894756
0.894756
0.894757
0.894757
0.896758
0.896758
0.896905
0.896905
0.896905
0.900851
0.900851
0.901206
0.902012
0.905846
0.907596
0.91008
0.91008
0.9173
0.9173
0.9173
0.9173
0.9173
0.918861
0.918861
0.920283
0.920283
0.920283
0.920283
0.920283
0.920283
0.920283
0.920283
0.921413
0.921413
0.923007
0.923993
0.923993
0.923993
0.924279
0.925948
0.925948
0.925974
0.931169
0.931169
0.931169
0.931758
0.932174
0.932174
0.932776
0.933784
0.933784
0.934017
0.934992
0.934992
0.936036
0.936036
0.937769
0.937769
0.937769
0.938041
0.938041
0.938481
0.938481
0.938481
0.938742
0.938742
0.938742
0.938742
0.938742
0.938742
0.938826
0.93889
0.938948
0.939318
0.939514
0.93951
0.939679
0.939757
0.939757
0.939757
0.93998
0.939995
0.940324
0.940407
0.940544
0.940486
0.940577
0.940577
0.940577
0.940577
0.940577
0.940577
0.940577
0.940646
0.940646
0.940649
0.940666
0.940666
0.940666
0.94069
0.94069
0.94069
0.940692
0.940692
0.940694
0.940722
0.940728
0.940742
0.940755
0.940755
0.94076
0.94076
0.940777
0.940785
0.940785
0.940785
0.940788
0.940788
0.940791
0.940792
0.940792
0.940807
0.940807
0.940811
0.940811
0.940812
0.940817
0.940817
0.940817
0.940825
0.940826
0.940829
0.940832
0.940832
0.940832
0.940834
0.940834
0.940839
0.940839
0.940841
0.940843
0.940845
0.940845
0.940846
0.940846
0.940847
0.940848
0.940848
0.940849
0.940849
0.940849
0.940849
0.94085
0.94085
0.94085
0.940851
0.940851
0.940851
0.940851
0.940851
0.940851
0.940851
0.940851
0.940851
0.940852
0.940852
0.940852
0.940852
0.940852
0.940852
0.940852
0.940852
0.940852
0.940852
0.940852
0.940852
0.940852
0.940852
0.940852
0.940852
0.940852
0.940852
0.940852
0.940852
0.940852
0.940852
0.940852
0.940852
0.940852
0.940852
0.940852
0.940852
0.940853
0.940853
0.940853
0.940853
0.940853
0.940853
0.940853
0.940853
0.940853
0.940853
0.940853
0.940853
0.940853
0.940853
0.940853
0.940853
0.940853
0.940853
0.940853
0.940853
0.940853
0.940853
0.940853
0.940853
0.940853
0.940853
0.940853
0.940853
0.940853
0.940853
0.940853
0.940853
0.940853
0.940853
0.940853
0.940853
0.940853
0.940853
0.940853
0.940853
0.940853
0.940853
0.940853
0.940853
0.940853
0.940853
0.940853
0.940853
0.940853
0.940853
0.940853
0.940853
0.940853
0.940853
0.940853
0.940853
0.940853
0.940853
0.940853
0.940853
0.940853
0.940853
0.940853
0.940853
0.940853
0.940853
0.940853
0.940853
0.940853
0.940853
0.940853
0.940853
0.940853
0.940853
0.940853
0.940853
0.940853
0.940853
0.940853
0.940853
0.940853
0.940853
0.940853
0.940853
0.940853
0.940853
0.940853
0.940853
0.940853
0.940853
0.940853
0.940853
0.940853
0.940853
0.940853
0.940853
0.940853
0.940853
0.940853
0.940853
0.940853
0.940853
0.940853
0.940853
0.940853
0.940853
0.940853
0.940853
0.940853
0.940853
0.940853
0.940853
0.940853
0.940853
0.940853
0.940853
0.940853
0.940853
0.940853
0.940853
0.940853
0.940853
0.940853
0.940853
0.940853
0.940853
0.940853
0.940853
0.940853
0.940853
0.940853
0.940853
0.940853
0.940853
0.940853
0.940853
0.940853
0.940853
0.940853
0.940853
0.940853
0.940853
0.940853
0.940853
0.940853
0.940853
0.940853
0.940853
0.940853
0.940853
0.940853
0.940853
0.940853
0.940853
0.940853
0.940853
0.940853
0.940853
0.940853
0.940853
0.940853
0.940853


0.114229
0.133924
0.17957
0.218721
0.232073
0.247436
0.278749
0.29142
0.298778
0.298778
0.312691
0.329389
0.377724
0.395232
0.419382
0.419382
0.430936
0.431814
0.446046
0.490842
0.53143
0.589878
0.595323
0.595577
0.645603
0.664736
0.666166
0.689543
0.706016
0.718243
0.740191
0.746584
0.766006
0.793655
0.793908
0.815031
0.832708
0.854917
0.85615
0.87779
0.899575
0.911293
0.914678
0.924507
0.93732
0.942676
0.946817
0.95174
0.956877
0.958159
0.958942
0.961114
0.967809
0.973949
0.97439
0.977322
0.977322
0.981687
0.982678
0.983259
0.984958
0.989501
0.989501
0.990608
0.991881
0.993207
0.993497
0.99414
0.994841
0.995431
0.995847
0.996088
0.996779
0.997478
0.998025
0.998046
0.99826
0.998451
0.999018
0.999018
0.999026
0.999119
0.999152
0.999183
0.999264
0.999429
0.999429
0.999441
0.9995
0.999566
0.999577
0.999605
0.99962
0.999651
0.99967
0.999735
0.999758
0.999766
0.999828
0.99983
0.99983
0.999838
0.999861
0.999873
0.999899
0.9999
0.999917
0.999917
0.999932
0.999942
0.999948
0.999952
0.999952
0.999958
0.999964
0.99997
0.999971
0.999974
0.999977
0.999979
0.999983
0.999986
0.999986
0.999988
0.999988
0.999988
0.99999
0.99999
0.999991
0.999993
0.999993
0.999993
0.999994
0.999994
0.999996
0.999996
0.999997
0.999997
0.999998
0.999998
0.999998
0.999998
0.999998
0.999998
0.999998
0.999999
0.999999
0.999999
0.999999
0.999999
0.999999
0.999999
0.999999
0.999999
1
1
1
1
1
1
1
1
1
1
1
1
1
1
1
1
1
1
1
1
1
1
1
1
1
1
1
1
1
1
1
1
1
1
1
1
1
1
1
1
1
1
1
1
1
1
1
1
1
1
1
1
1
1
1
1
1
1
1
1
1
1
1
1
1
1
1
1
1
1
1
1
1
1
1
1
1
1
1
1
1
1
1
1
1
1
1
1
1
1
1
1
1
1
1
1
1
1
1
1
1
1
1
1
1
1
1
1
1
1
1
1
1
1
1
1
1
1
1
1
1
1
1
1
1
1
1
1
1
1
1
1
1
1
1
1
1
1
1
1
1
1
1
1
1
1
1
1
1
1
1
1
1
1
1
1
1
1
1
1
1
1
1
1
1
1
1
1
1
1
1
1
1
1
1
1
1
1
1
1
1
1
1
1
1
1
1
1
1
1
1
1
1
1
1
1
1
1
1
1
1
1
1
1
1
1
1
1
1
1
1
1
1
1
1
1
1
1
1
1
1
1
1
1
1
1
1
0.999983
1
1
1
1
1
1
1
1
1
1
1
1
1
1
1
1
1
1
1
1
1
1
1
1
1
1
1
1
1
1
1
1
1
1
1
1
1
1
1
1
1
1
1
1
1
1
1
1
1
1
1
1
1
1
1
1
1
1
1
1
1
1
1
1
1
1
1
1
1
1
1
1
1
1
1
1
1
1
1
1
1
1
1
1
1
1
1
1
1
1
1
1
1
1
1
1
1
1
1
1
1
1
1
1
1
1
1
1
1
1
1
1
1
1
1
1
1
1


0.136333
0.152855
0.179758
0.179758
0.179758
0.197294
0.224357
0.224425
0.283541
0.291081
0.314204
0.322308
0.348558
0.371763
0.393156
0.438137
0.446718
0.499304
0.49965
0.499674
0.512581
0.49551
0.507856
0.534546
0.55845
0.569953
0.586638
0.605013
0.638582
0.638582
0.648392
0.660077
0.660077
0.69876
0.703605
0.709184
0.726911
0.753731
0.768193
0.801803
0.802282
0.803546
0.827681
0.828736
0.834502
0.834531
0.842143
0.864368
0.864368
0.868642
0.868944
0.876677
0.891641
0.896261
0.901646
0.905046
0.91188
0.92299
0.923304
0.935131
0.939478
0.949916
0.951968
0.952093
0.953188
0.954476
0.954761
0.957602
0.96086
0.965248
0.970221
0.972327
0.972469
0.974889
0.976468
0.976468
0.978644
0.979513
0.979673
0.981814
0.981814
0.982905
0.984677
0.985616
0.985616
0.986478
0.986553
0.986722
0.987039
0.98747
0.988962
0.9897
0.989719
0.989719
0.990042
0.990584
0.99061
0.991434
0.991434
0.991445
0.991758
0.991563
0.991836
0.992083
0.992093
0.992219
0.992266
0.992298
0.992324
0.99257
0.992571
0.992544
0.9926
0.992669
0.992707
0.992829
0.992831
0.992837
0.992839
0.992839
0.99291
0.992912
0.992921
0.992922
0.992958
0.992985
0.992985
0.992993
0.992999
0.992999
0.993014
0.993015
0.993019
0.993033
0.993037
0.993038
0.993041
0.993046
0.993046
0.993047
0.993048
0.993049
0.99305
0.99305
0.993052
0.993053
0.993053
0.993053
0.993054
0.993054
0.993055
0.993055
0.993055
0.993056
0.993057
0.993057
0.993058
0.993058
0.993058
0.993058
0.993058
0.993058
0.993058
0.993058
0.993058
0.993058
0.993059
0.993059
0.993059
0.993059
0.993059
0.993059
0.993059
0.993059
0.993059
0.993059
0.993059
0.993059
0.993059
0.993059
0.993059
0.993059
0.993059
0.993059
0.993059
0.993059
0.993059
0.993059
0.993059
0.993059
0.993059
0.993059
0.993059
0.993059
0.993059
0.993059
0.993059
0.993059
0.993059
0.993059
0.993059
0.993059
0.993059
0.993059
0.993059
0.993059
0.993059
0.993059
0.993059
0.993059
0.993059
0.993059
0.993059
0.993059
0.993059
0.993059
0.993059
0.993059
0.993059
0.993059
0.993059
0.993059
0.993059
0.993059
0.993059
0.993059
0.993059
0.993059
0.993059
0.993059
0.993059
0.993059
0.993059
0.993059
0.993059
0.993059
0.993059
0.993059
0.993059
0.993059
0.993059
0.993059
0.993059
0.993059
0.993059
0.993059
0.993059
0.993059
0.993059
0.993059
0.993059
0.993059
0.993059
0.993059
0.993059
0.993059
0.993059
0.993059
0.993059
0.993059
0.993059
0.993059
0.993059
0.993059
0.993059
0.993059
0.993059
0.993059
0.993059
0.993059
0.993059
0.993059
0.993059
0.993059
0.993059
0.993059
0.993059
0.993059
0.993059
0.993059
0.993059
0.993059
0.993059
0.993059
0.993059
0.993059
0.993059
0.993059
0.993059
0.993059
0.993059
0.993059
0.993059
0.993059
0.993059
0.993059
0.993059
0.993059
0.993059
0.993059
0.993059
0.993059
0.993059
0.993059
0.993059
0.993059
0.993059
0.993059
0.993059
0.993059
0.993059
0.993059
0.993059
0.993059
0.993059
0.993059
0.993059
0.993059
0.993059
0.993059
0.993059
0.993059
0.993059
0.993059
0.993059
0.993059
0.993059
0.993059
0.993059
0.993059
0.993059
0.993059
0.993059
0.993059
0.993059
0.993059
0.993059
0.993059
0.993059
0.993059
0.993059
0.993059
0.993059
0.993059
0.993059
0.993059
0.993059
0.993059
0.993059
0.993059
0.993059
0.993059
0.993059
0.993059
0.993059
0.993059
0.993059
0.993059
0.993059
0.993059
0.993059
0.993059
0.993059
0.993059
0.993059
0.993059
0.993059
0.993059
0.993059
0.993059
0.993059
0.993059
0.993059
0.993059
0.993059
0.993059
0.993059
0.993059
0.993059
0.993059
0.993059
0.993059
0.993059
0.993059
0.993059
0.993059
0.993059
0.993059
0.993059
0.993059
0.993059
0.993026
0.993059
0.993059
0.993059
0.993059
0.993059
0.993059
0.993059
0.993059
0.993059
0.993059
0.993059
0.993059
0.993059
0.993059
0.993059
0.993059
0.993059
0.993059
0.993059
0.993059
0.993059
0.993059
0.993059
0.993059
0.993059
0.993059
0.993059
0.993059
0.993059
0.993059
0.993059
0.993059
0.993059
0.993059
0.993059
0.993059
0.993059
0.993059
0.993059
0.993059
0.993059
0.993059
0.993059
0.993059
0.993059
0.993059
0.993059
0.993059
0.993059
0.993059
0.993059
0.993059
0.993059
0.993059
0.993059
0.993059
0.993059
0.993059
0.993059
0.993059
0.993059
0.993059
0.993059
0.993059
0.993059
0.993059
0.993059
0.993059
0.993059
0.993059
0.993059
0.993059
0.993059
0.993059
0.993059
0.993059
0.993059
0.993059
0.993059
0.993059
0.993059
0.993059
0.993059
0.993059
0.993059
0.993059
0.993059
0.993059
0.993059
0.993059
0.993059
0.993059
0.993059
0.993059
0.993059
0.993059
0.993059
0.993059
0.993059
0.993059
0.993059
0.993059
0.993059
0.993059
0.993059
0.993059
0.993059
0.993059


0.122155
0.12845
0.156784
0.171873
0.182861
0.185355
0.213707
0.252099
0.252099
0.257311
0.265008
0.283815
0.285218
0.320337
0.343359
0.352274
0.379626
0.393882
0.40233
0.433079
0.454696
0.462685
0.481024
0.50548
0.512341
0.523116
0.543992
0.543992
0.555886
0.563016
0.591638
0.640333
0.684115
0.692995
0.693669
0.707568
0.715153
0.723021
0.731759
0.731759
0.74894
0.761462
0.762382
0.763447
0.779378
0.779595
0.79348
0.79348
0.805108
0.809247
0.812924
0.812973
0.822451
0.827415
0.827415
0.840566
0.841704
0.844966
0.844966
0.846973
0.851588
0.85464
0.859895
0.861208
0.863955
0.870348
0.870348
0.870348
0.870719
0.872743
0.872743
0.87328
0.875165
0.875189
0.876027
0.876179
0.876747
0.877378
0.877485
0.877485
0.877857
0.877992
0.878247
0.879812
0.879989
0.880181
0.880181
0.880336
0.880872
0.880932
0.880978
0.881008
0.88103
0.881127
0.881421
0.881505
0.881639
0.881789
0.881789
0.881805
0.881818
0.882011
0.88212
0.88212
0.882241
0.882318
0.882319
0.882327
0.882465
0.882469
0.882478
0.882502
0.882516
0.882518
0.88252
0.88252
0.882522
0.882529
0.882536
0.882548
0.882556
0.882557
0.882567
0.882569
0.882582
0.882583
0.882583
0.882588
0.882588
0.882592
0.882598
0.8826
0.882603
0.882614
0.882614
0.882615
0.882615
0.882615
0.882616
0.882616
0.882619
0.88262
0.88262
0.88262
0.882622
0.882623
0.882623
0.882624
0.882625
0.882625
0.882626
0.882629
0.882629
0.882629
0.882629
0.882629
0.88263
0.88263
0.88263
0.88263
0.88263
0.88263
0.88263
0.88263
0.882631
0.882631
0.882631
0.882631
0.882631
0.882631
0.882631
0.882632
0.882632
0.882632
0.882632
0.882632
0.882632
0.882632
0.882632
0.882632
0.882632
0.882632
0.882632
0.882632
0.882632
0.882632
0.882632
0.882632
0.882632
0.882632
0.882632
0.882632
0.882632
0.882632
0.882632
0.882632
0.882632
0.882632
0.883967
0.883967
0.883967
0.883967
0.886825
0.886935
0.887792
0.888316
0.888316
0.888316
0.888316
0.888316
0.888316
0.88896
0.888975
0.888975
0.891764
0.89377
0.893941
0.893941
0.894566
0.896335
0.897012
0.897542
0.897542
0.897542
0.900211
0.900625
0.900625
0.900625
0.900872
0.901081
0.901205
0.901205
0.901286
0.901487
0.901487
0.901583
0.901583
0.901808
0.901871
0.901871
0.901871
0.902273
0.903149
0.903149
0.903149
0.903566
0.903566
0.903566
0.903566
0.903566
0.903566
0.903566
0.903566
0.903616
0.903616
0.903661
0.90372
0.903822
0.903823
0.903964
0.903992
0.903966
0.903967
0.903978
0.903983
0.903988
0.903993
0.903993
0.903994
0.904018
0.904021
0.904034
0.904039
0.904039
0.904039
0.904041
0.904044
0.904046
0.904069
0.904094
0.904121
0.904121
0.904121
0.904121
0.904121
0.904121
0.904126
0.904127
0.904127
0.904127
0.904135
0.904135
0.904135
0.904136
0.904138
0.904138
0.904138
0.904141
0.904141
0.904141
0.904142
0.904144
0.904144
0.904145
0.904145
0.904145
0.904145
0.904145
0.904146
0.904146
0.904147
0.904147
0.904147
0.904147
0.904147
0.904147
0.904148
0.904148
0.904148
0.904148
0.904148
0.904148
0.904148
0.904148
0.904149
0.904149
0.904149
0.904149
0.904149
0.904149
0.904149
0.904149
0.904149
0.904149
0.904149
0.904149
0.904149
0.904149
0.904149
0.904149
0.904149
0.904149
0.904149
0.904149
0.904149
0.904149
0.904149
0.904149
0.904149
0.904149
0.904149
0.904149
0.904149
0.904149
0.904149
0.904149
0.904149
0.904149
0.904149
0.904149
0.904149
0.904149
0.904149
0.904149
0.904149
0.904149
0.904149
0.904149
0.904149
0.904149
0.904149
0.904149
0.904149
0.904149
0.904149
0.904149
0.904149
0.904149
0.904149
0.904149
0.904149
0.904149
0.904149
0.904149
0.904149
0.904149
0.904149
0.904149
0.904149
0.904149
0.904149
0.904149
0.904149
0.904149
0.904149
0.904149
0.904149
0.904149
0.904149
0.904149
0.904149
0.904149
0.904149
0.904149
0.904149
0.904149
0.904149
0.904149
0.904149
0.904149
0.904149
0.904149
0.904149
0.904149
0.904149
0.904149
0.904149
0.904149
0.904149
0.904149
0.904149
0.904149
0.904149
0.904149
0.904149
0.904149
0.904149
0.904149
0.904149
0.904149
0.904149
0.904149
0.904149
0.904149
0.904149
0.904149
0.904149
0.904149
0.904149
0.904149
0.904149
0.904149
0.904149
0.904149
0.904149
0.904149
0.904149
0.904149
0.904149
0.904149
0.904149
0.904149
0.904149
0.904149
0.904149
0.904149
0.904149
0.904149
0.904149
0.904149
0.904149
0.904149
0.904149
0.904149
0.904149
0.904149
0.904149
0.904149
0.904149
0.904149
0.904149
0.904149
0.904149
0.904149
0.904149
0.904149
0.904149
0.904149
0.904149
0.904149
0.904149
0.904149
0.904149
0.904149
0.904149
0.904149
0.904149
0.904149
0.904149
0.904149
0.904149
0.904149
0.904149
0.904149
0.904149
0.904149
0.904149
0.904149
0.904149
0.904149


0.144202
0.17778
0.188896
0.196074
0.234971
0.252097
0.265144
0.277938
0.27889
0.317555
0.32953
0.401126
0.405929
0.431344
0.470968
0.500156
0.538334
0.538334
0.557119
0.588686
0.588686
0.614786
0.67735
0.720118
0.720118
0.74209
0.752627
0.796321
0.807232
0.807439
0.832653
0.836111
0.837813
0.857463
0.861207
0.870727
0.87858
0.89896
0.899063
0.903541
0.908857
0.934645
0.934645
0.944238
0.947399
0.949266
0.949266
0.954299
0.956125
0.95859
0.959928
0.966133
0.966133
0.966348
0.967551
0.97175
0.97179
0.973443
0.97376
0.975449
0.976287
0.977808
0.978651
0.979311
0.980913
0.981286
0.981857
0.982155
0.982155
0.982554
0.982844
0.983122
0.983547
0.983826
0.984792
0.984994
0.985094
0.985274
0.986271
0.98633
0.986711
0.986794
0.986839
0.987054
0.987241
0.987328
0.987328
0.98736
0.987455
0.987651
0.987777
0.987833
0.987833
0.987863
0.987865
0.98793
0.987969
0.987975
0.987978
0.987978
0.98799
0.98799
0.988002
0.988013
0.98802
0.988031
0.988049
0.988079
0.988106
0.988111
0.988152
0.988156
0.988159
0.988174
0.988176
0.988182
0.988193
0.988193
0.988193
0.988193
0.988195
0.988197
0.988199
0.988203
0.988204
0.988207
0.988208
0.988209
0.988209
0.98821
0.988211
0.988212
0.988214
0.988216
0.988216
0.988217
0.988218
0.988218
0.988218
0.988219
0.988219
0.98822
0.988221
0.988221
0.988221
0.988222
0.988222
0.988222
0.988222
0.988223
0.988223
0.988223
0.988223
0.988223
0.988223
0.988223
0.988223
0.988224
0.988224
0.988224
0.988224
0.988224
0.988224
0.988224
0.988224
0.988224
0.988224
0.988225
0.988225
0.988225
0.988225
0.988225
0.988225
0.988225
0.988225
0.988225
0.988225
0.988225
0.988225
0.988225
0.988225
0.988225
0.988225
0.988225
0.988225
0.988225
0.988225
0.988225
0.988225
0.988225
0.988225
0.988225
0.988225
0.988225
0.988225
0.988225
0.988225
0.988225
0.988225
0.988225
0.988225
0.988225
0.988225
0.988225
0.988225
0.988225
0.988225
0.988225
0.988225
0.988225
0.988225
0.988225
0.988225
0.988225
0.988225
0.988225
0.988225
0.988225
0.988225
0.988225
0.988225
0.988225
0.988225
0.988225
0.988225
0.988225
0.988225
0.988225
0.988225
0.988225
0.988225
0.988225
0.988225
0.988225
0.988225
0.988225
0.988225
0.988225
0.988225
0.988225
0.988225
0.988225
0.988225
0.988225
0.988225
0.988225
0.988225
0.988225
0.988225
0.988225
0.988225
0.988225
0.988225
0.988225
0.988225
0.988225
0.988225
0.988225
0.988225
0.988225
0.988225
0.988225
0.988225
0.988225
0.988225
0.988225
0.988225
0.988225
0.988225
0.988225
0.988225
0.988225
0.988225
0.988225
0.988225
0.988225
0.988225
0.988225
0.988225
0.988225
0.988225
0.988225
0.988225
0.988225
0.988225
0.988225
0.988225
0.988225
0.988225
0.988225
0.988225
0.988225
0.988225
0.988225
0.988225
0.988225
0.988225
0.988225
0.988225
0.988225
0.988225
0.988225
0.988225
0.988225
0.988225
0.988225
0.988225
0.988225
0.988225
0.988225
0.988225
0.988225
0.988225
0.988225
0.988225
0.988225
0.988225
0.988225
0.988225
0.988225
0.988225
0.988225
0.988225
0.988225
0.988225
0.988225
0.988225
0.988225
0.988225
0.988225
0.988225
0.988225
0.988225
0.988225
0.988225
0.988225
0.988225
0.988225
0.988225
0.988225
0.988225
0.988225
0.988225
0.988225
0.988225
0.988225
0.988225
0.988225
0.988225
0.988225
0.988225
0.988225
0.988225
0.988225
0.988225
0.988225
0.988225
0.988225
0.988225
0.988225
0.988225
0.988225
0.988225
0.988225
0.988225
0.988225
0.988225
0.988225
0.988225
0.988225
0.988225
0.988225
0.988225
0.988225
0.988225
0.988225
0.988225
0.988225
0.988225
0.988225
0.988225
0.988225
0.988225
0.988225
0.988225
0.988225
0.988225
0.988225
0.988225
0.988225
0.988225
0.988182
0.988225
0.988225
0.988225
0.988225
0.988225
0.988225
0.988225
0.988225
0.988225
0.988225
0.988225
0.988225
0.988225
0.988225
0.988225
0.988225
0.988225
0.988225
0.988225
0.988225
0.988225
0.988225
0.988225
0.988225
0.988225
0.988225
0.988225
0.988225
0.988225
0.988225
0.988225
0.988225
0.988225
0.988225
0.988225
0.988225
0.988225
0.988225
0.988225
0.988225
0.988225
0.988225
0.988225
0.988225
0.988225
0.988225
0.988225
0.988225
0.988225
0.988225
0.988225
0.988225
0.988225
0.988225
0.988225
0.988225
0.988225
0.988225
0.988225
0.988225
0.988225
0.988225
0.988225
0.988225
0.988225
0.988225
0.988225
0.988225
0.988225
0.988225
0.988225
0.988225
0.988225
0.988225
0.988225
0.988225
0.988225
0.988225
0.988225
0.988225
0.988225
0.988225
0.988225
0.988225
0.988225
0.988225
0.988225
0.988225
0.988225
0.988225
0.988225
0.988225
0.988225
0.988225
0.988225
0.988225
0.988225
0.988225
0.988225
0.988225
0.988225
0.988225
0.988225
0.988225
0.988225
0.988225
0.988225
0.988225


0.127045
0.141135
0.159864
0.184437
0.184437
0.214401
0.239824
0.274281
0.274281
0.275146
0.291062
0.334614
0.359569
0.409509
0.426752
0.457503
0.480595
0.481556
0.520353
0.520353
0.550693
0.563439
0.593349
0.593349
0.613602
0.632471
0.633521
0.659901
0.690922
0.716194
0.716194
0.723328
0.742058
0.752228
0.752973
0.765153
0.775539
0.775983
0.794362
0.796586
0.797033
0.8017
0.805623
0.805623
0.805828
0.80942
0.810826
0.810826
0.816426
0.816426
0.818224
0.818661
0.818843
0.82335
0.824521
0.825711
0.826738
0.826834
0.827859
0.828351
0.828351
0.828572
0.828934
0.829171
0.829381
0.829473
0.829501
0.829773
0.830313
0.830601
0.830726
0.830836
0.83119
0.831194
0.831241
0.831782
0.832242
0.832464
0.832464
0.83249
0.832749
0.832863
0.832892
0.833077
0.833636
0.833641
0.833936
0.833942
0.83404
0.834419
0.834439
0.834668
0.834983
0.834996
0.835042
0.835042
0.835047
0.835249
0.835467
0.835675
0.835675
0.835679
0.835829
0.835837
0.835839
0.83584
0.835889
0.835892
0.835988
0.836021
0.836021
0.836032
0.83607
0.83607
0.836118
0.836118
0.836157
0.836202
0.836214
0.836214
0.836214
0.836214
0.836214
0.836215
0.836243
0.836243
0.836244
0.836245
0.836255
0.836263
0.836263
0.836263
0.836266
0.836269
0.83627
0.836272
0.836282
0.836282
0.836282
0.836286
0.836286
0.836288
0.836288
0.836291
0.836292
0.836292
0.836293
0.836293
0.836295
0.836295
0.836295
0.836296
0.836296
0.836296
0.836296
0.836296
0.836296
0.836297
0.836297
0.836297
0.836297
0.841376
0.841376
0.844421
0.847114
0.848757
0.867354
0.867355
0.878046
0.878046
0.878046
0.86167
0.874074
0.874074
0.874074
0.877404
0.884628
0.885989
0.885989
0.885989
0.885989
0.885326
0.885326
0.885326
0.889966
0.889966
0.890983
0.890983
0.890983
0.892171
0.89383
0.89383
0.89418
0.89418
0.900105
0.903942
0.903942
0.904608
0.906274
0.90643
0.908033
0.909778
0.911853
0.912276
0.913085
0.913085
0.913671
0.913671
0.913904
0.914204
0.914226
0.915611
0.916479
0.91748
0.917692
0.918688
0.918688
0.919356
0.920705
0.920943
0.921095
0.921747
0.921747
0.921747
0.921756
0.922692
0.922991
0.923029
0.923594
0.923594
0.923691
0.923691
0.923728
0.923778
0.923823
0.923929
0.923984
0.92403
0.924115
0.924152
0.924328
0.924308
0.924385
0.924444
0.924702
0.924836
0.924904
0.924929
0.925021
0.925074
0.925133
0.925133
0.925168
0.925171
0.925245
0.92527
0.925294
0.925301
0.925301
0.925311
0.925335
0.92535
0.92535
0.925356
0.925421
0.925422
0.925432
0.925436
0.925448
0.925459
0.925478
0.925483
0.925483
0.925512
0.925517
0.925517
0.925518
0.925525
0.925526
0.925526
0.925526
0.925534
0.925545
0.925547
0.925548
0.925552
0.925552
0.925552
0.925554
0.925557
0.925559
0.925559
0.925563
0.925566
0.925566
0.925567
0.925567
0.925568
0.925568
0.925569
0.925569
0.92557
0.925571
0.925571
0.925571
0.925572
0.925572
0.925572
0.925573
0.925573
0.925574
0.925575
0.925575
0.925575
0.925576
0.925576
0.925576
0.925576
0.925576
0.925577
0.925577
0.925577
0.925577
0.925577
0.925577
0.925577
0.925577
0.925577
0.925577
0.925577
0.925577
0.925578
0.925578
0.925578
0.925578
0.925578
0.925578
0.925578
0.925578
0.925578
0.925578
0.925578
0.925578
0.925578
0.925578
0.925578
0.925578
0.925578
0.925578
0.925578
0.925578
0.925578
0.925578
0.925578
0.925578
0.925578
0.925578
0.925578
0.925578
0.925578
0.925578
0.925578
0.925578
0.925578
0.925578
0.925578
0.925578
0.925578
0.925578
0.925578
0.925578
0.925578
0.925578
0.925578
0.925578
0.925578
0.925578
0.925578
0.925578
0.925578
0.925578
0.925578
0.925578
0.925578
0.925578
0.925578
0.925578
0.925578
0.925578
0.925578
0.925578
0.925578
0.925578
0.925578
0.925578
0.925578
0.925578
0.925578
0.925578
0.925578
0.925578
0.925578
0.925578
0.925578
0.925578
0.925578
0.925578
0.925578
0.925578
0.925578
0.925578
0.925578
0.925578
0.925578
0.925578
0.925578
0.925578
0.925578
0.925578
0.925578
0.925578
0.925578
0.925578
0.925578
0.925578
0.925578
0.925578
0.925578
0.925578
0.925578
0.925578
0.925578
0.925578
0.925578
0.925578
0.925578
0.925578
0.925578
0.925578
0.925578
0.925578
0.925578
0.925578
0.925578
0.925578
0.925578
0.925578
0.925578
0.925578
0.925578
0.925578
0.925578
0.925578
0.925578
0.925578
0.925578
0.925578
0.925578
0.925578
0.925578
0.925578
0.925578
0.925578
0.925578
0.925578
0.925578
0.925578
0.925578
0.925578
0.925578
0.925578
0.925578
0.925578
0.925578
0.925578
0.925578
0.925578
0.925578
0.925578
0.925578
0.925578
0.925578
0.925578
0.925578
0.925578
0.925578
0.925578
0.925578
0.925578
0.925578
0.925578
0.925578
0.925578
0.925578
0.925578
0.925578
0.925578
0.925578
0.925578
0.925578


0.130111
0.161344
0.161344
0.235908
0.273508
0.290013
0.290091
0.308453
0.320519
0.349603
0.349603
0.379613
0.400322
0.430109
0.448775
0.450369
0.45389
0.487793
0.539014
0.561113
0.582707
0.577934
0.618521
0.634441
0.65138
0.678426
0.701698
0.71223
0.730327
0.733073
0.74847
0.793233
0.793233
0.793233
0.804099
0.813019
0.815495
0.816322
0.822004
0.827168
0.829038
0.839296
0.839473
0.841999
0.848477
0.85158
0.853119
0.855222
0.856875
0.858086
0.859494
0.863479
0.864674
0.865111
0.865956
0.867749
0.867869
0.870449
0.873286
0.873286
0.875193
0.877329
0.877843
0.87847
0.878616
0.879248
0.880896
0.881124
0.881305
0.881892
0.881892
0.882178
0.882327
0.88256
0.882714
0.882729
0.883004
0.883237
0.883554
0.883625
0.883726
0.883616
0.883656
0.883987
0.884002
0.884009
0.884053
0.884098
0.884119
0.88414
0.88414
0.884214
0.884217
0.884233
0.884248
0.884264
0.88427
0.884274
0.884294
0.884294
0.884314
0.884322
0.884322
0.884346
0.884354
0.884357
0.884357
0.884362
0.884363
0.88437
0.884373
0.884375
0.884378
0.884379
0.884379
0.88438
0.884381
0.884381
0.884384
0.884385
0.884385
0.884386
0.884387
0.884388
0.884389
0.884389
0.884389
0.884389
0.88439
0.88439
0.88439
0.88439
0.884391
0.884391
0.884391
0.884391
0.884391
0.884391
0.884392
0.884392
0.884392
0.884392
0.884392
0.884392
0.884392
0.884392
0.884392
0.884392
0.884392
0.884392
0.884392
0.884392
0.884392
0.892743
0.89476
0.89476
0.89476
0.89476
0.896558
0.903521
0.903521
0.903521
0.903521
0.906857
0.907732
0.907732
0.920731
0.920731
0.920731
0.920731
0.920731
0.920731
0.920731
0.921492
0.921492
0.921492
0.921492
0.921492
0.929294
0.931591
0.931591
0.934103
0.934103
0.936137
0.936137
0.936137
0.938603
0.938603
0.938603
0.938603
0.94034
0.941995
0.941995
0.946325
0.946325
0.946325
0.946325
0.946558
0.946558
0.946698
0.946698
0.94749
0.947999
0.948024
0.948311
0.948593
0.948593
0.948593
0.948593
0.948881
0.949421
0.950294
0.950294
0.950826
0.951024
0.951024
0.951063
0.951841
0.951841
0.95208
0.952305
0.952233
0.95233
0.95233
0.952432
0.95245
0.95245
0.95245
0.952469
0.952481
0.952497
0.952534
0.95255
0.95255
0.952629
0.952645
0.95293
0.953079
0.953079
0.953129
0.953178
0.953178
0.953178
0.953265
0.953269
0.953269
0.953333
0.953333
0.953333
0.953333
0.953397
0.953397
0.953397
0.953454
0.953454
0.953454
0.953454
0.953472
0.953487
0.953507
0.953507
0.95353
0.95353
0.953541
0.953545
0.953545
0.953562
0.953562
0.953562
0.953562
0.953567
0.953587
0.953605
0.953611
0.953628
0.953655
0.953684
0.953694
0.953694
0.953707
0.953723
0.953735
0.953735
0.953735
0.953741
0.953741
0.95375
0.95375
0.95375
0.95375
0.95375
0.953761
0.953761
0.953761
0.953761
0.953762
0.953763
0.953765
0.953767
0.953771
0.953771
0.953771
0.953774
0.953775
0.953775
0.953775
0.953776
0.95378
0.95378
0.953781
0.953781
0.953782
0.953782
0.953782
0.953784
0.953784
0.953784
0.953784
0.953785
0.953785
0.953785
0.953786
0.953786
0.953786
0.953786
0.953786
0.953786
0.953786
0.953786
0.953786
0.953786
0.953786
0.953786
0.953787
0.953787
0.953787
0.953787
0.953787
0.953787
0.953787
0.953787
0.953787
0.953787
0.953788
0.953788
0.953788
0.953788
0.953788
0.953788
0.953788
0.953788
0.953788
0.953788
0.953788
0.953788
0.953788
0.953788
0.953788
0.953788
0.953788
0.953788
0.953788
0.953788
0.953788
0.953788
0.953788
0.953788
0.953788
0.953788
0.953788
0.953788
0.953788
0.953788
0.953788
0.953788
0.953788
0.953788
0.953788
0.953788
0.953788
0.953788
0.953788
0.953788
0.953788
0.953788
0.953788
0.953788
0.953788
0.953788
0.953788
0.953788
0.953788
0.953788
0.953788
0.953788
0.953788
0.953788
0.953788
0.953788
0.953788
0.953788
0.953788
0.953788
0.953788
0.953788
0.953788
0.953788
0.953788
0.953788
0.953788
0.953788
0.953788
0.953788
0.953788
0.953788
0.953788
0.953788
0.953788
0.953788
0.953788
0.953788
0.953788
0.953788
0.953788
0.953788
0.953788
0.953788
0.953788
0.953788
0.953788
0.953788
0.953788
0.953788
0.953788
0.953788
0.953788
0.953788
0.953788
0.953788
0.953788
0.953788
0.953788
0.953788
0.953788
0.953788
0.953788
0.953788
0.953788
0.953788
0.953788
0.953788
0.953788
0.953788
0.953788
0.953788
0.953788
0.953788
0.953788
0.953788
0.953788
0.953788
0.953788
0.953788
0.953788
0.953788
0.953788
0.953788
0.953788
0.953788
0.953788
0.953788
0.953788
0.953788
0.953788
0.953788
0.953788
0.953788
0.953788
0.953788
0.953788
0.953788
0.953788
0.953788
0.953788
0.953788
0.953788
0.953788
0.953788
0.953788
0.953788
0.953788
0.953788
0.953788
0.953788
0.953788
0.953788
0.953788
0.953788
0.953788
0.953788


0.180628
0.180628
0.203017
0.221971
0.252746
0.256497
0.26872
0.32588
0.342146
0.361123
0.385431
0.405601
0.405601
0.423298
0.444939
0.468341
0.493353
0.507493
0.528896
0.534026
0.545728
0.557863
0.602999
0.602999
0.627156
0.630921
0.663734
0.690732
0.690732
0.708546
0.713988
0.730053
0.806325
0.811673
0.820914
0.830442
0.834814
0.85669
0.859862
0.859862
0.870232
0.875973
0.878472
0.89032
0.893597
0.907392
0.907392
0.917032
0.917914
0.918103
0.91864
0.92098
0.923853
0.924364
0.927232
0.929955
0.929955
0.930392
0.931009
0.931257
0.931732
0.932347
0.932682
0.933772
0.934091
0.934542
0.934735
0.935091
0.935365
0.935416
0.935565
0.935585
0.935684
0.935684
0.93592
0.936159
0.936197
0.936566
0.936621
0.936727
0.936747
0.936786
0.936826
0.936873
0.936907
0.93704
0.93704
0.937102
0.937102
0.937103
0.937168
0.937165
0.937211
0.937211
0.937233
0.937252
0.937252
0.93727
0.937285
0.937296
0.937304
0.937314
0.937337
0.937343
0.937345
0.937346
0.937351
0.937358
0.937359
0.937362
0.937365
0.937368
0.937372
0.937373
0.937374
0.937378
0.937378
0.93738
0.93738
0.937383
0.937384
0.937384
0.937385
0.937385
0.937386
0.937387
0.937388
0.937389
0.937389
0.93739
0.93739
0.937391
0.937392
0.937393
0.937393
0.937393
0.937393
0.937393
0.937394
0.937394
0.937394
0.937394
0.937394
0.937394
0.937395
0.937395
0.937395
0.937395
0.937395
0.937395
0.937395
0.937395
0.937395
0.937395
0.937395
0.937395
0.937395
0.937395
0.937395
0.937395
0.937395
0.937395
0.937395
0.937395
0.937395
0.937395
0.937395
0.937395
0.937395
0.937395
0.937395
0.937395
0.937395
0.937395
0.937395
0.937395
0.937395
0.937395
0.937395
0.937395
0.937395
0.937395
0.937395
0.937395
0.937395
0.937395
0.937395
0.937395
0.937395
0.937395
0.937395
0.937395
0.937395
0.937395
0.937395
0.937395
0.937395
0.937395
0.937395
0.937395
0.937395
0.937395
0.937395
0.937395
0.937395
0.937395
0.937395
0.937395
0.937395
0.937395
0.937395
0.937395
0.937395
0.937395
0.937395
0.937395
0.937395
0.937395
0.937395
0.937395
0.937395
0.937395
0.937395
0.937395
0.937395
0.937395
0.937395
0.937395
0.937395
0.937395
0.937395
0.937395
0.937395
0.937395
0.937395
0.937395
0.937395
0.937395
0.937395
0.937395
0.937395
0.937395
0.937395
0.937395
0.937395
0.937395
0.937395
0.937395
0.937395
0.937395
0.937395
0.937395
0.937395
0.937395
0.937395
0.937395
0.937395
0.937395
0.937395
0.937395
0.937395
0.937395
0.937395
0.937395
0.937395
0.937395
0.937395
0.937395
0.937395
0.937395
0.937395
0.937395
0.937395
0.937395
0.937395
0.937395
0.937395
0.937395
0.937395
0.937395
0.937395
0.937395
0.937395
0.937395
0.937395
0.937395
0.937395
0.937395
0.937395
0.937395
0.937395
0.937395
0.937395
0.937395
0.937395
0.937395
0.937395
0.937395
0.937395
0.937395
0.937395
0.937395
0.937395
0.937395
0.937395
0.937395
0.937395
0.937395
0.937395
0.937395
0.937395
0.937395
0.937395
0.937395
0.937395
0.937395
0.937395
0.937395
0.937395
0.937395
0.937395
0.937395
0.937395
0.937395
0.937395
0.937395
0.937395
0.937395
0.937395
0.937395
0.937395
0.937395
0.937395
0.937395
0.937395
0.937395
0.937395
0.937395
0.937395
0.937395
0.937395
0.937395
0.937395
0.937395
0.937395
0.937395
0.937395
0.937395
0.937395
0.937395
0.937395
0.937395
0.937395
0.937395
0.937395
0.937395
0.937395
0.937395
0.937395
0.937395
0.937395
0.937395
0.937395
0.937395
0.937395
0.937395
0.937395
0.937395
0.937395
0.937395
0.937395
0.937395
0.937395
0.937395
0.937395
0.937395
0.937395
0.937395
0.937395
0.937395
0.937395
0.937395
0.937395
0.937395
0.937395
0.937395
0.937395
0.937395
0.937395
0.937395
0.937395
0.937381
0.937395
0.937395
0.937395
0.937395
0.937395
0.937395
0.937395
0.937395
0.937395
0.937395
0.937395
0.937395
0.937395
0.937395
0.937395
0.937395
0.937395
0.937395
0.937395
0.937395
0.937395
0.937395
0.937395
0.937395
0.937395
0.937395
0.937395
0.937395
0.937395
0.937382
0.937395
0.937395
0.937395
0.937395
0.937395
0.937395
0.937395
0.937395
0.937395
0.937395
0.937395
0.937395
0.937395
0.937395
0.937395
0.937395
0.937395
0.937395
0.937395
0.937395
0.937395
0.937395
0.937395
0.937395
0.937395
0.937395
0.937395
0.937395
0.937395
0.937395
0.937395
0.937395
0.937395
0.937395
0.937395
0.937395
0.937395
0.937395
0.937395
0.937395
0.937395
0.937395
0.937395
0.937395
0.937395
0.937395
0.937395
0.937395
0.937395
0.937386
0.937395
0.937395
0.937395
0.937395
0.937395
0.937395
0.937395
0.937395
0.937395
0.937395
0.937395
0.937395
0.937395
0.937395
0.937395
0.937395
0.937395
0.937395
0.937395
0.937395
0.937395
0.937395
0.937395
0.937395
0.937395
0.937395
0.937395
0.937395


0.173786
0.193879
0.212608
0.243832
0.253501
0.327132
0.335348
0.350231
0.350231
0.367876
0.425692
0.433594
0.448767
0.495206
0.509482
0.517566
0.542497
0.556386
0.580645
0.588075
0.602418
0.660564
0.725209
0.725209
0.725517
0.737142
0.757991
0.765958
0.78601
0.805473
0.805473
0.826923
0.831035
0.835109
0.839131
0.84085
0.849606
0.851448
0.854379
0.859647
0.875083
0.879949
0.883464
0.888552
0.890014
0.893786
0.894047
0.89821
0.89821
0.900783
0.902837
0.903921
0.904831
0.905478
0.906266
0.90669
0.907279
0.908256
0.90899
0.909639
0.909959
0.910104
0.91023
0.910548
0.910819
0.911133
0.912384
0.912682
0.9129
0.91305
0.913169
0.913468
0.913789
0.913789
0.913812
0.913938
0.913938
0.913938
0.914068
0.91409
0.91419
0.914231
0.91427
0.9143
0.914311
0.914335
0.914423
0.914424
0.914442
0.914447
0.914514
0.914553
0.914553
0.914554
0.91458
0.914582
0.914589
0.914601
0.914611
0.914626
0.914628
0.914628
0.91463
0.91463
0.914635
0.914643
0.914646
0.914654
0.91466
0.914666
0.914666
0.914668
0.91467
0.914672
0.914672
0.914673
0.914673
0.914675
0.914675
0.914676
0.914676
0.914677
0.914678
0.914678
0.914679
0.914679
0.914679
0.914679
0.91468
0.91468
0.91468
0.91468
0.914681
0.914681
0.914681
0.914681
0.914682
0.914682
0.914682
0.914682
0.914682
0.914682
0.914682
0.914682
0.914682
0.914682
0.914682
0.914682
0.914682
0.914682
0.914682
0.914683
0.914683
0.914683
0.914683
0.914683
0.914683
0.914683
0.914683
0.914683
0.914683
0.914683
0.914683
0.914683
0.914683
0.914683
0.914683
0.914683
0.914683
0.914683
0.914683
0.914683
0.914683
0.914683
0.914683
0.914683
0.914683
0.914683
0.914683
0.914683
0.914683
0.914683
0.914683
0.914683
0.914683
0.914683
0.914683
0.914683
0.914683
0.914683
0.914683
0.914683
0.914683
0.914683
0.914683
0.914683
0.914683
0.914683
0.914683
0.914683
0.914683
0.914683
0.914683
0.914683
0.914683
0.914683
0.914683
0.914683
0.914683
0.914683
0.914683
0.914683
0.914683
0.914683
0.914683
0.914683
0.914683
0.914683
0.914683
0.914683
0.914683
0.914683
0.914683
0.914683
0.914683
0.914683
0.914683
0.914683
0.914683
0.914683
0.914683
0.914683
0.914683
0.914683
0.914683
0.914683
0.914683
0.914683
0.914683
0.914683
0.914683
0.914683
0.914683
0.914683
0.914683
0.914683
0.914683
0.914683
0.914683
0.914683
0.914683
0.914683
0.914683
0.914683
0.914683
0.914683
0.914683
0.914683
0.914683
0.914683
0.914683
0.914683
0.914683
0.914683
0.914683
0.914683
0.914683
0.914683
0.914683
0.914683
0.914683
0.914683
0.914683
0.914683
0.914683
0.914683
0.914683
0.914683
0.914683
0.914683
0.914683
0.914683
0.914683
0.914683
0.914683
0.914683
0.914683
0.914683
0.914683
0.914683
0.914683
0.914683
0.914683
0.914683
0.914683
0.914683
0.914683
0.914683
0.914683
0.914683
0.914683
0.914683
0.914683
0.914683
0.914683
0.914683
0.914683
0.914683
0.914683
0.914683
0.914683
0.914683
0.914683
0.914683
0.914683
0.914683
0.914683
0.914683
0.914683
0.914683
0.914683
0.914683
0.914683
0.914683
0.914683
0.914683
0.914683
0.914683
0.914683
0.914683
0.914683
0.914683
0.914683
0.914683
0.914683
0.914683
0.914683
0.914683
0.914683
0.914683
0.914683
0.914683
0.914683
0.914683
0.914683
0.914683
0.914683
0.914683
0.914683
0.914683
0.914683
0.914683
0.914683
0.914683
0.914683
0.914683
0.914683
0.914683
0.914683
0.914683
0.914683
0.914683
0.914683
0.914683
0.914683
0.914683
0.914683
0.914683
0.914683
0.914683
0.914683
0.914683
0.914683
0.914683
0.914683
0.914683
0.914683
0.914683
0.914683
0.914683
0.914683
0.914683
0.914683
0.914683
0.914683
0.914683
0.914683
0.914683
0.914683
0.914683
0.914683
0.914683
0.914683
0.914683
0.914683
0.914683
0.914683
0.914683
0.914683
0.914683
0.914683
0.914683
0.914683
0.914683
0.914683
0.914683
0.914683
0.914683
0.914683
0.914683
0.914683
0.914683
0.914683
0.914683
0.914683
0.914683
0.914683
0.914683
0.914683
0.914683
0.914683
0.914683
0.914683
0.914683
0.914683
0.914683
0.914683
0.914683
0.914683
0.914683
0.914683
0.914683
0.914683
0.914683
0.914683
0.914683
0.914683
0.914683
0.914683
0.914683
0.914683
0.914683
0.914683
0.914683
0.914683
0.914683
0.914683
0.914683
0.914683
0.914683
0.914683
0.914683
0.914683
0.914683
0.914683
0.914683
0.914683
0.914683
0.914683
0.914683
0.914683
0.914683
0.914683
0.914683
0.914683
0.914683
0.914683
0.914683
0.914683
0.914683
0.914683
0.914683
0.914683
0.914683
0.914683
0.914683
0.914683
0.914683
0.914683
0.914683
0.914683
0.914683
0.914683
0.914683
0.914683
0.914683
0.914683
0.914683
0.914683
0.914683
0.914683
0.914683
0.914683
0.914683
0.914683
0.914683
0.914683
0.914683
0.914683
0.914683


0.195159
0.195159
0.277945
0.311133
0.311133
0.311133
0.324245
0.342886
0.367222
0.391646
0.392453
0.41864
0.421409
0.454663
0.476164
0.501314
0.532411
0.549694
0.551944
0.600819
0.616788
0.631132
0.633563
0.660396
0.667791
0.688991
0.715392
0.729307
0.744702
0.771393
0.808897
0.839374
0.839374
0.844113
0.85159
0.853137
0.858619
0.864364
0.873666
0.876998
0.88744
0.893921
0.894028
0.896385
0.901509
0.903818
0.906091
0.906497
0.912479
0.912479
0.912649
0.912728
0.912888
0.915024
0.916362
0.916362
0.916486
0.917522
0.918013
0.919593
0.919593
0.919474
0.920451
0.920467
0.921625
0.922037
0.922101
0.92258
0.922647
0.922666
0.92295
0.923016
0.923089
0.923122
0.923317
0.923381
0.923381
0.923471
0.923483
0.923485
0.923577
0.923613
0.923658
0.923658
0.923665
0.923709
0.923727
0.923727
0.923732
0.923858
0.923862
0.923876
0.923917
0.923918
0.923941
0.923953
0.923963
0.92398
0.923987
0.923989
0.924
0.924003
0.924003
0.924004
0.924006
0.924012
0.924015
0.924016
0.924018
0.924018
0.924019
0.92402
0.924021
0.924022
0.924029
0.924029
0.924031
0.924031
0.924032
0.924032
0.924032
0.924034
0.924034
0.924035
0.924035
0.924035
0.924036
0.924036
0.924036
0.924036
0.924036
0.924036
0.924037
0.924037
0.924037
0.924037
0.924038
0.924038
0.924038
0.924038
0.924038
0.924038
0.924038
0.924038
0.924038
0.924038
0.924038
0.924038
0.924038
0.924038
0.924038
0.924038
0.924038
0.924039
0.924039
0.924039
0.924039
0.924039
0.924039
0.924039
0.924039
0.924039
0.924039
0.924039
0.924039
0.924039
0.924039
0.924039
0.924039
0.924039
0.924039
0.924039
0.924039
0.924039
0.924039
0.924039
0.924039
0.924039
0.924039
0.924039
0.924039
0.924039
0.924039
0.924039
0.924039
0.924039
0.924039
0.924039
0.924039
0.924039
0.924039
0.924039
0.924039
0.924039
0.924039
0.924039
0.924039
0.924039
0.924039
0.924039
0.924039
0.924039
0.924039
0.924039
0.924039
0.924039
0.924039
0.924039
0.924039
0.924039
0.924039
0.924039
0.924039
0.924039
0.924039
0.924039
0.924039
0.924039
0.924039
0.924039
0.924039
0.924039
0.924039
0.924039
0.924039
0.924039
0.924039
0.924039
0.924039
0.924039
0.924039
0.924039
0.924039
0.924039
0.924039
0.924039
0.924039
0.924039
0.924039
0.924039
0.924039
0.924039
0.924039
0.924039
0.924039
0.924039
0.924039
0.924039
0.924039
0.924039
0.924039
0.924039
0.924039
0.924039
0.924039
0.924039
0.924039
0.924039
0.924039
0.924039
0.924039
0.924039
0.924039
0.924039
0.924039
0.924039
0.924039
0.924039
0.924039
0.924039
0.924039
0.924039
0.924039
0.924039
0.924039
0.924039
0.924039
0.924039
0.924039
0.924039
0.924039
0.924039
0.924039
0.924039
0.924039
0.924039
0.924039
0.924039
0.924039
0.924039
0.924039
0.924039
0.924039
0.924039
0.924039
0.924039
0.924039
0.924039
0.924039
0.924039
0.924039
0.924039
0.924039
0.924039
0.924039
0.924039
0.924039
0.924039
0.924039
0.924039
0.924039
0.924039
0.924039
0.924039
0.924039
0.924039
0.924039
0.924039
0.924039
0.924039
0.924039
0.924039
0.924039
0.924039
0.924039
0.924039
0.924039
0.924039
0.924039
0.924039
0.924039
0.924039
0.924039
0.924039
0.924039
0.924039
0.924039
0.924039
0.924039
0.924039
0.924039
0.924039
0.924039
0.924039
0.924039
0.924039
0.924039
0.924039
0.924039
0.924039
0.924039
0.923994
0.924039
0.924039
0.924039
0.924039
0.924039
0.924039
0.924039
0.924039
0.924039
0.924039
0.924039
0.924039
0.924039
0.924039
0.924039
0.924039
0.924039
0.924039
0.924039
0.924039
0.924039
0.924039
0.924039
0.924039
0.924039
0.924039
0.924039
0.924039
0.924039
0.924011
0.924039
0.924039
0.924039
0.924039
0.924039
0.924039
0.924039
0.924039
0.924039
0.924039
0.924039
0.924039
0.924039
0.924039
0.924039
0.924039
0.924039
0.924039
0.924039
0.924037
0.924039
0.924039
0.924039
0.924039
0.924039
0.924039
0.924039
0.924039
0.924039
0.924039
0.924039
0.924039
0.924039
0.924039
0.924039
0.924039
0.924039
0.924039
0.924039
0.924039
0.924039
0.924039
0.924039
0.924039
0.924039
0.924039
0.924039
0.924039
0.924039
0.924039
0.924039
0.924039
0.924039
0.924039
0.924039
0.924039
0.924039
0.924039
0.924039
0.924039
0.924039
0.924039
0.924039
0.924039
0.924039
0.924039
0.924039
0.924039
0.924039
0.924039
0.924039
0.924039
0.924039
0.924039
0.924039
0.924039
0.924039
0.924039
0.924039
0.924039
0.924039
0.924039
0.924039
0.924039
0.924039
0.924039
0.924039
0.924039
0.924039
0.924039
0.924039
0.924039
0.924039
0.924039
0.924039
0.924039
0.924039
0.924039
0.924039
0.924039
0.924039
0.924039
0.924039
0.924039
0.924039
0.924039
0.924039
0.924039
0.924039
0.924039
0.924039
0.924039
0.924039
0.924039
0.924039
0.924039
0.924039
0.924039


0.178184
0.198988
0.222288
0.24154
0.290116
0.298764
0.344031
0.370853
0.3914
0.417604
0.437359
0.444069
0.454312
0.47149
0.552181
0.554254
0.555743
0.586529
0.641644
0.641644
0.657282
0.69043
0.704515
0.708694
0.716212
0.727443
0.756514
0.777486
0.785267
0.799157
0.811187
0.830182
0.846001
0.851105
0.855978
0.85821
0.858376
0.871981
0.876181
0.878851
0.885523
0.890885
0.891638
0.892342
0.894408
0.90202
0.903452
0.907355
0.907898
0.9094
0.912099
0.913883
0.91555
0.917776
0.917885
0.918077
0.918508
0.919401
0.919465
0.92069
0.921351
0.921941
0.922983
0.923352
0.92357
0.924
0.924522
0.925039
0.925039
0.92566
0.926103
0.926384
0.926405
0.926705
0.926734
0.926782
0.926797
0.926806
0.926917
0.927155
0.927168
0.927256
0.92742
0.927483
0.927548
0.927669
0.927682
0.927743
0.927784
0.927834
0.927838
0.927848
0.927974
0.927974
0.927974
0.92801
0.92801
0.928074
0.928128
0.928158
0.928161
0.928162
0.928169
0.928216
0.928216
0.928217
0.928225
0.928235
0.928246
0.928254
0.928254
0.928257
0.928258
0.928259
0.928266
0.928272
0.928279
0.928279
0.928286
0.928287
0.928287
0.928287
0.928291
0.928294
0.928295
0.928296
0.928296
0.928298
0.928298
0.9283
0.928301
0.928301
0.928301
0.928302
0.928303
0.928303
0.928304
0.928304
0.928304
0.928305
0.928305
0.928305
0.928305
0.928305
0.928305
0.928305
0.928305
0.928306
0.928306
0.928306
0.928306
0.928307
0.928307
0.928307
0.928307
0.928307
0.928307
0.928307
0.928307
0.928307
0.928307
0.928307
0.928307
0.928307
0.928307
0.928307
0.928307
0.928307
0.928307
0.928307
0.928307
0.928307
0.928307
0.928307
0.928307
0.928307
0.928307
0.928307
0.928307
0.928307
0.928307
0.928307
0.928307
0.928307
0.928307
0.928307
0.928307
0.928307
0.928307
0.928307
0.928307
0.928307
0.928307
0.928307
0.928307
0.928307
0.928307
0.928307
0.928307
0.928307
0.928307
0.928307
0.928307
0.928307
0.928307
0.928307
0.928307
0.928307
0.928307
0.928307
0.928307
0.928307
0.928307
0.928307
0.928307
0.928307
0.928307
0.928307
0.928307
0.928307
0.928307
0.928307
0.928307
0.928307
0.928307
0.928307
0.928307
0.928307
0.928307
0.928307
0.928307
0.928307
0.928307
0.928307
0.928307
0.928307
0.928307
0.928307
0.928307
0.928307
0.928307
0.928307
0.928307
0.928307
0.928307
0.928307
0.928307
0.928307
0.928307
0.928307
0.928307
0.928307
0.928307
0.928307
0.928307
0.928307
0.928307
0.928307
0.928307
0.928307
0.928307
0.928307
0.928307
0.928307
0.928307
0.928307
0.928307
0.928307
0.928307
0.928307
0.928307
0.928307
0.928307
0.928307
0.928307
0.928307
0.928307
0.928307
0.928307
0.928307
0.928307
0.928307
0.928307
0.928307
0.928307
0.928307
0.928307
0.928307
0.928307
0.928307
0.928307
0.928307
0.928307
0.928307
0.928307
0.928307
0.928307
0.928307
0.928307
0.928307
0.928307
0.928307
0.928307
0.928307
0.928307
0.928307
0.928307
0.928307
0.928307
0.928307
0.928307
0.928307
0.928307
0.928307
0.928307
0.928307
0.928307
0.928307
0.928307
0.928307
0.928307
0.928307
0.928307
0.928307
0.928307
0.928307
0.928307
0.928307
0.928307
0.928307
0.928307
0.928307
0.928307
0.928307
0.928307
0.928307
0.928307
0.928307
0.928307
0.928307
0.928307
0.928307
0.928307
0.928307
0.928307
0.928307
0.928307
0.928307
0.928307
0.928307
0.928307
0.928307
0.928307
0.928307
0.928307
0.928307
0.928307
0.928307
0.928307
0.928307
0.928307
0.928307
0.928307
0.928307
0.928307
0.928307
0.928307
0.928307
0.928307
0.928307
0.928307
0.928307
0.928307
0.928307
0.928307
0.928307
0.928307
0.928307
0.928307
0.928307
0.928307
0.928307
0.928307
0.928307
0.928307
0.928307
0.928307
0.928307
0.928307
0.928307
0.928307
0.928307
0.928307
0.928307
0.928307
0.928307
0.928307
0.928307
0.928307
0.928307
0.928307
0.928307
0.928307
0.928307
0.928307
0.928307
0.928307
0.928307
0.928307
0.928307
0.928307
0.928307
0.928307
0.928307
0.928307
0.928307
0.928307
0.928307
0.928307
0.928307
0.928307
0.928306
0.928307
0.928307
0.928307
0.928307
0.928307
0.928307
0.928307
0.928307
0.928307
0.928298
0.928307
0.928307
0.928307
0.928307
0.928307
0.928307
0.928307
0.928307
0.928307
0.928307
0.928307
0.928307
0.928307
0.928307
0.928307
0.928307
0.928307
0.928307
0.928307
0.928307
0.928307
0.928307
0.928307
0.928307
0.928307
0.928307
0.928307
0.928307
0.928307
0.928307
0.928307
0.928307
0.928307
0.928307
0.928307
0.928307
0.928307
0.928307
0.928307
0.928307
0.928307
0.928307
0.928307
0.928307
0.928307
0.928307
0.928307
0.928307
0.928307
0.928307
0.928307
0.928307
0.928307
0.928307
0.928307
0.928307
0.928307
0.928307
0.928307
0.928267
0.928307
0.928307
0.928307
0.928307
0.928307
0.928307
0.928307
0.928307


0.187563
0.192907
0.242323
0.285204
0.298322
0.353328
0.361122
0.40312
0.40312
0.403174
0.458755
0.462594
0.492866
0.496433
0.519338
0.560547
0.587829
0.594646
0.608962
0.627079
0.644166
0.662194
0.670266
0.670266
0.670806
0.675076
0.691028
0.704122
0.712247
0.748782
0.790565
0.795269
0.795269
0.795299
0.795299
0.798868
0.805984
0.807708
0.818738
0.820819
0.825699
0.827506
0.827506
0.833966
0.834551
0.837931
0.837931
0.838255
0.855652
0.85954
0.859867
0.860335
0.860335
0.862437
0.867046
0.867241
0.867448
0.871375
0.875186
0.888521
0.888521
0.889141
0.890686
0.904904
0.905154
0.905154
0.906418
0.906665
0.912403
0.9126
0.912834
0.91319
0.915338
0.915468
0.915625
0.916482
0.91682
0.916945
0.91702
0.917769
0.920476
0.921286
0.921309
0.921309
0.921316
0.922336
0.922398
0.922915
0.923317
0.92348
0.92348
0.924349
0.924349
0.924607
0.924635
0.924809
0.925018
0.925082
0.925368
0.92537
0.925449
0.925589
0.925591
0.925591
0.92562
0.925824
0.925825
0.925827
0.926039
0.92604
0.92604
0.926066
0.926148
0.926148
0.92615
0.92616
0.926173
0.926173
0.926197
0.926198
0.926204
0.926208
0.926208
0.926212
0.926254
0.926254
0.926254
0.926262
0.926272
0.926272
0.926277
0.926284
0.926289
0.926299
0.9263
0.926301
0.926306
0.926306
0.926316
0.926316
0.926316
0.92632
0.92632
0.926324
0.926324
0.926324
0.926325
0.926328
0.926328
0.926328
0.926328
0.926328
0.926328
0.92633
0.92633
0.92633
0.92633
0.926331
0.926331
0.926332
0.926332
0.926332
0.926332
0.926332
0.926333
0.926333
0.926333
0.926333
0.926333
0.926333
0.926333
0.926333
0.926333
0.926333
0.926333
0.926333
0.926333
0.926333
0.926334
0.926334
0.926334
0.926334
0.926334
0.926334
0.926334
0.926334
0.926334
0.926334
0.926334
0.926334
0.926334
0.926334
0.926334
0.926334
0.926334
0.926334
0.926334
0.926334
0.926334
0.926334
0.926334
0.926334
0.926334
0.926334
0.926334
0.926334
0.926334
0.926334
0.926334
0.926334
0.926334
0.926334
0.926334
0.926334
0.926334
0.926334
0.926334
0.926334
0.926334
0.926334
0.926334
0.926334
0.926334
0.926334
0.926334
0.926334
0.926334
0.926334
0.926334
0.926334
0.926334
0.926334
0.926334
0.926334
0.926334
0.926334
0.926334
0.926334
0.926334
0.926334
0.926334
0.926334
0.926334
0.926334
0.926334
0.926334
0.926334
0.926334
0.926334
0.926334
0.926334
0.926334
0.926334
0.926334
0.926334
0.926334
0.926334
0.926334
0.926334
0.926334
0.926334
0.926334
0.926334
0.926334
0.926334
0.926334
0.926334
0.926334
0.926334
0.926334
0.926334
0.926334
0.926334
0.926334
0.926334
0.926334
0.926334
0.926334
0.926334
0.926334
0.926334
0.926334
0.926334
0.926334
0.926334
0.926334
0.926334
0.926334
0.926334
0.926334
0.926334
0.926334
0.926334
0.926334
0.926334
0.926334
0.926334
0.926334
0.926334
0.926334
0.926334
0.926334
0.926334
0.926334
0.926334
0.926334
0.926334
0.926334
0.926334
0.926334
0.926334
0.926334
0.926334
0.926334
0.926334
0.926334
0.926334
0.926334
0.926334
0.926334
0.926334
0.926334
0.926334
0.926334
0.926334
0.926334
0.926334
0.926334
0.926334
0.926334
0.926334
0.926334
0.926334
0.926334
0.926334
0.926334
0.926334
0.926334
0.926334
0.926334
0.926334
0.926334
0.926334
0.926334
0.926334
0.926334
0.926334
0.926334
0.926334
0.926334
0.926334
0.926334
0.926334
0.926334
0.926334
0.926334
0.926334
0.926334
0.926334
0.926334
0.926334
0.926334
0.926334
0.926334
0.926334
0.926334
0.926334
0.926334
0.926334
0.926334
0.926334
0.926334
0.926334
0.926334
0.926334
0.926334
0.926334
0.926334
0.926334
0.926334
0.926334
0.926334
0.926334
0.926334
0.926334
0.926334
0.926334
0.926334
0.926334
0.926334
0.926334
0.926334
0.926334
0.926334
0.926334
0.926334
0.926334
0.926334
0.926334
0.926334
0.926334
0.926334
0.926334
0.926334
0.926334
0.926334
0.926334
0.926334
0.926334
0.926334
0.926334
0.926334
0.926334
0.926334
0.926334
0.926334
0.926334
0.926334
0.926334
0.926334
0.926334
0.926334
0.926334
0.926334
0.926334
0.926334
0.926334
0.926334
0.926334
0.926334
0.926334
0.926334
0.926334
0.926334
0.926334
0.926334
0.926334
0.926334
0.926334
0.926334
0.926334
0.926334
0.926334
0.926334
0.926334
0.926334
0.926334
0.926334
0.926334
0.926334
0.926334
0.926334
0.926334
0.926334
0.926334
0.926334
0.926334
0.926334
0.926334
0.926334
0.926334
0.926334
0.926334
0.926334
0.926334
0.926334
0.926334
0.926334
0.926334
0.926334
0.926334
0.926334
0.926334
0.926334
0.926334
0.926334
0.926334
0.926334
0.926334
0.926334
0.926334
0.926334
0.926334
0.926334
0.926334
0.926334
0.926334
0.926334
0.926334
0.926334
0.926334
0.926334
0.926334
0.926334
0.926334
0.926334
0.926334
0.926334
0.926334
0.926334


0.173381
0.189183
0.201145
0.229869
0.254857
0.290836
0.300966
0.365296
0.401103
0.412714
0.420543
0.433366
0.435356
0.436889
0.471033
0.513007
0.526439
0.526439
0.553078
0.57497
0.57497
0.6239
0.624684
0.666029
0.670963
0.704492
0.735632
0.735632
0.740171
0.741875
0.756144
0.776799
0.777664
0.784028
0.786924
0.79412
0.795331
0.802523
0.802617
0.803298
0.80737
0.810207
0.810273
0.812711
0.814709
0.815778
0.821273
0.822567
0.822789
0.82555
0.825638
0.827739
0.830332
0.831065
0.83141
0.831412
0.831605
0.831899
0.832673
0.832808
0.83389
0.834579
0.834579
0.835561
0.835561
0.83607
0.83618
0.836449
0.836663
0.837064
0.83711
0.837112
0.837648
0.837739
0.837753
0.8379
0.837951
0.83796
0.837998
0.838059
0.838184
0.838238
0.838254
0.838256
0.838322
0.838322
0.838446
0.838457
0.838484
0.838509
0.838523
0.83855
0.838579
0.838598
0.838607
0.838638
0.838648
0.838653
0.838666
0.838672
0.83868
0.838687
0.838697
0.838699
0.838711
0.83872
0.83872
0.838721
0.838728
0.83873
0.83873
0.838732
0.838733
0.838735
0.838738
0.838741
0.838744
0.838744
0.838746
0.838746
0.838747
0.838747
0.838748
0.838749
0.849326
0.849326
0.853939
0.858698
0.862641
0.864044
0.899647
0.899647
0.901867
0.901867
0.901867
0.904965
0.90939
0.910086
0.910086
0.910086
0.910086
0.909265
0.909265
0.911495
0.911495
0.911495
0.912139
0.91214
0.91214
0.91214
0.912513
0.912513
0.912513
0.916405
0.916405
0.917515
0.917515
0.917782
0.917782
0.918799
0.918799
0.918799
0.918799
0.91917
0.92238
0.922979
0.922979
0.923362
0.923362
0.923362
0.923362
0.924975
0.924975
0.926855
0.926912
0.927096
0.927736
0.927736
0.928796
0.928796
0.92921
0.929266
0.929266
0.93032
0.93032
0.930692
0.931376
0.931376
0.931425
0.93201
0.932916
0.933125
0.933561
0.933561
0.933561
0.933758
0.933823
0.934973
0.934973
0.93501
0.935105
0.93511
0.935172
0.935278
0.935457
0.935457
0.936566
0.937401
0.937401
0.937401
0.937401
0.937573
0.93763
0.937632
0.937632
0.937659
0.938088
0.938088
0.938088
0.938088
0.938107
0.938136
0.938181
0.938229
0.938229
0.938356
0.938356
0.938545
0.938545
0.938601
0.93861
0.938641
0.938668
0.938668
0.938715
0.938715
0.938715
0.938715
0.938716
0.938729
0.938729
0.93873
0.93873
0.938742
0.938742
0.938747
0.938747
0.938755
0.938761
0.938786
0.938786
0.938807
0.938835
0.938835
0.938835
0.938835
0.938845
0.938849
0.938849
0.938849
0.938851
0.938853
0.938853
0.938853
0.938855
0.938855
0.938856
0.938858
0.938859
0.938861
0.938864
0.938864
0.938864
0.938864
0.938866
0.938866
0.938866
0.938867
0.938867
0.938867
0.938867
0.938867
0.938867
0.938868
0.938868
0.938869
0.938869
0.938869
0.938869
0.93887
0.93887
0.93887
0.938871
0.938871
0.938871
0.938871
0.938871
0.938871
0.938871
0.938871
0.938871
0.938871
0.938871
0.938871
0.938871
0.938871
0.938871
0.938871
0.938871
0.938871
0.938871
0.938871
0.938871
0.938871
0.938871
0.938871
0.938872
0.938872
0.938872
0.938872
0.938872
0.938872
0.938872
0.938872
0.938872
0.938872
0.938872
0.938872
0.938872
0.938872
0.938872
0.938872
0.938872
0.938872
0.938872
0.938872
0.938872
0.938872
0.938872
0.938872
0.938872
0.938872
0.938872
0.938872
0.938872
0.938872
0.938872
0.938872
0.938872
0.938872
0.938872
0.93885
0.938872
0.938872
0.938872
0.938872
0.938872
0.938872
0.938872
0.938872
0.938872
0.938872
0.938872
0.938872
0.938872
0.938872
0.938872
0.938872
0.938872
0.938872
0.938872
0.938872
0.938872
0.938872
0.938872
0.938872
0.938872
0.938872
0.938872
0.938872
0.938872
0.938872
0.938872
0.938872
0.938872
0.938872
0.938872
0.938872
0.938872
0.938872
0.938872
0.938872
0.938872
0.938872
0.938872
0.938872
0.938872
0.938872
0.938872
0.938872
0.938872
0.938872
0.938872
0.938872
0.938872
0.938872
0.938872
0.938872
0.938872
0.938872
0.938872
0.938872
0.938872
0.938872
0.938872
0.938872
0.938872
0.938872
0.938872
0.938872
0.938872
0.938872
0.938872
0.938872
0.938872
0.938872
0.938872
0.938872
0.938872
0.938872
0.938872
0.938872
0.938872
0.938872
0.938872
0.938872
0.938872
0.938872
0.938872
0.938872
0.938872
0.938872
0.938872
0.938872
0.938872
0.938872
0.938872
0.938872
0.938872
0.938872
0.938872
0.938872
0.938872
0.938872
0.938872
0.938872
0.938872
0.938872
0.938872
0.938872
0.938872
0.938872
0.938872
0.938872
0.938872
0.938872
0.938872
0.938872
0.938872
0.938872
0.938872
0.938872
0.938872
0.938872
0.938872
0.938872
0.938872
0.938872
0.938872
0.938872
0.938872
0.938872
0.938872
0.938872
0.938872
0.938872
0.938872
0.938872
0.938872
0.938872
0.938872
0.938872
0.938872
0.938872
0.938872
0.938872
0.938872
0.938872
0.938872
0.938872


0.183532
0.20307
0.208897
0.247039
0.272078
0.324135
0.329306
0.371962
0.443779
0.47518
0.4975
0.503316
0.558333
0.559034
0.612888
0.612964
0.615399
0.650786
0.670811
0.687892
0.690081
0.690081
0.705484
0.726043
0.743127
0.743127
0.754729
0.763405
0.767461
0.78394
0.788825
0.793934
0.800403
0.822489
0.827098
0.841882
0.844452
0.844452
0.844872
0.846371
0.85674
0.856393
0.86391
0.870669
0.881093
0.881531
0.891635
0.894481
0.895307
0.897325
0.9043
0.902612
0.904712
0.907259
0.912909
0.914862
0.915479
0.919647
0.922121
0.922544
0.925855
0.925855
0.927591
0.927591
0.931516
0.931516
0.931528
0.932569
0.932583
0.933225
0.93325
0.934479
0.935833
0.937166
0.937182
0.937241
0.937819
0.937841
0.938739
0.939234
0.939254
0.939872
0.939872
0.939879
0.9406
0.941135
0.941216
0.941235
0.941762
0.941837
0.941839
0.941964
0.941964
0.941976
0.942094
0.942195
0.942322
0.942433
0.94244
0.942465
0.942466
0.942549
0.942574
0.942576
0.942601
0.942654
0.942702
0.942726
0.942769
0.942773
0.942782
0.942796
0.94281
0.94281
0.942817
0.942831
0.942834
0.942834
0.942839
0.942847
0.942847
0.942851
0.942851
0.942853
0.942853
0.942853
0.942853
0.942855
0.942858
0.942858
0.942858
0.94286
0.94286
0.942862
0.942866
0.942866
0.942867
0.942868
0.942869
0.942869
0.942869
0.942869
0.942869
0.942871
0.942871
0.942871
0.942872
0.942872
0.942872
0.942872
0.942873
0.942873
0.942873
0.942873
0.942873
0.942873
0.942874
0.942874
0.942874
0.942874
0.942874
0.942874
0.942874
0.942874
0.942874
0.942874
0.942874
0.942874
0.942874
0.942874
0.942874
0.942874
0.942874
0.942874
0.942874
0.942874
0.942874
0.942874
0.942874
0.942874
0.942875
0.942875
0.942875
0.942875
0.942875
0.942875
0.942875
0.942875
0.942875
0.942875
0.942875
0.942875
0.942875
0.942875
0.942875
0.942875
0.942875
0.942875
0.942875
0.942875
0.942875
0.942875
0.942875
0.942875
0.942875
0.942875
0.942875
0.942875
0.942875
0.942875
0.942875
0.942875
0.942875
0.942875
0.942875
0.942875
0.942875
0.942875
0.942875
0.942875
0.942875
0.942875
0.942875
0.942875
0.942875
0.942875
0.942875
0.942875
0.942875
0.942875
0.942875
0.942875
0.942875
0.942875
0.942875
0.942875
0.942875
0.942875
0.942875
0.942875
0.942875
0.942875
0.942875
0.942875
0.942875
0.942875
0.942875
0.942875
0.942875
0.942875
0.942875
0.942875
0.942875
0.942875
0.942875
0.942875
0.942875
0.942875
0.942875
0.942875
0.942875
0.942875
0.942875
0.942875
0.942875
0.942875
0.942875
0.942875
0.942875
0.942875
0.942875
0.942875
0.942875
0.942875
0.942875
0.942875
0.942875
0.942875
0.942875
0.942875
0.942875
0.942875
0.942875
0.942875
0.942875
0.942875
0.942875
0.942875
0.942875
0.942875
0.942875
0.942875
0.942875
0.942875
0.942875
0.942875
0.942875
0.942875
0.942875
0.942875
0.942875
0.942875
0.942875
0.942875
0.942875
0.942875
0.942875
0.942875
0.942875
0.942875
0.942875
0.942875
0.942875
0.943036
0.943109
0.943163
0.943311
0.943866
0.945424
0.945424
0.945596
0.94569
0.94569
0.94569
0.945856
0.945901
0.945904
0.946199
0.946415
0.946649
0.946737
0.94691
0.9472
0.947367
0.947579
0.94773
0.947875
0.947973
0.948021
0.948287
0.948407
0.948465
0.948724
0.94899
0.949634
0.950093
0.950669
0.951152
0.952014
0.953599
0.954311
0.95631
0.956534
0.956534
0.95701
0.95722
0.957254
0.957254
0.957254
0.957268
0.957322
0.957386
0.957436
0.957457
0.957523
0.957575
0.957575
0.957589
0.957589
0.957589
0.957596
0.957604
0.957606
0.957728
0.95779
0.957896
0.957897
0.958099
0.958154
0.958208
0.958263
0.95839
0.958792
0.958792
0.958792
0.958841
0.958856
0.958856
0.958859
0.958859
0.958891
0.958918
0.958928
0.958942
0.958949
0.958949
0.958949
0.958949
0.958951
0.958957
0.958958
0.95896
0.958961
0.958964
0.958964
0.958965
0.958987
0.959036
0.959091
0.959167
0.959302
0.959373
0.959593
0.959763
0.959839
0.959955
0.96054
0.961321
0.961943
0.962739
0.964812
0.96715
0.972979
0.977319
0.982023
0.982463
0.982742
0.983065
0.983311
0.983581
0.983581
0.983602
0.983707
0.983707
0.983963
0.984061
0.984061
0.984125
0.984979
0.985269
0.985284
0.985292
0.985401
0.98603
0.986065
0.986065
0.98654
0.986577
0.986577
0.986822
0.987006
0.987001
0.987001
0.987001
0.987005
0.987036
0.987121
0.987192
0.987205
0.987209
0.987209
0.987215
0.987219
0.98722
0.987222
0.987233
0.987233
0.987236
0.987236
0.987236
0.987239
0.987239
0.987248
0.987249
0.98725
0.987256
0.987256
0.987256
0.987259
0.987264
0.987275
0.987286
0.987304
0.987385
0.987426
0.987426
0.987426
0.987426
0.987428
0.987428
0.987451
0.987461
0.987461
0.987462
0.987462
0.987462
0.987462
0.987462
0.987462
0.987462


0.220847
0.220847
0.235942
0.276475
0.317661
0.36529
0.38666
0.413486
0.432226
0.456582
0.466625
0.472436
0.50855
0.532024
0.545868
0.554733
0.594062
0.611867
0.614733
0.633328
0.641722
0.652747
0.698423
0.698423
0.702538
0.721739
0.742011
0.757716
0.772147
0.772147
0.782858
0.779942
0.785813
0.793712
0.794339
0.800139
0.818923
0.834559
0.837133
0.837328
0.839438
0.847098
0.847379
0.849108
0.855192
0.857106
0.862086
0.864825
0.866246
0.867002
0.86748
0.869498
0.871084
0.874033
0.87424
0.874953
0.876182
0.877702
0.878548
0.878548
0.879615
0.880539
0.881109
0.882341
0.88291
0.882969
0.882969
0.883336
0.883686
0.884063
0.884346
0.884374
0.884728
0.884796
0.884904
0.885027
0.885075
0.885194
0.885272
0.885576
0.885577
0.885628
0.885694
0.885828
0.885941
0.886012
0.886072
0.88609
0.886109
0.886117
0.886157
0.886222
0.886257
0.886266
0.886269
0.886295
0.88632
0.886342
0.886342
0.886373
0.886374
0.88638
0.886387
0.886393
0.886399
0.886403
0.886406
0.886414
0.886415
0.886422
0.886425
0.886429
0.88643
0.886431
0.886434
0.886434
0.886434
0.886438
0.886439
0.88644
0.886441
0.886442
0.886442
0.886442
0.886442
0.886444
0.886445
0.886445
0.886445
0.886446
0.886446
0.886446
0.886447
0.886447
0.886447
0.886447
0.886447
0.886447
0.886448
0.886448
0.886448
0.886448
0.886448
0.886448
0.886448
0.886448
0.886448
0.886448
0.886448
0.886448
0.886448
0.886448
0.886448
0.886448
0.886448
0.886448
0.886448
0.886448
0.886448
0.886448
0.886448
0.886448
0.886448
0.886448
0.886449
0.886449
0.886449
0.886449
0.886449
0.886449
0.886449
0.886449
0.886449
0.886449
0.886449
0.886449
0.886449
0.886449
0.886449
0.886449
0.886449
0.886449
0.886449
0.886449
0.886449
0.886449
0.886449
0.886449
0.886449
0.886449
0.886449
0.886449
0.886449
0.886449
0.886449
0.886449
0.886449
0.886449
0.886449
0.886449
0.886449
0.886449
0.886449
0.886449
0.886449
0.886449
0.886449
0.886449
0.886449
0.886449
0.886449
0.886449
0.886449
0.886449
0.886449
0.886449
0.886449
0.886449
0.886449
0.886449
0.886449
0.886449
0.886449
0.886449
0.886449
0.886449
0.886449
0.886449
0.886449
0.886449
0.886449
0.886449
0.886449
0.886449
0.886449
0.886449
0.886449
0.886449
0.886449
0.886449
0.886449
0.886449
0.886449
0.886449
0.886449
0.886449
0.886449
0.886449
0.886449
0.886449
0.886449
0.886449
0.886449
0.886449
0.886449
0.886449
0.886449
0.886449
0.886449
0.886449
0.886449
0.886449
0.886449
0.886449
0.886449
0.886449
0.886449
0.886449
0.886449
0.886449
0.886449
0.886449
0.886449
0.886449
0.886449
0.886449
0.886449
0.886449
0.886449
0.886449
0.886449
0.886449
0.886449
0.886449
0.886449
0.886449
0.886449
0.886449
0.886449
0.886449
0.886449
0.886449
0.886449
0.886449
0.886449
0.886449
0.886449
0.886449
0.886449
0.886449
0.886449
0.886449
0.886449
0.886449
0.886449
0.886449
0.886449
0.886449
0.886449
0.886449
0.886449
0.886449
0.886449
0.886449
0.886449
0.886449
0.886449
0.886449
0.886449
0.886449
0.886449
0.886449
0.886449
0.886449
0.886449
0.886449
0.886449
0.886449
0.886449
0.886449
0.886449
0.886449
0.886449
0.886449
0.886449
0.886449
0.886449
0.886449
0.886449
0.886449
0.886449
0.886449
0.886449
0.886449
0.886449
0.886449
0.886449
0.886449
0.886449
0.886449
0.886449
0.886449
0.886449
0.886449
0.886449
0.886449
0.886449
0.886449
0.886449
0.886449
0.886449
0.886449
0.886449
0.886449
0.886449
0.886449
0.886449
0.886449
0.886449
0.886449
0.886449
0.886443
0.886449
0.886449
0.886449
0.886449
0.886449
0.886449
0.886449
0.886449
0.886449
0.886449
0.886449
0.886449
0.886449
0.886449
0.886449
0.886449
0.886449
0.886449
0.886449
0.886449
0.886449
0.886449
0.886449
0.886449
0.886449
0.886449
0.886449
0.886449
0.886449
0.886449
0.886449
0.886449
0.886449
0.886449
0.886449
0.886449
0.886449
0.886449
0.886449
0.886449
0.886449
0.886449
0.886449
0.886449
0.886449
0.886449
0.886449
0.886449
0.886449
0.886449
0.886449
0.886449
0.886449
0.886449
0.886449
0.886449
0.886449
0.886449
0.886449
0.886449
0.886449
0.886449
0.886449
0.886449
0.886449
0.886449
0.886449
0.886449
0.886449
0.886449
0.886449
0.886449
0.886449
0.886449
0.886449
0.886449
0.886449
0.886449
0.886449
0.886449
0.886449
0.886449
0.886449
0.886449
0.886449
0.886449
0.886449
0.886449
0.886449
0.886449
0.886449
0.886449
0.886449
0.886449
0.886449
0.886449
0.886449
0.886449
0.886449
0.886449
0.886449
0.886449
0.886449
0.886449
0.886449
0.886449
0.886449
0.886449
0.886449
0.886449
0.886449
0.886449
0.886449
0.886449
0.886449
0.886449
0.886449
0.886449
0.886449
0.886449
0.886449
0.886449
0.886449
0.886449
0.886449
0.886449
0.886449
0.886449


0.212183
0.23704
0.260905
0.275748
0.343771
0.350669
0.373866
0.379507
0.424772
0.480234
0.492184
0.508117
0.512429
0.51695
0.51695
0.534004
0.542229
0.58664
0.629143
0.629598
0.64731
0.662091
0.670252
0.697076
0.69785
0.713203
0.727466
0.727466
0.73323
0.73323
0.762183
0.781736
0.781736
0.78825
0.792223
0.814218
0.819876
0.829428
0.830648
0.832941
0.841176
0.841176
0.844147
0.844992
0.84528
0.848567
0.852716
0.854529
0.855228
0.857287
0.85818
0.859172
0.860309
0.860505
0.862174
0.863196
0.864986
0.865106
0.865433
0.8663
0.866458
0.866439
0.867224
0.867397
0.868354
0.868434
0.868478
0.868506
0.868506
0.868658
0.868914
0.868958
0.868972
0.869143
0.869207
0.869275
0.869275
0.869347
0.869506
0.869506
0.869506
0.869509
0.869652
0.869671
0.869679
0.869679
0.869679
0.869679
0.86969
0.869691
0.869708
0.869709
0.869721
0.869724
0.869727
0.869729
0.869743
0.869767
0.869767
0.869777
0.86978
0.869793
0.869796
0.869797
0.869797
0.869797
0.869799
0.8698
0.869801
0.869802
0.869803
0.869803
0.869806
0.869806
0.869806
0.869808
0.869808
0.869808
0.869809
0.86981
0.86981
0.86981
0.869811
0.869811
0.869812
0.869812
0.869812
0.869812
0.869812
0.869812
0.869812
0.869812
0.869813
0.869813
0.869813
0.869813
0.869813
0.869813
0.869813
0.869813
0.869813
0.869813
0.869813
0.869813
0.869813
0.869814
0.869814
0.869814
0.869814
0.869814
0.869814
0.869814
0.869814
0.869814
0.869814
0.869814
0.869814
0.869814
0.869814
0.869814
0.869814
0.869814
0.869814
0.869814
0.869814
0.869814
0.869814
0.869814
0.869814
0.869814
0.869814
0.869814
0.869814
0.869814
0.869814
0.869814
0.869814
0.869814
0.869814
0.869814
0.869814
0.869814
0.869814
0.869814
0.869814
0.869814
0.869814
0.869814
0.869814
0.869814
0.869814
0.869814
0.869814
0.869814
0.869814
0.869814
0.869814
0.869814
0.869814
0.869814
0.869814
0.869814
0.869814
0.869814
0.869814
0.869814
0.869814
0.869814
0.869814
0.869814
0.869814
0.869814
0.869814
0.869814
0.869814
0.869814
0.869814
0.869814
0.869814
0.869814
0.869814
0.869814
0.869814
0.869814
0.869814
0.869814
0.869814
0.869814
0.869814
0.869814
0.869814
0.869814
0.869814
0.869814
0.869814
0.869814
0.869814
0.869814
0.869814
0.869814
0.869814
0.869814
0.869814
0.869814
0.869814
0.869814
0.869814
0.869814
0.869814
0.869814
0.869814
0.869814
0.869814
0.869814
0.869814
0.869814
0.869814
0.869814
0.869814
0.869814
0.869814
0.869814
0.869814
0.869814
0.869814
0.869814
0.869814
0.869814
0.869814
0.869814
0.869814
0.869814
0.869814
0.869814
0.869814
0.869814
0.869814
0.869814
0.869814
0.869814
0.869814
0.869814
0.869814
0.869814
0.869814
0.869814
0.869814
0.869814
0.869814
0.869814
0.869814
0.869814
0.869814
0.869814
0.869814
0.869814
0.869814
0.869814
0.869814
0.869814
0.869814
0.869814
0.869814
0.869814
0.869814
0.869814
0.869814
0.869814
0.869814
0.869814
0.869814
0.869814
0.869814
0.869814
0.869814
0.869814
0.869814
0.869814
0.869814
0.869814
0.869814
0.869814
0.869814
0.869814
0.869814
0.869814
0.869814
0.869814
0.869814
0.869814
0.869814
0.869814
0.869814
0.869814
0.869814
0.869814
0.869814
0.869814
0.869814
0.869814
0.869814
0.869814
0.869814
0.869814
0.869814
0.869814
0.869814
0.869814
0.869814
0.869814
0.869814
0.869814
0.869814
0.869814
0.869814
0.869814
0.869814
0.869814
0.869814
0.869814
0.869814
0.869814
0.869814
0.869814
0.869814
0.869814
0.869814
0.869814
0.869814
0.869814
0.869814
0.869814
0.869814
0.869814
0.869814
0.869814
0.869814
0.869814
0.869814
0.869814
0.869814
0.869769
0.869814
0.869814
0.869814
0.869814
0.869814
0.869814
0.869814
0.869814
0.869814
0.869814
0.869814
0.869814
0.869814
0.869814
0.869814
0.869814
0.869814
0.869814
0.869814
0.869814
0.869814
0.869814
0.869814
0.869814
0.869814
0.869814
0.869814
0.869814
0.869814
0.869814
0.869814
0.869814
0.869814
0.869814
0.869814
0.869814
0.869814
0.869814
0.869814
0.869814
0.869814
0.869814
0.869814
0.869814
0.869814
0.869814
0.869814
0.869814
0.869814
0.869814
0.869814
0.869814
0.869814
0.869814
0.869814
0.869814
0.869814
0.869814
0.869814
0.869799
0.869814
0.869814
0.869814
0.869814
0.869814
0.869814
0.869814
0.869814
0.869814
0.869814
0.869814
0.869814
0.869814
0.869814
0.869814
0.869814
0.869814
0.869814
0.869814
0.869814
0.869814
0.869814
0.869814
0.869814
0.869814
0.869814
0.869814
0.869814
0.869814
0.869814
0.869814
0.869814
0.869814
0.869814
0.869814
0.869814
0.869814
0.869814
0.869814
0.869814
0.869814
0.869814
0.869814
0.869814
0.869814
0.869814
0.869814
0.869814
0.869814
0.869814
0.869814
0.869814
0.869814
0.869814
0.869814
0.869814
0.869814
0.869814


