20.9064
23.8514
24.6825
24.8297
30.2422
32.2287
37.6655
40.353
47.7779
48.1148
49.2039
53.5828
56.0165
57.6843
61.2125
64.8507
65.4744
68.2171
69.6775
69.9413
71.1102
74.5129
77.066
78.1379
80.2139
80.977
82.3171
82.8956
83.3681
83.6601
84.8217
83.9541
84.608
84.7897
84.9348
85.8813
86.7137
87.2678
87.3991
87.4546
87.7585
88.122
88.3849
88.5074
88.7397
88.781
89.0701
89.1445
89.2209
89.2402
89.2515
89.3522
89.5158
89.6181
89.7248
89.7606
89.777
89.7843
89.8601
89.8665
89.9141
89.9177
89.9847
89.9951
90.0062
90.0591
90.0632
90.0686
90.0844
90.1067
90.1168
90.1314
90.1444
90.1444
90.1555
90.1571
90.1654
90.1765
90.1826
90.1871
90.1921
90.1949
90.1992
90.1994
90.1996
90.2014
90.2036
90.2038
90.206
90.2066
90.2074
90.2089
90.2115
90.2115
90.2123
90.2137
90.2146
90.2154
90.2156
90.2166
90.2171
90.2172
90.2183
90.2184
90.2186
90.2187
90.219
90.219
90.2195
90.2198
90.2201
90.2203
90.2207
90.2208
90.2208
90.2209
90.221
90.2211
90.2212
90.2213
90.2213
90.2214
90.2214
90.2214
90.2214
90.2214
90.2215
90.2215
90.2215
90.2215
90.2215
90.2215
90.2216
90.2216
90.2216
90.2216
90.2216
90.2216
90.2216
90.2216
90.2216
90.2216
90.2216
90.2217
90.2217
90.2217
90.2217
90.2217
90.2217
90.2217
90.2217
90.2217
90.2217
90.2217
90.2217
90.2217
90.2217
90.2217
90.2217
90.2217
90.2217
90.2217
90.2217
90.2217
90.2217
90.2217
90.2217
90.2217
90.2217
90.2217
90.2217
90.2217
90.2217
90.2217
90.2217
90.2217
90.2217
90.2217
90.2217
90.2217
90.2217
90.2217
90.2217
90.2217
90.2217
90.2217
90.2217
90.2217
90.2217
90.2217
90.2217
90.2217
90.2217
90.2217
90.2217
90.2217
90.2217
90.2217
90.2217
90.2217
90.2217
90.2217
90.2217
90.2217
90.2217
90.2217
90.2217
90.2217
90.2217
90.2217
90.2217
90.2217
90.2217
90.2217
90.2217
90.2217
90.2217
90.2217
90.2217
90.2217
90.2217
90.2217
90.2217
90.2217
90.2217
90.2217
90.2217
90.2217
90.2217
90.2217
90.2217
90.2217
90.2217
90.2217
90.2217
90.2217
90.2217
90.2217
90.2217
90.2217
90.2217
90.2217
90.2217
90.2217
90.2217
90.2217
90.2217
90.2217
90.2217
90.2217
90.2217
90.2217
90.2217
90.2217
90.2217
90.2217
90.2217
90.2217
90.2217
90.2217
90.2217
90.2217
90.2217
90.2217
90.2217
90.2217
90.2217
90.2217
90.2217
90.2217
90.2217
90.2217
90.2217
90.2217
90.2217
90.2217
90.2217
90.2217
90.2217
90.2217
90.2217
90.2217
90.2217
90.2217
90.2217
90.2217
90.2217
90.2217
90.2217
90.2217
90.2217
90.2217
90.2217
90.2217
90.2217
90.2217
90.2217
90.2217
90.2217
90.2217
90.2217
90.2217
90.2217
90.2217
90.2217
90.2217
90.2217
90.2217
90.2217
90.2217
90.2217
90.2217
90.2217
90.2217
90.2217
90.2217
90.2217
90.2217
90.2217
90.2217
90.2217
90.2217
90.2217
90.2217
90.2217
90.2217
90.2217
90.2217
90.2217
90.2217
90.2217
90.2217
90.2217
90.2217
90.2217
90.2217
90.2217
90.2217
90.2217
90.2217
90.2217
90.2217
90.2217
90.2217
90.2217
90.2217
90.2217
90.2217
90.2217
90.2217
90.2217
90.2217
90.2217
90.2217
90.2217
90.2217
90.2217
90.2217
90.2217
90.2217
90.2217
90.2217
90.2217
90.2217
90.2217
90.2217
90.2217
90.2217
90.2217
90.2217
90.2217
90.2217
90.2217
90.2217
90.2217
90.2217
90.2217
90.2217
90.2217
90.2217
90.2217
90.2217
90.2217
90.2217
90.2217
90.2217
90.2217
90.2217
90.2217
90.2217
90.2217
90.2217
90.2217
90.2217
90.2217
90.2217
90.2217
90.2217
90.2217
90.2217
90.2217
90.2217
90.2217
90.2217
90.2217
90.2217
90.2217
90.2217
90.2217
90.2217
90.2217
90.2217
90.2217
90.2217
90.2217
90.2217
90.2217
90.2217
90.2217
90.2217
90.2217
90.2217
90.2217
90.2217
90.2217
90.2217
90.2217
90.2217
90.2217
90.2217
90.2217
90.2217
90.2217
90.2217
90.2217
90.2217
90.2217
90.2217
90.2217
90.2217
90.2217
90.2217
90.2217
90.2217
90.2217
90.2217
90.2217
90.2217
90.2217
90.2217
90.2217
90.2217
90.2217
90.2217
90.2217
90.2217
90.2217
90.2217
90.2217
90.2217
90.2217
90.2217
90.2217
90.2217
90.2217
90.2217
90.2217
90.2217
90.2217
90.2217
90.2217
90.2217
90.2217
90.2217
90.2217
90.2217
90.2217
90.2217
90.2217
90.2217
90.2217
90.2217
90.2217
90.2217
90.2217
90.2217
90.2217
90.2217
90.2217
90.2217
90.2217
90.2217
90.2217
90.2217
90.2217
90.2217
90.2217
90.2217
90.2217
90.2217


12.5289
16.8487
18.5009
20.034
21.1137
21.9146
25.6311
31.1399
31.8829
32.5385
33.5205
36.1938
36.5498
38.7744
41.893
45.2138
45.2217
45.438
53.6935
55.03
55.6815
57.473
58.5404
60.6969
60.8069
61.9534
63.0844
63.2926
64.672
65.2273
65.4503
66.4792
66.9032
67.9873
68.2466
70.051
70.2566
70.2566
70.5361
70.9189
71.4787
71.4787
71.732
71.7368
71.7868
71.8452
71.9372
72.0926
72.1553
72.2581
72.2796
72.3513
72.4078
72.4331
72.501
72.5192
72.5408
72.5809
72.6184
72.6268
72.6567
72.732
72.7402
72.7671
72.7837
72.7869
72.8136
72.8136
72.8184
72.8306
72.8326
72.8408
72.8576
72.8576
72.8677
72.8708
72.8708
72.8747
72.8816
72.8847
72.8868
72.8868
72.8875
72.8883
72.8893
72.8919
72.8929
72.8931
72.8935
72.8945
72.8963
72.8977
72.898
72.9002
72.9003
72.9013
72.9019
72.9028
72.9033
72.9044
72.9045
72.9051
72.9057
72.9057
72.9057
72.9057
72.9058
72.9059
72.9063
72.9063
72.9063
72.9065
72.9069
72.9069
72.907
72.9072
72.9072
72.9073
72.9073
72.9074
72.9075
72.9075
72.9075
72.9077
72.9077
72.9077
72.9077
72.9078
72.9078
72.9078
72.9078
72.9078
72.9078
72.9078
72.9079
72.9079
72.9079
72.9079
72.9079
72.9079
72.9079
72.9079
72.9079
72.9079
72.9079
72.9079
72.9079
72.9079
72.9079
72.9079
72.9079
72.9079
72.9079
72.9079
72.9079
72.9079
72.9079
72.9079
72.9079
72.9079
72.908
72.908
72.908
72.908
72.908
72.908
72.908
72.908
72.908
72.908
72.908
72.908
72.908
72.908
72.908
72.908
72.908
72.908
72.908
72.908
72.908
72.908
72.908
72.908
72.908
72.908
72.908
72.908
72.908
72.908
72.908
72.908
72.908
72.908
72.908
72.908
72.908
72.908
72.908
72.908
72.908
72.908
72.908
72.908
72.908
72.908
72.908
72.908
72.908
72.908
72.908
72.908
72.908
72.908
72.908
72.908
72.908
72.908
72.908
72.908
72.908
72.908
72.908
72.908
72.908
72.908
72.908
72.908
72.908
72.908
72.908
72.908
72.908
72.908
72.908
72.908
72.908
72.908
72.908
72.908
72.908
72.908
72.908
72.908
72.908
72.908
72.908
72.908
72.908
72.908
72.908
72.908
72.908
72.908
72.908
72.908
72.908
72.908
72.908
72.908
72.908
72.908
72.908
72.908
72.908
72.908
72.908
72.908
72.908
72.908
72.908
72.908
72.908
72.908
72.908
72.908
72.908
72.908
72.908
72.908
72.908
72.908
72.908
72.908
72.908
72.908
72.908
72.908
72.908
72.908
72.908
72.908
72.908
72.908
72.908
72.908
72.908
72.908
72.908
72.908
72.908
72.908
72.908
72.908
72.908
72.908
72.908
72.908
72.908
72.908
72.908
72.908
72.908
72.908
72.908
72.908
72.908
72.908
72.908
72.908
72.908
72.908
72.908
72.908
72.908
72.908
72.908
72.908
72.908
72.908
72.908
72.908
72.908
72.908
72.908
72.908
72.908
72.908
72.908
72.908
72.908
72.908
72.908
72.908
72.908
72.908
72.908
72.908
72.908
72.908
72.908
72.908
72.908
72.908
72.908
72.908
72.908
72.908
72.908
72.908
72.908
72.908
72.908
72.908
72.908
72.908
72.908
72.908
72.908
72.908
72.908
72.908
72.908
72.908
72.908
72.908
72.908
72.908
72.908
72.908
72.908
72.908
72.908
72.908
72.908
72.908
72.908
72.908
72.908
72.908
72.908
72.908
72.908
72.908
72.908
72.908
72.908
72.908
72.908
72.908
72.908
72.908
72.908
72.908
72.908
72.908
72.908
72.908
72.908
72.908
72.908
72.908
72.908
72.908
72.908
72.908
72.908
72.908
72.908
72.908
72.908
72.908
72.908
72.908
72.908
72.908
72.908
72.908
72.908
72.908
72.908
72.908
72.908
72.908
72.908
72.908
72.908
72.908
72.908
72.908
72.908
72.908
72.908
72.908
72.908
72.908
72.908
72.908
72.908
72.908
72.908
72.908
72.908
72.908
72.908
72.908
72.908
72.908
72.908
72.908
72.908
72.908
72.908
72.908
72.908
72.908
72.908
72.908
72.908
72.908
72.908
72.908
72.908
72.908
72.908
72.908
72.908
72.908
72.908
72.908
72.908
72.908
72.908
72.908
72.908
72.908
72.908
72.908
72.908
72.908
72.908
72.908
72.908
72.908
72.908
72.908
72.908
72.908
72.908
72.908


10.5553
13.9187
15.9973
17.2707
23.1249
24.8458
25.3262
26.038
30.3384
32.2043
34.0255
34.5763
39.9474
41.0644
43.3849
45.0136
49.7465
49.7465
49.9954
50.8882
55.8927
57.3077
59.6458
60.966
61.2579
63.3734
63.8197
67.3087
68.089
70.0892
71.0117
70.163
71.4942
71.4942
71.574
74.1706
76.0007
77.7025
78.9076
80.1769
81.1604
81.1604
81.8746
82.7914
82.7915
82.8535
83.2387
84.0951
84.7198
85.073
85.402
85.7115
86.0043
86.2683
86.8503
86.9531
87.0118
87.096
87.278
87.278
87.278
87.4805
87.5548
87.7143
87.7247
87.7247
87.8964
87.9658
88.0342
88.042
88.0681
88.0847
88.1023
88.1556
88.1644
88.1675
88.2244
88.2244
88.2301
88.2443
88.2522
88.2655
88.2766
88.3062
88.3063
88.3114
88.3264
88.3465
88.351
88.3848
88.392
88.442
88.4424
88.4433
88.4491
88.462
88.4888
88.4896
88.4898
88.5095
88.5464
88.5465
88.5469
88.5471
88.5482
88.5512
88.5564
88.5594
88.5595
88.5631
88.5681
88.5896
88.5897
88.5898
88.5959
88.5982
88.5986
88.6027
88.6057
88.6058
88.6067
88.6085
88.6091
88.6092
88.6104
88.6118
88.6121
88.6124
88.6124
88.6125
88.6128
88.6133
88.6145
88.6153
88.6169
88.6169
88.617
88.6177
88.618
88.6181
88.6181
88.618
88.6183
88.6183
88.6183
88.6183
88.6185
88.6185
88.6185
88.6186
88.6186
88.6186
88.6187
88.6187
88.6187
88.6188
88.6189
88.6189
88.6189
88.6189
88.6189
88.6189
88.6189
88.6189
88.6189
88.6189
88.6189
88.6189
88.6189
88.6189
88.6189
88.6189
88.6189
88.619
88.619
88.619
88.619
88.619
88.619
88.619
88.619
88.619
88.619
88.619
88.619
88.619
88.619
88.619
88.619
88.619
88.619
88.619
88.619
88.619
88.619
88.619
88.619
88.619
88.619
88.619
88.619
88.619
88.619
88.619
88.619
88.619
88.619
88.619
88.619
88.619
88.619
88.619
88.619
88.619
88.619
88.619
88.619
88.619
88.619
88.619
88.619
88.619
88.619
88.619
88.619
88.619
88.619
88.619
88.619
88.619
88.619
88.619
88.619
88.619
88.619
88.619
88.619
88.619
88.619
88.619
88.619
88.619
88.619
88.619
88.619
88.619
88.619
88.619
88.619
88.619
88.619
88.619
88.619
88.619
88.619
88.619
88.619
88.619
88.619
88.619
88.619
88.619
88.619
88.619
88.619
88.619
88.619
88.619
88.619
88.619
88.619
88.619
88.619
88.619
88.619
88.619
88.619
88.619
88.619
88.619
88.619
88.619
88.619
88.619
88.619
88.619
88.619
88.619
88.619
88.619
88.619
88.619
88.619
88.619
88.619
88.619
88.619
88.619
88.619
88.619
88.619
88.619
88.619
88.619
88.619
88.619
88.619
88.619
88.619
88.619
88.619
88.619
88.619
88.619
88.619
88.619
88.619
88.619
88.619
88.619
88.619
88.619
88.619
88.619
88.619
88.619
88.619
88.619
88.619
88.619
88.619
88.6162
88.619
88.619
88.619
88.619
88.619
88.619
88.619
88.619
88.619
88.619
88.619
88.619
88.619
88.619
88.619
88.619
88.619
88.619
88.619
88.619
88.619
88.619
88.619
88.619
88.619
88.619
88.619
88.619
88.619
88.619
88.619
88.619
88.619
88.619
88.619
88.619
88.619
88.619
88.619
88.619
88.619
88.619
88.619
88.619
88.619
88.619
88.619
88.619
88.619
88.619
88.619
88.619
88.619
88.619
88.619
88.619
88.619
88.619
88.619
88.619
88.619
88.619
88.619
88.619
88.619
88.619
88.619
88.619
88.619
88.619
88.619
88.619
88.619
88.619
88.619
88.619
88.619
88.619
88.619
88.619
88.619
88.619
88.619
88.619
88.619
88.619
88.619
88.619
88.619
88.619
88.619
88.619
88.619
88.619
88.619
88.619
88.619
88.619
88.619
88.619
88.619
88.619
88.619
88.619
88.619
88.619
88.619
88.619
88.619
88.619
88.619
88.619
88.619
88.619
88.619
88.619
88.619
88.619
88.619
88.619
88.619
88.619
88.619
88.619
88.619
88.619
88.619
88.619
88.619
88.619
88.619
88.619
88.619
88.619
88.619
88.619
88.619
88.619
88.619
88.619
88.619
88.619
88.619
88.619
88.619
88.619
88.619
88.619
88.619
88.619
88.619
88.619
88.619
88.619
88.619
88.619
88.619
88.619
88.619
88.619
88.619
88.619
88.619
88.619
88.619
88.619
88.619
88.619


9.10625
10.5774
15.1261
16.3988
21.5003
21.5097
24.6393
28.3075
29.3717
29.5627
29.7926
32.0662
36.4144
39.0519
43.3219
47.0287
47.0287
49.3966
52.1301
56.4665
56.9422
56.9539
58.2093
59.9327
60.3794
63.7499
63.9346
64.1687
65.5333
65.7056
67.488
68.6364
69.739
70.4601
71.5127
72.5504
73.0425
74.8596
74.8768
75.63
77.5674
78.1863
79.3361
79.4316
79.9678
80.1427
80.1673
80.6891
81.1609
81.1609
81.5896
81.5896
81.681
81.8289
81.913
82.0956
82.3263
82.5323
82.8654
82.9103
83.0275
83.0202
83.0468
83.2501
83.2541
83.2541
83.3748
83.4164
83.4165
83.4353
83.437
83.4425
83.4638
83.4652
83.4652
83.4874
83.5192
83.5194
83.5255
83.5339
83.546
83.5386
83.573
83.5846
83.5846
83.587
83.591
83.5923
83.6011
83.6054
83.6063
83.6139
83.6162
83.6163
83.6199
83.6199
83.6202
83.6236
83.6237
83.6244
83.6246
83.6243
83.6244
83.6256
83.6262
83.6283
83.6283
83.6298
83.631
83.6311
83.6311
83.6312
83.6314
83.6315
83.6318
83.6319
83.6324
83.6325
83.6325
83.6335
83.6335
83.6336
83.6336
83.6336
83.6336
83.6337
83.6337
83.6339
83.6339
83.634
83.634
83.634
83.6341
83.6341
83.6342
83.6342
83.6342
83.6342
83.6342
83.6343
83.6343
83.6343
83.6343
83.6343
83.6344
83.6344
83.6344
83.6344
83.6344
83.6344
83.6344
83.6344
83.6344
83.6344
83.6344
83.6344
83.6345
83.6345
83.6345
83.6345
83.6345
83.6345
83.6345
83.6345
83.6345
83.6345
83.6345
83.6345
83.6345
83.6345
83.6345
83.6345
83.6345
83.6345
83.6345
83.6345
83.6345
83.6345
83.6345
83.6345
83.6345
83.6345
83.6345
83.6345
83.6345
83.6345
83.6345
83.6345
83.6345
83.6345
83.6345
83.6345
83.6345
83.6345
83.6345
83.6345
83.6345
83.6345
83.6345
83.6345
83.6345
83.6345
83.6345
83.6345
83.6345
83.6345
83.6345
83.6345
83.6345
83.6345
83.6345
83.6345
83.6345
83.6345
83.6345
83.6345
83.6345
83.6345
83.6345
83.6345
83.6345
83.6345
83.6345
83.6345
83.6345
83.6345
83.6345
83.6345
83.6345
83.6345
83.6345
83.6345
83.6345
83.6345
83.6345
83.6345
83.6345
83.6345
83.6345
83.6345
83.6345
83.6345
83.6345
83.6345
83.6345
83.6345
83.6345
83.6345
83.6345
83.6345
83.6345
83.6345
83.6345
83.6345
83.6345
83.6345
83.6345
83.6345
83.6345
83.6345
83.6345
83.6345
83.6345
83.6345
83.6345
83.6345
83.6345
83.6345
83.6345
83.6345
83.6345
83.6345
83.6345
83.6345
83.6345
83.6345
83.6345
83.6345
83.6345
83.6345
83.6345
83.6345
83.6345
83.6345
83.6345
83.6345
83.6345
83.6345
83.6345
83.6345
83.6345
83.6345
83.6345
83.6345
83.6345
83.6345
83.6345
83.6345
83.6345
83.6345
83.6345
83.6345
83.6345
83.6345
83.6345
83.6345
83.6345
83.6345
83.6345
83.6345
83.6345
83.6345
83.6345
83.6345
83.6345
83.6345
83.6345
83.6345
83.6345
83.6345
83.6345
83.6345
83.6345
83.6345
83.6345
83.6345
83.6345
83.6345
83.6345
83.6345
83.6345
83.6345
83.6345
83.6345
83.6345
83.6345
83.6345
83.6345
83.6345
83.6345
83.6345
83.6345
83.6345
83.6345
83.6345
83.6345
83.6345
83.6345
83.6345
83.6345
83.6345
83.6304
83.6345
83.6345
83.6345
83.6345
83.6345
83.6345
83.6345
83.6345
83.6345
83.6345
83.6345
83.6345
83.6345
83.6345
83.6345
83.6345
83.6345
83.6345
83.6345
83.6345
83.6345
83.6345
83.6345
83.6345
83.6345
83.6345
83.6345
83.6345
83.6345
83.6345
83.6345
83.6345
83.6345
83.6345
83.6345
83.6345
83.6345
83.6345
83.6345
83.6345
83.6345
83.6345
83.6345
83.6345
83.6345
83.6345
83.6345
83.6345
83.6345
83.6345
83.6345
83.6345
83.6345
83.6345
83.6345
83.6345
83.6345
83.6345
83.6345
83.6345
83.6345
83.6345
83.6345
83.6345
83.6345
83.6345
83.6345
83.6345
83.6345
83.6345
83.6345
83.6345
83.6345
83.6345
83.6345
83.6345
83.6345
83.6345
83.6345
83.6345
83.6345
83.6345
83.6345
83.6345
83.6345
83.6345
83.6345
83.6345
83.6345
83.6345
83.6345
83.6345
83.6345
83.6345
83.6345
83.6345
83.6345
83.6345
83.6345
83.6345
83.6345
83.6345
83.6345
83.6345
83.6345
83.6345
83.6345
83.6345
83.6345
83.6345
83.6345
83.6345
83.6345
83.6345
83.6345
83.6345
83.6345
83.6345
83.6345
83.6345
83.6345
83.6345
83.6345
83.6345
83.6345
83.6345
83.6345
83.6345
83.6345
83.6345
83.6345
83.6345
83.6345
83.6345
83.6345
83.6345
83.6345
83.6345
83.6345
83.6345
83.6345
83.6345
83.6345
83.6345
83.6345
83.6345
83.6345
83.6345


12.3391
13.0391
15.7083
16.9376
19.9807
23.9258
24.9713
27.5865
32.7127
32.8003
33.8526
35.471
36.1631
40.5229
44.5071
49.2102
50.2075
50.2991
52.2348
53.6861
53.8701
54.8319
58.3218
60.1179
64.6006
65.7608
66.2693
66.9054
69.793
74.8072
74.8072
77.4135
77.7387
77.8807
78.8532
78.8532
79.1003
79.4452
80.6661
80.7818
81.529
82.5301
82.7672
83.6559
84.4073
84.5569
85.7983
86.0911
86.7816
86.972
87.2492
87.5703
87.7668
88.0063
88.1278
88.2744
88.395
88.4191
88.482
88.527
88.7296
88.7878
88.7878
88.9736
88.9736
89.0148
89.0493
89.0613
89.1126
89.1289
89.1483
89.1604
89.1737
89.1737
89.2248
89.261
89.2691
89.2795
89.2795
89.296
89.3196
89.3255
89.3282
89.3289
89.3323
89.3367
89.3465
89.3502
89.3566
89.3594
89.3642
89.3646
89.3664
89.3726
89.3731
89.3733
89.3744
89.383
89.3842
89.387
89.3895
89.3895
89.3931
89.3935
89.3937
89.3946
89.3952
89.3955
89.3968
89.3973
89.3974
89.3977
89.3981
89.3984
89.3987
89.3988
89.3988
89.399
89.3993
89.3993
89.3993
89.3994
89.3996
89.3996
89.3998
89.3998
89.3998
89.3999
89.4001
89.4002
89.4002
89.4002
89.4002
89.4003
89.4003
89.4004
89.4004
89.4004
89.4004
89.4004
89.4005
89.4005
89.4005
89.4006
89.4006
89.4006
89.4006
89.4006
89.4006
89.4006
89.4007
89.4007
89.4007
89.4007
89.4007
89.4007
89.4007
89.4007
89.4007
89.4007
89.4007
89.4007
89.4007
89.4007
89.4007
89.4007
89.4007
89.4007
89.4007
89.4007
89.4007
89.4007
89.4007
89.4007
89.4007
89.4007
89.4007
89.4007
89.4007
89.4007
89.4007
89.4007
89.4007
89.4007
89.4007
89.4007
89.4007
89.4007
89.4007
89.4007
89.4007
89.4007
89.4007
89.4007
89.4007
89.4007
89.4007
89.4007
89.4007
89.4007
89.4007
89.4007
89.4007
89.4007
89.4007
89.4007
89.4007
89.4007
89.4007
89.4007
89.4007
89.4007
89.4007
89.4007
89.4007
89.4007
89.4007
89.4007
89.4007
89.4007
89.4007
89.4007
89.4007
89.4007
89.4007
89.4007
89.4007
89.4007
89.4007
89.4007
89.4007
89.4007
89.4007
89.4007
89.4007
89.4007
89.4007
89.4007
89.4007
89.4007
89.4007
89.4007
89.4007
89.4007
89.4007
89.4007
89.4007
89.4007
89.4007
89.4007
89.4007
89.4007
89.4007
89.4007
89.4007
89.4007
89.4007
89.4007
89.4007
89.4007
89.4007
89.4007
89.4007
89.4007
89.4007
89.4007
89.4007
89.4007
89.4007
89.4007
89.4007
89.4007
89.4007
89.4007
89.4007
89.4007
89.4007
89.4007
89.4007
89.4007
89.4007
89.4007
89.4007
89.4007
89.4007
89.4007
89.4007
89.4007
89.4007
89.4007
89.4007
89.4007
89.4007
89.4007
89.4007
89.4007
89.4007
89.4007
89.4007
89.4007
89.4007
89.4007
89.4007
89.4007
89.4007
89.4007
89.4007
89.4007
89.4007
89.4007
89.4007
89.4007
89.4007
89.4007
89.4007
89.4007
89.4007
89.4007
89.4007
89.4007
89.4007
89.4007
89.4007
89.4007
89.4007
89.4007
89.4007
89.4007
89.4007
89.4007
89.4007
89.4007
89.4007
89.4007
89.4007
89.4007
89.4007
89.4007
89.4007
89.4007
89.4007
89.4007
89.4007
89.4007
89.4007
89.4007
89.4007
89.4007
89.4007
89.4007
89.4007
89.4007
89.4007
89.4007
89.4007
89.4007
89.4007
89.4007
89.4007
89.4007
89.4007
89.4007
89.4007
89.4007
89.4007
89.4007
89.4007
89.4007
89.4007
89.4007
89.4007
89.4007
89.4007
89.4007
89.4007
89.4007
89.4007
89.4007
89.4007
89.4007
89.4007
89.4007
89.4007
89.4007
89.4007
89.4007
89.4007
89.4007
89.4007
89.4007
89.4007
89.4007
89.4007
89.4007
89.4007
89.4007
89.4007
89.4007
89.4007
89.4007
89.4007
89.4007
89.4007
89.4007
89.4007
89.4007
89.4007
89.4007
89.4007
89.4007
89.4007
89.4007
89.4007
89.4007
89.4007
89.4007
89.4007
89.4007
89.4007
89.4007
89.4007
89.4007
89.4007
89.4007
89.4007
89.4007
89.4007
89.4007
89.4007
89.4007
89.4007
89.4007
89.4007
89.4007
89.4007
89.4007
89.4007
89.4007
89.4007
89.4007
89.4007
89.4007
89.4007
89.4007
89.4007
89.4007
89.4007
89.4007
89.4007
89.4007
89.4007
89.4007
89.4007
89.4007
89.4007
89.4007
89.4007
89.4007
89.4007
89.4007
89.4007
89.4007
89.4007
89.4007
89.4007
89.4007
89.4007
89.4007
89.4007
89.4007
89.4007
89.4007
89.4007
89.4007
89.4007
89.4007
89.4007
89.4007
89.4007
89.4007
89.4007
89.4007
89.4007
89.4007
89.4007
89.4007
89.4007
89.4007
89.4007
89.4007
89.4007
89.4007
89.4007
89.4007
89.4007
89.4007
89.4007
89.4007
89.4007
89.4007


10.2965
10.4424
10.5683
12.6068
15.4387
16.2462
17.4206
19.4194
23.0988
25.6044
25.8602
27.5313
28.458
29.9027
31.1548
32.8513
34.1047
35.782
36.5306
40.1681
40.1718
42.243
44.4064
45.3701
47.1725
51.622
55.2696
57.1821
57.2183
58.8613
61.6194
61.6068
62.2998
67.5734
70.9208
71.2124
71.2124
72.2845
73.1318
74.1833
74.626
77.9445
78.1918
80.0863
80.0863
80.1506
80.8226
81.7492
82.201
82.201
83.1426
83.6221
83.7455
84.0484
84.1734
84.1841
84.2127
84.2523
84.5962
84.7062
84.8748
84.9289
84.9635
85.0491
85.2606
85.2814
85.3901
85.4081
85.4698
85.4824
85.4824
85.5783
85.5806
85.6299
85.7983
85.8187
85.8187
85.9392
85.9394
85.9394
85.9424
85.956
85.9765
86.0016
86.0083
86.0123
86.0211
86.0255
86.0395
86.0441
86.0471
86.0457
86.051
86.0521
86.0564
86.0577
86.0578
86.0583
86.0583
86.0609
86.0623
86.0625
86.0652
86.0672
86.0672
86.0686
86.0702
86.0716
86.0718
86.0719
86.072
86.0719
86.0728
86.0735
86.0737
86.0743
86.0754
86.0754
86.0759
86.0764
86.0764
86.0764
86.0767
86.0769
86.0769
86.0773
86.0773
86.0776
86.0776
86.0776
86.0776
86.0778
86.0779
86.078
86.078
86.078
86.0781
86.0781
86.0781
86.0782
86.0782
86.0782
86.0783
86.0783
86.0783
86.0784
86.0784
86.0784
86.0784
86.0784
86.0784
86.0785
86.0785
86.0785
86.0785
86.0785
86.0785
86.0785
86.0785
86.0785
86.0785
86.0785
86.0785
86.0785
86.0785
86.0785
86.0785
86.0785
86.0785
86.0785
86.0785
86.0786
86.0786
86.0786
86.0786
86.0786
86.0786
86.0786
86.0786
86.0786
86.0786
86.0786
86.0786
86.0786
86.0786
86.0786
86.0786
86.0786
86.0786
86.0786
86.0786
86.0786
86.0786
86.0786
86.0786
86.0786
86.0786
86.0786
86.0786
86.0786
86.0786
86.0786
86.0786
86.0786
86.0786
86.0786
86.0786
86.0786
86.0786
86.0786
86.0786
86.0786
86.0786
86.0786
86.0786
86.0786
86.0786
86.0786
86.0786
86.0786
86.0786
86.0786
86.0786
86.0786
86.0786
86.0786
86.0786
86.0786
86.0786
86.0786
86.0786
86.0786
86.0786
86.0786
86.0786
86.0786
86.0786
86.0786
86.0786
86.0786
86.0786
86.0786
86.0786
86.0786
86.0786
86.0786
86.0786
86.0786
86.0786
86.0786
86.0786
86.0786
86.0786
86.0786
86.0786
86.0786
86.0786
86.0786
86.0786
86.0786
86.0786
86.0786
86.0786
86.0786
86.0786
86.0786
86.0786
86.0786
86.0786
86.0786
86.0786
86.0786
86.0786
86.0786
86.0786
86.0786
86.0786
86.0786
86.0786
86.0786
86.0786
86.0786
86.0786
86.0786
86.0786
86.0786
86.0786
86.0786
86.0786
86.0786
86.0786
86.0786
86.0786
86.0786
86.0786
86.0786
86.0786
86.0786
86.0786
86.0786
86.0786
86.0786
86.0786
86.0786
86.0786
86.0786
86.0786
86.0786
86.0786
86.0786
86.0786
86.0786
86.0786
86.0786
86.0786
86.0786
86.0786
86.0786
86.0786
86.0786
86.0786
86.0786
86.0786
86.0786
86.0786
86.0786
86.0786
86.0786
86.0786
86.0786
86.0786
86.0786
86.0786
86.0786
86.0786
86.0786
86.0786
86.0786
86.0786
86.0786
86.0786
86.0786
86.0786
86.0786
86.0786
86.0786
86.0786
86.0786
86.0786
86.0786
86.0786
86.0786
86.0786
86.0786
86.0786
86.0786
86.0786
86.0786
86.0786
86.0786
86.0786
86.0786
86.0786
86.0786
86.0786
86.0786
86.0786
86.0786
86.0786
86.0786
86.0786
86.0786
86.0786
86.0786
86.0786
86.0786
86.0786
86.0786
86.0786
86.0786
86.0786
86.0786
86.0786
86.0786
86.0786
86.0786
86.0786
86.0786
86.0786
86.0786
86.0786
86.0786
86.0786
86.0786
86.0786
86.0786
86.0786
86.0786
86.0786
86.0786
86.0786
86.0786
86.0786
86.0786
86.0786
86.0786
86.0786
86.0786
86.0786
86.0786
86.0786
86.0786
86.0786
86.0786
86.0786
86.0786
86.0786
86.0786
86.0786
86.0786
86.0786
86.0786
86.0786
86.0786
86.0786
86.0786
86.0786
86.0786
86.0786
86.0786
86.0786
86.0786
86.0786
86.0786
86.0786
86.0786
86.0786
86.0786
86.0786
86.0786
86.0786
86.0786
86.0786
86.0786
86.0786
86.0786
86.0786
86.0786
86.0786
86.0786
86.0786
86.0786
86.0786
86.0786
86.0786
86.0786
86.0786
86.0786
86.0786
86.0786
86.0786
86.0786
86.0786
86.0786
86.0786
86.0786
86.0786
86.0786
86.0786
86.0786
86.0786
86.0786
86.0786
86.0786
86.0786
86.0786
86.0786
86.0786
86.0786
86.0786
86.0786
86.0786
86.0786
86.0786
86.0786
86.0786
86.0786
86.0786
86.0786
86.0786
86.0786
86.0786
86.0786
86.0786
86.0786
86.0786
86.0786
86.0786
86.0786
86.0786


9.5606
11.7949
11.937
14.4192
14.5492
19.7872
26.2409
26.2409
27.8209
27.9119
31.5701
31.5701
34.3731
35.237
36.8961
40.5988
46.8001
49.146
51.1542
52.2788
52.2788
56.6407
56.999
57.4916
58.8776
63.0438
64.5528
66.3293
67.0349
68.6897
69.6796
70.7558
71.302
74.5384
78.0701
79.2863
80.1159
81.1426
81.1457
81.7099
82.4589
82.8352
83.1335
84.6981
84.6981
85.2693
85.8617
86.3383
86.8043
87.3281
88.3978
88.6427
88.7546
88.882
88.9129
89.1758
89.1758
89.2706
89.561
89.561
89.7679
89.7823
89.8079
89.8178
90.0465
90.0465
90.0528
90.197
90.2512
90.3436
90.3867
90.4911
90.5219
90.5219
90.5346
90.5823
90.5979
90.6487
90.6557
90.6568
90.6726
90.6792
90.7021
90.7065
90.7082
90.7393
90.7411
90.7537
90.7547
90.7711
90.7726
90.7782
90.7806
90.7959
90.7978
90.8016
90.8052
90.8058
90.8074
90.8136
90.8154
90.8163
90.82
90.82
90.8239
90.8248
90.8258
90.8258
90.826
90.8262
90.8285
90.8293
90.8304
90.8308
90.8308
90.8308
90.8308
90.8341
90.8343
90.8344
90.8352
90.8355
90.8356
90.8372
90.8377
90.8377
90.8378
90.8378
90.8381
90.8382
90.8382
90.8381
90.8382
90.8387
90.8389
90.839
90.8398
90.8399
90.8403
90.8403
90.8404
90.8406
90.8406
90.8406
90.8406
90.8408
90.8408
90.8408
90.8409
90.841
90.841
90.8411
90.8411
90.8411
90.8411
90.8411
90.8412
90.8412
90.8413
90.8413
90.8413
90.8413
90.8413
90.8413
90.8414
90.8414
90.8414
90.8414
90.8414
90.8414
90.8414
90.8414
90.8414
90.8414
90.8414
90.8414
90.8414
90.8414
90.8415
90.8415
90.8415
90.8415
90.8415
90.8415
90.8415
90.8415
90.8415
90.8415
90.8415
90.8415
90.8415
90.8415
90.8415
90.8415
90.8415
90.8415
90.8415
90.8415
90.8415
90.8415
90.8415
90.8415
90.8415
90.8415
90.8415
90.8415
90.8415
90.8415
90.8415
90.8415
90.8415
90.8415
90.8415
90.8415
90.8415
90.8415
90.8415
90.8415
90.8415
90.8415
90.8415
90.8415
90.8415
90.8415
90.8415
90.8415
90.8415
90.8415
90.8415
90.8415
90.8415
90.8415
90.8415
90.8415
90.8415
90.8415
90.8415
90.8415
90.8415
90.8415
90.8415
90.8415
90.8415
90.8415
90.8415
90.8415
90.8415
90.8415
90.8415
90.8415
90.8415
90.8415
90.8415
90.8415
90.8415
90.8415
90.8415
90.8415
90.8415
90.8415
90.8415
90.8415
90.8415
90.8415
90.8415
90.8415
90.8415
90.8415
90.8415
90.8415
90.8415
90.8415
90.8415
90.8415
90.8415
90.8415
90.8415
90.8415
90.8415
90.8415
90.8415
90.8415
90.8415
90.8415
90.8415
90.8415
90.8415
90.8415
90.8415
90.8415
90.8415
90.8415
90.8415
90.8415
90.8415
90.8415
90.8415
90.8415
90.8415
90.8415
90.8415
90.8415
90.8415
90.8415
90.8415
90.8415
90.8415
90.8415
90.8415
90.8415
90.8415
90.8415
90.8415
90.8415
90.8415
90.8415
90.8415
90.8415
90.8415
90.8415
90.8415
90.8415
90.8415
90.8415
90.8415
90.8415
90.8415
90.8415
90.8415
90.8415
90.8415
90.8415
90.8415
90.8415
90.8415
90.8415
90.8415
90.8415
90.8415
90.8415
90.8415
90.8415
90.8415
90.8415
90.8415
90.8415
90.8415
90.8415
90.8415
90.8415
90.8415
90.8415
90.8415
90.8415
90.8415
90.8415
90.8415
90.8415
90.8415
90.8415
90.8415
90.8415
90.8415
90.8415
90.8415
90.8415
90.8415
90.8415
90.8415
90.8415
90.8415
90.8415
90.8415
90.8415
90.8415
90.8415
90.8415
90.8415
90.8415
90.8415
90.8415
90.8415
90.8415
90.8415
90.8415
90.8415
90.8415
90.8415
90.8415
90.8415
90.8415
90.8415
90.8415
90.8415
90.8415
90.8415
90.8415
90.8415
90.8415
90.8415
90.8415
90.8415
90.8415
90.8415
90.8415
90.8415
90.8415
90.8415
90.8415
90.8415
90.8415
90.8415
90.8415
90.8415
90.8415
90.8415
90.8415
90.8415
90.8415
90.8415
90.8415
90.8415
90.8415
90.8415
90.8415
90.8415
90.8415
90.8415
90.8415
90.8415
90.8415
90.8415
90.8415
90.8415
90.8415
90.8415
90.8415
90.8415
90.8415
90.8415
90.8415
90.8415
90.8415
90.8415
90.8415
90.8415
90.8415
90.8415
90.8415
90.8415
90.8415
90.8415
90.8415
90.8415
90.8415
90.8415
90.8415
90.8415
90.8415
90.8415
90.8415
90.8415
90.8415
90.8415
90.8415
90.8415
90.8415
90.8415
90.8415
90.8415
90.8415
90.8415
90.8415
90.8415
90.8415
90.8415
90.8415
90.8415
90.8415
90.8415
90.8415
90.8415
90.8415
90.8415
90.8415
90.8415
90.8415
90.8415
90.8415
90.8415
90.8415
90.8415
90.8415
90.8415
90.8415
90.8415
90.8415
90.8415
90.8415
90.8415


9.54553
13.1931
15.4535
16.0386
18.2011
18.2437
20.3819
23.3377
26.8383
26.8695
26.8695
29.0833
29.8455
29.8455
35.3074
39.7537
41.3174
42.7651
42.7978
44.053
48.647
50.4003
50.4409
52.1715
53.3772
55.6725
56.3396
56.9597
57.8501
57.8752
60.3186
61.5536
63.2747
63.4729
65.7746
65.9418
65.9418
66.2497
68.4485
68.4485
70.1288
70.3176
70.7891
70.9018
71.3689
71.879
71.879
72.1917
72.1917
72.9842
72.9842
73.1659
73.3776
73.6309
73.7938
73.8836
73.8836
74.1384
74.3622
74.3622
74.3676
74.4266
74.4348
74.5528
74.6628
74.7339
74.8022
74.8709
74.9153
74.9671
74.9671
74.9721
74.9941
75.0309
75.0357
75.0464
75.0512
75.088
75.097
75.1
75.1051
75.1174
75.1273
75.1332
75.1426
75.1451
75.1473
75.1526
75.1601
75.1679
75.1724
75.1704
75.1721
75.176
75.1798
75.1805
75.1821
75.1826
75.1828
75.187
75.187
75.1872
75.1885
75.1931
75.1931
75.1943
75.1943
75.1952
75.196
75.1966
75.1966
75.1965
75.1969
75.1974
75.1975
75.1984
75.1987
75.199
75.1991
75.1991
75.1992
75.1992
75.1998
75.1998
75.1998
75.2002
75.2002
75.2002
75.2002
75.2003
75.2005
75.2005
75.2005
75.2005
75.2006
75.2006
75.2006
75.2007
75.2007
75.2008
75.2009
75.2009
75.2009
75.2009
75.2009
75.2009
75.2009
75.2009
75.2009
75.2009
75.2009
75.2009
75.2009
75.2009
75.201
75.201
75.201
75.201
75.201
75.201
75.201
75.201
75.201
75.201
75.201
75.201
75.201
75.201
75.201
75.201
75.201
75.201
75.201
75.201
75.201
75.201
75.201
75.201
75.201
75.201
75.201
75.201
75.201
75.201
75.201
75.201
75.201
75.201
75.201
75.201
75.201
75.201
75.201
75.201
75.201
75.201
75.201
75.201
75.201
75.201
75.201
75.201
75.201
75.201
75.201
75.201
75.201
75.201
75.201
75.201
75.201
75.201
75.201
75.201
75.201
75.201
75.201
75.201
75.201
75.201
75.201
75.201
75.201
75.201
75.201
75.201
75.201
75.201
75.201
75.201
75.201
75.201
75.201
75.201
75.201
75.201
75.201
75.201
75.201
75.201
75.201
75.201
75.201
75.201
75.201
75.201
75.201
75.201
75.201
75.201
75.201
75.201
75.201
75.201
75.201
75.201
75.201
75.201
75.201
75.201
75.201
75.201
75.2148
75.2148
75.2689
75.3125
75.3219
75.3426
75.3542
75.3542
75.3641
75.3641
75.4324
75.4661
75.4951
75.5861
75.6111
75.6111
75.6385
75.6918
75.7165
75.7276
75.7514
75.7514
75.7514
75.7892
75.7892
75.7976
75.8149
75.8149
75.8249
75.8293
75.8428
75.8503
76.1764
76.2731
76.2731
76.2731
76.2767
76.2958
76.3801
76.3924
76.3924
76.3924
76.3924
76.4206
76.4206
76.4236
76.4406
76.4415
76.4835
76.4686
76.488
76.4903
76.4927
76.4927
76.495
76.496
76.5077
76.5328
76.5634
76.5992
76.6186
76.6209
76.6209
76.6226
76.626
76.6337
76.66
76.66
76.6603
76.6746
76.6746
76.6746
76.6769
76.6769
76.6769
76.717
76.7238
76.7392
76.7501
76.7657
76.7783
76.8103
76.8318
76.8318
76.8379
76.8379
76.8454
76.8454
76.8454
76.8506
76.8524
76.8653
76.8677
76.8704
76.8816
76.8816
76.8882
76.9008
76.9008
76.9034
76.9038
76.9053
76.9105
76.9156
76.9215
76.9258
76.9289
76.9294
76.9294
76.9447
76.9453
76.9453
76.9488
76.9492
76.9529
76.9529
76.9529
76.9556
76.9556
76.9556
76.9556
76.9563
76.9585
76.9615
76.9615
76.9624
76.9634
76.9636
76.9638
76.9655
76.9657
76.9679
76.9679
76.9679
76.9686
76.9701
76.9701
76.9703
76.9705
76.9709
76.9717
76.972
76.972
76.9741
76.9741
76.9741
76.9741
76.9774
76.9774
76.9759
76.9759
76.977
76.9773
76.9777
76.9781
76.9781
76.9781
76.9782
76.9783
76.9783
76.9783
76.9783
76.9783
76.9783
76.9784
76.9784
76.9787
76.9787
76.9787
76.9788
76.979
76.979
76.979
76.9793
76.9794
76.9795
76.9797
76.9797
76.9797
76.9799
76.9807
76.9807
76.9808
76.9817
76.9824
76.9828
76.9829
76.9832
76.9832
76.9836
76.9836
76.9839
76.984
76.984
76.984
76.984
76.984
76.984
76.984
76.9841
76.9842
76.9842
76.9845
76.9846
76.9846
76.9846
76.9846
76.9847
76.9847
76.9847
76.9848
76.9849
76.9849
76.985
76.985
76.985
76.9851
76.9851
76.9851
76.9851
76.9851
76.9851
76.9853
76.9853
76.9853
76.9853
76.9853
76.9853
76.9853
76.9853
76.9853
76.9853
76.9853
76.9854
76.9854
76.9854
76.9854
76.9854


10.3304
11.6205
13.6919
16.7656
18.4508
19.5779
20.0054
20.2202
20.5037
24.5376
27.2928
27.3746
30.4127
33.6088
35.4408
37.2663
39.1783
40.3135
44.2208
46.005
47.2345
50.3694
51.2481
53.5024
55.1138
60.7823
62.4385
62.4385
65.5444
67.0643
67.0643
70.2171
70.8723
72.7393
73.8632
75.3846
78.194
78.2276
78.6039
80.6973
80.7825
80.785
80.9843
80.9843
81.2036
82.4945
82.6917
83.5928
83.9557
84.1215
84.1215
84.3157
84.399
84.4853
84.6359
84.9603
84.9816
85.0851
85.1834
85.2779
85.3369
85.368
85.4383
85.4383
85.4433
85.5322
85.5933
85.6149
85.6604
85.6955
85.7033
85.6928
85.7001
85.7298
85.746
85.8108
85.8154
85.8438
85.8521
85.8521
85.8821
85.8972
85.8972
85.9068
85.9087
85.9128
85.919
85.9317
85.9327
85.9429
85.9469
85.9476
85.9526
85.9553
85.9561
85.9576
85.9608
85.9678
85.9721
85.9734
85.9736
85.9756
85.9756
85.9766
85.9776
85.9786
85.979
85.9793
85.9818
85.9821
85.9829
85.9828
85.9832
85.984
85.9844
85.9862
85.9862
85.9864
85.9867
85.9872
85.9876
85.9876
85.988
85.9881
85.9882
85.9886
85.9887
85.9887
85.989
85.989
85.989
85.9891
85.9891
85.9894
85.9894
85.9894
85.9895
85.9895
85.9895
85.9895
85.9895
85.9895
85.9896
85.9896
85.9896
85.9896
85.9896
85.9897
85.9897
85.9897
85.9897
85.9897
85.9897
85.9897
85.9897
85.9897
85.9897
85.9897
85.9897
85.9897
85.9897
85.9897
85.9897
85.9898
85.9898
85.9898
85.9898
85.9898
85.9898
85.9898
85.9898
85.9898
85.9898
85.9898
85.9898
85.9898
85.9898
85.9898
85.9898
85.9898
85.9898
85.9898
85.9898
85.9898
85.9898
85.9898
85.9898
85.9898
85.9898
85.9898
85.9898
85.9898
85.9898
85.9898
85.9898
85.9898
85.9898
85.9898
85.9898
85.9898
85.9898
85.9898
85.9898
85.9898
85.9898
85.9898
85.9898
85.9898
85.9898
85.9898
85.9898
85.9898
85.9898
85.9898
85.9898
85.9898
85.9898
85.9898
85.9898
85.9898
85.9898
85.9898
85.9898
85.9898
85.9898
85.9898
85.9898
85.9898
85.9898
85.9898
85.9898
85.9898
85.9898
85.9898
85.9898
85.9898
85.9898
85.9898
85.9898
85.9898
85.9898
85.9898
85.9898
85.9898
85.9898
85.9898
85.9898
85.9898
85.9898
85.9898
85.9898
85.9898
85.9898
85.9898
85.9898
85.9898
85.9898
85.9898
85.9898
85.9898
85.9898
85.9898
85.9898
85.9898
85.9898
85.9898
85.9898
85.9898
85.9898
85.9898
85.9898
85.9898
85.9898
85.9898
85.9898
85.9898
85.9898
85.9898
85.9898
85.9898
85.9898
85.9898
85.9898
85.9898
85.9898
85.9898
85.9898
85.9898
85.9898
85.9898
85.9898
85.9898
85.9898
85.9898
85.9898
85.9898
85.9898
85.9898
85.9898
85.9898
85.9898
85.9898
85.9898
85.9898
85.9898
85.9898
85.9898
85.9898
85.9898
85.9898
85.9898
85.9898
85.9898
85.9898
85.9898
85.9898
85.9898
85.9898
85.9898
85.9898
85.9898
85.9898
85.9898
85.9898
85.9898
85.9898
85.9898
85.9898
85.9898
85.9898
85.9898
85.9898
85.9898
85.9898
85.9898
85.9898
85.9898
85.9898
85.9898
85.9898
85.9898
85.9898
85.9898
85.9898
85.9898
85.9898
85.9898
85.9898
85.9898
85.9898
85.9898
85.9898
85.9898
85.9898
85.9898
85.9898
85.9898
85.9898
85.9898
85.9898
85.9898
85.9898
85.9898
85.9898
85.9898
85.9898
85.9898
85.9898
85.9898
85.9898
85.9898
85.9898
85.9898
85.9898
85.9898
85.9898
85.9898
85.9898
85.9898
85.9898
85.9898
85.9898
85.9898
85.9898
85.9898
85.9898
85.9898
85.9898
85.9898
85.9898
85.9898
85.9898
85.9898
85.9898
85.9898
85.9898
85.9898
85.9898
85.9898
85.9898
85.9898
85.9898
85.9898
85.9898
85.9898
85.9898
85.9898
85.9898
85.9898
85.9898
85.9898
85.9898
85.9898
85.9898
85.9898
85.9898
85.9898
85.9898
85.9898
85.9898
85.9898
85.9898
85.9898
85.9898
85.9898
85.9898
85.9898
85.9898
85.9898
85.9898
85.9898
85.9898
85.9898
85.9898
85.9898
85.9898
85.9898
85.9898
85.9898
85.9898
85.9898
85.9898
85.9898
85.9898
85.9898
85.9898
85.9898
85.9898
85.9898
85.9898
85.9898
85.9898
85.9898
85.9898
85.9898
85.9898
85.9898
85.9898
85.9898
85.9898
85.9898
85.9898
85.9898
85.9898
85.9898
85.9898
85.9898
85.9898
85.9898
85.9898
85.9898
85.9898
85.9898
85.9898
85.9898
85.9898
85.9898
85.9898
85.9898
85.9898
85.9898
85.9898
85.9898
85.9898
85.9898
85.9898
85.9898
85.9898
85.9898
85.9898
85.9898
85.9898
85.9898
85.9898
85.9898
85.9898
85.9898
85.9898
85.9898
85.9898


10.045
10.045
16.2922
16.2922
16.9447
17.9565
19.4934
26.7478
26.7478
27.2192
27.2192
27.8056
33.068
33.2928
33.4346
38.0725
39.6562
42.2948
42.2948
47.0778
48.6283
48.1572
51.1826
51.2823
53.7927
54.66
55.625
56.6042
56.7497
58.2939
60.5926
60.9647
63.7486
65.0765
65.8646
66.7549
67.6538
68.1907
69.2133
69.9546
71.1332
70.148
70.4913
72.2379
72.2379
73.713
74.2461
74.5589
75.3063
75.4764
75.5687
75.8632
76.0841
76.2751
76.6362
76.6519
77.1345
77.1345
77.3026
77.338
77.369
77.4248
77.4789
77.6295
77.6844
77.724
77.8108
78.0763
78.0763
78.0895
78.1419
78.1847
78.1847
78.2645
78.2645
78.3255
78.3255
78.3603
78.367
78.3741
78.3834
78.3842
78.3997
78.4051
78.4051
78.4104
78.4177
78.4239
78.4305
78.4359
78.436
78.4376
78.4396
78.4415
78.4488
78.453
78.4537
78.4564
78.4566
78.4599
78.4602
78.4605
78.4616
78.4634
78.4666
78.4666
78.4674
78.4675
78.4687
78.4688
78.4696
78.4698
78.4699
78.4699
78.4703
78.4711
78.4711
78.4711
78.4713
78.4714
78.4714
78.4715
78.4717
78.4717
78.4718
78.4719
78.4719
78.4722
78.4724
78.4724
78.4724
78.4724
78.4724
78.4724
78.4724
78.4725
78.4725
78.4725
78.4725
78.4726
78.4726
78.4726
78.4726
78.4726
78.4726
78.4726
78.4726
78.4726
78.4726
78.4726
78.4726
78.4726
78.4726
78.4726
78.4726
78.4726
78.4726
78.4727
78.4727
78.4727
78.4727
78.4727
78.4727
78.4727
78.4727
78.4727
78.4727
78.4727
78.4727
78.4727
78.4727
78.4727
78.4727
78.4727
78.4727
78.4727
78.4727
78.4727
78.4727
78.4727
78.4727
78.4727
78.4727
78.4727
78.4727
78.4727
78.4727
78.4727
78.4727
78.4727
78.4727
78.4727
78.4727
78.4727
78.4727
78.4727
78.4727
78.4727
78.4727
78.4727
78.4727
78.4727
78.4727
78.4727
78.4727
78.4727
78.4727
78.4727
78.4727
78.4727
78.4727
78.4727
78.4727
78.4727
78.4727
78.4727
78.4727
78.4727
78.4727
78.4727
78.4727
78.4727
78.4727
78.4727
78.4727
78.4727
78.4727
78.4727
78.4727
78.4727
78.4727
78.4727
78.4727
78.4727
78.4727
78.4727
78.4727
78.4727
78.4727
78.4727
78.4727
78.4727
78.4727
78.4727
78.4727
78.4727
78.4727
78.4727
78.4727
78.4727
78.4727
78.4727
78.4727
78.4727
78.4727
78.4727
78.4727
78.4727
78.4727
78.4727
78.4727
78.4727
78.4727
78.4727
78.4727
78.4727
78.4727
78.4727
78.4727
78.4727
78.4727
78.4727
78.4727
78.4727
78.4727
78.4727
78.4727
78.4727
78.4727
78.4727
78.4727
78.4727
78.4727
78.4727
78.4727
78.4727
78.4727
78.4727
78.4727
78.4727
78.4727
78.4727
78.4727
78.4727
78.4727
78.4727
78.4727
78.4727
78.4727
78.4727
78.4727
78.4727
78.4727
78.4727
78.4727
78.4727
78.4727
78.4727
78.4727
78.4727
78.4727
78.4727
78.4727
78.4727
78.4727
78.4727
78.4727
78.4727
78.4727
78.4727
78.4727
78.4727
78.4727
78.4727
78.4727
78.4727
78.4727
78.4727
78.4727
78.4727
78.4727
78.4727
78.4727
78.4727
78.4727
78.4727
78.4727
78.4727
78.4727
78.4727
78.4727
78.4727
78.4727
78.4727
78.4727
78.4727
78.4727
78.4727
78.4727
78.4727
78.4727
78.4727
78.4727
78.4727
78.4727
78.4727
78.4727
78.4727
78.4727
78.4727
78.4727
78.4724
78.4727
78.4727
78.4727
78.4727
78.4727
78.4727
78.4727
78.4727
78.4727
78.4727
78.4727
78.4727
78.4727
78.4727
78.4727
78.4727
78.4727
78.4727
78.4727
78.4727
78.4727
78.4727
78.4727
78.4727
78.4727
78.4727
78.4727
78.4727
78.4727
78.4727
78.4727
78.4727
78.4727
78.4727
78.4727
78.4727
78.4727
78.4727
78.4727
78.4727
78.4727
78.4727
78.4727
78.4727
78.4727
78.4727
78.4727
78.4727
78.4727
78.4727
78.4727
78.4727
78.4727
78.4727
78.4727
78.4727
78.4727
78.4727
78.4727
78.4727
78.4727
78.4727
78.4727
78.4727
78.4727
78.4727
78.4727
78.4727
78.4727
78.4727
78.4727
78.4727
78.4727
78.4727
78.4727
78.4727
78.4727
78.4727
78.4727
78.4727
78.4727
78.4727
78.4727
78.4727
78.4727
78.4727
78.4727
78.4727
78.4727
78.4727
78.4727
78.4727
78.4727
78.4727
78.4727
78.4727
78.4727
78.4727
78.4727
78.4727
78.4727
78.4727
78.4727
78.4727
78.4727
78.4727
78.4727
78.4727
78.4727
78.4727
78.4727
78.4727
78.4727
78.4727
78.4727
78.4727
78.4727
78.4727
78.4727
78.4727
78.4727
78.4727
78.4727
78.4727
78.4727
78.4727
78.4727
78.4727
78.4727
78.4727
78.4727
78.4727
78.4727
78.4727
78.4727
78.4727
78.4727
78.4727


14.4291
16.5522
16.5522
17.9346
21.7239
23.9019
29.2769
30.3691
32.1496
32.9943
35.0313
36.8312
36.8312
40.912
45.0739
45.107
45.1872
46.4779
49.377
52.6159
52.8145
53.2025
54.9475
57.2751
60.359
63.4713
68.6326
68.6646
70.8661
70.8661
71.9819
73.3158
75.5682
75.6904
77.1896
78.2356
78.3484
79.7208
79.7208
79.9026
82.4863
83.5033
83.7021
83.7021
84.3213
85.0984
85.1521
85.7742
86.0208
86.0208
86.7089
86.8662
87.3979
87.5272
87.6422
87.8189
87.8189
88.0123
88.1802
88.2768
88.2768
88.3341
88.456
88.456
88.4742
88.5361
88.5782
88.6351
88.6564
88.6865
88.7479
88.7438
88.7773
88.8009
88.8238
88.8329
88.8438
88.8548
88.8659
88.8757
88.8951
88.889
88.8956
88.9101
88.9127
88.9337
88.9366
88.9366
88.9452
88.9551
88.9561
88.9559
88.9618
88.9668
88.9679
88.9679
88.9702
88.9702
88.9702
88.9728
88.9728
88.9747
88.9749
88.9756
88.9762
88.9764
88.977
88.9771
88.9771
88.9774
88.9781
88.9785
88.9785
88.9785
88.9786
88.9788
88.9789
88.9789
88.979
88.9792
88.9793
88.9794
88.9795
88.9795
88.9796
88.9796
88.9796
88.9796
88.9796
88.9797
88.9797
88.9797
88.9797
88.9797
88.9797
88.9798
88.9798
88.9798
88.9798
88.9798
88.9798
88.9798
88.9798
88.9798
88.9798
88.9798
88.9798
88.9798
88.9798
88.9798
88.9798
88.9798
88.9798
88.9798
88.9798
88.9798
88.9798
88.9798
88.9798
88.9798
88.9798
88.9798
88.9798
88.9798
88.9798
88.9798
88.9798
88.9798
88.9798
88.9798
88.9798
88.9798
88.9798
88.9798
88.9798
88.9798
88.9798
88.9798
88.9798
88.9798
88.9798
88.9798
88.9798
88.9798
88.9798
88.9798
88.9798
88.9798
88.9798
88.9798
88.9798
88.9798
88.9798
88.9798
88.9798
88.9798
88.9798
88.9798
88.9798
88.9798
88.9798
88.9798
88.9798
88.9798
88.9798
88.9798
88.9798
88.9798
88.9798
88.9798
88.9798
88.9798
88.9798
88.9798
88.9798
88.9798
88.9798
88.9798
88.9798
88.9798
88.9798
88.9798
88.9798
88.9798
88.9798
88.9798
88.9798
88.9798
88.9798
88.9798
88.9798
88.9798
88.9798
88.9798
88.9798
88.9798
88.9798
88.9798
88.9798
88.9798
88.9798
88.9798
88.9798
88.9798
88.9798
88.9798
88.9798
88.9798
88.9798
88.9798
88.9798
88.9798
88.9798
88.9798
88.9798
88.9798
88.9798
88.9798
88.9798
88.9798
88.9798
88.9798
88.9798
88.9798
88.9798
88.9798
88.9798
88.9798
88.9798
88.9798
88.9798
88.9798
88.9798
88.9798
88.9798
88.9798
88.9798
88.9798
88.9798
88.9798
88.9798
88.9798
88.9798
88.9798
88.9798
88.9798
88.9798
88.9798
88.9798
88.9798
88.9798
88.9798
88.9798
88.9798
88.9798
88.9798
88.9798
88.9798
88.9798
88.9798
88.9798
88.9798
88.9798
88.9798
88.9798
88.9798
88.9798
88.9798
88.9798
88.9798
88.9798
88.9798
88.9798
88.9798
88.9798
88.9798
88.9798
88.9798
88.9798
88.9798
88.9798
88.9798
88.9798
88.9798
88.9798
88.9798
88.9798
88.9798
88.9798
88.9798
88.9798
88.9798
88.9798
88.9798
88.9798
88.9798
88.9798
88.9798
88.9798
88.9798
88.9798
88.9798
88.9798
88.9798
88.9798
88.9798
88.9798
88.9798
88.9798
88.9798
88.9798
88.9798
88.9798
88.9798
88.9798
88.9798
88.9798
88.9798
88.9798
88.9798
88.9798
88.9798
88.9798
88.9798
88.9798
88.9798
88.9798
88.9798
88.9798
88.9798
88.9798
88.9798
88.9798
88.9798
88.9798
88.9798
88.9798
88.9798
88.9798
88.9798
88.9798
88.9753
88.9798
88.9798
88.9798
88.9798
88.9798
88.9798
88.9798
88.9798
88.9798
88.9798
88.9798
88.9798
88.9798
88.9798
88.9798
88.9798
88.9798
88.9798
88.9798
88.9798
88.9798
88.9798
88.9798
88.9798
88.9798
88.9798
88.9798
88.9798
88.9798
88.9798
88.9798
88.9798
88.9798
88.9798
88.9798
88.9798
88.9798
88.9798
88.9798
88.9798
88.9798
88.9798
88.9798
88.9798
88.9798
88.9798
88.9798
88.9798
88.9798
88.9798
88.9798
88.9798
88.9798
88.9798
88.9798
88.9798
88.9798
88.9798
88.9798
88.9798
88.9798
88.9798
88.9798
88.9798
88.9798
88.9798
88.9798
88.9798
88.9798
88.9798
88.9798
88.9798
88.9798
88.9798
88.9798
88.9798
88.9798
88.9798
88.9798
88.9798
88.9798
88.9798
88.9798
88.9798
88.9798
88.9798
88.9798
88.9798
88.9798
88.9798
88.9798
88.9798
88.9798
88.9798
88.9798
88.9798
88.9798
88.9798
88.9798
88.9798
88.9798
88.9798
88.9798
88.9798
88.9798
88.9798
88.9798
88.9798
88.9798
88.9798
88.9798
88.9798
88.9798
88.9798
88.9798
88.9798
88.9798
88.9798


7.73987
11.3284
11.3284
12.6797
12.6797
15.4702
18.0944
18.919
22.3342
24.014
25.8529
27.1316
27.341
27.5296
28.4882
28.5747
29.1252
29.1565
31.3587
33.8858
36.807
40.6112
41.975
42.7199
46.9197
47.2008
48.4671
50.1606
51.8554
56.204
56.9648
58.6546
60.5599
60.8896
61.3176
63.0678
64.7331
64.7331
65.4154
66.0069
66.0225
67.0013
67.0021
71.7372
72.2981
72.5191
72.5191
73.3119
75.8746
75.8746
76.6143
77.7513
77.7513
77.7513
78.4781
78.9293
79.3444
80.0397
82.2373
83.4965
84.1192
84.5352
84.6175
85.0169
85.5425
85.5584
85.7949
86.0793
86.1631
86.1631
86.1631
86.1033
86.25
86.5643
86.7076
86.791
86.8323
86.9454
86.9538
87.063
87.099
87.1715
87.1715
87.2895
87.3113
87.3415
87.4047
87.4629
87.5106
87.5351
87.6336
87.6317
87.6317
87.6698
87.6709
87.7058
87.7183
87.7183
87.7264
87.7269
87.7352
87.7353
87.7414
87.772
87.8071
87.8071
87.8191
87.822
87.8369
87.8388
87.8477
87.8477
87.851
87.8548
87.8574
87.8574
87.8609
87.8654
87.8656
87.8678
87.8732
87.8732
87.8732
87.8762
87.8769
87.8789
87.8789
87.8792
87.8846
87.8846
87.8849
87.8849
87.889
87.889
87.8905
87.8906
87.8906
87.8906
87.8911
87.8911
87.8915
87.8915
87.8928
87.8931
87.8933
87.8933
87.8933
87.8934
87.8944
87.8944
87.8945
87.8946
87.8946
87.8949
87.8949
87.8951
87.8951
87.8951
87.8953
87.8953
87.8954
87.8955
87.8956
87.8957
87.8957
87.8957
87.8957
87.8958
87.8958
87.8959
87.8959
87.8959
87.8959
87.8959
87.8959
87.8959
87.8959
87.896
87.896
87.896
87.896
87.896
87.896
87.896
87.896
87.896
87.896
87.8961
87.8961
87.8961
87.8961
87.8961
87.8961
87.8961
87.8961
87.8961
87.8961
87.8961
87.8961
87.8961
87.8961
87.8961
87.8961
87.8961
87.8961
87.8961
87.8961
87.8961
87.8961
87.8961
87.8961
87.8961
87.8961
87.8961
87.8961
87.8961
87.8961
87.8961
87.8961
87.8961
87.8961
87.8961
87.8961
87.8961
87.8961
87.8961
87.8961
87.8961
87.8961
87.8961
87.8961
87.8961
87.8961
87.8961
87.8961
87.8961
87.8961
87.8961
87.8961
87.8961
87.8961
87.8961
87.8961
87.8961
87.8961
87.8961
87.8961
87.8961
87.8961
87.8961
87.8961
87.8961
87.8961
87.8961
87.8961
87.8961
87.8961
87.8961
87.8961
87.8961
87.8961
87.8961
87.8961
87.8961
87.8961
87.8961
87.8961
87.8961
87.8961
87.8961
87.8961
87.8961
87.8961
87.8961
87.8961
87.8961
87.8961
87.8961
87.8961
87.8961
87.8961
87.8961
87.8961
87.8961
87.8961
87.8961
87.8961
87.8961
87.8961
87.8961
87.8961
87.8961
87.8961
87.8961
87.8961
87.8961
87.8961
87.8961
87.8961
87.8961
87.8961
87.8961
87.8961
87.8961
87.8961
87.8961
87.8961
87.8961
87.8961
87.8961
87.8961
87.8961
87.8961
87.8961
87.8961
87.8961
87.8961
87.8961
87.8961
87.8961
87.8961
87.8961
87.8961
87.8961
87.8961
87.8961
87.8961
87.8961
87.8961
87.8961
87.8961
87.8961
87.8961
87.8961
87.8961
87.8961
87.8961
87.8961
87.8961
87.8961
87.8961
87.8961
87.8961
87.8961
87.8961
87.8961
87.8961
87.8961
87.8961
87.8961
87.8961
87.8961
87.8961
87.8961
87.8961
87.8961
87.8961
87.8961
87.8961
87.8961
87.8961
87.8961
87.8961
87.8961
87.8961
87.8961
87.8961
87.8961
87.8961
87.8961
87.8961
87.8961
87.8961
87.8961
87.8961
87.8961
87.8961
87.8961
87.8961
87.8961
87.8961
87.8961
87.8961
87.8961
87.8961
87.8961
87.8961
87.8961
87.8961
87.8961
87.8961
87.8961
87.8961
87.8961
87.8961
87.8961
87.8961
87.8961
87.8961
87.8961
87.8961
87.8961
87.8961
87.8961
87.8961
87.8961
87.8961
87.8961
87.8961
87.8961
87.8961
87.8961
87.8961
87.8961
87.8961
87.8961
87.8961
87.8961
87.8961
87.8961
87.8961
87.8961
87.8961
87.8961
87.8961
87.8961
87.8961
87.8961
87.8961
87.8961
87.8961
87.8961
87.8961
87.8961
87.8961
87.8961
87.8961
87.8961
87.8961
87.8961
87.8961
87.8961
87.8961
87.8961
87.8961
87.8961
87.8961
87.8961
87.8961
87.8961
87.8961
87.8961
87.8961
87.8961
87.8961
87.8961
87.8961
87.8961
87.8961
87.8961
87.8961
87.8961
87.8961
87.8961
87.8961
87.8961
87.8961
87.8961
87.8961
87.8961
87.8961
87.8961
87.8961
87.8961
87.8961
87.8961
87.8961
87.8961
87.8961
87.8961
87.8961
87.8961
87.8961
87.8961
87.8961
87.8961
87.8961
87.8961
87.8961
87.8961
87.8961
87.8961
87.8961
87.8961
87.8961
87.8961
87.8961
87.8961
87.8961
87.8961


10.2275
10.5268
13.5732
13.9045
15.5766
17.0112
17.723
18.6578
21.716
21.7531
22.8387
27.292
29.7807
29.9847
32.9048
33.8863
35.3329
36.6628
36.6629
38.4651
43.9237
44.1579
44.1579
48.0449
48.2677
48.9949
59.8708
59.8708
59.8708
59.8757
62.5183
65.2655
67.3151
68.1175
68.2267
69.4768
70.4378
72.4872
74.1334
74.1334
74.8572
75.4175
76.0078
78.5276
79.0743
79.3176
79.7346
79.7346
80.3806
80.7534
80.7534
81.9466
82.2154
82.4661
82.5793
82.8519
82.9972
83.4126
83.6106
84.1455
84.2431
84.6691
84.7959
84.8544
85.0009
85.0311
86.203
86.301
86.3095
86.3542
86.4035
86.8791
87.1941
87.23
87.3745
87.3862
87.5203
87.8171
87.8353
87.852
87.852
87.8644
87.9275
87.9275
87.9854
88.0518
88.0518
88.1105
88.1242
88.1279
88.1917
88.1917
88.1933
88.2111
88.2111
88.2539
88.2574
88.2574
88.2684
88.282
88.286
88.2866
88.3004
88.3012
88.3039
88.3123
88.3126
88.3236
88.3236
88.3236
88.3263
88.3297
88.3297
88.331
88.3348
88.335
88.3379
88.3407
88.3407
88.3447
88.3552
88.3553
88.3585
88.3586
88.3586
88.3606
88.3613
88.3621
88.3634
88.3641
88.3643
88.3644
88.3657
88.3657
88.3684
88.3684
88.3685
88.3691
88.3691
88.3702
88.3702
88.3702
88.3702
88.3702
88.3705
88.3705
88.3708
88.3708
88.3709
88.3711
88.3712
88.3712
88.3712
88.3712
88.3712
88.3714
88.3714
88.3714
88.3715
88.3715
88.3717
88.3717
88.3717
88.3718
88.3719
88.3719
88.372
88.3722
88.3722
88.3723
88.3723
88.3724
88.3724
88.3724
88.3724
88.3725
88.3725
88.3725
88.3725
88.3725
88.3725
88.3726
88.3726
88.3726
88.3726
88.3726
88.3726
88.3726
88.3726
88.3727
88.3727
88.3727
88.3727
88.3727
88.3727
88.3727
88.3727
88.3727
88.3727
88.3727
88.3727
88.3727
88.3727
88.3727
88.3727
88.3727
88.3727
88.3727
88.3727
88.3727
88.3727
88.3727
88.3727
88.3727
88.3727
88.3727
88.3727
88.3727
88.3727
88.3727
88.3727
88.3727
88.3727
88.3727
88.3727
88.3727
88.3727
88.3727
88.3727
88.3727
88.3727
88.3727
88.3727
88.3727
88.3727
88.3727
88.3727
88.3727
88.3727
88.3727
88.3727
88.3727
88.3727
88.3727
88.3727
88.3727
88.3727
88.3727
88.3727
88.3727
88.3727
88.3727
88.3727
88.3727
88.3727
88.3727
88.3727
88.3727
88.3727
88.3727
88.3727
88.3727
88.3727
88.3727
88.3727
88.3727
88.3727
88.3727
88.3727
88.3727
88.3727
88.3727
88.3727
88.3727
88.3727
88.3727
88.3727
88.3727
88.3727
88.3727
88.3727
88.3727
88.3727
88.3727
88.3727
88.3727
88.3727
88.3727
88.3727
88.3727
88.3727
88.3727
88.3727
88.3727
88.3727
88.3727
88.3727
88.3727
88.3727
88.3727
88.3727
88.3727
88.3727
88.3727
88.3727
88.3727
88.3727
88.3727
88.3727
88.3727
88.3727
88.3727
88.3727
88.3727
88.3727
88.3727
88.3727
88.3727
88.3727
88.3727
88.3727
88.3727
88.3727
88.3727
88.3727
88.3727
88.3727
88.3727
88.3727
88.3727
88.3727
88.3727
88.3727
88.3727
88.3727
88.3727
88.3727
88.3727
88.3727
88.3727
88.3727
88.3727
88.3727
88.3727
88.3727
88.3727
88.3727
88.3727
88.3727
88.3727
88.3727
88.3727
88.3727
88.3727
88.3727
88.3727
88.3727
88.3727
88.3727
88.3727
88.3727
88.3727
88.3727
88.3727
88.3727
88.3727
88.3727
88.3727
88.3727
88.3727
88.3727
88.3727
88.3727
88.3727
88.3727
88.3727
88.3727
88.3727
88.3727
88.3727
88.3727
88.3727
88.3727
88.3727
88.3727
88.3727
88.3727
88.3727
88.3727
88.3727
88.3727
88.3724
88.3727
88.3727
88.3727
88.3727
88.3727
88.3727
88.3727
88.3727
88.3727
88.3727
88.3727
88.3727
88.3727
88.3727
88.3727
88.3727
88.3727
88.3727
88.3727
88.3727
88.3727
88.3727
88.3727
88.3727
88.3727
88.3727
88.3727
88.3727
88.3727
88.3727
88.3727
88.3727
88.3727
88.3727
88.3727
88.3727
88.3727
88.3727
88.3727
88.3727
88.3727
88.3727
88.3727
88.3727
88.3727
88.3727
88.3727
88.3727
88.3727
88.3727
88.3727
88.3727
88.3727
88.3727
88.3727
88.3727
88.3727
88.3727
88.3727
88.3727
88.3727
88.3727
88.3727
88.3727
88.3727
88.3727
88.3727
88.3727
88.3727
88.3727
88.3727
88.3727
88.3727
88.3727
88.3727
88.3727
88.3727
88.3727
88.3727
88.3727
88.3727
88.3727
88.3727
88.3727
88.3727
88.3727
88.3727
88.3727
88.3727
88.3727
88.3727
88.3727
88.3727
88.3727
88.3727
88.3727
88.3727
88.3727
88.3727
88.3727
88.3727
88.3727
88.3727
88.3727
88.3727
88.3727
88.3727
88.3727


10.1617
11.7987
13.9254
15.2443
17.8524
23.0659
24.0475
24.0475
24.4981
29.9854
30.3445
30.0023
34.1267
35.5449
37.2172
38.1342
41.5723
50.6865
50.9644
51.2761
56.54
57.6751
60.6057
61.1952
61.2016
65.4549
69.2522
71.7832
73.5194
73.5194
75.831
75.8417
76.4562
77.7086
78.8575
79.5009
80.4519
80.7146
82.3211
82.9356
82.9859
83.0292
84.6804
85.14
85.2622
86.2781
86.413
87.072
87.739
87.9141
88.268
88.3806
88.6777
88.9592
89.0275
89.1002
89.1787
89.1787
89.3534
89.3645
89.6866
89.781
89.8159
89.8208
89.8814
89.9277
89.9824
90.0685
90.0903
90.1353
90.1673
90.1763
90.1763
90.1852
90.1965
90.2146
90.2271
90.2271
90.2408
90.2487
90.2632
90.2692
90.2842
90.2907
90.2907
90.2924
90.2925
90.2964
90.2991
90.2999
90.3061
90.3118
90.3124
90.315
90.3172
90.319
90.3195
90.3217
90.324
90.324
90.3248
90.3267
90.3274
90.3279
90.3285
90.33
90.33
90.3315
90.3318
90.3322
90.3327
90.3335
90.3337
90.334
90.3346
90.3346
90.3348
90.3349
90.335
90.3351
90.3352
90.3352
90.3355
90.3356
90.3356
90.3357
90.3357
90.3357
90.3359
90.3359
90.3359
90.3359
90.3359
90.336
90.336
90.336
90.3361
90.3361
90.3361
90.3362
90.3362
90.3362
90.3362
90.3362
90.3362
90.3362
90.3362
90.3363
90.3363
90.3363
90.3363
90.3363
90.3363
90.3363
90.3363
90.3363
90.3363
90.3363
90.3363
90.3363
90.3363
90.3363
90.3363
90.3363
90.3363
90.3363
90.3363
90.3363
90.3363
90.3363
90.3363
90.3363
90.3363
90.3363
90.3363
90.3363
90.3363
90.3363
90.3363
90.3363
90.3363
90.3363
90.3363
90.3363
90.3363
90.3363
90.3363
90.3363
90.3363
90.3363
90.3363
90.3363
90.3363
90.3363
90.3363
90.3363
90.3363
90.3363
90.3363
90.3363
90.3363
90.3363
90.3363
90.3363
90.3363
90.3363
90.3363
90.3363
90.3363
90.3363
90.3363
90.3363
90.3363
90.3363
90.3363
90.3363
90.3363
90.3363
90.3363
90.3363
90.3363
90.3363
90.3363
90.3363
90.3363
90.3363
90.3363
90.3363
90.3363
90.3363
90.3363
90.3363
90.3363
90.3363
90.3363
90.3363
90.3363
90.3363
90.3363
90.3363
90.3363
90.3363
90.3363
90.3363
90.3363
90.3363
90.3363
90.3363
90.3363
90.3363
90.3363
90.3363
90.3363
90.3363
90.3363
90.3363
90.3363
90.3363
90.3363
90.3363
90.3363
90.3363
90.3363
90.3363
90.3363
90.3363
90.3363
90.3363
90.3363
90.3363
90.3363
90.3363
90.3363
90.3363
90.3363
90.3363
90.3363
90.3363
90.3363
90.3363
90.3363
90.3363
90.3363
90.3363
90.3363
90.3363
90.3363
90.3363
90.3363
90.3363
90.3363
90.3363
90.3363
90.3363
90.3363
90.3363
90.3363
90.3363
90.3363
90.3363
90.3363
90.3363
90.3363
90.3363
90.3363
90.3363
90.3363
90.3363
90.3363
90.3363
90.3363
90.3363
90.3363
90.3363
90.3363
90.3363
90.3363
90.3363
90.3363
90.3363
90.3363
90.3363
90.3363
90.3363
90.3363
90.3363
90.3363
90.3363
90.3363
90.3363
90.3363
90.3363
90.3363
90.3363
90.3363
90.3363
90.3363
90.3363
90.3363
90.3363
90.3363
90.3363
90.3363
90.3363
90.3363
90.3363
90.3363
90.3363
90.3363
90.3363
90.3363
90.3363
90.3363
90.3363
90.3363
90.3363
90.3363
90.3363
90.3363
90.3363
90.3363
90.3363
90.3363
90.3363
90.3363
90.3363
90.3363
90.3363
90.3363
90.3363
90.3363
90.3363
90.3363
90.3363
90.3363
90.3363
90.3363
90.3363
90.3363
90.3363
90.3363
90.3363
90.3363
90.3363
90.3363
90.3363
90.3363
90.3363
90.3363
90.3363
90.3363
90.3363
90.3363
90.3363
90.3363
90.3363
90.3363
90.3363
90.3363
90.3363
90.3363
90.3363
90.3363
90.3363
90.3363
90.3363
90.3363
90.3363
90.3363
90.3363
90.3363
90.3363
90.3363
90.3363
90.3363
90.3363
90.3363
90.3363
90.3363
90.3363
90.3363
90.3363
90.3363
90.3363
90.3363
90.3363
90.3363
90.3363
90.3363
90.3363
90.3363
90.3363
90.3363
90.3363
90.3363
90.3363
90.3363
90.3363
90.3363
90.3363
90.3363
90.3363
90.3363
90.3363
90.3363
90.3363
90.3363
90.3363
90.3363
90.3363
90.3363
90.3363
90.3363
90.3363
90.3363
90.3363
90.3363
90.3363
90.3363
90.3363
90.3363
90.3363
90.3363
90.3363
90.3363
90.3363
90.3363
90.3363
90.3363
90.3363
90.3363
90.3363
90.3363
90.3363
90.3363
90.3363
90.3363
90.3363
90.3363
90.3363
90.3363
90.3363
90.3363
90.3363
90.3363
90.3363
90.3363
90.3363
90.3363
90.3363
90.3363
90.3363
90.3363
90.3363
90.3363
90.3363
90.3363
90.3363
90.3363
90.3363


10.8752
12.2176
14.3711
18.4044
18.4562
21.8501
25.1879
26.3656
26.3656
29.7511
33.0168
35.9449
40.3203
44.2006
44.7499
44.7499
45.7248
47.8188
50.8453
52.1907
52.7126
56.2465
58.3005
59.2794
60.5026
66.3281
66.3281
66.3828
66.3828
67.7275
70.7411
71.7632
73.7691
75.4042
76.0258
76.6335
77.7957
78.9173
79.5988
80.701
81.7231
82.4473
83.4203
83.7248
84.1016
84.2208
84.7895
85.0161
85.2907
85.4551
85.7202
85.7625
86.1849
86.2083
86.3412
86.3747
86.5594
86.6696
86.781
87.0528
87.1985
87.226
87.4147
87.4569
87.5693
87.6121
87.6446
87.6511
87.6613
87.6694
87.695
87.7522
87.7623
87.7719
87.8042
87.8042
87.8083
87.8208
87.8311
87.8397
87.8409
87.8465
87.8477
87.8507
87.8648
87.8765
87.8847
87.8869
87.8918
87.8941
87.8991
87.8995
87.8995
87.9004
87.9095
87.9135
87.9165
87.9208
87.9239
87.9242
87.9252
87.9268
87.9277
87.9318
87.933
87.9332
87.9333
87.9336
87.9355
87.9356
87.9368
87.9372
87.9375
87.9375
87.9381
87.9386
87.9387
87.9395
87.9396
87.9401
87.9403
87.9407
87.9409
87.941
87.941
87.9414
87.9414
87.9414
87.9414
87.9417
87.9418
87.9418
87.9419
87.9419
87.942
87.942
87.942
87.942
87.9421
87.9421
87.9421
87.9421
87.9422
87.9422
87.9422
87.9423
87.9423
87.9423
87.9423
87.9423
87.9423
87.9423
87.9423
87.9424
87.9424
87.9424
87.9424
87.9424
87.9424
87.9424
87.9424
87.9424
87.9424
87.9424
87.9424
87.9424
87.9424
87.9424
87.9424
87.9424
87.9424
87.9424
87.9424
87.9424
87.9424
87.9424
87.9424
87.9424
87.9424
87.9424
87.9424
87.9424
87.9424
87.9424
87.9424
87.9424
87.9424
87.9424
87.9424
87.9424
87.9424
87.9424
87.9424
87.9424
87.9424
87.9424
87.9424
87.9424
87.9424
87.9424
87.9424
87.9424
87.9424
87.9424
87.9424
87.9424
87.9424
87.9424
87.9424
87.9424
87.9424
87.9424
87.9424
87.9424
87.9424
87.9424
87.9424
87.9424
87.9424
87.9424
87.9424
87.9424
87.9424
87.9424
87.9424
87.9424
87.9424
87.9424
87.9424
87.9424
87.9424
87.9424
87.9424
87.9424
87.9424
87.9424
87.9424
87.9424
87.9424
87.9424
87.9424
87.9424
87.9424
87.9424
87.9424
87.9424
87.9424
87.9424
87.9424
87.9424
87.9424
87.9424
87.9424
87.9424
87.9424
87.9424
87.9424
87.9424
87.9424
87.9424
87.9424
87.9424
87.9424
87.9424
87.9424
87.9424
87.9424
87.9424
87.9424
87.9424
87.9424
87.9424
87.9424
87.9424
87.9424
87.9424
87.9424
87.9424
87.9424
87.9424
87.9424
87.9424
87.9424
87.9424
87.9424
87.9424
87.9424
87.9424
87.9424
87.9424
87.9424
87.9424
87.9424
87.9424
87.9424
87.9424
87.9424
87.9424
87.9424
87.9424
87.9424
87.9424
87.9424
87.9424
87.9424
87.9424
87.9424
87.9424
87.9424
87.9424
87.9424
87.9424
87.9424
87.9424
87.9424
87.9424
87.9424
87.9424
87.9424
87.9424
87.9424
87.9424
87.9424
87.9424
87.9424
87.9424
87.9424
87.9424
87.9424
87.9424
87.9424
87.9424
87.9424
87.9424
87.9424
87.9424
87.9424
87.9424
87.9424
87.9424
87.9424
87.9424
87.9424
87.9424
87.9424
87.9424
87.9424
87.9424
87.9424
87.9424
87.9424
87.9424
87.9424
87.9424
87.9424
87.9424
87.9424
87.9424
87.9424
87.9424
87.9424
87.9424
87.9424
87.9424
87.9424
87.9424
87.9424
87.9424
87.9424
87.9424
87.9424
87.9424
87.9424
87.9424
87.9424
87.9424
87.9424
87.9424
87.9424
87.9424
87.9424
87.9397
87.9424
87.9424
87.9424
87.9424
87.9424
87.9424
87.9424
87.9424
87.9424
87.9424
87.9424
87.9424
87.9424
87.9424
87.9424
87.9424
87.9424
87.9424
87.9424
87.9424
87.9424
87.9424
87.9424
87.9424
87.9424
87.9424
87.9424
87.9424
87.9424
87.9424
87.9424
87.9424
87.9424
87.9424
87.9424
87.9424
87.9424
87.9424
87.9424
87.9424
87.9424
87.9424
87.9424
87.9424
87.9424
87.9424
87.9424
87.9424
87.9424
87.9424
87.9424
87.9424
87.9424
87.9424
87.9424
87.9424
87.9424
87.9424
87.9424
87.9424
87.9424
87.9424
87.9424
87.9424
87.9424
87.9424
87.9424
87.9424
87.9424
87.9424
87.9424
87.9424
87.9424
87.9424
87.9424
87.9424
87.9424
87.9424
87.9424
87.9424
87.9424
87.9424
87.9424
87.9424
87.9424
87.9424
87.9424
87.9424
87.9424
87.9424
87.9424
87.9424
87.9424
87.9424
87.9424
87.9424
87.9424
87.9424
87.9424
87.9424
87.9424
87.9424
87.9424
87.9424
87.9424
87.9424
87.9424
87.9424
87.9424
87.9424
87.9424
87.9424
87.9424
87.9424
87.9424
87.9424
87.9424
87.9424


9.17769
10.1782
10.6633
14.5433
19.6357
19.6357
19.7142
25.8564
29.3797
30.0142
33.2483
35.8941
35.8941
39.1979
39.1979
43.0519
45.999
46.7832
47.8749
49.2742
50.8408
56.7085
58.1356
58.7204
59.3597
64.0133
66.2602
66.5615
66.8643
67.1257
68.9428
69.4748
70.1094
70.1709
70.7004
71.0834
72.0279
72.5494
72.5494
73.0941
73.8436
74.5915
74.6686
74.9787
75.7068
75.8579
76.2647
76.2647
77.0243
77.2489
77.5179
77.4187
77.5299
77.7068
77.772
78.1884
78.2733
78.3491
78.3949
78.7043
78.7484
78.7686
78.8821
78.9185
79.0007
79.0269
79.1372
79.1683
79.2309
79.2413
79.2504
79.2347
79.3313
79.3668
79.3683
79.4035
79.4141
79.4303
79.4428
79.4523
79.4674
79.4947
79.4984
79.5173
79.5255
79.5297
79.5467
79.5492
79.5595
79.5623
79.5704
79.5827
79.5872
79.5874
79.5878
79.5886
79.5929
79.5954
79.5964
79.5974
79.5977
79.6001
79.6017
79.6018
79.6036
79.6049
79.6058
79.6073
79.6092
79.612
79.612
79.6125
79.6131
79.6139
79.6139
79.6148
79.615
79.6159
79.6161
79.6163
79.6164
79.6166
79.6167
79.6168
79.617
79.6171
79.6172
79.6172
79.6174
79.6174
79.6174
79.6175
79.6175
79.6176
79.6176
79.6177
79.6177
79.6178
79.6178
79.6178
79.6178
79.6178
79.6179
79.6179
79.6179
79.6179
79.6179
79.6179
79.6179
79.6179
79.6179
79.6179
79.618
79.618
79.618
79.618
79.618
79.618
79.618
79.618
79.618
79.618
79.618
79.618
79.618
79.618
79.618
79.618
79.618
79.618
79.618
79.618
79.618
79.618
79.618
79.618
79.618
79.618
79.618
79.618
79.618
79.618
79.618
79.618
79.618
79.618
79.618
79.618
79.618
79.618
79.618
79.618
79.618
79.618
79.618
79.618
79.618
79.618
79.618
79.618
79.618
79.618
79.618
79.618
79.618
79.618
79.618
79.618
79.618
79.618
79.618
79.618
79.618
79.618
79.618
79.618
79.618
79.618
79.618
79.618
79.618
79.618
79.618
79.618
79.618
79.618
79.618
79.618
79.618
79.618
79.618
79.618
79.618
79.618
79.618
79.618
79.618
79.618
79.618
79.618
79.618
79.618
79.618
79.618
79.618
79.618
79.618
79.618
79.618
79.618
79.618
79.618
79.618
79.618
79.618
79.618
79.618
79.618
79.618
79.618
79.618
79.618
79.618
79.618
79.618
79.618
79.618
79.618
79.618
79.618
79.618
79.618
79.618
79.618
79.618
79.618
79.618
79.618
79.618
79.618
79.618
79.618
79.618
79.618
79.618
79.618
79.618
79.618
79.618
79.618
79.618
79.618
79.618
79.618
79.618
79.618
79.618
79.618
79.618
79.618
79.618
79.618
79.618
79.618
79.618
79.618
79.618
79.618
79.618
79.618
79.618
79.618
79.618
79.618
79.618
79.618
79.618
79.618
79.618
79.618
79.618
79.618
79.618
79.618
79.618
79.618
79.618
79.618
79.618
79.618
79.618
79.618
79.618
79.618
79.618
79.618
79.618
79.618
79.618
79.618
79.618
79.618
79.618
79.618
79.618
79.618
79.618
79.618
79.618
79.618
79.618
79.618
79.618
79.618
79.618
79.618
79.618
79.618
79.618
79.618
79.618
79.618
79.618
79.618
79.618
79.618
79.618
79.618
79.618
79.618
79.618
79.618
79.618
79.618
79.618
79.618
79.618
79.618
79.618
79.618
79.618
79.618
79.618
79.618
79.618
79.618
79.618
79.618
79.618
79.618
79.618
79.618
79.618
79.618
79.618
79.618
79.618
79.618
79.618
79.618
79.618
79.618
79.618
79.618
79.618
79.618
79.618
79.618
79.618
79.618
79.618
79.618
79.618
79.618
79.618
79.618
79.618
79.618
79.618
79.618
79.618
79.618
79.618
79.618
79.618
79.618
79.618
79.618
79.618
79.618
79.618
79.618
79.618
79.618
79.618
79.618
79.618
79.618
79.618
79.618
79.618
79.618
79.618
79.618
79.618
79.618
79.618
79.618
79.618
79.618
79.618
79.618
79.618
79.618
79.618
79.618
79.618
79.618
79.618
79.618
79.618
79.6173
79.618
79.618
79.618
79.618
79.618
79.618
79.618
79.618
79.618
79.618
79.618
79.618
79.618
79.618
79.618
79.618
79.618
79.618
79.618
79.618
79.618
79.618
79.618
79.618
79.618
79.618
79.618
79.618
79.618
79.618
79.618
79.618
79.618
79.618
79.618
79.618
79.618
79.618


10.2718
11.1251
16.5532
17.6278
18.6178
18.9947
20.3272
23.1925
23.9106
24.6918
27.6689
29.6535
30.5303
34.067
35.383
36.2755
37.7946
37.8389
44.4394
52.1221
53.1125
53.4702
53.7615
58.0294
58.9074
63.8557
64.0931
64.4444
64.6092
66.0758
67.629
68.165
70.2777
70.8555
71.7225
72.6753
73.5796
73.5796
73.7441
73.9738
74.6475
74.7091
75.5786
75.8913
76.2456
76.2515
77.0689
77.0689
77.6735
77.8771
77.8771
78.2429
78.2906
78.2906
78.5115
78.6947
78.7606
78.923
78.9315
78.9514
79.0259
79.1517
79.2781
79.385
79.385
79.3893
79.3893
79.443
79.5072
79.5366
79.5491
79.6184
79.6366
79.6523
79.6566
79.6566
79.6642
79.6983
79.7027
79.7037
79.7068
79.7115
79.7132
79.723
79.7282
79.7309
79.7353
79.748
79.7482
79.7503
79.7564
79.7568
79.759
79.7629
79.7659
79.7683
79.7688
79.7697
79.7717
79.772
79.7738
79.774
79.774
79.7744
79.7759
79.7762
79.7762
79.7765
79.7766
79.7769
79.7771
79.7772
79.7775
79.7775
79.7777
79.7778
79.7779
79.7781
79.7785
79.7785
79.7786
79.7786
79.7786
79.7786
79.7787
79.7787
79.7788
79.7788
79.7788
79.7788
79.7789
79.779
79.779
79.779
79.779
79.7791
79.7791
79.7791
79.7791
79.7791
79.7791
79.7791
79.7791
79.7791
79.7791
79.7791
79.7792
79.7792
79.7792
79.7792
79.7792
79.7792
79.7792
79.7792
79.7792
79.7792
79.7792
79.7792
79.7792
79.7792
79.7792
79.7792
79.7792
79.7792
79.7792
79.7792
79.7792
79.7792
79.7792
79.7792
79.7792
79.7792
79.7792
79.7792
79.7792
79.7792
79.7792
79.7792
79.7792
79.7792
79.7792
79.7792
79.7792
79.7792
79.7792
79.7792
79.7792
79.7792
79.7792
79.7792
79.7792
79.7792
79.7792
79.7792
79.7792
79.7792
79.7792
79.7792
79.7792
79.7792
79.7792
79.7792
79.7792
79.7792
79.7792
79.7792
79.7792
79.7792
79.7792
79.7792
79.7792
79.7792
79.7792
79.7792
79.7792
79.7792
79.7792
79.7792
79.7792
79.7792
79.7792
79.7792
79.7792
79.7792
79.7792
79.7792
79.7792
79.7792
79.7792
79.7792
79.7792
79.7792
79.7792
79.7792
79.7792
79.7792
79.7792
79.7792
79.7792
79.7792
79.7792
79.7792
79.7792
79.7792
79.7792
79.7792
79.7792
79.7792
79.7792
79.7792
79.7792
79.7792
79.7792
79.7792
79.7792
79.7792
79.7792
79.7792
79.7792
79.7792
79.7792
79.7792
79.7792
79.7792
79.7792
79.7792
79.7792
79.7792
79.7792
79.7792
79.7792
79.7792
79.7792
79.7792
79.7792
79.7792
79.7792
79.7792
79.7792
79.7792
79.7792
79.7792
79.7792
79.7792
79.7792
79.7792
79.7792
79.7792
79.7792
79.7792
79.7792
79.7792
79.7792
79.7792
79.7792
79.7792
79.7792
79.7792
79.7792
79.7792
79.7792
79.7792
79.7792
79.7792
79.7792
79.7792
79.7792
79.7792
79.7792
79.7792
79.7792
79.7792
79.7792
79.7792
79.7792
79.7792
79.7792
79.7792
79.7792
79.7792
79.7792
79.7792
79.7792
79.7792
79.7792
79.7792
79.7792
79.7792
79.7792
79.7792
79.7792
79.7792
79.7792
79.7792
79.7792
79.7792
79.7792
79.7792
79.7792
79.7792
79.7792
79.7792
79.7792
79.7792
79.7792
79.7792
79.7792
79.7792
79.7792
79.7792
79.7792
79.7792
79.7792
79.7792
79.7792
79.7792
79.7792
79.7792
79.7792
79.7792
79.7792
79.7792
79.7792
79.7792
79.7792
79.7792
79.7792
79.7792
79.7792
79.7792
79.7792
79.7768
79.7792
79.7792
79.7792
79.7792
79.7792
79.7792
79.7792
79.7792
79.7792
79.7792
79.7792
79.7792
79.7792
79.7792
79.7792
79.7792
79.7792
79.7792
79.7792
79.7792
79.7792
79.7792
79.7792
79.7792
79.7792
79.7792
79.7792
79.7792
79.7792
79.7792
79.7792
79.7792
79.7792
79.7792
79.7792
79.7792
79.7792
79.7792
79.7792
79.7792
79.7792
79.7792
79.7792
79.7792
79.7792
79.7792
79.7792
79.7792
79.7792
79.7792
79.7792
79.7792
79.7792
79.7792
79.7792
79.7792
79.7792
79.7792
79.7792
79.7792
79.7792
79.7792
79.7792
79.7792
79.7792
79.7792
79.7792
79.7792
79.7792
79.7792
79.7792
79.7792
79.7792
79.7792
79.7792
79.7792
79.7792
79.7792
79.7792
79.7792
79.7792
79.7792
79.7792
79.7792
79.7792
79.7792
79.7792
79.7792
79.7792
79.7792
79.7792
79.7792
79.7792
79.7792
79.7792
79.7792
79.7792
79.7792
79.7792
79.7792
79.7792
79.7792
79.7792
79.7792
79.7792
79.7792
79.7792
79.7792
79.7792
79.7792
79.7792
79.7792
79.7792
79.7792
79.7792
79.7792
79.7792
79.7792
79.7792
79.7792
79.7792
79.7792
79.7792
79.7792
79.7792
79.7792
79.7792
79.7792


9.29978
10.7824
11.7198
13.963
16.3744
17.3618
18.4958
19.5488
22.1425
22.8321
26.9769
27.6196
30.5272
31.0926
31.0926
33.3586
36.8454
38.4153
42.4322
44.2247
49.0946
58.0023
58.0023
61.2151
61.2309
61.3898
65.5078
67.2174
67.7038
70.1788
71.2382
73.9127
73.9127
75.9757
78.6604
78.8034
79.5137
79.5137
80.602
81.7286
81.7286
82.5169
82.5169
83.2346
84.1398
84.7703
84.8896
85.4653
85.6493
85.7536
85.7582
85.805
86.3515
86.3781
86.5098
86.5808
86.9687
86.9897
87.0071
87.2388
87.3743
87.5479
87.6272
87.6297
87.6329
87.7745
87.8904
87.9593
87.9824
88.0275
88.3195
88.3195
88.3195
89.4339
89.4875
89.5722
90.0168
90.0179
90.0202
90.1462
90.1517
90.1586
90.1598
90.3393
90.3393
90.3422
90.3427
90.4596
90.4635
90.4707
90.4718
90.4744
90.5423
90.5954
90.5971
90.6498
90.6498
90.6499
90.6868
90.6929
90.6999
90.7
90.7434
90.7434
90.7435
90.7435
90.7445
90.7445
90.7479
90.7548
90.7548
90.7817
90.7966
90.7966
90.7967
90.8023
90.8036
90.8037
90.8043
90.8043
90.807
90.8098
90.8098
90.8135
90.8217
90.8217
90.8217
90.8217
90.8234
90.8234
90.8255
90.8219
90.8219
90.8239
90.8239
90.8271
90.8271
90.8274
90.8274
90.8284
90.8284
90.8295
90.8295
90.8322
90.8345
90.8345
90.8345
90.8346
90.8346
90.8352
90.8358
90.8358
90.8358
90.8369
90.8369
90.837
90.8372
90.8372
90.8372
90.8376
90.8376
90.8381
90.8382
90.8387
90.8387
90.8387
90.8387
90.8389
90.8389
90.8389
90.839
90.8391
90.8391
90.8392
90.8392
90.8393
90.8393
90.8393
90.8393
90.8393
90.8393
90.8394
90.8394
90.8394
90.8394
90.8394
90.8394
90.8394
90.8394
90.8395
90.8395
90.8395
90.8395
90.8395
90.8395
90.8395
90.8395
90.8395
90.8395
90.8395
90.8395
90.8395
90.8395
90.8395
90.8396
90.8396
90.8396
90.8396
90.8396
90.8396
90.8396
90.8396
90.8396
90.8396
90.8396
90.8396
90.8396
90.8396
90.8396
90.8396
90.8396
90.8396
90.8396
90.8396
90.8396
90.8396
90.8396
90.8396
90.8396
90.8396
90.8396
90.8396
90.8396
90.8396
90.8396
90.8396
90.8396
90.8396
90.8396
90.8396
90.8396
90.8396
90.8396
90.8396
90.8396
90.8396
90.8396
90.8396
90.8396
90.8396
90.8396
90.8396
90.8396
90.8396
90.8396
90.8396
90.8396
90.8396
90.8396
90.8396
90.8396
90.8396
90.8396
90.8396
90.8396
90.8396
90.8396
90.8396
90.8396
90.8396
90.8396
90.8396
90.8396
90.8396
90.8396
90.8396
90.8396
90.8396
90.8396
90.8396
90.8396
90.8396
90.8396
90.8396
90.8396
90.8396
90.8396
90.8396
90.8396
90.8396
90.8396
90.8396
90.8396
90.8396
90.8396
90.8396
90.8396
90.8396
90.8396
90.8396
90.8396
90.8396
90.8396
90.8396
90.8396
90.8396
90.8396
90.8396
90.8396
90.8396
90.8396
90.8396
90.8396
90.8396
90.8396
90.8396
90.8396
90.8396
90.8396
90.8396
90.8396
90.8396
90.8396
90.8396
90.8396
90.8396
90.8396
90.8396
90.8396
90.8396
90.8396
90.8396
90.8396
90.8396
90.8396
90.8396
90.8396
90.8396
90.8396
90.8396
90.8396
90.8396
90.8396
90.8396
90.8396
90.8396
90.8396
90.8396
90.8396
90.8396
90.8396
90.8396
90.8396
90.8396
90.8396
90.8396
90.8396
90.8396
90.8396
90.8396
90.8396
90.8396
90.8396
90.8396
90.8396
90.8396
90.8396
90.8396
90.8396
90.8396
90.8396
90.8396
90.8396
90.8396
90.8396
90.8396
90.8396
90.8396
90.8396
90.8396
90.8396
90.8396
90.8396
90.8396
90.8396
90.8396
90.8396
90.8396
90.8396
90.8396
90.8396
90.8396
90.8396
90.8396
90.8396
90.8396
90.8396
90.8396
90.8396
90.8396
90.8396
90.8396
90.8396
90.8396
90.8396
90.8396
90.8396
90.8396
90.8396
90.8396
90.8396
90.8396
90.8396
90.8396
90.8396
90.8396
90.8396
90.8396
90.8396
90.8396
90.8396
90.8396
90.8396
90.8396
90.8396
90.8396
90.8396
90.8396
90.8396
90.8396
90.8396
90.8396
90.8396
90.8396
90.8396
90.8396
90.8396
90.8396
90.8396
90.8396
90.8396
90.8396
90.8396
90.8396
90.8396
90.8396
90.8396
90.8396
90.8396
90.8396
90.8396
90.8396
90.8396
90.8396
90.8396
90.8396
90.8396
90.8396
90.8396
90.8396
90.8396
90.8396
90.8396
90.8396
90.8396
90.8396
90.8396
90.8396
90.8396
90.8396
90.8396
90.8396
90.8396
90.8396
90.8396
90.8396
90.8396
90.8396
90.8396
90.8396
90.8396
90.8396
90.8396
90.8396
90.8396
90.8396
90.8396
90.8396
90.8396
90.8396
90.8396
90.8396
90.8396
90.8396
90.8396
90.8396
90.8396
90.8396
90.8396
90.8396


9.79318
11.4541
14.737
15.0898
21.4541
24.2021
25.5431
28.4751
30.2412
32.6204
39.2754
38.4282
41.888
41.888
42.0312
44.1055
47.4601
52.1974
52.1974
52.2068
55.2651
55.3518
57.7445
62.7894
64.0607
64.0607
64.8949
64.9885
68.7688
71.4985
74.0242
74.6093
74.7526
75.3768
75.5908
76.2148
78.4621
78.6406
79.2622
79.9094
81.0525
81.2725
82.2149
82.2968
82.5363
82.7222
83.2207
83.3848
83.4731
83.5549
83.7859
84.0457
84.2573
84.9263
85.0463
85.1732
85.1732
85.3538
85.4854
85.5182
85.5703
85.9488
85.9813
85.9813
86.1315
86.1967
86.2197
86.2411
86.3435
86.3882
86.4903
86.6077
86.6183
86.6903
86.7491
86.7552
86.7752
86.8135
86.8423
86.8465
86.8903
86.8994
86.9089
86.9285
86.9285
86.9303
86.9419
86.9546
86.958
86.9587
86.9719
86.9729
86.975
86.9756
86.9759
86.9793
86.9872
86.9901
86.9925
86.9976
86.9988
87.0036
87.0047
87.0047
87.0057
87.0095
87.011
87.0125
87.0125
87.0125
87.0125
87.0131
87.0141
87.0167
87.019
87.0193
87.0199
87.0199
87.0201
87.0215
87.0216
87.0216
87.0216
87.0218
87.0218
87.0234
87.0234
87.0239
87.0239
87.024
87.0247
87.0247
87.0258
87.0258
87.0258
87.026
87.0262
87.0262
87.0262
87.0262
87.0265
87.0264
87.0266
87.0267
87.0267
87.0267
87.0267
87.0267
87.0268
87.0269
87.0269
87.0269
87.027
87.027
87.027
87.027
87.027
87.027
87.0271
87.0271
87.0271
87.0271
87.0271
87.0271
87.0271
87.0272
87.0272
87.0272
87.0272
87.0272
87.0272
87.0272
87.0272
87.0272
87.0272
87.0272
87.0272
87.0272
87.0272
87.0272
87.0272
87.0272
87.0272
87.0272
87.0272
87.0272
87.0272
87.0272
87.0272
87.0272
87.0272
87.0272
87.0272
87.0272
87.0272
87.0272
87.0273
87.0273
87.0273
87.0273
87.0273
87.0273
87.0273
87.0273
87.0273
87.0273
87.0273
87.0273
87.0273
87.0273
87.0273
87.0273
87.0273
87.0273
87.0273
87.0273
87.0273
87.0273
87.0273
87.0273
87.0273
87.0273
87.0273
87.0273
87.0273
87.0273
87.0273
87.0273
87.0273
87.0273
87.0273
87.0273
87.0273
87.0273
87.0273
87.0273
87.0273
87.0273
87.0273
87.0273
87.0273
87.0273
87.0273
87.0273
87.0273
87.0273
87.0273
87.0273
87.0273
87.0273
87.0273
87.0273
87.0273
87.0273
87.0273
87.0273
87.0273
87.0273
87.0273
87.0273
87.0273
87.0273
87.0273
87.0273
87.0273
87.0273
87.0273
87.0273
87.0273
87.0273
87.0273
87.0273
87.0273
87.0273
87.0273
87.0273
87.0273
87.0273
87.0273
87.0273
87.0273
87.0273
87.0273
87.0273
87.0273
87.0273
87.0273
87.0273
87.0273
87.0273
87.0273
87.0273
87.0273
87.0273
87.0273
87.0273
87.0273
87.0273
87.0273
87.0273
87.0273
87.0273
87.0273
87.0273
87.0273
87.0273
87.0273
87.0273
87.0273
87.0273
87.0273
87.0273
87.0273
87.0273
87.0273
87.0273
87.0273
87.0273
87.0273
87.0273
87.0273
87.0273
87.0273
87.0273
87.0273
87.0273
87.0273
87.0273
87.0273
87.0273
87.0273
87.0273
87.0273
87.0273
87.0273
87.0273
87.0273
87.0273
87.0273
87.0273
87.0273
87.0273
87.0273
87.0273
87.0273
87.0273
87.0273
87.0273
87.0273
87.0273
87.0273
87.0273
87.0273
87.0273
87.0273
87.0273
87.0273
87.0273
87.0273
87.0273
87.0273
87.0273
87.0273
87.0273
87.0273
87.0273
87.0273
87.0273
87.0273
87.0273
87.0273
87.0273
87.0273
87.0273
87.0273
87.0273
87.0273
87.0273
87.0273
87.0273
87.0273
87.0273
87.0273
87.0273
87.0273
87.0273
87.0273
87.0273
87.0273
87.0273
87.0273
87.0273
87.0273
87.0273
87.0273
87.0273
87.0273
87.0273
87.0273
87.0273
87.0273
87.0273
87.0273
87.0273
87.0273
87.0273
87.0273
87.0273
87.0273
87.0273
87.0273
87.0273
87.0273
87.0273
87.0273
87.0273
87.0273
87.0273
87.0273
87.0273
87.0273
87.0273
87.0273
87.0273
87.0273
87.0273
87.0273
87.0273
87.0273
87.0273
87.0273
87.0273
87.0273
87.0273
87.0273
87.0273
87.0273
87.0273
87.0273
87.0273
87.0273
87.0273
87.0273
87.0273
87.0273
87.0273
87.0273
87.0273
87.0273
87.0273
87.0273
87.0273
87.0273
87.0273
87.0273
87.0273
87.0273
87.0273
87.0273
87.0273
87.0273
87.0273
87.0273
87.0273
87.0273
87.0273
87.0273
87.0273
87.0273
87.0273
87.0273
87.0273
87.0273
87.0273
87.0273
87.0273
87.0273
87.0273
87.0273
87.0273
87.0273
87.0273
87.0273
87.0273
87.0273
87.0273
87.0273
87.0273
87.0273
87.0273
87.0273
87.0273
87.0273
87.0273
87.0273
87.0273
87.0273
87.0273
87.0273
87.0273


9.63493
10.4135
13.5781
14.3206
16.3923
20.4614
22.0885
23.1373
25.7128
29.3086
29.8467
30.6333
32.2277
34.8261
36.8803
36.8803
41.6659
42.3118
47.1263
47.8201
48.2009
52.1446
52.3575
54.3093
56.3635
56.3635
59.157
59.1948
61.064
62.3697
62.5457
63.4187
66.5386
67.5879
68.8342
69.166
69.8125
71.2347
71.7443
72.0815
73.0246
73.2485
73.5218
73.8904
74.0949
74.797
75.0843
75.1254
75.281
75.6158
75.6443
76.0077
76.0446
76.1886
76.2732
76.3034
76.6739
76.6739
76.7348
76.8151
76.9062
76.9711
77.0693
77.1068
77.1603
77.2048
77.2266
77.2791
77.3235
77.3235
77.3516
77.3768
77.3876
77.4396
77.4396
77.447
77.4635
77.4637
77.4863
77.4986
77.5051
77.5067
77.5083
77.5215
77.5332
77.5336
77.5422
77.5474
77.5545
77.5592
77.5614
77.5606
77.5676
77.5701
77.5713
77.5747
77.5772
77.5785
77.5811
77.5814
77.5822
77.5832
77.5832
77.5835
77.5844
77.5854
77.5854
77.5862
77.5863
77.5863
77.5867
77.5871
77.5873
77.5878
77.5878
77.5882
77.5883
77.5884
77.5887
77.5888
77.5889
77.589
77.5891
77.5891
77.5893
77.5893
77.5894
77.5894
77.5895
77.5895
77.5896
77.5896
77.5896
77.5897
77.5897
77.5897
77.5897
77.5897
77.5897
77.5897
77.5897
77.5897
77.5898
77.5898
77.5898
77.5898
77.5898
77.5898
77.5898
77.5898
77.5898
77.5898
77.5898
77.5898
77.5898
77.5898
77.5898
77.5898
77.5898
77.5898
77.5898
77.5898
77.5898
77.5898
77.5898
77.5898
77.5898
77.5898
77.5898
77.5898
77.5898
77.5898
77.5898
77.5898
77.5898
77.5898
77.5898
77.5898
77.5898
77.5898
77.5898
77.5898
77.5898
77.5898
77.5898
77.5898
77.5898
77.5898
77.5898
77.5898
77.5898
77.5898
77.5898
77.5898
77.5898
77.5898
77.5898
77.5898
77.5898
77.5898
77.5898
77.5898
77.5898
77.5898
77.5898
77.5898
77.5898
77.5898
77.5898
77.5898
77.5898
77.5898
77.5898
77.5898
77.5898
77.5898
77.5898
77.5898
77.5898
77.5898
77.5898
77.5898
77.5898
77.5898
77.5898
77.5898
77.5898
77.5898
77.5898
77.5898
77.5898
77.5898
77.5898
77.5898
77.5898
77.5898
77.5898
77.5898
77.5898
77.5898
77.5898
77.5898
77.5898
77.5898
77.5898
77.5898
77.5898
77.5898
77.5898
77.5898
77.5898
77.5898
77.5898
77.5898
77.5898
77.5898
77.5898
77.5898
77.5898
77.5898
77.5898
77.5898
77.5898
77.5898
77.5898
77.5898
77.5898
77.5898
77.5898
77.5898
77.5898
77.5898
77.5898
77.5898
77.5898
77.5898
77.5898
77.5898
77.5898
77.5898
77.5898
77.5898
77.5898
77.5898
77.5898
77.5898
77.5898
77.5898
77.5898
77.5898
77.5898
77.5898
77.5898
77.5898
77.5898
77.5898
77.5898
77.5898
77.5898
77.5898
77.5898
77.5898
77.5898
77.5898
77.5898
77.5898
77.5898
77.5898
77.5898
77.5898
77.5898
77.5898
77.5898
77.5898
77.5898
77.5898
77.5898
77.5898
77.5898
77.5898
77.5898
77.5898
77.5898
77.5898
77.5898
77.5898
77.5898
77.5898
77.5898
77.5898
77.5898
77.5898
77.5898
77.5898
77.5898
77.5898
77.5898
77.5898
77.5898
77.5898
77.5898
77.5895
77.5898
77.5898
77.5898
77.5898
77.5898
77.5898
77.5898
77.5898
77.5898
77.5898
77.5898
77.5898
77.5898
77.5898
77.5898
77.5898
77.5898
77.5898
77.5898
77.5898
77.5898
77.5898
77.5898
77.5898
77.5898
77.5898
77.5898
77.5898
77.5898
77.5898
77.5898
77.5898
77.5898
77.5898
77.5898
77.5898
77.5898
77.5898
77.5898
77.5898
77.5898
77.5898
77.5898
77.5898
77.5898
77.5898
77.5898
77.5898
77.5898
77.5898
77.5898
77.5898
77.5898
77.5898
77.5898
77.5898
77.5898
77.5898
77.5898
77.5898
77.5898
77.5898
77.5898
77.5898
77.5898
77.5898
77.5898
77.5898
77.5898
77.5898
77.5898
77.5898
77.5898
77.5898
77.5898
77.5898
77.5898
77.5898
77.5898
77.5898
77.5898
77.5898
77.5898
77.5898
77.5898
77.5898
77.5898
77.5898
77.5898
77.5898
77.5898
77.5898
77.5898
77.5898
77.5898
77.5898
77.5898
77.5898
77.5898
77.5898
77.5898
77.5898
77.5898
77.5898
77.5898
77.5898
77.5898
77.5898
77.5898
77.5898
77.5898
77.5898
77.5898
77.5898
77.5898
77.5898
77.5898
77.5898
77.5898
77.5898
77.5898
77.5898
77.5898
77.5898
77.5898
77.5898
77.5898
77.5898
77.5898
77.5898
77.5898
77.5898
77.5898
77.5898
77.5898
77.5898
77.5898
77.5898
77.5898
77.5898
77.5898
77.5898
77.5898
77.5898
77.5898
77.5898
77.5898
77.5898
77.5898
77.5898
77.5898
77.5898
77.5898
77.5898
77.5898
77.5898
77.5898
77.5898


