0.140743
0.148997
0.161223
0.162657
0.197511
0.236518
0.249085
0.249144
0.276195
0.302177
0.306258
0.37188
0.407892
0.407892
0.415983
0.434037
0.441244
0.456811
0.488882
0.523469
0.578363
0.572197
0.576794
0.629807
0.629807
0.637393
0.686307
0.750749
0.750749
0.794293
0.794293
0.80766
0.810727
0.83123
0.83193
0.842097
0.848072
0.863902
0.883716
0.883797
0.883797
0.905711
0.912853
0.917274
0.922522
0.936013
0.936387
0.936387
0.93672
0.956732
0.958011
0.958897
0.963178
0.968069
0.970357
0.975041
0.975041
0.976818
0.978037
0.978394
0.982719
0.985442
0.988485
0.988576
0.9911
0.991202
0.991843
0.992051
0.993656
0.993656
0.996034
0.995031
0.995912
0.996037
0.996142
0.996563
0.997342
0.997661
0.997819
0.997885
0.997885
0.998409
0.998531
0.998636
0.99872
0.998897
0.999055
0.99912
0.99912
0.999226
0.99929
0.999502
0.999527
0.999556
0.999591
0.999662
0.999675
0.999721
0.999749
0.999778
0.999789
0.999814
0.999821
0.999825
0.999831
0.999848
0.999874
0.999888
0.999894
0.999896
0.999925
0.999948
0.999953
0.999963
0.999964
0.999965
0.999965
0.999971
0.999977
0.999985
0.999985
0.999984
0.999989
0.999989
0.999991
0.999991
0.999991
0.999993
0.999993
0.999994
0.999995
0.999995
0.999996
0.999996
0.999996
0.999996
0.999997
0.999997
0.999997
0.999998
0.999998
0.999998
0.999998
0.999999
0.999999
0.999999
0.999999
0.999999
0.999999
0.999999
0.999999
0.999999
0.999999
0.999999
0.999999
0.999999
0.999999
1
1
1
1
1
1
1
1
1
1
1
1
1
1
1
1
1
1
1
1
1
1
1
1
1
1
1
1
1
1
1
1
1
1
1
1
1
1
1
1
1
1
1
1
1
1
1
1
1
1
1
1
1
1
1
1
1
1
1
1
1
1
1
1
1
1
1
1
1
1
1
1
1
1
1
1
1
1
1
1
1
1
1
1
1
1
1
1
1
1
1
1
1
1
1
1
1
1
1
1
1
1
1
1
1
1
1
1
1
1
1
1
1
1
1
1
1
1
1
1
1
1
1
1
1
1
1
1
1
1
1
1
1
1
1
1
1
1
1
1
1
1
1
1
1
1
1
1
1
1
1
1
1
1
1
1
1
1
1
1
1
1
1
1
1
1
1
1
1
1
1
1
1
1
1
1
1
1
1
1
1
1
1
1
1
1
1
1
1
1
1
1
1
1
1
1
1
1
1
1
1
1
1
1
1
1
1
1
1
1
1
1
1
1
1
1
1
1
1
1
1
1
1
1
1
1
1
1
1
1
1
1
1
1
1
1
1
1
1
1
1
1
1
1
1
1
1
1
1
1
1
1
1
1
0.999983
1
1
1
1
1
1
1
1
1
1
1
1
1
1
1
1
1
1
1
1
1
1
1
1
1
1
1
1
1
1
1
1
1
1
1
1
1
1
1
1
1
1
1
1
1
1
1
1
1
1
1
1
1
1
1
1
1
1
1
1
1
1
1
1
1
1
1
1
1
1
1
1
1
1
1
1
1
1
1
1
1
1
1
1
1
1
1
1


0.107521
0.107521
0.108954
0.11158
0.125386
0.1406
0.146447
0.160563
0.176026
0.195675
0.196842
0.202801
0.240409
0.263113
0.263113
0.283668
0.28886
0.294725
0.306987
0.314224
0.314224
0.324262
0.376828
0.384327
0.384834
0.389232
0.399507
0.406013
0.416595
0.416595
0.417544
0.421143
0.480603
0.480656
0.482595
0.49498
0.49498
0.503677
0.504213
0.510794
0.518803
0.523672
0.54368
0.54368
0.562123
0.568313
0.568511
0.568952
0.570053
0.570149
0.583908
0.588124
0.589367
0.589465
0.590863
0.594344
0.594344
0.594949
0.596021
0.597716
0.601586
0.601593
0.607605
0.607616
0.607622
0.611177
0.613349
0.61404
0.614919
0.616027
0.616104
0.616899
0.617463
0.618469
0.618472
0.618487
0.620555
0.620869
0.620876
0.620993
0.621244
0.621244
0.621599
0.621599
0.621664
0.621667
0.622558
0.622565
0.622812
0.62301
0.623163
0.623186
0.623187
0.623245
0.623245
0.623707
0.623708
0.623755
0.623994
0.623995
0.623995
0.623996
0.624016
0.624061
0.624061
0.624088
0.62411
0.624129
0.624157
0.624199
0.624312
0.624244
0.624308
0.624308
0.624319
0.62432
0.624335
0.624374
0.624374
0.624384
0.624388
0.624397
0.624408
0.624417
0.624417
0.624425
0.624439
0.624439
0.624443
0.624443
0.624453
0.624453
0.624459
0.624463
0.624464
0.624464
0.624464
0.624467
0.624467
0.62447
0.624474
0.624475
0.624475
0.624475
0.624475
0.624477
0.624477
0.624477
0.624477
0.624477
0.624479
0.624479
0.624479
0.624479
0.624479
0.624479
0.62448
0.62448
0.62448
0.62448
0.62448
0.62448
0.62448
0.62448
0.62448
0.62448
0.62448
0.62448
0.62448
0.62448
0.624481
0.624481
0.624481
0.624481
0.624481
0.624481
0.624481
0.624481
0.624481
0.624481
0.624481
0.624481
0.624481
0.624481
0.624481
0.624481
0.624481
0.624481
0.624481
0.624481
0.624481
0.624481
0.624481
0.624481
0.624481
0.624481
0.624481
0.624481
0.624481
0.624481
0.624481
0.624481
0.624481
0.624481
0.624481
0.624481
0.624481
0.624481
0.624481
0.624481
0.624481
0.624481
0.624481
0.624481
0.624481
0.624481
0.624481
0.624481
0.624481
0.624481
0.624481
0.624481
0.624481
0.624481
0.624481
0.624481
0.624481
0.624481
0.624481
0.624481
0.624481
0.624481
0.624481
0.624481
0.624481
0.624481
0.624481
0.624481
0.624481
0.624481
0.624481
0.624481
0.624481
0.624481
0.624481
0.624481
0.624481
0.624481
0.624481
0.624481
0.624481
0.624481
0.624481
0.624481
0.624481
0.624481
0.624481
0.624481
0.624481
0.624481
0.624481
0.624481
0.624481
0.624481
0.624481
0.624481
0.624481
0.624481
0.624481
0.624481
0.624481
0.624481
0.624481
0.624481
0.624481
0.624481
0.624481
0.624481
0.624481
0.624481
0.624481
0.624481
0.624481
0.624481
0.624481
0.624481
0.624481
0.624481
0.624481
0.624481
0.624481
0.624481
0.624481
0.624481
0.624481
0.624481
0.624481
0.624481
0.624481
0.624481
0.624481
0.624481
0.624481
0.624481
0.624481
0.624481
0.624481
0.624481
0.624481
0.624481
0.624481
0.624481
0.624481
0.624481
0.624481
0.624481
0.624481
0.624481
0.624481
0.624481
0.624481
0.624481
0.624481
0.624481
0.624481
0.624481
0.624481
0.624481
0.624481
0.624481
0.624481
0.624481
0.624481
0.624481
0.624481
0.624481
0.624481
0.624481
0.624481
0.624481
0.624481
0.624481
0.624481
0.624481
0.624481
0.624481
0.624481
0.624481
0.624481
0.624481
0.624481
0.624481
0.624481
0.624481
0.624481
0.624481
0.624481
0.624481
0.624481
0.624481
0.624481
0.624481
0.624481
0.624481
0.624481
0.624481
0.624481
0.624481
0.624481
0.624481
0.624481
0.624481
0.624481
0.624481
0.624481
0.624481
0.624481
0.624481
0.624481
0.624481
0.624481
0.624253
0.624481
0.624481
0.624481
0.624481
0.624481
0.624481
0.624481
0.624481
0.624481
0.624481
0.624481
0.624481
0.624481
0.624481
0.624481
0.624481
0.624481
0.624481
0.624481
0.624481
0.624481
0.624481
0.624481
0.624481
0.624481
0.624481
0.624481
0.624481
0.624481
0.624442
0.624481
0.624481
0.624481
0.624481
0.624481
0.624481
0.624481
0.624481
0.624481
0.624481
0.624481
0.624481
0.624481
0.624481
0.624481
0.624481
0.624481
0.624481
0.624481
0.624481
0.624481
0.624481
0.624481
0.624481
0.624481
0.624481
0.624481
0.624481
0.624481
0.624481
0.624481
0.624481
0.624481
0.624481
0.624481
0.624481
0.624481
0.624481
0.624481
0.624481
0.624481
0.624481
0.624481
0.624481
0.624481
0.624481
0.624481
0.624481
0.624481
0.624481
0.624481
0.624481
0.624481
0.624481
0.624481
0.624481
0.624481
0.624481
0.624481
0.624481
0.624481
0.624481
0.624481
0.624481
0.624481
0.624481
0.624481
0.624481
0.624481
0.624481
0.624481
0.624481
0.624481
0.624481
0.624481
0.624481
0.624481
0.624481
0.624481
0.624459
0.624481
0.624481
0.624481
0.624481
0.624481
0.624481
0.624481
0.624481


0.0736703
0.111032
0.112027
0.112027
0.134146
0.158931
0.158931
0.166046
0.166957
0.166957
0.167546
0.167546
0.172739
0.187924
0.187924
0.20119
0.207459
0.214687
0.219338
0.23841
0.268612
0.266658
0.26898
0.293671
0.293671
0.295661
0.357713
0.43654
0.444058
0.444058
0.482343
0.482343
0.488802
0.529177
0.53455
0.584806
0.590538
0.597626
0.636126
0.638601
0.651372
0.666867
0.6763
0.695798
0.699587
0.714617
0.727479
0.730009
0.757758
0.785774
0.785774
0.794152
0.821271
0.833957
0.834926
0.860218
0.87517
0.882375
0.896694
0.910153
0.910153
0.918079
0.922597
0.922597
0.922597
0.923463
0.926722
0.938408
0.938408
0.939028
0.94397
0.955043
0.963601
0.965521
0.965521
0.966515
0.967329
0.968228
0.968367
0.969158
0.970725
0.973705
0.974954
0.975188
0.977396
0.977489
0.977957
0.977957
0.978412
0.978412
0.979215
0.980381
0.980567
0.98095
0.981021
0.981021
0.98114
0.981296
0.982204
0.982294
0.982594
0.982956
0.983176
0.983217
0.983511
0.983539
0.983811
0.983934
0.983971
0.984111
0.984399
0.984535
0.984561
0.984569
0.984797
0.985161
0.985198
0.985198
0.985222
0.985232
0.985254
0.985269
0.985305
0.985319
0.985393
0.985472
0.985494
0.985505
0.985505
0.985513
0.985537
0.985532
0.985532
0.985549
0.985618
0.985659
0.985659
0.985694
0.985694
0.98572
0.985725
0.985732
0.985732
0.985741
0.985741
0.985747
0.985751
0.985752
0.985757
0.985758
0.985771
0.985775
0.985775
0.985775
0.985775
0.985777
0.985777
0.985777
0.98578
0.985781
0.985781
0.985782
0.985782
0.985783
0.985783
0.985784
0.985789
0.985789
0.985789
0.98579
0.98579
0.98579
0.98579
0.985791
0.985791
0.985791
0.985792
0.985792
0.985792
0.985792
0.985792
0.985793
0.985793
0.985793
0.985793
0.985793
0.985793
0.985793
0.985794
0.985794
0.985794
0.985794
0.985794
0.985794
0.985794
0.985794
0.985794
0.985794
0.985794
0.985794
0.985794
0.985794
0.985794
0.985794
0.985794
0.985794
0.985794
0.985794
0.985795
0.985795
0.985795
0.985795
0.985795
0.985795
0.985795
0.985795
0.985795
0.985795
0.985795
0.985795
0.985795
0.985795
0.985795
0.985795
0.985795
0.985795
0.985795
0.985795
0.985795
0.9862
0.986591
0.986591
0.986591
0.986774
0.987243
0.987243
0.987243
0.987575
0.987575
0.987575
0.987575
0.98762
0.98762
0.98762
0.987724
0.987724
0.987724
0.987724
0.98775
0.98775
0.987887
0.987906
0.987906
0.987926
0.987949
0.988015
0.988023
0.988023
0.988023
0.98804
0.988121
0.988121
0.98815
0.98815
0.98815
0.98815
0.988172
0.988186
0.988186
0.988203
0.988206
0.988206
0.988229
0.98824
0.988242
0.988242
0.988252
0.988256
0.988258
0.988269
0.98827
0.988272
0.988275
0.988275
0.988275
0.988284
0.988284
0.988284
0.988286
0.98829
0.98829
0.988293
0.988296
0.988296
0.988297
0.9883
0.9883
0.9883
0.9883
0.988301
0.988301
0.988302
0.988302
0.988302
0.988302
0.988302
0.988303
0.988303
0.988303
0.988303
0.988303
0.988303
0.988304
0.988304
0.988304
0.988304
0.988304
0.988304
0.988305
0.988305
0.988305
0.988305
0.988305
0.988305
0.988305
0.988305
0.988305
0.988305
0.988305
0.988305
0.988305
0.988305
0.988305
0.988305
0.988306
0.988306
0.988306
0.988306
0.988306
0.988306
0.988306
0.988306
0.988306
0.988306
0.988306
0.988306
0.988306
0.988306
0.988306
0.988306
0.988306
0.988306
0.988306
0.988306
0.988306
0.988306
0.988306
0.988306
0.988306
0.988306
0.988306
0.988306
0.988306
0.988306
0.988306
0.988306
0.988306
0.988306
0.988306
0.988306
0.988306
0.988306
0.988306
0.988306
0.988306
0.988306
0.988306
0.988306
0.988306
0.988306
0.988306
0.988306
0.988306
0.988306
0.988306
0.988306
0.988306
0.988306
0.988306
0.988306
0.988306
0.988306
0.988306
0.988306
0.988306
0.988306
0.988306
0.988306
0.988306
0.988306
0.988306
0.988304
0.988306
0.988306
0.988306
0.988306
0.988306
0.988306
0.988306
0.988306
0.988306
0.988306
0.988306
0.988306
0.988306
0.988306
0.988306
0.988306
0.988306
0.988306
0.988306
0.988306
0.988306
0.988306
0.988306
0.988306
0.988306
0.988306
0.988306
0.988306
0.988306
0.988306
0.988306
0.988306
0.988306
0.988306
0.988306
0.988306
0.988306
0.988306
0.988306
0.988306
0.988306
0.988306
0.988306
0.988306
0.988306
0.988306
0.988306
0.988306
0.988306
0.988306
0.988306
0.988306
0.988306
0.988306
0.988306
0.988306
0.988306
0.988306
0.988306
0.988306
0.988306
0.988306
0.988306
0.988306
0.988306
0.988306
0.988306
0.988306
0.988306
0.988306
0.988306
0.988306
0.988306
0.988306
0.988306
0.988306
0.988306
0.988306
0.988306
0.988306
0.988306
0.988306
0.988306
0.988306
0.988306
0.988306
0.988306
0.988306
0.988306
0.988306
0.988306
0.988306
0.988306
0.988306
0.988306
0.988306
0.988306
0.988306


0.0744308
0.0799097
0.0916914
0.115491
0.115491
0.119194
0.127498
0.137101
0.140986
0.148705
0.158406
0.161759
0.177797
0.17919
0.18278
0.189414
0.189414
0.215583
0.219534
0.222735
0.233127
0.249854
0.26191
0.265691
0.283322
0.290085
0.301688
0.328037
0.328037
0.343717
0.355164
0.413233
0.413822
0.415227
0.418195
0.442553
0.487904
0.488615
0.522517
0.527963
0.533598
0.536544
0.540337
0.5406
0.540877
0.577827
0.578011
0.585951
0.585951
0.603787
0.603787
0.606763
0.606823
0.607725
0.611542
0.612345
0.616272
0.628652
0.631622
0.634436
0.634461
0.636561
0.637884
0.639651
0.642487
0.647172
0.647197
0.651131
0.654392
0.654533
0.655314
0.655728
0.656233
0.657723
0.657739
0.658267
0.658349
0.658839
0.659418
0.66046
0.661645
0.661646
0.661941
0.661941
0.662459
0.662467
0.662484
0.662484
0.662686
0.662786
0.663029
0.663123
0.663153
0.663286
0.663348
0.663348
0.663348
0.663446
0.663446
0.66345
0.663555
0.663556
0.663594
0.663644
0.663653
0.663704
0.663706
0.663706
0.663723
0.663792
0.663827
0.663831
0.663847
0.663848
0.663851
0.663875
0.66388
0.66388
0.663884
0.663885
0.663895
0.663896
0.6639
0.663901
0.663901
0.663901
0.66391
0.66391
0.663912
0.663913
0.663914
0.663914
0.663915
0.663916
0.663916
0.663917
0.663918
0.663918
0.663919
0.663919
0.663919
0.663919
0.663919
0.66392
0.66392
0.66392
0.66392
0.66392
0.66392
0.663921
0.663921
0.663921
0.663921
0.663921
0.663921
0.663921
0.663921
0.663921
0.663921
0.663921
0.663921
0.663921
0.663921
0.663922
0.663922
0.663922
0.663922
0.663922
0.663922
0.663922
0.663922
0.663922
0.663922
0.663922
0.663922
0.663922
0.663922
0.663922
0.663922
0.663922
0.663922
0.663922
0.663922
0.663922
0.663922
0.663922
0.663922
0.663922
0.663922
0.663922
0.663922
0.663922
0.663922
0.663922
0.663922
0.663922
0.663922
0.663922
0.663922
0.663922
0.663922
0.663922
0.663922
0.663922
0.663922
0.663922
0.663922
0.663922
0.663922
0.663922
0.663922
0.663922
0.663922
0.663922
0.663922
0.663922
0.663922
0.663922
0.663922
0.663922
0.663922
0.663922
0.663922
0.663922
0.663922
0.663922
0.663922
0.663922
0.663922
0.663922
0.667693
0.667849
0.668623
0.668623
0.668623
0.668721
0.671225
0.672811
0.673976
0.67515
0.675163
0.675345
0.675425
0.67785
0.67785
0.67919
0.681643
0.682181
0.682673
0.682673
0.707403
0.707403
0.707403
0.707403
0.707403
0.707403
0.707403
0.709748
0.709748
0.718329
0.718329
0.720356
0.720356
0.720356
0.721236
0.721236
0.723056
0.724033
0.724443
0.73209
0.747484
0.747484
0.754236
0.758668
0.767774
0.797772
0.797772
0.808042
0.808042
0.808042
0.808042
0.808042
0.808042
0.809283
0.809283
0.809283
0.81109
0.81109
0.81109
0.811234
0.811234
0.812573
0.812573
0.813342
0.813342
0.813342
0.813525
0.814933
0.815468
0.817078
0.81796
0.817973
0.817973
0.818159
0.818781
0.818781
0.818985
0.819082
0.819276
0.819423
0.819423
0.819472
0.819472
0.819537
0.819537
0.819537
0.820001
0.820001
0.820153
0.820327
0.820358
0.820388
0.820388
0.820445
0.820445
0.82057
0.820627
0.820768
0.820768
0.820824
0.820929
0.821038
0.821064
0.821152
0.821171
0.821238
0.821238
0.821659
0.822022
0.822281
0.82231
0.822919
0.823011
0.823371
0.824796
0.82558
0.826001
0.82632
0.828041
0.829782
0.831441
0.833616
0.835754
0.837803
0.839416
0.842077
0.843926
0.844556
0.844951
0.845778
0.845907
0.846151
0.846487
0.846487
0.846649
0.846649
0.846716
0.846917
0.847087
0.847308
0.847812
0.849126
0.84967
0.850859
0.853576
0.854935
0.859798
0.864261
0.867304
0.877564
0.880209
0.880209
0.882724
0.884909
0.885955
0.889943
0.892763
0.893026
0.893026
0.893051
0.893173
0.89319
0.89319
0.89319
0.893376
0.893418
0.893422
0.893422
0.893422
0.893422
0.893455
0.893515
0.893537
0.89356
0.893613
0.893644
0.893776
0.893836
0.89387
0.893879
0.893879
0.893873
0.893881
0.893881
0.893885
0.893885
0.893896
0.893896
0.893911
0.893921
0.893925
0.893936
0.893938
0.893941
0.893941
0.893941
0.893942
0.893942
0.893943
0.893943
0.893944
0.893945
0.893945
0.893945
0.893945
0.893945
0.893945
0.893946
0.893946
0.893946
0.893946
0.893946
0.893946
0.893947
0.893947
0.893947
0.893948
0.893948
0.893949
0.89395
0.893954
0.893956
0.893962
0.893964
0.893969
0.893975
0.893992
0.894005
0.894089
0.894994
0.894996
0.896418
0.897443
0.898407
0.898901
0.899808
0.900038
0.900124
0.904603
0.905239
0.905251
0.905207
0.905846
0.906169
0.906169
0.907125
0.907335
0.907989
0.908682
0.90978
0.910341
0.910531
0.910737
0.911732
0.911732
0.914942
0.916135
0.916248
0.918825
0.921699
0.922292
0.924648
0.924648
0.952131
0.959127
0.959127
0.959255
0.960159
0.960178
0.960178


0.0984843
0.0999329
0.102724
0.150544
0.150544
0.150544
0.151224
0.157751
0.20406
0.215461
0.215461
0.21552
0.219828
0.221068
0.235456
0.242506
0.256835
0.264825
0.277906
0.277906
0.28737
0.311724
0.318733
0.330201
0.330225
0.342261
0.344044
0.350628
0.355292
0.393111
0.39563
0.394913
0.416321
0.418567
0.4683
0.469514
0.469514
0.476899
0.486461
0.487626
0.497323
0.512513
0.51364
0.524366
0.525929
0.536061
0.536559
0.541815
0.544194
0.557962
0.5587
0.57062
0.571295
0.581413
0.581413
0.58616
0.586754
0.597042
0.60153
0.602
0.604928
0.606622
0.606773
0.608968
0.610263
0.610263
0.610601
0.610813
0.613353
0.613718
0.613718
0.615184
0.61586
0.616005
0.616069
0.616858
0.616898
0.618474
0.618489
0.618489
0.618518
0.618812
0.619435
0.619435
0.61948
0.619621
0.619745
0.620124
0.620678
0.621107
0.621113
0.62093
0.621114
0.621114
0.621311
0.621311
0.621393
0.621417
0.621417
0.621486
0.621486
0.621655
0.621661
0.621814
0.621828
0.621856
0.621858
0.621862
0.621906
0.621955
0.621956
0.621977
0.621985
0.622021
0.622023
0.622023
0.622032
0.622033
0.622057
0.622071
0.622071
0.622072
0.622073
0.622103
0.622103
0.622103
0.622109
0.622109
0.62211
0.62212
0.62212
0.622126
0.622127
0.622127
0.622127
0.622146
0.622146
0.622149
0.622149
0.622149
0.622152
0.622152
0.622152
0.622158
0.622158
0.622162
0.622163
0.622166
0.622168
0.62217
0.62217
0.62217
0.62217
0.622172
0.622172
0.622172
0.622172
0.622172
0.622176
0.622176
0.622177
0.622178
0.622178
0.622179
0.622179
0.622181
0.622181
0.622181
0.622181
0.622181
0.622181
0.622181
0.622181
0.622182
0.622182
0.622182
0.622183
0.622183
0.622183
0.622183
0.622183
0.622183
0.622183
0.622183
0.622183
0.622183
0.622183
0.622183
0.622183
0.622183
0.622183
0.622183
0.622183
0.622183
0.622184
0.622184
0.622184
0.622184
0.622184
0.622184
0.622184
0.622184
0.622184
0.622184
0.622184
0.622184
0.622184
0.622184
0.622184
0.622184
0.622184
0.622184
0.622184
0.622184
0.622184
0.622184
0.622184
0.622184
0.622184
0.622184
0.622184
0.622184
0.622184
0.622184
0.622184
0.622184
0.622184
0.622184
0.622184
0.622184
0.622184
0.622184
0.622184
0.622184
0.622184
0.622184
0.622184
0.622184
0.622184
0.622184
0.622184
0.622184
0.622184
0.622184
0.622184
0.622184
0.622184
0.622184
0.622184
0.622184
0.622184
0.622184
0.622184
0.622184
0.622184
0.622184
0.622184
0.622184
0.622184
0.622184
0.622184
0.622184
0.622184
0.622184
0.622184
0.622184
0.622184
0.622184
0.622184
0.622184
0.622184
0.622184
0.622184
0.622184
0.622184
0.622184
0.622184
0.622184
0.622184
0.622184
0.622184
0.622184
0.622184
0.622184
0.622184
0.622184
0.622184
0.622184
0.622184
0.622184
0.622184
0.622184
0.622184
0.622184
0.622184
0.622184
0.622184
0.622184
0.622184
0.622184
0.622184
0.622184
0.622184
0.622184
0.622184
0.622184
0.622184
0.622184
0.622184
0.622184
0.622184
0.622184
0.622184
0.622184
0.622184
0.622184
0.622184
0.622184
0.622184
0.622184
0.622184
0.622184
0.622184
0.622184
0.622184
0.622184
0.622184
0.622184
0.622184
0.622184
0.622184
0.622184
0.622184
0.622184
0.622184
0.622184
0.622184
0.622184
0.622184
0.622184
0.622184
0.622184
0.622184
0.622184
0.622184
0.622184
0.622184
0.622184
0.622184
0.622184
0.622184
0.622184
0.622184
0.622184
0.622184
0.622184
0.622184
0.622184
0.622184
0.622184
0.622184
0.622184
0.622184
0.622184
0.622184
0.622184
0.622184
0.622184
0.622184
0.622184
0.622184
0.622184
0.622184
0.622184
0.622184
0.622184
0.622184
0.622184
0.622184
0.622184
0.622184
0.622184
0.622184
0.622184
0.622184
0.622184
0.622184
0.622184
0.622184
0.622184
0.622184
0.622184
0.622184
0.622184
0.622184
0.622184
0.622184
0.622184
0.622184
0.622184
0.622184
0.622184
0.622184
0.622184
0.622184
0.622184
0.622184
0.622184
0.622184
0.622184
0.622184
0.622184
0.622184
0.622184
0.622184
0.622184
0.622184
0.622184
0.622184
0.622184
0.622184
0.622181
0.622184
0.622184
0.622184
0.622184
0.622184
0.622184
0.622184
0.622184
0.622184
0.622184
0.622184
0.622184
0.622184
0.622184
0.622184
0.622184
0.622184
0.622184
0.622184
0.622184
0.622184
0.622184
0.622184
0.622184
0.622184
0.622184
0.622184
0.622184
0.622184
0.622184
0.622184
0.622184
0.622184
0.622184
0.622184
0.622184
0.622184
0.622184
0.622184
0.622184
0.622184
0.622184
0.622184
0.622184
0.622184
0.622184
0.622184
0.622184
0.622184
0.622184
0.622184
0.622184
0.622184
0.622184
0.622184
0.622184
0.622184
0.622184
0.622184
0.622184
0.622184
0.622184
0.622184
0.622184
0.622184
0.622184
0.622184
0.622184
0.622184
0.622184
0.622184
0.622184
0.622184
0.622184
0.622184
0.622184
0.622184
0.622184


0.0775419
0.0997938
0.10467
0.105552
0.132385
0.132759
0.15749
0.15749
0.15749
0.164949
0.179123
0.193346
0.193346
0.218747
0.218747
0.226308
0.252141
0.256504
0.25663
0.284287
0.301868
0.307433
0.315353
0.32826
0.335147
0.336368
0.366386
0.369148
0.382499
0.410434
0.433354
0.411439
0.45872
0.460417
0.460734
0.467199
0.467885
0.477571
0.494069
0.494069
0.499961
0.50047
0.505105
0.514376
0.517755
0.520362
0.530875
0.533722
0.540524
0.557828
0.557828
0.558025
0.55926
0.565172
0.565738
0.566748
0.572903
0.574333
0.586422
0.590467
0.591133
0.596694
0.602212
0.602908
0.605689
0.613515
0.614027
0.620469
0.620469
0.625858
0.627254
0.628121
0.630669
0.634539
0.634539
0.637552
0.638279
0.639064
0.64252
0.642671
0.644919
0.642916
0.643842
0.64734
0.647961
0.650101
0.650122
0.651626
0.651626
0.651626
0.651917
0.652003
0.652459
0.652561
0.652647
0.653073
0.653258
0.653812
0.653812
0.655147
0.655162
0.655206
0.655279
0.655347
0.655391
0.655543
0.655804
0.656052
0.656064
0.656137
0.656137
0.656183
0.656307
0.656384
0.656402
0.656431
0.656453
0.656483
0.656538
0.656573
0.656639
0.656645
0.65666
0.656686
0.656686
0.656704
0.656704
0.65671
0.656771
0.6568
0.656818
0.656839
0.656898
0.656898
0.656917
0.656917
0.656929
0.678105
0.678106
0.685123
0.685124
0.687893
0.698671
0.70447
0.70447
0.704472
0.704477
0.710649
0.714984
0.716037
0.716037
0.716038
0.716038
0.716336
0.721689
0.728327
0.728327
0.728329
0.728329
0.728329
0.728906
0.728576
0.72881
0.72881
0.728811
0.729534
0.730821
0.7326
0.732725
0.732725
0.733813
0.734763
0.735184
0.735337
0.738693
0.739595
0.743009
0.743218
0.743887
0.743887
0.746888
0.747422
0.749221
0.749221
0.749221
0.74925
0.753014
0.754602
0.757651
0.757651
0.758959
0.75996
0.75996
0.75996
0.760329
0.761296
0.761296
0.761296
0.76171
0.76171
0.761958
0.761497
0.762432
0.762432
0.762432
0.762767
0.76425
0.76425
0.764523
0.764523
0.765128
0.764724
0.765299
0.765299
0.765884
0.765884
0.766328
0.766328
0.766328
0.766366
0.766544
0.766958
0.766958
0.766958
0.766958
0.766958
0.767023
0.767114
0.767114
0.767114
0.76715
0.767182
0.767223
0.767236
0.767237
0.767278
0.767334
0.767334
0.767431
0.767505
0.767683
0.767798
0.767866
0.767966
0.768114
0.768114
0.768142
0.768142
0.768239
0.768321
0.768366
0.768467
0.768511
0.768557
0.768637
0.768759
0.76878
0.768848
0.768854
0.768866
0.768986
0.769089
0.76911
0.769113
0.769169
0.769221
0.769255
0.769256
0.769269
0.769269
0.769293
0.769287
0.769294
0.769294
0.769294
0.769294
0.769295
0.769303
0.769303
0.769307
0.769308
0.769308
0.769308
0.769313
0.769313
0.769313
0.769314
0.769332
0.769348
0.769356
0.769372
0.769391
0.76944
0.769506
0.769604
0.769622
0.76965
0.769707
0.769742
0.769775
0.769842
0.769842
0.769842
0.769859
0.769871
0.769889
0.769893
0.769898
0.7699
0.769908
0.769917
0.769918
0.769921
0.769924
0.769929
0.769929
0.769934
0.769934
0.769934
0.769935
0.769935
0.769937
0.769938
0.76994
0.769946
0.769963
0.769972
0.769985
0.770024
0.770047
0.770071
0.770146
0.770171
0.770171
0.770201
0.770219
0.770241
0.770254
0.77026
0.770262
0.770273
0.770277
0.77028
0.77028
0.77028
0.77028
0.770281
0.770284
0.770289
0.770297
0.770304
0.77031
0.77031
0.77031
0.77031
0.77031
0.77031
0.770312
0.770312
0.770315
0.770323
0.770327
0.770327
0.770328
0.770329
0.770329
0.770329
0.77033
0.77033
0.77033
0.77033
0.77033
0.77033
0.77033
0.770331
0.770331
0.770331
0.770331
0.770331
0.770331
0.770332
0.770332
0.770333
0.770337
0.770353
0.770363
0.770398
0.770399
0.770403
0.770406
0.770406
0.770406
0.770406
0.770406
0.770406
0.770406
0.770406
0.770407
0.770408
0.770408
0.770408
0.770408
0.770408
0.770408
0.770408
0.770408
0.770408
0.770408
0.770408
0.770408
0.770408
0.770408
0.770408
0.770408
0.770408
0.770408
0.770408
0.770408
0.770408
0.770408
0.770408
0.770408
0.770408
0.770408
0.770408
0.770408
0.770408
0.770408
0.770408
0.770408
0.770408
0.770408
0.770408
0.770408
0.770408
0.770408
0.770408
0.770408
0.770408
0.770408
0.770408
0.770408
0.770408
0.770409
0.770412
0.770432
0.770432
0.770432
0.770432
0.770432
0.770432
0.770432
0.770432
0.770432
0.770432
0.770432
0.770442
0.770442
0.770443
0.770445
0.770446
0.770446
0.770447
0.770449
0.77045
0.77045
0.770451
0.770453
0.770453
0.770453
0.770453
0.770453
0.770453
0.770453
0.770453
0.770453
0.770453
0.770453
0.770453
0.770455
0.770458
0.770458
0.770458
0.770459
0.770459
0.770459
0.770459
0.770459
0.770459
0.770459
0.770459
0.770459
0.770459
0.770459
0.770459
0.770459
0.770459
0.770459
0.770459
0.770459


0.0782625
0.0880187
0.108623
0.112453
0.132828
0.132828
0.146949
0.157668
0.169845
0.200217
0.200721
0.225336
0.234308
0.235826
0.281598
0.281603
0.296427
0.31589
0.31589
0.339001
0.339103
0.360472
0.383622
0.401418
0.408899
0.446011
0.452386
0.478247
0.486774
0.489028
0.533852
0.550946
0.561304
0.570973
0.570973
0.583274
0.583274
0.586208
0.586208
0.595008
0.604649
0.626552
0.626834
0.627353
0.642856
0.644263
0.65584
0.657335
0.658945
0.661325
0.670951
0.700825
0.705356
0.709778
0.726555
0.743813
0.74432
0.745744
0.746992
0.74907
0.749353
0.752443
0.761218
0.787341
0.794083
0.794083
0.806115
0.808092
0.822354
0.822354
0.823413
0.822592
0.823539
0.826511
0.832196
0.83522
0.836842
0.84689
0.850111
0.850473
0.856145
0.856525
0.857194
0.862
0.862166
0.864392
0.866228
0.86696
0.867403
0.871526
0.872878
0.87387
0.877818
0.879474
0.900257
0.913851
0.914705
0.918137
0.918187
0.925238
0.929793
0.92993
0.93647
0.946346
0.946556
0.946556
0.946556
0.946565
0.947704
0.947752
0.948179
0.9482
0.948589
0.949882
0.951327
0.951328
0.951705
0.951705
0.953986
0.953988
0.953995
0.956986
0.958047
0.958049
0.958656
0.958694
0.958694
0.958698
0.959318
0.960754
0.960757
0.96076
0.961552
0.961556
0.961556
0.961558
0.961559
0.96156
0.961594
0.961594
0.963208
0.963595
0.964316
0.96628
0.967072
0.967427
0.967492
0.968339
0.968339
0.96834
0.968776
0.968953
0.969394
0.971091
0.971666
0.971666
0.971666
0.971706
0.971864
0.971864
0.971864
0.971738
0.971763
0.972163
0.972163
0.972282
0.97261
0.97261
0.972992
0.972992
0.973268
0.972982
0.972982
0.973878
0.973878
0.973995
0.973995
0.974269
0.974269
0.974269
0.974269
0.974468
0.974659
0.974659
0.974669
0.97473
0.974742
0.974742
0.974816
0.974816
0.974816
0.974931
0.975058
0.975074
0.975081
0.97514
0.97514
0.97514
0.97514
0.97516
0.975202
0.975233
0.975233
0.975253
0.975266
0.97528
0.975295
0.975313
0.975322
0.975322
0.975325
0.975327
0.975327
0.975328
0.975333
0.975339
0.975342
0.975541
0.975553
0.975553
0.975585
0.975585
0.975585
0.975621
0.975621
0.975621
0.975621
0.975631
0.975631
0.975637
0.975637
0.975635
0.975645
0.975661
0.975661
0.975661
0.975665
0.975665
0.975665
0.975679
0.975684
0.975688
0.975691
0.975713
0.975713
0.97572
0.975726
0.975729
0.97573
0.975731
0.975734
0.975734
0.975734
0.975738
0.975738
0.97574
0.975743
0.975747
0.975747
0.975747
0.975748
0.97576
0.975797
0.975807
0.975807
0.975809
0.975819
0.975821
0.975821
0.975822
0.975824
0.975826
0.97583
0.97583
0.97583
0.975832
0.975832
0.975836
0.975838
0.975856
0.975872
0.975889
0.975919
0.975941
0.976084
0.976286
0.976556
0.976653
0.976653
0.976654
0.976654
0.976654
0.976688
0.976688
0.976688
0.976688
0.976688
0.976688
0.976688
0.976688
0.976749
0.976679
0.976679
0.976679
0.976689
0.976689
0.976689
0.97673
0.97673
0.97673
0.976748
0.976693
0.976693
0.976711
0.976711
0.976711
0.976711
0.976711
0.976711
0.976727
0.976727
0.976711
0.976711
0.976715
0.976765
0.976765
0.976765
0.976765
0.976854
0.976854
0.976854
0.976816
0.976816
0.976816
0.976821
0.976821
0.976821
0.976824
0.976824
0.976824
0.976843
0.976843
0.976844
0.976844
0.976846
0.97686
0.976863
0.976869
0.976869
0.976871
0.976871
0.976874
0.976879
0.976882
0.976882
0.976882
0.976883
0.976888
0.976889
0.976889
0.976926
0.976926
0.976944
0.976944
0.97696
0.97696
0.976965
0.976965
0.976965
0.976965
0.976965
0.976968
0.976968
0.976968
0.976968
0.97697
0.976971
0.976971
0.976971
0.976971
0.976971
0.976971
0.976973
0.976973
0.976974
0.976974
0.976974
0.976977
0.976977
0.976978
0.976978
0.976981
0.976981
0.976981
0.976982
0.976982
0.976985
0.976985
0.976986
0.976986
0.976986
0.976985
0.976986
0.976986
0.976986
0.97699
0.97699
0.97699
0.976992
0.976993
0.976993
0.976993
0.976993
0.976993
0.976993
0.976994
0.976994
0.976994
0.976996
0.976997
0.976997
0.976998
0.976998
0.976998
0.976998
0.976998
0.976999
0.976999
0.976999
0.977
0.977
0.976999
0.976999
0.976999
0.977
0.977
0.977
0.977
0.977
0.977
0.977
0.977
0.977
0.977
0.977
0.977
0.977
0.977
0.977001
0.977001
0.977001
0.977002
0.977002
0.977002
0.977002
0.977002
0.977002
0.977002
0.977002
0.977002
0.977002
0.977003
0.977003
0.977003
0.977003
0.977003
0.977003
0.977004
0.977004
0.977004
0.977004
0.977004
0.977004
0.977004
0.977004
0.977004
0.977004
0.977004
0.977004
0.977004
0.977004
0.977004
0.977004
0.977004
0.977004
0.977004
0.977005
0.977005
0.977005
0.977005
0.977005
0.977005
0.977005
0.977005
0.977005
0.977005
0.977005
0.977005
0.977005
0.977005


0.0844639
0.0987154
0.10067
0.124906
0.124906
0.157272
0.172611
0.175473
0.231085
0.241535
0.273256
0.261817
0.287071
0.296466
0.332134
0.343802
0.343896
0.343899
0.414914
0.414914
0.442851
0.464161
0.496148
0.507808
0.509116
0.51851
0.531766
0.553656
0.565478
0.613828
0.630067
0.661483
0.696985
0.704779
0.710601
0.723267
0.724143
0.737827
0.747589
0.757053
0.759099
0.764036
0.769805
0.775136
0.787395
0.794328
0.804115
0.813676
0.816097
0.817505
0.826259
0.826259
0.832786
0.84107
0.842441
0.844133
0.847395
0.848187
0.849402
0.851701
0.85267
0.85502
0.856257
0.857645
0.858284
0.862004
0.863499
0.863797
0.86568
0.865973
0.866871
0.867412
0.868652
0.869447
0.869805
0.870556
0.871081
0.871636
0.871837
0.871895
0.871895
0.872308
0.872365
0.87247
0.873125
0.873168
0.873346
0.873479
0.873529
0.873832
0.873884
0.873924
0.874014
0.874061
0.874213
0.874299
0.874423
0.874432
0.874441
0.874449
0.874506
0.874558
0.874586
0.874601
0.874606
0.874681
0.874681
0.874698
0.874735
0.874746
0.874751
0.874762
0.874764
0.874769
0.874794
0.874801
0.874812
0.874816
0.87482
0.87482
0.874821
0.874822
0.87483
0.874832
0.874838
0.874841
0.874842
0.874843
0.874846
0.874851
0.874852
0.874854
0.874856
0.874859
0.874861
0.874862
0.874862
0.874865
0.874865
0.874865
0.874865
0.874865
0.874866
0.874866
0.874866
0.874867
0.874867
0.874867
0.874867
0.874867
0.874868
0.874868
0.874868
0.874868
0.874868
0.874868
0.874868
0.874868
0.874869
0.874869
0.874869
0.874869
0.874869
0.874869
0.874869
0.874869
0.874869
0.874869
0.874869
0.874869
0.874869
0.874869
0.874869
0.874869
0.874869
0.874869
0.874869
0.874869
0.874869
0.874869
0.874869
0.874869
0.874869
0.874869
0.874869
0.874869
0.874869
0.874869
0.874869
0.874869
0.874869
0.874869
0.874869
0.874869
0.874869
0.874869
0.874869
0.874869
0.874869
0.874869
0.874869
0.874869
0.874869
0.874869
0.874869
0.874869
0.874869
0.874869
0.874869
0.874869
0.874869
0.874869
0.874869
0.874869
0.874869
0.874869
0.874869
0.874869
0.874869
0.874869
0.874869
0.874869
0.874869
0.874869
0.874869
0.874869
0.874869
0.874869
0.874869
0.874869
0.874869
0.874869
0.874869
0.874869
0.874869
0.874869
0.874869
0.874869
0.874869
0.874869
0.874869
0.874869
0.874869
0.874869
0.874869
0.874869
0.874869
0.874869
0.874869
0.874869
0.874869
0.874869
0.874869
0.874869
0.874869
0.874869
0.874869
0.874869
0.874869
0.874869
0.874869
0.874869
0.874869
0.874869
0.874869
0.874869
0.874869
0.874869
0.874869
0.874869
0.874869
0.874869
0.874869
0.874869
0.874869
0.874869
0.874869
0.874869
0.874869
0.874869
0.874869
0.874869
0.874869
0.874869
0.874869
0.874869
0.874869
0.874869
0.874869
0.874869
0.874869
0.874869
0.874869
0.874869
0.874869
0.874869
0.874869
0.874869
0.874869
0.874869
0.874869
0.874869
0.874869
0.874869
0.874869
0.874869
0.874869
0.874869
0.874869
0.874869
0.874869
0.874869
0.874869
0.874869
0.874869
0.874869
0.874869
0.874869
0.874869
0.874869
0.874869
0.874869
0.874869
0.874869
0.874869
0.874869
0.874869
0.874869
0.874869
0.874869
0.874869
0.874869
0.874869
0.874869
0.874869
0.874869
0.874869
0.874869
0.874869
0.874869
0.874869
0.874869
0.874869
0.874869
0.874869
0.874869
0.874869
0.874869
0.874869
0.874869
0.874869
0.874869
0.874869
0.874869
0.874869
0.874869
0.874869
0.874869
0.874869
0.874869
0.874869
0.874869
0.874869
0.874869
0.874869
0.874869
0.874869
0.874869
0.874869
0.874869
0.874869
0.874869
0.874869
0.874869
0.874869
0.874869
0.874869
0.874869
0.874869
0.874869
0.874869
0.874869
0.874869
0.874869
0.874869
0.874869
0.874869
0.874869
0.874869
0.874869
0.874869
0.874869
0.874869
0.874869
0.874869
0.874869
0.874869
0.874869
0.874869
0.874869
0.874869
0.874867
0.874869
0.874869
0.874869
0.874869
0.874869
0.874869
0.874869
0.874869
0.874869
0.874869
0.874869
0.874869
0.874869
0.874869
0.874869
0.874869
0.874869
0.874869
0.874869
0.874869
0.874869
0.874869
0.874869
0.874869
0.874869
0.874869
0.874869
0.874869
0.874869
0.874869
0.874869
0.874869
0.874869
0.874869
0.874869
0.874869
0.874869
0.874869
0.874869
0.874869
0.874869
0.874869
0.874869
0.874869
0.874869
0.874869
0.874869
0.874869
0.874869
0.874671
0.874869
0.874869
0.874869
0.874869
0.874869
0.874869
0.874869
0.874869
0.874869
0.874869
0.874869
0.874869
0.874869
0.874869
0.874869
0.874869
0.874869
0.874869
0.874869
0.874869
0.874869
0.874869
0.874869
0.874869
0.874869
0.874869
0.874869
0.874869
0.874869
0.874869
0.874869
0.874869
0.874869
0.874869
0.874869
0.874869
0.874869
0.874869
0.874869
0.874869
0.874869
0.874869
0.874869
0.874869
0.874869
0.874869
0.874869
0.874869


0.0772756
0.0842439
0.0900698
0.100802
0.100802
0.110123
0.114648
0.114648
0.117051
0.119259
0.140525
0.143384
0.19456
0.20071
0.216383
0.223287
0.22968
0.235968
0.284896
0.284896
0.293421
0.298653
0.311958
0.318815
0.335735
0.381757
0.402612
0.40515
0.410418
0.413266
0.433406
0.435607
0.443299
0.455452
0.457687
0.465185
0.469144
0.489959
0.489959
0.492706
0.494326
0.495359
0.495837
0.516024
0.516304
0.516352
0.516493
0.51795
0.518305
0.522
0.522025
0.525396
0.527913
0.528532
0.534026
0.534026
0.534088
0.534294
0.535137
0.535137
0.53555
0.536105
0.539238
0.543622
0.547633
0.547633
0.547899
0.549258
0.549549
0.550572
0.550574
0.553081
0.553094
0.554797
0.55483
0.55483
0.554849
0.554998
0.555214
0.555848
0.556263
0.556653
0.556653
0.556778
0.556882
0.557215
0.557336
0.557336
0.557427
0.557427
0.557428
0.557485
0.557514
0.557583
0.55765
0.55765
0.55767
0.55767
0.557766
0.557776
0.557776
0.55782
0.557828
0.557858
0.557887
0.557888
0.557908
0.55791
0.557912
0.557926
0.55795
0.55795
0.55795
0.557951
0.557984
0.557984
0.557985
0.55799
0.557997
0.558009
0.55801
0.55801
0.558026
0.55803
0.558033
0.558033
0.558037
0.558037
0.55804
0.55804
0.55804
0.558041
0.558041
0.55805
0.582628
0.582628
0.582628
0.582628
0.582628
0.582628
0.582628
0.591228
0.591228
0.591228
0.591228
0.59566
0.599591
0.599591
0.604733
0.610184
0.616249
0.647294
0.647463
0.647463
0.647997
0.649005
0.652807
0.652815
0.65957
0.661261
0.664201
0.664201
0.664335
0.664692
0.666561
0.670833
0.671481
0.671481
0.674136
0.67477
0.67477
0.675753
0.67657
0.683744
0.691726
0.695373
0.705035
0.711828
0.712517
0.749906
0.765051
0.781709
0.781709
0.800465
0.807913
0.810992
0.810992
0.810992
0.820155
0.821949
0.825898
0.829876
0.831348
0.836635
0.839633
0.839633
0.839633
0.840099
0.841894
0.84256
0.843185
0.843185
0.845479
0.845835
0.847973
0.84928
0.852909
0.853169
0.85337
0.854812
0.855268
0.855268
0.855469
0.857528
0.859215
0.860882
0.862941
0.864123
0.86483
0.86483
0.865065
0.866835
0.867474
0.868726
0.869332
0.869614
0.870151
0.871966
0.874019
0.874613
0.874613
0.874792
0.874953
0.87561
0.876406
0.877614
0.878428
0.878753
0.879121
0.879433
0.87966
0.879772
0.879952
0.880445
0.880818
0.880896
0.881069
0.881258
0.881507
0.881625
0.881874
0.882022
0.882469
0.883342
0.884669
0.88556
0.886726
0.887443
0.88789
0.888212
0.888655
0.892451
0.898728
0.902044
0.903603
0.904916
0.906258
0.90676
0.906936
0.907401
0.908983
0.910599
0.911877
0.913016
0.916361
0.923073
0.923078
0.924154
0.924155
0.926568
0.930786
0.93613
0.937706
0.937826
0.93783
0.937989
0.937989
0.93852
0.940129
0.940246
0.94025
0.940712
0.940714
0.941326
0.941331
0.941904
0.942173
0.942606
0.943105
0.943447
0.943662
0.944527
0.944976
0.945705
0.94612
0.94636
0.9465
0.946687
0.94714
0.947864
0.948307
0.948526
0.948993
0.95016
0.950664
0.95196
0.95196
0.952054
0.952057
0.952268
0.952816
0.952864
0.953581
0.954385
0.954799
0.955164
0.955498
0.95578
0.955903
0.95596
0.955988
0.956099
0.95622
0.956406
0.956587
0.956815
0.957286
0.958177
0.960259
0.961435
0.962504
0.96264
0.96264
0.962877
0.963064
0.963128
0.964307
0.965176
0.965969
0.967936
0.968009
0.968009
0.97005
0.971266
0.971521
0.971529
0.972948
0.973091
0.973122
0.9732
0.9732
0.973903
0.974207
0.974538
0.974595
0.974824
0.974919
0.974919
0.974919
0.975062
0.975224
0.975378
0.975444
0.976143
0.976231
0.976231
0.976231
0.976231
0.976231
0.976858
0.976858
0.977947
0.978645
0.979381
0.979664
0.979664
0.97976
0.980886
0.981683
0.981808
0.981808
0.982044
0.982152
0.982202
0.982225
0.983332
0.983839
0.983839
0.983927
0.984105
0.984181
0.98453
0.984667
0.985351
0.985868
0.986179
0.986329
0.986329
0.986376
0.986512
0.986543
0.986605
0.986649
0.986656
0.986753
0.987156
0.987277
0.987356
0.987479
0.987514
0.987589
0.98764
0.987642
0.987642
0.987754
0.987754
0.987754
0.987767
0.987772
0.987803
0.98781
0.987802
0.987836
0.987843
0.987915
0.988059
0.988166
0.988232
0.988246
0.988298
0.98835
0.988384
0.988447
0.988478
0.988559
0.989114
0.989114
0.989308
0.989308
0.989378
0.989416
0.989452
0.989502
0.989578
0.989595
0.989698
0.989698
0.989698
0.989781
0.989781
0.989781
0.98973
0.9898
0.9898
0.9898
0.989803
0.98982
0.989824
0.989824
0.989826
0.989834
0.989849
0.989859
0.989862
0.989865
0.989865
0.989907
0.989907
0.989909
0.989915
0.989926
0.989958
0.990013
0.990023
0.990023
0.990027
0.990038
0.990042
0.990116
0.990128
0.990297
0.990574
0.990954
0.990954
0.990974
0.991094
0.991094
0.991094
0.991147
0.991147


0.104074
0.105315
0.109802
0.123063
0.127788
0.134867
0.141407
0.158244
0.163905
0.178851
0.179529
0.181006
0.186645
0.245285
0.268565
0.285471
0.285755
0.287028
0.28995
0.313992
0.313992
0.339447
0.405853
0.405853
0.41471
0.417575
0.452077
0.477687
0.49351
0.49433
0.500646
0.508183
0.508183
0.514729
0.518097
0.555268
0.577416
0.578557
0.579555
0.579555
0.586511
0.595538
0.597539
0.599212
0.603611
0.603771
0.60556
0.606441
0.608227
0.608301
0.60974
0.610353
0.610705
0.614398
0.614495
0.616635
0.616635
0.618694
0.619326
0.619326
0.619355
0.619819
0.619819
0.620367
0.620597
0.620765
0.621043
0.621043
0.621161
0.621161
0.62147
0.621762
0.621762
0.621785
0.622108
0.622333
0.622549
0.622821
0.622908
0.622947
0.623434
0.623421
0.623439
0.623537
0.623683
0.623802
0.623967
0.623973
0.62409
0.624273
0.624285
0.624383
0.624384
0.624392
0.624471
0.624556
0.624596
0.624596
0.624598
0.624605
0.624657
0.624676
0.624711
0.624715
0.624755
0.624755
0.624764
0.624771
0.624773
0.624797
0.624809
0.624809
0.624841
0.624849
0.624864
0.624864
0.624866
0.624866
0.624867
0.624868
0.624871
0.62488
0.62488
0.624888
0.624892
0.624892
0.624893
0.624893
0.624897
0.624897
0.624897
0.624898
0.624899
0.624904
0.624904
0.624904
0.624906
0.624908
0.624908
0.62491
0.62491
0.62491
0.624912
0.624912
0.624912
0.624913
0.624913
0.624913
0.624914
0.624914
0.624914
0.624914
0.624914
0.624914
0.624915
0.624915
0.624915
0.624915
0.624915
0.624915
0.624915
0.624915
0.624915
0.624916
0.624916
0.624916
0.624916
0.624916
0.624916
0.624916
0.624916
0.624916
0.624916
0.624916
0.624916
0.624916
0.624916
0.624916
0.624916
0.624916
0.624916
0.624916
0.624916
0.624916
0.624916
0.624916
0.624916
0.624916
0.624916
0.624916
0.624916
0.624916
0.624916
0.624916
0.624916
0.624916
0.624916
0.624916
0.624916
0.624916
0.624916
0.624916
0.624916
0.624916
0.624916
0.624916
0.624916
0.624916
0.624916
0.624916
0.624916
0.624916
0.624916
0.624916
0.624916
0.624916
0.624916
0.624916
0.624916
0.624916
0.624916
0.624916
0.624916
0.624916
0.624916
0.624916
0.624916
0.624916
0.624916
0.624916
0.624916
0.624916
0.624916
0.624916
0.624916
0.624916
0.624916
0.624916
0.624916
0.624916
0.624916
0.624916
0.624916
0.624916
0.624916
0.624916
0.624916
0.624916
0.624916
0.624916
0.624916
0.624916
0.624916
0.624916
0.624916
0.624916
0.624916
0.624916
0.624916
0.624916
0.624916
0.624916
0.624916
0.624916
0.624916
0.624916
0.624916
0.624916
0.624916
0.624916
0.624916
0.624916
0.624916
0.624916
0.624916
0.624916
0.624916
0.624916
0.624916
0.624916
0.624916
0.624916
0.624916
0.624916
0.624916
0.624916
0.624916
0.624916
0.624916
0.624916
0.624916
0.624916
0.624916
0.624916
0.624916
0.624916
0.624916
0.624916
0.624916
0.624916
0.624916
0.624916
0.624916
0.624916
0.624916
0.624916
0.624916
0.624916
0.624916
0.624916
0.624916
0.624916
0.624916
0.624916
0.624916
0.624916
0.624916
0.624916
0.624916
0.624916
0.624916
0.624916
0.624916
0.624916
0.624916
0.624916
0.624916
0.624916
0.624916
0.624916
0.624916
0.624916
0.624916
0.624916
0.624916
0.624916
0.624916
0.624916
0.624916
0.624916
0.624916
0.624916
0.624916
0.624916
0.624916
0.624916
0.624916
0.624916
0.624916
0.624916
0.624916
0.624916
0.624916
0.624916
0.624916
0.624916
0.624916
0.624916
0.624916
0.624916
0.624916
0.624916
0.624916
0.624916
0.624916
0.624916
0.624916
0.624916
0.624916
0.624916
0.624916
0.624916
0.624916
0.624916
0.624916
0.624916
0.624916
0.624916
0.624916
0.624916
0.624916
0.624916
0.624916
0.624916
0.624916
0.624916
0.624916
0.624916
0.624916
0.624916
0.624916
0.624916
0.624916
0.624916
0.624916
0.624916
0.624916
0.624916
0.624916
0.624916
0.624916
0.624916
0.624916
0.624916
0.624916
0.624916
0.624916
0.624916
0.624916
0.624916
0.624916
0.624916
0.624916
0.624916
0.624916
0.624916
0.624916
0.624916
0.624916
0.624916
0.624916
0.624916
0.624916
0.624916
0.624916
0.624916
0.624916
0.624916
0.624916
0.624916
0.624916
0.624916
0.624916
0.624916
0.624916
0.624916
0.624916
0.624916
0.624916
0.624916
0.624916
0.624916
0.624916
0.624916
0.624916
0.624916
0.624916
0.624916
0.624916
0.624916
0.624916
0.624916
0.624916
0.624916
0.624916
0.624916
0.624916
0.624916
0.624916
0.624916
0.624916
0.624916
0.624916
0.624916
0.624916
0.624916
0.624916
0.624916
0.624916
0.624916
0.624916
0.624916
0.624916
0.624916
0.624916
0.624916
0.624916
0.624916
0.624916
0.624916
0.624916
0.624916
0.624916
0.624916
0.624916
0.624916
0.624916
0.624916
0.624916
0.624916
0.624916
0.624916
0.624916
0.624916
0.624916
0.624916
0.624916
0.624916
0.624916
0.624916


0.0986683
0.0986683
0.108496
0.120714
0.125431
0.128368
0.131518
0.15639
0.170948
0.18033
0.203324
0.196197
0.275697
0.275697
0.299106
0.299106
0.36487
0.374068
0.377781
0.389489
0.406524
0.437627
0.444824
0.46111
0.46111
0.530356
0.530356
0.532208
0.555597
0.56863
0.568828
0.633034
0.636925
0.636925
0.647979
0.653662
0.66507
0.666
0.674556
0.674556
0.685635
0.695375
0.702152
0.7024
0.705746
0.707501
0.707586
0.711804
0.711997
0.715218
0.716927
0.734873
0.73701
0.739031
0.74075
0.75077
0.752754
0.758681
0.758782
0.758782
0.762024
0.762144
0.763298
0.763392
0.766113
0.76616
0.767196
0.768216
0.768216
0.768558
0.770494
0.770491
0.771267
0.771279
0.771601
0.772256
0.772304
0.77292
0.772981
0.773009
0.773055
0.773055
0.773539
0.773899
0.774003
0.774017
0.774174
0.774328
0.774328
0.774686
0.774702
0.774843
0.774927
0.77494
0.775061
0.775061
0.775083
0.775091
0.775151
0.775399
0.775402
0.775354
0.775417
0.775418
0.775437
0.77544
0.775462
0.775462
0.775516
0.775516
0.775527
0.775527
0.775544
0.775546
0.775559
0.775599
0.775599
0.775611
0.775656
0.775661
0.775661
0.775662
0.77567
0.775672
0.775683
0.775697
0.7757
0.7757
0.775703
0.775703
0.775704
0.77571
0.793242
0.795067
0.803648
0.803648
0.804579
0.804579
0.804582
0.804582
0.82237
0.818552
0.818555
0.818555
0.818555
0.832412
0.832412
0.832412
0.837345
0.837345
0.851852
0.867325
0.867327
0.867327
0.881925
0.899119
0.907953
0.912385
0.912385
0.914417
0.914417
0.909346
0.909346
0.909585
0.909586
0.910162
0.925273
0.925273
0.925273
0.927357
0.927357
0.934748
0.93493
0.936597
0.947719
0.947719
0.947719
0.947829
0.947829
0.948841
0.948842
0.948842
0.95382
0.95484
0.957554
0.960092
0.960092
0.961815
0.963921
0.963921
0.967296
0.969194
0.97177
0.972902
0.973978
0.9741
0.97486
0.975144
0.978668
0.978851
0.978851
0.981085
0.981085
0.981918
0.98328
0.984659
0.985744
0.986397
0.986397
0.986525
0.986525
0.988553
0.988576
0.98871
0.988808
0.989982
0.989982
0.990313
0.990324
0.990324
0.990414
0.990394
0.99083
0.990961
0.990961
0.990963
0.99169
0.991752
0.992007
0.992007
0.992345
0.992345
0.992387
0.992413
0.99261
0.99261
0.992748
0.992756
0.992757
0.992827
0.992854
0.99284
0.992939
0.992939
0.993012
0.993042
0.993094
0.993237
0.993237
0.993237
0.993237
0.99326
0.993315
0.993315
0.993364
0.993364
0.993364
0.993365
0.993365
0.993383
0.993383
0.993401
0.993402
0.993411
0.993414
0.993419
0.993424
0.993424
0.993437
0.993442
0.993442
0.993437
0.993443
0.993458
0.99346
0.993462
0.993465
0.993468
0.993469
0.993469
0.993473
0.993474
0.993479
0.993479
0.99348
0.993483
0.993483
0.993483
0.993483
0.993484
0.993485
0.993485
0.993485
0.993487
0.993488
0.993488
0.993488
0.993489
0.993489
0.993489
0.99349
0.99349
0.99349
0.99349
0.99349
0.993491
0.993491
0.993491
0.993491
0.993491
0.993492
0.993492
0.993492
0.993492
0.993492
0.993492
0.993492
0.993492
0.993492
0.993492
0.993492
0.993492
0.993492
0.993492
0.993492
0.993492
0.993492
0.993492
0.993492
0.993492
0.993492
0.993492
0.993492
0.993492
0.993492
0.993492
0.993492
0.993492
0.993492
0.993492
0.993492
0.993492
0.993492
0.993492
0.993492
0.993492
0.993492
0.993492
0.993492
0.993492
0.993492
0.993492
0.993492
0.993492
0.993492
0.993492
0.993492
0.993492
0.993492
0.993492
0.993492
0.993492
0.993492
0.993492
0.993492
0.993492
0.993492
0.993492
0.993492
0.993492
0.993492
0.993492
0.993492
0.993492
0.993492
0.993492
0.993492
0.993492
0.993492
0.993492
0.993492
0.993492
0.993492
0.993492
0.993492
0.993492
0.993492
0.993492
0.993492
0.993492
0.993492
0.993492
0.993492
0.993492
0.993492
0.993492
0.993492
0.993492
0.993492
0.993492
0.993492
0.993492
0.993492
0.993492
0.993492
0.993492
0.993492
0.993492
0.993492
0.993492
0.993492
0.993492
0.993492
0.993492
0.993492
0.993492
0.993492
0.993492
0.993492
0.993492
0.993492
0.993492
0.993492
0.993492
0.993492
0.993492
0.993492
0.993492
0.993492
0.993492
0.993492
0.993492
0.993492
0.993492
0.993492
0.993492
0.993492
0.993492
0.993492
0.993492
0.993492
0.993492
0.993492
0.993492
0.993492
0.993492
0.993492
0.993492
0.993492
0.993492
0.993492
0.993492
0.993492
0.993492
0.993492
0.993492
0.993492
0.993492
0.993492
0.993492
0.993492
0.993492
0.993492
0.993492
0.993492
0.993492
0.993492
0.993492
0.993492
0.993492
0.993492
0.993492
0.993492
0.993492
0.993492
0.993492
0.993492
0.993492
0.993492
0.993492
0.993492
0.993492
0.993492
0.993492
0.993492
0.993492
0.993492
0.993492
0.993492
0.993492
0.993492
0.993492
0.993492
0.993492
0.993492
0.993492
0.993492
0.993492
0.993492
0.993492


0.0831596
0.0955462
0.110645
0.11395
0.160474
0.160474
0.212883
0.226957
0.243926
0.248168
0.251959
0.263242
0.276748
0.285498
0.285583
0.310008
0.344061
0.366977
0.384451
0.387723
0.412497
0.454497
0.455016
0.460544
0.470261
0.493554
0.516236
0.529532
0.550529
0.565239
0.606597
0.626294
0.633486
0.638958
0.657861
0.672877
0.692245
0.695299
0.696228
0.710125
0.719751
0.736354
0.741996
0.753603
0.766181
0.766449
0.771878
0.77746
0.77746
0.784218
0.792448
0.798028
0.800097
0.801252
0.801407
0.810613
0.811503
0.8153
0.816893
0.817508
0.824463
0.82867
0.828681
0.828681
0.830304
0.832983
0.833462
0.83355
0.837436
0.840376
0.841656
0.843728
0.844042
0.844042
0.844241
0.844752
0.844889
0.845717
0.846131
0.847541
0.847541
0.847544
0.849694
0.849769
0.849777
0.850126
0.85014
0.850484
0.850844
0.850868
0.851125
0.851437
0.851437
0.851695
0.851756
0.851756
0.851816
0.851816
0.851817
0.851858
0.852019
0.852034
0.852121
0.852154
0.852175
0.85222
0.85229
0.852327
0.852333
0.852348
0.852351
0.852392
0.852447
0.852448
0.852448
0.852448
0.852449
0.852453
0.852458
0.852464
0.852465
0.852465
0.852474
0.852475
0.852478
0.85248
0.85249
0.85249
0.852502
0.852503
0.852514
0.852516
0.852518
0.852519
0.852526
0.852527
0.852528
0.852532
0.852532
0.852532
0.852532
0.852534
0.852535
0.852535
0.852536
0.852536
0.852536
0.852537
0.852538
0.852538
0.852538
0.852538
0.852538
0.852538
0.852539
0.852539
0.852539
0.852539
0.852539
0.85254
0.85254
0.85254
0.85254
0.85254
0.85254
0.85254
0.85254
0.85254
0.85254
0.85254
0.85254
0.85254
0.85254
0.85254
0.85254
0.85254
0.85254
0.85254
0.85254
0.85254
0.85254
0.85254
0.85254
0.852541
0.852541
0.852541
0.852541
0.852541
0.852541
0.852541
0.852541
0.852541
0.852541
0.852541
0.852541
0.852541
0.852541
0.852541
0.852541
0.852541
0.852541
0.852541
0.852541
0.852541
0.852541
0.852541
0.852541
0.852541
0.852541
0.852541
0.852541
0.852541
0.852541
0.852541
0.852541
0.852541
0.852541
0.852541
0.852541
0.852541
0.852541
0.852541
0.852541
0.852541
0.852541
0.852541
0.852541
0.852541
0.852541
0.852541
0.852541
0.852541
0.852541
0.852541
0.852541
0.852541
0.852541
0.852541
0.852541
0.852541
0.852541
0.852541
0.852541
0.852541
0.852541
0.852541
0.852541
0.852541
0.852541
0.852541
0.852541
0.852541
0.852541
0.852541
0.852541
0.852541
0.852541
0.852541
0.852541
0.852541
0.852541
0.852541
0.852541
0.852541
0.852541
0.852541
0.852541
0.852541
0.852541
0.852541
0.852541
0.852541
0.852541
0.852541
0.852541
0.852541
0.852541
0.852541
0.852541
0.852541
0.852541
0.852541
0.852541
0.852541
0.852541
0.852541
0.852541
0.852541
0.852541
0.852541
0.852541
0.852541
0.852541
0.852541
0.852541
0.852541
0.852541
0.852541
0.852541
0.852541
0.852541
0.852541
0.852541
0.852541
0.852541
0.852541
0.852541
0.852541
0.852541
0.852541
0.852541
0.852541
0.852541
0.852541
0.852541
0.852541
0.852541
0.852541
0.852541
0.852541
0.852541
0.852541
0.852541
0.852541
0.852541
0.852541
0.852541
0.852541
0.852541
0.852541
0.852541
0.852541
0.852541
0.852541
0.852541
0.852541
0.852541
0.852541
0.852541
0.852541
0.852541
0.852541
0.852541
0.852541
0.852541
0.852541
0.852541
0.852541
0.852541
0.852541
0.852541
0.852541
0.852541
0.852541
0.852541
0.852541
0.852541
0.852541
0.852541
0.852541
0.852541
0.852455
0.852541
0.852541
0.852541
0.852541
0.852541
0.852541
0.852541
0.852541
0.852541
0.852541
0.852541
0.852541
0.852541
0.852541
0.852541
0.852541
0.852541
0.852541
0.852541
0.852541
0.852541
0.852541
0.852541
0.852541
0.852541
0.852541
0.852541
0.852541
0.852541
0.852541
0.852541
0.852541
0.852541
0.852541
0.852541
0.852541
0.852541
0.852541
0.852541
0.852541
0.852541
0.852541
0.852541
0.852541
0.852541
0.852541
0.852541
0.852541
0.852541
0.852541
0.852541
0.852541
0.852541
0.852541
0.852541
0.852541
0.852541
0.852541
0.852541
0.852541
0.852541
0.852541
0.852541
0.852541
0.852541
0.852541
0.852541
0.852541
0.852541
0.852511
0.852541
0.852541
0.852541
0.852541
0.852541
0.852541
0.852541
0.852541
0.852541
0.852541
0.852541
0.852541
0.852541
0.852541
0.852541
0.852541
0.852541
0.852541
0.852541
0.852541
0.852541
0.852541
0.852541
0.852541
0.852541
0.852541
0.852541
0.852541
0.852541
0.852541
0.852541
0.852541
0.852541
0.852541
0.852541
0.852541
0.852541
0.852541
0.852541
0.852541
0.852541
0.852541
0.852541
0.852541
0.852541
0.852541
0.852541
0.852541
0.852541
0.852541
0.852541
0.852541
0.852541
0.852541
0.852541
0.852541
0.852541
0.852541
0.852541
0.852541
0.852541
0.852541
0.852541
0.852541
0.852541
0.852541
0.852541
0.852541


0.0737504
0.0840133
0.0942303
0.102035
0.109901
0.151832
0.160212
0.175745
0.179098
0.19059
0.194075
0.184501
0.195471
0.216183
0.223492
0.238271
0.241618
0.291465
0.306512
0.322597
0.324118
0.32656
0.34192
0.343983
0.363699
0.386727
0.4306
0.457306
0.463207
0.487962
0.500934
0.494286
0.496245
0.513044
0.513343
0.558718
0.562642
0.572174
0.572174
0.574699
0.584016
0.591966
0.595097
0.596038
0.607409
0.607409
0.609802
0.6172
0.619925
0.622209
0.636098
0.637051
0.639227
0.639227
0.641087
0.641334
0.641577
0.642266
0.644921
0.646156
0.647093
0.64802
0.64802
0.64953
0.651208
0.651942
0.651942
0.652587
0.653992
0.654608
0.654781
0.654979
0.655307
0.655462
0.656263
0.656517
0.656517
0.656839
0.657003
0.657188
0.657497
0.657758
0.657862
0.657946
0.657946
0.658039
0.658076
0.658134
0.658137
0.658252
0.658252
0.65831
0.658317
0.658364
0.658402
0.658404
0.658437
0.658438
0.658461
0.658464
0.658473
0.658494
0.658507
0.658507
0.658519
0.658523
0.658523
0.658525
0.658534
0.658537
0.658541
0.658544
0.65855
0.658553
0.658554
0.658555
0.658561
0.658563
0.658567
0.658568
0.658569
0.658569
0.65857
0.658576
0.658576
0.658579
0.65858
0.65858
0.658581
0.658581
0.658582
0.658582
0.658582
0.658583
0.658583
0.658583
0.658583
0.658584
0.658584
0.658584
0.658584
0.658584
0.658584
0.658584
0.658584
0.658584
0.658584
0.658584
0.658585
0.658585
0.658585
0.658585
0.658585
0.658585
0.658585
0.658585
0.658585
0.658585
0.658585
0.658585
0.658585
0.658585
0.658585
0.658585
0.658585
0.658585
0.658585
0.658585
0.658585
0.658585
0.658585
0.658585
0.658585
0.658585
0.658585
0.658585
0.658585
0.658585
0.658585
0.658585
0.666301
0.666301
0.672195
0.680899
0.680899
0.680899
0.681218
0.681218
0.681218
0.681218
0.709715
0.709715
0.709715
0.709715
0.709715
0.709715
0.709715
0.709715
0.709715
0.718524
0.725613
0.725249
0.729316
0.736093
0.737141
0.739054
0.740162
0.741697
0.743066
0.753029
0.765067
0.781228
0.794035
0.794225
0.797352
0.798512
0.800294
0.803007
0.806066
0.806066
0.80712
0.812625
0.81686
0.827788
0.844021
0.846929
0.848811
0.852096
0.853118
0.856148
0.856246
0.85682
0.864776
0.864776
0.87204
0.873177
0.873229
0.876006
0.876006
0.876158
0.878101
0.877368
0.888335
0.895773
0.897332
0.907025
0.908023
0.908023
0.916576
0.918163
0.918455
0.918007
0.91941
0.91941
0.91953
0.919594
0.919848
0.919929
0.921224
0.921316
0.921858
0.921862
0.922659
0.922659
0.92273
0.92273
0.923016
0.923024
0.92331
0.923358
0.923684
0.923528
0.923691
0.923977
0.92413
0.924246
0.926694
0.927717
0.927845
0.928441
0.929241
0.929506
0.932636
0.935604
0.936336
0.936336
0.936552
0.936555
0.936559
0.936756
0.938498
0.945355
0.945376
0.945376
0.945376
0.945799
0.94624
0.948811
0.948811
0.948813
0.948815
0.948395
0.948399
0.948485
0.948746
0.94884
0.949045
0.949825
0.949825
0.949827
0.950167
0.950944
0.953986
0.954042
0.956812
0.959613
0.959614
0.959615
0.959615
0.959615
0.959615
0.959615
0.959616
0.959616
0.95966
0.95966
0.959661
0.959797
0.959797
0.959797
0.959797
0.959935
0.959935
0.959939
0.960691
0.960872
0.960872
0.960913
0.961239
0.961239
0.961274
0.961435
0.961435
0.961478
0.961499
0.961931
0.961937
0.962003
0.962003
0.962036
0.962036
0.961959
0.962165
0.962466
0.962547
0.962565
0.962566
0.962566
0.962619
0.962917
0.962917
0.962917
0.962989
0.963061
0.963096
0.963443
0.963726
0.964135
0.964194
0.964194
0.964194
0.964272
0.964464
0.964541
0.964541
0.964541
0.964541
0.964551
0.964643
0.964753
0.965019
0.964804
0.964959
0.964998
0.964998
0.965123
0.965246
0.965246
0.965458
0.965458
0.965644
0.965714
0.965852
0.965852
0.965876
0.965956
0.965956
0.965968
0.965972
0.965981
0.966018
0.966014
0.966043
0.966043
0.966296
0.966296
0.966296
0.966296
0.966296
0.9663
0.966387
0.966387
0.966387
0.966405
0.966426
0.966426
0.966426
0.966432
0.966432
0.966436
0.966443
0.966484
0.966546
0.966546
0.966546
0.966552
0.966581
0.966631
0.966648
0.966656
0.966659
0.966673
0.96668
0.96669
0.966692
0.966693
0.966697
0.966702
0.966712
0.966712
0.966712
0.966721
0.966729
0.966733
0.966742
0.966748
0.966748
0.966748
0.966753
0.966753
0.96678
0.966767
0.966779
0.966779
0.966782
0.966792
0.966792
0.966792
0.966797
0.966797
0.966805
0.966806
0.966806
0.966806
0.966806
0.966808
0.966816
0.966816
0.966816
0.966818
0.96682
0.96682
0.966821
0.966821
0.966821
0.966821
0.966822
0.966822
0.966823
0.966825
0.966829
0.966828
0.96683
0.96683
0.96683
0.96683
0.96683
0.96683
0.96683
0.966831
0.966831
0.966832
0.966833
0.966834
0.966835
0.966835
0.966835
0.966835
0.966835
0.966836


0.0792313
0.0794632
0.0794736
0.0896171
0.109506
0.109837
0.110701
0.1219
0.143437
0.145424
0.150299
0.186655
0.194219
0.208418
0.221669
0.245699
0.252151
0.279386
0.291192
0.297818
0.297818
0.324535
0.324535
0.333795
0.356966
0.356966
0.412323
0.417643
0.448779
0.459758
0.476503
0.47213
0.482498
0.494082
0.524803
0.536674
0.536729
0.574056
0.580937
0.580937
0.606608
0.60795
0.639015
0.641434
0.668789
0.6708
0.683217
0.699448
0.705598
0.706862
0.712378
0.720286
0.766366
0.770683
0.770683
0.777673
0.781376
0.784287
0.794634
0.811451
0.829444
0.848634
0.848831
0.858399
0.861128
0.866443
0.870036
0.875783
0.875783
0.878189
0.879238
0.881376
0.881376
0.881761
0.883114
0.887141
0.887853
0.889438
0.889438
0.890101
0.891562
0.892136
0.892461
0.892714
0.893548
0.893848
0.894313
0.896414
0.896414
0.898134
0.898161
0.899392
0.899394
0.900564
0.900635
0.901605
0.901619
0.901622
0.901622
0.902385
0.902669
0.902682
0.902893
0.90331
0.903322
0.903497
0.904296
0.904306
0.904366
0.904369
0.904711
0.9051
0.905217
0.905427
0.905431
0.905474
0.905491
0.905581
0.905699
0.905772
0.905772
0.906017
0.906191
0.906193
0.906311
0.906423
0.906424
0.906424
0.906444
0.906444
0.906453
0.906468
0.906468
0.906495
0.906495
0.906495
0.906498
0.906501
0.906515
0.906515
0.906532
0.906521
0.906521
0.906546
0.906546
0.906559
0.906559
0.906559
0.906565
0.906565
0.906565
0.906569
0.906576
0.906577
0.906577
0.906586
0.906586
0.906586
0.906586
0.906586
0.90659
0.90659
0.90659
0.906596
0.906598
0.906598
0.906598
0.906598
0.9066
0.9066
0.9066
0.9066
0.906602
0.906602
0.906604
0.906604
0.906604
0.906604
0.906604
0.906604
0.906605
0.906605
0.906605
0.906606
0.906606
0.906606
0.906606
0.906606
0.906606
0.906606
0.906606
0.906606
0.906606
0.906606
0.906606
0.906606
0.906606
0.906607
0.906607
0.906607
0.906607
0.906607
0.906607
0.906607
0.906607
0.906607
0.906607
0.906607
0.906607
0.906607
0.906607
0.906607
0.906607
0.906607
0.906607
0.906607
0.906607
0.906607
0.906607
0.906607
0.906607
0.906607
0.906607
0.906607
0.906607
0.906607
0.906607
0.906607
0.906607
0.906607
0.906607
0.906607
0.906607
0.906607
0.906607
0.906607
0.906607
0.906607
0.906607
0.906607
0.906607
0.906607
0.906607
0.906607
0.906607
0.906607
0.906607
0.906607
0.906607
0.906607
0.906607
0.906607
0.906607
0.906607
0.906607
0.906607
0.906607
0.906607
0.906607
0.906607
0.906607
0.906607
0.906607
0.906607
0.906607
0.906607
0.906607
0.906607
0.906607
0.906607
0.906607
0.906607
0.906607
0.906607
0.906607
0.906607
0.906607
0.906607
0.906607
0.906607
0.906607
0.906607
0.906607
0.906607
0.906607
0.906607
0.906607
0.906607
0.906607
0.906607
0.906607
0.906607
0.906607
0.906607
0.906607
0.906607
0.906607
0.906607
0.906607
0.906607
0.906607
0.906607
0.906607
0.906607
0.906607
0.906607
0.906607
0.906607
0.906607
0.906607
0.906607
0.906607
0.906607
0.906607
0.906607
0.906607
0.906607
0.906607
0.906607
0.906607
0.906607
0.906607
0.906607
0.906607
0.906607
0.906607
0.906607
0.906607
0.906607
0.906607
0.906607
0.906607
0.906607
0.906607
0.906607
0.906607
0.906607
0.906607
0.906607
0.906607
0.906607
0.906607
0.906607
0.906607
0.906607
0.906607
0.906607
0.906607
0.906607
0.906607
0.906607
0.906607
0.906607
0.906607
0.906607
0.906607
0.906607
0.906607
0.906607
0.906607
0.906607
0.906607
0.906607
0.906607
0.906607
0.906607
0.906607
0.906607
0.906607
0.906607
0.906607
0.906607
0.906607
0.906607
0.906607
0.906607
0.906607
0.906607
0.906607
0.906607
0.906607
0.906607
0.906607
0.906607
0.906607
0.906607
0.906607
0.906607
0.906607
0.906607
0.906607
0.906607
0.906607
0.906607
0.906607
0.906607
0.906607
0.906607
0.906607
0.906607
0.906607
0.906607
0.906607
0.906607
0.906607
0.906607
0.906607
0.906607
0.906607
0.906607
0.906607
0.906607
0.906607
0.906607
0.906607
0.906607
0.906607
0.906607
0.906607
0.906607
0.906607
0.906607
0.906607
0.906607
0.906607
0.906607
0.906607
0.906607
0.906607
0.906607
0.906607
0.906607
0.906607
0.906607
0.906607
0.906607
0.906607
0.906607
0.906607
0.906607
0.906607
0.906607
0.906607
0.906607
0.906607
0.906607
0.906607
0.906607
0.906607
0.906607
0.906607
0.906607
0.906607
0.906607
0.906607
0.906607
0.906607
0.906607
0.906607
0.906607
0.906607
0.906607
0.906607
0.906607
0.906607
0.906607
0.906607
0.906607
0.906607
0.906607
0.906607
0.906607
0.906607
0.906607
0.906607
0.906607
0.906607
0.906607
0.906607
0.906607
0.906607
0.906607
0.906607
0.906607
0.906607
0.906607
0.906607
0.906607
0.906607
0.906607
0.906607
0.906607
0.906607
0.906607
0.906607
0.906607
0.906607
0.906607
0.906607
0.906607


0.079432
0.0889886
0.0889886
0.0921029
0.0935628
0.107476
0.140945
0.147607
0.153102
0.153782
0.164124
0.159553
0.173833
0.19024
0.195194
0.199714
0.203365
0.230025
0.249904
0.315573
0.320102
0.347962
0.347962
0.352803
0.364149
0.370971
0.373769
0.407796
0.427833
0.446497
0.452642
0.487404
0.567859
0.567859
0.589351
0.596765
0.598706
0.610059
0.615389
0.643682
0.666104
0.685067
0.692367
0.696532
0.703381
0.718179
0.769842
0.770098
0.784998
0.804175
0.806266
0.80384
0.840635
0.854629
0.866837
0.870458
0.87249
0.878623
0.892598
0.894037
0.901286
0.918964
0.9198
0.9198
0.931589
0.93282
0.940537
0.940537
0.946467
0.947285
0.951862
0.951956
0.954148
0.954148
0.954892
0.956011
0.958148
0.958148
0.959308
0.959394
0.959535
0.960385
0.961741
0.962632
0.96316
0.963235
0.963288
0.963905
0.964383
0.96461
0.964775
0.964825
0.96497
0.964992
0.965137
0.965309
0.965341
0.96539
0.96564
0.965832
0.965912
0.965861
0.965897
0.965975
0.966022
0.966028
0.966058
0.96607
0.966094
0.966117
0.966203
0.966283
0.966284
0.966284
0.96631
0.966329
0.966332
0.966354
0.966357
0.966361
0.966378
0.966377
0.966382
0.966386
0.96639
0.966392
0.966398
0.966401
0.966403
0.966407
0.96641
0.966413
0.966414
0.966414
0.966418
0.966418
0.966419
0.966419
0.966419
0.966419
0.966419
0.96642
0.966422
0.966422
0.966422
0.966422
0.966422
0.966423
0.966423
0.966423
0.966424
0.966424
0.966424
0.966424
0.966424
0.966424
0.966424
0.966424
0.966424
0.966424
0.966424
0.966424
0.966424
0.966424
0.966424
0.966424
0.966425
0.966425
0.966425
0.966425
0.966425
0.966425
0.966425
0.966425
0.966425
0.966425
0.966425
0.966425
0.966425
0.966425
0.966425
0.966425
0.966425
0.966425
0.966425
0.966425
0.966425
0.966425
0.966425
0.966425
0.966425
0.966425
0.966425
0.966425
0.966425
0.966425
0.966425
0.966425
0.966425
0.966425
0.966425
0.966425
0.966425
0.966425
0.966425
0.966425
0.966425
0.966425
0.966425
0.966425
0.966425
0.966425
0.966425
0.966425
0.966425
0.966425
0.966425
0.966425
0.966425
0.966425
0.966425
0.966425
0.966425
0.966425
0.966425
0.966425
0.966425
0.966425
0.966425
0.966425
0.966425
0.966425
0.966425
0.966425
0.966425
0.966425
0.966425
0.966425
0.966425
0.966425
0.966425
0.966425
0.966425
0.966425
0.966425
0.966425
0.966425
0.966425
0.966425
0.966425
0.966425
0.966425
0.966425
0.966425
0.966425
0.966425
0.966425
0.966425
0.966425
0.966425
0.966425
0.966425
0.966425
0.966425
0.966425
0.966425
0.966425
0.966425
0.966425
0.966425
0.966425
0.966425
0.966425
0.966425
0.966425
0.966425
0.966425
0.966425
0.966425
0.966425
0.966425
0.966425
0.966425
0.966425
0.966425
0.966425
0.966425
0.966425
0.966425
0.966425
0.966425
0.966425
0.966425
0.966425
0.966425
0.966425
0.966425
0.966425
0.966425
0.966425
0.966425
0.966425
0.966425
0.966425
0.966425
0.966425
0.966425
0.966425
0.966425
0.966425
0.966425
0.966425
0.966425
0.966425
0.966425
0.966425
0.966425
0.966425
0.966425
0.966425
0.966425
0.966425
0.966425
0.966425
0.966425
0.966425
0.966425
0.966425
0.966425
0.966425
0.966425
0.966425
0.966425
0.966425
0.966425
0.966425
0.966425
0.966425
0.966425
0.966425
0.966425
0.966425
0.966425
0.966425
0.966425
0.966425
0.966425
0.966425
0.966425
0.966425
0.966425
0.966425
0.966425
0.966425
0.966425
0.966425
0.966425
0.966425
0.966425
0.966425
0.966425
0.966425
0.966425
0.966425
0.966425
0.966425
0.966425
0.966425
0.966425
0.966425
0.966425
0.966425
0.966425
0.966425
0.966425
0.966425
0.966425
0.966425
0.966425
0.966425
0.966425
0.966425
0.966425
0.966425
0.966425
0.966425
0.966425
0.966425
0.966425
0.966425
0.966425
0.966425
0.966425
0.966425
0.966425
0.966425
0.966425
0.966425
0.966425
0.966425
0.966425
0.966425
0.966425
0.966425
0.966425
0.966425
0.966425
0.966425
0.966425
0.966425
0.966425
0.966425
0.966425
0.966425
0.966425
0.966425
0.966425
0.966425
0.966425
0.966425
0.966425
0.966425
0.966425
0.966425
0.966425
0.966425
0.971894
0.971894
0.972084
0.972084
0.973238
0.975101
0.975101
0.975829
0.976079
0.976219
0.976274
0.976649
0.976693
0.976693
0.976729
0.976838
0.976893
0.976911
0.97697
0.976982
0.976984
0.976999
0.977022
0.977049
0.97706
0.977065
0.977098
0.977121
0.977186
0.97722
0.97722
0.977244
0.977269
0.977273
0.977282
0.977295
0.977295
0.977298
0.9773
0.9773
0.977386
0.977476
0.97753
0.977589
0.977807
0.978186
0.978292
0.978383
0.978383
0.978383
0.978388
0.978421
0.978459
0.978487
0.978541
0.978524
0.978721
0.978783
0.978802
0.978802
0.978908
0.978926
0.978926
0.978926
0.978926
0.978997
0.979084
0.979338
0.979421
0.979421
0.97962
0.979701
0.981097
0.981097


0.0765104
0.0911254
0.106704
0.112412
0.112412
0.128828
0.149159
0.150488
0.176516
0.180667
0.181074
0.179659
0.201057
0.203055
0.228641
0.235573
0.238784
0.252213
0.266864
0.266877
0.267022
0.279146
0.288131
0.302188
0.319711
0.327805
0.335724
0.348356
0.350063
0.354973
0.360222
0.365424
0.371366
0.371366
0.373861
0.376241
0.378786
0.381958
0.385726
0.390704
0.395443
0.399484
0.443526
0.454264
0.454737
0.46646
0.476049
0.479154
0.479929
0.480456
0.493651
0.498797
0.500275
0.500509
0.501114
0.501194
0.507672
0.50796
0.508187
0.510458
0.510458
0.514252
0.514252
0.5292
0.529385
0.558966
0.562571
0.562738
0.565018
0.56832
0.580011
0.580981
0.58258
0.582602
0.582603
0.585699
0.592545
0.592575
0.59372
0.595821
0.607321
0.607351
0.60832
0.608549
0.608562
0.608571
0.609207
0.609217
0.609491
0.610962
0.610962
0.610965
0.611476
0.611779
0.614772
0.617085
0.618172
0.628124
0.628124
0.631198
0.631198
0.632071
0.632074
0.634176
0.635641
0.637889
0.637889
0.638673
0.639605
0.639607
0.639607
0.640464
0.641033
0.641095
0.641439
0.642745
0.643007
0.643007
0.643213
0.643869
0.644089
0.64486
0.645539
0.646442
0.646846
0.647083
0.647083
0.647431
0.647999
0.648065
0.648065
0.648065
0.648305
0.648421
0.648464
0.648711
0.648756
0.648845
0.649098
0.649493
0.650214
0.650214
0.650237
0.650237
0.650237
0.650324
0.650597
0.650719
0.650789
0.650789
0.650789
0.650874
0.650885
0.651065
0.651176
0.651208
0.651208
0.651387
0.655981
0.655981
0.669775
0.667172
0.667338
0.683195
0.697136
0.69714
0.697164
0.697164
0.697213
0.697213
0.701538
0.709307
0.709328
0.709328
0.709328
0.709747
0.709752
0.709762
0.710414
0.711366
0.71159
0.71159
0.711644
0.711644
0.724951
0.72505
0.733717
0.733717
0.733717
0.73419
0.734191
0.73658
0.736588
0.740398
0.742705
0.743884
0.744447
0.744696
0.74626
0.747183
0.748257
0.747681
0.750348
0.750415
0.751377
0.757902
0.758417
0.758421
0.759139
0.760568
0.760568
0.76057
0.76057
0.76057
0.760826
0.760905
0.762663
0.763309
0.763461
0.763575
0.76378
0.76411
0.764415
0.764426
0.764427
0.764427
0.764563
0.764585
0.764599
0.764677
0.764878
0.764691
0.764691
0.764697
0.765094
0.765094
0.765177
0.765475
0.765848
0.766296
0.766324
0.768843
0.768868
0.769461
0.769677
0.769781
0.769781
0.769814
0.769814
0.769989
0.770094
0.770141
0.771152
0.771165
0.771383
0.771383
0.774828
0.77483
0.775029
0.77504
0.776247
0.777212
0.77724
0.777246
0.777246
0.777246
0.777869
0.778151
0.779713
0.780377
0.780645
0.780753
0.781383
0.781383
0.78154
0.782043
0.790018
0.807799
0.818491
0.818491
0.836501
0.851148
0.859857
0.861054
0.866143
0.866143
0.868263
0.87231
0.873783
0.877161
0.878048
0.881105
0.886988
0.89474
0.89474
0.898679
0.901805
0.902321
0.903353
0.903736
0.906583
0.908887
0.910404
0.911643
0.912349
0.912522
0.913086
0.913395
0.913556
0.913674
0.914107
0.91643
0.916728
0.916884
0.91707
0.917241
0.917647
0.919552
0.921948
0.921948
0.923678
0.92281
0.923866
0.923866
0.924145
0.924747
0.924915
0.925076
0.925144
0.925174
0.925444
0.925242
0.925602
0.925671
0.925858
0.925858
0.92602
0.926155
0.927473
0.927553
0.92771
0.927839
0.92798
0.928032
0.928082
0.928085
0.928085
0.928085
0.92811
0.928164
0.928255
0.928628
0.928782
0.928915
0.92905
0.929084
0.929134
0.929259
0.930345
0.93294
0.93396
0.93396
0.934674
0.934677
0.934702
0.934719
0.934722
0.934939
0.934964
0.934997
0.935577
0.935627
0.935724
0.935784
0.935832
0.935847
0.93585
0.935855
0.936311
0.936443
0.936443
0.936607
0.936609
0.936609
0.936625
0.93665
0.936669
0.936717
0.936739
0.936774
0.936805
0.936876
0.936966
0.93708
0.937123
0.937166
0.937195
0.937314
0.937386
0.937967
0.938387
0.938654
0.939178
0.94006
0.943096
0.945229
0.949515
0.949857
0.949857
0.950021
0.950915
0.952476
0.954117
0.95517
0.955438
0.955493
0.955531
0.955549
0.955559
0.955579
0.955579
0.955582
0.955588
0.955629
0.955717
0.955738
0.955738
0.955745
0.95576
0.95581
0.955844
0.955848
0.955896
0.955933
0.955956
0.955971
0.955984
0.956019
0.956038
0.956074
0.956161
0.956179
0.956184
0.956184
0.956199
0.95621
0.956213
0.956234
0.956244
0.956244
0.956244
0.956243
0.956252
0.956254
0.956259
0.956267
0.956279
0.956279
0.95629
0.956295
0.956308
0.95632
0.956325
0.956334
0.956334
0.956336
0.956337
0.95634
0.95635
0.956352
0.956359
0.956365
0.956372
0.958343
0.958344
0.963872
0.96832
0.968325
0.968783
0.968784
0.968784
0.968833
0.968915
0.968964
0.969039
0.96904
0.969072
0.9691
0.9691
0.969262
0.969555
0.969533
0.969536
0.969543
0.96957
0.969575
0.969681
0.969693
0.969724
0.969849


0.0777676
0.0811616
0.0866502
0.106105
0.112333
0.114608
0.114654
0.129327
0.159894
0.180969
0.210773
0.183943
0.242101
0.242458
0.255535
0.280378
0.294768
0.306152
0.312115
0.349195
0.354405
0.358044
0.362974
0.386741
0.409691
0.417653
0.46759
0.485734
0.500188
0.506544
0.506544
0.507608
0.543994
0.54474
0.544777
0.545169
0.576603
0.579436
0.581409
0.59538
0.599066
0.60707
0.609137
0.61289
0.622152
0.622152
0.622408
0.623192
0.624821
0.629059
0.6427
0.6427
0.643102
0.643102
0.645546
0.645831
0.647075
0.648852
0.649398
0.650947
0.650947
0.672077
0.691205
0.693486
0.758019
0.769779
0.781248
0.782648
0.788477
0.791453
0.791777
0.797909
0.820265
0.822413
0.822413
0.826581
0.831182
0.831183
0.834337
0.854346
0.854414
0.864567
0.864975
0.864975
0.87103
0.874077
0.874119
0.882731
0.882731
0.886462
0.892545
0.894662
0.897734
0.898216
0.908317
0.911232
0.912136
0.917329
0.917354
0.92183
0.934913
0.934951
0.934955
0.934955
0.934955
0.938323
0.939686
0.939698
0.9397
0.94094
0.94094
0.941065
0.941855
0.941859
0.94293
0.943548
0.943904
0.943906
0.944393
0.944395
0.94479
0.945038
0.945451
0.945997
0.946652
0.946653
0.94707
0.947165
0.947166
0.947189
0.94724
0.947358
0.947418
0.947511
0.947511
0.947682
0.947683
0.947701
0.947741
0.947763
0.947824
0.947722
0.947912
0.947912
0.947912
0.948191
0.948191
0.948191
0.948202
0.948257
0.948257
0.948271
0.94828
0.948284
0.948284
0.948299
0.948317
0.948317
0.948317
0.94833
0.948337
0.948339
0.948339
0.948346
0.94836
0.94836
0.948364
0.948375
0.948375
0.948376
0.948379
0.948385
0.948393
0.948393
0.948393
0.948393
0.948397
0.948401
0.948401
0.948406
0.948406
0.948405
0.948405
0.948405
0.948406
0.948406
0.948406
0.948408
0.948408
0.948408
0.948411
0.948411
0.948411
0.948411
0.948411
0.948412
0.948412
0.948412
0.948412
0.948412
0.948412
0.948413
0.948413
0.948413
0.948413
0.948413
0.948413
0.948413
0.948413
0.948413
0.948413
0.948413
0.948413
0.948414
0.948414
0.948414
0.948414
0.948414
0.948414
0.948414
0.948414
0.948414
0.948414
0.948414
0.948414
0.948414
0.948414
0.948414
0.948414
0.948414
0.948414
0.948414
0.948414
0.948414
0.948414
0.948414
0.948414
0.948414
0.948414
0.948414
0.948414
0.948414
0.948414
0.948414
0.948414
0.948414
0.948414
0.948414
0.948414
0.948414
0.948414
0.948414
0.948414
0.948414
0.948414
0.948414
0.948414
0.948414
0.948414
0.948414
0.948414
0.948414
0.948414
0.948414
0.948414
0.948414
0.948414
0.948414
0.948733
0.949124
0.949161
0.949161
0.949497
0.949947
0.950295
0.950414
0.950416
0.950506
0.950596
0.950681
0.951387
0.951626
0.951649
0.951649
0.951788
0.951869
0.952044
0.952113
0.952113
0.952113
0.95232
0.95232
0.952334
0.952334
0.952387
0.952428
0.952622
0.95264
0.952652
0.952781
0.952888
0.952996
0.953025
0.953025
0.953063
0.953157
0.953394
0.953453
0.953531
0.953579
0.953685
0.953685
0.953685
0.954774
0.955572
0.955572
0.956488
0.956488
0.956488
0.956488
0.956842
0.956895
0.956895
0.956895
0.956942
0.956952
0.957157
0.957201
0.957315
0.957364
0.957385
0.957688
0.957688
0.957688
0.957688
0.957783
0.957783
0.957793
0.957859
0.958055
0.958055
0.958131
0.958131
0.958183
0.95829
0.958329
0.958395
0.958459
0.958542
0.958557
0.958557
0.95871
0.95871
0.95871
0.95871
0.958741
0.958741
0.95877
0.95877
0.958778
0.958778
0.958776
0.958776
0.958818
0.958848
0.958878
0.958891
0.958891
0.958892
0.958893
0.958893
0.958894
0.958895
0.958895
0.958895
0.958895
0.958895
0.958895
0.958916
0.958916
0.958921
0.958921
0.958924
0.958927
0.958929
0.958937
0.95894
0.958946
0.958952
0.958952
0.958952
0.958952
0.958957
0.958959
0.958961
0.958964
0.958964
0.958964
0.958964
0.958965
0.958965
0.958965
0.958965
0.958966
0.958966
0.958966
0.958967
0.958967
0.958968
0.958969
0.958969
0.958972
0.958978
0.958978
0.958979
0.958981
0.958982
0.958982
0.958984
0.958985
0.958985
0.958985
0.958986
0.958986
0.958986
0.958986
0.958986
0.958986
0.958987
0.958988
0.95899
0.95899
0.95899
0.95899
0.958991
0.958991
0.958991
0.958991
0.958991
0.958991
0.958992
0.958992
0.958993
0.958993
0.958993
0.958993
0.958993
0.958993
0.958993
0.958993
0.958993
0.958993
0.958993
0.958993
0.958993
0.958993
0.958993
0.958993
0.958993
0.958993
0.958994
0.958993
0.958994
0.958994
0.958994
0.958994
0.958994
0.958994
0.958994
0.958994
0.958994
0.958994
0.958994
0.958994
0.958995
0.958995
0.958995
0.958995
0.958995
0.958995
0.958995
0.958995
0.958995
0.958995
0.958995
0.958995
0.958995
0.958995
0.958995
0.958995
0.958995
0.958995
0.958995
0.958995
0.958995
0.958995
0.958995
0.958995
0.958995
0.958996


0.0835856
0.0943529
0.102605
0.102775
0.106974
0.106974
0.125491
0.157056
0.168153
0.179397
0.201358
0.210529
0.210529
0.220608
0.260353
0.260353
0.26986
0.278962
0.278962
0.281553
0.300856
0.331957
0.33595
0.367071
0.404033
0.41553
0.431329
0.434734
0.459033
0.482531
0.51469
0.518063
0.518094
0.543787
0.543787
0.550987
0.565795
0.565795
0.582129
0.608598
0.614885
0.66172
0.66172
0.677355
0.696186
0.709325
0.711229
0.711298
0.713015
0.716446
0.720161
0.733051
0.735502
0.735502
0.737594
0.737594
0.740144
0.74415
0.745646
0.745704
0.746881
0.752357
0.754452
0.755504
0.758547
0.758547
0.760317
0.760317
0.760317
0.760535
0.761924
0.763617
0.763708
0.763914
0.765453
0.765805
0.765861
0.766132
0.766516
0.766631
0.766987
0.76704
0.767208
0.767229
0.767313
0.767418
0.767665
0.768086
0.76836
0.768523
0.768617
0.768718
0.768735
0.768826
0.768883
0.768945
0.769055
0.769196
0.769214
0.769324
0.769324
0.76931
0.769419
0.769455
0.769455
0.769494
0.769561
0.769567
0.769567
0.769578
0.769592
0.769615
0.769635
0.769646
0.769671
0.769671
0.769672
0.769691
0.769707
0.769711
0.769721
0.769716
0.775355
0.777262
0.779407
0.799533
0.799537
0.799539
0.799539
0.79954
0.79954
0.799542
0.799545
0.799546
0.799548
0.799549
0.800612
0.800612
0.800612
0.817033
0.817035
0.825
0.827937
0.828757
0.841721
0.849416
0.85223
0.85223
0.861761
0.861761
0.862634
0.862634
0.866781
0.868046
0.895047
0.895047
0.895047
0.895047
0.895047
0.895047
0.895047
0.897117
0.897117
0.897117
0.916402
0.916402
0.916402
0.917969
0.917969
0.921226
0.921226
0.921226
0.921226
0.921226
0.921449
0.921449
0.924481
0.925128
0.925128
0.927897
0.931206
0.929734
0.929734
0.930246
0.931408
0.936626
0.936626
0.936626
0.936772
0.936772
0.938097
0.939456
0.939456
0.939456
0.940505
0.940505
0.940505
0.94146
0.942169
0.942809
0.946332
0.947203
0.947203
0.947904
0.947904
0.949595
0.949595
0.949595
0.950011
0.950011
0.950223
0.950223
0.950253
0.950315
0.950335
0.950335
0.950335
0.950461
0.950856
0.951112
0.951137
0.951208
0.951331
0.951521
0.951523
0.951524
0.951524
0.951524
0.951542
0.951542
0.951556
0.951772
0.951772
0.951934
0.951934
0.951985
0.951985
0.952077
0.9521
0.9521
0.952164
0.952368
0.952368
0.952368
0.952371
0.952371
0.952381
0.952381
0.952381
0.952394
0.952409
0.952412
0.952473
0.952562
0.952562
0.952562
0.952567
0.952567
0.952586
0.952586
0.952586
0.952601
0.952601
0.952603
0.952603
0.952603
0.952607
0.95261
0.95261
0.952614
0.952614
0.952614
0.952629
0.952629
0.952653
0.952653
0.952653
0.952653
0.952653
0.952653
0.952654
0.952658
0.952662
0.952662
0.952662
0.952662
0.952663
0.952665
0.952665
0.952666
0.952666
0.952667
0.952667
0.952669
0.952669
0.95267
0.95267
0.95267
0.95267
0.95267
0.95267
0.95267
0.952671
0.952671
0.952671
0.952671
0.952671
0.952671
0.952671
0.952671
0.952671
0.952671
0.952671
0.952671
0.952672
0.952672
0.952672
0.952672
0.952672
0.952672
0.952672
0.952672
0.952672
0.952672
0.952672
0.952672
0.952672
0.952672
0.952672
0.952672
0.952672
0.952672
0.952672
0.952672
0.952672
0.952672
0.952672
0.952672
0.952672
0.952672
0.952672
0.952672
0.952672
0.952672
0.952672
0.952672
0.952672
0.952672
0.952672
0.952672
0.952672
0.952672
0.952672
0.952672
0.952672
0.952672
0.952672
0.952672
0.952672
0.952672
0.952672
0.952672
0.952672
0.952672
0.952672
0.952672
0.952672
0.952672
0.952672
0.952672
0.952672
0.952672
0.952672
0.952672
0.952672
0.952672
0.952672
0.952672
0.952672
0.952672
0.952672
0.952672
0.952672
0.952672
0.952672
0.952672
0.952672
0.952672
0.952672
0.952672
0.952672
0.952672
0.952672
0.952672
0.952672
0.952672
0.952672
0.952672
0.952672
0.952672
0.952672
0.952672
0.952672
0.952672
0.952672
0.952672
0.952672
0.952672
0.952672
0.952672
0.952672
0.952672
0.952672
0.952672
0.952672
0.952672
0.952672
0.952672
0.952672
0.952672
0.952672
0.952672
0.952672
0.952672
0.952672
0.952672
0.952672
0.952672
0.952672
0.952672
0.952672
0.952672
0.952672
0.952672
0.952672
0.952672
0.952672
0.952672
0.952672
0.952672
0.952672
0.952672
0.952672
0.952672
0.952672
0.952672
0.952672
0.952672
0.952672
0.952672
0.952672
0.952672
0.952672
0.952672
0.952672
0.952672
0.952672
0.952672
0.952672
0.952672
0.952672
0.952672
0.952672
0.952672
0.952672
0.952672
0.952672
0.952672
0.952672
0.952672
0.952672
0.952672
0.952672
0.952672
0.952672
0.952672
0.952672
0.952672
0.952672
0.952672
0.952672
0.952672
0.952672
0.952672
0.952672
0.952672
0.952672
0.952672
0.952672
0.952672
0.952672
0.952672
0.952672
0.952672
0.952672
0.952672
0.952672
0.952672
0.952672
0.952672


0.0825324
0.0956402
0.0976899
0.105183
0.112451
0.125847
0.142404
0.149313
0.180498
0.180498
0.183239
0.179594
0.203555
0.219769
0.221113
0.227833
0.23217
0.241182
0.28188
0.295036
0.303608
0.306949
0.307114
0.314838
0.329994
0.331447
0.331447
0.343607
0.355592
0.355592
0.359191
0.368613
0.371871
0.381529
0.381838
0.382195
0.383258
0.383673
0.406938
0.408611
0.408615
0.412227
0.419172
0.419172
0.426881
0.426886
0.426927
0.42704
0.42764
0.428772
0.43271
0.434714
0.435226
0.435599
0.436234
0.437001
0.437368
0.43803
0.440823
0.440881
0.441378
0.44185
0.44185
0.442228
0.442475
0.44298
0.443426
0.457656
0.457656
0.457767
0.457987
0.457987
0.458203
0.462227
0.462227
0.462356
0.478568
0.516607
0.516607
0.516754
0.516754
0.516826
0.516835
0.51697
0.51697
0.51697
0.516996
0.516998
0.546967
0.546973
0.562999
0.565302
0.565329
0.5713
0.590382
0.590387
0.594976
0.594984
0.595023
0.595023
0.595023
0.602405
0.611838
0.613523
0.613526
0.613526
0.613637
0.613643
0.613644
0.613644
0.613644
0.613648
0.613655
0.61366
0.61366
0.613661
0.613661
0.613662
0.613664
0.613667
0.613667
0.613667
0.613667
0.613667
0.613667
0.613668
0.614621
0.616079
0.616674
0.616804
0.616804
0.616674
0.616674
0.616703
0.616788
0.619582
0.642961
0.642961
0.642962
0.642962
0.653715
0.664193
0.680072
0.680072
0.680643
0.680643
0.680644
0.680644
0.680644
0.680644
0.681983
0.671719
0.672273
0.677703
0.677703
0.681084
0.681084
0.681084
0.698622
0.698622
0.698622
0.713257
0.713257
0.714131
0.714131
0.714131
0.714131
0.714131
0.719149
0.719149
0.719149
0.719149
0.719149
0.719149
0.719647
0.719647
0.719647
0.719647
0.719916
0.719916
0.735439
0.737226
0.741414
0.741414
0.754291
0.757189
0.767417
0.774056
0.774056
0.774056
0.783389
0.78072
0.790698
0.791035
0.791428
0.792362
0.79283
0.794801
0.794935
0.800218
0.80529
0.808608
0.809105
0.809753
0.809753
0.812559
0.813177
0.813177
0.816102
0.820603
0.820921
0.82015
0.82015
0.820868
0.822271
0.823949
0.824758
0.825886
0.826941
0.827184
0.827549
0.828224
0.828814
0.828814
0.829437
0.830078
0.830086
0.830087
0.830813
0.831572
0.83161
0.83161
0.83161
0.83234
0.832379
0.832682
0.832773
0.832838
0.833195
0.833195
0.833299
0.833352
0.833386
0.833386
0.833392
0.83369
0.833713
0.835338
0.838696
0.843571
0.848155
0.849684
0.853704
0.857058
0.861063
0.8611
0.86149
0.862173
0.862762
0.864066
0.864805
0.866276
0.867307
0.867307
0.867308
0.867729
0.868374
0.869986
0.871341
0.872165
0.873093
0.873366
0.873784
0.873801
0.87542
0.87695
0.881433
0.885202
0.888442
0.888714
0.888729
0.889152
0.890526
0.892385
0.895058
0.897095
0.897095
0.897096
0.898657
0.903557
0.903557
0.903989
0.904568
0.904568
0.904661
0.905205
0.905205
0.906554
0.908926
0.909741
0.910466
0.910575
0.910836
0.910836
0.910836
0.91474
0.915469
0.917125
0.917125
0.917125
0.917818
0.918206
0.918823
0.918823
0.918823
0.918823
0.919222
0.919366
0.919457
0.919584
0.919584
0.919522
0.919561
0.919821
0.920085
0.920085
0.920245
0.920256
0.920256
0.920256
0.920337
0.920355
0.920355
0.920754
0.920754
0.920754
0.920758
0.920758
0.920758
0.920758
0.920758
0.921037
0.921037
0.921037
0.921077
0.921583
0.921583
0.921635
0.921672
0.921725
0.921772
0.921817
0.921817
0.921817
0.921837
0.921841
0.921841
0.92197
0.921985
0.921985
0.921985
0.922028
0.922033
0.922042
0.922103
0.922272
0.922272
0.922362
0.92247
0.922472
0.922472
0.922472
0.922608
0.922608
0.922611
0.922636
0.922636
0.922636
0.922636
0.922639
0.922639
0.922666
0.922677
0.922687
0.922689
0.92269
0.922712
0.922715
0.922715
0.922717
0.922717
0.922724
0.922728
0.922731
0.922733
0.922733
0.922738
0.922738
0.922738
0.922739
0.922758
0.922757
0.922761
0.922763
0.922763
0.922772
0.922772
0.922772
0.922772
0.922773
0.922774
0.922775
0.92278
0.92278
0.922782
0.922786
0.922786
0.922789
0.922789
0.922791
0.922791
0.922792
0.922792
0.92282
0.922828
0.922841
0.922907
0.922912
0.922915
0.922915
0.922916
0.922916
0.922916
0.922917
0.92292
0.922923
0.922923
0.922927
0.922929
0.92293
0.922934
0.922964
0.922973
0.922973
0.922973
0.922975
0.922976
0.92298
0.92298
0.922981
0.922981
0.922981
0.922982
0.922982
0.922983
0.922983
0.922984
0.922985
0.922988
0.922994
0.923001
0.923006
0.923014
0.923018
0.923024
0.923027
0.923029
0.923033
0.923033
0.923036
0.92304
0.923038
0.92304
0.923043
0.923045
0.92305
0.92305
0.923053
0.923053
0.923054
0.923054
0.923054
0.923054
0.923054
0.923054
0.923054
0.923054
0.923055
0.923055
0.923055
0.923055
0.923055
0.923055
0.923055
0.923056
0.923056
0.923058
0.923058
0.92306
0.923061


0.0789338
0.0873061
0.096911
0.104143
0.107222
0.119657
0.1265
0.129637
0.144903
0.147097
0.156908
0.170751
0.177513
0.182591
0.202496
0.211179
0.21258
0.222103
0.247765
0.255411
0.267487
0.299736
0.300263
0.309186
0.333942
0.336537
0.346263
0.388263
0.388263
0.401386
0.404606
0.450622
0.450622
0.476028
0.478723
0.478842
0.481788
0.482446
0.508351
0.516013
0.519079
0.531154
0.554222
0.56496
0.570708
0.592464
0.604634
0.619278
0.619278
0.6271
0.634534
0.6356
0.638332
0.642731
0.647144
0.647574
0.648176
0.653569
0.654746
0.659105
0.661095
0.660742
0.668458
0.668458
0.669894
0.674555
0.675163
0.678476
0.680304
0.680959
0.681951
0.682034
0.68359
0.684075
0.684395
0.685574
0.68578
0.686001
0.686678
0.68674
0.687565
0.687565
0.687565
0.687758
0.687966
0.688129
0.688217
0.688304
0.688468
0.68853
0.688814
0.689036
0.689103
0.689105
0.689108
0.689456
0.689479
0.689564
0.689564
0.68978
0.689781
0.689866
0.689866
0.689939
0.689946
0.689974
0.689997
0.689997
0.690049
0.690049
0.690055
0.69006
0.690084
0.690102
0.690126
0.690129
0.690148
0.690174
0.690174
0.690184
0.690184
0.690184
0.690224
0.690243
0.690243
0.690243
0.690244
0.690249
0.690249
0.690258
0.690258
0.690261
0.690261
0.690261
0.690268
0.690268
0.690276
0.690276
0.690276
0.690276
0.690279
0.690277
0.69028
0.690287
0.690287
0.690287
0.690288
0.690289
0.690291
0.690291
0.690291
0.690292
0.690292
0.690292
0.690293
0.690294
0.690294
0.690294
0.690294
0.690294
0.690294
0.690294
0.690294
0.690294
0.690295
0.690295
0.690295
0.690295
0.690295
0.690295
0.690295
0.690295
0.690295
0.690295
0.690295
0.690295
0.690295
0.690295
0.690295
0.690295
0.690295
0.690295
0.690295
0.690295
0.690295
0.690295
0.690295
0.690295
0.690295
0.690295
0.690295
0.690295
0.690295
0.690295
0.690295
0.690295
0.690295
0.690295
0.690295
0.690295
0.690295
0.690295
0.690295
0.690295
0.690295
0.690295
0.690295
0.690295
0.690295
0.690295
0.690295
0.690295
0.690295
0.690295
0.690295
0.690295
0.690295
0.690295
0.690295
0.690295
0.690295
0.690295
0.690295
0.690295
0.690295
0.690295
0.690295
0.690295
0.690295
0.690295
0.690295
0.690295
0.690295
0.690295
0.690295
0.690295
0.690295
0.690295
0.690295
0.690295
0.690295
0.690295
0.690295
0.690295
0.690295
0.690295
0.690295
0.690295
0.690295
0.690295
0.690295
0.690295
0.690295
0.690295
0.690295
0.690295
0.690295
0.690295
0.690295
0.690295
0.690295
0.690295
0.690295
0.690295
0.690295
0.690295
0.690295
0.690295
0.690295
0.690295
0.690295
0.690295
0.690295
0.690295
0.690295
0.690295
0.690295
0.690295
0.690295
0.690295
0.690295
0.690295
0.690295
0.690295
0.690295
0.690295
0.690295
0.690295
0.690295
0.690295
0.690295
0.690295
0.690295
0.690295
0.690295
0.690295
0.690295
0.690295
0.690295
0.690295
0.690295
0.690295
0.690295
0.690295
0.690295
0.690295
0.690295
0.690295
0.690295
0.690295
0.690295
0.690295
0.690295
0.690295
0.690295
0.690295
0.690295
0.690295
0.690295
0.690295
0.690295
0.690295
0.690295
0.690295
0.690295
0.690295
0.690295
0.690295
0.690295
0.690295
0.690295
0.690295
0.690295
0.690295
0.690295
0.690295
0.690295
0.690295
0.690295
0.690295
0.690295
0.690295
0.690295
0.690295
0.690295
0.690295
0.690295
0.690295
0.690295
0.690295
0.690295
0.690295
0.690295
0.690295
0.690295
0.690295
0.690295
0.690295
0.690295
0.690295
0.690295
0.690295
0.690295
0.690295
0.690295
0.690295
0.690295
0.690295
0.690295
0.690295
0.690295
0.690295
0.690295
0.690295
0.690295
0.690295
0.690295
0.690295
0.690295
0.690295
0.690295
0.690295
0.690295
0.690295
0.690295
0.690295
0.690295
0.690295
0.690295
0.690295
0.690295
0.690295
0.690295
0.690295
0.690295
0.690295
0.690295
0.690295
0.690295
0.690295
0.690295
0.690293
0.690295
0.690295
0.690295
0.690295
0.690295
0.690295
0.690295
0.690295
0.690295
0.690295
0.690295
0.690295
0.690295
0.690295
0.690295
0.690295
0.690295
0.690295
0.690295
0.690295
0.690295
0.690295
0.690295
0.690295
0.690295
0.690295
0.690295
0.690295
0.690295
0.690295
0.690295
0.690295
0.690295
0.690295
0.690295
0.690295
0.690295
0.690295
0.690295
0.690295
0.690295
0.690295
0.690295
0.690295
0.690295
0.690295
0.690295
0.690295
0.690295
0.690295
0.690295
0.690295
0.690295
0.690295
0.690295
0.690295
0.690295
0.690295
0.690295
0.690295
0.690295
0.690295
0.690295
0.690295
0.690295
0.690295
0.690295
0.690295
0.690295
0.690278
0.690295
0.690295
0.690295
0.690295
0.690295
0.690295
0.690295
0.690295
0.690295
0.690295
0.690295
0.690295
0.690295
0.690295
0.690295
0.690295
0.690295
0.690295
0.690295
0.690274
0.690295
0.690295
0.690295
0.690295
0.690295
0.690295
0.690295
0.690295


