0.0670037
0.0720504
0.0770291
0.0770291
0.0787796
0.0836084
0.0836084
0.0855366
0.0864803
0.0872093
0.0908093
0.0930602
0.0930602
0.0930784
0.0932497
0.0975364
0.0980082
0.10229
0.104198
0.105041
0.105456
0.109733
0.114042
0.116623
0.127319
0.12749
0.13218
0.137187
0.138611
0.139679
0.149214
0.152414
0.185942
0.196412
0.199991
0.226153
0.226153
0.259857
0.262165
0.267686
0.285668
0.327825
0.328886
0.342903
0.363069
0.363069
0.415944
0.424523
0.449772
0.453085
0.4976
0.4976
0.549296
0.559985
0.617463
0.629741
0.64705
0.666645
0.676323
0.676323
0.69344
0.69641
0.726532
0.75923
0.75923
0.774616
0.782929
0.830269
0.830416
0.838783
0.861014
0.858265
0.86329
0.89441
0.913175
0.913175
0.913175
0.92138
0.921636
0.93093
0.941712
0.934896
0.935235
0.950811
0.953355
0.956682
0.958074
0.963744
0.963744
0.968226
0.969798
0.973822
0.976069
0.977988
0.980889
0.980889
0.984561
0.984715
0.986255
0.986547
0.986656
0.987931
0.990851
0.990892
0.991911
0.991985
0.992864
0.994687
0.9947
0.995801
0.996224
0.996254
0.996325
0.997102
0.997759
0.997759
0.998184
0.998241
0.99833
0.998527
0.998539
0.998566
0.998727
0.99876
0.998981
0.999134
0.999196
0.999205
0.999242
0.999414
0.99949
0.999418
0.999468
0.999632
0.999667
0.999674
0.999676
0.999684
0.999685
0.999756
0.999788
0.999833
0.999844
0.999865
0.999865
0.999874
0.999888
0.999888
0.999927
0.999935
0.999936
0.999936
0.999957
0.999957
0.999967
0.999967
0.999972
0.999972
0.999972
0.999978
0.999978
0.999979
0.999984
0.999986
0.999986
0.999988
0.999989
0.999989
0.999992
0.999993
0.999993
0.999995
0.999995
0.999995
0.999995
0.999996
0.999996
0.999997
0.999997
0.999997
0.999997
0.999997
0.999998
0.999999
0.999999
0.999999
0.999999
0.999999
0.999999
0.999999
0.999999
0.999999
0.999999
1
1
1
1
1
1
1
1
1
1
1
1
1
1
1
1
1
1
1
1
1
1
1
1
1
1
1
1
1
1
1
1
1
1
1
1
1
1
1
1
1
1
1
1
1
1
1
1
1
1
1
1
1
1
1
1
1
1
1
1
1
1
1
1
1
1
1
1
1
1
1
1
1
1
1
1
1
1
1
1
1
1
1
1
1
1
1
1
1
1
1
1
1
1
1
1
1
1
1
1
1
1
1
1
1
1
1
1
1
1
1
1
1
1
1
1
1
1
1
1
1
1
1
1
1
1
1
1
1
1
1
1
1
1
1
1
1
1
1
1
1
1
1
1
1
1
1
1
1
1
1
1
1
1
1
1
1
1
1
1
1
1
1
1
1
1
1
1
1
1
1
1
1
1
1
1
1
1
1
1
1
1
1
1
1
1
1
1
0.999136
1
1
1
1
1
1
1
1
1
1
1
1
1
1
1
1
1
1
1
1
1
1
1
1
1
1
1
1
1
1
1
1
1
1
1
1
1
1
1
1
1
1
1
1
1
1
1
1
1
1
1
1
1
1
1
1
1
1
1
1
1
1
1
1
1
1
1
1
1
1
1
1
1
1
1
1
1
1
1
1
1
1
1
1
1
1
1
1
1
1
1
1
1
1
1
1
1
1
1
1
1
1
1
1
1
1
1
1
1
1
1
1
1
1
1
1
1
1


0.0541316
0.0602711
0.0610642
0.0641048
0.0707227
0.0707227
0.0718512
0.0728599
0.0747941
0.0758184
0.0771452
0.0779503
0.0783539
0.0784552
0.0811657
0.0855043
0.0925906
0.0940557
0.0958796
0.0994062
0.103475
0.11398
0.11398
0.125872
0.125917
0.130264
0.139544
0.145297
0.158885
0.172132
0.176804
0.181531
0.184975
0.191996
0.200931
0.230016
0.236745
0.246493
0.281414
0.290215
0.313457
0.327724
0.346067
0.358323
0.401886
0.401886
0.434392
0.448913
0.461625
0.497283
0.515277
0.5479
0.603624
0.616703
0.659413
0.678948
0.721616
0.721616
0.740005
0.77667
0.783815
0.819782
0.819782
0.840516
0.840516
0.86478
0.873163
0.883297
0.883297
0.899255
0.911594
0.913473
0.931563
0.940367
0.940367
0.944964
0.951358
0.955397
0.95689
0.95689
0.967755
0.968649
0.971235
0.978074
0.980098
0.981563
0.981563
0.985257
0.986521
0.987035
0.987467
0.988619
0.988619
0.98905
0.989372
0.990456
0.990456
0.992062
0.992562
0.993482
0.993777
0.995747
0.995937
0.996923
0.996947
0.997004
0.997116
0.997423
0.997737
0.997891
0.997891
0.998025
0.99837
0.99881
0.99881
0.998896
0.998983
0.998989
0.999105
0.99927
0.999342
0.999347
0.999415
0.999429
0.999522
0.999537
0.99956
0.999624
0.999638
0.999642
0.999709
0.999775
0.999828
0.999833
0.999858
0.999866
0.999903
0.999917
0.99992
0.999926
0.999931
0.999941
0.999943
0.999951
0.999964
0.999967
0.99997
0.999973
0.999974
0.999974
0.999975
0.999983
0.999985
0.999986
0.999988
0.999989
0.999992
0.999992
0.999993
0.999993
0.999994
0.999994
0.999994
0.999995
0.999995
0.999996
0.999997
0.999997
0.999998
0.999998
0.999998
0.999998
0.999998
0.999999
0.999999
0.999999
0.999999
0.999999
0.999999
0.999999
0.999999
0.999999
0.999999
0.999999
0.999999
0.999999
0.999999
1
1
1
1
1
1
1
1
1
1
1
1
1
1
1
1
1
1
1
1
1
1
1
1
1
1
1
1
1
1
1
1
1
1
1
1
1
1
1
1
1
1
1
1
1
1
1
1
1
1
1
1
1
1
1
1
1
1
1
1
1
1
1
1
1
1
1
1
1
1
1
1
1
1
1
1
1
1
1
1
1
1
1
1
1
1
1
1
1
1
1
1
1
1
1
1
1
1
1
1
1
1
1
1
1
1
1
1
1
1
1
1
1
1
1
1
1
1
1
1
1
1
1
1
1
1
1
1
1
1
1
1
1
1
1
1
1
1
1
1
1
1
1
1
1
1
1
1
1
1
1
1
1
1
1
1
1
1
1
1
1
1
1
1
1
1
1
1
1
1
1
1
1
1
1
1
1
1
1
1
1
1
1
1
0.999603
1
1
1
1
1
1
1
1
1
1
1
1
1
1
1
1
1
1
1
1
1
1
1
1
1
1
1
1
1
0.999957
1
1
1
1
1
1
1
1
1
1
1
1
1
1
1
1
1
1
1
1
1
1
1
1
1
1
1
1
1
1
1
1
1
1
1
1
1
1
1
1
1
1
1
1
1
1
1
1
1
1
1
1
1
1
1
1
1
1
1
1
1
1
1
1
1
1
1
1
1
1
1
1
1
1
1
1
1
1
1
1
1
1
1
1
1
1
1
1
1
1
1
1
1
1
1
1
1
1


0.0384744
0.0416813
0.0450995
0.046331
0.0466056
0.0482161
0.0485722
0.0495822
0.0495983
0.0503407
0.0503407
0.0504965
0.0509245
0.0516701
0.0519355
0.0533248
0.0542072
0.0557127
0.0557403
0.0562931
0.0566684
0.0585176
0.0594502
0.0613292
0.0613943
0.0623825
0.0651098
0.0697299
0.0703526
0.0726005
0.0845174
0.0845174
0.0882502
0.0923838
0.0931099
0.0967659
0.100509
0.112331
0.114424
0.12388
0.130034
0.143348
0.143348
0.148633
0.160881
0.164725
0.181702
0.182781
0.196573
0.201793
0.206663
0.22573
0.235798
0.253887
0.26762
0.274149
0.288696
0.288696
0.324077
0.331339
0.342312
0.367706
0.370938
0.383157
0.383823
0.408442
0.413201
0.420651
0.429895
0.43208
0.436884
0.458353
0.458353
0.461874
0.46535
0.471425
0.472981
0.477894
0.477894
0.478149
0.481885
0.484724
0.490549
0.491582
0.494609
0.495448
0.500523
0.503189
0.503546
0.504747
0.504835
0.50533
0.507226
0.50842
0.509195
0.509827
0.510021
0.511722
0.511722
0.512513
0.512883
0.512871
0.513599
0.513692
0.514256
0.51547
0.515906
0.51592
0.516437
0.51645
0.51658
0.516668
0.51671
0.516951
0.517229
0.517229
0.517324
0.517342
0.517432
0.517649
0.517686
0.51768
0.51776
0.51776
0.517837
0.517885
0.517885
0.517888
0.517893
0.518018
0.518023
0.51811
0.518113
0.518113
0.518116
0.518187
0.518189
0.518195
0.518197
0.518203
0.518208
0.518208
0.518215
0.518216
0.518221
0.518221
0.518223
0.518223
0.518226
0.518229
0.51823
0.518235
0.518236
0.51824
0.518241
0.518242
0.518242
0.518246
0.518246
0.518247
0.518248
0.518249
0.518249
0.51825
0.51825
0.518251
0.518252
0.518252
0.518252
0.518253
0.518253
0.518253
0.518253
0.518253
0.518253
0.518253
0.518254
0.518254
0.518254
0.518254
0.518254
0.518255
0.518255
0.518255
0.518255
0.518255
0.518255
0.518255
0.518255
0.518255
0.518255
0.518255
0.518255
0.518255
0.518255
0.518255
0.518255
0.518255
0.518255
0.518255
0.518255
0.518255
0.518255
0.518255
0.518255
0.518255
0.518255
0.518255
0.518255
0.518255
0.518255
0.518255
0.518255
0.518255
0.518255
0.518255
0.518255
0.518255
0.518255
0.518255
0.518255
0.518255
0.518255
0.518255
0.518255
0.518255
0.518255
0.518255
0.518255
0.518255
0.518255
0.518255
0.518255
0.518255
0.518255
0.518255
0.518255
0.518255
0.518255
0.518255
0.518255
0.518255
0.518255
0.518255
0.518255
0.518255
0.518255
0.518255
0.518255
0.518255
0.518255
0.518255
0.518255
0.518255
0.518255
0.518255
0.518255
0.518255
0.518255
0.518255
0.518255
0.518255
0.518255
0.518255
0.518255
0.518255
0.518255
0.518255
0.518255
0.518255
0.518255
0.518255
0.518255
0.518255
0.518255
0.518255
0.518255
0.518255
0.518255
0.518255
0.518255
0.518255
0.518255
0.518255
0.518255
0.518255
0.518255
0.518255
0.518255
0.518255
0.518255
0.518255
0.518255
0.518255
0.518255
0.518255
0.518255
0.518255
0.518255
0.518255
0.518255
0.518255
0.518255
0.518255
0.518255
0.518255
0.518255
0.518255
0.518255
0.518255
0.518255
0.518255
0.518255
0.518255
0.518255
0.518255
0.518255
0.518255
0.518255
0.518255
0.518255
0.518255
0.518255
0.518255
0.518255
0.518255
0.518255
0.518255
0.518255
0.518255
0.518255
0.517987
0.518255
0.518255
0.518255
0.518255
0.518255
0.518255
0.518255
0.518255
0.518255
0.518255
0.518255
0.518255
0.518255
0.518255
0.518255
0.518255
0.518255
0.518255
0.518255
0.518255
0.518255
0.518255
0.518255
0.518255
0.518255
0.518255
0.518255
0.518255
0.518255
0.518255
0.518255
0.518255
0.518255
0.518255
0.518255
0.518255
0.518255
0.518255
0.518255
0.518255
0.518255
0.518255
0.518255
0.518255
0.518255
0.518255
0.518255
0.518255
0.518255
0.517941
0.518255
0.518255
0.518255
0.518255
0.518255
0.518255
0.518255
0.518255
0.518255
0.518255
0.518255
0.518255
0.518255
0.518255
0.518255
0.518255
0.518255
0.518255
0.518255
0.518255
0.518255
0.518255
0.518255
0.518255
0.518255
0.518255
0.518255
0.518255
0.518255
0.518255
0.518255
0.518255
0.518255
0.518255
0.518255
0.518255
0.518255
0.518255
0.518255
0.518255
0.518255
0.518255
0.518255
0.518255
0.518255
0.518255
0.518255
0.518255
0.518255
0.518255
0.518255
0.518255
0.518255
0.518255
0.518255
0.518255
0.518255
0.518255
0.518255
0.518255
0.518255
0.518255
0.518255
0.518255
0.518255
0.518255
0.518255
0.518255
0.518255
0.518255
0.518255
0.518255
0.518255
0.518255
0.518255
0.518255
0.518255
0.518255
0.518255
0.518255
0.518255
0.518255
0.518255
0.518255
0.518255
0.518255
0.518255
0.518255
0.518255
0.518255
0.518255
0.518255
0.518255
0.518255
0.518255
0.518255
0.518255
0.518255
0.518255
0.518255
0.518255
0.518255
0.518255
0.518255
0.518255
0.518255
0.518255
0.518255
0.518255
0.518255
0.518255
0.518255
0.518255
0.518255
0.518255
0.518255
0.518255
0.518255


0.0248443
0.0269462
0.0291529
0.0324767
0.0330512
0.0330546
0.0330546
0.0331901
0.0336997
0.0341631
0.0344038
0.0343049
0.0354272
0.0355327
0.0355618
0.0377898
0.0386083
0.038815
0.0396459
0.0401102
0.0431598
0.0442232
0.0459533
0.0463234
0.0477738
0.0515918
0.0552871
0.0580342
0.0580602
0.0626465
0.0811258
0.0827175
0.089028
0.089028
0.0900069
0.0904013
0.0950375
0.109468
0.123233
0.123233
0.140166
0.133477
0.1406
0.152475
0.157806
0.16781
0.16814
0.184217
0.194855
0.206482
0.21135
0.212697
0.243618
0.253438
0.254101
0.267003
0.281383
0.282061
0.315141
0.317709
0.326352
0.335248
0.361523
0.387175
0.393483
0.398018
0.411869
0.447654
0.449858
0.449858
0.457841
0.461762
0.475941
0.488912
0.494628
0.499624
0.502807
0.507087
0.507132
0.507275
0.520338
0.520285
0.521884
0.523581
0.523792
0.52543
0.526323
0.530272
0.534924
0.535321
0.536761
0.537795
0.538152
0.538744
0.539137
0.543224
0.544134
0.545947
0.546092
0.546184
0.547809
0.548439
0.548537
0.549035
0.549481
0.549588
0.549723
0.549723
0.549904
0.550396
0.550574
0.550682
0.550931
0.55113
0.55113
0.551264
0.551331
0.551543
0.551659
0.55171
0.551747
0.551781
0.551811
0.551814
0.551931
0.551954
0.551966
0.552022
0.552091
0.552116
0.552123
0.552151
0.552153
0.552184
0.5522
0.5522
0.552205
0.552207
0.552212
0.552216
0.552223
0.552227
0.552227
0.552228
0.552229
0.552232
0.552235
0.552244
0.552244
0.552247
0.552247
0.552248
0.552248
0.552249
0.55225
0.552252
0.552252
0.552252
0.552253
0.552253
0.552254
0.552254
0.552255
0.552255
0.552255
0.552255
0.552256
0.552256
0.552256
0.552256
0.552256
0.552257
0.552257
0.552257
0.552257
0.552257
0.552257
0.552257
0.552257
0.552257
0.552257
0.552257
0.552257
0.552257
0.552257
0.552257
0.552257
0.552257
0.552257
0.552257
0.552257
0.552257
0.552257
0.552257
0.552257
0.552257
0.552257
0.552257
0.552257
0.552257
0.552257
0.552257
0.552257
0.552257
0.552258
0.552258
0.552258
0.552258
0.552258
0.552258
0.552258
0.552258
0.552258
0.552258
0.552258
0.552258
0.552258
0.552258
0.552258
0.552258
0.552258
0.552258
0.552258
0.552258
0.552258
0.552258
0.552258
0.552258
0.552258
0.552258
0.552258
0.552258
0.552258
0.552258
0.552258
0.552258
0.552258
0.552258
0.552258
0.552258
0.552258
0.552258
0.552258
0.552258
0.552258
0.552258
0.552258
0.552258
0.552258
0.552258
0.552258
0.552258
0.552258
0.552258
0.552258
0.552258
0.552258
0.552258
0.552258
0.552258
0.552258
0.552258
0.552258
0.552258
0.552258
0.552258
0.552258
0.552258
0.552258
0.552258
0.552258
0.552258
0.552258
0.552258
0.552258
0.552258
0.552258
0.552258
0.552258
0.552258
0.552258
0.552258
0.552258
0.552258
0.552258
0.552258
0.552258
0.552258
0.552258
0.552258
0.552258
0.552258
0.552258
0.552258
0.552258
0.552258
0.552258
0.552258
0.552258
0.552258
0.552258
0.552258
0.552258
0.552258
0.552258
0.552258
0.552258
0.552258
0.552258
0.552258
0.552258
0.552258
0.552258
0.552258
0.552258
0.552258
0.552258
0.552258
0.552258
0.552258
0.552258
0.552258
0.552258
0.552258
0.552258
0.552258
0.552258
0.552258
0.552258
0.552258
0.552258
0.552258
0.552258
0.552258
0.552258
0.552258
0.552258
0.552258
0.552258
0.552258
0.552258
0.552258
0.552258
0.552258
0.552258
0.552258
0.552258
0.552258
0.552258
0.552258
0.552258
0.552258
0.552258
0.552258
0.552258
0.552258
0.552258
0.552258
0.552258
0.552258
0.552258
0.552257
0.552258
0.552258
0.552258
0.552258
0.552258
0.552258
0.552258
0.552258
0.552258
0.552258
0.552258
0.552258
0.552258
0.552258
0.552258
0.552258
0.552258
0.552258
0.552258
0.552258
0.552258
0.552258
0.552258
0.552258
0.552258
0.552258
0.552258
0.552258
0.552258
0.455491
0.552258
0.552258
0.552258
0.552258
0.552258
0.552258
0.552258
0.552258
0.552258
0.552258
0.552258
0.552258
0.552258
0.552258
0.552258
0.552258
0.552258
0.552258
0.552258
0.552258
0.552258
0.552258
0.552258
0.552258
0.552258
0.552258
0.552258
0.552258
0.552258
0.552185
0.552258
0.552258
0.552258
0.552258
0.552258
0.552258
0.552258
0.552258
0.552258
0.552258
0.552258
0.552258
0.552258
0.552258
0.552258
0.552258
0.552258
0.552258
0.552258
0.552035
0.552258
0.552258
0.552258
0.552258
0.552258
0.552258
0.552258
0.552258
0.552258
0.552258
0.552258
0.552258
0.552258
0.552258
0.552258
0.552258
0.552258
0.552258
0.552258
0.552258
0.552258
0.552258
0.552258
0.552258
0.552258
0.552258
0.552258
0.552258
0.552258
0.552258
0.552258
0.552258
0.552258
0.552258
0.552258
0.552258
0.552258
0.552258
0.552258
0.552258
0.552258
0.552258
0.552258
0.552258
0.552258
0.552258
0.552258
0.552258
0.552258
0.552258
0.552258
0.552258
0.552258
0.552258
0.552258
0.552258
0.552258
0.552258


0.0252332
0.0256748
0.0272996
0.0286554
0.0289748
0.0292497
0.0317869
0.0317869
0.0320066
0.0327761
0.0343378
0.034853
0.034853
0.0348719
0.0355414
0.0359388
0.0365389
0.0376913
0.0382176
0.0389907
0.0407644
0.0435167
0.0507016
0.0517172
0.0518612
0.0540158
0.0540158
0.0577032
0.0578695
0.0623524
0.0650924
0.072221
0.0749541
0.0781806
0.0803307
0.0852327
0.0917728
0.0976124
0.112326
0.121474
0.128371
0.135653
0.159245
0.159789
0.164259
0.176393
0.199185
0.20999
0.246726
0.251729
0.265739
0.326602
0.328161
0.349676
0.350288
0.371281
0.374373
0.389447
0.406395
0.458464
0.458464
0.4726
0.479594
0.481768
0.491581
0.507393
0.527154
0.529364
0.543085
0.550488
0.558239
0.580295
0.58222
0.584571
0.585629
0.587163
0.5913
0.593526
0.599446
0.604461
0.606218
0.607921
0.611659
0.611906
0.614093
0.614093
0.614593
0.616195
0.616195
0.617842
0.617842
0.618847
0.619285
0.619285
0.619593
0.619702
0.621656
0.621656
0.621721
0.621721
0.622208
0.622683
0.62272
0.623043
0.623219
0.623467
0.623698
0.623698
0.623827
0.624021
0.624249
0.624319
0.624319
0.624335
0.624371
0.624444
0.624444
0.624504
0.624513
0.624589
0.624608
0.624606
0.624606
0.624614
0.624627
0.624635
0.624646
0.624652
0.624654
0.624655
0.624667
0.62467
0.624681
0.624683
0.624685
0.62469
0.624692
0.624693
0.624694
0.624694
0.624697
0.624696
0.6247
0.624702
0.624709
0.624709
0.62471
0.62471
0.624711
0.624713
0.624713
0.624715
0.624715
0.624715
0.624716
0.624716
0.624716
0.624716
0.624717
0.624717
0.624717
0.624717
0.624718
0.624718
0.624718
0.624718
0.624718
0.624718
0.624718
0.624718
0.624718
0.624719
0.624719
0.624719
0.624719
0.624719
0.624719
0.624719
0.624719
0.624719
0.624719
0.624719
0.624719
0.624719
0.624719
0.624719
0.624719
0.624719
0.624719
0.624719
0.624719
0.624719
0.624719
0.624719
0.624719
0.624719
0.624719
0.624719
0.624719
0.624719
0.624719
0.624719
0.624719
0.624719
0.624719
0.624719
0.624719
0.624719
0.624719
0.624719
0.624719
0.624719
0.624719
0.624719
0.624719
0.624719
0.624719
0.624719
0.624719
0.624719
0.624719
0.624719
0.624719
0.624719
0.624719
0.624719
0.624719
0.624719
0.624719
0.624719
0.624719
0.624719
0.624719
0.624719
0.624719
0.624719
0.624719
0.624719
0.624719
0.624719
0.624719
0.624719
0.624719
0.624719
0.624719
0.624719
0.624719
0.624719
0.624719
0.624719
0.624719
0.624719
0.624719
0.624719
0.624719
0.624719
0.624719
0.624719
0.624719
0.624719
0.624719
0.624719
0.624719
0.624719
0.624719
0.624719
0.624719
0.624719
0.624719
0.624719
0.624719
0.624719
0.624719
0.624719
0.624719
0.624719
0.624719
0.624719
0.624719
0.624719
0.624719
0.624719
0.624719
0.624719
0.624719
0.624719
0.624719
0.624719
0.624719
0.624719
0.624719
0.624719
0.624719
0.624719
0.624719
0.624719
0.624719
0.624719
0.624719
0.624719
0.624719
0.624719
0.624719
0.624719
0.624719
0.624719
0.624719
0.624719
0.624719
0.624719
0.624719
0.624719
0.624719
0.624719
0.624719
0.624719
0.624719
0.624719
0.624719
0.624719
0.624719
0.624719
0.624719
0.624719
0.624719
0.624719
0.624719
0.624719
0.624719
0.624719
0.624719
0.624719
0.624719
0.624719
0.624719
0.624719
0.624719
0.624719
0.624719
0.624719
0.624719
0.624719
0.624719
0.624719
0.624719
0.624719
0.624719
0.624719
0.624719
0.624719
0.624719
0.624719
0.624719
0.624719
0.624719
0.624719
0.624719
0.624719
0.624719
0.624719
0.624719
0.624719
0.624719
0.624719
0.624719
0.624719
0.624719
0.624719
0.624719
0.624719
0.624719
0.624719
0.624719
0.624719
0.624719
0.624719
0.624719
0.624719
0.624719
0.624719
0.624719
0.624719
0.624719
0.624719
0.624719
0.624719
0.624719
0.624719
0.624719
0.624719
0.624719
0.624719
0.624719
0.624719
0.624719
0.624719
0.624719
0.624719
0.624719
0.624719
0.624719
0.624719
0.624719
0.624719
0.624719
0.624719
0.624719
0.624719
0.624719
0.624719
0.624719
0.624719
0.624719
0.624719
0.624719
0.624719
0.624719
0.624719
0.624719
0.624719
0.624719
0.624719
0.624719
0.624719
0.624719
0.624719
0.624719
0.624719
0.624719
0.624719
0.624719
0.624719
0.624719
0.624719
0.624719
0.624719
0.624719
0.624719
0.624719
0.624719
0.624719
0.624719
0.624719
0.624719
0.624719
0.624719
0.624719
0.624719
0.624719
0.624719
0.624719
0.624719
0.624719
0.624719
0.624719
0.624719
0.624719
0.624719
0.624719
0.624719
0.624719
0.624719
0.624719
0.624719
0.624719
0.624719
0.624719
0.624719
0.624719
0.624719
0.624719
0.624719
0.624719
0.624719
0.624719
0.624719
0.624719
0.624719
0.624719
0.624719
0.624719
0.624719
0.624719
0.624719
0.624719
0.624719
0.624719
0.624719
0.624719
0.624719
0.624719
0.624719
0.624719
0.624719
0.624719
0.624719
0.624719
0.624719
0.624719
0.624719


0.0219768
0.0253678
0.028264
0.02853
0.0294038
0.0308187
0.0323503
0.0325971
0.0325971
0.0332102
0.0333959
0.0342326
0.0358687
0.0359845
0.0359854
0.0368721
0.0375269
0.0378221
0.0393693
0.0398841
0.0401468
0.0415425
0.0415425
0.0417073
0.0419094
0.0436084
0.0436084
0.0486373
0.0498714
0.0512788
0.0512788
0.0539192
0.0545115
0.0578678
0.0599859
0.0640667
0.0640667
0.0773826
0.0783596
0.0797432
0.0829397
0.0955968
0.101166
0.117128
0.120984
0.122198
0.131672
0.140383
0.148341
0.176986
0.179889
0.201449
0.210345
0.211786
0.216622
0.219981
0.245601
0.24578
0.254707
0.274303
0.292129
0.279524
0.304486
0.316635
0.340184
0.35213
0.397456
0.408711
0.414277
0.418951
0.422633
0.424042
0.427579
0.4303
0.450399
0.475119
0.475119
0.483163
0.485767
0.485767
0.489405
0.491464
0.492183
0.496857
0.496857
0.498938
0.500011
0.500791
0.501345
0.510424
0.510426
0.514936
0.516891
0.516936
0.516946
0.517428
0.518092
0.519214
0.520637
0.520649
0.522409
0.522411
0.523781
0.523781
0.52453
0.524731
0.52514
0.526177
0.526177
0.526907
0.526911
0.527102
0.527406
0.527731
0.527733
0.527825
0.527963
0.527966
0.528145
0.528183
0.528275
0.528332
0.528341
0.528385
0.528571
0.528579
0.528618
0.528661
0.528758
0.528777
0.528779
0.528779
0.528816
0.528816
0.52884
0.528849
0.528849
0.528872
0.528878
0.528897
0.528898
0.528907
0.528914
0.528927
0.528927
0.528928
0.528934
0.528937
0.528937
0.528937
0.528942
0.528943
0.528945
0.528947
0.528947
0.528949
0.528949
0.52895
0.528951
0.528951
0.528952
0.528952
0.528953
0.528954
0.528954
0.528954
0.528955
0.528955
0.528956
0.528956
0.528956
0.528956
0.528956
0.528957
0.528957
0.528957
0.528957
0.528957
0.528957
0.528957
0.528957
0.528957
0.528957
0.528957
0.528957
0.528957
0.528958
0.528958
0.528958
0.528958
0.528958
0.528958
0.528958
0.528958
0.528958
0.528958
0.528958
0.528958
0.528958
0.528958
0.528958
0.528958
0.528958
0.528958
0.528958
0.528958
0.528958
0.528958
0.528958
0.528958
0.528958
0.528958
0.528958
0.528958
0.528958
0.528958
0.528958
0.528958
0.528958
0.528958
0.528958
0.528958
0.528958
0.528958
0.528958
0.528958
0.528958
0.528958
0.528958
0.528958
0.528958
0.528958
0.528958
0.528958
0.528958
0.528958
0.528958
0.528958
0.528958
0.528958
0.528958
0.528958
0.528958
0.528958
0.528958
0.528958
0.528958
0.528958
0.528958
0.528958
0.528958
0.528958
0.528958
0.528958
0.528958
0.528958
0.528958
0.528958
0.528958
0.528958
0.528958
0.528958
0.528958
0.528958
0.528958
0.528958
0.528958
0.528958
0.528958
0.528958
0.528958
0.528958
0.528958
0.528958
0.528958
0.528958
0.528958
0.528958
0.528958
0.528958
0.528958
0.528958
0.528958
0.528958
0.528958
0.528958
0.528958
0.528958
0.528958
0.528958
0.528958
0.528958
0.528958
0.528958
0.528958
0.528958
0.528958
0.528958
0.528958
0.528958
0.528958
0.528958
0.528958
0.528958
0.528958
0.528958
0.528958
0.528958
0.528958
0.528958
0.528958
0.528958
0.528958
0.528958
0.528958
0.528958
0.528958
0.528958
0.528958
0.528958
0.529246
0.530989
0.531018
0.531082
0.531082
0.531818
0.532339
0.532339
0.532339
0.532339
0.532486
0.532505
0.532587
0.532587
0.532669
0.532842
0.532877
0.532877
0.532878
0.532918
0.533224
0.533416
0.533465
0.533605
0.533924
0.534094
0.535243
0.53562
0.535735
0.536645
0.537422
0.537646
0.5386
0.538726
0.538745
0.539064
0.539187
0.539187
0.539342
0.539539
0.53955
0.53955
0.539559
0.539559
0.539602
0.539602
0.539716
0.539742
0.539814
0.539843
0.539929
0.539991
0.540017
0.540024
0.540024
0.54004
0.540042
0.540042
0.540049
0.540074
0.540137
0.540176
0.540177
0.540186
0.540186
0.540186
0.540198
0.540198
0.540204
0.540204
0.540204
0.540204
0.540206
0.540206
0.540218
0.54022
0.54022
0.540232
0.540241
0.540244
0.540267
0.540305
0.540339
0.540356
0.540381
0.540413
0.540479
0.540683
0.540894
0.541143
0.541147
0.541331
0.541331
0.541331
0.541392
0.541392
0.5416
0.541632
0.541681
0.541681
0.541681
0.541712
0.541712
0.541718
0.541742
0.541742
0.541759
0.541759
0.541772
0.541774
0.541774
0.541778
0.541783
0.541793
0.541801
0.541804
0.541809
0.541809
0.541811
0.541811
0.541811
0.541811
0.541812
0.541812
0.541812
0.541816
0.541818
0.541822
0.541825
0.541825
0.541825
0.541825
0.541825
0.541825
0.541825
0.541826
0.541826
0.541827
0.541827
0.541827
0.541827
0.541827
0.541827
0.541827
0.541831
0.541831
0.541832
0.541833
0.541833
0.541834
0.541834
0.541834
0.541834
0.541835
0.541835
0.541835
0.541835
0.541835
0.541835
0.541835
0.541835
0.541835
0.541835
0.541835
0.541835
0.541835
0.541835
0.541835
0.541835
0.541837
0.541838
0.541838
0.541839
0.541842
0.541843
0.541846
0.541847
0.541847
0.541864
0.541899


0.0219975
0.024024
0.0242799
0.0262654
0.0281785
0.0281785
0.0294393
0.0296163
0.0298452
0.0303149
0.0303231
0.0312732
0.0314056
0.0320079
0.0326654
0.0326654
0.0328355
0.0328355
0.0333188
0.0340269
0.0347158
0.0347197
0.0356794
0.0396225
0.0396225
0.0398817
0.0415858
0.0511158
0.0530722
0.0552986
0.0552986
0.0565297
0.0565297
0.0605161
0.0634329
0.0682474
0.0692611
0.0798646
0.0804749
0.0957106
0.0977186
0.114726
0.114726
0.118975
0.143536
0.145392
0.16142
0.16142
0.171523
0.173929
0.187459
0.20877
0.209234
0.215678
0.215678
0.215678
0.217115
0.220778
0.221596
0.235475
0.245501
0.23798
0.248062
0.25435
0.263347
0.275064
0.276295
0.276937
0.27952
0.284935
0.299196
0.302579
0.302771
0.30838
0.314629
0.314629
0.318351
0.321579
0.321954
0.325904
0.327598
0.330004
0.33282
0.33282
0.33496
0.337058
0.33837
0.342148
0.342561
0.344586
0.344814
0.345634
0.346491
0.346491
0.347657
0.348608
0.348918
0.348973
0.349733
0.350677
0.351031
0.351418
0.351478
0.351754
0.352489
0.352539
0.353052
0.354264
0.354284
0.354404
0.355847
0.359214
0.359214
0.359397
0.361382
0.361464
0.364791
0.364853
0.364853
0.365956
0.366352
0.366385
0.367008
0.367008
0.367045
0.367754
0.369914
0.370479
0.370532
0.370544
0.37055
0.371019
0.37104
0.371151
0.371182
0.371326
0.371369
0.37166
0.37174
0.371979
0.372122
0.372203
0.372204
0.372204
0.37223
0.372254
0.372378
0.372404
0.372417
0.372422
0.372527
0.372549
0.372549
0.372558
0.372567
0.372579
0.372579
0.372598
0.372598
0.372601
0.372616
0.372606
0.37265
0.372651
0.372651
0.372652
0.372652
0.372662
0.372664
0.372664
0.372666
0.372666
0.372677
0.372677
0.372677
0.372677
0.372681
0.372682
0.372682
0.372686
0.372686
0.372688
0.372688
0.372688
0.372688
0.372689
0.37269
0.37269
0.372691
0.372692
0.372694
0.372693
0.372694
0.372694
0.372695
0.372695
0.372695
0.372695
0.372695
0.372695
0.372695
0.372696
0.372696
0.372696
0.372696
0.372696
0.372696
0.372696
0.372696
0.372696
0.372696
0.372696
0.372697
0.372697
0.372697
0.372697
0.372697
0.372697
0.372697
0.372697
0.372697
0.372697
0.372697
0.372697
0.372697
0.372697
0.372697
0.372697
0.372697
0.372697
0.372697
0.372697
0.372697
0.372697
0.372697
0.372697
0.372697
0.372697
0.372697
0.372697
0.372697
0.372697
0.372697
0.372697
0.372697
0.372697
0.372697
0.372697
0.372697
0.372697
0.372697
0.372697
0.372697
0.372697
0.372697
0.372697
0.372697
0.372697
0.372697
0.372697
0.372697
0.372697
0.372697
0.372697
0.372697
0.372697
0.372697
0.372697
0.372697
0.372697
0.372697
0.372697
0.372697
0.372697
0.372697
0.372697
0.372697
0.372697
0.372697
0.372697
0.372697
0.372697
0.372697
0.372697
0.372697
0.372697
0.372697
0.372697
0.372697
0.372697
0.372697
0.372697
0.372697
0.372697
0.372697
0.372697
0.372697
0.372697
0.372697
0.372697
0.372697
0.372697
0.372697
0.372697
0.372697
0.372697
0.372697
0.372697
0.372697
0.372697
0.372697
0.372697
0.372697
0.372697
0.372697
0.372697
0.372697
0.372697
0.372697
0.372697
0.372697
0.372697
0.372697
0.372697
0.372697
0.372697
0.372697
0.372697
0.372697
0.372697
0.372697
0.372697
0.372697
0.372697
0.372697
0.372697
0.372697
0.372697
0.372697
0.372697
0.372697
0.372697
0.372697
0.372697
0.372697
0.372697
0.372697
0.372697
0.372697
0.372697
0.372697
0.372697
0.372697
0.372697
0.372697
0.372697
0.372697
0.372697
0.372697
0.372697
0.372697
0.372697
0.372697
0.372697
0.372697
0.372697
0.372697
0.372697
0.372697
0.372697
0.372697
0.372697
0.372697
0.372697
0.372697
0.372697
0.372697
0.372697
0.372697
0.372697
0.372697
0.372697
0.372697
0.372697
0.372697
0.372697
0.372697
0.372697
0.372697
0.372697
0.372697
0.372697
0.372697
0.372697
0.372697
0.372697
0.372697
0.372697
0.372697
0.372697
0.372697
0.372697
0.372697
0.372697
0.372697
0.372697
0.372697
0.372697
0.372697
0.372697
0.372697
0.372697
0.372697
0.372697
0.372697
0.372697
0.372697
0.372697
0.372697
0.372697
0.372697
0.372697
0.372697
0.372697
0.372697
0.372697
0.372697
0.372697
0.372697
0.372697
0.372697
0.372697
0.372697
0.372697
0.372697
0.372697
0.372697
0.372697
0.372697
0.372697
0.372697
0.372697
0.372697
0.372697
0.372697
0.372697
0.372697
0.372697
0.372697
0.372697
0.372697
0.372697
0.372697
0.372697
0.372697
0.372697
0.372697
0.372697
0.372697
0.372697
0.372697
0.372697
0.372697
0.372697
0.372697
0.372697
0.372697
0.372697
0.372697
0.372697
0.372697
0.372697
0.372697
0.372697
0.372697
0.372697
0.372697
0.372697
0.372697
0.372697
0.372697
0.372697
0.372697
0.372697
0.372697
0.372697
0.372697
0.372697
0.372697
0.372697
0.372697
0.372697
0.372697
0.372697
0.372697
0.372697
0.372697
0.372697
0.372697
0.372697


0.0216734
0.0253604
0.0280256
0.0291718
0.0292596
0.0298008
0.0305883
0.0306007
0.0306178
0.030896
0.0311239
0.0313922
0.0322695
0.0331786
0.0333098
0.0333657
0.0333657
0.0337786
0.0337786
0.0344375
0.0346439
0.0345162
0.0360417
0.0369778
0.0372087
0.0406739
0.0422652
0.0466016
0.049384
0.049384
0.0497341
0.0525669
0.0554553
0.0557696
0.0625768
0.0628844
0.0675729
0.0701184
0.0759298
0.080151
0.0857845
0.0963459
0.0971286
0.103681
0.103813
0.122048
0.12583
0.128455
0.156382
0.156591
0.168651
0.168826
0.182301
0.186248
0.187625
0.208521
0.208521
0.225382
0.23871
0.23871
0.23871
0.250855
0.264723
0.265294
0.276214
0.276601
0.279417
0.296828
0.297109
0.303773
0.303781
0.304002
0.304052
0.308139
0.315424
0.315424
0.317655
0.322885
0.326025
0.332376
0.337283
0.350129
0.351341
0.359363
0.359363
0.362454
0.368358
0.369186
0.369594
0.371072
0.37713
0.382047
0.382047
0.382827
0.386828
0.389108
0.389108
0.389797
0.391104
0.393776
0.394489
0.395871
0.395871
0.395954
0.397718
0.397775
0.399616
0.400765
0.401632
0.403036
0.40359
0.407143
0.408185
0.408185
0.408659
0.414495
0.418289
0.420937
0.422303
0.425871
0.425902
0.425462
0.425606
0.42686
0.426891
0.426913
0.427059
0.427204
0.427215
0.428962
0.428968
0.428981
0.429064
0.429064
0.429261
0.429262
0.429844
0.430499
0.430499
0.430897
0.430897
0.430975
0.43098
0.430983
0.431429
0.431439
0.432001
0.432001
0.432185
0.432421
0.432421
0.432318
0.432319
0.432514
0.432514
0.432648
0.432648
0.432713
0.432825
0.432868
0.432911
0.432913
0.432966
0.432981
0.432984
0.432984
0.433005
0.433025
0.43313
0.43313
0.43313
0.433121
0.433122
0.433172
0.433194
0.433199
0.433199
0.433204
0.433219
0.433219
0.433219
0.433242
0.433243
0.433243
0.433254
0.433258
0.433258
0.43326
0.433293
0.433293
0.433316
0.433316
0.433316
0.433316
0.43332
0.433335
0.433335
0.433339
0.433339
0.433339
0.433339
0.433348
0.433353
0.433361
0.433361
0.433372
0.433372
0.433372
0.433372
0.433372
0.433379
0.433382
0.433383
0.433383
0.433384
0.433384
0.43339
0.433391
0.433393
0.433397
0.433399
0.433399
0.433402
0.433403
0.433404
0.433404
0.433404
0.433405
0.433405
0.433405
0.433405
0.433405
0.433405
0.433406
0.433406
0.433406
0.433406
0.433406
0.433406
0.433406
0.433407
0.433407
0.433407
0.433407
0.433407
0.433408
0.433408
0.433408
0.433408
0.433408
0.433408
0.433408
0.433408
0.433408
0.433408
0.433409
0.433409
0.433409
0.433409
0.433409
0.433409
0.433409
0.433409
0.433409
0.433409
0.433409
0.433409
0.433409
0.433409
0.433409
0.433409
0.433409
0.433409
0.433409
0.433409
0.433409
0.433409
0.433409
0.433409
0.433409
0.433409
0.433409
0.433409
0.433409
0.433409
0.433409
0.433409
0.433409
0.433409
0.433409
0.433409
0.433409
0.433409
0.433409
0.433409
0.433409
0.433409
0.433409
0.433409
0.433409
0.433409
0.433409
0.433409
0.433409
0.433409
0.433409
0.433409
0.433409
0.433409
0.433409
0.433409
0.433409
0.433409
0.433409
0.433409
0.433409
0.433409
0.433409
0.433409
0.433409
0.433409
0.433409
0.433409
0.433409
0.433409
0.433409
0.433409
0.433409
0.433409
0.433409
0.433409
0.433409
0.433409
0.433409
0.433409
0.433409
0.433409
0.433409
0.433409
0.433409
0.433409
0.433409
0.433409
0.433409
0.433409
0.433409
0.433409
0.433409
0.433409
0.433409
0.433409
0.433409
0.433409
0.433409
0.433409
0.433409
0.433409
0.433409
0.433409
0.433409
0.433409
0.433409
0.433409
0.433409
0.433409
0.433409
0.433409
0.433409
0.433409
0.433409
0.433409
0.433409
0.433409
0.433409
0.433409
0.433409
0.433409
0.433409
0.433409
0.433409
0.433409
0.433409
0.433409
0.433409
0.433409
0.433409
0.433409
0.433409
0.433409
0.433409
0.433409
0.433409
0.433409
0.433409
0.433409
0.433409
0.433409
0.433409
0.433409
0.433409
0.433409
0.433409
0.433409
0.433409
0.433409
0.433409
0.433409
0.433409
0.433409
0.433409
0.433409
0.433409
0.433409
0.433409
0.433409
0.433409
0.433409
0.433409
0.433409
0.433409
0.433409
0.433409
0.433409
0.433409
0.433409
0.433409
0.433409
0.433409
0.433409
0.433409
0.433409
0.433409
0.433409
0.433409
0.433409
0.433409
0.433409
0.433409
0.433409
0.433409
0.433409
0.433409
0.433409
0.433409
0.433409
0.433409
0.433409
0.433409
0.433409
0.433409
0.433409
0.433409
0.433409
0.433409
0.433409
0.433409
0.433409
0.433409
0.433409
0.433409
0.433409
0.433409
0.433409
0.433409
0.433409
0.433409
0.433409
0.433409
0.433409
0.433409
0.433409
0.433409
0.433409
0.433409
0.433409
0.433409
0.433409
0.433409
0.433409
0.433409
0.433409
0.433409
0.433409
0.433409
0.433409
0.433409
0.433409
0.433409
0.433409
0.433409
0.433409
0.433409
0.433409
0.433409
0.433409
0.433409
0.433409
0.433409
0.433409
0.433409


0.0306798
0.0339195
0.0361926
0.0382275
0.0399826
0.0431486
0.0431486
0.0438939
0.0444841
0.045501
0.046114
0.0463788
0.0471203
0.0473258
0.0474036
0.0478462
0.0505055
0.0513466
0.0513466
0.0525831
0.0586426
0.0595
0.0618547
0.0656121
0.0661402
0.0665367
0.0736849
0.0755923
0.0786082
0.100633
0.106076
0.0999648
0.120361
0.125475
0.140202
0.153752
0.178466
0.186984
0.201189
0.221311
0.221311
0.225279
0.243357
0.257057
0.273403
0.285141
0.285141
0.296888
0.296888
0.296888
0.340142
0.359315
0.379821
0.421408
0.447247
0.4525
0.45303
0.471265
0.483457
0.484314
0.48964
0.510847
0.516558
0.548934
0.558086
0.589551
0.605985
0.61018
0.628536
0.631935
0.649977
0.655078
0.665055
0.675301
0.676545
0.687518
0.69264
0.69264
0.702908
0.70663
0.719259
0.721593
0.728612
0.730085
0.73065
0.731349
0.736182
0.741137
0.742023
0.74398
0.746855
0.744938
0.748988
0.749414
0.749622
0.751434
0.753281
0.753735
0.754062
0.755571
0.757741
0.758317
0.758334
0.758614
0.758614
0.758721
0.75953
0.760165
0.760336
0.760463
0.760463
0.760531
0.761088
0.761538
0.761538
0.7616
0.761742
0.761848
0.761975
0.762053
0.762096
0.762224
0.762237
0.762278
0.762343
0.762378
0.762436
0.762486
0.762523
0.762549
0.762556
0.762572
0.762625
0.76265
0.76268
0.762704
0.762717
0.76272
0.76272
0.76278
0.762783
0.762784
0.762794
0.762795
0.762811
0.762816
0.762818
0.762822
0.762823
0.76283
0.762843
0.762846
0.762848
0.762848
0.762849
0.762849
0.762852
0.762854
0.762855
0.762856
0.762857
0.762857
0.762857
0.762857
0.762858
0.762858
0.762859
0.76286
0.76286
0.762861
0.762861
0.762861
0.762861
0.762861
0.762862
0.762862
0.762862
0.762862
0.762863
0.762863
0.762863
0.762863
0.762863
0.762863
0.762863
0.762863
0.762863
0.762863
0.762863
0.762863
0.762863
0.762863
0.762863
0.762863
0.762863
0.762863
0.762863
0.762863
0.762863
0.762863
0.762863
0.762863
0.762864
0.762864
0.762864
0.762864
0.762864
0.762864
0.762864
0.762864
0.762864
0.762864
0.762864
0.762864
0.762864
0.762864
0.762864
0.762864
0.762864
0.762864
0.762864
0.762864
0.762864
0.762864
0.762864
0.762864
0.762864
0.762864
0.762864
0.762864
0.762864
0.762864
0.762864
0.762864
0.762864
0.762864
0.762864
0.762864
0.762864
0.762864
0.762864
0.762864
0.762864
0.762864
0.762864
0.762864
0.762864
0.762864
0.762864
0.762864
0.762864
0.762864
0.762864
0.762864
0.762864
0.762864
0.762864
0.762864
0.762864
0.762864
0.762864
0.762864
0.762864
0.762864
0.762864
0.762864
0.762864
0.762864
0.762864
0.762864
0.762864
0.762864
0.762864
0.762864
0.762864
0.762864
0.762864
0.762864
0.762864
0.762864
0.762864
0.762864
0.762864
0.762864
0.762864
0.762864
0.762864
0.762864
0.762864
0.762864
0.762864
0.762864
0.762864
0.762864
0.762864
0.762864
0.762864
0.762864
0.762864
0.762864
0.762864
0.762864
0.762864
0.762864
0.762864
0.762864
0.762864
0.762864
0.762864
0.762864
0.762864
0.762864
0.762864
0.762864
0.762864
0.762864
0.762864
0.762864
0.762864
0.762864
0.762864
0.762864
0.762864
0.762864
0.762864
0.762864
0.762864
0.762864
0.762864
0.762864
0.762864
0.762864
0.762864
0.762864
0.762864
0.762864
0.762864
0.762864
0.762864
0.762864
0.762864
0.762864
0.762864
0.762864
0.762864
0.762864
0.762864
0.762864
0.762864
0.762864
0.762864
0.762864
0.762864
0.762864
0.762864
0.762864
0.762864
0.762864
0.762864
0.762864
0.762864
0.762864
0.762864
0.762864
0.762864
0.762864
0.762864
0.762864
0.762864
0.762864
0.762864
0.762864
0.762864
0.762864
0.762864
0.762864
0.762864
0.762864
0.762864
0.762864
0.762864
0.762864
0.762864
0.762864
0.762864
0.762864
0.762864
0.762864
0.762864
0.762864
0.762864
0.762864
0.762864
0.762864
0.762864
0.762864
0.762864
0.762864
0.762864
0.762864
0.762864
0.762864
0.762864
0.762864
0.762864
0.762864
0.762864
0.762864
0.762864
0.762864
0.762864
0.762864
0.762864
0.762864
0.762864
0.762864
0.762864
0.762864
0.762864
0.762864
0.762864
0.762864
0.762864
0.762864
0.762864
0.762864
0.762864
0.762864
0.762864
0.762864
0.762864
0.762864
0.762864
0.762864
0.762864
0.762864
0.762864
0.762864
0.762864
0.762864
0.762864
0.762864
0.762864
0.762864
0.762864
0.762864
0.762864
0.762864
0.762864
0.762864
0.762864
0.762864
0.762864
0.762864
0.762864
0.762864
0.762864
0.762864
0.762864
0.762864
0.762864
0.762864
0.762864
0.762864
0.762864
0.762864
0.762864
0.762864
0.762864
0.762864
0.762864
0.762864
0.762864
0.762864
0.762864
0.762864
0.762864
0.762864
0.762864
0.762864
0.762864
0.762864
0.762864
0.762864
0.762864
0.762864
0.762864
0.762864
0.762864
0.762864
0.762864
0.762864
0.762864
0.762864
0.762864
0.762864
0.762864
0.762864
0.762864
0.762864


0.0241604
0.028588
0.0288278
0.0291043
0.0297512
0.0330519
0.0332104
0.0334066
0.0338988
0.0338988
0.0345779
0.0345779
0.036023
0.0370318
0.0375562
0.0377482
0.0391524
0.0410076
0.0419187
0.0419196
0.0448168
0.0444743
0.045751
0.045751
0.0465913
0.053826
0.0544085
0.0557552
0.0619645
0.0619645
0.063153
0.0647115
0.0739784
0.0739784
0.076297
0.0788738
0.0925554
0.0986983
0.102822
0.104111
0.117518
0.122592
0.122592
0.137791
0.139382
0.149827
0.149827
0.154948
0.157456
0.160335
0.17453
0.186519
0.191014
0.201296
0.221281
0.221281
0.234593
0.246319
0.246319
0.254739
0.257072
0.261822
0.268001
0.268001
0.278854
0.279559
0.279559
0.284312
0.288533
0.290045
0.290882
0.29308
0.293367
0.299102
0.3018
0.30379
0.303839
0.305237
0.306302
0.30724
0.30878
0.308529
0.309903
0.313427
0.313488
0.315012
0.31515
0.315381
0.315585
0.315687
0.315856
0.317001
0.317067
0.31758
0.31758
0.318727
0.319245
0.319275
0.319275
0.319503
0.31973
0.31973
0.319791
0.319895
0.320114
0.320158
0.320158
0.320239
0.320254
0.320294
0.320322
0.320398
0.320435
0.320504
0.320509
0.320604
0.320604
0.32068
0.320704
0.320743
0.320792
0.32083
0.320845
0.320896
0.320917
0.320917
0.320917
0.320924
0.32093
0.32094
0.320944
0.32095
0.320962
0.320969
0.320974
0.320982
0.320989
0.320991
0.320993
0.320993
0.320998
0.320998
0.321005
0.321005
0.321005
0.321008
0.321013
0.321013
0.321019
0.321019
0.32102
0.321021
0.321022
0.321023
0.321023
0.321023
0.321023
0.321023
0.321025
0.321026
0.321026
0.321026
0.321027
0.321027
0.321027
0.321028
0.321028
0.321028
0.321028
0.321029
0.321029
0.321029
0.321029
0.321029
0.321029
0.321029
0.321029
0.321029
0.329406
0.329406
0.334545
0.334545
0.343969
0.34556
0.381862
0.384739
0.384739
0.384739
0.384739
0.384739
0.384739
0.393603
0.397728
0.397728
0.400993
0.400993
0.420567
0.422066
0.422066
0.428349
0.451849
0.451849
0.451849
0.451849
0.451849
0.451849
0.460288
0.460288
0.464143
0.464143
0.464143
0.462977
0.465159
0.465159
0.465159
0.466863
0.470114
0.470114
0.470114
0.479559
0.479559
0.479559
0.479559
0.487032
0.487032
0.487032
0.487032
0.488332
0.489239
0.495137
0.495137
0.49733
0.498191
0.498225
0.499127
0.501914
0.501914
0.501914
0.501914
0.502187
0.502496
0.502713
0.502713
0.502713
0.502713
0.502713
0.502926
0.503224
0.503224
0.503727
0.503727
0.503727
0.50386
0.50386
0.504123
0.504123
0.504133
0.504135
0.504135
0.504135
0.504212
0.504202
0.504202
0.504202
0.504265
0.504266
0.504289
0.504515
0.504547
0.504667
0.504668
0.504669
0.504671
0.504681
0.504694
0.504709
0.504709
0.504728
0.504728
0.504728
0.504728
0.504733
0.504733
0.504733
0.504769
0.504769
0.504772
0.504801
0.504813
0.504813
0.504813
0.504812
0.504818
0.504821
0.504821
0.504823
0.504823
0.504823
0.504824
0.504825
0.504825
0.504826
0.50483
0.50483
0.504831
0.504831
0.504831
0.504832
0.504833
0.504833
0.504833
0.504833
0.504834
0.504835
0.504835
0.504835
0.504835
0.504835
0.504836
0.504836
0.504836
0.504836
0.504836
0.504836
0.504836
0.504836
0.504836
0.504836
0.504836
0.504836
0.504837
0.504837
0.504837
0.504837
0.504837
0.504837
0.504837
0.504837
0.504837
0.504837
0.504837
0.504837
0.504837
0.504837
0.504837
0.504837
0.504837
0.504837
0.504837
0.504837
0.504837
0.504837
0.504837
0.504837
0.504837
0.504837
0.504837
0.504837
0.504837
0.504837
0.504837
0.504837
0.504837
0.504837
0.504837
0.504837
0.504837
0.504837
0.504837
0.504837
0.504837
0.504837
0.504837
0.504837
0.504837
0.504837
0.504837
0.504837
0.504837
0.504837
0.504837
0.504475
0.504837
0.504837
0.504837
0.504837
0.504837
0.504837
0.504837
0.504837
0.504837
0.504837
0.504837
0.504837
0.504837
0.504837
0.504837
0.504837
0.504837
0.504837
0.504837
0.504837
0.504837
0.504837
0.504837
0.504837
0.504837
0.504837
0.504837
0.504837
0.504837
0.504837
0.504837
0.504837
0.504837
0.504837
0.504837
0.504837
0.504837
0.504837
0.504837
0.504837
0.504837
0.504837
0.504837
0.504837
0.504837
0.504837
0.504837
0.504837
0.504837
0.504837
0.504837
0.504837
0.504837
0.504837
0.504837
0.504837
0.504837
0.504837
0.504837
0.504837
0.504837
0.504837
0.504837
0.504837
0.504837
0.504837
0.504837
0.504837
0.504837
0.504837
0.504837
0.504837
0.504837
0.504837
0.504837
0.504837
0.504837
0.504837
0.504837
0.504837
0.504837
0.504837
0.504837
0.504837
0.504837
0.504837
0.504837
0.504837
0.504837
0.504837
0.504837
0.504837
0.504837
0.504837
0.504837
0.504837
0.504837
0.504837
0.504837
0.504837
0.504837
0.504837
0.504837
0.504837
0.504837
0.504837
0.504837
0.504837
0.504837
0.504837
0.504837
0.504837
0.504837
0.504837
0.504837
0.504837
0.504837
0.504837


0.0294326
0.0310229
0.0318645
0.0331551
0.0357378
0.0366685
0.0369469
0.0383707
0.0383707
0.0390266
0.0396442
0.0402953
0.0413441
0.0417627
0.0423643
0.0435702
0.0439795
0.0442969
0.0445177
0.0447847
0.0453648
0.0453168
0.0457202
0.0473706
0.0482237
0.0496368
0.0496368
0.0496943
0.0533776
0.0581522
0.0606979
0.0606979
0.0634585
0.0653753
0.0667061
0.0667306
0.0718492
0.0726717
0.0763903
0.0789008
0.0818887
0.083668
0.0874338
0.0950448
0.129114
0.134474
0.13892
0.146509
0.146509
0.148729
0.158012
0.154024
0.178407
0.179846
0.204161
0.204161
0.215845
0.229775
0.230854
0.243227
0.246269
0.257096
0.277779
0.278263
0.279938
0.281957
0.323183
0.323183
0.356583
0.357169
0.357404
0.368561
0.371306
0.379863
0.379863
0.381573
0.385178
0.389183
0.395597
0.396298
0.401779
0.402591
0.403129
0.406263
0.410123
0.410133
0.410133
0.416744
0.416896
0.416948
0.418963
0.419081
0.419081
0.421515
0.423198
0.423198
0.423591
0.424875
0.424875
0.424875
0.425429
0.425904
0.425998
0.426232
0.426232
0.426232
0.426602
0.426648
0.426702
0.426768
0.426768
0.426834
0.426873
0.426912
0.42696
0.427154
0.427157
0.427266
0.427266
0.427269
0.427284
0.427386
0.427387
0.427399
0.427437
0.427437
0.427438
0.427469
0.427492
0.427544
0.427544
0.427571
0.427587
0.427618
0.427625
0.427641
0.427642
0.427646
0.427647
0.427647
0.427651
0.427653
0.427658
0.427663
0.427663
0.427671
0.427671
0.427674
0.427674
0.427676
0.427676
0.427677
0.42768
0.42768
0.42768
0.427681
0.427681
0.427682
0.427684
0.427684
0.427685
0.427686
0.427686
0.427686
0.427687
0.427687
0.427687
0.427687
0.427687
0.427687
0.427688
0.427688
0.427688
0.427689
0.427689
0.427689
0.427689
0.427689
0.427689
0.427689
0.427689
0.427689
0.427689
0.42769
0.42769
0.42769
0.42769
0.42769
0.42769
0.42769
0.42769
0.42769
0.42769
0.42769
0.42769
0.42769
0.42769
0.42769
0.42769
0.42769
0.42769
0.42769
0.42769
0.42769
0.42769
0.42769
0.42769
0.42769
0.42769
0.42769
0.42769
0.42769
0.42769
0.42769
0.42769
0.42769
0.42769
0.42769
0.42769
0.42769
0.42769
0.42769
0.42769
0.42769
0.42769
0.42769
0.42769
0.42769
0.42769
0.42769
0.42769
0.42769
0.42769
0.42769
0.42769
0.42769
0.42769
0.42769
0.42769
0.42769
0.42769
0.42769
0.42769
0.42769
0.42769
0.42769
0.42769
0.42769
0.42769
0.42769
0.42769
0.42769
0.42769
0.42769
0.42769
0.42769
0.42769
0.42769
0.42769
0.42769
0.42769
0.42769
0.42769
0.42769
0.42769
0.42769
0.42769
0.42769
0.42769
0.42769
0.42769
0.42769
0.42769
0.42769
0.42769
0.42769
0.42769
0.42769
0.42769
0.42769
0.42769
0.42769
0.42769
0.42769
0.42769
0.42769
0.42769
0.42769
0.42769
0.42769
0.42769
0.42769
0.42769
0.42769
0.42769
0.42769
0.42769
0.42769
0.42769
0.42769
0.42769
0.42769
0.42769
0.42769
0.42769
0.42769
0.42769
0.42769
0.42769
0.42769
0.42769
0.42769
0.42769
0.42769
0.42769
0.42769
0.42769
0.42769
0.42769
0.42769
0.42769
0.42769
0.42769
0.42769
0.42769
0.42769
0.42769
0.42769
0.42769
0.42769
0.42769
0.42769
0.42769
0.42769
0.42769
0.42769
0.42769
0.42769
0.42769
0.42769
0.42769
0.42769
0.42769
0.42769
0.42769
0.42769
0.42769
0.42769
0.42769
0.42769
0.42769
0.42769
0.42769
0.42769
0.42769
0.42769
0.42769
0.42769
0.42769
0.42769
0.42769
0.42769
0.42769
0.42769
0.42769
0.42769
0.42769
0.42769
0.42769
0.42769
0.42769
0.42769
0.42769
0.42769
0.42769
0.42769
0.42769
0.42769
0.42769
0.42769
0.42769
0.42769
0.42769
0.42769
0.42769
0.42769
0.42769
0.42769
0.42769
0.42769
0.42769
0.42769
0.42769
0.42769
0.42769
0.42769
0.42769
0.42769
0.42769
0.42769
0.42769
0.42769
0.42769
0.42769
0.42769
0.42769
0.42769
0.42769
0.42769
0.42769
0.42769
0.42769
0.42769
0.42769
0.42769
0.42769
0.42769
0.42769
0.42769
0.42769
0.42769
0.42769
0.42769
0.42769
0.42769
0.42769
0.42769
0.42769
0.42769
0.42769
0.42769
0.42769
0.42769
0.42769
0.42769
0.42769
0.42769
0.42769
0.42769
0.42769
0.42769
0.42769
0.42769
0.42769
0.42769
0.42769
0.42769
0.42769
0.42769
0.42769
0.42769
0.42769
0.42769
0.42769
0.42769
0.42769
0.42769
0.42769
0.42769
0.42769
0.42769
0.42769
0.42769
0.42769
0.42769
0.42769
0.42769
0.42769
0.42769
0.42769
0.42769
0.42769
0.42769
0.42769
0.42769
0.42769
0.42769
0.42769
0.42769
0.42769
0.42769
0.42769
0.42769
0.42769
0.42769
0.42769
0.42769
0.42769
0.42769
0.42769
0.42769
0.42769
0.42769
0.42769
0.42769
0.42769
0.42769
0.42769
0.42769
0.42769


0.0265317
0.0279138
0.028048
0.0292716
0.0307868
0.0309533
0.0313517
0.032258
0.032258
0.0330904
0.0351796
0.0343569
0.0354272
0.0386609
0.0407598
0.0408806
0.0409142
0.0419453
0.0419453
0.0447856
0.0448285
0.0464127
0.0468467
0.047008
0.0491325
0.0494166
0.0504419
0.0578842
0.0609522
0.0700355
0.0768853
0.0768853
0.0774493
0.083697
0.083697
0.0881188
0.0967708
0.0976153
0.107029
0.115076
0.118277
0.134267
0.134267
0.136426
0.162686
0.168908
0.190393
0.199079
0.214272
0.215332
0.215504
0.215504
0.24056
0.244246
0.259415
0.274404
0.278343
0.282749
0.315708
0.315848
0.333552
0.335449
0.36881
0.396385
0.396385
0.397364
0.397364
0.400119
0.410616
0.412286
0.426346
0.42699
0.427555
0.427555
0.438149
0.439817
0.458297
0.481919
0.482134
0.484478
0.484554
0.484554
0.508419
0.508484
0.508918
0.510478
0.511213
0.522169
0.52226
0.522439
0.522888
0.520962
0.528558
0.528558
0.528558
0.534256
0.534504
0.534587
0.539436
0.542753
0.545331
0.54348
0.544297
0.571165
0.58534
0.612258
0.616525
0.616612
0.618344
0.626865
0.661343
0.695605
0.716715
0.716715
0.718737
0.721685
0.721685
0.745094
0.745094
0.745968
0.760057
0.770624
0.771144
0.790678
0.791918
0.791918
0.792577
0.792577
0.804163
0.81216
0.813046
0.816032
0.816138
0.817761
0.823871
0.823871
0.824328
0.826252
0.828414
0.828749
0.8351
0.838436
0.842218
0.842745
0.845816
0.846868
0.847508
0.849283
0.849502
0.852032
0.852606
0.853418
0.854664
0.854666
0.854909
0.854909
0.855985
0.855985
0.856458
0.857281
0.857281
0.857316
0.857835
0.857835
0.857879
0.85834
0.858361
0.858366
0.858366
0.858546
0.858633
0.858663
0.858663
0.858923
0.859008
0.859008
0.859024
0.859115
0.859184
0.859293
0.85943
0.859456
0.859456
0.859553
0.859563
0.859574
0.859577
0.859633
0.859634
0.85964
0.859704
0.859705
0.859808
0.859836
0.859859
0.859863
0.859864
0.859892
0.859985
0.859985
0.859986
0.86004
0.86004
0.860046
0.860053
0.860058
0.860092
0.860092
0.860098
0.860128
0.860142
0.860145
0.860163
0.860169
0.86018
0.860201
0.860201
0.860207
0.860207
0.860212
0.860214
0.860219
0.860219
0.860223
0.860224
0.860224
0.860224
0.860227
0.860227
0.860229
0.860229
0.860229
0.86023
0.860231
0.860232
0.860232
0.860234
0.860234
0.860234
0.860234
0.860234
0.860235
0.860236
0.860236
0.860236
0.860236
0.860236
0.860236
0.860236
0.860236
0.860236
0.860237
0.860237
0.860237
0.860237
0.860237
0.860237
0.860238
0.860238
0.860238
0.860238
0.860238
0.860238
0.860238
0.860238
0.860238
0.860238
0.860238
0.860238
0.860238
0.860238
0.860238
0.860238
0.860238
0.860238
0.860238
0.860238
0.860238
0.860238
0.860238
0.860238
0.860239
0.860239
0.860239
0.860239
0.860239
0.860239
0.860239
0.860239
0.860239
0.860239
0.860239
0.860239
0.860239
0.860239
0.860239
0.860239
0.860239
0.860239
0.860239
0.860239
0.860239
0.860239
0.860239
0.860239
0.860239
0.860239
0.860239
0.860239
0.860239
0.860239
0.860239
0.860239
0.860239
0.860239
0.860239
0.860239
0.860239
0.860239
0.860239
0.860239
0.860239
0.860239
0.860239
0.860239
0.860239
0.860239
0.860239
0.860239
0.860239
0.860239
0.860239
0.860239
0.860239
0.860239
0.860239
0.860239
0.860239
0.860239
0.860239
0.860239
0.860239
0.860239
0.860239
0.860239
0.860239
0.860239
0.860239
0.860239
0.860239
0.860239
0.860239
0.860239
0.860239
0.860239
0.860239
0.860239
0.860239
0.860239
0.860239
0.860239
0.860239
0.860239
0.860239
0.860239
0.860239
0.860239
0.860239
0.860239
0.860239
0.860239
0.860239
0.860239
0.860239
0.860239
0.860239
0.860239
0.860239
0.860239
0.860239
0.860239
0.88673
0.88673
0.891881
0.908092
0.938948
0.939245
0.939245
0.940748
0.943227
0.94785
0.950894
0.950894
0.950894
0.955537
0.955537
0.959973
0.960871
0.962517
0.964953
0.964953
0.965034
0.965447
0.965447
0.965571
0.965596
0.965734
0.965862
0.965862
0.966091
0.966335
0.966216
0.966236
0.966289
0.966322
0.966596
0.966596
0.967673
0.967794
0.968032
0.968524
0.971618
0.980199
0.983406
0.983716
0.983716
0.983716
0.983916
0.984063
0.984063
0.984063
0.983973
0.984195
0.984257
0.984863
0.985402
0.985402
0.985449
0.985497
0.985526
0.985557
0.985522
0.985522
0.985539
0.985571
0.985571
0.985571
0.985596
0.98561
0.985625
0.985625
0.985636
0.985638
0.985641
0.985646
0.985651
0.985661
0.985676
0.985704
0.985754
0.985809
0.985772
0.985849
0.985926
0.986028
0.987208
0.987208
0.987208
0.987583
0.987643
0.987681
0.987713
0.987713
0.987713
0.987713
0.987718
0.987724
0.987732
0.987738
0.98776
0.987766
0.987772
0.987781
0.987798
0.987812
0.987832
0.98784
0.98784
0.987842
0.987843
0.987843
0.987842
0.987842
0.987842
0.987843
0.987844
0.987844
0.987845
0.987845
0.987846


0.0218227
0.0250836
0.0253184
0.0253184
0.0265957
0.0267526
0.0281276
0.0291445
0.0291445
0.030023
0.0310262
0.0317697
0.0320477
0.0322163
0.0324303
0.0327332
0.0341257
0.0351276
0.0365644
0.0383238
0.0387135
0.0408515
0.0447749
0.0447749
0.0448123
0.0463884
0.0475586
0.053163
0.053163
0.0555357
0.0555357
0.0599539
0.0662161
0.0686367
0.0686367
0.070596
0.0787383
0.0798775
0.0824172
0.085244
0.0863669
0.0983689
0.113117
0.113163
0.119896
0.124331
0.12582
0.13015
0.137081
0.142036
0.153913
0.179952
0.180955
0.185222
0.195462
0.20257
0.20257
0.232235
0.253723
0.258511
0.265303
0.275607
0.27988
0.286115
0.31421
0.318019
0.318452
0.321018
0.324253
0.332032
0.337136
0.338569
0.342855
0.346062
0.350916
0.354089
0.356998
0.357408
0.36241
0.363134
0.364243
0.368319
0.371642
0.372484
0.376227
0.376481
0.378689
0.378979
0.379388
0.382
0.382432
0.382245
0.382245
0.383285
0.384679
0.385126
0.385376
0.386614
0.387082
0.387082
0.388576
0.388053
0.388872
0.388963
0.388963
0.389541
0.390032
0.390533
0.391178
0.391187
0.391645
0.391997
0.392026
0.392138
0.392172
0.392344
0.392344
0.392561
0.392673
0.392721
0.392721
0.392724
0.392811
0.392885
0.392891
0.392903
0.392923
0.392985
0.39299
0.392999
0.393022
0.393052
0.393052
0.39311
0.393112
0.393128
0.39313
0.393137
0.39318
0.393192
0.393199
0.393205
0.393216
0.393224
0.393224
0.393229
0.39323
0.393231
0.393246
0.393248
0.39325
0.393254
0.393254
0.393255
0.393262
0.393263
0.393264
0.393265
0.393266
0.393266
0.393269
0.393272
0.393274
0.393275
0.393275
0.393276
0.393276
0.393276
0.393278
0.393279
0.39328
0.39328
0.39328
0.393281
0.393281
0.393281
0.393283
0.393283
0.393283
0.393283
0.393283
0.393283
0.393284
0.393284
0.393285
0.393285
0.393285
0.393285
0.393285
0.393285
0.393285
0.393285
0.393285
0.393285
0.393285
0.393285
0.393285
0.393285
0.393285
0.393285
0.393285
0.393285
0.393285
0.393285
0.393286
0.393286
0.393286
0.393286
0.393286
0.393286
0.393286
0.393286
0.393286
0.393286
0.393286
0.393286
0.393286
0.393286
0.393286
0.393286
0.393286
0.393286
0.393286
0.393286
0.393286
0.393286
0.393286
0.393286
0.393286
0.393286
0.393286
0.393286
0.393286
0.393286
0.393286
0.393286
0.393286
0.393286
0.393286
0.393286
0.393286
0.393286
0.393286
0.393286
0.393286
0.393286
0.393286
0.393286
0.393286
0.393286
0.393286
0.393286
0.393286
0.393286
0.393286
0.393286
0.393286
0.393286
0.393286
0.393286
0.393286
0.393286
0.393286
0.393286
0.393286
0.393286
0.393286
0.393286
0.393286
0.393286
0.393286
0.393286
0.393286
0.393286
0.393286
0.393286
0.393286
0.393286
0.393286
0.393286
0.393286
0.393286
0.393286
0.393286
0.393286
0.393286
0.393286
0.393286
0.393286
0.393286
0.393286
0.393286
0.393286
0.393286
0.393286
0.393286
0.393286
0.393286
0.393286
0.393286
0.393286
0.393286
0.393286
0.393286
0.393286
0.393286
0.393286
0.393286
0.393286
0.393286
0.393286
0.393286
0.393286
0.393286
0.393286
0.393286
0.393286
0.393286
0.393286
0.393286
0.393286
0.393286
0.393286
0.393286
0.393286
0.393286
0.393286
0.393286
0.393286
0.393286
0.393286
0.393286
0.393286
0.393286
0.393286
0.393286
0.393286
0.393286
0.393286
0.393286
0.393286
0.393286
0.393286
0.393286
0.393286
0.393286
0.393286
0.393286
0.393286
0.393286
0.393286
0.393286
0.393286
0.393286
0.393286
0.393286
0.393286
0.393286
0.393286
0.393286
0.393286
0.393286
0.393286
0.393286
0.393286
0.393286
0.393286
0.393286
0.393286
0.393286
0.393286
0.393286
0.393286
0.393286
0.393286
0.393286
0.393286
0.393286
0.393286
0.393286
0.393286
0.393286
0.393286
0.393286
0.393286
0.393286
0.393286
0.393286
0.393286
0.393286
0.393286
0.393286
0.393286
0.393286
0.393286
0.393286
0.393286
0.393286
0.393286
0.393286
0.393286
0.393286
0.393286
0.393286
0.393286
0.393286
0.393286
0.393286
0.393286
0.393286
0.393286
0.393286
0.393286
0.393286
0.393286
0.393286
0.393286
0.393286
0.393286
0.393286
0.393286
0.393286
0.393286
0.393286
0.393286
0.393286
0.393286
0.393286
0.393286
0.393286
0.393286
0.393286
0.393286
0.393286
0.393286
0.393286
0.393286
0.393286
0.393286
0.393286
0.393286
0.393286
0.393286
0.393286
0.393286
0.393286
0.393286
0.393286
0.393286
0.393286
0.393286
0.393286
0.393286
0.393286
0.393286
0.393286
0.393286
0.393286
0.393286
0.393286
0.393286
0.393286
0.393286
0.393286
0.393286
0.393286
0.393286
0.393286
0.393286
0.393286
0.393286
0.393286
0.393286
0.393286
0.393286
0.393286
0.393286
0.393286
0.393286
0.393286
0.393286
0.393286
0.393286
0.393286
0.393286
0.393286
0.393286
0.393286
0.393286
0.393286
0.393286
0.393286
0.393286
0.393286
0.393286
0.393286
0.393286
0.393286
0.393286
0.393286


0.0316267
0.0335627
0.0387007
0.0413207
0.0420243
0.0420853
0.0421382
0.0435527
0.0446275
0.0455587
0.045721
0.0463441
0.0486253
0.0492676
0.0492676
0.0493244
0.0498704
0.0530828
0.0560488
0.056421
0.0564978
0.0609076
0.0653099
0.0654274
0.0654274
0.0666594
0.067546
0.0702005
0.0770323
0.0785547
0.0822054
0.0859505
0.100795
0.121987
0.124666
0.125725
0.131826
0.145805
0.150755
0.156444
0.181686
0.213651
0.213651
0.218223
0.230314
0.234872
0.241237
0.27666
0.298008
0.304834
0.319416
0.323111
0.325829
0.326939
0.328676
0.354611
0.363238
0.363238
0.37627
0.386807
0.388159
0.401615
0.413787
0.414305
0.419344
0.425243
0.42569
0.432203
0.436839
0.437277
0.439126
0.441321
0.44922
0.454601
0.455642
0.466417
0.466709
0.472096
0.472875
0.478413
0.47893
0.47886
0.48234
0.48712
0.488171
0.489414
0.492352
0.492956
0.495827
0.495888
0.495888
0.496077
0.496077
0.496934
0.497163
0.497997
0.498013
0.498405
0.499091
0.499754
0.499843
0.499849
0.500213
0.500222
0.500644
0.500853
0.501081
0.501168
0.501177
0.501286
0.501287
0.501393
0.501422
0.502447
0.526841
0.526919
0.546703
0.546703
0.54675
0.546846
0.557845
0.572157
0.572187
0.578627
0.601332
0.601352
0.615357
0.617595
0.617604
0.617627
0.626951
0.634377
0.63574
0.641355
0.641355
0.641355
0.651127
0.658496
0.658497
0.660381
0.664349
0.678405
0.717648
0.717648
0.717648
0.723298
0.724258
0.729739
0.73416
0.73416
0.742188
0.747578
0.748779
0.749939
0.752116
0.752116
0.752177
0.752178
0.753053
0.753053
0.756548
0.756853
0.756853
0.76353
0.763794
0.770316
0.771706
0.771706
0.777086
0.780344
0.780344
0.781437
0.781437
0.782345
0.782345
0.787852
0.787852
0.790717
0.791754
0.791896
0.791905
0.793612
0.794088
0.795294
0.797534
0.797534
0.797967
0.798131
0.798131
0.798295
0.798514
0.798674
0.798674
0.799353
0.799353
0.799792
0.801026
0.801196
0.801196
0.801196
0.80172
0.801034
0.80176
0.80176
0.801787
0.801827
0.801984
0.80236
0.80236
0.802456
0.802485
0.802589
0.802602
0.80265
0.80265
0.802769
0.802927
0.802965
0.802965
0.803034
0.803034
0.803183
0.803183
0.803245
0.803264
0.803264
0.803372
0.803372
0.803372
0.803439
0.803455
0.803466
0.803506
0.803528
0.80356
0.80356
0.803572
0.803583
0.803588
0.803658
0.803658
0.803659
0.803672
0.803672
0.803679
0.803679
0.803679
0.803683
0.803686
0.803702
0.803709
0.803712
0.803712
0.803714
0.803714
0.803716
0.80372
0.80372
0.803721
0.80373
0.80373
0.80373
0.803732
0.803732
0.803734
0.803736
0.803736
0.803736
0.803737
0.803737
0.803738
0.803738
0.803738
0.803739
0.803741
0.803741
0.803741
0.803741
0.803742
0.803742
0.803742
0.803743
0.803743
0.803743
0.803745
0.803745
0.803746
0.803746
0.803746
0.803746
0.803746
0.803746
0.803746
0.803746
0.803747
0.803747
0.803747
0.803747
0.803747
0.803747
0.803747
0.803747
0.803747
0.803748
0.803748
0.803748
0.803748
0.803748
0.803748
0.803748
0.803748
0.803748
0.803748
0.803748
0.803749
0.803749
0.803749
0.803749
0.803749
0.803749
0.803749
0.803749
0.803749
0.803749
0.803749
0.803749
0.803749
0.803749
0.803749
0.803749
0.803749
0.803749
0.803749
0.803749
0.803749
0.803749
0.803749
0.803749
0.803749
0.803749
0.803749
0.803749
0.803749
0.803749
0.803749
0.803749
0.80375
0.80375
0.80375
0.80375
0.80375
0.80375
0.80375
0.80375
0.80375
0.80375
0.80375
0.80375
0.80375
0.80375
0.80375
0.80375
0.80375
0.80375
0.80375
0.80375
0.80375
0.80375
0.80375
0.80375
0.80375
0.80375
0.80375
0.80375
0.80375
0.80375
0.80375
0.80375
0.80375
0.80375
0.80375
0.80375
0.80375
0.80375
0.80375
0.80375
0.80375
0.80375
0.80375
0.80375
0.80375
0.80375
0.80375
0.80375
0.80375
0.80375
0.80375
0.80375
0.80375
0.80375
0.80375
0.80375
0.80375
0.80375
0.80375
0.80375
0.80375
0.80375
0.80375
0.80375
0.80375
0.80375
0.80375
0.80375
0.80375
0.80375
0.80375
0.80375
0.80375
0.80375
0.80375
0.80375
0.80375
0.80375
0.80375
0.80375
0.80375
0.80375
0.80375
0.80375
0.80375
0.80375
0.80375
0.80375
0.80375
0.80375
0.80375
0.80375
0.80375
0.80375
0.80375
0.80375
0.80375
0.80375
0.80375
0.80375
0.80375
0.80375
0.80375
0.80375
0.80375
0.80375
0.80375
0.80375
0.80375
0.80375
0.80375
0.80375
0.80375
0.80375
0.80375
0.80375
0.80375
0.80375
0.80375
0.80375
0.80375
0.80375
0.80375
0.80375
0.80375
0.80375
0.80375
0.80375
0.80375
0.80375
0.80375
0.80375
0.80375
0.80375
0.80375
0.80375
0.80375
0.80375
0.80375
0.80375
0.80375
0.80375
0.80375
0.80375
0.80375
0.80375
0.80375
0.80375
0.80375
0.80375
0.80375
0.80375
0.80375
0.80375


0.0266302
0.0285767
0.0314372
0.0346388
0.0369317
0.0378195
0.0380996
0.0380996
0.0381003
0.0399507
0.0399507
0.0399507
0.0399541
0.0410473
0.042256
0.0441073
0.0441496
0.0448942
0.0453521
0.0470175
0.0479813
0.0496096
0.0514345
0.0519768
0.0528483
0.0542948
0.056818
0.0593231
0.0746817
0.0748684
0.0754914
0.0839412
0.0955821
0.0955821
0.0986484
0.105737
0.110995
0.128746
0.128746
0.132879
0.139835
0.155235
0.155235
0.190892
0.19598
0.210321
0.232554
0.246654
0.258449
0.26491
0.288047
0.294144
0.297284
0.31659
0.321182
0.356034
0.367147
0.398275
0.403719
0.416411
0.421441
0.47241
0.478622
0.488823
0.494973
0.512018
0.521344
0.545101
0.54668
0.5709
0.575643
0.567564
0.618936
0.62443
0.62443
0.62443
0.637616
0.644808
0.645052
0.648779
0.653253
0.656458
0.660746
0.663494
0.670428
0.676289
0.683692
0.684007
0.685423
0.689779
0.694833
0.695368
0.695895
0.697145
0.698728
0.703497
0.703923
0.70539
0.705722
0.706137
0.706914
0.70731
0.70731
0.707599
0.708549
0.709162
0.709248
0.709591
0.709712
0.710167
0.710346
0.710409
0.710834
0.711132
0.711504
0.711521
0.711611
0.711731
0.711988
0.712078
0.712085
0.712085
0.712188
0.712226
0.71226
0.712274
0.712289
0.71234
0.71244
0.71244
0.712487
0.712503
0.712537
0.712556
0.71258
0.71258
0.712587
0.712625
0.712652
0.712654
0.712661
0.712684
0.712688
0.71269
0.712693
0.712702
0.712712
0.712716
0.715823
0.715826
0.720061
0.719696
0.719696
0.719957
0.720167
0.720676
0.722537
0.722767
0.723106
0.724518
0.724805
0.725396
0.727239
0.72724
0.72724
0.72735
0.728438
0.728637
0.728807
0.728828
0.729237
0.72953
0.72972
0.72972
0.72988
0.730126
0.730134
0.730134
0.730266
0.730266
0.730282
0.730321
0.730488
0.730705
0.730771
0.730771
0.730813
0.730954
0.73105
0.73105
0.73105
0.731076
0.731091
0.731134
0.731134
0.731157
0.731157
0.731172
0.731182
0.731182
0.731226
0.731226
0.731226
0.731232
0.731235
0.731245
0.731252
0.731252
0.731261
0.731287
0.731287
0.731294
0.731294
0.731294
0.731306
0.731306
0.731309
0.73131
0.73131
0.731311
0.731313
0.731319
0.731319
0.731319
0.731319
0.73132
0.73132
0.731321
0.731323
0.731323
0.731323
0.731324
0.731324
0.731324
0.731324
0.731325
0.731325
0.731325
0.731325
0.731325
0.731326
0.731326
0.731326
0.731326
0.731327
0.731327
0.731327
0.731327
0.731327
0.731327
0.731327
0.731327
0.731327
0.731327
0.731327
0.731327
0.731327
0.731327
0.731327
0.731327
0.731327
0.731327
0.731327
0.731327
0.731327
0.731327
0.731327
0.731327
0.731327
0.731327
0.731327
0.731327
0.731327
0.731327
0.731327
0.731327
0.731327
0.731327
0.731327
0.731327
0.731327
0.731327
0.731327
0.731327
0.731327
0.731327
0.731327
0.731327
0.731327
0.731327
0.731327
0.731327
0.731327
0.731327
0.731327
0.731327
0.731327
0.731327
0.731327
0.731327
0.731327
0.731327
0.731327
0.731327
0.731327
0.731327
0.731327
0.731327
0.731327
0.731327
0.731327
0.731327
0.731327
0.731327
0.731327
0.731327
0.731327
0.731327
0.731327
0.731327
0.731327
0.731028
0.731327
0.731327
0.731327
0.731327
0.731327
0.731327
0.731327
0.731327
0.731327
0.731327
0.731327
0.731327
0.731327
0.731327
0.731327
0.731327
0.731327
0.731327
0.731327
0.731234
0.731327
0.731327
0.731327
0.731327
0.731327
0.731327
0.731327
0.731327
0.731327
0.731327
0.731327
0.731327
0.731327
0.731327
0.731327
0.731327
0.731327
0.731327
0.731327
0.731327
0.731327
0.731327
0.731327
0.731327
0.731327
0.731327
0.731327
0.731327
0.731327
0.731327
0.731327
0.731327
0.731327
0.731327
0.731327
0.731327
0.731327
0.731327
0.731327
0.731327
0.731327
0.731327
0.731327
0.731327
0.731327
0.731327
0.731327
0.731327
0.731327
0.730264
0.731327
0.731327
0.731327
0.731327
0.731327
0.731327
0.731327
0.731327
0.731327
0.731327
0.731327
0.731327
0.731327
0.731327
0.731327
0.731327
0.731327
0.731327
0.731327
0.731327
0.731327
0.731327
0.731327
0.731327
0.731327
0.731327
0.731327
0.731327
0.731327
0.731327
0.731327
0.731327
0.731327
0.731327
0.731327
0.731327
0.731327
0.731327
0.731327
0.731327
0.731327
0.731327
0.731327
0.731327
0.731327
0.731327
0.731327
0.731327
0.731327
0.731327
0.731327
0.731327
0.731327
0.731327
0.731327
0.731327
0.731327
0.731327
0.731327
0.731327
0.731327
0.731327
0.731327
0.731327
0.731327
0.731327
0.731327
0.731327
0.731327
0.731327
0.731327
0.731327
0.731327
0.731327
0.731327
0.731327
0.731327
0.731327
0.731327
0.731327
0.731327
0.731327
0.731327
0.731327
0.731327
0.731327
0.731327
0.731327
0.731327
0.731327
0.731327
0.731327
0.731327
0.731327
0.731327
0.731327
0.731327
0.731327
0.731327
0.731327
0.731327
0.731327
0.731327
0.731327
0.731327
0.731327
0.731327
0.731327


0.0308477
0.0337149
0.0345758
0.0379431
0.038481
0.038483
0.0398397
0.0409044
0.0409346
0.0414199
0.0479918
0.0480523
0.0480523
0.0497116
0.0498412
0.0506347
0.0507289
0.0512996
0.0516586
0.0547548
0.0564314
0.0556766
0.0566123
0.0595099
0.0697008
0.0721274
0.0721274
0.0829418
0.0871603
0.0894431
0.0929015
0.0932616
0.0983998
0.104933
0.106923
0.11339
0.119631
0.126422
0.132277
0.144609
0.147364
0.149054
0.154486
0.170639
0.189931
0.196072
0.196072
0.207586
0.227834
0.242613
0.248217
0.252886
0.285337
0.312455
0.31751
0.362867
0.387258
0.38875
0.394828
0.409061
0.422018
0.430472
0.448461
0.458675
0.478704
0.478704
0.49082
0.505274
0.505993
0.523002
0.523002
0.543819
0.555753
0.575013
0.57741
0.581748
0.584175
0.584556
0.609061
0.609061
0.638823
0.657834
0.660907
0.660907
0.723194
0.730618
0.734657
0.740398
0.758607
0.758973
0.761625
0.763301
0.772273
0.774931
0.782398
0.808864
0.816741
0.81747
0.818689
0.822729
0.834948
0.843454
0.843454
0.846205
0.846205
0.846205
0.86614
0.866923
0.867348
0.867348
0.875156
0.87841
0.879415
0.880487
0.88852
0.88852
0.889033
0.889417
0.891813
0.891813
0.899563
0.899563
0.899563
0.900267
0.901209
0.902167
0.902184
0.903594
0.903951
0.904014
0.904057
0.903792
0.904405
0.904405
0.904489
0.905034
0.905264
0.905547
0.905556
0.905851
0.90621
0.906285
0.906301
0.90633
0.906688
0.90681
0.907011
0.907012
0.907205
0.907247
0.907396
0.907406
0.907406
0.907499
0.907501
0.907578
0.907675
0.907684
0.907684
0.907698
0.907731
0.907797
0.907797
0.907855
0.907855
0.907877
0.907883
0.9079
0.907902
0.907904
0.907912
0.907914
0.907949
0.90795
0.907952
0.907956
0.907962
0.907966
0.907967
0.907981
0.907986
0.907987
0.907991
0.907994
0.907994
0.907994
0.907995
0.907998
0.907998
0.907998
0.907998
0.907998
0.908
0.908001
0.908003
0.908003
0.908004
0.908004
0.908005
0.908005
0.908008
0.90801
0.908011
0.908012
0.908012
0.908013
0.908013
0.908013
0.908014
0.908014
0.908014
0.908014
0.908014
0.908014
0.908015
0.908015
0.908015
0.908015
0.908015
0.908015
0.908015
0.908015
0.908015
0.908015
0.908015
0.908015
0.908015
0.908015
0.908015
0.908015
0.908015
0.908015
0.908015
0.908015
0.908015
0.908015
0.908015
0.908015
0.908015
0.908015
0.908015
0.908015
0.908016
0.908016
0.908016
0.908016
0.908016
0.908016
0.908016
0.908016
0.908016
0.908016
0.908016
0.908016
0.908016
0.908016
0.908016
0.908016
0.908016
0.908016
0.908016
0.908016
0.908016
0.908016
0.908016
0.908016
0.908016
0.908016
0.908016
0.908016
0.908016
0.908016
0.908016
0.908016
0.908016
0.908016
0.908016
0.908016
0.908016
0.908016
0.908016
0.908016
0.908016
0.908016
0.908016
0.908016
0.908016
0.908016
0.908016
0.908016
0.908016
0.908016
0.908016
0.908016
0.908016
0.908016
0.908016
0.908016
0.908016
0.908016
0.908016
0.908016
0.908016
0.908016
0.908016
0.908016
0.908016
0.908016
0.908016
0.908016
0.908016
0.908016
0.908016
0.908016
0.908016
0.908016
0.908016
0.908016
0.908016
0.908016
0.908016
0.908016
0.908016
0.908016
0.908016
0.908016
0.908016
0.908016
0.908016
0.908016
0.908016
0.908016
0.908016
0.908016
0.908016
0.908016
0.908016
0.908016
0.908016
0.908016
0.908016
0.908016
0.908016
0.908016
0.908016
0.908016
0.908016
0.908016
0.908016
0.908016
0.908016
0.908016
0.908016
0.908016
0.908016
0.908016
0.908016
0.908016
0.908016
0.908016
0.908016
0.908016
0.908016
0.908016
0.908016
0.908016
0.908016
0.908016
0.908016
0.908016
0.908016
0.908011
0.908016
0.908016
0.908016
0.908016
0.908016
0.908016
0.908016
0.908016
0.908016
0.908016
0.908016
0.908016
0.908016
0.908016
0.908016
0.908016
0.908016
0.908016
0.908016
0.908016
0.908016
0.908016
0.908016
0.908016
0.908016
0.908016
0.908016
0.908016
0.908016
0.908016
0.908016
0.908016
0.908016
0.908016
0.908016
0.908016
0.908016
0.908016
0.908016
0.908016
0.908016
0.908016
0.908016
0.908016
0.908016
0.908016
0.908016
0.908016
0.908016
0.908016
0.908016
0.908016
0.908016
0.908016
0.908016
0.908016
0.908016
0.908016
0.908016
0.908016
0.908016
0.908016
0.908016
0.908016
0.908016
0.908016
0.908016
0.908016
0.908016
0.908016
0.908016
0.908016
0.908016
0.908016
0.908016
0.908016
0.908016
0.908016
0.908016
0.908016
0.908016
0.908016
0.908016
0.908016
0.908016
0.908016
0.908016
0.908016
0.908016
0.908016
0.908016
0.908016
0.908016
0.908016
0.908016
0.908016
0.908016
0.908016
0.908016
0.908016
0.908016
0.908016
0.908016
0.908016
0.908016
0.908016
0.908016
0.908016
0.908016
0.908016
0.908016
0.908016
0.908016
0.908016
0.908016
0.908016
0.908016
0.908016
0.908016
0.908016
0.908016
0.908016
0.908016
0.908016
0.908016
0.908016
0.908016
0.908016


0.0270748
0.0283086
0.0283086
0.0318209
0.0323481
0.0323481
0.0330958
0.0331594
0.03316
0.0337578
0.037418
0.037418
0.0404778
0.042683
0.0442214
0.0442214
0.0448267
0.0480825
0.0480825
0.0495932
0.0522777
0.0548498
0.0553519
0.0583603
0.0639685
0.0639685
0.0728491
0.0801142
0.0801142
0.0801142
0.0814983
0.0938168
0.0965354
0.120307
0.120404
0.141319
0.141463
0.143548
0.164203
0.165884
0.174268
0.177098
0.183427
0.184478
0.196552
0.199343
0.206046
0.208506
0.22131
0.24193
0.25814
0.25824
0.292744
0.298944
0.313011
0.350216
0.373009
0.381788
0.387635
0.394503
0.409524
0.427174
0.430979
0.430979
0.447882
0.447882
0.447882
0.447882
0.448122
0.448739
0.461762
0.462333
0.462509
0.462691
0.462725
0.46916
0.469936
0.476589
0.482014
0.48986
0.489943
0.495006
0.495165
0.495165
0.496575
0.498572
0.500483
0.500585
0.500585
0.500685
0.500869
0.500869
0.501699
0.503096
0.503576
0.503587
0.503832
0.503832
0.504272
0.505025
0.505362
0.505574
0.505623
0.505627
0.505755
0.505803
0.505938
0.506186
0.506193
0.506229
0.506242
0.506299
0.506553
0.506557
0.506617
0.50668
0.506762
0.506766
0.506888
0.506902
0.506934
0.506968
0.506968
0.506968
0.506995
0.507026
0.50703
0.507068
0.507068
0.507071
0.507072
0.507079
0.507081
0.507099
0.507115
0.507129
0.507129
0.507131
0.507139
0.507139
0.507141
0.507144
0.507148
0.507158
0.50716
0.50716
0.507163
0.507163
0.507165
0.507165
0.507167
0.507166
0.507168
0.507168
0.507171
0.507171
0.507173
0.507173
0.507174
0.507174
0.507174
0.507174
0.507175
0.507175
0.507175
0.507175
0.507175
0.507175
0.507176
0.507176
0.507176
0.507177
0.507177
0.507177
0.507177
0.507177
0.507177
0.507177
0.507177
0.507177
0.507178
0.507178
0.507178
0.507178
0.507178
0.507178
0.507178
0.507178
0.507178
0.507178
0.507178
0.507178
0.507178
0.507178
0.507178
0.507178
0.507178
0.507178
0.507178
0.507178
0.507178
0.507178
0.507178
0.507178
0.507178
0.507178
0.507178
0.507178
0.507178
0.507178
0.507178
0.507178
0.507178
0.507178
0.507178
0.507178
0.507178
0.507178
0.507178
0.507178
0.507178
0.507178
0.507178
0.507178
0.507178
0.507178
0.507178
0.507178
0.507178
0.507178
0.507178
0.507178
0.507178
0.507178
0.507178
0.507178
0.507178
0.507178
0.507178
0.507178
0.507178
0.507178
0.507178
0.507178
0.507178
0.507178
0.507178
0.507178
0.507178
0.507178
0.507178
0.507178
0.507178
0.507178
0.507178
0.507178
0.507178
0.507178
0.507178
0.507178
0.507178
0.507178
0.507178
0.507178
0.507178
0.507178
0.507178
0.507178
0.507178
0.507178
0.507178
0.507178
0.507178
0.507178
0.507178
0.507178
0.507178
0.507178
0.507178
0.507178
0.507178
0.507178
0.507178
0.507178
0.507178
0.507178
0.507178
0.507178
0.507178
0.507178
0.507178
0.507178
0.507178
0.507178
0.507178
0.507178
0.507178
0.507178
0.507178
0.507178
0.507178
0.507178
0.507178
0.507178
0.507178
0.507178
0.507178
0.507178
0.507178
0.507178
0.507178
0.507178
0.507178
0.507178
0.507178
0.507178
0.507178
0.507178
0.507178
0.507178
0.507178
0.507178
0.507178
0.507178
0.507178
0.507178
0.507178
0.507178
0.507178
0.507178
0.507178
0.507178
0.507178
0.507178
0.507178
0.507178
0.507178
0.507178
0.507178
0.507178
0.507178
0.507178
0.507178
0.507178
0.507178
0.507178
0.507178
0.507178
0.507178
0.507178
0.507178
0.507178
0.507178
0.507178
0.507178
0.507178
0.507178
0.507178
0.507178
0.507178
0.507178
0.507178
0.507178
0.507178
0.507178
0.507178
0.507178
0.507178
0.507178
0.507178
0.507178
0.507112
0.507178
0.507178
0.507178
0.507178
0.507178
0.507178
0.507178
0.507178
0.507178
0.507178
0.507178
0.507178
0.507178
0.507178
0.507178
0.507178
0.507178
0.511071
0.521111
0.521111
0.521111
0.521236
0.521236
0.522618
0.52305
0.52305
0.523066
0.523066
0.523451
0.523451
0.524714
0.52571
0.530076
0.530573
0.530573
0.530632
0.530779
0.530851
0.535554
0.535883
0.537608
0.550043
0.550043
0.553864
0.554525
0.556668
0.556668
0.557714
0.559771
0.562196
0.56798
0.570211
0.570211
0.57203
0.572981
0.573545
0.573545
0.584263
0.597253
0.598381
0.598474
0.598474
0.5994
0.5994
0.603891
0.603891
0.604906
0.609585
0.609897
0.613253
0.613253
0.61559
0.620863
0.626144
0.630024
0.630024
0.63508
0.640153
0.640153
0.650323
0.650323
0.650323
0.65128
0.652976
0.653831
0.655357
0.656078
0.656531
0.659374
0.663603
0.664372
0.664467
0.668461
0.671232
0.674502
0.675122
0.675218
0.677651
0.678438
0.678128
0.678128
0.678558
0.679404
0.679633
0.679633
0.679633
0.679798
0.681962
0.682737
0.683236
0.684629
0.685012
0.685134
0.685178
0.685318
0.685318
0.685318
0.686681
0.68797
0.687381
0.691051
0.691051
0.691356
0.692008
0.692008
0.692053
0.692456
0.692456


0.0245561
0.0290322
0.0295502
0.0328924
0.0330687
0.0330687
0.033069
0.033611
0.0346554
0.0349634
0.0354679
0.0366642
0.0377039
0.0395929
0.0395929
0.0414205
0.0414205
0.0423267
0.0446584
0.0471732
0.0471732
0.0494531
0.0494531
0.0506981
0.0643155
0.0645068
0.0693838
0.0738206
0.0763567
0.0777891
0.0828753
0.0882054
0.102544
0.109249
0.112002
0.124144
0.124144
0.129679
0.130775
0.134367
0.134367
0.150609
0.158455
0.162364
0.168256
0.174321
0.17624
0.183366
0.202836
0.208717
0.216577
0.218191
0.248247
0.257668
0.260061
0.265585
0.274642
0.274642
0.276846
0.284523
0.286989
0.297079
0.297079
0.303009
0.303755
0.306643
0.311152
0.311984
0.323493
0.323493
0.327833
0.326439
0.327842
0.328997
0.33165
0.332509
0.33372
0.33959
0.340036
0.355005
0.355147
0.372926
0.421278
0.42178
0.43739
0.437787
0.446336
0.45189
0.452579
0.477033
0.477456
0.477678
0.490345
0.502879
0.507161
0.509612
0.509851
0.516547
0.518837
0.518837
0.52093
0.529822
0.529915
0.529915
0.536376
0.54288
0.548995
0.549008
0.551363
0.551437
0.554526
0.557534
0.566757
0.566757
0.566946
0.567757
0.567765
0.568508
0.57167
0.571693
0.571707
0.572247
0.572248
0.573452
0.573459
0.573465
0.574042
0.57433
0.574903
0.575705
0.577232
0.57724
0.577241
0.577281
0.577284
0.577284
0.577284
0.577623
0.577625
0.577635
0.5778
0.577931
0.577939
0.578101
0.578156
0.578182
0.578371
0.578372
0.578373
0.578431
0.578437
0.578437
0.578437
0.5785
0.578599
0.578653
0.578653
0.57867
0.57867
0.578681
0.578681
0.578738
0.578821
0.57886
0.57886
0.57886
0.578873
0.578873
0.578885
0.57889
0.578891
0.578891
0.578914
0.578914
0.578914
0.578945
0.578968
0.578968
0.578968
0.578968
0.578971
0.578975
0.578978
0.578984
0.578984
0.578984
0.578984
0.578984
0.578985
0.578991
0.578992
0.578992
0.578992
0.578996
0.578996
0.578997
0.578997
0.579
0.579
0.579
0.579
0.579
0.579001
0.579002
0.579002
0.579002
0.579002
0.579002
0.579002
0.579002
0.579002
0.579002
0.579003
0.579003
0.579003
0.579003
0.579003
0.579003
0.579003
0.579003
0.579003
0.579003
0.579004
0.579004
0.579004
0.579004
0.579004
0.579004
0.579004
0.579004
0.579004
0.579004
0.579004
0.579004
0.579004
0.579004
0.579004
0.579004
0.579004
0.579004
0.579004
0.579004
0.579004
0.579004
0.579004
0.579004
0.579004
0.579004
0.579004
0.579004
0.579004
0.579004
0.579004
0.579004
0.579004
0.579004
0.579004
0.579004
0.579004
0.579004
0.579004
0.579004
0.579004
0.579004
0.579004
0.579004
0.579004
0.579004
0.579004
0.579004
0.579004
0.579004
0.579004
0.579004
0.579004
0.579004
0.579004
0.579004
0.579004
0.579004
0.579004
0.579004
0.579004
0.579004
0.579004
0.579004
0.579004
0.579004
0.579004
0.579004
0.579004
0.579004
0.579004
0.579004
0.579004
0.579004
0.579004
0.579004
0.579004
0.579004
0.579004
0.579004
0.579004
0.579004
0.579004
0.579004
0.579004
0.579004
0.579004
0.579004
0.579004
0.579004
0.579004
0.579004
0.579004
0.579004
0.579004
0.579004
0.579004
0.579004
0.579004
0.579004
0.579004
0.579004
0.579004
0.579004
0.579004
0.579004
0.579004
0.579004
0.579004
0.579004
0.579004
0.579004
0.579004
0.579004
0.579004
0.579004
0.579004
0.579004
0.579004
0.579004
0.579004
0.579004
0.579004
0.579004
0.579004
0.579004
0.579004
0.579004
0.579004
0.579004
0.579004
0.579004
0.579004
0.579004
0.579004
0.579004
0.579004
0.579004
0.579004
0.579004
0.579004
0.579004
0.579004
0.579004
0.579004
0.579004
0.579004
0.579004
0.579004
0.579004
0.579004
0.579004
0.579004
0.579004
0.579004
0.579004
0.579004
0.579004
0.579004
0.579004
0.579004
0.579004
0.579004
0.579004
0.579004
0.579004
0.579004
0.579004
0.579004
0.579004
0.579004
0.579004
0.579004
0.579004
0.579004
0.579004
0.579004
0.579004
0.579004
0.579004
0.579004
0.579004
0.579004
0.579004
0.579004
0.579004
0.579004
0.579004
0.579004
0.579004
0.579004
0.579004
0.579004
0.579004
0.579004
0.579004
0.579004
0.579004
0.579004
0.579004
0.579004
0.579004
0.579004
0.579004
0.579004
0.579004
0.579004
0.579004
0.579004
0.579004
0.579004
0.579004
0.579004
0.579004
0.579004
0.579004
0.579004
0.579004
0.579004
0.579004
0.579004
0.579004
0.579004
0.579004
0.579004
0.579004
0.579004
0.579004
0.579004
0.579004
0.579004
0.579004
0.579004
0.579004
0.579004
0.579004
0.579004
0.579004
0.579004
0.579004
0.579004
0.579004
0.579004
0.579004
0.579004
0.579004
0.579004
0.579004
0.579004
0.579004
0.579004
0.579004
0.579004
0.579004
0.579004
0.579004
0.579004
0.579004
0.579004
0.579004
0.579004
0.579004
0.579004
0.579004
0.579004
0.579004
0.579004
0.579004
0.579004
0.579004
0.579004
0.579004
0.579004
0.579004
0.579004
0.579004
0.579004
0.579004


0.0316256
0.0325001
0.0355115
0.0368358
0.0379668
0.0399645
0.0402305
0.0413216
0.041641
0.041641
0.0427361
0.0428361
0.0433967
0.043708
0.0438822
0.0442134
0.0456855
0.0467067
0.0467085
0.0467085
0.0524009
0.0529993
0.0539064
0.0539079
0.0539079
0.0560881
0.0571882
0.0614418
0.0615246
0.061667
0.0643591
0.0711517
0.0723636
0.0797739
0.0797739
0.0806065
0.0845398
0.0924978
0.103046
0.104838
0.104995
0.11038
0.11386
0.116251
0.122373
0.129315
0.1303
0.143328
0.154252
0.15481
0.164143
0.176988
0.18068
0.183034
0.186214
0.197734
0.206433
0.208731
0.22703
0.229596
0.239905
0.241327
0.277122
0.277122
0.284453
0.284453
0.320116
0.330676
0.337101
0.339114
0.352713
0.386295
0.38635
0.38635
0.386508
0.397172
0.412777
0.431396
0.43907
0.439771
0.439771
0.451061
0.454882
0.454882
0.458542
0.470812
0.477791
0.477898
0.485992
0.493629
0.493713
0.494077
0.499406
0.503222
0.511258
0.511296
0.513603
0.517538
0.518862
0.521976
0.523129
0.524976
0.524991
0.524995
0.525956
0.527234
0.52944
0.531635
0.53166
0.53166
0.531668
0.532266
0.532495
0.532495
0.53281
0.533165
0.533182
0.533268
0.533599
0.533599
0.533674
0.533755
0.533757
0.533961
0.534204
0.534244
0.534245
0.534271
0.53428
0.534327
0.534337
0.534523
0.534561
0.53459
0.534591
0.534591
0.534624
0.534624
0.534625
0.534701
0.534701
0.534715
0.534728
0.534746
0.534749
0.534769
0.53477
0.534772
0.534786
0.534791
0.534794
0.534793
0.534801
0.534805
0.534805
0.534809
0.534809
0.534809
0.534809
0.534812
0.534812
0.534815
0.534815
0.534815
0.534817
0.534819
0.534819
0.534819
0.534819
0.534819
0.53482
0.53482
0.53482
0.53482
0.53482
0.534821
0.534821
0.534821
0.534821
0.534822
0.534822
0.534822
0.534822
0.534822
0.534822
0.534822
0.534822
0.534822
0.534822
0.534822
0.534822
0.534822
0.534822
0.534822
0.534822
0.534822
0.534822
0.534822
0.534822
0.534822
0.534822
0.534822
0.534822
0.534822
0.534822
0.534823
0.534823
0.534823
0.534823
0.534823
0.534823
0.534823
0.534823
0.534823
0.534823
0.534823
0.534823
0.534823
0.534823
0.534823
0.534823
0.534823
0.534823
0.534823
0.534823
0.534823
0.534823
0.534823
0.534823
0.534823
0.534823
0.534823
0.534823
0.534823
0.534823
0.534823
0.534823
0.534823
0.534823
0.534823
0.534823
0.534823
0.534823
0.534823
0.534823
0.534823
0.534823
0.534823
0.534823
0.534823
0.534823
0.534823
0.534823
0.534823
0.534823
0.534823
0.534823
0.534823
0.534823
0.534823
0.534823
0.534823
0.534823
0.534823
0.534823
0.534823
0.534823
0.534823
0.534823
0.534823
0.534823
0.534823
0.534823
0.534823
0.534823
0.534823
0.534823
0.534823
0.534823
0.534823
0.534823
0.534823
0.534823
0.534823
0.534823
0.534823
0.534823
0.534823
0.534823
0.534823
0.534823
0.534823
0.534823
0.534823
0.534823
0.534823
0.534823
0.534823
0.534823
0.534823
0.534823
0.534823
0.534823
0.534823
0.534823
0.534823
0.534823
0.534823
0.534823
0.534823
0.534823
0.534823
0.534823
0.534823
0.534823
0.534823
0.534823
0.534823
0.534823
0.534823
0.534823
0.534823
0.534823
0.534823
0.534823
0.534823
0.534823
0.534823
0.534823
0.534823
0.534823
0.534823
0.534823
0.534823
0.534823
0.534823
0.534823
0.534823
0.534823
0.534823
0.534823
0.534823
0.534823
0.534823
0.534823
0.534823
0.534823
0.534823
0.534823
0.534823
0.534823
0.534823
0.534823
0.534823
0.534823
0.534823
0.534823
0.534823
0.534823
0.534823
0.534823
0.534823
0.534823
0.534823
0.534823
0.534823
0.534823
0.534823
0.534823
0.534823
0.534823
0.534823
0.534823
0.534823
0.534823
0.534823
0.534823
0.534823
0.534823
0.534823
0.534823
0.534815
0.534823
0.534823
0.534823
0.534823
0.534823
0.535098
0.561667
0.561667
0.573442
0.58282
0.583938
0.58548
0.592309
0.592309
0.59675
0.59675
0.598674
0.599575
0.599742
0.604797
0.604999
0.610899
0.610899
0.61278
0.614336
0.615303
0.620605
0.624569
0.624569
0.629956
0.629956
0.631088
0.631088
0.631088
0.631088
0.631366
0.631519
0.631754
0.631916
0.633146
0.633868
0.635738
0.635738
0.635738
0.636187
0.636187
0.643983
0.649992
0.653826
0.656747
0.657
0.66011
0.66011
0.668514
0.66928
0.66928
0.669692
0.670034
0.670034
0.670796
0.671053
0.672803
0.672803
0.672803
0.673387
0.673387
0.673387
0.673387
0.673529
0.673553
0.674302
0.678828
0.682467
0.682467
0.682467
0.682467
0.682495
0.683748
0.683748
0.683673
0.684036
0.684036
0.684498
0.684498
0.684689
0.684754
0.684754
0.684869
0.684932
0.685157
0.68521
0.68521
0.685396
0.68542
0.68542
0.685441
0.685441
0.685539
0.685712
0.685942
0.686202
0.68659
0.686601
0.686825
0.686825
0.687133
0.687133
0.68728
0.687339
0.687416
0.687621
0.687629
0.687631
0.687642
0.687645
0.687664
0.687664
0.687701


0.0290722
0.0321425
0.0328848
0.0344402
0.0354308
0.03702
0.0380538
0.0383689
0.0385242
0.0392442
0.0396264
0.0398649
0.0416768
0.0417613
0.0418858
0.0426939
0.0436916
0.0441267
0.0442973
0.0451111
0.0451111
0.0451931
0.0460756
0.0480039
0.0502818
0.0514438
0.0520547
0.0520547
0.0546471
0.0556617
0.058283
0.0604858
0.0604858
0.0605536
0.0666391
0.0686961
0.069287
0.0756125
0.0778694
0.0788429
0.0840188
0.0893929
0.104934
0.105307
0.109184
0.112513
0.112519
0.115095
0.118797
0.123518
0.123518
0.136749
0.137044
0.147748
0.154333
0.165847
0.173575
0.173589
0.188826
0.20358
0.204718
0.213201
0.214366
0.254176
0.27115
0.280281
0.280281
0.293545
0.335441
0.35716
0.375156
0.375156
0.37595
0.37595
0.389092
0.406176
0.415589
0.416192
0.423108
0.433415
0.448226
0.453287
0.464978
0.47041
0.488689
0.49561
0.515708
0.515894
0.520462
0.531066
0.53832
0.551753
0.558891
0.572337
0.582763
0.582772
0.584008
0.584036
0.584985
0.5893
0.58931
0.591408
0.59148
0.592215
0.592545
0.604165
0.604167
0.604185
0.604789
0.604968
0.604972
0.604193
0.604254
0.605367
0.606004
0.607056
0.607593
0.607593
0.607593
0.60787
0.608128
0.608861
0.608865
0.609029
0.609192
0.609321
0.609377
0.609378
0.60938
0.609745
0.609888
0.609964
0.610271
0.610271
0.610272
0.610495
0.610495
0.610661
0.610831
0.610831
0.610869
0.610874
0.610946
0.610946
0.610962
0.610962
0.611082
0.611084
0.611084
0.611093
0.611118
0.611175
0.611184
0.611184
0.611184
0.611203
0.611203
0.611227
0.611227
0.611227
0.611227
0.611229
0.611236
0.611236
0.611238
0.611253
0.611254
0.611258
0.611264
0.611266
0.611267
0.611269
0.61127
0.61127
0.61127
0.611272
0.611272
0.611273
0.611273
0.611274
0.611274
0.611275
0.611275
0.611276
0.611276
0.611276
0.611277
0.611277
0.611277
0.611278
0.611278
0.611278
0.611278
0.611278
0.611278
0.611278
0.611278
0.611278
0.611278
0.611279
0.611279
0.611279
0.611279
0.611279
0.611279
0.611279
0.611279
0.611279
0.611279
0.611279
0.611279
0.611279
0.611279
0.611279
0.611279
0.611279
0.611279
0.611279
0.611279
0.611279
0.611279
0.611279
0.611279
0.611279
0.611279
0.611279
0.611279
0.611279
0.611279
0.611279
0.611279
0.611279
0.611279
0.611279
0.611279
0.611279
0.611279
0.611279
0.611279
0.611279
0.611279
0.611279
0.611279
0.611279
0.611279
0.611279
0.611279
0.611279
0.611279
0.611279
0.611279
0.611279
0.611279
0.611279
0.611279
0.611279
0.611279
0.611279
0.611279
0.611279
0.611279
0.611279
0.611279
0.611279
0.611279
0.611279
0.611279
0.611279
0.611279
0.611279
0.611279
0.611279
0.611279
0.611279
0.611279
0.611279
0.611279
0.611279
0.611279
0.611279
0.611279
0.611279
0.611279
0.611279
0.611279
0.611279
0.611279
0.611279
0.611279
0.611279
0.611279
0.611279
0.611279
0.611279
0.611279
0.611279
0.611279
0.611279
0.611279
0.611279
0.611279
0.611279
0.611279
0.611279
0.611279
0.611279
0.611279
0.611279
0.611279
0.611279
0.611279
0.611279
0.611279
0.611279
0.611279
0.611279
0.611279
0.611279
0.611279
0.611279
0.611279
0.611279
0.611279
0.611279
0.611279
0.611279
0.611279
0.611279
0.611279
0.611279
0.611279
0.611279
0.611279
0.611279
0.611279
0.611279
0.611279
0.611279
0.611279
0.611279
0.611279
0.611278
0.611279
0.611279
0.611279
0.611279
0.611279
0.611279
0.611279
0.611279
0.611279
0.611279
0.611279
0.611279
0.611279
0.611279
0.611279
0.611279
0.611279
0.611279
0.611279
0.611279
0.611279
0.611279
0.611279
0.611279
0.611279
0.611279
0.611279
0.611279
0.611279
0.611279
0.611279
0.611279
0.611279
0.611279
0.611279
0.611279
0.611279
0.611279
0.611279
0.611279
0.611279
0.611279
0.611279
0.611279
0.611279
0.611279
0.611279
0.611279
0.611279
0.611279
0.611279
0.611279
0.611279
0.611279
0.611279
0.611279
0.611279
0.611279
0.611279
0.611279
0.611279
0.611279
0.611279
0.611279
0.611279
0.611279
0.611279
0.611279
0.611279
0.611279
0.611279
0.611279
0.611279
0.611279
0.611279
0.611279
0.611279
0.611279
0.611279
0.611279
0.611279
0.611279
0.611279
0.611279
0.611279
0.611279
0.611279
0.611279
0.611279
0.611279
0.611279
0.611279
0.611279
0.611279
0.611279
0.611279
0.611279
0.611279
0.611279
0.611279
0.611279
0.611279
0.611279
0.611279
0.611279
0.611279
0.611279
0.611279
0.611279
0.611279
0.611279
0.611279
0.611279
0.611279
0.611279
0.611279
0.611279
0.611279
0.611279
0.611279
0.611279
0.611279
0.611279
0.611279
0.611279
0.611279
0.611279
0.611279
0.611279
0.611279
0.611279
0.611279
0.611279
0.611279
0.611279
0.611279
0.611279
0.611279
0.611279
0.611279
0.611279
0.611279
0.611279
0.611279
0.611279
0.611279
0.611279
0.611279
0.611279
0.611279
0.611279
0.611279
0.611279
0.611279
0.611279
0.611279
0.611279
0.611279


