0.0588842
0.0686747
0.0695476
0.0716776
0.0720501
0.0736944
0.0799506
0.082169
0.083628
0.083628
0.083628
0.0861274
0.0868804
0.0869059
0.0900404
0.0900404
0.0966659
0.0979951
0.108776
0.109731
0.117096
0.117096
0.119553
0.129296
0.14755
0.173047
0.175853
0.176521
0.177634
0.191438
0.250812
0.249669
0.2574
0.283918
0.314898
0.349128
0.358351
0.371529
0.376358
0.472239
0.487896
0.494856
0.514494
0.526394
0.526394
0.53328
0.53328
0.570367
0.605849
0.605986
0.616835
0.651041
0.651175
0.687188
0.72484
0.748422
0.761189
0.767557
0.772579
0.811514
0.811514
0.818018
0.846071
0.866582
0.866582
0.868472
0.88946
0.89212
0.899409
0.910156
0.922067
0.919886
0.933826
0.934117
0.95434
0.957171
0.957171
0.963707
0.968404
0.970515
0.972343
0.976985
0.979818
0.985181
0.985385
0.986627
0.987547
0.98883
0.98964
0.990613
0.991096
0.993206
0.993206
0.993722
0.994359
0.994488
0.99479
0.995437
0.995437
0.996217
0.996516
0.996716
0.997418
0.997796
0.997977
0.998224
0.998406
0.998478
0.998581
0.998881
0.998889
0.999004
0.999131
0.999241
0.999278
0.999314
0.999445
0.999445
0.999532
0.999554
0.999554
0.999642
0.999657
0.999702
0.999744
0.999744
0.999799
0.999822
0.999823
0.999829
0.999848
0.999853
0.999877
0.999897
0.999918
0.999918
0.999927
0.999931
0.999932
0.999957
0.999957
0.999964
0.999966
0.999969
0.999973
0.999975
0.999977
0.999977
0.999978
0.999984
0.999984
0.999986
0.999986
0.999988
0.999989
0.99999
0.999991
0.999994
0.999994
0.999995
0.999995
0.999994
0.999995
0.999996
0.999996
0.999996
0.999997
0.999997
0.999998
0.999998
0.999998
0.999998
0.999998
0.999998
0.999999
0.999999
0.999999
0.999999
0.999999
0.999999
0.999999
0.999999
1
1
1
1
1
1
1
1
1
1
1
1
1
1
1
1
1
1
1
1
1
1
1
1
1
1
1
1
1
1
1
1
1
1
1
1
1
1
1
1
1
1
1
1
1
1
1
1
1
1
1
1
1
1
1
1
1
1
1
1
1
1
1
1
1
1
1
1
1
1
1
1
1
1
1
1
1
1
1
1
1
1
1
1
1
1
1
1
1
1
1
1
1
1
1
1
1
1
1
1
1
1
1
1
1
1
1
1
1
1
1
1
1
1
1
1
1
1
1
1
1
1
1
1
1
1
1
1
1
1
1
1
1
1
1
1
1
1
1
1
1
1
1
1
1
1
1
1
1
0.999964
1
1
1
1
1
1
1
1
1
1
1
1
1
1
1
1
1
1
1
1
1
1
1
1
1
1
1
1
1
1
1
1
1
1
1
1
1
1
1
1
1
1
1
1
1
1
1
1
1
1
1
1
1
1
1
1
1
1
1
1
1
1
1
1
1
1
1
1
1
1
1
1
1
1
1
1
1
1
1
1
1
1
1
1
1
1
1
1
1
1
1
1
1
1
1
1
1
1
1
1
1
1
1
1
1
1
1
1
1
1
1
1
1
1
1
1
1
1
1
1
1
1
1
1
1
1
1
1
1
1
1
1
1
1
1
1
1
1
1
1
1
1
1
1
1
1
1
1
1
1
1
1
1
1
1
1
1
1
1
1
1
1
1
1
1
1
1
1


0.0110666
0.0133847
0.0142559
0.0148817
0.0149013
0.015082
0.0152226
0.0152584
0.0158342
0.0161527
0.0168099
0.0170003
0.0172152
0.0181634
0.0190695
0.0195177
0.0199377
0.0200562
0.0205483
0.0207864
0.0219605
0.0220519
0.0232112
0.0249661
0.0261113
0.0275629
0.0288978
0.0289137
0.0298455
0.0370718
0.0386104
0.0412261
0.0412318
0.0502347
0.0504522
0.054265
0.0546185
0.058032
0.0583136
0.0664411
0.0711335
0.0757374
0.0945279
0.0954654
0.0972178
0.0993208
0.0993208
0.103054
0.105269
0.131421
0.131421
0.134798
0.154497
0.155949
0.207984
0.208548
0.219596
0.224732
0.235528
0.244379
0.267227
0.275909
0.308512
0.313332
0.327756
0.327756
0.339894
0.348079
0.348596
0.3492
0.361121
0.353506
0.372529
0.378659
0.405976
0.406168
0.406369
0.417532
0.422361
0.435521
0.440138
0.444538
0.444538
0.455186
0.455804
0.457396
0.468928
0.468928
0.502268
0.508249
0.524314
0.529239
0.529263
0.529282
0.529407
0.54385
0.54385
0.543911
0.549165
0.549165
0.549176
0.553109
0.553119
0.555297
0.555739
0.55683
0.558652
0.558658
0.559014
0.559022
0.559085
0.561065
0.561071
0.561998
0.562011
0.562011
0.562208
0.5624
0.562518
0.562557
0.562557
0.562565
0.562571
0.562617
0.562677
0.562689
0.562917
0.562925
0.562984
0.563184
0.563221
0.563215
0.563217
0.563297
0.56331
0.563313
0.56336
0.563363
0.563421
0.563421
0.563443
0.563444
0.563475
0.563475
0.563475
0.563476
0.563485
0.563493
0.563495
0.563499
0.563502
0.563502
0.563503
0.563504
0.563507
0.563507
0.56351
0.563513
0.563516
0.563518
0.563518
0.56352
0.56352
0.563521
0.563523
0.563524
0.563525
0.563525
0.563527
0.563527
0.563528
0.56353
0.563531
0.563531
0.563532
0.563532
0.563532
0.563532
0.563533
0.563533
0.563533
0.563533
0.563534
0.563534
0.563534
0.563534
0.563534
0.563534
0.563534
0.563535
0.563535
0.563535
0.563535
0.563535
0.563536
0.563536
0.563536
0.563536
0.563536
0.563536
0.563536
0.563536
0.563536
0.563536
0.563536
0.563536
0.563536
0.563536
0.563536
0.563536
0.563536
0.563536
0.563536
0.563536
0.563536
0.563536
0.563536
0.563536
0.563536
0.563536
0.563536
0.563536
0.563536
0.563536
0.563536
0.563536
0.563536
0.563536
0.563536
0.563536
0.563536
0.563536
0.563536
0.563536
0.563536
0.563536
0.563536
0.563536
0.563536
0.563536
0.563536
0.563536
0.563536
0.563536
0.563536
0.563536
0.563536
0.563536
0.563536
0.563536
0.563536
0.563536
0.563536
0.563536
0.563536
0.563536
0.563536
0.563536
0.563536
0.563536
0.563536
0.563536
0.563536
0.563536
0.563536
0.563536
0.563536
0.563536
0.563536
0.563536
0.563536
0.563536
0.563536
0.563536
0.563536
0.563536
0.563536
0.563536
0.563536
0.563536
0.563536
0.563536
0.563536
0.563536
0.563536
0.563536
0.563536
0.563536
0.563536
0.563536
0.563536
0.563536
0.563536
0.563536
0.563536
0.563536
0.563536
0.563536
0.563536
0.563536
0.563536
0.563536
0.563536
0.563536
0.563536
0.563536
0.563536
0.563536
0.563536
0.563536
0.563536
0.563536
0.563536
0.563536
0.563536
0.563536
0.563536
0.563536
0.563536
0.563536
0.563536
0.563536
0.563536
0.563536
0.563536
0.563536
0.563536
0.563536
0.563536
0.563536
0.563536
0.563536
0.563536
0.563536
0.563536
0.563536
0.563536
0.563536
0.563536
0.563536
0.563536
0.563536
0.563536
0.563536
0.563536
0.563536
0.563536
0.563536
0.563536
0.563536
0.563536
0.563536
0.563536
0.563536
0.563536
0.563536
0.563536
0.563536
0.563536
0.563536
0.563536
0.563536
0.563536
0.563536
0.563536
0.563536
0.563536
0.563536
0.563536
0.563536
0.563536
0.563536
0.563536
0.563536
0.563536
0.563536
0.563536
0.563536
0.563536
0.563536
0.563536
0.563536
0.563536
0.563536
0.563536
0.563536
0.563536
0.563536
0.563536
0.563536
0.563536
0.563536
0.563536
0.563536
0.563536
0.563536
0.563536
0.563536
0.563536
0.563536
0.563536
0.563536
0.563536
0.563536
0.563536
0.563536
0.563536
0.563536
0.563536
0.563536
0.563536
0.563536
0.563536
0.563536
0.563536
0.563536
0.563536
0.563536
0.563536
0.563536
0.563536
0.563536
0.563536
0.563536
0.563536
0.563536
0.563536
0.563536
0.563536
0.563536
0.563536
0.563536
0.563536
0.563536
0.563536
0.563536
0.563536
0.563536
0.563536
0.563536
0.563536
0.563536
0.563536
0.563536
0.563536
0.563536
0.563536
0.563536
0.563536
0.563536
0.563536
0.563536
0.563536
0.563536
0.563536
0.563536
0.563536
0.563536
0.563536
0.563536
0.563536
0.563536
0.563536
0.563536
0.563536
0.563536
0.563536
0.563536
0.563536
0.563536
0.563536
0.563536
0.563536
0.563536
0.563536
0.563536
0.563536
0.563536
0.563536
0.563536
0.563536
0.563536
0.563536
0.563536
0.563536
0.563536
0.563536
0.563536
0.563536
0.563536
0.563536
0.563536
0.563536
0.563536
0.563536
0.563536
0.563536
0.563536
0.563536
0.563536


0.014279
0.0145841
0.0149517
0.0156155
0.0161401
0.0162196
0.0167946
0.0177343
0.0178763
0.0184951
0.0194463
0.0200595
0.0216159
0.0222764
0.0224452
0.02299
0.0235531
0.0243558
0.0243558
0.0243735
0.0261112
0.0262037
0.0275432
0.0284402
0.0314175
0.0318791
0.0320764
0.0344277
0.0366697
0.0372208
0.0378925
0.040911
0.046879
0.046879
0.0473284
0.0526042
0.0621699
0.064894
0.0741331
0.0792865
0.0823622
0.0843557
0.100936
0.103171
0.113844
0.118394
0.121091
0.133607
0.136538
0.143245
0.14584
0.153752
0.158613
0.163123
0.190094
0.190761
0.191086
0.221072
0.262317
0.262339
0.262699
0.275507
0.275678
0.311436
0.31218
0.313112
0.316486
0.336122
0.359729
0.397993
0.397993
0.398931
0.431178
0.436892
0.448005
0.450317
0.450317
0.473893
0.492065
0.492163
0.499665
0.50511
0.50511
0.507575
0.518237
0.519231
0.52562
0.528199
0.528228
0.531586
0.540058
0.539045
0.539469
0.541974
0.542597
0.545681
0.547737
0.54841
0.550854
0.550854
0.552008
0.552457
0.552583
0.552603
0.552634
0.553555
0.555284
0.556495
0.556513
0.556518
0.556537
0.557185
0.557471
0.557477
0.558501
0.55851
0.558513
0.558703
0.55873
0.55873
0.55873
0.558796
0.558968
0.559074
0.559273
0.559373
0.559374
0.559436
0.559485
0.559523
0.559629
0.559631
0.559631
0.5597
0.5597
0.559778
0.559779
0.559791
0.559797
0.559797
0.559825
0.559825
0.559837
0.559839
0.559839
0.559855
0.559879
0.559887
0.559887
0.559901
0.559901
0.559903
0.55991
0.55991
0.55991
0.559911
0.559912
0.559912
0.559914
0.559919
0.559919
0.559921
0.559922
0.559922
0.559924
0.559924
0.559926
0.559928
0.559928
0.559928
0.559928
0.559927
0.559928
0.559928
0.559928
0.559929
0.559929
0.559929
0.559929
0.559929
0.559929
0.55993
0.55993
0.55993
0.55993
0.55993
0.55993
0.55993
0.55993
0.559931
0.559931
0.559931
0.559931
0.559931
0.559931
0.559931
0.559931
0.559931
0.559931
0.559931
0.559931
0.559931
0.559931
0.559931
0.559931
0.559931
0.559931
0.559931
0.559931
0.559931
0.559931
0.559931
0.559931
0.559931
0.559931
0.559931
0.559931
0.559931
0.559931
0.559931
0.559931
0.559931
0.559931
0.559931
0.559931
0.559931
0.559931
0.559931
0.559931
0.559931
0.559931
0.559931
0.559931
0.559931
0.559931
0.559931
0.559931
0.559931
0.559931
0.559931
0.559931
0.559931
0.559931
0.559931
0.559931
0.559931
0.559931
0.559931
0.559931
0.559931
0.559931
0.559931
0.559931
0.559931
0.559931
0.559931
0.559931
0.559931
0.559931
0.559931
0.559931
0.559931
0.559931
0.559931
0.559931
0.559931
0.559931
0.559931
0.559931
0.559931
0.559931
0.559931
0.559931
0.559931
0.559931
0.559931
0.559931
0.559931
0.559931
0.559931
0.559931
0.559931
0.559931
0.559931
0.559931
0.559931
0.559931
0.559931
0.559931
0.559931
0.559931
0.559931
0.559931
0.559931
0.559931
0.559931
0.559931
0.559931
0.559931
0.559931
0.559931
0.559931
0.559931
0.559931
0.559931
0.559931
0.559931
0.559931
0.559931
0.559931
0.559931
0.559931
0.559931
0.559931
0.559931
0.559931
0.559931
0.559931
0.559931
0.559931
0.559931
0.559931
0.559931
0.559931
0.559931
0.559931
0.559931
0.559931
0.559931
0.559931
0.559931
0.559931
0.559931
0.559931
0.559931
0.559931
0.559931
0.559931
0.559931
0.559931
0.559931
0.559931
0.559931
0.559931
0.559931
0.559931
0.559931
0.559931
0.559931
0.559931
0.559931
0.559931
0.559931
0.559931
0.559931
0.559931
0.559931
0.559931
0.559931
0.559931
0.559931
0.559931
0.559931
0.559931
0.559931
0.559931
0.559931
0.559931
0.559931
0.559931
0.559931
0.559931
0.559931
0.559931
0.559931
0.559931
0.559931
0.559931
0.559931
0.559931
0.559931
0.559931
0.559931
0.559931
0.559931
0.559931
0.559931
0.559931
0.559931
0.559931
0.559931
0.559931
0.559931
0.559931
0.559931
0.559931
0.559931
0.559931
0.559931
0.559931
0.559931
0.559931
0.559931
0.559931
0.559931
0.559931
0.559931
0.559931
0.559931
0.559931
0.559931
0.559931
0.559931
0.559931
0.559931
0.559931
0.559931
0.559931
0.559931
0.559931
0.559931
0.559931
0.559931
0.559931
0.559931
0.559931
0.559931
0.559931
0.559931
0.559931
0.559931
0.559931
0.559931
0.559931
0.559931
0.559931
0.559931
0.559931
0.559931
0.559931
0.559931
0.559931
0.559931
0.559931
0.559931
0.559931
0.559931
0.559931
0.559931
0.559931
0.559931
0.559931
0.559931
0.559931
0.559931
0.559931
0.559931
0.559931
0.559931
0.559931
0.559931
0.559931
0.559931
0.559931
0.559931
0.559931
0.559931
0.559931
0.559931
0.559931
0.559931
0.559931
0.559931
0.559931
0.559931
0.559931
0.559931
0.559931
0.559931
0.559931
0.559931
0.559931
0.559931
0.559931
0.559931
0.559931
0.559931
0.559931
0.559931
0.559931
0.559931
0.559931
0.559931
0.559931
0.559931
0.559931
0.559931
0.559931
0.559931
0.559931


0.0107147
0.0120005
0.01239
0.0130472
0.0130476
0.0132808
0.0134437
0.0137344
0.014242
0.0146471
0.0146471
0.0148358
0.0151751
0.0152984
0.0153349
0.0153375
0.0165017
0.0165122
0.0165346
0.0167707
0.0169472
0.0173238
0.0186613
0.0186619
0.0196615
0.019975
0.0202957
0.0205685
0.0224932
0.0225817
0.0283434
0.027774
0.027774
0.0302116
0.0302116
0.031241
0.0330297
0.0358728
0.0421811
0.0421931
0.0451622
0.0469363
0.0523361
0.0589513
0.0591477
0.061982
0.0643252
0.0643252
0.0668509
0.091257
0.0955789
0.0884427
0.127447
0.127608
0.141529
0.146131
0.146641
0.151318
0.154332
0.166761
0.175927
0.183818
0.207865
0.237207
0.261709
0.263382
0.264061
0.302609
0.32316
0.32316
0.331456
0.345648
0.362543
0.362543
0.385752
0.396636
0.419335
0.4198
0.443808
0.454036
0.456597
0.455803
0.455803
0.482714
0.48697
0.512263
0.512859
0.513867
0.51803
0.519094
0.537316
0.537316
0.537696
0.538798
0.548254
0.548458
0.550759
0.551571
0.552072
0.553778
0.553907
0.558416
0.558416
0.558522
0.560053
0.560758
0.561773
0.564201
0.564355
0.56477
0.56585
0.566028
0.56633
0.567831
0.569762
0.569851
0.570156
0.570156
0.570544
0.570657
0.571276
0.571612
0.571652
0.571682
0.571879
0.572014
0.572237
0.572578
0.572616
0.572616
0.572905
0.572897
0.572919
0.57317
0.573266
0.573273
0.573317
0.573408
0.573408
0.573435
0.573435
0.573441
0.573491
0.573511
0.573511
0.573558
0.573585
0.57359
0.57363
0.57363
0.573632
0.573633
0.573635
0.57365
0.57365
0.573655
0.573659
0.573671
0.573675
0.57369
0.573691
0.573696
0.573703
0.573703
0.573703
0.573708
0.573708
0.573709
0.57371
0.573711
0.573711
0.573711
0.573712
0.573712
0.573715
0.573715
0.573716
0.573716
0.573717
0.573718
0.573718
0.573719
0.573719
0.573719
0.57372
0.57372
0.57372
0.57372
0.57372
0.57372
0.57372
0.57372
0.57372
0.573721
0.573721
0.573721
0.573721
0.585717
0.585717
0.591301
0.597053
0.597053
0.597053
0.601095
0.605501
0.605501
0.605501
0.609906
0.609906
0.609906
0.611657
0.612744
0.613009
0.613009
0.617542
0.622272
0.626929
0.626929
0.626929
0.626947
0.633918
0.637249
0.642313
0.642313
0.642313
0.650384
0.666225
0.666225
0.669436
0.669436
0.678562
0.678562
0.678562
0.6818
0.682415
0.683974
0.690756
0.694659
0.694659
0.694836
0.695968
0.695196
0.696962
0.696962
0.696962
0.701987
0.701987
0.702352
0.712495
0.713083
0.714674
0.718122
0.718122
0.718608
0.718608
0.718608
0.719246
0.720084
0.720422
0.720422
0.721092
0.72427
0.725159
0.725895
0.725895
0.725895
0.725905
0.725991
0.725991
0.725991
0.726236
0.72798
0.72798
0.728143
0.728779
0.728779
0.728779
0.728847
0.729291
0.729406
0.729406
0.729491
0.72956
0.72956
0.72956
0.729644
0.729644
0.729685
0.729791
0.72983
0.729892
0.730021
0.730046
0.730046
0.730066
0.730066
0.730066
0.7301
0.730172
0.730218
0.730218
0.730173
0.730188
0.730188
0.730262
0.730263
0.730263
0.730277
0.730307
0.730318
0.730325
0.730329
0.730329
0.730331
0.730349
0.730349
0.730349
0.730349
0.73036
0.73036
0.730368
0.730368
0.730376
0.730376
0.730376
0.730377
0.730377
0.730377
0.730377
0.730377
0.73038
0.730386
0.730386
0.730386
0.730388
0.73039
0.73039
0.73039
0.730392
0.730392
0.730392
0.730392
0.730393
0.730393
0.730393
0.730394
0.730394
0.730394
0.730395
0.730395
0.730395
0.730395
0.730395
0.730395
0.730395
0.730395
0.730395
0.730395
0.730395
0.730396
0.730396
0.730396
0.730396
0.730396
0.730396
0.730396
0.730396
0.730396
0.730396
0.730396
0.730396
0.730396
0.730396
0.730396
0.730396
0.730396
0.730396
0.730396
0.730396
0.730396
0.730396
0.730396
0.730396
0.730396
0.730396
0.730396
0.730396
0.730396
0.730396
0.730396
0.730396
0.730396
0.730396
0.730396
0.730396
0.730396
0.730396
0.730396
0.730396
0.730396
0.730396
0.730396
0.730396
0.730396
0.730396
0.730396
0.730396
0.730396
0.730396
0.730396
0.730396
0.728914
0.730396
0.730396
0.730396
0.730396
0.730396
0.730396
0.730396
0.730396
0.730396
0.730396
0.730396
0.730396
0.730396
0.730396
0.730396
0.730396
0.730396
0.730396
0.730396
0.730396
0.730396
0.730396
0.730396
0.730396
0.730396
0.730396
0.730396
0.730396
0.730396
0.730396
0.730396
0.730396
0.730396
0.730396
0.730396
0.730396
0.730396
0.730396
0.730396
0.730396
0.730396
0.730396
0.730396
0.730396
0.730396
0.730396
0.730396
0.730396
0.730396
0.730396
0.730396
0.730396
0.730396
0.730396
0.730396
0.730396
0.730396
0.730396
0.730396
0.730396
0.730396
0.730396
0.730396
0.730396
0.730396
0.730396
0.730396
0.730396
0.730396
0.730396
0.730396
0.730396
0.730396
0.730396
0.730396
0.730396
0.730396
0.730396
0.730396
0.730396
0.730396
0.730396
0.730396
0.730396
0.730396
0.730396
0.730396
0.730396


0.015632
0.0165849
0.0176754
0.0193511
0.019402
0.0200222
0.0204063
0.0209052
0.0210857
0.0220497
0.0223461
0.0223461
0.02304
0.0230428
0.02356
0.024473
0.0257403
0.026099
0.0264487
0.0268669
0.028208
0.0288804
0.0296436
0.0300055
0.0300055
0.0312951
0.0324419
0.0367629
0.040076
0.0407146
0.0435056
0.0473174
0.047369
0.0529
0.0529
0.0598726
0.0598726
0.0637993
0.073727
0.0816599
0.0881879
0.082282
0.0860162
0.0869323
0.0930186
0.098599
0.113642
0.113642
0.126768
0.140007
0.141905
0.154031
0.155018
0.166971
0.173659
0.177807
0.19561
0.205367
0.212809
0.231922
0.23266
0.239224
0.24096
0.256022
0.265178
0.272071
0.272918
0.275865
0.29978
0.305548
0.320178
0.321314
0.321314
0.323213
0.327203
0.333504
0.345549
0.347917
0.351902
0.354936
0.355538
0.366947
0.367132
0.372304
0.375639
0.37606
0.381273
0.382708
0.385772
0.386091
0.386689
0.386738
0.387006
0.387454
0.387495
0.387703
0.389332
0.390713
0.391465
0.39154
0.392985
0.392555
0.393115
0.393605
0.39362
0.393856
0.394112
0.394222
0.394576
0.394576
0.394599
0.394638
0.394762
0.394765
0.394955
0.395022
0.395032
0.39513
0.395218
0.395244
0.395244
0.395306
0.395318
0.395327
0.39535
0.39535
0.395358
0.395358
0.395403
0.395403
0.395406
0.395446
0.39545
0.395461
0.395475
0.395475
0.39548
0.395484
0.395486
0.395486
0.395491
0.395508
0.395519
0.395526
0.395526
0.395528
0.395529
0.395529
0.395534
0.395534
0.395536
0.395536
0.395536
0.395537
0.395538
0.395539
0.395539
0.39554
0.395543
0.395543
0.395543
0.395543
0.395544
0.395544
0.395544
0.395544
0.395544
0.395544
0.395544
0.395544
0.395545
0.395545
0.395545
0.395545
0.395545
0.395545
0.395545
0.395545
0.395546
0.395546
0.395546
0.395546
0.395546
0.395546
0.395546
0.395546
0.395546
0.395546
0.395546
0.395546
0.395546
0.395546
0.395546
0.395546
0.395546
0.395546
0.395546
0.395546
0.395546
0.395546
0.395546
0.395546
0.395546
0.395546
0.395546
0.395546
0.395546
0.395546
0.395546
0.395546
0.395546
0.395546
0.395546
0.395546
0.395546
0.395546
0.395546
0.395546
0.395546
0.395546
0.395546
0.395546
0.395546
0.395546
0.395546
0.395546
0.395546
0.395546
0.395546
0.395546
0.395546
0.395546
0.395546
0.395546
0.395546
0.395546
0.395546
0.395546
0.395546
0.395546
0.395546
0.395546
0.395546
0.395546
0.395546
0.395546
0.395546
0.395546
0.395546
0.395546
0.395546
0.395546
0.395546
0.395546
0.395546
0.395546
0.395546
0.395546
0.395546
0.395546
0.395546
0.395546
0.395546
0.395546
0.395546
0.395546
0.395546
0.395546
0.395546
0.395546
0.395546
0.395546
0.395546
0.395546
0.395546
0.395546
0.395546
0.395546
0.395546
0.395546
0.395546
0.395546
0.395546
0.395546
0.395546
0.395546
0.395546
0.395546
0.395546
0.395546
0.395546
0.395546
0.395546
0.395546
0.395546
0.395546
0.395546
0.395546
0.395546
0.395546
0.395546
0.395546
0.395546
0.395546
0.395546
0.395546
0.395546
0.395546
0.395546
0.395546
0.395546
0.395546
0.395546
0.395546
0.395546
0.395546
0.395546
0.395546
0.395546
0.395546
0.395546
0.395546
0.395546
0.395546
0.395546
0.395546
0.395546
0.395546
0.395546
0.395546
0.395546
0.395546
0.395546
0.395546
0.395546
0.395546
0.395546
0.395546
0.395546
0.395546
0.395546
0.395545
0.395546
0.395546
0.395546
0.395546
0.395546
0.395546
0.395546
0.395546
0.395546
0.395546
0.395546
0.395546
0.395546
0.395546
0.395546
0.395546
0.395546
0.395546
0.395546
0.395546
0.395546
0.395546
0.395546
0.395546
0.395546
0.395546
0.395546
0.395546
0.395546
0.395546
0.395546
0.395546
0.395546
0.395546
0.395546
0.395546
0.395546
0.395546
0.395546
0.395546
0.395546
0.395546
0.395546
0.395546
0.395546
0.395546
0.395546
0.395546
0.395546
0.395546
0.395546
0.395546
0.395546
0.395546
0.395546
0.395546
0.395546
0.395546
0.395546
0.395546
0.395546
0.395546
0.395546
0.395546
0.395546
0.395546
0.395546
0.395546
0.395546
0.395546
0.395546
0.395546
0.395546
0.395546
0.395546
0.395546
0.395546
0.395546
0.395546
0.395546
0.395546
0.395546
0.395546
0.395546
0.395546
0.395546
0.395546
0.395546
0.395546
0.395546
0.395546
0.395546
0.395546
0.395546
0.395546
0.395546
0.395546
0.395546
0.395546
0.395546
0.395546
0.395546
0.395546
0.395546
0.395546
0.395546
0.395546
0.395546
0.395546
0.395546
0.395546
0.395546
0.395546
0.395546
0.395546
0.395546
0.395546
0.395546
0.395546
0.395546
0.395546
0.395546
0.395546
0.395546
0.395546
0.395546
0.395546
0.395546
0.395546
0.395546
0.395546
0.395546
0.395546
0.395546
0.395546
0.395546
0.395546
0.395546
0.395546
0.395546
0.395546
0.395546
0.395546
0.395546
0.395546
0.395546
0.395546
0.395546
0.395546
0.395546
0.395546
0.395546
0.395546
0.395546
0.395546
0.395546
0.395546
0.395546


0.0117128
0.0121088
0.0125767
0.0130698
0.0134719
0.0134719
0.014326
0.0145391
0.0150173
0.0151578
0.0157932
0.0157932
0.0165254
0.0165254
0.0166495
0.0168625
0.0169403
0.017704
0.0184479
0.0184479
0.0185437
0.0197565
0.02182
0.0238082
0.0250654
0.0270947
0.0270947
0.02858
0.0289217
0.0308795
0.0353834
0.0349638
0.0349638
0.036172
0.0411788
0.0413162
0.0470912
0.0599665
0.0620371
0.0620371
0.065762
0.0688646
0.0778378
0.0789544
0.0884186
0.0936037
0.0968481
0.0972243
0.0975339
0.110544
0.110544
0.115822
0.116827
0.129245
0.136503
0.139035
0.139507
0.141203
0.142247
0.14281
0.147921
0.148158
0.148158
0.153446
0.155056
0.155692
0.159273
0.16011
0.164323
0.166363
0.168859
0.171783
0.172309
0.172802
0.175666
0.175666
0.175788
0.17588
0.17588
0.176199
0.176514
0.176671
0.178471
0.178471
0.17923
0.179829
0.181442
0.181498
0.181708
0.182238
0.182426
0.182546
0.182651
0.18295
0.183059
0.183379
0.183554
0.183607
0.183731
0.183899
0.18395
0.183977
0.184002
0.184032
0.184099
0.184166
0.184173
0.184188
0.184253
0.184268
0.184293
0.18432
0.184339
0.184342
0.184351
0.184428
0.18443
0.184458
0.184471
0.184502
0.184517
0.18452
0.184535
0.184542
0.184545
0.184555
0.18457
0.184575
0.184577
0.184579
0.184584
0.184582
0.184582
0.184582
0.184583
0.184583
0.184588
0.18459
0.184592
0.184594
0.184595
0.184597
0.184597
0.184599
0.184599
0.1846
0.1846
0.184602
0.184603
0.184603
0.184603
0.184604
0.184604
0.184605
0.184605
0.184605
0.184605
0.184605
0.184605
0.184606
0.184606
0.184606
0.184606
0.184606
0.184606
0.184606
0.184606
0.184606
0.184606
0.184606
0.184607
0.184607
0.184607
0.184607
0.184607
0.184607
0.184607
0.184607
0.184607
0.184607
0.184607
0.184607
0.184607
0.184607
0.184607
0.184607
0.184607
0.184607
0.184607
0.184607
0.184607
0.184607
0.184607
0.184607
0.184607
0.184607
0.184607
0.184607
0.184607
0.184607
0.184607
0.184607
0.184607
0.184607
0.184607
0.184607
0.184607
0.184607
0.184607
0.184607
0.184607
0.184607
0.184607
0.184607
0.184607
0.184607
0.184607
0.184607
0.184607
0.184607
0.184607
0.184607
0.184607
0.184607
0.184607
0.184607
0.184607
0.184607
0.184607
0.184607
0.184607
0.184607
0.184607
0.184607
0.184607
0.184607
0.184607
0.184607
0.184607
0.184607
0.184607
0.184607
0.184607
0.184607
0.184607
0.184607
0.184607
0.184607
0.184607
0.184607
0.184607
0.184607
0.184607
0.184607
0.184607
0.184607
0.184607
0.184607
0.184607
0.184607
0.184607
0.184607
0.184607
0.184607
0.184607
0.184607
0.184607
0.184607
0.184607
0.184607
0.184607
0.184607
0.184607
0.184607
0.184607
0.184607
0.184607
0.184607
0.184607
0.184607
0.184607
0.184607
0.184607
0.184607
0.184607
0.184607
0.184607
0.184607
0.184607
0.184607
0.184607
0.184607
0.184607
0.184607
0.184607
0.184607
0.184607
0.184607
0.184607
0.184607
0.184607
0.184607
0.184607
0.184607
0.184607
0.184607
0.184607
0.184607
0.184607
0.184607
0.184607
0.184607
0.184607
0.185512
0.187973
0.188103
0.188103
0.188103
0.188692
0.188692
0.188692
0.188494
0.188745
0.188847
0.188866
0.188904
0.188937
0.189026
0.189104
0.189183
0.189226
0.189249
0.190045
0.191924
0.196826
0.199037
0.20121
0.203312
0.205498
0.205961
0.207439
0.20793
0.208179
0.20902
0.211032
0.211622
0.212465
0.213247
0.21508
0.219044
0.221285
0.223225
0.224701
0.225327
0.226964
0.229362
0.230698
0.231367
0.232401
0.233108
0.233157
0.233513
0.233513
0.234261
0.234479
0.234479
0.234479
0.234706
0.234879
0.234922
0.234973
0.234134
0.235218
0.235834
0.235878
0.23649
0.23649
0.241698
0.241698
0.241706
0.243311
0.244506
0.24461
0.245129
0.246305
0.246336
0.248569
0.248586
0.249299
0.249364
0.249372
0.24207
0.248344
0.248534
0.250719
0.251069
0.251405
0.251405
0.254732
0.254732
0.25505
0.254612
0.255264
0.255349
0.261918
0.26374
0.263744
0.263744
0.263775
0.265122
0.265142
0.265149
0.265151
0.265298
0.265444
0.266807
0.268072
0.268077
0.269178
0.269931
0.269931
0.269858
0.272039
0.273703
0.273742
0.273742
0.273742
0.274818
0.274828
0.274855
0.275693
0.276259
0.276833
0.276898
0.276978
0.277062
0.277228
0.277238
0.277238
0.27752
0.277592
0.277961
0.278972
0.278981
0.279712
0.281397
0.281404
0.281404
0.281761
0.281772
0.281773
0.281779
0.282216
0.282225
0.282233
0.282236
0.282245
0.282247
0.282445
0.282983
0.282991
0.282986
0.283043
0.283816
0.283816
0.284794
0.284794
0.284807
0.284831
0.284831
0.284838
0.285004
0.285317
0.285318
0.285603
0.28565
0.286078
0.286217
0.286217
0.286218
0.286348
0.286139
0.286408
0.286408
0.28652
0.286529
0.286529
0.28653
0.286533
0.286581
0.28675
0.286774
0.286783
0.286786
0.286866
0.286866
0.286866
0.286867
0.286874
0.286989


0.0152212
0.0153097
0.0162325
0.0176538
0.0182117
0.0184747
0.0186226
0.0186339
0.0189457
0.0194856
0.0196485
0.0197037
0.0197109
0.0199753
0.020104
0.0204131
0.0207321
0.0211173
0.0211173
0.0212003
0.0214904
0.0215369
0.0224889
0.0224889
0.0228762
0.0234624
0.0244567
0.02646
0.02646
0.0268546
0.0275394
0.0277894
0.0277894
0.0281909
0.0291025
0.0291884
0.0296144
0.0315141
0.0338453
0.0343259
0.0363949
0.0391395
0.0435578
0.0437247
0.0449325
0.0483641
0.0490205
0.0528716
0.0538108
0.0641296
0.064186
0.0668288
0.0686229
0.0745792
0.0745792
0.0752458
0.0804924
0.0852246
0.0852804
0.0885075
0.0999215
0.0999583
0.101981
0.108455
0.108578
0.108578
0.110501
0.11235
0.113257
0.117615
0.118887
0.131908
0.132063
0.135703
0.139074
0.139811
0.153817
0.153817
0.158059
0.158243
0.172767
0.16534
0.165942
0.169688
0.17272
0.175397
0.175509
0.177757
0.177886
0.177886
0.184748
0.186443
0.186807
0.187913
0.191959
0.194228
0.200104
0.200974
0.201017
0.201363
0.203092
0.205342
0.205342
0.207303
0.211683
0.214135
0.214135
0.214964
0.215964
0.216802
0.217443
0.221221
0.22124
0.22124
0.222334
0.222811
0.223997
0.224305
0.225126
0.225126
0.225478
0.225592
0.22562
0.225781
0.225958
0.226145
0.227076
0.227087
0.227087
0.22742
0.227435
0.227543
0.227701
0.227706
0.227868
0.227947
0.227968
0.228144
0.228165
0.228182
0.228382
0.228417
0.228681
0.228692
0.228692
0.228704
0.228823
0.228823
0.228845
0.228853
0.228868
0.228861
0.228888
0.228912
0.22895
0.228956
0.228959
0.228959
0.228992
0.229004
0.22902
0.229025
0.229044
0.229054
0.229065
0.229072
0.229073
0.229075
0.229084
0.229086
0.229087
0.229093
0.229098
0.229098
0.229099
0.229099
0.229099
0.2291
0.2291
0.229101
0.229101
0.229101
0.229104
0.229105
0.229106
0.229106
0.229106
0.229106
0.229106
0.229107
0.229108
0.229108
0.229109
0.22911
0.22911
0.22911
0.22911
0.22911
0.22911
0.229111
0.229111
0.229111
0.229111
0.229111
0.229111
0.229111
0.229111
0.229111
0.229111
0.229111
0.229111
0.229111
0.229111
0.229111
0.229111
0.229111
0.229111
0.229111
0.229111
0.229111
0.229111
0.229111
0.229111
0.229111
0.229111
0.229111
0.229111
0.229111
0.229111
0.229111
0.229111
0.229111
0.229111
0.229111
0.229112
0.229112
0.229112
0.229112
0.229112
0.229112
0.229112
0.229112
0.229112
0.229112
0.229112
0.229112
0.229112
0.229112
0.229112
0.229112
0.229112
0.229112
0.229112
0.229112
0.229112
0.229112
0.229112
0.229112
0.229112
0.229112
0.229112
0.229112
0.229112
0.229112
0.229112
0.229112
0.229112
0.229112
0.229112
0.229112
0.229112
0.229112
0.229112
0.229112
0.229112
0.229112
0.229112
0.229112
0.229112
0.229112
0.229112
0.229112
0.229112
0.229112
0.229112
0.229112
0.229112
0.229112
0.229112
0.229112
0.229112
0.229112
0.229112
0.229112
0.229112
0.229112
0.229112
0.229112
0.229112
0.229112
0.229112
0.229112
0.229112
0.229112
0.229112
0.229112
0.229112
0.229112
0.229112
0.229112
0.229112
0.229112
0.229112
0.229112
0.229112
0.229112
0.229112
0.229112
0.229112
0.229112
0.229112
0.229112
0.229112
0.229112
0.229112
0.229112
0.229112
0.229112
0.229112
0.229112
0.229112
0.229112
0.229112
0.229112
0.229112
0.229112
0.229112
0.230024
0.230024
0.230024
0.230024
0.230024
0.230169
0.230333
0.230349
0.230349
0.230349
0.230894
0.231163
0.231273
0.231308
0.231319
0.231467
0.231576
0.23208
0.232235
0.232508
0.232652
0.232652
0.232654
0.232891
0.232964
0.233021
0.233696
0.233847
0.234089
0.234089
0.234089
0.234389
0.234389
0.234461
0.234553
0.234566
0.234566
0.234577
0.234619
0.234619
0.234641
0.234645
0.234645
0.234655
0.23466
0.234667
0.234683
0.234806
0.234893
0.234963
0.235084
0.23522
0.235333
0.235333
0.235489
0.235489
0.235536
0.235617
0.235663
0.235776
0.235788
0.235788
0.235868
0.235989
0.23602
0.236058
0.236058
0.236066
0.236079
0.236079
0.236079
0.236079
0.236086
0.236086
0.236089
0.236097
0.236097
0.236097
0.236097
0.236097
0.236098
0.236099
0.236099
0.236104
0.236123
0.236123
0.236123
0.236132
0.236224
0.236236
0.236236
0.23626
0.236314
0.236343
0.236343
0.236343
0.236369
0.236369
0.236373
0.236373
0.236375
0.236383
0.236395
0.236405
0.236391
0.236443
0.23656
0.236568
0.236601
0.236601
0.23664
0.236697
0.236716
0.236716
0.236696
0.236733
0.236734
0.23675
0.236754
0.236764
0.236769
0.236769
0.236776
0.236784
0.236796
0.236803
0.236805
0.236806
0.236819
0.236823
0.236823
0.236826
0.236826
0.236831
0.236844
0.236848
0.236848
0.236848
0.236849
0.236851
0.236859
0.23686
0.236863
0.236863
0.236866
0.236872
0.236872
0.236875
0.236875
0.236876
0.236877
0.236879
0.236879
0.236879
0.236879
0.236881
0.236881
0.236881
0.236881
0.236883
0.236885
0.236885
0.236886


0.0116327
0.0125966
0.0132701
0.0135275
0.0138809
0.0138809
0.0139997
0.0152189
0.0154394
0.0154394
0.01547
0.015585
0.0164723
0.0164723
0.0164723
0.0169155
0.0185008
0.0185008
0.0190477
0.019315
0.0199835
0.0211283
0.0218269
0.0221186
0.0227237
0.023625
0.0238656
0.0241297
0.0252701
0.0270784
0.0290461
0.0312781
0.0312781
0.031826
0.0355697
0.0397354
0.0405368
0.0406661
0.0406661
0.0414337
0.0419548
0.0465982
0.0513655
0.053153
0.05853
0.0588104
0.0636098
0.071428
0.0761751
0.0772385
0.080525
0.079015
0.086422
0.0870716
0.0895013
0.0928941
0.0952627
0.0957337
0.0978102
0.118142
0.119847
0.119129
0.124221
0.130119
0.132586
0.136604
0.137117
0.138379
0.139675
0.139843
0.141473
0.142436
0.142436
0.142887
0.142887
0.150579
0.151703
0.152192
0.152277
0.152724
0.153822
0.153882
0.156424
0.157842
0.158411
0.160801
0.163846
0.163846
0.163859
0.164386
0.164738
0.167146
0.167212
0.16748
0.168124
0.168497
0.169262
0.169444
0.169648
0.16966
0.169869
0.17054
0.171623
0.171627
0.17166
0.171679
0.171886
0.17199
0.171994
0.17202
0.17206
0.172168
0.172184
0.172358
0.172418
0.172492
0.172626
0.172626
0.17263
0.17263
0.172692
0.172734
0.17277
0.17277
0.172772
0.172785
0.172804
0.172813
0.172818
0.172853
0.172857
0.172874
0.172874
0.172883
0.172886
0.17291
0.172918
0.172937
0.172937
0.172944
0.172944
0.172956
0.172959
0.172966
0.172973
0.172973
0.172977
0.172978
0.172979
0.17298
0.17298
0.17298
0.17298
0.172982
0.172984
0.172988
0.172988
0.172988
0.172988
0.172989
0.17299
0.17299
0.172992
0.172992
0.172992
0.172992
0.172993
0.172993
0.172994
0.172995
0.172995
0.172995
0.172996
0.172996
0.172996
0.172996
0.172996
0.172996
0.172996
0.172996
0.172996
0.172996
0.172997
0.172997
0.172997
0.172997
0.172997
0.172997
0.172997
0.172997
0.172997
0.172997
0.172997
0.172997
0.172997
0.172997
0.172997
0.172997
0.172997
0.172997
0.172997
0.172997
0.172997
0.172998
0.172998
0.172998
0.172998
0.172998
0.172998
0.172998
0.172998
0.172998
0.172998
0.172998
0.172998
0.172998
0.172998
0.172998
0.172998
0.172998
0.173988
0.173988
0.176355
0.176355
0.178481
0.178481
0.178481
0.178481
0.193289
0.195994
0.195994
0.192736
0.205072
0.205072
0.205072
0.206838
0.206838
0.206838
0.206838
0.207938
0.208352
0.207655
0.21382
0.21382
0.21382
0.21382
0.21382
0.21551
0.21551
0.21672
0.21672
0.218504
0.219384
0.219802
0.220006
0.221865
0.222329
0.222918
0.223174
0.223286
0.223336
0.223555
0.229203
0.233746
0.236512
0.236512
0.237961
0.242475
0.242475
0.242475
0.242694
0.245904
0.260759
0.274164
0.279198
0.290532
0.307329
0.316875
0.316875
0.319352
0.319352
0.321693
0.326261
0.326261
0.326827
0.331273
0.338709
0.341427
0.341427
0.342967
0.34427
0.36511
0.368511
0.368511
0.37719
0.37719
0.397921
0.422747
0.429297
0.429297
0.440143
0.45352
0.457265
0.462585
0.462585
0.473962
0.473962
0.473962
0.473962
0.473962
0.48511
0.472052
0.486822
0.501427
0.501427
0.501427
0.501427
0.501427
0.505492
0.508241
0.51225
0.512177
0.512394
0.529141
0.529141
0.529141
0.529141
0.533055
0.533055
0.533055
0.533055
0.533571
0.534767
0.535503
0.536801
0.543606
0.555207
0.555207
0.561182
0.572849
0.575773
0.576774
0.579276
0.585308
0.585308
0.585308
0.585812
0.589335
0.590242
0.590242
0.590242
0.590341
0.590341
0.590341
0.59651
0.59651
0.597122
0.597169
0.597356
0.597356
0.597902
0.597902
0.597953
0.598126
0.598476
0.598878
0.602016
0.602016
0.602016
0.603022
0.603022
0.603022
0.603022
0.603216
0.603439
0.604337
0.604337
0.604337
0.604337
0.604337
0.604433
0.604445
0.605531
0.605807
0.605849
0.605849
0.605849
0.605849
0.605849
0.606102
0.606403
0.606403
0.606403
0.606475
0.606475
0.6066
0.606779
0.606779
0.606821
0.60689
0.60697
0.606977
0.606977
0.607179
0.607218
0.607218
0.607218
0.607218
0.607473
0.607482
0.607482
0.607469
0.607469
0.607469
0.607489
0.607515
0.607534
0.607543
0.607543
0.60756
0.607568
0.607572
0.607576
0.607576
0.607576
0.607607
0.60761
0.60761
0.607619
0.607619
0.607619
0.607617
0.607617
0.607623
0.607623
0.607623
0.607625
0.607625
0.607626
0.607626
0.607628
0.60764
0.607647
0.607678
0.607678
0.607678
0.607688
0.607688
0.607688
0.607688
0.607688
0.607683
0.607683
0.607685
0.607692
0.607692
0.607692
0.607692
0.607697
0.607697
0.607698
0.607699
0.607699
0.607699
0.6077
0.607703
0.607703
0.607703
0.607703
0.607703
0.607705
0.607705
0.607706
0.607706
0.607706
0.607706
0.607708
0.607708
0.607708
0.607709
0.607709
0.607708
0.607708
0.607709
0.607709
0.607709
0.607709
0.607709
0.60771
0.60771
0.60771
0.60771
0.60771
0.60771
0.60771
0.60771
0.60771
0.60771
0.60771
0.607711


0.0164467
0.0182468
0.0182468
0.0187698
0.0201743
0.0203263
0.0209366
0.0212858
0.0212967
0.0215174
0.0222944
0.0226704
0.0228338
0.0239883
0.0240907
0.0243124
0.0243124
0.025499
0.0258067
0.0267625
0.0268446
0.0275364
0.0278902
0.0300091
0.0327776
0.0336857
0.0337366
0.0353522
0.0389908
0.0409166
0.0419665
0.0440832
0.044262
0.0536883
0.0537978
0.0554746
0.0659583
0.0659583
0.0762778
0.0790667
0.0834967
0.0855732
0.0855732
0.0886089
0.0916522
0.0934699
0.109089
0.113232
0.117657
0.123978
0.135955
0.157766
0.15786
0.173465
0.173465
0.173465
0.174079
0.187851
0.187851
0.193142
0.196316
0.21026
0.210361
0.21319
0.21319
0.218978
0.229647
0.231633
0.238721
0.256143
0.258401
0.261592
0.268176
0.269139
0.269139
0.271183
0.275099
0.276622
0.277016
0.283115
0.283363
0.284577
0.284799
0.285714
0.291375
0.291375
0.291375
0.292294
0.293927
0.294209
0.294566
0.29494
0.295968
0.296043
0.296502
0.297036
0.297136
0.297186
0.297248
0.298061
0.299145
0.299461
0.299474
0.299474
0.29955
0.299762
0.299762
0.299784
0.300913
0.301134
0.30203
0.302265
0.30247
0.303339
0.303357
0.303463
0.303531
0.303532
0.303623
0.303623
0.303694
0.3037
0.303798
0.304063
0.304065
0.304066
0.304116
0.304301
0.304301
0.304404
0.304424
0.304462
0.304467
0.304519
0.304549
0.304593
0.304598
0.304638
0.304671
0.304674
0.304745
0.304747
0.304806
0.304806
0.304815
0.304824
0.304825
0.304852
0.304897
0.304897
0.304897
0.304899
0.304911
0.304922
0.304925
0.304931
0.304932
0.304941
0.304941
0.304941
0.304951
0.304955
0.304955
0.304955
0.304958
0.304958
0.304959
0.30496
0.304961
0.304973
0.304973
0.304974
0.304975
0.304975
0.304976
0.304977
0.304978
0.304978
0.304981
0.304982
0.304982
0.304983
0.304983
0.304983
0.304983
0.304984
0.304984
0.304984
0.304985
0.304985
0.304985
0.304986
0.304986
0.304987
0.304987
0.304987
0.304987
0.304987
0.304987
0.304987
0.304987
0.304987
0.304987
0.304987
0.304987
0.304987
0.304987
0.304987
0.304988
0.304988
0.304988
0.304988
0.304988
0.304988
0.304988
0.304988
0.304988
0.304988
0.304988
0.304988
0.304988
0.304988
0.304988
0.304988
0.304988
0.304988
0.304988
0.304988
0.304988
0.304988
0.304988
0.304988
0.304988
0.304988
0.304988
0.304988
0.304988
0.304988
0.304988
0.304988
0.304988
0.304988
0.304988
0.304988
0.304988
0.304988
0.304988
0.304988
0.304988
0.304988
0.304988
0.304988
0.304988
0.304988
0.304988
0.304988
0.304988
0.304988
0.304988
0.304988
0.304988
0.304988
0.304988
0.304988
0.304988
0.304988
0.304988
0.304988
0.304988
0.304988
0.304988
0.304988
0.304988
0.304988
0.304988
0.304988
0.304988
0.304988
0.304988
0.304988
0.304988
0.304988
0.304988
0.304988
0.304988
0.304988
0.304988
0.304988
0.304988
0.304988
0.304988
0.304988
0.304988
0.304988
0.304988
0.304988
0.304988
0.304988
0.304988
0.304988
0.304988
0.304988
0.304988
0.304988
0.304988
0.304988
0.304988
0.304988
0.304988
0.304988
0.304988
0.304988
0.304988
0.304988
0.304988
0.304988
0.304988
0.304988
0.304988
0.304988
0.304988
0.304988
0.304988
0.304988
0.304988
0.304988
0.304988
0.304988
0.304988
0.304988
0.304988
0.304988
0.304988
0.304988
0.304988
0.304988
0.304988
0.304988
0.304988
0.304988
0.304988
0.304988
0.304988
0.304988
0.304988
0.304988
0.304988
0.304988
0.304988
0.304988
0.304988
0.304988
0.304988
0.304988
0.304988
0.304988
0.304988
0.304988
0.304988
0.304988
0.304988
0.307975
0.315629
0.315629
0.353101
0.361723
0.361723
0.361723
0.372899
0.389507
0.398258
0.398258
0.401569
0.405855
0.40775
0.410677
0.415058
0.418756
0.420725
0.421091
0.423366
0.432484
0.445034
0.467717
0.467717
0.467717
0.470925
0.470925
0.470925
0.470925
0.472135
0.478685
0.479615
0.479615
0.479615
0.480674
0.481791
0.482945
0.483295
0.486619
0.486619
0.486519
0.488073
0.489775
0.49123
0.493713
0.493937
0.495519
0.495519
0.495532
0.495999
0.496249
0.50664
0.50664
0.510062
0.510587
0.511099
0.511099
0.513033
0.516063
0.516645
0.515771
0.517442
0.519235
0.519748
0.519748
0.519853
0.52012
0.523324
0.524836
0.52492
0.524324
0.524697
0.525284
0.525284
0.525757
0.525757
0.52685
0.526983
0.532919
0.536535
0.541024
0.543496
0.543965
0.54406
0.544078
0.548972
0.548972
0.553154
0.553154
0.553738
0.554661
0.556789
0.556789
0.557132
0.557132
0.557481
0.558136
0.558332
0.558332
0.558813
0.55909
0.55909
0.559337
0.559458
0.559766
0.560069
0.560069
0.560069
0.560144
0.560242
0.560299
0.560429
0.560552
0.560619
0.560747
0.560909
0.561077
0.561871
0.561975
0.562203
0.562317
0.562317
0.562317
0.562374
0.562401
0.56246
0.562481
0.562482
0.562512
0.562512
0.562516
0.562516
0.562516
0.562516
0.562516
0.562516
0.562516
0.562519
0.56252


0.01526
0.0158625
0.018875
0.0192552
0.0204722
0.0207672
0.0218045
0.0218811
0.0225414
0.0230078
0.0232044
0.0233669
0.0236156
0.0240705
0.0241528
0.024206
0.0250069
0.0253214
0.0254153
0.0263879
0.0276167
0.0276167
0.0276591
0.0290645
0.0290645
0.0303311
0.03132
0.0333203
0.0340989
0.0382558
0.0424937
0.0439338
0.0452277
0.047672
0.0478249
0.0478249
0.0490614
0.0508231
0.0508293
0.0543838
0.0558005
0.0607857
0.0620111
0.0715691
0.0773007
0.0773007
0.0870951
0.0941773
0.0976124
0.0976124
0.0976124
0.0990539
0.112204
0.125101
0.125101
0.139042
0.143359
0.143482
0.143482
0.186277
0.193682
0.216122
0.216122
0.216122
0.26112
0.26115
0.276497
0.290726
0.290726
0.293458
0.336945
0.34887
0.34887
0.373152
0.388538
0.388538
0.392317
0.395572
0.415275
0.415275
0.426365
0.441269
0.442679
0.448056
0.474274
0.474274
0.488146
0.488146
0.488146
0.488146
0.489317
0.489317
0.48953
0.491281
0.497195
0.501246
0.504102
0.504345
0.507957
0.511595
0.514268
0.5178
0.521338
0.523472
0.527395
0.528009
0.530422
0.530486
0.536178
0.536493
0.539269
0.542639
0.544463
0.544662
0.545294
0.54603
0.546857
0.549049
0.553891
0.554763
0.555246
0.55563
0.557156
0.557528
0.557834
0.558522
0.558826
0.559486
0.559486
0.559486
0.559516
0.559778
0.560213
0.560594
0.56089
0.560953
0.561463
0.562659
0.563021
0.563733
0.563985
0.564045
0.564049
0.564227
0.564462
0.564682
0.564875
0.564886
0.565136
0.565264
0.56527
0.565321
0.565321
0.565328
0.565361
0.565447
0.565468
0.565474
0.565484
0.565486
0.565537
0.565538
0.565584
0.565632
0.565736
0.565736
0.565794
0.565794
0.565796
0.56582
0.565831
0.565829
0.565837
0.565845
0.565869
0.565869
0.565869
0.565881
0.565888
0.565896
0.565897
0.565893
0.565896
0.5659
0.5659
0.565901
0.565901
0.565904
0.565904
0.565919
0.565919
0.565918
0.56592
0.565921
0.565925
0.565926
0.565926
0.565928
0.565928
0.565929
0.56593
0.56593
0.56593
0.565931
0.565931
0.565932
0.565932
0.565932
0.565932
0.565932
0.565933
0.565933
0.565933
0.565933
0.565933
0.565933
0.565934
0.565934
0.565934
0.565934
0.565934
0.565934
0.565934
0.565934
0.565934
0.565934
0.565934
0.565934
0.565934
0.565934
0.565934
0.565934
0.565934
0.565934
0.565934
0.565934
0.565934
0.565934
0.565934
0.565934
0.565934
0.565934
0.565934
0.565934
0.565934
0.565934
0.565934
0.565934
0.565934
0.565934
0.565934
0.565934
0.565934
0.565934
0.565934
0.565934
0.565934
0.565934
0.565934
0.565934
0.565934
0.565934
0.565934
0.565934
0.565934
0.565934
0.565934
0.565934
0.565934
0.565934
0.565934
0.565934
0.565934
0.565934
0.565934
0.565934
0.565934
0.565934
0.565934
0.565934
0.565934
0.565934
0.565934
0.565934
0.565934
0.565934
0.565934
0.565934
0.565934
0.565934
0.565934
0.565934
0.565934
0.565934
0.565934
0.565934
0.565934
0.565934
0.565934
0.565934
0.565934
0.565934
0.565934
0.565934
0.565934
0.565934
0.565934
0.565934
0.565934
0.565934
0.565934
0.565934
0.565934
0.575305
0.575769
0.575825
0.575884
0.576068
0.576068
0.576087
0.576183
0.576219
0.576249
0.577222
0.577222
0.577499
0.577499
0.577968
0.577968
0.578032
0.578292
0.578683
0.578797
0.578826
0.578832
0.578847
0.578962
0.578983
0.578983
0.578996
0.579145
0.579123
0.579243
0.579254
0.579289
0.579416
0.579569
0.579569
0.579618
0.579618
0.579618
0.580667
0.583014
0.583014
0.586348
0.598918
0.598918
0.606623
0.614638
0.618386
0.622682
0.616317
0.624603
0.624603
0.625914
0.625914
0.625914
0.626367
0.62945
0.62945
0.630036
0.630945
0.631036
0.631036
0.631826
0.632499
0.636631
0.639476
0.649602
0.649602
0.653556
0.660949
0.660949
0.660949
0.660949
0.660949
0.660949
0.660949
0.660949
0.66125
0.66125
0.661555
0.662223
0.662397
0.663009
0.669715
0.669715
0.669715
0.669715
0.679099
0.679099
0.678941
0.67978
0.67978
0.68001
0.680367
0.680367
0.680465
0.680465
0.680465
0.680465
0.681176
0.681205
0.681909
0.681952
0.682506
0.682746
0.683149
0.683651
0.684396
0.684751
0.685364
0.687515
0.6934
0.69598
0.69598
0.70472
0.718351
0.718351
0.718351
0.720491
0.720491
0.722085
0.722713
0.727527
0.727567
0.73392
0.735802
0.741181
0.741181
0.741181
0.741882
0.741882
0.742243
0.742243
0.748645
0.749947
0.750613
0.750613
0.750613
0.750872
0.751226
0.751755
0.752447
0.752626
0.752626
0.752708
0.753265
0.754759
0.754759
0.754759
0.754833
0.754857
0.755549
0.755654
0.755654
0.755676
0.755712
0.755741
0.755927
0.755944
0.755928
0.75597
0.756211
0.756667
0.757358
0.757635
0.757635
0.757635
0.757635
0.757635
0.757768
0.758053
0.758396
0.758396
0.758611
0.75867
0.75867
0.759839
0.759839
0.760032
0.760163
0.760297
0.76034
0.760427
0.760682
0.760743
0.761553
0.761626
0.761801


0.010652
0.0127776
0.0138542
0.0140494
0.0145775
0.0148961
0.0148961
0.0151122
0.0154221
0.015525
0.0155918
0.0156101
0.0156577
0.015688
0.0156938
0.0157409
0.0157711
0.0158094
0.0158765
0.015936
0.0159494
0.015934
0.0160209
0.0160325
0.0163642
0.0164444
0.0164726
0.017104
0.0176296
0.0180016
0.0182166
0.0237317
0.0237317
0.0247967
0.0271598
0.0275
0.0275
0.0280608
0.0280608
0.029019
0.0297037
0.0308132
0.0308132
0.0308132
0.0316518
0.0328914
0.0328914
0.0344077
0.0390019
0.03969
0.03969
0.0431831
0.0479131
0.0484084
0.0520854
0.0562368
0.0611478
0.0707268
0.0708174
0.0748299
0.0748299
0.0777204
0.0782566
0.0782566
0.0844249
0.0885295
0.0887694
0.0887694
0.0896504
0.090152
0.0910056
0.0910056
0.0985028
0.0985028
0.0985028
0.0994985
0.0994985
0.103437
0.103725
0.105438
0.105748
0.107298
0.108617
0.11111
0.111132
0.111254
0.111529
0.1118
0.112549
0.113011
0.11516
0.116837
0.117237
0.117896
0.118061
0.119016
0.119805
0.119805
0.119805
0.120383
0.120422
0.12123
0.121438
0.121782
0.122147
0.122714
0.123664
0.123852
0.123852
0.124425
0.124497
0.124407
0.12454
0.124546
0.125
0.125177
0.125207
0.125364
0.125436
0.125456
0.125471
0.125527
0.125623
0.125641
0.125716
0.125802
0.125834
0.125956
0.125956
0.125956
0.125979
0.126039
0.126046
0.126068
0.126082
0.126087
0.126111
0.126129
0.126162
0.126181
0.126181
0.126209
0.126232
0.126232
0.126248
0.126254
0.12627
0.126273
0.126275
0.126281
0.126294
0.126296
0.126297
0.126319
0.126319
0.126325
0.126325
0.126326
0.12633
0.126333
0.126336
0.126342
0.126347
0.126357
0.126357
0.126357
0.126359
0.126362
0.126362
0.126369
0.126369
0.12637
0.126372
0.126374
0.126375
0.126377
0.126377
0.126378
0.126379
0.126381
0.126381
0.126381
0.126382
0.126383
0.126383
0.126383
0.126383
0.126383
0.126383
0.126384
0.126384
0.126384
0.126385
0.126385
0.126385
0.126385
0.126385
0.126385
0.126385
0.126386
0.126386
0.126386
0.126386
0.126386
0.126386
0.126386
0.126386
0.126386
0.126386
0.126386
0.126386
0.126386
0.126386
0.126386
0.126387
0.126387
0.126387
0.126387
0.126387
0.126387
0.126387
0.126387
0.126387
0.126387
0.126387
0.126387
0.126387
0.126387
0.126387
0.126387
0.126387
0.126387
0.126387
0.126387
0.126387
0.126387
0.126387
0.126387
0.126387
0.126387
0.126387
0.126387
0.126387
0.126387
0.126387
0.126387
0.126387
0.126387
0.126387
0.126387
0.126387
0.126387
0.126387
0.126387
0.126387
0.126387
0.126387
0.126387
0.126387
0.126387
0.126387
0.126387
0.126387
0.126387
0.126387
0.126387
0.127637
0.131098
0.131475
0.131546
0.131546
0.131969
0.132151
0.132151
0.132151
0.132151
0.132151
0.132156
0.132224
0.133291
0.134824
0.134824
0.134824
0.134824
0.139047
0.141124
0.143305
0.146838
0.146838
0.146838
0.146838
0.146838
0.14864
0.14864
0.14864
0.14864
0.149907
0.149907
0.149907
0.150058
0.150246
0.150246
0.150278
0.150278
0.150315
0.150315
0.150315
0.150325
0.150325
0.150394
0.150469
0.150471
0.150511
0.150611
0.150611
0.150782
0.150946
0.151438
0.151539
0.151539
0.151656
0.151709
0.151823
0.151894
0.15202
0.152215
0.152401
0.152401
0.152401
0.152434
0.152505
0.152839
0.153063
0.153155
0.153195
0.153245
0.153438
0.153563
0.153668
0.153711
0.15373
0.154201
0.159034
0.159034
0.161745
0.161745
0.161745
0.162127
0.162307
0.162307
0.163206
0.163822
0.165024
0.165055
0.165055
0.165635
0.165635
0.167385
0.170011
0.170011
0.170011
0.172301
0.176784
0.179199
0.179199
0.179755
0.179755
0.180248
0.180463
0.180513
0.180666
0.180905
0.181191
0.181492
0.181606
0.181654
0.181675
0.184302
0.184302
0.184302
0.184838
0.184421
0.185727
0.187801
0.187801
0.187801
0.188033
0.188663
0.189056
0.189111
0.189111
0.188886
0.189183
0.190862
0.191148
0.191148
0.191148
0.191252
0.191747
0.191747
0.197556
0.230846
0.230846
0.232514
0.239084
0.245343
0.245343
0.247482
0.252404
0.252404
0.252404
0.257249
0.266323
0.285315
0.286595
0.295984
0.295984
0.295984
0.303711
0.305302
0.305302
0.317691
0.320284
0.320284
0.320284
0.323239
0.324356
0.324356
0.327244
0.3277
0.3277
0.327681
0.327681
0.327681
0.327798
0.331915
0.333832
0.333832
0.339442
0.339976
0.340092
0.342097
0.342778
0.343028
0.343129
0.34354
0.344554
0.345811
0.345811
0.345811
0.346537
0.34614
0.347165
0.347231
0.348745
0.348745
0.348762
0.349013
0.349013
0.349551
0.349551
0.349456
0.3499
0.350181
0.35058
0.350769
0.350799
0.350864
0.350985
0.351141
0.351141
0.351247
0.351323
0.351323
0.351346
0.351346
0.351559
0.351666
0.351666
0.351798
0.351887
0.35203
0.352793
0.353182
0.353182
0.353182
0.354811
0.354811
0.354811
0.355171
0.35554
0.355713
0.355713
0.356045
0.356716
0.356716
0.356716
0.356716
0.356842
0.356909


0.0147743
0.0150871
0.016602
0.0170357
0.017455
0.0182508
0.0182508
0.0182508
0.0184757
0.0186568
0.0187861
0.0188594
0.0191098
0.0191401
0.0191728
0.0195154
0.0196704
0.0196704
0.0196707
0.0198345
0.0199181
0.0199181
0.0200708
0.0203129
0.0203545
0.0207152
0.0208164
0.0211866
0.0215079
0.0218007
0.0220702
0.0224257
0.0224928
0.0224928
0.0234348
0.0240593
0.0245378
0.0254952
0.0273135
0.0273135
0.0273621
0.0272904
0.0282689
0.028492
0.0284922
0.0307417
0.0307417
0.0319097
0.0366652
0.0366652
0.0369548
0.0398219
0.0404997
0.0406516
0.0431807
0.050263
0.0502777
0.0539113
0.0570706
0.0604015
0.060489
0.0615632
0.0618587
0.0657515
0.0682627
0.069722
0.074644
0.0749527
0.0783699
0.0799074
0.0818523
0.0829014
0.0858691
0.0869572
0.0909333
0.0941356
0.103673
0.103673
0.105427
0.108681
0.109143
0.11356
0.119304
0.124092
0.125716
0.128534
0.129491
0.134801
0.144905
0.169419
0.180034
0.186348
0.187308
0.188817
0.188832
0.196408
0.201271
0.20308
0.205681
0.215456
0.225217
0.225351
0.245257
0.245303
0.252287
0.260943
0.261287
0.266387
0.271712
0.27176
0.28411
0.284442
0.28849
0.299639
0.299779
0.304096
0.304128
0.304732
0.308023
0.308026
0.311339
0.311392
0.314841
0.314841
0.316305
0.316305
0.317955
0.31986
0.320432
0.321035
0.321041
0.321474
0.321491
0.324051
0.326722
0.326872
0.326872
0.328721
0.329045
0.329667
0.330248
0.330146
0.330146
0.330147
0.330147
0.330265
0.330779
0.330949
0.331664
0.331664
0.331769
0.332159
0.33216
0.33216
0.33216
0.332204
0.332318
0.332448
0.332448
0.3325
0.332528
0.332602
0.332602
0.332667
0.332747
0.332751
0.332781
0.332986
0.332987
0.332987
0.33301
0.333018
0.333035
0.333035
0.333054
0.333058
0.333058
0.333063
0.333082
0.333091
0.333093
0.333103
0.333106
0.333106
0.333111
0.333111
0.333116
0.333122
0.333124
0.333135
0.333135
0.333135
0.333136
0.333137
0.333139
0.333141
0.333144
0.333144
0.333144
0.333147
0.333148
0.333149
0.333149
0.333149
0.33315
0.33315
0.33315
0.333151
0.333151
0.333151
0.333151
0.333151
0.333151
0.333151
0.333151
0.333151
0.333152
0.333152
0.333152
0.333152
0.333152
0.333152
0.333152
0.333152
0.333152
0.333152
0.333152
0.333152
0.333152
0.333152
0.333152
0.333152
0.333152
0.333152
0.333152
0.333152
0.333152
0.333152
0.333152
0.333152
0.333152
0.333152
0.333152
0.333152
0.333152
0.333152
0.333152
0.333152
0.333152
0.333152
0.333152
0.333152
0.333152
0.333152
0.333152
0.333152
0.333152
0.333152
0.333152
0.333152
0.333152
0.333152
0.333152
0.333152
0.333152
0.333152
0.333152
0.333152
0.333152
0.333152
0.333152
0.333152
0.333152
0.333152
0.333152
0.333152
0.333152
0.333152
0.333152
0.333152
0.333152
0.333152
0.333152
0.333152
0.333152
0.333152
0.333152
0.333152
0.333152
0.333152
0.333152
0.333152
0.333152
0.333152
0.333152
0.333152
0.333152
0.333152
0.333152
0.333152
0.333152
0.333152
0.333152
0.333152
0.333152
0.333152
0.333152
0.333152
0.333152
0.333152
0.333152
0.333152
0.333152
0.333152
0.333152
0.333152
0.333152
0.333152
0.333152
0.333152
0.333152
0.333152
0.333152
0.333152
0.333152
0.333152
0.333152
0.333152
0.333152
0.333152
0.333152
0.333152
0.333152
0.333152
0.333152
0.333152
0.333152
0.333152
0.333152
0.333152
0.333152
0.333152
0.333152
0.333152
0.333152
0.333152
0.333152
0.333152
0.333152
0.333152
0.333152
0.333152
0.333152
0.333152
0.333152
0.333152
0.333152
0.333152
0.333152
0.333152
0.333152
0.333152
0.333152
0.333152
0.333152
0.333152
0.333152
0.333152
0.333152
0.333152
0.333152
0.333152
0.333152
0.333152
0.333152
0.333152
0.333152
0.333152
0.333152
0.333152
0.333152
0.333152
0.333152
0.333152
0.333152
0.333152
0.333152
0.333152
0.333152
0.333152
0.333152
0.333152
0.333152
0.333152
0.333152
0.333152
0.333152
0.333152
0.333152
0.333152
0.333152
0.333152
0.333152
0.333152
0.333152
0.333152
0.333152
0.333152
0.333152
0.333152
0.333152
0.333152
0.333152
0.333152
0.333152
0.333152
0.333152
0.333152
0.333152
0.333152
0.333152
0.333152
0.333152
0.333152
0.333152
0.333152
0.333152
0.333152
0.333152
0.333152
0.333152
0.333152
0.333152
0.333152
0.333152
0.333152
0.333152
0.333152
0.333152
0.333152
0.333152
0.333152
0.333152
0.333152
0.333152
0.333152
0.333152
0.333152
0.333152
0.333152
0.333152
0.333152
0.333152
0.333152
0.333152
0.333152
0.333152
0.333152
0.333152
0.333152
0.333152
0.333152
0.333152
0.333152
0.333152
0.333152
0.333152
0.333152
0.333152
0.333152
0.333152
0.333152
0.333152
0.333152
0.333152
0.333152
0.333152
0.333152
0.333152
0.333152
0.333152
0.333152
0.333152
0.333152
0.333152
0.333152
0.333152
0.333152
0.333152
0.333152
0.333152
0.333152
0.333152
0.333152
0.333152
0.333152
0.333152
0.333152
0.333152
0.333152


0.0124483
0.0138199
0.0142588
0.0151645
0.0153835
0.0157727
0.0163845
0.0168459
0.0172076
0.0172076
0.0182839
0.0178346
0.0179202
0.0187953
0.0188703
0.0196191
0.0196191
0.0201627
0.0204634
0.0212874
0.0212886
0.0225795
0.0225795
0.0231265
0.0242305
0.0261699
0.0261699
0.0274839
0.0289841
0.0302495
0.031563
0.0318119
0.0348015
0.0364748
0.0365084
0.0406264
0.045365
0.0476302
0.0480984
0.0497538
0.0632229
0.0638082
0.0700066
0.0721512
0.0721892
0.0851464
0.0910446
0.092366
0.0970779
0.100053
0.100053
0.117696
0.118098
0.119376
0.142074
0.144815
0.159169
0.173068
0.173829
0.180093
0.19625
0.217574
0.217771
0.248882
0.303449
0.327536
0.328612
0.329337
0.334945
0.342366
0.362799
0.379314
0.379339
0.379722
0.380634
0.384494
0.386027
0.392909
0.39871
0.400973
0.404882
0.405225
0.410749
0.410763
0.4188
0.423782
0.42623
0.426327
0.428984
0.430755
0.432561
0.431042
0.432144
0.43561
0.43561
0.438278
0.438284
0.439905
0.44027
0.440335
0.44034
0.442466
0.442505
0.44251
0.443483
0.443483
0.443787
0.443787
0.444572
0.444581
0.445122
0.445122
0.445382
0.445621
0.445621
0.44588
0.446105
0.446201
0.446203
0.446205
0.44646
0.446495
0.446496
0.446497
0.446501
0.44656
0.446568
0.446609
0.446678
0.446749
0.446786
0.446787
0.446789
0.446807
0.446832
0.446834
0.446846
0.446858
0.446878
0.446878
0.446887
0.446897
0.446897
0.446916
0.446916
0.446917
0.446919
0.446921
0.446928
0.446929
0.446932
0.446931
0.446935
0.446937
0.446937
0.446937
0.446938
0.446938
0.446939
0.446942
0.446942
0.446942
0.446943
0.446943
0.446944
0.446944
0.446944
0.446944
0.446944
0.446944
0.446945
0.446945
0.446945
0.446945
0.446945
0.446945
0.446945
0.446945
0.446945
0.446946
0.446946
0.446946
0.446946
0.446946
0.446946
0.446946
0.446946
0.446946
0.446946
0.446946
0.446946
0.446946
0.446946
0.446946
0.446946
0.446946
0.446946
0.446946
0.446946
0.446946
0.446946
0.446946
0.446946
0.446946
0.446946
0.446946
0.446946
0.446946
0.446946
0.446946
0.446946
0.446946
0.446946
0.446946
0.446946
0.446946
0.446946
0.446946
0.446946
0.446946
0.446946
0.446946
0.446946
0.446946
0.446946
0.446946
0.446946
0.446946
0.446946
0.446946
0.446946
0.446946
0.446946
0.446946
0.446946
0.446946
0.446946
0.446946
0.446946
0.446946
0.446946
0.446946
0.446946
0.446946
0.446946
0.446946
0.446946
0.446946
0.446946
0.446946
0.446946
0.446946
0.446946
0.446946
0.446946
0.446946
0.446946
0.446946
0.446946
0.446946
0.446946
0.446946
0.446946
0.446946
0.446946
0.446946
0.446946
0.446946
0.446946
0.446946
0.446946
0.446946
0.446946
0.446946
0.446946
0.446946
0.446946
0.446946
0.446946
0.446946
0.446946
0.446946
0.446946
0.446946
0.446946
0.446946
0.446946
0.446946
0.446946
0.446946
0.446946
0.446946
0.446946
0.446946
0.446946
0.446946
0.446946
0.446946
0.446946
0.446946
0.446946
0.446946
0.446946
0.446946
0.446946
0.446946
0.446946
0.446946
0.446946
0.446946
0.446946
0.446946
0.446946
0.446946
0.446946
0.446946
0.446946
0.446946
0.446946
0.446946
0.446946
0.446946
0.446946
0.446946
0.446946
0.446946
0.446946
0.446946
0.446946
0.446946
0.446946
0.446946
0.446946
0.446946
0.446946
0.446946
0.446946
0.446946
0.446946
0.446946
0.446946
0.446946
0.446946
0.446946
0.446946
0.446946
0.446946
0.446946
0.446946
0.446946
0.446946
0.446946
0.446946
0.446946
0.446946
0.446946
0.446946
0.446946
0.446946
0.446946
0.446946
0.446946
0.446946
0.446946
0.446946
0.446946
0.446946
0.446946
0.446946
0.446946
0.446946
0.446946
0.446946
0.446946
0.446946
0.446946
0.446946
0.446946
0.446946
0.446946
0.446946
0.446946
0.446946
0.446946
0.446946
0.446946
0.446946
0.446946
0.446946
0.446946
0.446946
0.446946
0.446946
0.446946
0.446946
0.446946
0.446946
0.446946
0.446946
0.446946
0.446946
0.446946
0.446946
0.446946
0.446946
0.446946
0.446946
0.446946
0.446946
0.446946
0.446946
0.446946
0.446946
0.446946
0.446946
0.446946
0.446946
0.446946
0.446946
0.446946
0.446946
0.446946
0.446946
0.446946
0.446946
0.446946
0.446946
0.446946
0.446946
0.446946
0.446946
0.446946
0.446946
0.446946
0.446946
0.446946
0.446946
0.446946
0.446946
0.446946
0.446946
0.446946
0.446946
0.446946
0.446946
0.446946
0.446946
0.446946
0.446946
0.446946
0.446946
0.446946
0.446946
0.446946
0.446946
0.446946
0.446946
0.446946
0.446946
0.446946
0.446946
0.446946
0.446946
0.446946
0.446946
0.446946
0.446946
0.446946
0.446946
0.446946
0.446946
0.446946
0.446946
0.446946
0.446946
0.446946
0.446946
0.446946
0.446946
0.446946
0.446946
0.446946
0.446946
0.446946
0.446946
0.446946
0.446946
0.446946
0.446946
0.446946
0.446946
0.446946
0.446946
0.446946
0.446946
0.446946
0.446946
0.446946
0.446946
0.446946


0.0139675
0.0141042
0.0150981
0.0155251
0.0158939
0.0163272
0.0170201
0.0176927
0.0181831
0.0186457
0.0189783
0.0189783
0.019464
0.0201106
0.0203475
0.0209965
0.0227974
0.0227974
0.0241804
0.0241804
0.0241859
0.0275581
0.0286756
0.029216
0.029216
0.0335644
0.0335681
0.035009
0.0389112
0.0389112
0.0427074
0.0421429
0.0480215
0.0480215
0.048746
0.0526827
0.0526827
0.0533716
0.0604688
0.0615246
0.0685228
0.0698237
0.0993252
0.0993252
0.104787
0.107237
0.108131
0.109958
0.128306
0.128306
0.135152
0.1622
0.165661
0.169037
0.188661
0.188661
0.193039
0.238419
0.265475
0.297729
0.298745
0.327844
0.327844
0.332031
0.338344
0.345827
0.396714
0.41578
0.41578
0.433342
0.435768
0.4436
0.446816
0.447363
0.459593
0.459856
0.47517
0.512308
0.512391
0.512423
0.512437
0.510577
0.521326
0.521689
0.521689
0.52423
0.526832
0.528603
0.530215
0.539645
0.547104
0.545866
0.547362
0.55079
0.551925
0.552504
0.552539
0.55387
0.553877
0.555293
0.557668
0.557851
0.558451
0.558703
0.558927
0.558934
0.558934
0.560097
0.56064
0.560756
0.560852
0.560956
0.560956
0.561129
0.561132
0.56224
0.562247
0.562247
0.562336
0.562344
0.562777
0.562915
0.562931
0.563022
0.563022
0.563188
0.56326
0.56326
0.563261
0.563327
0.563369
0.563395
0.563437
0.563437
0.563449
0.563455
0.563455
0.56346
0.563519
0.563525
0.563525
0.563514
0.563516
0.563529
0.563534
0.563536
0.563538
0.563543
0.563548
0.563552
0.563553
0.563557
0.563557
0.563559
0.56356
0.56356
0.563563
0.563563
0.563564
0.563566
0.563567
0.563567
0.563567
0.563567
0.563567
0.563568
0.563568
0.563568
0.563569
0.563569
0.56357
0.56357
0.56357
0.56357
0.563571
0.563571
0.563571
0.563571
0.563571
0.563571
0.563571
0.563571
0.563572
0.563572
0.563572
0.563572
0.563572
0.563572
0.563572
0.563572
0.563572
0.563572
0.563572
0.563572
0.563572
0.563572
0.563572
0.563572
0.563572
0.563572
0.563572
0.563572
0.563572
0.563572
0.563572
0.563572
0.563572
0.563572
0.563572
0.563572
0.563572
0.563572
0.563572
0.563572
0.563572
0.563572
0.563572
0.563572
0.563572
0.563572
0.563572
0.563572
0.563572
0.563572
0.563572
0.563572
0.563572
0.563572
0.563572
0.563572
0.563572
0.563572
0.563572
0.563572
0.563572
0.563572
0.563572
0.563572
0.563572
0.563572
0.563572
0.563572
0.563572
0.563572
0.563572
0.563572
0.563572
0.563572
0.563572
0.563572
0.563572
0.563572
0.563572
0.563572
0.563572
0.563572
0.563572
0.563572
0.563572
0.563572
0.563572
0.563572
0.563572
0.563572
0.563572
0.563572
0.563572
0.563572
0.563572
0.563572
0.563954
0.563565
0.566369
0.566369
0.566369
0.566857
0.567657
0.567657
0.570391
0.571282
0.57157
0.575749
0.576433
0.577154
0.577154
0.577154
0.578553
0.580739
0.581354
0.582422
0.582988
0.583136
0.583136
0.583136
0.583817
0.583817
0.584034
0.584198
0.58435
0.58435
0.584385
0.584496
0.584546
0.584935
0.585168
0.585168
0.585168
0.585259
0.585259
0.585397
0.585397
0.585472
0.585629
0.58615
0.58615
0.586705
0.587173
0.587416
0.587568
0.588225
0.589152
0.589687
0.589687
0.590813
0.590813
0.590936
0.590936
0.591131
0.591143
0.591187
0.591196
0.591538
0.591798
0.592021
0.592135
0.592151
0.592294
0.592777
0.592988
0.594142
0.594592
0.591844
0.609369
0.609986
0.609986
0.610757
0.619874
0.620375
0.620375
0.620375
0.620717
0.620717
0.621876
0.622227
0.622251
0.622472
0.622472
0.623706
0.626187
0.629267
0.632864
0.636284
0.636284
0.636284
0.64214
0.64214
0.644382
0.644382
0.645166
0.645166
0.645166
0.645477
0.645477
0.645735
0.645735
0.645735
0.646491
0.650648
0.650648
0.652855
0.653138
0.653138
0.653585
0.653822
0.653822
0.653822
0.653859
0.653859
0.655068
0.655068
0.655663
0.655497
0.655753
0.655753
0.655765
0.655765
0.655779
0.655779
0.655888
0.655998
0.655998
0.656031
0.656052
0.65615
0.656493
0.656615
0.65702
0.657302
0.657432
0.657804
0.657914
0.657914
0.659345
0.659504
0.6605
0.6605
0.660718
0.661163
0.661465
0.661465
0.662147
0.662306
0.662306
0.662306
0.662469
0.664463
0.668569
0.668569
0.672883
0.674203
0.674203
0.67451
0.674537
0.674537
0.674722
0.674788
0.675337
0.675337
0.67537
0.675619
0.67601
0.675988
0.676174
0.676174
0.67645
0.6765
0.676582
0.676624
0.676624
0.676662
0.676806
0.676806
0.676806
0.676887
0.676924
0.676929
0.676929
0.676939
0.677024
0.677024
0.677043
0.677067
0.677097
0.677097
0.677097
0.677102
0.677109
0.677114
0.677131
0.677131
0.677131
0.677132
0.677132
0.677143
0.677154
0.67719
0.677235
0.677261
0.677356
0.677543
0.678057
0.678656
0.679029
0.679134
0.679167
0.679595
0.679632
0.679691
0.679835
0.67985
0.679877
0.680049
0.6801
0.68011
0.680113
0.680217
0.680301
0.680352
0.680386
0.680431


0.0115119
0.0120028
0.0126825
0.0136197
0.0141469
0.0141862
0.014327
0.0145295
0.0145905
0.0153344
0.0161242
0.0158575
0.0159635
0.0160235
0.0160814
0.0168043
0.0169527
0.0170098
0.0171697
0.0172526
0.0193316
0.0186011
0.0201492
0.0201492
0.0207655
0.0209627
0.0215201
0.022568
0.0233547
0.0261524
0.0288521
0.0268556
0.0268616
0.0300931
0.0337697
0.0350454
0.0350454
0.0372044
0.0399326
0.0449578
0.0548381
0.0522647
0.0579533
0.0671798
0.0717793
0.0717793
0.0734704
0.0759256
0.0826953
0.0859275
0.0901436
0.102287
0.109134
0.11703
0.117339
0.139906
0.142112
0.150234
0.161453
0.187817
0.200614
0.232986
0.239356
0.263273
0.278703
0.29795
0.29795
0.315567
0.352006
0.361363
0.372526
0.418819
0.436015
0.47343
0.528182
0.574244
0.587871
0.59394
0.594724
0.614441
0.654172
0.64862
0.64862
0.655225
0.657256
0.680751
0.700923
0.731195
0.756307
0.756307
0.756342
0.768728
0.807383
0.821843
0.821843
0.822977
0.829967
0.839531
0.842752
0.846382
0.84757
0.852411
0.852903
0.859056
0.863443
0.8641
0.869771
0.872071
0.872902
0.872983
0.873918
0.874708
0.875863
0.876769
0.878525
0.880265
0.880531
0.880929
0.881494
0.883368
0.883432
0.88397
0.88433
0.884462
0.884627
0.884931
0.885647
0.885647
0.886342
0.886342
0.886546
0.886674
0.886964
0.887001
0.887044
0.887187
0.887261
0.887321
0.887376
0.887401
0.887424
0.887443
0.887517
0.887566
0.887566
0.887575
0.887603
0.88764
0.887641
0.887661
0.887717
0.887722
0.887752
0.887752
0.887768
0.887802
0.88781
0.887839
0.887852
0.887874
0.887875
0.887878
0.887882
0.887896
0.887897
0.887909
0.887911
0.887915
0.887919
0.887919
0.887921
0.887921
0.887925
0.887925
0.887927
0.887927
0.887927
0.887929
0.887929
0.887931
0.887931
0.887932
0.887932
0.887933
0.887933
0.887933
0.887934
0.887934
0.887935
0.887935
0.887936
0.887936
0.887936
0.887936
0.887936
0.887936
0.887936
0.887936
0.887936
0.887936
0.887936
0.887936
0.887937
0.887937
0.887937
0.887937
0.887937
0.887937
0.887937
0.887937
0.887937
0.887937
0.887937
0.887937
0.887937
0.887937
0.887937
0.887937
0.887937
0.887937
0.887937
0.887937
0.887937
0.887937
0.887937
0.887937
0.887937
0.887937
0.887937
0.887937
0.887937
0.887937
0.887937
0.887937
0.887937
0.887937
0.887937
0.887937
0.887937
0.887937
0.887937
0.887937
0.887937
0.887937
0.887937
0.887937
0.887937
0.887937
0.887937
0.887937
0.887937
0.887937
0.887937
0.887937
0.887937
0.887937
0.887937
0.887937
0.887937
0.887937
0.887937
0.887937
0.887937
0.887937
0.887937
0.887937
0.887937
0.887937
0.887937
0.887937
0.887937
0.887937
0.887937
0.887937
0.887937
0.887937
0.887937
0.887937
0.887937
0.887937
0.887937
0.887937
0.887937
0.887937
0.887937
0.887937
0.887937
0.887937
0.887937
0.887937
0.887937
0.887937
0.887937
0.887937
0.887937
0.887937
0.887937
0.887937
0.887937
0.887937
0.887937
0.887937
0.887937
0.887937
0.887937
0.887937
0.887937
0.887937
0.887937
0.887937
0.887937
0.887937
0.887937
0.887937
0.887937
0.887937
0.887937
0.887937
0.887937
0.887937
0.887937
0.887937
0.887937
0.887937
0.887937
0.887937
0.887937
0.887937
0.887937
0.887937
0.887937
0.887937
0.887937
0.887937
0.887937
0.887937
0.887937
0.887937
0.887937
0.887937
0.887937
0.887937
0.887937
0.887937
0.887937
0.887937
0.887937
0.887937
0.887937
0.887937
0.887937
0.887937
0.887937
0.887937
0.887937
0.887937
0.887937
0.887937
0.887937
0.887937
0.887937
0.887937
0.887937
0.887937
0.887937
0.887937
0.887937
0.887937
0.887937
0.887937
0.887937
0.887937
0.887937
0.887937
0.887937
0.887937
0.887937
0.887937
0.887937
0.887937
0.887937
0.887937
0.887937
0.887937
0.887937
0.887937
0.887937
0.887937
0.887937
0.887937
0.887937
0.887937
0.887937
0.887937
0.887937
0.887937
0.887937
0.887937
0.887937
0.887937
0.887937
0.887937
0.887937
0.887937
0.887937
0.887937
0.887937
0.887937
0.887937
0.887937
0.887937
0.887937
0.887937
0.887937
0.887937
0.887937
0.887937
0.887937
0.887937
0.887937
0.887937
0.887937
0.887937
0.887937
0.887937
0.887937
0.887937
0.887937
0.887937
0.887937
0.887937
0.887937
0.887937
0.887937
0.887937
0.887937
0.887937
0.887937
0.887937
0.887937
0.887937
0.887937
0.887937
0.887937
0.887937
0.887937
0.887937
0.887937
0.887937
0.887937
0.887937
0.887937
0.887937
0.887937
0.887937
0.887937
0.887937
0.887937
0.887937
0.887937
0.887937
0.887937
0.887937
0.887937
0.887937
0.887937
0.887937
0.887937
0.887937
0.887937
0.887937
0.887937
0.887937
0.887937
0.887937
0.887937
0.887937
0.887937
0.887937
0.887937
0.887937
0.887937
0.887937
0.887937
0.887937
0.887937
0.887937
0.887937
0.887937
0.887937
0.887937
0.887937
0.887937
0.887937
0.887937
0.887937
0.887937
0.887937
0.887937
0.887937


0.012156
0.0126509
0.0139754
0.0139754
0.0151518
0.0153174
0.0156963
0.0159935
0.0160761
0.0163234
0.0166255
0.016634
0.017273
0.0173208
0.0183053
0.0183515
0.01869
0.0196102
0.0196102
0.0199558
0.0202583
0.0203152
0.0218801
0.0240833
0.0254725
0.0258872
0.0283198
0.0341451
0.0341515
0.0344303
0.0344303
0.0349381
0.039569
0.039569
0.0422245
0.0422245
0.046964
0.0718544
0.0738935
0.0753584
0.078814
0.0993426
0.0993718
0.108506
0.111412
0.11165
0.115739
0.122419
0.124577
0.134083
0.158355
0.173952
0.175841
0.177807
0.189188
0.193615
0.199304
0.202856
0.203424
0.223834
0.227269
0.239271
0.23946
0.23946
0.244402
0.255677
0.260208
0.261909
0.264221
0.26644
0.267832
0.273143
0.277593
0.277593
0.279022
0.282089
0.28211
0.285455
0.285455
0.28815
0.288393
0.289605
0.29001
0.293049
0.293049
0.293049
0.293849
0.294418
0.294563
0.295065
0.295222
0.295222
0.295368
0.295608
0.29583
0.296156
0.29618
0.296213
0.29633
0.296523
0.296867
0.296955
0.296998
0.297051
0.297067
0.297127
0.2972
0.297231
0.297379
0.297379
0.297387
0.297443
0.297443
0.297468
0.297479
0.297494
0.297539
0.297556
0.297557
0.297565
0.297575
0.297581
0.297597
0.297644
0.297647
0.29765
0.297656
0.297665
0.297665
0.297673
0.297692
0.297688
0.297697
0.297699
0.297702
0.297704
0.297713
0.297717
0.297717
0.297719
0.297721
0.297724
0.297724
0.297726
0.297726
0.297728
0.297728
0.297728
0.29773
0.297731
0.297731
0.297732
0.297732
0.297734
0.297734
0.297734
0.297734
0.297734
0.297734
0.297734
0.297735
0.297735
0.297735
0.297735
0.297735
0.297735
0.297736
0.297736
0.297736
0.297736
0.297736
0.297736
0.297736
0.297736
0.297736
0.297737
0.297737
0.297737
0.297737
0.297737
0.297737
0.297737
0.297737
0.297737
0.297737
0.297737
0.297737
0.297737
0.297737
0.297737
0.297737
0.297737
0.297737
0.297737
0.297737
0.297737
0.297737
0.297737
0.297737
0.297737
0.297737
0.297737
0.297737
0.297737
0.297737
0.297737
0.297737
0.297737
0.297737
0.297737
0.297737
0.297737
0.297737
0.297737
0.297737
0.297737
0.297737
0.297737
0.297737
0.297737
0.297737
0.297737
0.297737
0.297737
0.297737
0.297737
0.297737
0.297737
0.297737
0.297737
0.297737
0.297737
0.297737
0.297737
0.297737
0.297737
0.297737
0.297737
0.297737
0.297737
0.297737
0.297737
0.297737
0.297737
0.297737
0.297737
0.297737
0.297737
0.297737
0.297737
0.297737
0.297737
0.297737
0.297737
0.297737
0.297737
0.297737
0.297737
0.297737
0.297737
0.297737
0.297737
0.297737
0.297737
0.297737
0.297737
0.297737
0.297737
0.297737
0.297737
0.297737
0.297737
0.297737
0.297737
0.297737
0.297737
0.297737
0.297737
0.297737
0.297737
0.297737
0.297737
0.297737
0.297737
0.297737
0.297737
0.297737
0.297737
0.297737
0.297737
0.297737
0.297737
0.297737
0.297737
0.297737
0.297737
0.297737
0.297737
0.297737
0.297737
0.297737
0.297737
0.297737
0.297737
0.297737
0.297737
0.297737
0.297737
0.297737
0.297737
0.297737
0.297737
0.297737
0.297737
0.297737
0.297737
0.297737
0.297737
0.297737
0.297737
0.297737
0.297737
0.297737
0.297737
0.297737
0.297737
0.297737
0.297737
0.297737
0.297737
0.297737
0.297737
0.297737
0.297737
0.297737
0.297737
0.297737
0.297737
0.297737
0.297737
0.297737
0.297737
0.297737
0.297737
0.297737
0.297737
0.297737
0.297737
0.297737
0.297737
0.297737
0.297737
0.297737
0.297737
0.297737
0.297737
0.297737
0.297737
0.297737
0.297737
0.297737
0.297737
0.297737
0.297737
0.297737
0.297737
0.297737
0.297737
0.297737
0.297737
0.297737
0.297737
0.297737
0.297737
0.297737
0.297737
0.297737
0.297737
0.297737
0.297737
0.297737
0.297737
0.297737
0.297737
0.297737
0.297737
0.297737
0.297737
0.297737
0.297737
0.297737
0.297737
0.297737
0.297737
0.297737
0.297737
0.297737
0.297737
0.297737
0.297737
0.297737
0.297737
0.297737
0.297737
0.297737
0.297737
0.297737
0.297737
0.297737
0.297737
0.297737
0.297737
0.297737
0.297737
0.297737
0.297737
0.297737
0.297737
0.297737
0.297737
0.297737
0.297737
0.297737
0.297737
0.297737
0.297737
0.297737
0.297737
0.297737
0.297737
0.297737
0.297737
0.297737
0.297737
0.297737
0.297737
0.297737
0.297737
0.297737
0.297737
0.297737
0.297737
0.297737
0.297737
0.297737
0.297737
0.297737
0.297737
0.297737
0.297737
0.297737
0.297737
0.297737
0.297737
0.297737
0.297737
0.297737
0.297737
0.297737
0.297737
0.297737
0.297737
0.297737
0.297737
0.297737
0.297737
0.297737
0.297737
0.297737
0.297737
0.297737
0.297737
0.297737
0.297737
0.297737
0.297737
0.297737
0.297737
0.297737
0.297737
0.297737
0.297737
0.297737
0.297737
0.29928
0.29928
0.301388
0.301388
0.30325
0.303344
0.303344
0.305087
0.305539
0.305539
0.305539
0.305539
0.305735
0.305757
0.305869
0.305956


0.0127323
0.0131315
0.0142527
0.0148004
0.0149425
0.0153345
0.0154637
0.0157591
0.0158184
0.0160244
0.0165147
0.0164814
0.0166267
0.0169262
0.0169262
0.0173191
0.0173217
0.017515
0.0181249
0.0181249
0.018537
0.0186829
0.0198664
0.0203647
0.0206018
0.0242261
0.0242384
0.0245295
0.0246611
0.0256191
0.0256191
0.0266881
0.027229
0.0285422
0.0289212
0.0296793
0.032906
0.0361684
0.0390956
0.0390956
0.0390956
0.0407071
0.0422494
0.0425062
0.0455427
0.0475017
0.0487149
0.0520344
0.0550904
0.0572302
0.0572593
0.0706223
0.07173
0.0730176
0.0731275
0.0796606
0.0930537
0.0948882
0.0966097
0.0985905
0.0994698
0.102421
0.113367
0.118394
0.12598
0.136919
0.137875
0.139011
0.143157
0.148722
0.151533
0.153555
0.154466
0.154466
0.162564
0.16319
0.165768
0.165768
0.167098
0.167098
0.173008
0.178855
0.184174
0.205056
0.205056
0.205586
0.213352
0.214515
0.217182
0.217182
0.21945
0.221306
0.221763
0.223206
0.226672
0.227845
0.232814
0.234465
0.235456
0.23608
0.236216
0.238464
0.239895
0.242622
0.243563
0.243844
0.243844
0.244773
0.245445
0.245984
0.247919
0.248742
0.248974
0.249092
0.249306
0.249484
0.250094
0.250177
0.250177
0.250318
0.250359
0.250584
0.250637
0.250715
0.250996
0.250996
0.250996
0.251122
0.251135
0.251171
0.251349
0.251375
0.251375
0.251507
0.251632
0.251705
0.251728
0.251791
0.251807
0.251815
0.251832
0.251872
0.251884
0.251888
0.251904
0.251947
0.251956
0.251962
0.251975
0.252007
0.252007
0.252011
0.252014
0.252023
0.252025
0.252025
0.252025
0.252027
0.252035
0.252049
0.252051
0.252052
0.252053
0.252053
0.252057
0.25206
0.252061
0.252061
0.252063
0.252063
0.252064
0.252065
0.252066
0.252066
0.252068
0.252069
0.25207
0.25207
0.252072
0.252073
0.252074
0.252073
0.252074
0.252074
0.252075
0.252075
0.252076
0.252076
0.252077
0.252077
0.252077
0.252077
0.252077
0.252078
0.252078
0.252078
0.252078
0.252078
0.252078
0.252079
0.252079
0.252079
0.252079
0.252079
0.252079
0.252079
0.252079
0.252079
0.252079
0.252079
0.252079
0.252079
0.252079
0.252079
0.252079
0.25208
0.25208
0.25208
0.25208
0.25208
0.25208
0.25208
0.25208
0.25208
0.25208
0.25208
0.25208
0.25208
0.25208
0.25208
0.25208
0.25208
0.25208
0.25208
0.25208
0.25208
0.25208
0.25208
0.25208
0.25208
0.25208
0.25208
0.25208
0.25208
0.25208
0.25208
0.25208
0.25208
0.25208
0.25208
0.25208
0.25208
0.25208
0.25208
0.25208
0.25208
0.25208
0.25208
0.25208
0.25208
0.25208
0.25208
0.25208
0.25208
0.25208
0.25208
0.25208
0.25208
0.25208
0.25208
0.25208
0.25208
0.25208
0.25208
0.25208
0.25208
0.25208
0.25208
0.25208
0.25208
0.25208
0.25208
0.25208
0.25208
0.25208
0.25208
0.25208
0.25208
0.25208
0.25208
0.25208
0.25208
0.25208
0.25208
0.25208
0.25208
0.25208
0.25208
0.25208
0.25208
0.25208
0.25208
0.25208
0.25208
0.25208
0.25208
0.25208
0.25208
0.25208
0.25208
0.25208
0.25208
0.25208
0.25208
0.25208
0.25208
0.25208
0.25208
0.25208
0.25208
0.25208
0.25208
0.25208
0.25208
0.25208
0.25208
0.25208
0.25208
0.25208
0.25208
0.25208
0.25208
0.25208
0.25208
0.25208
0.25208
0.25208
0.25208
0.25208
0.25208
0.25208
0.25208
0.25208
0.25208
0.25208
0.25208
0.25208
0.25208
0.25208
0.25208
0.25208
0.25208
0.25208
0.25208
0.25208
0.25208
0.25208
0.25208
0.25208
0.25208
0.25208
0.25208
0.25208
0.25208
0.25208
0.25208
0.25208
0.25208
0.25208
0.25208
0.25208
0.25208
0.25208
0.25208
0.25208
0.25208
0.25208
0.25208
0.25208
0.25208
0.25208
0.25208
0.25208
0.25208
0.25208
0.25208
0.25208
0.25208
0.25208
0.25208
0.25208
0.25208
0.25208
0.25208
0.25208
0.25208
0.25208
0.25208
0.25208
0.25208
0.25208
0.25208
0.25208
0.25208
0.25208
0.25208
0.25208
0.25208
0.25208
0.25208
0.25208
0.25208
0.25208
0.25208
0.25208
0.25208
0.25208
0.25208
0.25208
0.25208
0.25208
0.25208
0.25208
0.25208
0.25208
0.25208
0.25208
0.25208
0.25208
0.25208
0.25208
0.25208
0.25208
0.25208
0.25208
0.25208
0.25208
0.25208
0.25208
0.25208
0.25208
0.25208
0.25208
0.25208
0.25208
0.25208
0.25208
0.25208
0.25208
0.25208
0.25208
0.25208
0.25208
0.25208
0.25208
0.25208
0.25208
0.25208
0.25208
0.25208
0.25208
0.25208
0.25208
0.25208
0.25208
0.25208
0.25208
0.25208
0.25208
0.25208
0.25208
0.25208
0.25208
0.25208
0.25208
0.25208
0.25208
0.25208
0.25208
0.25208
0.25208
0.25208
0.25208
0.25208
0.25208
0.25208
0.25208
0.25208
0.25208
0.25208
0.25208
0.25208
0.25208
0.25208
0.25208
0.25208
0.25208
0.25208
0.25208
0.25208


0.0121743
0.0126024
0.0130522
0.0141338
0.0148242
0.0150175
0.0154678
0.0154678
0.0156024
0.0156377
0.0164708
0.0165718
0.0166951
0.016863
0.0169668
0.017025
0.0181396
0.0184063
0.0185381
0.0185381
0.0185381
0.0192243
0.0194066
0.0195944
0.0200557
0.0203548
0.020849
0.0216101
0.0216101
0.023553
0.023553
0.0244982
0.0253679
0.0258943
0.0268184
0.0270427
0.0270427
0.02758
0.02758
0.031039
0.0315261
0.0339395
0.0375708
0.0376673
0.0380337
0.0423489
0.0435351
0.0437941
0.045162
0.0492378
0.050441
0.052229
0.0546295
0.0550092
0.0552295
0.0597782
0.0606465
0.0639314
0.0639314
0.0678885
0.0706214
0.0742838
0.0757357
0.0783826
0.0783826
0.0830746
0.0836107
0.0843115
0.0887234
0.0892074
0.090747
0.0927031
0.103923
0.104245
0.104307
0.105373
0.105548
0.112678
0.115263
0.115441
0.116685
0.120399
0.122191
0.122191
0.127423
0.130241
0.130298
0.135496
0.138021
0.13804
0.14042
0.14291
0.146874
0.146874
0.146874
0.148047
0.148843
0.150213
0.15034
0.152184
0.152646
0.152697
0.153822
0.154375
0.1544
0.154816
0.156631
0.156631
0.15731
0.157314
0.15784
0.158587
0.15941
0.159411
0.15955
0.15955
0.159551
0.159551
0.160131
0.160132
0.160331
0.160332
0.160547
0.160547
0.160548
0.160719
0.160848
0.160848
0.160848
0.161045
0.161046
0.161022
0.161079
0.161155
0.161155
0.161174
0.161217
0.161283
0.161283
0.161317
0.161317
0.161318
0.16134
0.161352
0.161352
0.161352
0.161352
0.161361
0.161361
0.161361
0.16138
0.161376
0.161379
0.161389
0.161404
0.161405
0.161405
0.161405
0.161407
0.161407
0.161423
0.161423
0.161435
0.161435
0.161441
0.161442
0.161442
0.161444
0.161444
0.161446
0.161446
0.161448
0.161448
0.161452
0.161454
0.161455
0.161455
0.161455
0.161455
0.161455
0.161455
0.161459
0.161459
0.161459
0.161459
0.161459
0.16146
0.16146
0.16146
0.16146
0.16146
0.161461
0.161461
0.161461
0.161461
0.161461
0.161461
0.161462
0.161462
0.161462
0.161462
0.161462
0.161462
0.161462
0.161462
0.161462
0.161462
0.161462
0.161462
0.161462
0.161462
0.161462
0.161462
0.161462
0.161462
0.161462
0.161462
0.161462
0.161462
0.161462
0.161462
0.161462
0.161462
0.161462
0.161462
0.161462
0.161462
0.161462
0.161462
0.161462
0.161462
0.161462
0.161462
0.161462
0.161462
0.161462
0.161462
0.161462
0.161462
0.161462
0.161462
0.161462
0.161462
0.161462
0.161462
0.161462
0.161462
0.161462
0.161462
0.161462
0.161462
0.161462
0.161462
0.161462
0.161462
0.161462
0.161462
0.161462
0.161462
0.161462
0.161462
0.161462
0.161462
0.161462
0.161462
0.161462
0.161462
0.161462
0.161462
0.161462
0.161462
0.161462
0.161462
0.161462
0.161462
0.161462
0.161462
0.161462
0.161462
0.161462
0.161462
0.161462
0.161462
0.161462
0.161462
0.161462
0.161462
0.161462
0.161462
0.161462
0.161462
0.161462
0.161462
0.161462
0.161462
0.161462
0.161462
0.161462
0.161462
0.161462
0.161462
0.161462
0.161462
0.161462
0.161462
0.161462
0.161462
0.161462
0.161462
0.161462
0.161462
0.161462
0.161462
0.161462
0.161462
0.161462
0.161462
0.161462
0.161462
0.161462
0.161462
0.161462
0.161462
0.161462
0.161462
0.161462
0.161462
0.161462
0.161462
0.161462
0.161462
0.161462
0.161462
0.161462
0.161462
0.161462
0.161462
0.161462
0.161462
0.161462
0.161462
0.161462
0.161462
0.161462
0.161462
0.161462
0.161462
0.161462
0.161462
0.161462
0.161462
0.161462
0.161462
0.161462
0.161462
0.161462
0.161462
0.161462
0.161462
0.161462
0.161462
0.161462
0.161462
0.161462
0.161462
0.161462
0.161462
0.161462
0.161462
0.161462
0.161462
0.161462
0.161462
0.161462
0.161462
0.161462
0.161462
0.161462
0.161462
0.161462
0.161462
0.161462
0.161462
0.161462
0.161462
0.161462
0.161462
0.161462
0.161462
0.161462
0.161462
0.161412
0.161462
0.161462
0.161462
0.161462
0.161462
0.161462
0.161462
0.161462
0.161462
0.161462
0.161462
0.161462
0.161462
0.161462
0.161462
0.161462
0.161462
0.161462
0.161462
0.161462
0.161462
0.161462
0.161462
0.161462
0.161462
0.161462
0.161462
0.161462
0.161462
0.161462
0.161462
0.161462
0.161462
0.161462
0.161462
0.161462
0.161462
0.161462
0.161462
0.161462
0.161462
0.161462
0.161462
0.161462
0.161462
0.161462
0.161462
0.161462
0.161462
0.161462
0.161462
0.161462
0.161462
0.161462
0.161462
0.161462
0.161462
0.161462
0.161462
0.161462
0.161462
0.161462
0.161462
0.161462
0.161462
0.161462
0.161462
0.161462
0.161462
0.161462
0.161462
0.161462
0.161462
0.161462
0.161462
0.161462
0.161462
0.161462
0.161462
0.161462
0.161462
0.161462
0.161462
0.161462
0.161462
0.161462
0.161462
0.161462
0.161462
0.161462
0.161462
0.161462
0.161462
0.161462
0.161462
0.161462
0.161462
0.161462
0.161462
0.161462
0.161462
0.161462
0.161462
0.161462
0.161462
0.161462
0.161462
0.161462


0.0154822
0.0167605
0.0177617
0.0181231
0.01865
0.0190008
0.0195526
0.0199721
0.0203842
0.0205062
0.0212746
0.0214104
0.0219331
0.0219684
0.0226624
0.0226624
0.0231796
0.0234482
0.0238991
0.0238991
0.0241241
0.0246652
0.0256865
0.0273882
0.0274852
0.0278135
0.0294698
0.0294698
0.0295148
0.0298609
0.0306479
0.0317746
0.0338496
0.0362267
0.0365319
0.0390204
0.0400815
0.0404696
0.0422814
0.0431816
0.0471052
0.0532018
0.055136
0.065776
0.071524
0.0716241
0.083814
0.0838546
0.0852753
0.0853857
0.0943791
0.0943791
0.0950869
0.099474
0.110493
0.117032
0.117032
0.121113
0.138095
0.146344
0.153288
0.157832
0.158241
0.175824
0.176765
0.184386
0.203916
0.211511
0.218183
0.224435
0.238149
0.252705
0.258766
0.258806
0.274928
0.27691
0.291635
0.298706
0.331329
0.348312
0.352901
0.351798
0.354659
0.355995
0.355995
0.365734
0.365734
0.369216
0.378879
0.387899
0.391392
0.391243
0.405816
0.406053
0.406713
0.408094
0.413087
0.41882
0.421611
0.424071
0.424071
0.427304
0.427304
0.429957
0.431459
0.432227
0.433832
0.435655
0.437302
0.437472
0.437716
0.439519
0.440153
0.440379
0.441037
0.441582
0.443006
0.443799
0.443941
0.444016
0.444016
0.44495
0.44528
0.445402
0.445603
0.445604
0.445604
0.445807
0.445967
0.446056
0.446187
0.44632
0.44632
0.446772
0.446792
0.44707
0.447102
0.447102
0.447102
0.447159
0.447218
0.44743
0.447431
0.447443
0.447519
0.447579
0.447584
0.4476
0.447707
0.447758
0.447761
0.447764
0.447789
0.447861
0.447861
0.447864
0.447864
0.447888
0.447906
0.44791
0.447938
0.447946
0.447947
0.447947
0.447947
0.447965
0.447966
0.447966
0.447979
0.447983
0.447992
0.447991
0.447996
0.447997
0.447998
0.448
0.448004
0.448006
0.448006
0.448008
0.448008
0.448009
0.448015
0.448015
0.448015
0.448017
0.448017
0.448017
0.44802
0.44802
0.44802
0.44802
0.448021
0.448021
0.448021
0.448022
0.448022
0.448022
0.448023
0.448023
0.448023
0.448023
0.448023
0.448023
0.448023
0.448024
0.448024
0.448024
0.448024
0.448024
0.448024
0.448024
0.448024
0.448024
0.448024
0.448024
0.448025
0.448025
0.448025
0.448025
0.448025
0.448025
0.448025
0.448025
0.448025
0.448025
0.448025
0.448025
0.448025
0.448025
0.448025
0.448025
0.448025
0.448025
0.448025
0.448025
0.448025
0.448025
0.448025
0.448025
0.448025
0.448025
0.448025
0.448025
0.448025
0.448025
0.448025
0.448025
0.448025
0.448025
0.448025
0.448025
0.448025
0.448025
0.448025
0.448025
0.448025
0.448025
0.448025
0.448025
0.448025
0.448025
0.448025
0.448025
0.448025
0.448025
0.448025
0.448025
0.448025
0.448025
0.448025
0.448025
0.448025
0.448025
0.448025
0.448025
0.448025
0.448025
0.448025
0.448025
0.448025
0.448025
0.448025
0.448025
0.448025
0.448025
0.448025
0.448025
0.448025
0.448025
0.448025
0.448025
0.448025
0.448025
0.448025
0.448025
0.448025
0.448025
0.448025
0.448025
0.448025
0.448025
0.448025
0.448025
0.448025
0.448025
0.448025
0.448025
0.448025
0.448025
0.448025
0.448025
0.448025
0.448025
0.448025
0.448025
0.448025
0.448025
0.448025
0.448025
0.448025
0.448025
0.448025
0.448025
0.448025
0.448025
0.448025
0.448025
0.448025
0.448025
0.448025
0.448025
0.448025
0.448025
0.448025
0.448025
0.448025
0.448025
0.448025
0.448025
0.448025
0.448025
0.448025
0.448025
0.448025
0.448025
0.448025
0.448025
0.448025
0.448025
0.448025
0.448025
0.448025
0.448025
0.448025
0.448025
0.448025
0.448025
0.448025
0.448025
0.448025
0.448025
0.448025
0.448025
0.448025
0.448025
0.448025
0.448025
0.448025
0.448025
0.448025
0.448025
0.448025
0.448025
0.448025
0.448025
0.448025
0.448025
0.448025
0.448025
0.448025
0.448025
0.448025
0.448025
0.448025
0.448025
0.448025
0.448025
0.448025
0.448025
0.448025
0.448025
0.448025
0.448025
0.448025
0.448025
0.448025
0.448025
0.448025
0.448025
0.448025
0.448025
0.448025
0.448025
0.448025
0.448025
0.448025
0.448025
0.448025
0.448025
0.448025
0.448025
0.448025
0.448025
0.448025
0.448025
0.448025
0.448025
0.448025
0.448025
0.448025
0.448025
0.448025
0.448025
0.448025
0.448025
0.448025
0.448025
0.448025
0.448025
0.448025
0.448025
0.448025
0.448025
0.448025
0.448025
0.448025
0.448025
0.448025
0.448025
0.448025
0.448025
0.448025
0.448025
0.448025
0.448025
0.448025
0.448025
0.448025
0.448025
0.448025
0.448025
0.448025
0.448025
0.448025
0.448025
0.448025
0.448025
0.448025
0.448025
0.448025
0.448025
0.448025
0.448025
0.448025
0.448025
0.448025
0.448025
0.448025
0.448025
0.448025
0.448025
0.448025
0.448025
0.448025
0.448025
0.448025
0.448025
0.448025
0.448025
0.448025
0.448025
0.448025
0.448025
0.448025
0.448025
0.448025
0.448025
0.448025
0.448025
0.448025
0.448025
0.448025
0.448025
0.448025
0.448025
0.448025
0.448025
0.448025
0.448025


0.0150856
0.0175244
0.0180806
0.0186346
0.0190285
0.0191186
0.0195409
0.019629
0.019771
0.0199125
0.0205343
0.0212047
0.0214672
0.0215115
0.0221527
0.0223966
0.0224479
0.0235349
0.0249024
0.0249158
0.0254018
0.0258828
0.026449
0.0287993
0.0287993
0.0296229
0.0300257
0.0323835
0.0374154
0.039552
0.039552
0.0421861
0.0428884
0.0515201
0.0517901
0.0579842
0.0579842
0.0616861
0.0816395
0.0858875
0.0913061
0.102007
0.107285
0.158498
0.160837
0.16144
0.161658
0.173003
0.182075
0.210338
0.211187
0.243743
0.253518
0.271766
0.296519
0.301318
0.310416
0.338844
0.339237
0.348386
0.355879
0.376666
0.394929
0.430265
0.430265
0.434981
0.439425
0.470652
0.482358
0.507875
0.508857
0.51206
0.545824
0.546076
0.551174
0.560012
0.560376
0.563301
0.566012
0.566506
0.572325
0.57451
0.574775
0.575662
0.580318
0.580318
0.58815
0.593663
0.594571
0.59466
0.594746
0.59487
0.59487
0.598126
0.600629
0.60077
0.600829
0.600855
0.601731
0.602019
0.60225
0.602845
0.603777
0.603777
0.603894
0.604753
0.605381
0.605607
0.606382
0.606833
0.606902
0.606987
0.606991
0.606993
0.606993
0.607339
0.607408
0.607425
0.607577
0.607645
0.607725
0.607882
0.607978
0.607978
0.607984
0.608086
0.608095
0.608165
0.608239
0.608254
0.608279
0.608241
0.608284
0.608322
0.608322
0.60835
0.608405
0.608406
0.608447
0.608448
0.608453
0.608478
0.608494
0.608495
0.6085
0.6085
0.608506
0.608515
0.60852
0.60852
0.608521
0.608534
0.608551
0.608551
0.608553
0.608563
0.608563
0.608567
0.608567
0.608567
0.60857
0.608572
0.608572
0.608573
0.608574
0.608576
0.608576
0.608579
0.608579
0.60858
0.60858
0.608581
0.608583
0.608583
0.608583
0.608583
0.608583
0.608583
0.608584
0.608584
0.608585
0.608585
0.608585
0.608585
0.608585
0.608585
0.608585
0.608586
0.608586
0.608586
0.608586
0.608586
0.608586
0.608586
0.608586
0.608586
0.608586
0.608586
0.608586
0.608586
0.608586
0.608586
0.608586
0.608586
0.608587
0.608587
0.608587
0.608587
0.608587
0.608587
0.608587
0.608587
0.608587
0.608587
0.608587
0.608587
0.608587
0.608587
0.608587
0.608587
0.608587
0.608587
0.608587
0.608587
0.608587
0.608587
0.608587
0.608587
0.608587
0.608587
0.608587
0.608587
0.608587
0.608587
0.608587
0.608587
0.608587
0.608587
0.608587
0.608587
0.608587
0.608587
0.608587
0.608587
0.608587
0.608587
0.608587
0.608587
0.608587
0.608587
0.608587
0.608587
0.608587
0.608587
0.608587
0.608587
0.608587
0.608587
0.608587
0.608587
0.608587
0.608587
0.608587
0.608587
0.608587
0.608587
0.608587
0.608587
0.608587
0.608587
0.608587
0.608587
0.608587
0.608587
0.608587
0.608587
0.608587
0.608587
0.608587
0.608587
0.608587
0.608587
0.608587
0.608587
0.608587
0.608587
0.608587
0.608587
0.608587
0.608587
0.608587
0.608587
0.608587
0.608587
0.608587
0.608587
0.608587
0.608587
0.608587
0.608587
0.608587
0.608587
0.608587
0.608587
0.608587
0.608587
0.608587
0.608587
0.608587
0.608587
0.608587
0.608587
0.608587
0.608587
0.608587
0.608587
0.608587
0.608587
0.608587
0.608587
0.608587
0.608587
0.608587
0.608587
0.608587
0.608587
0.608587
0.608587
0.608587
0.608587
0.608587
0.608587
0.608587
0.608587
0.608587
0.608587
0.608587
0.608587
0.608587
0.608587
0.608587
0.608587
0.608587
0.608587
0.608587
0.608587
0.608587
0.608587
0.608587
0.608587
0.608587
0.608587
0.608587
0.608587
0.608587
0.608587
0.608587
0.608587
0.608587
0.608587
0.608587
0.608237
0.608587
0.608587
0.608587
0.608587
0.608587
0.608587
0.608587
0.608587
0.608587
0.608587
0.608587
0.608587
0.608587
0.608587
0.608587
0.608587
0.608587
0.608587
0.608587
0.608587
0.608587
0.608587
0.608587
0.608587
0.608587
0.608587
0.608587
0.608587
0.608587
0.608587
0.608587
0.608587
0.608587
0.608587
0.608587
0.608587
0.608587
0.608587
0.608587
0.608587
0.608587
0.608587
0.608587
0.608587
0.608587
0.608587
0.608587
0.608587
0.608587
0.608587
0.608587
0.608587
0.608587
0.608587
0.608587
0.608587
0.608587
0.608587
0.608587
0.608587
0.608587
0.608587
0.608587
0.608587
0.608587
0.608587
0.608587
0.608587
0.608587
0.608587
0.608587
0.608587
0.608587
0.608587
0.608587
0.608587
0.608587
0.608587
0.608587
0.608587
0.608587
0.608587
0.608587
0.608587
0.608587
0.608587
0.608587
0.608587
0.608587
0.608587
0.608587
0.608587
0.608587
0.608587
0.608587
0.608587
0.608587
0.608587
0.608587
0.608587
0.608587
0.608587
0.608587
0.608587
0.608587
0.608587
0.608587
0.608587
0.608587
0.608587
0.608587
0.608587
0.608587
0.608587
0.608587
0.608587
0.608587
0.608587
0.608587
0.608587
0.608587
0.608587
0.608587
0.608587
0.608587
0.608587
0.608587
0.608587
0.608587
0.608587
0.608587
0.608587
0.608587
0.608587
0.608587
0.608587
0.608587
0.608587


