0.0581697
0.0594526
0.0618592
0.0650816
0.0696833
0.071627
0.0738473
0.0769596
0.0786889
0.0810795
0.0815565
0.0815565
0.0819226
0.0872582
0.0908581
0.0908581
0.0917693
0.0917776
0.0984953
0.105713
0.106804
0.113748
0.116945
0.118303
0.123917
0.128506
0.129398
0.165774
0.165774
0.165774
0.172818
0.185887
0.185887
0.195246
0.197762
0.274701
0.307477
0.307477
0.352809
0.371629
0.374385
0.383779
0.384693
0.440246
0.459425
0.485779
0.502004
0.522693
0.540518
0.588192
0.61801
0.65711
0.685508
0.686651
0.697691
0.74237
0.74237
0.757794
0.784382
0.809178
0.809178
0.823338
0.842989
0.847677
0.847677
0.864809
0.87151
0.900851
0.903942
0.903942
0.913682
0.913682
0.926471
0.939059
0.942771
0.944775
0.964656
0.965471
0.967416
0.974093
0.976607
0.978613
0.97964
0.98226
0.983975
0.984139
0.98507
0.986013
0.986807
0.988871
0.990373
0.990117
0.991418
0.991418
0.991586
0.993497
0.993497
0.994192
0.995789
0.995789
0.996293
0.996438
0.996944
0.997004
0.997247
0.997411
0.997502
0.997623
0.997844
0.99805
0.998166
0.998285
0.998561
0.998868
0.999098
0.999141
0.999213
0.999405
0.999428
0.999469
0.999566
0.999586
0.999609
0.999613
0.99964
0.99964
0.999738
0.99985
0.99985
0.99985
0.999864
0.99985
0.999866
0.999869
0.999878
0.999896
0.999905
0.999915
0.999935
0.999939
0.999944
0.999951
0.999956
0.999962
0.999968
0.99997
0.999974
0.999977
0.999979
0.999979
0.999979
0.999981
0.999981
0.999982
0.999984
0.999985
0.99999
0.999991
0.999991
0.999992
0.999992
0.999993
0.999995
0.999996
0.999996
0.999996
0.999997
0.999997
0.999997
0.999998
0.999998
0.999998
0.999998
0.999998
0.999999
0.999999
0.999999
0.999999
0.999999
0.999999
0.999999
0.999999
0.999999
0.999999
1
1
1
1
1
1
1
1
1
1
1
1
1
1
1
1
1
1
1
1
1
1
1
1
1
1
1
1
1
1
1
1
1
1
1
1
1
1
1
1
1
1
1
1
1
1
1
1
1
1
1
1
1
1
1
1
1
1
1
1
1
1
1
1
1
1
1
1
1
1
1
1
1
1
1
1
1
1
1
1
1
1
1
1
1
1
1
1
1
1
1
1
1
1
1
1
1
1
1
1
1
1
1
1
1
1
1
1
1
1
1
1
1
1
1
1
1
1
1
1
1
1
1
1
1
1
1
1
1
1
1
1
1
1
1
1
1
1
1
1
1
1
1
1
1
1
1
1
1
1
1
1
1
1
1
1
1
0.999613
1
1
1
1
1
1
1
1
1
1
1
1
1
1
1
1
1
1
1
1
1
1
1
1
1
1
1
1
1
1
1
1
1
1
1
1
1
1
1
1
1
1
1
1
1
1
1
1
1
1
1
1
1
1
1
1
1
1
1
1
1
1
1
1
1
1
1
1
1
1
1
1
1
1
1
1
1
1
1
1
1
1
1
1
1
1
1
1
1
1
1
1
1
1
1
1
1
1
1
1
1
1
1
1
1
1
1
1
1
1
1
1
1
1
1
1
1
1
1
1
1
1
1
1
1
1
1
1
1
1
1
1
1
1
1
1
1
1
1
1
1
1
1
1
1
1
1
1
1
1
1
1
1
1
1
1
1
1


0.0245786
0.0263245
0.0276164
0.0317059
0.0317059
0.0335644
0.0360661
0.0360661
0.036067
0.036067
0.0377589
0.0383406
0.039033
0.039033
0.0405598
0.0411019
0.0414759
0.0417138
0.0425518
0.0438138
0.0464948
0.0464948
0.0470105
0.0470105
0.0529118
0.057167
0.0575578
0.0606778
0.0614715
0.0634944
0.0663741
0.073095
0.0749767
0.0845465
0.0905744
0.100066
0.100108
0.105062
0.112417
0.115135
0.134119
0.142267
0.155053
0.161216
0.16219
0.170101
0.174524
0.191385
0.201374
0.20176
0.222952
0.250525
0.261852
0.262137
0.28664
0.28995
0.322123
0.323847
0.336164
0.356011
0.365773
0.372986
0.423236
0.423236
0.423236
0.435146
0.480594
0.482233
0.50309
0.511386
0.511665
0.527556
0.573405
0.619326
0.620957
0.652033
0.66089
0.660932
0.679504
0.682333
0.702963
0.708317
0.741002
0.74986
0.74986
0.76067
0.76067
0.767053
0.768363
0.79199
0.792628
0.793221
0.813174
0.834048
0.835222
0.850589
0.850777
0.85358
0.864377
0.87486
0.874963
0.880198
0.880689
0.88089
0.888533
0.889297
0.891892
0.895572
0.897205
0.900028
0.900308
0.910714
0.910792
0.914195
0.920551
0.920942
0.929618
0.943683
0.943729
0.943785
0.943863
0.943927
0.94827
0.948332
0.949853
0.959839
0.960249
0.963198
0.963223
0.964547
0.968097
0.968108
0.970055
0.970078
0.971146
0.973936
0.974561
0.974561
0.97663
0.97663
0.976668
0.976704
0.976905
0.977335
0.978064
0.978207
0.978805
0.979639
0.979727
0.979813
0.979818
0.979968
0.979968
0.979995
0.980114
0.980142
0.980202
0.980568
0.980568
0.980733
0.980771
0.980747
0.980748
0.980769
0.980792
0.980861
0.980972
0.980972
0.980987
0.981018
0.981019
0.981041
0.981041
0.981041
0.981041
0.981094
0.981114
0.981115
0.981115
0.981134
0.981135
0.981139
0.981141
0.981154
0.981154
0.981162
0.981162
0.981163
0.981167
0.98117
0.981174
0.981174
0.981181
0.981181
0.981199
0.981199
0.981204
0.981204
0.981209
0.981209
0.98121
0.98121
0.98121
0.981211
0.981211
0.981214
0.981215
0.981216
0.981216
0.981218
0.98122
0.981222
0.981222
0.981222
0.981222
0.981223
0.981224
0.981225
0.981227
0.981227
0.981228
0.981227
0.981228
0.981228
0.981228
0.981229
0.981229
0.981229
0.98123
0.98123
0.98123
0.98123
0.98123
0.98123
0.981231
0.981231
0.981231
0.981231
0.981231
0.981231
0.981231
0.981231
0.981231
0.981231
0.981231
0.981231
0.981231
0.981232
0.981232
0.981232
0.981232
0.981232
0.981232
0.981232
0.981232
0.981232
0.981232
0.981232
0.981232
0.981232
0.981232
0.981232
0.981232
0.981232
0.981232
0.981232
0.981232
0.981232
0.981232
0.981232
0.981232
0.981232
0.981232
0.981232
0.981232
0.981232
0.981232
0.981232
0.981232
0.981232
0.981232
0.981232
0.981232
0.981232
0.981232
0.981232
0.981232
0.981232
0.981233
0.981233
0.981233
0.981233
0.981233
0.981233
0.981233
0.981233
0.981233
0.981233
0.981233
0.981233
0.981233
0.981233
0.981233
0.981233
0.981233
0.981233
0.981233
0.981233
0.981233
0.981233
0.981233
0.981233
0.981233
0.981233
0.981233
0.981233
0.981233
0.981233
0.981233
0.981233
0.981233
0.981233
0.981233
0.981233
0.981233
0.981233
0.981233
0.981233
0.981233
0.981233
0.981233
0.981233
0.981233
0.981233
0.981233
0.981233
0.981233
0.981233
0.981233
0.981233
0.981233
0.981233
0.981233
0.981233
0.981233
0.981233
0.981233
0.981233
0.981233
0.981233
0.981233
0.981233
0.981233
0.981233
0.981233
0.981233
0.981233
0.981233
0.981233
0.981233
0.981233
0.981233
0.981233
0.981233
0.981233
0.981233
0.981233
0.981233
0.981233
0.981233
0.981233
0.981233
0.981233
0.981233
0.981233
0.981233
0.981233
0.981233
0.981233
0.981233
0.981233
0.981233
0.981233
0.981233
0.981233
0.981233
0.981233
0.981233
0.981233
0.981233
0.981233
0.981219
0.981233
0.981233
0.981233
0.981233
0.981233
0.981233
0.981233
0.981233
0.981233
0.981233
0.981233
0.981233
0.981233
0.981233
0.981233
0.981233
0.981233
0.981233
0.981233
0.981233
0.981233
0.981233
0.981233
0.981233
0.981233
0.981233
0.981233
0.981233
0.981233
0.981233
0.981233
0.981233
0.981233
0.981233
0.981233
0.981233
0.981233
0.981233
0.981233
0.981233
0.981233
0.981233
0.981233
0.981233
0.981233
0.981233
0.981233
0.981233
0.981233
0.981233
0.981233
0.981233
0.981233
0.981233
0.981233
0.981233
0.981233
0.981233
0.981233
0.981233
0.981233
0.981233
0.981233
0.981233
0.981233
0.981233
0.981233
0.981233
0.981233
0.981233
0.981233
0.981233
0.981233
0.981233
0.981233
0.981233
0.981233
0.981233
0.981233
0.981233
0.981233
0.981233
0.981233
0.981233
0.981233
0.981233
0.981233
0.981233
0.981233
0.981233
0.981233
0.981233
0.981233
0.981233
0.981233
0.981233
0.981233
0.981233
0.981233
0.981233
0.981233
0.981233
0.981233
0.981233
0.981233
0.981233
0.981233
0.981233


0.0212852
0.0240402
0.0246373
0.0260793
0.0273621
0.0276367
0.0301376
0.030445
0.0310761
0.0316147
0.031846
0.0314876
0.0331964
0.0333022
0.0347262
0.0356085
0.0387709
0.0419003
0.0429354
0.0449749
0.0451953
0.0455666
0.0538838
0.053997
0.0548576
0.0578389
0.0611215
0.0627815
0.0639298
0.0681813
0.0681884
0.0716629
0.0741365
0.0766078
0.0766078
0.0884357
0.0980061
0.10067
0.104686
0.118752
0.118752
0.130741
0.130741
0.132619
0.143559
0.151885
0.151977
0.165903
0.177564
0.181324
0.188105
0.196375
0.20958
0.20958
0.214956
0.220726
0.220726
0.223051
0.246723
0.250985
0.250985
0.270847
0.27452
0.275056
0.276376
0.276376
0.305241
0.320034
0.326857
0.326953
0.330015
0.348419
0.348588
0.36006
0.380037
0.407581
0.407581
0.408642
0.408852
0.416474
0.4582
0.458622
0.486828
0.520072
0.521215
0.521954
0.537593
0.540442
0.550465
0.553973
0.553973
0.554223
0.569381
0.57336
0.573393
0.588315
0.595129
0.606764
0.606764
0.60913
0.618002
0.62401
0.628107
0.628795
0.629365
0.629365
0.638571
0.638571
0.642892
0.645665
0.645704
0.649948
0.649969
0.650001
0.650001
0.652269
0.652617
0.652617
0.652617
0.652644
0.652857
0.652653
0.654183
0.654395
0.655171
0.655179
0.655702
0.655776
0.656281
0.656284
0.657107
0.657112
0.657112
0.657112
0.657585
0.657756
0.657855
0.657856
0.658091
0.658114
0.658244
0.658867
0.658867
0.658868
0.658986
0.659047
0.65909
0.659105
0.659148
0.659408
0.659408
0.659578
0.659579
0.659584
0.659584
0.659658
0.659658
0.659662
0.659669
0.659671
0.659686
0.659666
0.659685
0.659702
0.659702
0.659722
0.659736
0.659736
0.659748
0.659748
0.659764
0.659771
0.659778
0.65979
0.659797
0.659804
0.659806
0.659806
0.659809
0.659809
0.659811
0.659811
0.659814
0.659816
0.659822
0.659822
0.659822
0.659826
0.659826
0.659827
0.659829
0.659837
0.659837
0.659839
0.659839
0.659839
0.65984
0.659842
0.659842
0.659842
0.659842
0.659843
0.659843
0.659844
0.659844
0.659844
0.659844
0.659845
0.659845
0.659846
0.659846
0.659846
0.659846
0.659846
0.659847
0.659847
0.659847
0.659847
0.659847
0.659847
0.659847
0.659847
0.659847
0.659847
0.659847
0.659848
0.659848
0.659848
0.659848
0.659848
0.659848
0.659848
0.659848
0.659848
0.659848
0.659848
0.659848
0.659848
0.659848
0.659848
0.659848
0.659848
0.659848
0.659848
0.659848
0.659848
0.659848
0.659848
0.659848
0.659848
0.659848
0.659848
0.659848
0.659848
0.659848
0.659848
0.659848
0.659848
0.659848
0.659848
0.659848
0.659848
0.659848
0.659848
0.659848
0.659848
0.659848
0.659848
0.659848
0.659848
0.659848
0.659848
0.659848
0.659848
0.659848
0.659848
0.659848
0.659848
0.659848
0.659848
0.659848
0.659848
0.659848
0.659848
0.659848
0.659848
0.659848
0.659848
0.659848
0.659848
0.659848
0.659848
0.659848
0.659848
0.659848
0.659848
0.659848
0.659848
0.659848
0.659848
0.659848
0.659848
0.659848
0.659848
0.659848
0.659848
0.659848
0.659848
0.659848
0.659848
0.659848
0.659848
0.659848
0.659848
0.659848
0.659848
0.659848
0.659848
0.659848
0.659848
0.659848
0.659848
0.659848
0.659848
0.659848
0.659848
0.659848
0.659848
0.659848
0.659848
0.659848
0.659848
0.659848
0.659848
0.659848
0.659848
0.659848
0.659848
0.659848
0.659848
0.659848
0.659848
0.659848
0.659848
0.659848
0.659848
0.659848
0.659848
0.659848
0.659848
0.659848
0.659848
0.659848
0.659848
0.659848
0.659848
0.659848
0.659848
0.659848
0.659848
0.659848
0.659848
0.659848
0.659848
0.659848
0.659848
0.659848
0.659848
0.659848
0.659848
0.659848
0.659848
0.659848
0.659848
0.659848
0.659848
0.659848
0.659848
0.659848
0.659848
0.659848
0.659848
0.659848
0.659848
0.659848
0.659848
0.659848
0.659848
0.659848
0.659848
0.659848
0.659848
0.659848
0.659848
0.659848
0.659848
0.659848
0.659848
0.659848
0.659848
0.659848
0.659848
0.659848
0.659848
0.659848
0.659848
0.659848
0.659848
0.659848
0.659848
0.659848
0.659848
0.659848
0.659848
0.659848
0.659848
0.659848
0.659848
0.659848
0.659848
0.659848
0.659848
0.659848
0.659848
0.659848
0.659848
0.659848
0.659848
0.659848
0.659848
0.659848
0.659848
0.659848
0.659848
0.659848
0.659848
0.659848
0.659848
0.659848
0.659848
0.659848
0.659848
0.659848
0.659848
0.659848
0.659848
0.659848
0.659848
0.659848
0.659848
0.659848
0.659848
0.659848
0.659848
0.659848
0.659848
0.659848
0.659848
0.659848
0.659848
0.659848
0.659848
0.659848
0.659848
0.659848
0.659848
0.659848
0.659848
0.659848
0.659848
0.659848
0.659848
0.659848
0.659848
0.659848
0.659848
0.659848
0.659848
0.659848
0.659848
0.659848
0.659848
0.659848
0.659848
0.659848
0.659848
0.659848
0.659848
0.659848
0.659848
0.659848
0.659848
0.659848
0.659848
0.659848
0.659848
0.659848
0.659848
0.659848
0.659848


0.0226238
0.0240454
0.0247502
0.0254725
0.0261216
0.0278084
0.0285525
0.0292162
0.0307454
0.0307454
0.0312851
0.0334391
0.0334391
0.0349456
0.0350124
0.0375902
0.0398589
0.0398589
0.0428932
0.0443823
0.0449278
0.0500697
0.0503465
0.0504517
0.0520742
0.0536344
0.0545147
0.0595413
0.0595413
0.0638173
0.0644369
0.0670832
0.0683285
0.068434
0.0694771
0.0782043
0.0848048
0.0869108
0.0969002
0.103173
0.110621
0.114412
0.115773
0.117915
0.12828
0.129372
0.129521
0.130824
0.143012
0.149017
0.159306
0.160051
0.17391
0.17391
0.180111
0.186182
0.187562
0.194558
0.197222
0.202245
0.207822
0.214125
0.215955
0.229617
0.231158
0.234148
0.234589
0.243336
0.248064
0.248064
0.258865
0.259746
0.261421
0.264331
0.264331
0.264572
0.264572
0.267206
0.268944
0.277983
0.277983
0.279961
0.280772
0.281387
0.281637
0.281637
0.283657
0.284577
0.286271
0.28683
0.290611
0.291838
0.296008
0.299233
0.300603
0.30349
0.303688
0.303688
0.303948
0.304117
0.304548
0.304548
0.304641
0.304641
0.304641
0.304641
0.304666
0.304732
0.304743
0.30479
0.304821
0.304821
0.304855
0.304883
0.304891
0.3049
0.304914
0.30497
0.30497
0.305014
0.305014
0.30501
0.305022
0.305022
0.30503
0.30503
0.305037
0.305037
0.305038
0.305038
0.305038
0.233127
0.298095
0.298097
0.298128
0.298129
0.298141
0.298143
0.298144
0.298144
0.298159
0.298159
0.298161
0.298168
0.29817
0.298173
0.298174
0.298174
0.298176
0.298177
0.29818
0.298181
0.298183
0.298183
0.298185
0.298186
0.298186
0.298189
0.298189
0.298189
0.298189
0.298191
0.298192
0.298192
0.298193
0.298195
0.298195
0.298195
0.298195
0.298196
0.298197
0.298197
0.298197
0.298197
0.298198
0.298198
0.298198
0.298198
0.298198
0.298199
0.298199
0.298199
0.298199
0.298199
0.298199
0.298199
0.298199
0.298199
0.298199
0.298199
0.298199
0.298199
0.298199
0.298199
0.298199
0.298921
0.300116
0.304437
0.304437
0.304437
0.311956
0.309717
0.309717
0.311279
0.311279
0.311279
0.312897
0.31891
0.324144
0.327301
0.332982
0.337955
0.337955
0.337955
0.340815
0.340815
0.341195
0.341195
0.341195
0.341195
0.341195
0.341421
0.342407
0.352255
0.356392
0.384229
0.402733
0.420354
0.425598
0.427789
0.438266
0.444023
0.444023
0.444023
0.451182
0.452829
0.46196
0.474533
0.474533
0.474533
0.474533
0.495338
0.495338
0.504054
0.512854
0.512854
0.512854
0.514314
0.51537
0.536211
0.53824
0.5546
0.556289
0.558045
0.558045
0.568097
0.568097
0.591636
0.591636
0.596404
0.596404
0.621908
0.621908
0.623766
0.631057
0.640494
0.647059
0.65598
0.65598
0.65598
0.65598
0.653831
0.65621
0.658418
0.659631
0.669551
0.669551
0.669551
0.669551
0.669551
0.673688
0.67434
0.680856
0.682806
0.682852
0.683225
0.684346
0.686429
0.689025
0.695983
0.703566
0.704212
0.70648
0.70648
0.70648
0.707542
0.707542
0.708649
0.708649
0.708649
0.708649
0.709239
0.71057
0.711038
0.713381
0.714148
0.715264
0.717012
0.717012
0.717033
0.717308
0.717046
0.71709
0.717606
0.717657
0.717657
0.718116
0.718578
0.718578
0.719376
0.719523
0.719523
0.719682
0.720405
0.720405
0.720523
0.720523
0.720725
0.72116
0.72116
0.721395
0.721624
0.721799
0.721799
0.721814
0.721912
0.721912
0.721989
0.722033
0.722033
0.722205
0.722205
0.722205
0.722205
0.722205
0.722205
0.722205
0.722208
0.722224
0.722245
0.722294
0.722344
0.722344
0.722344
0.722344
0.722344
0.722359
0.722359
0.722362
0.722371
0.722371
0.722365
0.722366
0.722374
0.722374
0.72238
0.722385
0.722387
0.722392
0.722392
0.722392
0.722393
0.722393
0.722393
0.722394
0.722394
0.722394
0.722394
0.722394
0.722395
0.722396
0.722395
0.722396
0.722396
0.722396
0.722397
0.722397
0.722398
0.722398
0.722398
0.722398
0.722398
0.722398
0.722398
0.722399
0.722399
0.722399
0.722399
0.722399
0.722399
0.7224
0.7224
0.7224
0.7224
0.7224
0.7224
0.722401
0.722401
0.722401
0.722401
0.722401
0.722401
0.722401
0.722401
0.722401
0.722401
0.722401
0.722401
0.722401
0.722401
0.722401
0.722401
0.722401
0.722401
0.722401
0.722401
0.722401
0.722401
0.722401
0.722401
0.722401
0.722401
0.722401
0.722401
0.722401
0.722401
0.722401
0.722401
0.722401
0.722401
0.722401
0.722401
0.722401
0.722401
0.722401
0.722401
0.722401
0.722401
0.722401
0.722401
0.722401
0.722401
0.722401
0.722401
0.722401
0.722401
0.722401
0.722401
0.722401
0.722401
0.722401
0.722401
0.722401
0.722401
0.722401
0.722401
0.722401
0.722401
0.722401
0.722401
0.722401
0.722401
0.722401
0.722401
0.722401
0.722401
0.722401
0.722401
0.722401
0.722401
0.722401
0.722401
0.722401
0.722401
0.722401
0.722401
0.722401
0.722401
0.722401
0.722401
0.722401
0.722401
0.722401
0.722401
0.722401
0.722401
0.722401
0.722401
0.722401
0.722401


0.01243
0.012967
0.0130184
0.0132938
0.0141171
0.0148464
0.0150729
0.0154968
0.0154968
0.0154968
0.0156072
0.015737
0.0159022
0.0160017
0.0164971
0.01667
0.0168421
0.0170088
0.017368
0.0175764
0.0175764
0.0177403
0.0180075
0.0189428
0.0189827
0.0196868
0.0199151
0.0199545
0.0203453
0.0206128
0.0214729
0.0217237
0.0221831
0.0226061
0.0227963
0.0240523
0.0251977
0.0251977
0.0271459
0.0308907
0.0313184
0.0314226
0.0315415
0.0354499
0.0354586
0.0373855
0.0428562
0.0441452
0.0497877
0.0530501
0.0554643
0.0596539
0.0596539
0.0613893
0.062719
0.0648397
0.0691447
0.0755989
0.077392
0.0825214
0.10479
0.107027
0.111994
0.115603
0.116019
0.134382
0.134382
0.138255
0.145121
0.156057
0.160628
0.165758
0.184143
0.204244
0.243555
0.252397
0.317927
0.317927
0.341595
0.368073
0.377519
0.390668
0.422426
0.427962
0.429146
0.429278
0.453358
0.453786
0.463755
0.479754
0.484604
0.489267
0.499975
0.500003
0.500056
0.513398
0.51356
0.521184
0.521213
0.532723
0.532858
0.53558
0.539403
0.539409
0.539529
0.542323
0.547041
0.547088
0.550158
0.550182
0.551056
0.551223
0.551931
0.552589
0.553585
0.554093
0.555027
0.55508
0.555892
0.556202
0.556242
0.556192
0.556195
0.556583
0.556648
0.556658
0.557086
0.557473
0.557475
0.55819
0.5582
0.558197
0.558216
0.558228
0.558347
0.558667
0.558667
0.558673
0.55868
0.55872
0.558847
0.558833
0.55885
0.558966
0.558984
0.559062
0.559063
0.55909
0.559111
0.559181
0.559181
0.559176
0.559198
0.559213
0.559214
0.559215
0.559245
0.559252
0.559252
0.559268
0.55927
0.55927
0.559283
0.559283
0.559284
0.559285
0.559287
0.559295
0.559297
0.559304
0.55931
0.55931
0.55931
0.55931
0.559313
0.559313
0.559316
0.559316
0.559318
0.559318
0.559318
0.559319
0.55932
0.55932
0.559321
0.559321
0.559321
0.559323
0.559323
0.559323
0.559323
0.559324
0.559324
0.559324
0.559324
0.559324
0.559324
0.559324
0.559324
0.559324
0.559324
0.559325
0.559325
0.559325
0.559325
0.559325
0.559325
0.559325
0.559325
0.559325
0.559325
0.559325
0.559325
0.559325
0.559325
0.559325
0.559325
0.559325
0.559325
0.559325
0.559325
0.559325
0.559325
0.559325
0.559325
0.559325
0.559325
0.559325
0.559325
0.559325
0.559325
0.559325
0.559325
0.559325
0.559325
0.559325
0.559325
0.559325
0.559325
0.559325
0.559325
0.559325
0.559325
0.559325
0.559325
0.559325
0.559325
0.559325
0.559325
0.559325
0.559325
0.559325
0.559325
0.559325
0.559325
0.559325
0.559325
0.559325
0.559325
0.559325
0.559325
0.559325
0.559325
0.559325
0.559325
0.559325
0.559325
0.559325
0.559325
0.559325
0.559325
0.559325
0.559325
0.559325
0.559325
0.559325
0.559325
0.559325
0.559325
0.559325
0.559325
0.559325
0.559325
0.559325
0.559325
0.559325
0.559325
0.559325
0.559325
0.559325
0.559325
0.559325
0.559325
0.559325
0.559325
0.559325
0.559325
0.559325
0.559325
0.559325
0.559325
0.559325
0.559325
0.559325
0.559325
0.559325
0.559325
0.559325
0.559325
0.559325
0.559325
0.559325
0.559325
0.559325
0.559325
0.559325
0.559325
0.559325
0.559325
0.559325
0.559325
0.559325
0.559325
0.559325
0.559325
0.559325
0.559325
0.559325
0.559325
0.559325
0.559325
0.559325
0.559325
0.559325
0.559325
0.559325
0.559325
0.559325
0.559325
0.559325
0.559325
0.559325
0.559325
0.559325
0.559325
0.559325
0.559325
0.559325
0.559325
0.559325
0.559325
0.559325
0.559325
0.559325
0.559325
0.559325
0.559325
0.559325
0.559325
0.559325
0.559325
0.554027
0.559325
0.559325
0.559325
0.559325
0.559325
0.559325
0.559325
0.559325
0.559325
0.559325
0.559325
0.559325
0.559325
0.559325
0.559325
0.559325
0.559325
0.559325
0.559325
0.559325
0.559325
0.559325
0.559325
0.559325
0.559325
0.559325
0.559325
0.559325
0.559325
0.559325
0.559325
0.559325
0.559325
0.559325
0.559325
0.559325
0.559325
0.559325
0.559325
0.559325
0.559325
0.559325
0.559325
0.559325
0.559325
0.559325
0.559325
0.559325
0.559325
0.559325
0.559325
0.559325
0.559325
0.559325
0.559325
0.559325
0.559325
0.559325
0.559325
0.559325
0.559325
0.559325
0.559325
0.559325
0.559325
0.559325
0.559325
0.559325
0.559325
0.559324
0.559325
0.559325
0.559325
0.559325
0.559325
0.559325
0.559325
0.559325
0.559325
0.559325
0.559325
0.559325
0.559325
0.559325
0.559325
0.559325
0.559325
0.559325
0.559325
0.559325
0.559325
0.559325
0.559325
0.559325
0.559325
0.559325
0.559325
0.559325
0.559325
0.559325
0.559325
0.559325
0.559325
0.559325
0.559325
0.559325
0.559325
0.559325
0.559325
0.559325
0.559325
0.559325
0.559325
0.559325
0.559325
0.559325
0.559325
0.559325
0.559325
0.559323
0.559325
0.559325
0.559325
0.559325
0.559325
0.559325
0.559325
0.559325
0.559325
0.559325
0.559325
0.573904
0.584572
0.593564
0.597468
0.602144
0.620703
0.622493


0.0181485
0.0181485
0.0193141
0.0204829
0.0211957
0.0221855
0.0223925
0.0226731
0.0231817
0.023738
0.0240178
0.0247101
0.0261584
0.0261718
0.0262271
0.0267172
0.0290287
0.0290287
0.0306552
0.03101
0.0344315
0.0364235
0.0385079
0.0440255
0.0448469
0.0453452
0.046056
0.0470804
0.0498811
0.0543403
0.0566755
0.0605726
0.0605726
0.0630882
0.0756637
0.0756637
0.0775157
0.0862024
0.0879108
0.102111
0.109101
0.110182
0.11713
0.131254
0.135366
0.135583
0.147738
0.156598
0.171327
0.174021
0.177917
0.18932
0.212044
0.217793
0.232663
0.267379
0.274975
0.277193
0.280094
0.280446
0.289586
0.336333
0.336333
0.341034
0.360043
0.364879
0.37024
0.380354
0.385865
0.394335
0.40966
0.410278
0.426613
0.429259
0.429259
0.479138
0.479138
0.480137
0.48716
0.504693
0.512671
0.51877
0.522513
0.539088
0.554052
0.554052
0.55441
0.565625
0.57807
0.581474
0.585839
0.588771
0.588797
0.590362
0.590362
0.590428
0.593006
0.593018
0.596864
0.596879
0.601408
0.60216
0.603123
0.624801
0.626799
0.63043
0.63043
0.63102
0.652936
0.654394
0.655343
0.656687
0.657965
0.664894
0.682501
0.68376
0.683941
0.687993
0.687993
0.687993
0.68948
0.697859
0.69823
0.70063
0.701238
0.701238
0.701522
0.705699
0.707714
0.710963
0.712618
0.712769
0.715575
0.71568
0.716234
0.718889
0.718996
0.721034
0.721316
0.721358
0.722598
0.722827
0.725335
0.725344
0.72591
0.725966
0.726184
0.726354
0.72637
0.726957
0.726957
0.727125
0.727426
0.727456
0.727709
0.727709
0.727966
0.728144
0.728192
0.728223
0.728242
0.728498
0.728498
0.728563
0.728563
0.728663
0.72867
0.728735
0.728744
0.728744
0.728753
0.728753
0.728796
0.728796
0.728823
0.728831
0.728836
0.728877
0.728928
0.728932
0.728934
0.728951
0.728958
0.729
0.729
0.729002
0.729003
0.729003
0.729022
0.729023
0.729023
0.729024
0.729025
0.729026
0.729026
0.729027
0.729028
0.72903
0.729031
0.729033
0.729033
0.729033
0.729033
0.729034
0.729034
0.729035
0.729035
0.72904
0.72904
0.72904
0.729042
0.729043
0.729043
0.729044
0.729044
0.729045
0.729045
0.729045
0.729045
0.729045
0.729045
0.729046
0.729046
0.729046
0.729046
0.729046
0.729046
0.729046
0.729046
0.729046
0.729047
0.729047
0.729047
0.729047
0.729047
0.729047
0.729047
0.729047
0.729047
0.729047
0.729047
0.729047
0.729047
0.729047
0.729047
0.729047
0.729047
0.729047
0.729047
0.729047
0.729047
0.729047
0.729047
0.729047
0.729047
0.729047
0.729047
0.729047
0.729047
0.729047
0.729047
0.729047
0.729047
0.729047
0.729047
0.729047
0.729047
0.729047
0.729047
0.729047
0.729047
0.729047
0.729047
0.729047
0.729047
0.729047
0.729047
0.729047
0.729047
0.729047
0.729047
0.729047
0.729047
0.729047
0.729047
0.729047
0.729047
0.729047
0.729047
0.729047
0.729047
0.729047
0.729047
0.729047
0.729047
0.729047
0.729047
0.729047
0.729047
0.729047
0.729047
0.729047
0.729047
0.729047
0.729047
0.729047
0.729047
0.729047
0.729047
0.729047
0.729047
0.729047
0.729047
0.729047
0.729047
0.729047
0.729047
0.729047
0.729047
0.729047
0.729047
0.729047
0.729047
0.729047
0.729047
0.729047
0.729047
0.729047
0.729047
0.729047
0.729047
0.729047
0.729047
0.729047
0.729047
0.729047
0.729047
0.729047
0.729047
0.729047
0.729047
0.729047
0.729047
0.729047
0.729047
0.729047
0.729047
0.729047
0.729047
0.729047
0.729047
0.729047
0.729047
0.729047
0.729047
0.729047
0.729047
0.729047
0.729047
0.729047
0.729047
0.729047
0.729047
0.729047
0.729047
0.729047
0.729047
0.729047
0.729047
0.729047
0.729047
0.729047
0.729047
0.729047
0.729047
0.729047
0.729047
0.729047
0.729047
0.729047
0.729047
0.729047
0.729047
0.729047
0.729047
0.729047
0.729047
0.729047
0.729047
0.729047
0.729047
0.729047
0.729047
0.729047
0.729047
0.729047
0.729047
0.729047
0.729047
0.729047
0.729047
0.729047
0.729047
0.729047
0.729047
0.729047
0.729047
0.729047
0.729047
0.729047
0.729047
0.729047
0.729047
0.729047
0.729047
0.729047
0.729047
0.729047
0.729047
0.729047
0.729047
0.729047
0.729047
0.729047
0.729047
0.729047
0.729047
0.729047
0.729047
0.729047
0.729047
0.729047
0.729047
0.729047
0.729047
0.729047
0.729047
0.729047
0.729047
0.729047
0.729047
0.729047
0.729047
0.729047
0.729047
0.729047
0.729047
0.729047
0.729047
0.729047
0.729047
0.729047
0.729047
0.729047
0.729047
0.729047
0.729047
0.729047
0.729047
0.729047
0.729047
0.729047
0.729047
0.729047
0.729047
0.729047
0.729047
0.729047
0.729047
0.729047
0.729047
0.729047
0.729047
0.729047
0.729047
0.729047
0.729047
0.729047
0.729047
0.729047
0.729047
0.729047
0.729047
0.729047
0.729047
0.729047
0.729047
0.729047
0.729047
0.729047
0.729047
0.729047
0.729047
0.729047
0.729047
0.729047
0.729047
0.729047
0.729047
0.729047


0.0417086
0.0433735
0.0454223
0.0526728
0.0536831
0.0536831
0.0537034
0.0550349
0.0581069
0.0594976
0.0596916
0.0595317
0.0595317
0.0604312
0.0614082
0.0616813
0.0636323
0.066195
0.0663509
0.0672595
0.0701493
0.0701493
0.0703547
0.0779591
0.0808134
0.0817524
0.0817524
0.0817636
0.0840667
0.086824
0.0906005
0.0912585
0.0920228
0.100121
0.110509
0.113195
0.116821
0.125569
0.135293
0.151939
0.159382
0.170035
0.186466
0.188635
0.207577
0.235088
0.235088
0.249693
0.254709
0.269177
0.278698
0.288377
0.29792
0.304184
0.308452
0.337613
0.346316
0.35021
0.366442
0.401233
0.401379
0.410156
0.411807
0.415522
0.423608
0.462958
0.465711
0.473075
0.479654
0.49993
0.531458
0.536723
0.539986
0.586497
0.588729
0.588729
0.589134
0.599891
0.602985
0.602985
0.612444
0.611793
0.626851
0.641148
0.648746
0.654334
0.660977
0.663293
0.677243
0.683087
0.693049
0.693049
0.693204
0.697265
0.69776
0.706186
0.707514
0.710483
0.711921
0.716245
0.718466
0.720645
0.722001
0.722923
0.72309
0.724891
0.724922
0.726668
0.727453
0.729773
0.729938
0.73025
0.731571
0.733942
0.735989
0.736065
0.73723
0.73723
0.737278
0.737294
0.737888
0.737898
0.737917
0.738586
0.740164
0.740171
0.740624
0.740851
0.74086
0.741609
0.742114
0.742221
0.742221
0.74229
0.742292
0.742305
0.742306
0.742614
0.742619
0.742747
0.742878
0.743101
0.743104
0.743104
0.743142
0.743159
0.74322
0.743281
0.74336
0.743562
0.743638
0.743664
0.743664
0.743712
0.743834
0.743835
0.743929
0.74395
0.743951
0.744003
0.744029
0.744155
0.744158
0.744162
0.744162
0.744177
0.74423
0.744317
0.74434
0.74434
0.744391
0.744391
0.744404
0.744424
0.744438
0.744445
0.751015
0.751021
0.75207
0.752072
0.752073
0.752098
0.752101
0.752101
0.757578
0.757584
0.761287
0.761292
0.764738
0.764738
0.764738
0.765251
0.773542
0.778841
0.778928
0.780361
0.785473
0.78613
0.787546
0.793857
0.793858
0.795439
0.795441
0.797009
0.79701
0.79701
0.79701
0.797012
0.797304
0.797589
0.79759
0.797806
0.799593
0.80027
0.800311
0.800311
0.800714
0.801278
0.803959
0.803959
0.803959
0.805299
0.805299
0.805732
0.805732
0.805733
0.807357
0.807358
0.807975
0.808601
0.808601
0.808601
0.808602
0.809242
0.809242
0.80933
0.809402
0.809402
0.809995
0.810214
0.810214
0.810285
0.810285
0.81105
0.81105
0.81105
0.81105
0.811247
0.811247
0.811247
0.811277
0.811113
0.811471
0.811471
0.811498
0.811498
0.811531
0.811531
0.811553
0.811553
0.811584
0.811629
0.811641
0.811669
0.811669
0.811731
0.811731
0.811731
0.811778
0.811778
0.811818
0.811818
0.811848
0.811848
0.811882
0.811889
0.811889
0.811889
0.811904
0.811904
0.81192
0.811921
0.811922
0.811924
0.811924
0.811924
0.811933
0.811937
0.811937
0.811946
0.811946
0.811948
0.811948
0.811948
0.811951
0.811951
0.811951
0.811951
0.811952
0.811953
0.811954
0.811954
0.811956
0.811956
0.811957
0.811959
0.811961
0.811961
0.811961
0.811962
0.811963
0.811963
0.811963
0.811964
0.811964
0.811964
0.811964
0.811965
0.811965
0.811965
0.811965
0.811965
0.811965
0.811966
0.811966
0.811966
0.811966
0.811966
0.811966
0.811966
0.811966
0.811966
0.811966
0.811966
0.811966
0.811966
0.811966
0.811966
0.811966
0.811966
0.811966
0.811966
0.811966
0.811966
0.811966
0.811966
0.811966
0.811966
0.811966
0.811966
0.811966
0.811966
0.811966
0.811966
0.811966
0.811966
0.811966
0.811966
0.811966
0.811966
0.811966
0.811966
0.811966
0.811966
0.811966
0.811966
0.811966
0.811966
0.811966
0.811966
0.811966
0.811966
0.811966
0.811966
0.811966
0.811966
0.811966
0.811966
0.811966
0.811966
0.811966
0.811966
0.811966
0.811966
0.811966
0.811966
0.811966
0.811966
0.811966
0.811966
0.811966
0.811966
0.811966
0.811966
0.811966
0.811966
0.811966
0.811966
0.811966
0.811966
0.811966
0.811966
0.811966
0.811966
0.811966
0.811966
0.811966
0.811966
0.811966
0.811966
0.811966
0.811966
0.811966
0.811966
0.811966
0.811966
0.811966
0.811966
0.811966
0.811966
0.811966
0.811966
0.811966
0.811966
0.811966
0.811966
0.811966
0.811966
0.811966
0.811966
0.811966
0.811966
0.811966
0.811966
0.811966
0.811966
0.811966
0.811966
0.811966
0.811966
0.811966
0.811966
0.811966
0.811966
0.811966
0.811966
0.811966
0.811966
0.811966
0.811966
0.811966
0.811966
0.811966
0.811966
0.811966
0.811966
0.811966
0.811966
0.811966
0.811966
0.811966
0.811966
0.811966
0.811966
0.811966
0.811966
0.811966
0.811966
0.811966
0.811966
0.811966
0.811966
0.811966
0.811966
0.811966
0.811966
0.811966
0.811966
0.811966
0.811966
0.811966
0.811966
0.811966
0.811966
0.811966
0.811966
0.811966
0.811966
0.811966
0.811966
0.811966
0.811966
0.811966
0.811966
0.811966
0.811966
0.811966
0.811966
0.811966
0.811966


0.023206
0.0250465
0.0256536
0.0285989
0.0285989
0.0304273
0.0308066
0.0314307
0.0315461
0.0330145
0.0341137
0.0341689
0.0361522
0.0361522
0.0382985
0.039439
0.039439
0.0431809
0.0439887
0.0451354
0.0456507
0.0488668
0.0491756
0.0493894
0.0526552
0.0543904
0.0553519
0.0600659
0.0624959
0.0676379
0.070537
0.0709095
0.0800824
0.0860424
0.0860588
0.0948358
0.109202
0.122538
0.124862
0.124862
0.125555
0.135554
0.146134
0.152191
0.154573
0.165868
0.19239
0.19239
0.195815
0.195815
0.226785
0.23099
0.258102
0.289597
0.289597
0.289597
0.297861
0.305769
0.345942
0.374906
0.377139
0.366372
0.371229
0.410938
0.416609
0.42952
0.429759
0.438823
0.43968
0.506022
0.506022
0.506805
0.515171
0.524098
0.530518
0.540979
0.544403
0.546703
0.546708
0.559983
0.568493
0.568534
0.568534
0.577273
0.577333
0.584444
0.584466
0.584789
0.584903
0.589698
0.593164
0.594997
0.598428
0.598474
0.598502
0.599531
0.600611
0.600756
0.600757
0.600866
0.602009
0.60325
0.60325
0.604965
0.604965
0.605278
0.605324
0.605339
0.605842
0.606678
0.607419
0.607463
0.607463
0.607472
0.607978
0.60803
0.608203
0.608452
0.608475
0.608475
0.60858
0.608595
0.608619
0.608631
0.60865
0.608755
0.608807
0.608861
0.608862
0.608879
0.608885
0.608908
0.60894
0.608965
0.608999
0.608999
0.609014
0.60902
0.60904
0.60904
0.609041
0.609066
0.609066
0.609076
0.609077
0.60909
0.609096
0.609099
0.609099
0.609099
0.609102
0.609103
0.609108
0.609108
0.609115
0.609122
0.609122
0.609122
0.609122
0.609123
0.60913
0.609133
0.609134
0.609134
0.609134
0.609134
0.609134
0.609134
0.609136
0.609136
0.609136
0.609138
0.609138
0.609138
0.609139
0.609139
0.609139
0.609139
0.609139
0.609139
0.609139
0.609139
0.609139
0.609139
0.609139
0.609139
0.60914
0.60914
0.60914
0.60914
0.60914
0.60914
0.60914
0.60914
0.60914
0.60914
0.60914
0.60914
0.60914
0.60914
0.60914
0.60914
0.60914
0.60914
0.60914
0.60914
0.60914
0.60914
0.60914
0.60914
0.60914
0.60914
0.60914
0.60914
0.60914
0.60914
0.60914
0.60914
0.60914
0.60914
0.60914
0.60914
0.60914
0.60914
0.60914
0.60914
0.60914
0.60914
0.60914
0.60914
0.60914
0.60914
0.60914
0.60914
0.60914
0.60914
0.60914
0.60914
0.60914
0.60914
0.60914
0.60914
0.60914
0.60914
0.60914
0.60914
0.60914
0.60914
0.60914
0.60914
0.60914
0.60914
0.60914
0.60914
0.60914
0.60914
0.60914
0.60914
0.60914
0.60914
0.60914
0.60914
0.60914
0.60914
0.60914
0.60914
0.60914
0.60914
0.60914
0.60914
0.60914
0.60914
0.60914
0.60914
0.60914
0.60914
0.60914
0.60914
0.60914
0.60914
0.60914
0.60914
0.60914
0.60914
0.60914
0.60914
0.60914
0.60914
0.60914
0.60914
0.60914
0.60914
0.60914
0.60914
0.60914
0.60914
0.60914
0.60914
0.60914
0.60914
0.60914
0.60914
0.60914
0.60914
0.60914
0.60914
0.60914
0.60914
0.60914
0.60914
0.60914
0.60914
0.60914
0.60914
0.60914
0.60914
0.60914
0.60914
0.60914
0.60914
0.60914
0.60914
0.60914
0.60914
0.60914
0.60914
0.60914
0.60914
0.60914
0.60914
0.60914
0.60914
0.60914
0.60914
0.60914
0.60914
0.60914
0.60914
0.60914
0.60914
0.60914
0.60914
0.60914
0.60914
0.60914
0.60914
0.60914
0.60914
0.60914
0.60914
0.60914
0.60914
0.60914
0.60914
0.60914
0.60914
0.60914
0.60914
0.60914
0.60914
0.60914
0.60914
0.60914
0.60914
0.60914
0.60914
0.60914
0.60914
0.60914
0.60914
0.60914
0.60914
0.60914
0.60914
0.60914
0.60914
0.60914
0.60914
0.60914
0.60914
0.60914
0.60914
0.60914
0.60914
0.60914
0.60914
0.60914
0.60914
0.60914
0.60914
0.60914
0.60914
0.60914
0.60914
0.60914
0.60914
0.60914
0.60914
0.60914
0.60914
0.60914
0.60914
0.60914
0.60914
0.60914
0.60914
0.60914
0.60914
0.60914
0.60914
0.60914
0.609126
0.60914
0.60914
0.60914
0.60914
0.60914
0.60914
0.60914
0.60914
0.60914
0.60914
0.60914
0.60914
0.60914
0.60914
0.60914
0.60914
0.60914
0.60914
0.60914
0.609137
0.60914
0.60914
0.60914
0.60914
0.60914
0.60914
0.60914
0.60914
0.60914
0.60914
0.60914
0.60914
0.60914
0.60914
0.60914
0.60914
0.60914
0.60914
0.60914
0.60914
0.60914
0.60914
0.60914
0.60914
0.60914
0.60914
0.60914
0.60914
0.60914
0.60914
0.60914
0.60914
0.60914
0.60914
0.60914
0.60914
0.60914
0.60914
0.60914
0.60914
0.60914
0.60914
0.60914
0.60914
0.60914
0.60914
0.60914
0.60914
0.60914
0.60914
0.60914
0.60914
0.60914
0.60914
0.60914
0.60914
0.60914
0.60914
0.60914
0.60914
0.60914
0.60914
0.60914
0.60914
0.60914
0.60914
0.60914
0.60914


0.0242472
0.0250682
0.0268176
0.0271112
0.0280578
0.0313591
0.031765
0.0317675
0.0320902
0.0330191
0.0332884
0.0339265
0.0339455
0.0351336
0.0353572
0.0356277
0.0370925
0.0372499
0.037431
0.0375404
0.0376993
0.0385844
0.0392985
0.0416827
0.0416827
0.0416827
0.0428314
0.043852
0.0453049
0.0476826
0.0476826
0.0509511
0.0517755
0.0558962
0.0570418
0.0614654
0.0623278
0.0623278
0.0642913
0.0681335
0.0687075
0.0865902
0.0865902
0.0877052
0.0998453
0.0998453
0.108635
0.113792
0.119982
0.136295
0.136295
0.136608
0.146691
0.181272
0.185178
0.200159
0.208129
0.213047
0.234621
0.23545
0.244805
0.244884
0.303176
0.303176
0.331095
0.331095
0.358774
0.359274
0.409792
0.41107
0.414024
0.419677
0.445975
0.451779
0.45443
0.463286
0.486765
0.487133
0.487133
0.487226
0.49487
0.498082
0.498154
0.503709
0.509159
0.523297
0.524639
0.533529
0.541416
0.541416
0.55047
0.550921
0.560387
0.561539
0.563268
0.567217
0.567273
0.568356
0.570546
0.571527
0.573986
0.574971
0.575497
0.57772
0.579062
0.579518
0.580089
0.580089
0.582396
0.582396
0.583071
0.583071
0.583071
0.58321
0.583256
0.583352
0.583374
0.583392
0.583697
0.584304
0.584449
0.584594
0.584597
0.584611
0.584649
0.584757
0.584759
0.58478
0.58478
0.584819
0.584819
0.584841
0.58486
0.584922
0.584922
0.584925
0.584949
0.584949
0.584982
0.584982
0.585002
0.585018
0.585035
0.585044
0.585055
0.585065
0.585081
0.585096
0.585119
0.585126
0.585126
0.585131
0.585135
0.585136
0.58514
0.58514
0.585141
0.585142
0.585144
0.585146
0.585147
0.585148
0.585152
0.585152
0.585153
0.585155
0.585156
0.585156
0.585156
0.585156
0.585157
0.585157
0.585157
0.585157
0.585157
0.585157
0.585158
0.585158
0.585158
0.585158
0.585159
0.585159
0.585159
0.585159
0.585159
0.58516
0.58516
0.58516
0.58516
0.58516
0.58516
0.58516
0.58516
0.58516
0.58516
0.58516
0.58516
0.58516
0.58516
0.58516
0.58516
0.58516
0.58516
0.585161
0.585161
0.585161
0.585161
0.585161
0.585161
0.585161
0.585161
0.585161
0.585161
0.585161
0.585161
0.585161
0.585161
0.585161
0.585161
0.585161
0.585161
0.585161
0.585161
0.585161
0.585161
0.585161
0.585161
0.585161
0.585161
0.585161
0.585161
0.585161
0.585161
0.585161
0.585161
0.585161
0.585161
0.585161
0.585161
0.585161
0.585161
0.585161
0.585161
0.585161
0.585161
0.585161
0.585161
0.585161
0.585161
0.585161
0.585161
0.585161
0.585161
0.585161
0.585161
0.585161
0.585161
0.585161
0.585161
0.585161
0.585161
0.585161
0.585161
0.597739
0.600325
0.604014
0.606298
0.606298
0.609854
0.612932
0.613301
0.616088
0.616601
0.616601
0.616601
0.617963
0.618651
0.621424
0.624961
0.624961
0.624982
0.634449
0.636407
0.639403
0.639764
0.645298
0.645298
0.645298
0.669229
0.669229
0.669229
0.671918
0.672211
0.68831
0.68831
0.68831
0.68831
0.68831
0.68831
0.68895
0.68895
0.696992
0.699389
0.700831
0.700831
0.700831
0.700831
0.714739
0.714739
0.714739
0.71754
0.721806
0.721806
0.730336
0.734294
0.735183
0.741025
0.747851
0.776293
0.791004
0.791004
0.821403
0.821403
0.821403
0.836559
0.836559
0.842879
0.847022
0.847022
0.859685
0.863498
0.863498
0.863498
0.863498
0.863498
0.864599
0.864599
0.865817
0.865817
0.866938
0.866938
0.868651
0.868651
0.869584
0.873395
0.878956
0.905385
0.905385
0.909212
0.909212
0.91562
0.917706
0.931653
0.931653
0.931653
0.931653
0.931653
0.931653
0.937224
0.937224
0.937224
0.943147
0.943147
0.943147
0.943147
0.943147
0.944439
0.944439
0.944472
0.946318
0.947103
0.949405
0.951312
0.952215
0.953177
0.953669
0.953669
0.953762
0.954397
0.954397
0.954397
0.955373
0.955831
0.956087
0.956471
0.958597
0.959141
0.959141
0.959141
0.959349
0.959349
0.959301
0.95933
0.960258
0.960488
0.960488
0.960561
0.960692
0.960692
0.96078
0.960832
0.961009
0.961093
0.962492
0.963107
0.963107
0.963107
0.96326
0.963266
0.963266
0.963266
0.963302
0.963325
0.963333
0.963395
0.963395
0.963516
0.96354
0.963666
0.963708
0.963708
0.963697
0.96377
0.963819
0.96383
0.965067
0.965422
0.965422
0.965422
0.965939
0.966408
0.966278
0.96634
0.966445
0.966445
0.966445
0.966508
0.966536
0.96675
0.96675
0.96675
0.966827
0.966853
0.967105
0.967105
0.967105
0.967122
0.967333
0.967405
0.967463
0.967498
0.967532
0.967549
0.96758
0.967592
0.967604
0.967605
0.967605
0.967605
0.967605
0.967606
0.967625
0.967634
0.967634
0.967634
0.967636
0.967636
0.967637
0.967637
0.967637
0.967638
0.967637
0.967638
0.967638
0.967638
0.967654
0.967659
0.967661
0.967666
0.967666
0.96768
0.967685
0.967686
0.967689
0.967717
0.967788
0.967825
0.967906
0.967947
0.967953
0.96803
0.968203
0.968263
0.968265
0.968468
0.968657
0.968657
0.968657
0.968657
0.968668


0.0246073
0.0263482
0.0274016
0.0274016
0.0295747
0.0295812
0.0301257
0.0303695
0.0311061
0.0312857
0.0316165
0.0316183
0.0317989
0.0321877
0.0322464
0.033651
0.0338023
0.0339118
0.0340861
0.0341799
0.0342412
0.0341908
0.0342045
0.0342844
0.0343167
0.0343243
0.0343243
0.034325
0.0352907
0.0352907
0.0360694
0.0363826
0.0363826
0.0365142
0.0365371
0.0366803
0.0369535
0.0369735
0.0396226
0.0442457
0.0448811
0.0449632
0.0458112
0.0505189
0.0506152
0.0553428
0.0559448
0.0581205
0.0592663
0.0592823
0.0610911
0.0686491
0.0686491
0.0772878
0.0777929
0.0777929
0.0783735
0.0823354
0.0831915
0.0832733
0.083917
0.0848675
0.096011
0.115667
0.118861
0.118861
0.13975
0.143492
0.154416
0.174566
0.174566
0.182468
0.184225
0.197606
0.197606
0.206111
0.206111
0.224025
0.248178
0.257216
0.257216
0.264951
0.27743
0.285314
0.304525
0.304525
0.304631
0.304631
0.304631
0.311275
0.311275
0.313467
0.333849
0.344582
0.344582
0.35324
0.35324
0.360041
0.360041
0.372392
0.374394
0.372354
0.372552
0.37816
0.379859
0.382219
0.382219
0.384392
0.38445
0.385156
0.387332
0.387332
0.388283
0.388283
0.388466
0.389103
0.389387
0.389387
0.391554
0.392249
0.393759
0.391486
0.395542
0.397873
0.399637
0.406915
0.406915
0.408245
0.408245
0.409294
0.409765
0.410296
0.410304
0.410913
0.410913
0.41243
0.413305
0.413338
0.415159
0.421231
0.421231
0.42128
0.423737
0.423737
0.425768
0.42697
0.428163
0.428165
0.428222
0.433752
0.433891
0.432928
0.432936
0.434486
0.434675
0.43469
0.43469
0.43469
0.434771
0.434771
0.434771
0.434298
0.434298
0.4343
0.439461
0.447381
0.447386
0.447386
0.449556
0.449568
0.515473
0.474753
0.474753
0.504776
0.504776
0.504777
0.504778
0.504788
0.504788
0.509216
0.532602
0.556477
0.556478
0.556479
0.556479
0.55648
0.556481
0.556481
0.556481
0.556481
0.556481
0.569921
0.569922
0.569922
0.569922
0.576914
0.578616
0.582857
0.589677
0.589677
0.589679
0.589679
0.589679
0.614047
0.670869
0.670869
0.673544
0.678867
0.678867
0.679543
0.685398
0.68416
0.718903
0.729455
0.729455
0.729455
0.72984
0.72984
0.730175
0.730175
0.730175
0.742252
0.742252
0.742252
0.742252
0.743232
0.747477
0.747477
0.747477
0.751207
0.764826
0.766742
0.766742
0.766742
0.766742
0.766742
0.768271
0.770993
0.784817
0.784817
0.784817
0.784524
0.784524
0.789239
0.789239
0.793326
0.796145
0.796145
0.798692
0.798692
0.798692
0.798692
0.798692
0.800277
0.801077
0.801077
0.801229
0.801348
0.802245
0.802709
0.802709
0.801704
0.802807
0.804754
0.804754
0.804754
0.804754
0.805053
0.805053
0.806165
0.806165
0.805872
0.806153
0.806153
0.806309
0.806621
0.806674
0.806674
0.806674
0.806691
0.806691
0.806706
0.806718
0.806799
0.806799
0.806799
0.807007
0.807007
0.807007
0.807053
0.807053
0.807053
0.807064
0.807064
0.807064
0.807067
0.807117
0.807117
0.807117
0.807117
0.807122
0.807131
0.807131
0.807154
0.807154
0.807154
0.807155
0.807159
0.807161
0.807161
0.807162
0.807165
0.807165
0.807166
0.807167
0.80717
0.807172
0.807172
0.807172
0.807172
0.807172
0.807172
0.807172
0.807175
0.807175
0.807175
0.807176
0.807176
0.807176
0.807176
0.807176
0.807177
0.807177
0.807177
0.807177
0.807177
0.807177
0.807177
0.807177
0.807177
0.807177
0.807178
0.807178
0.807178
0.807178
0.807178
0.807178
0.807178
0.807178
0.807178
0.807178
0.807178
0.807178
0.807178
0.807178
0.807178
0.807178
0.807178
0.807178
0.807178
0.807178
0.807178
0.807178
0.807178
0.807178
0.807178
0.807178
0.807178
0.807178
0.807178
0.807178
0.807178
0.807178
0.807178
0.807178
0.807178
0.807178
0.807178
0.807178
0.807178
0.807178
0.807178
0.807178
0.807178
0.807178
0.807178
0.807178
0.807178
0.807178
0.807178
0.807178
0.807178
0.807178
0.807178
0.807178
0.807178
0.807178
0.807178
0.807178
0.807178
0.807178
0.807178
0.807178
0.807178
0.807178
0.807178
0.807178
0.807178
0.807178
0.807178
0.807178
0.807178
0.807178
0.807178
0.807178
0.807178
0.807178
0.807178
0.807178
0.807178
0.807178
0.807178
0.807178
0.807178
0.807178
0.807178
0.807178
0.807178
0.807178
0.807178
0.807178
0.807178
0.807178
0.807178
0.807178
0.807178
0.807178
0.807178
0.807178
0.807178
0.807178
0.807178
0.807178
0.807178
0.807178
0.807178
0.807178
0.807178
0.807178
0.807178
0.807178
0.807178
0.807178
0.807178
0.807178
0.807178
0.807178
0.807178
0.807178
0.807178
0.807178
0.807178
0.807178
0.807178
0.807178
0.807178
0.807178
0.807178
0.807178
0.807178
0.807178
0.807178
0.807178
0.807178
0.807178
0.807178
0.807178
0.807178
0.807178
0.807178
0.807178
0.807178
0.807178
0.807178
0.807178
0.807178
0.807178
0.807178
0.807178
0.807178
0.807178
0.807178
0.807178
0.807178
0.807178
0.807178
0.807178
0.807178
0.807178
0.807178


0.0205113
0.0239106
0.0245202
0.0255753
0.0261715
0.0262071
0.0266583
0.027281
0.0273526
0.0280407
0.0280524
0.0289836
0.0290534
0.0290534
0.0291021
0.0293411
0.0297946
0.0297946
0.0298117
0.030125
0.0303454
0.0303508
0.0304709
0.0306529
0.0312675
0.0312675
0.0314569
0.0314995
0.0315361
0.0317627
0.0324831
0.0321232
0.0323017
0.0333637
0.0336158
0.0336158
0.0337909
0.0352368
0.0354633
0.0376465
0.039088
0.0391988
0.0403704
0.0446648
0.0446648
0.0453654
0.0470591
0.0470708
0.0515534
0.053957
0.0550534
0.0572897
0.0594268
0.0653896
0.0682234
0.0779604
0.0929154
0.0936704
0.100392
0.103932
0.10772
0.105726
0.119637
0.128229
0.130974
0.138135
0.138135
0.16361
0.18584
0.192412
0.197081
0.194699
0.229376
0.239474
0.270778
0.341655
0.348428
0.349599
0.362327
0.365943
0.371021
0.408052
0.418569
0.464815
0.473324
0.475087
0.480207
0.508068
0.508068
0.526972
0.546427
0.581556
0.602075
0.603977
0.606935
0.610216
0.624083
0.635529
0.635529
0.635529
0.638821
0.649948
0.649948
0.674009
0.676802
0.676802
0.685864
0.691101
0.705928
0.707287
0.7076
0.711051
0.720205
0.741743
0.741743
0.746063
0.748583
0.753289
0.755454
0.761535
0.762598
0.76271
0.765058
0.765539
0.767418
0.768207
0.769549
0.771797
0.771921
0.775448
0.775448
0.774657
0.776394
0.776394
0.778676
0.778676
0.778896
0.77907
0.7798
0.7798
0.7803
0.780557
0.780557
0.781682
0.782186
0.782412
0.783241
0.783241
0.78325
0.783386
0.783394
0.783637
0.783659
0.783967
0.784017
0.784349
0.784554
0.784554
0.784706
0.784778
0.784778
0.785017
0.785024
0.785167
0.785168
0.785325
0.785325
0.785361
0.785414
0.785414
0.785534
0.785575
0.785577
0.785577
0.785587
0.78564
0.785641
0.785642
0.785642
0.785659
0.785659
0.785662
0.785671
0.785677
0.785691
0.785702
0.785706
0.785708
0.785708
0.78573
0.785749
0.785737
0.785745
0.785748
0.785751
0.785755
0.785755
0.785755
0.785755
0.78576
0.785771
0.785774
0.785775
0.785783
0.785783
0.785784
0.785784
0.785784
0.785785
0.785789
0.78579
0.785791
0.785795
0.785796
0.785796
0.785796
0.785796
0.785797
0.785797
0.785797
0.785797
0.785797
0.785797
0.785797
0.785798
0.785798
0.785798
0.785799
0.785799
0.785799
0.785799
0.785799
0.785799
0.7858
0.7858
0.7858
0.7858
0.7858
0.7858
0.7858
0.7858
0.7858
0.7858
0.7858
0.7858
0.7858
0.785801
0.785801
0.785801
0.785801
0.785801
0.785801
0.785801
0.785801
0.785801
0.785801
0.785801
0.785801
0.785801
0.785801
0.785801
0.785801
0.785801
0.785801
0.785801
0.785801
0.785801
0.785801
0.785801
0.785801
0.785801
0.785801
0.785801
0.785801
0.785801
0.785801
0.785801
0.785801
0.785801
0.785801
0.785801
0.785801
0.785801
0.785801
0.785801
0.785801
0.785801
0.785801
0.785801
0.785801
0.785801
0.785801
0.785801
0.785801
0.785801
0.785801
0.785801
0.785801
0.785801
0.785801
0.785801
0.785801
0.785801
0.785801
0.785801
0.785801
0.785801
0.785801
0.785801
0.785801
0.785801
0.785801
0.785801
0.785801
0.785801
0.785801
0.785801
0.785801
0.785801
0.785801
0.785801
0.785801
0.785801
0.785801
0.785801
0.785801
0.785801
0.785801
0.785801
0.785801
0.785801
0.785801
0.785801
0.785801
0.785801
0.785801
0.785801
0.785801
0.785801
0.785801
0.785801
0.785801
0.785801
0.785801
0.785801
0.785801
0.785801
0.785801
0.785801
0.785801
0.785801
0.785801
0.785801
0.785801
0.785801
0.785801
0.785801
0.785801
0.785801
0.785801
0.785801
0.785801
0.785801
0.785801
0.785801
0.785801
0.785801
0.785801
0.785801
0.785801
0.785801
0.785801
0.785801
0.785801
0.785801
0.785801
0.785801
0.785801
0.785801
0.785801
0.785801
0.785801
0.785801
0.785801
0.785801
0.785801
0.785801
0.785801
0.785801
0.785801
0.785801
0.785801
0.785801
0.785801
0.785801
0.785801
0.785801
0.785801
0.785801
0.785801
0.785801
0.785801
0.785801
0.785801
0.785801
0.785801
0.785801
0.785801
0.785801
0.785801
0.785801
0.785801
0.785801
0.785801
0.785801
0.785801
0.785801
0.785801
0.785801
0.785801
0.785801
0.785801
0.785801
0.785801
0.785801
0.785801
0.785801
0.785801
0.785801
0.785801
0.785801
0.785801
0.785801
0.785801
0.785801
0.785801
0.785801
0.785801
0.785801
0.785801
0.785801
0.785801
0.785801
0.785801
0.785801
0.785801
0.785801
0.785801
0.785801
0.785801
0.785801
0.785801
0.785801
0.785801
0.785801
0.785801
0.785801
0.785801
0.785801
0.785801
0.785801
0.785801
0.785801
0.785801
0.785801
0.785801
0.785801
0.785801
0.785801
0.785801
0.785801
0.785801
0.785801
0.785801
0.785801
0.785801
0.785801
0.785801
0.785801
0.785801
0.785801
0.785801
0.785801
0.785801
0.785801
0.785801
0.785801
0.785801
0.785801
0.785801
0.785801
0.785801
0.785801
0.785801
0.785801
0.785801
0.785801
0.785801
0.785801
0.785801


0.0184437
0.0219658
0.023429
0.0236034
0.0253168
0.0259263
0.0260257
0.0267444
0.0276567
0.027983
0.0280324
0.0281457
0.0283549
0.0283971
0.0286263
0.0289369
0.0294996
0.029778
0.0303837
0.030473
0.0320334
0.0315688
0.031611
0.0331442
0.033176
0.0341751
0.0350518
0.0365951
0.0380781
0.0380781
0.0418393
0.0457052
0.0457052
0.0481554
0.0503108
0.0506057
0.0568614
0.0568614
0.0574042
0.0580826
0.0623789
0.0666986
0.0720022
0.0853431
0.0907451
0.0907451
0.0917107
0.0936119
0.100302
0.117336
0.117336
0.118112
0.121542
0.144369
0.152153
0.171271
0.172938
0.182767
0.188967
0.190247
0.193783
0.212064
0.218965
0.222341
0.241801
0.25353
0.287501
0.292893
0.323291
0.325157
0.359854
0.360801
0.370128
0.372474
0.379171
0.402156
0.402815
0.405016
0.419995
0.419995
0.419995
0.429563
0.431501
0.43286
0.439669
0.441434
0.450633
0.458701
0.4602
0.460769
0.463142
0.46374
0.466749
0.466749
0.468331
0.469537
0.470045
0.470851
0.474114
0.474114
0.479241
0.479768
0.483119
0.483751
0.48465
0.485644
0.485644
0.485921
0.486154
0.486367
0.486367
0.487089
0.487586
0.487808
0.488331
0.488817
0.488956
0.489227
0.489833
0.48994
0.48994
0.490022
0.490266
0.490314
0.490325
0.490331
0.490343
0.490599
0.490654
0.490686
0.490739
0.490782
0.490792
0.490815
0.490942
0.490942
0.490942
0.490972
0.490979
0.490992
0.490996
0.491028
0.491037
0.491043
0.491051
0.491051
0.491058
0.491058
0.491066
0.491073
0.491075
0.491076
0.491083
0.491084
0.491084
0.491088
0.491088
0.491089
0.491091
0.491094
0.491095
0.491096
0.491096
0.491096
0.491097
0.491097
0.491099
0.491099
0.491101
0.491101
0.491101
0.493017
0.493018
0.493018
0.507671
0.507671
0.507671
0.520271
0.520271
0.520271
0.520271
0.520271
0.520271
0.520271
0.52834
0.529923
0.529923
0.538841
0.54222
0.54848
0.54848
0.548915
0.548915
0.554525
0.554525
0.563856
0.563856
0.563856
0.569684
0.569684
0.569684
0.570027
0.570778
0.581721
0.581721
0.581721
0.581721
0.584586
0.590354
0.590354
0.591282
0.591282
0.591625
0.591625
0.592042
0.59231
0.59231
0.59231
0.592897
0.595298
0.596447
0.596447
0.596676
0.596826
0.596826
0.596956
0.596956
0.597474
0.597559
0.59764
0.59764
0.598158
0.59848
0.598655
0.599048
0.599082
0.599303
0.602913
0.602913
0.604531
0.604531
0.604808
0.605254
0.605791
0.605791
0.605849
0.606041
0.606041
0.606041
0.606712
0.606834
0.607074
0.607289
0.607289
0.607529
0.607529
0.607703
0.607703
0.608264
0.608264
0.608623
0.608623
0.609151
0.609521
0.609521
0.609521
0.609782
0.609782
0.609782
0.609864
0.609909
0.609909
0.610023
0.610381
0.610492
0.61056
0.61672
0.61672
0.618295
0.618295
0.624815
0.624815
0.625501
0.626337
0.626337
0.628699
0.631302
0.633255
0.633255
0.637138
0.637138
0.636694
0.637938
0.639159
0.639491
0.640642
0.641912
0.646069
0.647438
0.647438
0.658159
0.657991
0.657991
0.660556
0.660556
0.660556
0.661447
0.661447
0.666517
0.666517
0.666517
0.668749
0.668749
0.669306
0.674093
0.674093
0.675899
0.675899
0.676213
0.676687
0.679631
0.679631
0.679631
0.679631
0.682383
0.682383
0.684355
0.68694
0.688108
0.688108
0.688108
0.690678
0.690678
0.690678
0.690843
0.691002
0.691002
0.691803
0.691803
0.694445
0.694445
0.694445
0.694445
0.695078
0.6952
0.695485
0.695485
0.695485
0.696156
0.696156
0.696156
0.69603
0.696238
0.696238
0.69626
0.696286
0.69658
0.69658
0.696614
0.696656
0.697048
0.696816
0.697432
0.697528
0.697528
0.69757
0.697618
0.69764
0.697661
0.697667
0.698071
0.698071
0.698174
0.698603
0.698603
0.698603
0.698603
0.698603
0.698617
0.698633
0.698645
0.698645
0.698749
0.698902
0.698958
0.699028
0.699028
0.699126
0.699126
0.699137
0.699137
0.699152
0.699155
0.699155
0.699183
0.699183
0.699186
0.699204
0.699204
0.69921
0.699223
0.69922
0.699234
0.699236
0.699261
0.699261
0.699438
0.699438
0.699438
0.699438
0.699455
0.699446
0.699446
0.699446
0.699457
0.699457
0.699459
0.699462
0.699497
0.699513
0.699519
0.699519
0.699526
0.699526
0.699526
0.699533
0.699536
0.699536
0.699539
0.699557
0.699559
0.699552
0.69956
0.699573
0.699573
0.699574
0.699583
0.699592
0.699592
0.699596
0.699596
0.699597
0.699597
0.6996
0.6996
0.699601
0.699602
0.699602
0.69961
0.69961
0.69961
0.699608
0.699612
0.699613
0.699614
0.699614
0.699614
0.699615
0.699617
0.699617
0.69962
0.69962
0.699622
0.699625
0.699627
0.699627
0.699628
0.69963
0.69963
0.69963
0.699632
0.699632
0.699632
0.699632
0.699632
0.699633
0.699633
0.699633
0.699633
0.699634
0.699634
0.699634
0.699634
0.699634
0.699634
0.699634
0.699634
0.699634
0.699634
0.699634
0.699634
0.699636
0.699636
0.699636
0.699636
0.699636
0.699637
0.699637
0.699637
0.699637


0.0224032
0.0238134
0.0238456
0.0244959
0.0250494
0.0259942
0.0260882
0.0265516
0.0280795
0.0283192
0.0286939
0.0288466
0.0304253
0.0304253
0.0304271
0.03124
0.0312566
0.0314244
0.0318116
0.0318116
0.0336408
0.0334179
0.0349824
0.0354734
0.0368284
0.0368362
0.0369639
0.0380671
0.0411645
0.0445701
0.0445701
0.0467305
0.0481332
0.0502489
0.0547018
0.0624948
0.0632733
0.0670943
0.0724975
0.0730344
0.0763559
0.083947
0.0923249
0.0962943
0.10131
0.106376
0.115356
0.11536
0.135798
0.15247
0.187168
0.187734
0.190573
0.209658
0.216474
0.221002
0.263887
0.26748
0.273348
0.280099
0.303658
0.30448
0.333401
0.352621
0.361272
0.36692
0.376686
0.41164
0.432943
0.432943
0.446676
0.461445
0.463245
0.468536
0.495494
0.516494
0.519588
0.519753
0.529479
0.532904
0.532904
0.523211
0.530002
0.532927
0.53824
0.540274
0.540274
0.546051
0.558294
0.56105
0.568825
0.568419
0.568419
0.568553
0.568781
0.572195
0.573975
0.575215
0.57522
0.575902
0.577287
0.578022
0.579026
0.579095
0.579686
0.579686
0.579888
0.580791
0.582266
0.582814
0.583179
0.583552
0.583618
0.58365
0.583891
0.584439
0.584534
0.584592
0.58465
0.584678
0.584713
0.58488
0.58488
0.584897
0.585129
0.585257
0.585345
0.585356
0.585362
0.58542
0.585459
0.585459
0.585484
0.585484
0.585517
0.585568
0.585569
0.585574
0.585587
0.585618
0.585632
0.585647
0.585648
0.585656
0.58566
0.585661
0.585674
0.585676
0.585684
0.585695
0.585698
0.585704
0.585707
0.585707
0.585713
0.585719
0.585719
0.585719
0.585721
0.585721
0.585721
0.585723
0.585725
0.585729
0.585729
0.585731
0.585731
0.585732
0.585732
0.585733
0.585733
0.585733
0.585733
0.585733
0.585734
0.585734
0.585734
0.585734
0.585734
0.585734
0.585735
0.585735
0.585735
0.585735
0.585735
0.585735
0.585735
0.585735
0.585735
0.585735
0.585736
0.585736
0.585736
0.585736
0.585736
0.585736
0.585736
0.585736
0.585736
0.585736
0.585736
0.585736
0.585736
0.585736
0.585736
0.585736
0.585736
0.585736
0.585736
0.585736
0.585736
0.585736
0.585736
0.585736
0.585736
0.585736
0.585736
0.585736
0.585736
0.585736
0.585736
0.585736
0.585736
0.585736
0.585736
0.585736
0.585736
0.585736
0.585736
0.585736
0.585736
0.585736
0.585736
0.585736
0.585736
0.585736
0.585736
0.585736
0.585736
0.585736
0.585736
0.585736
0.585736
0.585736
0.585736
0.585736
0.585736
0.585736
0.585736
0.585736
0.585736
0.585736
0.585736
0.585736
0.585736
0.585736
0.585736
0.585736
0.585736
0.585736
0.585736
0.585736
0.585736
0.585736
0.585736
0.585736
0.585736
0.585736
0.585736
0.585736
0.585736
0.585736
0.585736
0.585736
0.585736
0.585736
0.585736
0.585736
0.585736
0.585736
0.585736
0.585736
0.585736
0.585736
0.585736
0.585736
0.585736
0.585736
0.585736
0.585736
0.585736
0.585736
0.585736
0.585736
0.585736
0.585736
0.585736
0.585736
0.585736
0.585736
0.585736
0.585736
0.585736
0.585736
0.585736
0.585736
0.585736
0.585736
0.585736
0.585736
0.585736
0.585736
0.585736
0.585736
0.585736
0.585736
0.585736
0.585736
0.585736
0.585736
0.585736
0.585736
0.585736
0.585736
0.585736
0.585736
0.585736
0.585736
0.585736
0.585736
0.585736
0.585736
0.585736
0.585736
0.585736
0.585736
0.585736
0.585736
0.585736
0.585736
0.585736
0.585736
0.585736
0.585736
0.585736
0.585736
0.585736
0.585736
0.585736
0.585736
0.585736
0.585736
0.585736
0.585736
0.585736
0.585736
0.585736
0.585736
0.585736
0.585736
0.585736
0.585736
0.585736
0.585736
0.585736
0.585736
0.585736
0.585736
0.585736
0.585736
0.585736
0.585736
0.585736
0.585736
0.585736
0.585736
0.585736
0.585736
0.585736
0.585736
0.585736
0.585736
0.585736
0.585736
0.585736
0.585736
0.585736
0.585736
0.585736
0.585736
0.585736
0.585736
0.585736
0.585736
0.585736
0.585736
0.585736
0.585736
0.585736
0.585736
0.585736
0.585736
0.585736
0.585736
0.585736
0.585736
0.585736
0.585736
0.585736
0.585736
0.585736
0.585736
0.585736
0.585736
0.585736
0.585736
0.585736
0.585736
0.585736
0.585736
0.585736
0.585736
0.585736
0.585736
0.585736
0.585736
0.585736
0.585736
0.585736
0.585736
0.585736
0.585736
0.585736
0.585736
0.585736
0.585736
0.585736
0.585736
0.585736
0.585736
0.585736
0.585736
0.585736
0.585736
0.585736
0.585736
0.585736
0.585736
0.585736
0.585736
0.585736
0.585736
0.585736
0.585736
0.585736
0.585736
0.585736
0.585736
0.585736
0.585736
0.585736
0.585736
0.585736
0.585736
0.585736
0.585736
0.585736
0.585736
0.585736
0.585736
0.585736
0.585736
0.585736
0.585736
0.585736
0.585736
0.585736
0.585736
0.585736
0.585736
0.585736
0.585736
0.585736
0.585736
0.585736
0.585736
0.585736
0.585736
0.585736
0.585736
0.585736
0.585736
0.585736
0.585736
0.585736
0.585736
0.585736
0.585736
0.585736
0.585736


0.0197547
0.0215701
0.0236756
0.0240714
0.0241361
0.0248417
0.0252754
0.0254217
0.0263507
0.026363
0.0267766
0.026698
0.0270105
0.0274028
0.0280711
0.0288367
0.0289764
0.029447
0.0298831
0.0298831
0.0298831
0.0305812
0.0335244
0.0361204
0.0363132
0.0386331
0.0386331
0.0401375
0.040643
0.0446792
0.0446792
0.0467288
0.0490945
0.0502356
0.0548291
0.0548291
0.0578626
0.0578626
0.0579715
0.0653806
0.0662227
0.0658646
0.0665445
0.0684161
0.0708673
0.0739786
0.0776642
0.0776642
0.0908365
0.0912403
0.0957155
0.106826
0.11147
0.112696
0.113521
0.123677
0.128466
0.131656
0.160358
0.160399
0.175042
0.170523
0.170523
0.172193
0.17634
0.17634
0.195161
0.200087
0.22023
0.226611
0.228716
0.229487
0.229983
0.268287
0.287179
0.288535
0.291116
0.291638
0.309159
0.318575
0.332586
0.332586
0.33324
0.338818
0.341688
0.356997
0.379604
0.379869
0.383389
0.414648
0.414648
0.418905
0.421689
0.42179
0.432893
0.435276
0.455782
0.455782
0.463204
0.464282
0.481046
0.499324
0.499324
0.503994
0.503994
0.504027
0.504027
0.506758
0.506758
0.509366
0.519655
0.52078
0.527679
0.527679
0.528949
0.528971
0.530816
0.530816
0.531338
0.532413
0.532871
0.534273
0.53437
0.534457
0.536906
0.536906
0.537247
0.537352
0.537665
0.538769
0.538769
0.539593
0.539684
0.539684
0.539693
0.539987
0.539988
0.540125
0.540188
0.540375
0.540403
0.540451
0.540479
0.540499
0.540581
0.540582
0.540768
0.540792
0.540792
0.540792
0.540816
0.540908
0.540938
0.540938
0.541014
0.541014
0.541023
0.541023
0.541023
0.541023
0.541035
0.541035
0.541909
0.541909
0.542807
0.542808
0.543548
0.543548
0.54355
0.544628
0.546464
0.546465
0.548284
0.561277
0.561537
0.564547
0.564547
0.564548
0.568557
0.568559
0.569357
0.574911
0.574911
0.592349
0.592349
0.592715
0.592715
0.595665
0.59727
0.602047
0.605152
0.620594
0.620594
0.620594
0.620594
0.620594
0.631489
0.631489
0.632268
0.632467
0.632829
0.626493
0.639912
0.649259
0.650476
0.650476
0.658641
0.658641
0.658641
0.662376
0.676586
0.676828
0.679452
0.684705
0.685456
0.685456
0.685456
0.685456
0.685456
0.685456
0.685456
0.680739
0.693029
0.693029
0.693029
0.693029
0.694523
0.694523
0.695301
0.695403
0.695578
0.695578
0.697724
0.700623
0.700623
0.707978
0.707978
0.709892
0.709892
0.710621
0.710621
0.710756
0.710756
0.710756
0.711801
0.711801
0.711801
0.7121
0.7121
0.712147
0.71266
0.712889
0.713135
0.713135
0.713626
0.713626
0.713626
0.713626
0.713717
0.713871
0.713957
0.714403
0.714403
0.714403
0.714454
0.714546
0.714563
0.714596
0.714678
0.714754
0.714779
0.714715
0.714778
0.714818
0.714848
0.714848
0.714878
0.714945
0.714959
0.714959
0.71506
0.71506
0.71506
0.71506
0.715101
0.715101
0.715101
0.715134
0.715134
0.715134
0.715145
0.715154
0.715154
0.715158
0.715167
0.715181
0.715181
0.715183
0.715183
0.715196
0.715196
0.715198
0.72081
0.725865
0.729898
0.730701
0.730701
0.738553
0.742283
0.747482
0.747482
0.747464
0.747464
0.769101
0.769101
0.769101
0.769101
0.771546
0.771546
0.771546
0.779187
0.782047
0.782131
0.786365
0.786365
0.786394
0.793873
0.794826
0.794826
0.795224
0.795413
0.795493
0.796011
0.796973
0.797047
0.799689
0.799689
0.800875
0.800875
0.801067
0.801067
0.802803
0.802848
0.802848
0.802848
0.803073
0.803163
0.803511
0.80361
0.80361
0.805999
0.805999
0.805999
0.807558
0.808743
0.808743
0.809484
0.811096
0.811096
0.811096
0.812935
0.813378
0.813378
0.813458
0.813758
0.815013
0.815013
0.815013
0.815013
0.815111
0.815237
0.815237
0.815237
0.815237
0.815237
0.815246
0.816494
0.816673
0.816673
0.8169
0.81777
0.817715
0.817715
0.817879
0.81802
0.81802
0.818369
0.818369
0.818416
0.818416
0.818445
0.818479
0.818479
0.818482
0.818524
0.818585
0.818593
0.818593
0.818607
0.818607
0.81861
0.81861
0.818617
0.818677
0.818677
0.818718
0.818777
0.818777
0.818812
0.818845
0.818901
0.81892
0.818954
0.818954
0.818998
0.818998
0.819024
0.819024
0.819052
0.819146
0.819146
0.819159
0.819208
0.819257
0.819257
0.819257
0.81927
0.819282
0.819282
0.819332
0.819332
0.819332
0.819382
0.819397
0.819397
0.819403
0.819433
0.819433
0.819433
0.819433
0.819433
0.819471
0.819471
0.819471
0.819471
0.819477
0.819477
0.819477
0.819485
0.819485
0.819485
0.819486
0.819486
0.819486
0.819486
0.819486
0.819486
0.819486
0.819486
0.819486
0.819487
0.819495
0.819498
0.819498
0.819499
0.819499
0.8195
0.8195
0.819501
0.819502
0.819511
0.819511
0.819511
0.819513
0.819515
0.819515
0.819515
0.819515
0.819515
0.819516
0.819516
0.819516
0.819517
0.819517
0.819518
0.819518
0.819518
0.819519
0.81952
0.81952
0.819523
0.819522
0.819524
0.819524
0.819524
0.819524
0.819524
0.819524
0.819525
0.819525


0.0224686
0.0234524
0.0242857
0.0246248
0.0252504
0.0261369
0.0271793
0.0272227
0.0277236
0.0280006
0.0283421
0.0287991
0.0291227
0.0294619
0.0296017
0.0299572
0.0299576
0.0300229
0.0302796
0.0303032
0.0303035
0.031363
0.03139
0.0319003
0.0319003
0.0326751
0.0327317
0.0327834
0.0333316
0.0338744
0.03594
0.0371302
0.0377003
0.038616
0.038616
0.0390968
0.0412925
0.0413617
0.0438396
0.0474256
0.0481689
0.0457492
0.0461325
0.0472765
0.0476418
0.0529799
0.0563628
0.0588116
0.0596884
0.0617894
0.0639688
0.0663106
0.069843
0.0831543
0.0831543
0.0901353
0.0957272
0.105076
0.108286
0.108427
0.110934
0.110967
0.119183
0.126526
0.129561
0.135653
0.139605
0.142126
0.167683
0.172375
0.172375
0.173236
0.177883
0.201264
0.203548
0.21135
0.21135
0.214768
0.218525
0.235189
0.24375
0.24375
0.257094
0.257094
0.257658
0.26022
0.265046
0.265046
0.266397
0.271821
0.274473
0.278735
0.279933
0.283327
0.284798
0.289838
0.290667
0.290667
0.290667
0.291274
0.291274
0.291867
0.292331
0.29244
0.292654
0.292974
0.293366
0.293526
0.294067
0.294599
0.295153
0.295295
0.295887
0.295946
0.296454
0.296465
0.29688
0.29688
0.297005
0.297064
0.297106
0.297332
0.29734
0.297341
0.297477
0.297572
0.297573
0.297648
0.297936
0.29802
0.298067
0.29809
0.298112
0.298149
0.298239
0.298253
0.298255
0.298359
0.298365
0.298475
0.298475
0.298528
0.298535
0.298623
0.298623
0.298658
0.298658
0.298658
0.298677
0.298685
0.298685
0.298685
0.298701
0.298705
0.29871
0.29871
0.298711
0.298712
0.298719
0.298719
0.298731
0.298732
0.298734
0.298735
0.298735
0.298742
0.298743
0.298743
0.298745
0.298745
0.298747
0.298747
0.298747
0.298748
0.298749
0.298749
0.298749
0.298749
0.298749
0.298749
0.29875
0.29875
0.29875
0.29875
0.29875
0.29875
0.29875
0.29875
0.29875
0.298751
0.298751
0.298751
0.298751
0.298751
0.298751
0.298751
0.298751
0.298751
0.298751
0.298751
0.298751
0.298751
0.298751
0.298751
0.298751
0.298751
0.298751
0.298751
0.298751
0.298751
0.298751
0.298751
0.298751
0.298751
0.298751
0.298751
0.298751
0.298751
0.298751
0.298751
0.298751
0.298751
0.298751
0.298751
0.298751
0.298751
0.298751
0.298751
0.298751
0.298751
0.298751
0.298751
0.298751
0.298751
0.298751
0.298751
0.298751
0.298751
0.298751
0.298751
0.298751
0.298751
0.298751
0.298751
0.298751
0.298751
0.298751
0.298751
0.298751
0.298751
0.298751
0.298751
0.298751
0.298751
0.298751
0.298751
0.298751
0.298751
0.298751
0.298751
0.298751
0.298751
0.298751
0.298751
0.298751
0.298751
0.298751
0.298751
0.298751
0.298751
0.298751
0.298751
0.298751
0.298751
0.298751
0.298751
0.298751
0.298751
0.298751
0.298751
0.298751
0.298751
0.298751
0.298751
0.298751
0.298751
0.298751
0.298751
0.298751
0.298751
0.298751
0.298751
0.298751
0.298751
0.298751
0.298751
0.298751
0.298751
0.298751
0.298751
0.298751
0.298751
0.298751
0.298751
0.298751
0.298751
0.298751
0.298751
0.298751
0.298751
0.298751
0.298751
0.298751
0.298751
0.298751
0.298751
0.298751
0.298751
0.298751
0.298751
0.298751
0.298751
0.298751
0.298751
0.298751
0.298751
0.298751
0.298751
0.298751
0.298751
0.298751
0.298751
0.298751
0.298751
0.298751
0.298751
0.298751
0.298751
0.298751
0.298751
0.298751
0.298751
0.298751
0.298751
0.298751
0.298751
0.298751
0.298751
0.298751
0.298751
0.298751
0.298751
0.298751
0.298751
0.298751
0.298751
0.298751
0.298751
0.298751
0.298751
0.298751
0.298751
0.298751
0.298751
0.298751
0.298751
0.298751
0.298751
0.298751
0.298751
0.298751
0.298751
0.298751
0.298751
0.298751
0.298751
0.298751
0.298751
0.298751
0.298751
0.298751
0.298751
0.298751
0.298751
0.298751
0.298751
0.298751
0.298751
0.298751
0.298751
0.298751
0.298039
0.298751
0.298751
0.298751
0.298751
0.298751
0.298751
0.298751
0.298751
0.298751
0.298751
0.298751
0.298751
0.298751
0.298751
0.298751
0.298751
0.298751
0.298751
0.298751
0.298751
0.298751
0.298751
0.298751
0.298751
0.298751
0.298751
0.298751
0.298751
0.298751
0.298751
0.298751
0.298751
0.298751
0.298751
0.298751
0.298751
0.298751
0.298751
0.298751
0.298751
0.298751
0.298751
0.298751
0.298751
0.298751
0.298751
0.298751
0.298751
0.298751
0.298751
0.298751
0.298751
0.298751
0.298751
0.298751
0.298751
0.298751
0.298751
0.298751
0.298751
0.298751
0.298751
0.298751
0.298751
0.298751
0.298751
0.298751
0.298751
0.298751
0.298751
0.298751
0.298751
0.298751
0.298751
0.298751
0.298751
0.298751
0.298751
0.298751
0.298751
0.298751
0.298751
0.298751
0.298751
0.298751
0.298751
0.298751
0.298751
0.298751
0.298751
0.298751
0.298751
0.298751
0.298751
0.298751
0.298751
0.298751
0.298751
0.298751
0.298751
0.298751
0.298751
0.298751
0.298751
0.298751
0.298751
0.298751
0.298751


0.0157755
0.0172991
0.017632
0.0189861
0.0189864
0.0192589
0.0193784
0.01956
0.0197454
0.0199439
0.0199471
0.0199534
0.0204704
0.0204878
0.0205124
0.0207748
0.0217284
0.0217378
0.0219213
0.0223948
0.0224309
0.0232226
0.0237202
0.0237339
0.023864
0.0247057
0.024893
0.0249041
0.0305896
0.0305896
0.0309855
0.030993
0.0337549
0.0337549
0.0369702
0.0369702
0.0380831
0.0421468
0.0421829
0.042793
0.0461704
0.0461704
0.0515777
0.052388
0.0533666
0.0533666
0.0541405
0.0606783
0.0660374
0.0663423
0.0666939
0.0695389
0.0698581
0.0720372
0.0752429
0.0822892
0.0912051
0.0928983
0.094124
0.094124
0.094124
0.0970663
0.101146
0.13865
0.13865
0.157012
0.174336
0.174336
0.174343
0.194236
0.196359
0.197868
0.223866
0.227986
0.23351
0.235331
0.250039
0.258081
0.270062
0.27468
0.275352
0.297252
0.303154
0.313022
0.322106
0.326336
0.331713
0.337615
0.364784
0.364784
0.364784
0.38513
0.38513
0.429116
0.430607
0.464407
0.469641
0.491404
0.497011
0.508225
0.508225
0.53059
0.533128
0.533128
0.560125
0.561142
0.574013
0.574013
0.578941
0.590741
0.590741
0.593978
0.61179
0.612343
0.617702
0.618358
0.620524
0.631044
0.633091
0.641315
0.641564
0.64227
0.645444
0.646938
0.649022
0.658327
0.660887
0.661941
0.662449
0.662659
0.664329
0.664344
0.665193
0.665584
0.665584
0.666302
0.666677
0.667505
0.667811
0.667936
0.668569
0.669284
0.669749
0.669749
0.669878
0.670189
0.67021
0.670648
0.670775
0.671125
0.671129
0.671098
0.671118
0.671195
0.671221
0.671221
0.671321
0.671328
0.671452
0.67157
0.671703
0.671779
0.67183
0.671832
0.671851
0.671872
0.671882
0.671957
0.671972
0.671975
0.671994
0.672011
0.672026
0.672026
0.672034
0.672058
0.672074
0.672079
0.672079
0.672091
0.672093
0.672093
0.672099
0.672103
0.672103
0.672108
0.672108
0.672109
0.672109
0.67211
0.67211
0.672111
0.672111
0.672112
0.672113
0.672113
0.672113
0.672113
0.672114
0.672115
0.672115
0.672116
0.672116
0.672116
0.672116
0.672116
0.672117
0.672117
0.672117
0.672117
0.672117
0.672117
0.672117
0.672117
0.672117
0.672117
0.672117
0.672117
0.672117
0.672118
0.672118
0.672118
0.672118
0.672118
0.672118
0.672118
0.672118
0.672118
0.672118
0.672118
0.672118
0.672118
0.672118
0.672118
0.672118
0.672118
0.672118
0.672118
0.672118
0.672118
0.672118
0.672118
0.672118
0.672118
0.672118
0.672118
0.672118
0.672118
0.672118
0.672118
0.672118
0.672118
0.672118
0.672118
0.672118
0.672118
0.672118
0.672118
0.672118
0.672118
0.672118
0.672118
0.672118
0.672118
0.672118
0.672118
0.672118
0.672118
0.672118
0.672118
0.672118
0.672118
0.672118
0.672118
0.672118
0.672118
0.672118
0.672118
0.672118
0.672118
0.672118
0.672118
0.672118
0.672118
0.672118
0.672118
0.672118
0.672118
0.672118
0.672118
0.672118
0.672118
0.672118
0.672118
0.672118
0.672118
0.672118
0.672118
0.672118
0.672118
0.672118
0.672118
0.672118
0.672118
0.672118
0.672118
0.672118
0.672118
0.672118
0.672118
0.672118
0.672118
0.672118
0.672118
0.672118
0.672118
0.672118
0.672118
0.672118
0.672118
0.672118
0.672118
0.672118
0.672118
0.672118
0.672118
0.672118
0.672118
0.672118
0.672118
0.672118
0.672118
0.672118
0.672118
0.672118
0.672118
0.672118
0.672118
0.672118
0.672118
0.672118
0.672118
0.672118
0.672118
0.672118
0.672118
0.672118
0.672118
0.672118
0.672118
0.672118
0.672118
0.672118
0.672118
0.672118
0.672118
0.672118
0.672118
0.672118
0.672118
0.672118
0.672118
0.672118
0.672118
0.672118
0.672118
0.672118
0.672118
0.672118
0.672118
0.672118
0.672118
0.672118
0.672118
0.672118
0.672118
0.672118
0.672118
0.672118
0.672118
0.672118
0.672118
0.672118
0.672118
0.672118
0.672118
0.672118
0.672118
0.672118
0.672118
0.672118
0.672118
0.672118
0.672118
0.672118
0.672118
0.672118
0.672118
0.672118
0.672118
0.672118
0.672118
0.672118
0.672118
0.672118
0.672118
0.672118
0.672118
0.672118
0.672118
0.672118
0.672118
0.672118
0.672118
0.672118
0.672118
0.672118
0.672118
0.672118
0.672118
0.672118
0.672118
0.672118
0.672118
0.672118
0.672118
0.672118
0.672118
0.672118
0.672118
0.672118
0.672118
0.672118
0.672118
0.672118
0.672118
0.672118
0.672118
0.672118
0.672118
0.672118
0.672118
0.672118
0.672118
0.672118
0.672118
0.672118
0.672118
0.672118
0.672118
0.672118
0.672118
0.672118
0.672118
0.672118
0.672118
0.672118
0.672118
0.672118
0.672118
0.672118
0.672118
0.672118
0.672118
0.672118
0.672118
0.672118
0.672118
0.672118
0.672118
0.672118
0.672118
0.672118
0.672118
0.672118
0.672118
0.672118
0.672118
0.672118
0.672118
0.672118
0.672118
0.672118
0.672118
0.672118
0.672118
0.672118
0.672118
0.672118
0.672118
0.672118
0.672118
0.672118
0.672118
0.672118
0.672118
0.672118
0.672118
0.672118
0.672118


0.0210306
0.0213356
0.0229381
0.02317
0.0240633
0.024541
0.0246904
0.0251061
0.025147
0.0258505
0.0261956
0.0263292
0.0267105
0.026955
0.0272304
0.0274396
0.02762
0.0276302
0.0279016
0.0280181
0.0301295
0.0292006
0.0294185
0.0302798
0.0325591
0.0355102
0.0355102
0.035797
0.0364742
0.0386403
0.0388419
0.038922
0.0399334
0.0421871
0.0489524
0.04995
0.0567349
0.0577987
0.0586787
0.0595804
0.0641991
0.0646796
0.0788878
0.0803039
0.0845394
0.0846102
0.0910962
0.0921694
0.0921835
0.0944906
0.100872
0.106502
0.134808
0.139089
0.146981
0.147803
0.155712
0.172839
0.173505
0.212606
0.216977
0.215753
0.217645
0.2297
0.239116
0.272393
0.275753
0.279379
0.281669
0.312132
0.316908
0.32087
0.332976
0.350312
0.374676
0.390321
0.390654
0.404299
0.428706
0.468783
0.468783
0.48193
0.488538
0.494987
0.515844
0.534402
0.53641
0.542618
0.555093
0.563251
0.5653
0.562924
0.589912
0.597713
0.597713
0.607063
0.618145
0.619922
0.636159
0.646842
0.648871
0.650531
0.659535
0.659658
0.66361
0.668203
0.673111
0.673111
0.673392
0.675428
0.676657
0.679104
0.67927
0.67927
0.680765
0.683942
0.689524
0.689683
0.690145
0.690258
0.692157
0.693196
0.693247
0.693433
0.694968
0.694968
0.694968
0.696233
0.696686
0.696981
0.697515
0.697556
0.698238
0.699324
0.699324
0.699761
0.699761
0.6998
0.699978
0.700042
0.700042
0.700392
0.700397
0.70046
0.700462
0.700485
0.700541
0.700671
0.700686
0.700735
0.700759
0.700777
0.700821
0.700828
0.700866
0.700882
0.700894
0.700973
0.700982
0.701009
0.701025
0.701024
0.701047
0.701048
0.701057
0.701074
0.701117
0.701117
0.70112
0.70112
0.70113
0.701138
0.701145
0.70115
0.70115
0.701155
0.701158
0.701159
0.701164
0.701165
0.701165
0.701166
0.701168
0.701171
0.701171
0.701172
0.701175
0.701177
0.701178
0.701181
0.701181
0.701181
0.701181
0.701183
0.701183
0.701183
0.701184
0.701185
0.701185
0.701186
0.701186
0.701186
0.701186
0.701186
0.701186
0.701186
0.701186
0.701186
0.701187
0.701187
0.701187
0.701187
0.701187
0.701187
0.701187
0.701187
0.701188
0.701188
0.701188
0.701188
0.701188
0.701188
0.701188
0.701188
0.701188
0.701188
0.701188
0.701188
0.701188
0.701188
0.701188
0.701188
0.701188
0.701188
0.701188
0.701188
0.701188
0.701188
0.701188
0.701188
0.701188
0.701188
0.701188
0.701188
0.701188
0.701188
0.701188
0.701188
0.701188
0.701188
0.701188
0.701188
0.701188
0.701188
0.701188
0.701188
0.701188
0.701188
0.701188
0.701188
0.701188
0.701188
0.701188
0.701188
0.701188
0.701188
0.701188
0.701188
0.701188
0.701188
0.701188
0.701188
0.701188
0.701188
0.701188
0.701188
0.701188
0.701188
0.701188
0.701188
0.701188
0.701188
0.701188
0.701188
0.701188
0.701188
0.701188
0.701188
0.701188
0.701188
0.701188
0.701188
0.701188
0.701188
0.701188
0.701188
0.701188
0.701188
0.701188
0.701188
0.701188
0.701188
0.701188
0.701188
0.701188
0.701188
0.701188
0.701188
0.701188
0.701188
0.701188
0.701188
0.701188
0.701188
0.701188
0.701188
0.701188
0.701188
0.701188
0.701188
0.701188
0.701188
0.701188
0.701188
0.701188
0.701188
0.701188
0.701188
0.701188
0.701188
0.701188
0.701188
0.701188
0.701188
0.701188
0.701188
0.701188
0.701188
0.701188
0.701188
0.701188
0.701188
0.701188
0.701188
0.701188
0.701188
0.701188
0.701188
0.701188
0.701188
0.701188
0.701188
0.701188
0.701188
0.701188
0.701188
0.701188
0.701188
0.701188
0.701188
0.701188
0.701188
0.701188
0.701188
0.701188
0.701188
0.701188
0.701188
0.701188
0.701188
0.701188
0.701188
0.701188
0.701188
0.701188
0.701188
0.701188
0.701188
0.701188
0.701188
0.701188
0.701188
0.701188
0.701188
0.701188
0.701188
0.701188
0.701188
0.701188
0.701188
0.701188
0.701188
0.701188
0.701188
0.701188
0.701188
0.701188
0.701188
0.701188
0.701188
0.701188
0.700952
0.701188
0.701188
0.701188
0.701188
0.701188
0.701188
0.701188
0.701188
0.701188
0.701188
0.701188
0.701188
0.701188
0.701188
0.701188
0.701188
0.701188
0.701188
0.701188
0.701188
0.701188
0.701188
0.701188
0.701188
0.701188
0.701188
0.701188
0.701188
0.701188
0.701188
0.701188
0.701188
0.701188
0.701188
0.701188
0.701188
0.701188
0.701188
0.701188
0.701188
0.701188
0.701188
0.701188
0.701188
0.701188
0.701188
0.701188
0.701188
0.701188
0.701188
0.701188
0.701188
0.701188
0.701188
0.701188
0.701188
0.701188
0.701188
0.701188
0.690954
0.701188
0.701188
0.701188
0.701188
0.701188
0.701188
0.701188
0.701188
0.701188
0.701188
0.701188
0.701188
0.701188
0.701188
0.701188
0.701188
0.701188
0.701188
0.701188
0.701188
0.701188
0.701188
0.701188
0.701188
0.701188
0.701188
0.701188
0.701188
0.701188
0.701188
0.701188
0.701188
0.701188
0.701188
0.701188
0.701188
0.701188
0.701188


0.0200982
0.0224578
0.0239018
0.0244613
0.0256215
0.0272957
0.0280296
0.0281753
0.0281753
0.028724
0.0291179
0.0293136
0.0293566
0.0297087
0.0305133
0.0316824
0.031683
0.0318359
0.0329038
0.0330918
0.0332797
0.0352098
0.0352537
0.0352537
0.0369495
0.03711
0.0399897
0.0413108
0.0413405
0.0431097
0.0455462
0.0509771
0.0520386
0.0620657
0.0629658
0.0649966
0.0666717
0.0761866
0.0782954
0.0798794
0.0827792
0.0850407
0.0878082
0.0902906
0.0969521
0.099697
0.102101
0.106431
0.107925
0.111193
0.11541
0.114311
0.1242
0.13316
0.133706
0.138655
0.139411
0.142537
0.148298
0.149927
0.149927
0.156568
0.15892
0.158977
0.161196
0.164596
0.166402
0.168413
0.173766
0.176557
0.176601
0.178808
0.181749
0.181749
0.181749
0.182834
0.182834
0.184148
0.184718
0.185833
0.186183
0.186721
0.18737
0.187575
0.187651
0.188591
0.189158
0.189179
0.189257
0.189309
0.189353
0.189432
0.189501
0.189742
0.189784
0.189838
0.189923
0.190005
0.190043
0.190068
0.190085
0.190148
0.190204
0.190307
0.190415
0.19042
0.19042
0.190429
0.190434
0.190434
0.190456
0.19048
0.190524
0.190562
0.190564
0.190566
0.190566
0.190577
0.190579
0.190584
0.190587
0.19059
0.190594
0.190603
0.190603
0.190607
0.190608
0.190612
0.190613
0.190614
0.190616
0.190618
0.190619
0.19062
0.190622
0.190622
0.190623
0.190623
0.190623
0.190624
0.190625
0.190625
0.190625
0.190626
0.190626
0.190626
0.190626
0.190627
0.190627
0.190627
0.190627
0.190627
0.190628
0.190628
0.190628
0.190628
0.190628
0.190628
0.190628
0.190628
0.190628
0.190628
0.190628
0.190628
0.190628
0.190628
0.190628
0.190629
0.190629
0.190629
0.190629
0.190629
0.190629
0.190629
0.190629
0.190629
0.190629
0.190629
0.190629
0.190629
0.190629
0.190629
0.190629
0.190629
0.190629
0.190629
0.190629
0.190629
0.190629
0.190629
0.190629
0.190629
0.190629
0.190629
0.190629
0.190629
0.190629
0.190629
0.190629
0.190629
0.190629
0.190629
0.190629
0.190629
0.190629
0.190629
0.190629
0.190629
0.190629
0.190629
0.190629
0.190629
0.190629
0.190629
0.190629
0.190629
0.190629
0.190629
0.190629
0.190629
0.190629
0.190629
0.190629
0.190629
0.190629
0.190629
0.190629
0.190629
0.190629
0.190629
0.190629
0.190629
0.190629
0.190629
0.190629
0.190629
0.190629
0.190629
0.190629
0.190629
0.190629
0.190629
0.190629
0.190629
0.190629
0.190629
0.190629
0.190629
0.190629
0.190629
0.190629
0.190629
0.190629
0.190629
0.190629
0.190629
0.190629
0.190629
0.190629
0.190629
0.190629
0.190629
0.190629
0.190629
0.190629
0.190629
0.190629
0.190629
0.190629
0.190629
0.190629
0.190629
0.190629
0.190629
0.190629
0.190629
0.190629
0.190629
0.190629
0.190629
0.190629
0.190629
0.190629
0.190629
0.190629
0.190629
0.190629
0.190629
0.190629
0.190629
0.190629
0.190629
0.190629
0.190629
0.190629
0.190629
0.190629
0.190629
0.190629
0.190629
0.190629
0.190629
0.190629
0.190629
0.190629
0.190629
0.190629
0.190629
0.190629
0.190629
0.190629
0.190629
0.190629
0.190629
0.190629
0.190629
0.190629
0.190629
0.190629
0.190629
0.190629
0.190629
0.190629
0.190629
0.190629
0.190629
0.190629
0.190629
0.190629
0.190629
0.190629
0.190629
0.190629
0.190629
0.190629
0.190629
0.190629
0.190629
0.190629
0.190629
0.190629
0.190629
0.190629
0.190629
0.190629
0.190629
0.190629
0.190629
0.190629
0.190629
0.190629
0.190629
0.190629
0.190629
0.190629
0.190629
0.190629
0.190629
0.190629
0.190629
0.190629
0.190629
0.190629
0.190629
0.190629
0.190629
0.190629
0.190629
0.190629
0.190629
0.190629
0.190629
0.190629
0.190629
0.190629
0.190629
0.190629
0.190629
0.190629
0.190629
0.190629
0.190629
0.190629
0.190629
0.190629
0.190629
0.190629
0.190629
0.190629
0.190629
0.190629
0.190629
0.190629
0.190629
0.190629
0.190629
0.190629
0.190629
0.190629
0.190629
0.190629
0.190629
0.190629
0.190629
0.190629
0.190629
0.190629
0.190629
0.190629
0.190629
0.190629
0.190629
0.190629
0.190629
0.190629
0.190629
0.190629
0.190629
0.190629
0.190629
0.190629
0.190629
0.190629
0.190629
0.190629
0.190629
0.190629
0.190629
0.190629
0.190629
0.190629
0.190629
0.190629
0.190629
0.190629
0.190629
0.190629
0.190629
0.190629
0.190629
0.190629
0.190629
0.190629
0.190629
0.190629
0.190629
0.190629
0.190629
0.190629
0.190629
0.190629
0.190629
0.190629
0.190629
0.190629
0.190629
0.190629
0.190629
0.190629
0.190629
0.190629
0.190629
0.190629
0.190629
0.190629
0.190629
0.190629
0.190629
0.190629
0.190629
0.190629
0.190629
0.190629
0.190629
0.190629
0.190629
0.190629
0.190629
0.190629
0.190629
0.190629
0.190629
0.190629
0.190629
0.190629
0.190629
0.190629
0.190629
0.190629
0.190629
0.190629
0.190629
0.190629
0.190629
0.190629
0.190629
0.190629
0.190629
0.190629
0.190629


0.018588
0.0208507
0.0219301
0.0228311
0.0234487
0.0236071
0.0243611
0.0243611
0.0243935
0.0245376
0.0246361
0.0253156
0.025842
0.0262765
0.026286
0.026286
0.026667
0.0274584
0.0275072
0.0275891
0.0306881
0.0342844
0.0344402
0.0344402
0.0375361
0.0375361
0.0398551
0.0414099
0.0430751
0.0430751
0.0467559
0.0489264
0.0492528
0.0518728
0.0592859
0.0594786
0.0600897
0.0645986
0.0726509
0.0916182
0.0965257
0.0974163
0.117893
0.117893
0.127171
0.130003
0.13338
0.141721
0.145407
0.175626
0.175626
0.184877
0.201614
0.210108
0.218301
0.22612
0.24673
0.293095
0.295056
0.295056
0.325163
0.325163
0.327006
0.329985
0.347567
0.354215
0.376428
0.381681
0.391255
0.395917
0.395917
0.411823
0.414197
0.424931
0.431192
0.436518
0.438701
0.442984
0.45116
0.451365
0.459125
0.463455
0.464353
0.471698
0.474125
0.475981
0.477318
0.477952
0.481616
0.481913
0.482818
0.483194
0.484569
0.484598
0.485791
0.486332
0.487486
0.487486
0.489104
0.489244
0.489334
0.490154
0.490154
0.490522
0.490864
0.491032
0.49151
0.491672
0.491957
0.492037
0.492205
0.492451
0.492634
0.492634
0.49266
0.492673
0.492747
0.492772
0.492836
0.492874
0.492906
0.492966
0.493057
0.493148
0.493178
0.493192
0.49326
0.493268
0.493277
0.493286
0.4933
0.493314
0.493332
0.49334
0.493348
0.493365
0.493377
0.493379
0.493398
0.493406
0.493418
0.493419
0.493422
0.493424
0.493426
0.493431
0.493434
0.493437
0.493441
0.493442
0.493446
0.493448
0.493449
0.493453
0.493454
0.493455
0.493457
0.493457
0.493459
0.49346
0.493461
0.493461
0.493461
0.493462
0.493462
0.493462
0.493462
0.493463
0.493463
0.493463
0.493463
0.493464
0.493465
0.493465
0.493465
0.493465
0.493465
0.493465
0.493466
0.493466
0.493466
0.493466
0.493466
0.493466
0.493466
0.493466
0.493466
0.493466
0.493466
0.493466
0.493466
0.493466
0.493466
0.493466
0.493466
0.493466
0.493466
0.493466
0.493466
0.493466
0.493466
0.493466
0.493466
0.493466
0.493466
0.493466
0.493466
0.493466
0.493466
0.493466
0.493466
0.493466
0.493466
0.493466
0.493466
0.493466
0.493466
0.493466
0.493466
0.493466
0.493466
0.493466
0.493466
0.493466
0.493466
0.493466
0.493466
0.493466
0.493466
0.493466
0.493466
0.493466
0.493466
0.493466
0.493466
0.493466
0.493466
0.493466
0.493466
0.493466
0.493466
0.493466
0.493466
0.493466
0.493466
0.493466
0.493466
0.493466
0.493466
0.493466
0.493466
0.493466
0.493466
0.493466
0.493466
0.493466
0.493466
0.493466
0.493466
0.493466
0.493466
0.493466
0.493466
0.493466
0.493466
0.493466
0.493466
0.493466
0.493466
0.493466
0.493466
0.493466
0.493466
0.493466
0.493466
0.493466
0.493466
0.493466
0.493466
0.493466
0.493466
0.493466
0.493466
0.493466
0.493466
0.493466
0.493466
0.493466
0.493466
0.493466
0.493466
0.493466
0.493466
0.493466
0.500528
0.501102
0.502396
0.502396
0.502396
0.503402
0.503402
0.506751
0.506911
0.507672
0.5087
0.510209
0.510936
0.510936
0.511719
0.512126
0.512561
0.513127
0.513373
0.517045
0.517915
0.520197
0.520197
0.520748
0.521309
0.521309
0.521309
0.521272
0.522387
0.523257
0.523552
0.523923
0.523923
0.523923
0.52396
0.524039
0.524054
0.524365
0.525883
0.527375
0.527399
0.528119
0.528119
0.528119
0.529402
0.529426
0.529426
0.530265
0.530286
0.532208
0.532208
0.532208
0.532208
0.532208
0.532414
0.532414
0.53245
0.532774
0.533008
0.533072
0.53308
0.53308
0.533662
0.533662
0.533662
0.534366
0.535029
0.535029
0.535029
0.536135
0.536135
0.536359
0.536683
0.536683
0.536683
0.53678
0.536827
0.536924
0.536948
0.537035
0.537126
0.537169
0.537303
0.537605
0.537749
0.537774
0.537934
0.537954
0.537954
0.538061
0.538061
0.538061
0.53817
0.538225
0.538309
0.538309
0.538309
0.538513
0.538981
0.538981
0.538981
0.538981
0.538981
0.539014
0.539021
0.539036
0.539145
0.539146
0.539177
0.539189
0.539266
0.539283
0.539287
0.539311
0.539374
0.539374
0.539409
0.539417
0.539457
0.539461
0.539461
0.539461
0.539471
0.539471
0.539474
0.53948
0.539483
0.539489
0.539494
0.5395
0.53951
0.53951
0.53951
0.539529
0.539562
0.539562
0.539581
0.539569
0.539579
0.539582
0.539588
0.53959
0.539611
0.539611
0.539611
0.539611
0.539611
0.539612
0.539621
0.539622
0.539636
0.539636
0.539636
0.539636
0.539636
0.539637
0.539641
0.539641
0.539643
0.539643
0.539645
0.539645
0.539645
0.539647
0.539648
0.539649
0.539652
0.539628
0.539653
0.539656
0.539659
0.53966
0.539661
0.539661
0.539663
0.539664
0.539669
0.539673
0.539673
0.539676
0.539676
0.53968
0.539681
0.539684
0.539684
0.539684
0.539684
0.539684
0.539685
0.539685
0.539686
0.539686
0.539688
0.539688
0.539688
0.539689
0.53969
0.53969
0.539691
0.539691
0.539691
0.539691
0.539691
0.539691
0.539691
0.539691


0.031185
0.0313714
0.0333725
0.0358573
0.0376287
0.0378605
0.0379158
0.0387796
0.0392228
0.0392683
0.0419416
0.0425649
0.0465041
0.0465232
0.0466525
0.047236
0.0474498
0.0482191
0.048648
0.0487549
0.050923
0.0528239
0.0554195
0.0554195
0.0568359
0.0588308
0.0603189
0.0607115
0.0639002
0.0660526
0.0660789
0.0693624
0.0788222
0.0788222
0.0810996
0.081308
0.0921229
0.0927606
0.0927606
0.100311
0.101576
0.105729
0.105729
0.108575
0.129491
0.143731
0.143731
0.145767
0.150546
0.159548
0.160792
0.167488
0.168683
0.190804
0.195076
0.199227
0.218417
0.23261
0.238104
0.244039
0.252985
0.268115
0.289089
0.290987
0.290987
0.297032
0.300423
0.307157
0.316629
0.324248
0.332345
0.331974
0.335364
0.33558
0.338874
0.342731
0.348183
0.358089
0.363826
0.364142
0.371461
0.428346
0.430412
0.463707
0.463707
0.478342
0.479249
0.492033
0.492033
0.492869
0.500615
0.508618
0.537307
0.538661
0.538753
0.538753
0.539281
0.53963
0.540997
0.541278
0.542086
0.576473
0.576722
0.590359
0.592013
0.592091
0.592108
0.592138
0.600154
0.600157
0.600157
0.605223
0.605291
0.606471
0.616324
0.619434
0.633342
0.636246
0.641682
0.6417
0.641701
0.641621
0.644305
0.644326
0.645565
0.646202
0.647954
0.649191
0.64922
0.650922
0.657385
0.652243
0.66028
0.660291
0.660291
0.660294
0.660804
0.661691
0.661995
0.663649
0.663651
0.664498
0.664499
0.664499
0.664913
0.664914
0.665126
0.665439
0.66568
0.665856
0.665856
0.666021
0.666191
0.666221
0.666375
0.666546
0.666546
0.666569
0.666607
0.666608
0.666689
0.666738
0.666814
0.666846
0.666997
0.666997
0.666998
0.666999
0.667069
0.667069
0.667096
0.667063
0.667084
0.66711
0.66711
0.667114
0.667199
0.667231
0.667231
0.667265
0.667276
0.66729
0.667296
0.667343
0.667359
0.667359
0.667359
0.667359
0.667363
0.66738
0.66738
0.66738
0.66738
0.667381
0.667404
0.667404
0.667428
0.667438
0.66744
0.667442
0.667442
0.667443
0.667443
0.667443
0.667446
0.667446
0.66745
0.66745
0.667451
0.667452
0.667452
0.667452
0.667452
0.667455
0.667457
0.667457
0.667457
0.667458
0.667458
0.667458
0.667459
0.667459
0.66746
0.667461
0.667461
0.667461
0.667463
0.667463
0.667463
0.667463
0.667464
0.667464
0.667464
0.667465
0.667466
0.667466
0.667466
0.667466
0.667466
0.667466
0.667466
0.667466
0.667466
0.667466
0.667466
0.667466
0.667466
0.667466
0.667466
0.667466
0.667466
0.667466
0.667466
0.667466
0.667467
0.667467
0.667467
0.667467
0.667467
0.667467
0.667467
0.667467
0.667467
0.667467
0.667467
0.667467
0.667467
0.667467
0.667467
0.667467
0.667467
0.667467
0.667467
0.667467
0.667467
0.667467
0.667467
0.667467
0.667467
0.667467
0.667467
0.667467
0.667467
0.667467
0.667467
0.667467
0.667467
0.667467
0.667467
0.667467
0.667467
0.667467
0.667467
0.667467
0.667467
0.667467
0.667467
0.667467
0.667467
0.667467
0.667467
0.667467
0.667467
0.667467
0.667467
0.667467
0.667467
0.667467
0.667467
0.667467
0.667467
0.667467
0.667467
0.667467
0.667467
0.667467
0.667467
0.667467
0.667467
0.667467
0.667467
0.667467
0.667467
0.667467
0.667467
0.667467
0.667467
0.667467
0.667467
0.667467
0.667467
0.667467
0.667467
0.667467
0.667467
0.667467
0.667467
0.667467
0.667467
0.667467
0.667467
0.667467
0.667467
0.667467
0.667467
0.667467
0.667467
0.667467
0.667467
0.667467
0.667467
0.667467
0.667467
0.667467
0.667467
0.667467
0.667467
0.667467
0.667467
0.667467
0.667467
0.667467
0.667467
0.667467
0.667467
0.667467
0.667467
0.667467
0.667467
0.667467
0.667467
0.667464
0.667467
0.667467
0.667467
0.667467
0.667467
0.667467
0.667467
0.667467
0.667467
0.667467
0.667467
0.667467
0.667467
0.667467
0.667467
0.667467
0.667467
0.667467
0.667467
0.667467
0.667467
0.667467
0.667467
0.667467
0.667467
0.667467
0.667467
0.667467
0.667467
0.667467
0.667467
0.667467
0.667467
0.667467
0.667467
0.667467
0.667467
0.667467
0.667467
0.667467
0.667467
0.667467
0.667467
0.667467
0.667467
0.667467
0.667467
0.667467
0.667467
0.667467
0.667467
0.667467
0.667467
0.667467
0.667467
0.667467
0.667467
0.667467
0.667467
0.667467
0.667467
0.667467
0.667467
0.667467
0.667467
0.667467
0.667467
0.667467
0.667467
0.667467
0.667467
0.667467
0.667467
0.667467
0.667467
0.667467
0.667467
0.667467
0.667467
0.667467
0.667467
0.667467
0.667467
0.667467
0.667467
0.667467
0.667467
0.667467
0.667467
0.667467
0.667467
0.667467
0.667467
0.667467
0.667467
0.667467
0.667467
0.667467
0.667467
0.667467
0.667467
0.667467
0.667467
0.667467
0.667467
0.667467
0.667467
0.667467
0.667467
0.667467
0.667467
0.667467
0.667467
0.667467
0.667467
0.667467
0.667467
0.667467
0.667467
0.667467
0.667467
0.667467
0.667467
0.667467
0.667467
0.667467
0.667467
0.667467


