860.632
801.364
657.549
646.253
642.184
634.127
608.44
575.33
560.845
560.845
560.072
549.199
520.911
520.56
513.333
512.143
510.59
494.128
481.777
477.812
438.331
410.24
408.302
402.797
398.918
367.681
357.756
335.431
332.114
325.883
323.121
319.647
299.042
265.239
249.469
247.314
243.606
238.325
217.242
217.242
198.454
193.717
186.514
175.283
157.798
147.455
143.407
133.428
122.193
119.31
116.219
113.93
111.761
104.484
98.1439
93.1802
91.2444
91.2444
90.6271
85.4115
82.8573
82.8573
77.115
75.241
71.3204
71.1387
70.182
69.8817
69.5108
69.0277
67.112
65.0895
64.3208
62.6179
60.0257
59.8823
59.2987
57.5973
56.6582
56.5384
54.6551
54.0055
53.7619
53.3203
52.5785
52.3373
52.3161
51.9618
51.5678
51.2551
51.2251
51.0509
50.987
50.9029
50.9029
50.7764
50.6555
50.6062
50.5212
50.4892
50.4877
50.4514
50.2981
50.2974
50.2801
50.2199
50.2093
50.2068
50.204
50.1692
50.1396
50.1317
50.1155
50.1081
50.0901
50.0806
50.0669
50.0614
50.0507
50.048
50.048
50.0391
50.0388
50.0329
50.0325
50.0288
50.0257
50.0183
50.0183
50.0138
50.0138
50.0144
50.0144
50.0127
50.0125
50.0125
50.0103
50.01
50.0074
50.0074
50.0047
50.0047
50.0045
50.0045
50.0044
50.0036
50.0029
50.0027
50.0022
50.002
50.002
50.0021
50.002
50.0017
50.0016
50.0013
50.0013
50.0013
50.0012
50.0012
50.0008
50.0007
50.0007
50.0007
50.0007
50.0005
50.0005
50.0003
50.0003
50.0002
50.0002
50.0002
50.0002
50.0002
50.0002
50.0001
50.0001
50.0001
50.0001
50.0001
50.0001
50.0001
50.0001
50.0001
50.0001
50.0001
50
50
50
50
50
50
50
50
50
50
50
50
50
50
50
50
50
50
50
50
50
50
50
50
50
50
50
50
50
50
50
50
50
50
50
50
50
50
50
50
50
50
50
50
50
50
50
50
50
50
50
50
50
50
50
50
50
50
50
50
50
50
50
50
50
50
50
50
50
50
50
50
50
50
50
50
50
50
50
50
50
50
50
50
50
50
50
50
50
50
50
50
50
50
50
50
50
50
50
50
50
50
50
50
50
50
50
50
50
50
50
50
50
50
50
50
50
50
50
50
50
50
50
50
50
50
50
50
50
50
50
50
50
50
50
50
50
50
50
50
50
50
50
50
50
50
50
50
50
50
50
50
50
50
50
50.0026
50
50
50
50
50
50
50
50
50
50
50
50
50
50
50
50
50
50
50
50
50
50
50
50
50
50
50
50
50
50
50
50
50
50
50
50
50
50
50
50
50
50
50
50
50
50
50
50
50
50.0086
50
50
50
50
50
50
50
50
50
50
50
50
50
50
50
50
50
50
50
50
50
50
50
50
50
50
50
50
50
50
50
50
50
50
50
50
50
50
50
50
50
50
50
50
50
50
50
50
50
50
50
50
50
50
50
50
50
50
50
50
50
50
50
50
50
50
50
50
50
50
50
50
50
50
50
50
50
50
50
50
50
50
50
50
50
50
50
50
50
50
50
50
50
50
50
50
50
50
50
50
50
50
50
50
50
50
50
50


804.069
796.343
776.49
728.674
700.429
691.862
674.272
659.565
626.908
626.908
626.86
617.577
613.237
598.073
561.584
543.703
537.496
537.049
524.584
511.045
511.045
510.894
508.416
491.079
482.736
449.019
447.119
434.638
432.362
430.474
420.719
380.33
369.757
330.357
315.667
298.626
296.995
296.306
287.141
286.355
284.227
246.153
230.075
214.61
206.479
204.477
200.086
183.721
181.976
178.599
176.377
159.001
152.653
148.658
143.651
142.188
130.424
124.955
116.674
105.016
101.95
101.95
99.7687
96.2224
93.2234
93.19
89.628
88.4269
87.2098
87.2083
85.5209
85.4152
83.3848
79.7818
77.3005
76.7917
76.1226
75.7051
75.7051
74.6001
74.2627
73.027
71.2858
71.2858
71.2858
71.2858
70.817
70.8019
70.3901
70.3132
70.1245
70.1216
69.6576
69.4612
69.461
69.1678
69.1649
68.682
68.682
68.5995
68.5803
68.5259
68.373
68.3054
68.2274
68.0977
68.0452
67.938
67.9171
67.8922
67.8827
67.8241
67.7331
67.7295
67.6638
67.637
67.6306
67.6267
67.593
67.593
67.5745
67.5499
67.5301
67.5186
67.5145
67.5138
67.5138
67.5086
67.5073
67.5019
67.4751
67.4739
67.4653
67.4634
67.4512
67.4475
67.4444
67.4442
67.4414
67.4366
67.4333
67.4304
67.4277
67.4276
67.4258
67.4258
67.4248
67.4232
67.423
67.423
67.4213
67.4194
67.418
67.4179
67.4172
67.4172
67.4172
67.4162
67.4155
67.4155
67.4153
67.4147
67.4131
67.4131
67.4127
67.4127
67.4124
67.412
67.412
67.412
67.412
67.4119
67.4119
67.4117
67.4117
67.4116
67.4116
67.4115
67.4115
67.4115
67.4114
67.4113
67.4113
67.4113
67.4113
67.4112
67.4112
67.4112
67.4112
67.4111
67.4111
67.4111
67.4111
67.4111
67.411
67.411
67.411
67.411
67.411
67.411
67.411
67.411
67.411
67.411
67.411
67.411
67.411
67.411
67.411
67.411
67.411
67.411
67.411
67.411
67.411
67.4109
67.4109
67.4109
67.4109
67.4109
67.4109
67.4109
67.4109
67.4109
67.4109
66.385
63.6886
63.3721
63.3721
63.3721
63.3721
63.3721
63.3721
63.3721
63.3721
63.3721
63.3721
63.3721
63.3721
63.3721
63.3721
63.3721
63.3721
63.3721
63.3721
63.3721
63.3721
63.3721
63.3721
63.3721
63.3721
63.3721
63.3721
63.3721
63.3721
63.3721
63.3721
63.3721
63.3721
63.3721
63.3721
314.386
67.4109
67.4109
67.4109
67.4109
67.4109
67.4109
67.4109
67.4109
67.4109
67.4109
67.4109
67.4109
67.4109
67.4109
67.4109
67.4109
67.4109
67.4109
67.4109
67.4109
67.4109
67.4109
67.4109
67.4109
67.4109
67.4109
67.4109
67.4109
67.4109
67.4109
67.4109
67.4109
67.4109
67.4109
67.4109
67.4109
67.4109
67.4109
67.4109
67.4109
67.4109
67.4109
67.4109
67.4109
67.4109
67.4109
67.4109
67.4109
67.4109
67.4109
67.4109
67.4109
67.4109
67.4109
67.4109
67.4109
67.4109
67.4109
67.4109
67.4109
67.4109
67.4109
67.4109
67.4109
67.4109
67.4109
67.4109
67.4109
67.4109
67.4109
67.4109
67.4109
67.4109
67.4109
67.4109
67.4109
67.4109
67.4109
67.4109
67.4109
67.4109
67.4109
67.4109
67.4109
67.4109
67.4109
67.4109
67.4109
67.4109
67.4109
67.4109
67.4109
67.4109
67.4109
67.4109
67.4109
67.4109
67.4109
67.4109
67.4109
67.4109
67.4109
67.4109
67.4109
67.4109
67.4109
67.4109
67.4109
67.4109
67.4109
67.4109
67.4109
67.4109
67.4109
67.4109
67.4109
67.4109
67.4109
67.4109
67.4109
67.4109
67.4109
67.4109
67.4109
67.4109
67.4109
67.4109
67.4109
67.4109
67.4109
67.4109
67.4109
67.4109
67.4109
67.4109
67.4109
67.4109
67.4109
67.4109
67.4109
67.4109
67.4109
67.4109
67.4109
67.4109
67.4109
67.4109
67.4109
67.4109
67.4109
67.4109
67.4109
67.4109
67.4109
67.4109
67.4109
67.4109
67.4109
67.4109
67.4109
67.4109
67.4109
67.4109
67.4109
67.4109
67.4109
67.4109
67.4109
67.4109
67.4109
67.4109
67.4109
67.4109
67.4109
67.4109
67.4109
67.4109
67.4109
67.4109
67.4109
67.4109
67.4109
67.4109
67.4109
67.4109
67.4109
67.4109
67.4109
67.4109
67.4109
67.4109
67.4109
67.4109
67.4109
67.4109
67.4109
67.4109
67.4109
67.4109
67.4109
67.4109
67.4109
67.4109
67.4109
67.4109
67.4109
67.4109
67.4109
67.4109
67.4893
67.4109
67.4109
67.4109
67.4109
67.4109
67.4109
67.4109
67.4109
67.4109
67.4109
67.4109
67.4109
67.4109
67.4109
67.4109
67.4109
67.4109
67.4109
67.4109
67.4109
67.4109
67.4109
67.4109
67.4109
67.4109
67.4109
67.4109
67.4109
67.4109
67.4109
67.4109
67.4109
67.4109
67.4109
67.4109
67.4109
67.4109
67.4109
67.4109
67.4109
67.4109
67.4109
67.4109
67.4109
67.4109
67.4109
67.4109
67.4109
67.4109
67.4109
67.4109
67.4109
67.4109
67.4109
67.4109
67.4109
67.4109
67.4109
67.4109
67.4109
67.4109
67.4109
67.4109
67.4109
67.4109
67.4109
67.4109
67.4109
67.4109
67.4109
67.4109
67.4109
67.4109
67.4109
67.4109
67.4109
67.4109
67.4109


873.643
872.994
848.211
840.207
779.122
744.857
704.613
704.613
700.153
699.091
678.518
712.075
677.172
654.98
634.581
615.219
615.219
586.063
586.029
579.04
550.212
553.739
553.632
551.223
538.255
525.767
487.877
487.877
487.812
476.784
456.762
437.288
356.865
351.996
330.684
330.684
320.066
299.144
297.979
269.834
266.717
254.261
252.014
234.215
218.198
213.116
213.116
212.612
202.907
194.43
193.843
178.793
166.836
164.549
155.297
151.747
144.869
144.869
136.381
131.396
124.807
123.069
121.656
112.137
112.137
108.858
107.072
105.908
103.72
101.202
100.477
95.8925
94.0709
87.6861
86.7775
84.9999
82.9781
81.8998
81.6709
80.1153
76.9947
75.3104
74.4515
74.3008
72.5242
71.5962
70.9205
70.9205
70.7108
70.4657
69.7851
69.3241
68.6437
68.4838
68.2073
68.182
67.5294
67.5294
67.3984
67.2019
67.1972
66.8341
66.759
66.6315
66.2379
66.0942
66.0942
65.9267
65.8565
65.8225
65.7101
65.6092
65.6004
65.4614
65.2978
65.2782
65.2159
65.1528
65.1528
65.1044
65.0856
65.0136
64.9467
64.9194
64.9184
64.8871
64.8697
64.8277
64.7768
64.7663
64.732
64.7291
64.6964
64.6926
64.6914
64.6793
64.6668
64.6652
64.6449
64.6238
64.6023
64.6023
64.5961
64.5869
64.5793
64.5716
64.5695
64.5632
64.5541
64.5534
64.553
64.553
64.5503
64.5476
64.5412
64.5388
64.5369
64.535
64.535
64.5337
64.5332
64.5328
64.5319
64.5299
64.5278
64.5232
64.5229
64.5229
64.5219
64.5205
64.5199
64.5198
64.5192
64.5171
64.5163
64.5157
64.5145
64.5142
64.5142
64.5142
64.513
64.5135
64.5122
64.5116
64.5116
64.5116
64.5112
64.5111
64.511
64.5109
64.51
64.5098
64.5097
64.5096
64.5095
64.5094
64.5089
64.5088
64.5086
64.5086
64.5086
64.5086
64.5084
64.5083
64.5083
64.5082
64.508
64.508
64.508
64.508
64.508
64.5078
64.5078
64.5078
64.5077
64.5076
64.5075
64.5074
64.5074
64.5074
64.5074
64.5074
64.5073
64.5073
64.5073
64.5073
64.5073
64.5073
64.5072
64.5072
64.5072
64.5072
64.5072
64.5072
64.5072
64.5072
64.5072
64.5072
64.5072
64.5071
64.5071
64.5071
64.5071
64.5071
64.5071
64.5071
64.5071
64.5071
64.5071
64.5071
64.5071
64.5071
64.5071
64.5071
64.5071
64.5071
64.5071
64.5071
64.5071
64.5071
64.5071
64.5071
64.5071
64.5071
64.5071
64.5071
64.5071
64.5071
64.5071
64.5071
64.5071
64.5071
64.5071
64.5071
64.5071
64.5071
64.5071
64.5071
64.5071
64.5071
64.5071
64.5071
64.5071
64.5071
64.5071
64.5071
64.5071
64.507
64.507
64.507
64.507
64.507
64.507
64.507
64.507
64.507
64.507
64.507
64.507
64.507
64.507
64.507
64.507
64.507
64.507
64.507
64.507
64.507
64.507
64.507
64.507
64.507
64.507
64.507
64.507
64.507
64.507
64.507
64.507
64.507
64.507
64.507
64.507
64.507
64.507
64.507
64.507
64.507
64.507
64.507
64.507
64.507
64.507
64.507
64.507
64.507
64.507
64.507
64.507
64.507
64.507
64.507
64.507
64.507
64.507
64.507
64.507
64.507
64.507
64.507
64.507
64.507
64.507
64.507
64.507
64.507
64.507
64.507
64.507
64.507
64.507
64.507
64.507
64.507
64.507
64.507
64.507
64.507
64.507
64.507
64.507
64.507
64.507
64.507
64.507
64.507
64.507
64.507
64.507
64.507
64.507
64.507
64.507
64.507
64.507
64.507
64.507
64.507
64.507
64.507
64.507
64.507
64.507
64.507
64.507
64.507
64.507
64.507
64.507
64.507
64.507
64.507
64.507
64.507
64.507
64.507
64.507
64.507
64.507
64.507
64.507
64.507
64.507
64.507
64.507
64.507
64.507
64.507
64.507
64.507
64.507
64.507
64.507
64.507
64.507
64.507
64.507
64.507
64.507
64.507
64.507
64.507
64.507
64.507
64.507
64.507
64.507
64.507
64.507
64.507
64.507
64.507
64.507
64.507
64.507
64.507
64.507
64.507
64.507
64.507
64.507
64.507
64.507
64.507
64.507
64.507
64.507
64.507
64.507
64.507
64.507
64.507
64.507
64.507
64.507
64.507
64.507
64.507
64.507
64.507
64.507
64.507
64.507
64.507
64.507
64.507
64.507
64.507
64.507
64.507
64.507
64.507
64.507
64.507
64.507
64.507
64.507
64.507
64.507
64.507
64.507
64.507
64.507
64.507
64.507
64.507
64.507
64.507
64.507
64.507
64.507
64.507
64.507
64.507
64.507
64.507
64.507
64.507
64.507
64.507
64.507
64.507
64.507
64.507
64.507
64.507
64.507
64.507
64.507
64.507
64.507
64.507
64.507
64.507
64.507
64.507
64.507
64.507
64.507
64.507
64.507
64.507
64.507
64.507
64.507
64.507
64.507
64.507
64.507
64.507
64.507
64.507
64.507
64.507
64.507
64.507
64.507
64.507
64.507
64.507
64.507
64.507
64.507
64.507
64.507
64.507
64.507
64.507
64.507
64.507
64.507
64.507
64.507
64.507
64.507
64.507
64.507
64.507
64.507
64.507
64.507
64.507
64.507
64.507
64.507
64.507
64.507
64.507
64.507
64.507
64.507
64.507
64.507
64.507
64.507
64.507
64.507
64.507
64.507
64.507
64.507
64.507
64.507
64.507
64.507
64.507
64.507
64.507
64.507
64.507


895.433
854.336
787.067
754.102
749.017
748.188
738.1
702.571
698.856
672.103
653.193
638.113
632.368
632.368
602.575
593.238
591.168
563.863
563.863
549.087
543.848
529.739
516.331
509.013
509.013
487.312
487.312
478.2
478.063
477.435
450.079
428.57
414.844
388.094
373.016
367.221
342.072
318.236
317.3
317.264
306.2
292.714
287.318
251.935
251.935
251.935
231
216.897
201.485
195.189
191.253
198.724
165.207
165.207
154.03
149.178
143.271
138.912
133.659
131.658
129.171
120.805
110.704
100.266
100.266
100.051
99.1192
95.4162
83.6
71.5696
70.4136
71.4049
67.6782
67.2323
63.0115
59.4619
57.182
56.2882
52.0735
51.5205
50.2937
49.8718
46.2427
46.2427
45.5631
45.3313
43.8235
42.9878
42.9878
42.1486
41.1434
39.4755
39.1027
38.4699
38.4699
38.2415
37.294
37.2033
36.9095
35.2268
35.1631
34.842
34.6287
33.9238
33.8655
33.8425
32.9937
32.9795
32.6394
32.6164
32.25
32.2081
32.0308
31.9421
31.8156
31.7715
31.6412
31.4379
31.2701
31.2009
31.1473
31.1473
30.8788
30.8788
30.8788
30.8235
30.8235
30.8114
30.7773
30.6892
30.6573
30.6061
30.5699
30.5686
30.5408
30.536
30.5205
30.5205
30.4983
30.4836
30.4727
30.4656
30.4468
30.4254
30.4174
30.4098
30.4098
30.3984
30.3965
30.3941
30.3933
30.3882
30.3744
30.3632
30.3632
30.3594
30.3577
30.3555
30.3471
30.3451
30.3451
30.3416
30.3385
30.3353
30.3315
30.3312
30.3312
30.3281
30.3257
30.3257
30.3256
30.3245
30.3244
30.3221
30.3219
30.3212
30.321
30.3208
30.3206
30.3196
30.3192
30.3188
30.3187
30.3181
30.3179
30.3179
30.3173
30.317
30.317
30.3169
30.3167
30.3166
30.3165
30.316
30.316
30.316
30.316
30.3154
30.3151
30.3151
30.315
30.3149
30.3149
30.3148
30.3146
30.3145
30.3144
30.3143
30.3143
30.3143
30.3143
30.3142
30.3142
30.3142
30.3142
30.3142
30.3141
30.3141
30.3141
30.3141
30.3141
30.3141
30.314
30.314
30.314
30.314
30.314
30.314
30.3139
30.3139
30.3139
30.3139
30.3139
30.3139
30.3139
30.3139
30.3139
30.3139
30.3139
30.3139
30.3139
30.3139
30.3139
30.3139
30.3139
30.3139
30.3139
30.3139
30.3139
30.3139
30.3139
30.3139
30.3138
30.3138
30.3138
30.3138
30.3138
30.3138
30.3138
30.3138
30.3138
30.3138
30.3138
30.3138
30.3138
30.3138
30.3138
30.3138
30.3138
30.3138
30.3138
30.3138
30.3138
30.3138
30.3138
30.3138
30.3138
30.3138
30.3138
30.3138
30.3138
30.3138
30.3138
30.3138
30.3138
30.3138
30.3138
30.3138
30.3138
30.3138
30.3138
30.3138
30.3138
30.3138
30.3138
30.3138
30.3138
30.3138
30.3138
30.3138
30.3138
30.3138
30.3138
30.3138
30.3138
30.3138
30.3138
30.3138
30.3138
30.3138
30.3138
30.3138
30.3138
30.3138
30.3138
30.3138
30.3138
30.3138
30.3138
30.3138
30.3138
30.3138
30.3138
30.3138
30.3138
30.3138
30.3138
30.3138
30.3138
30.3138
30.3138
30.3138
30.3138
30.3138
30.3138
30.3138
30.3138
30.3138
30.3138
30.3138
30.3138
30.3138
30.3138
30.3138
30.3138
30.3138
30.3138
30.3138
30.3138
30.3138
30.3138
30.3138
30.3138
30.3138
30.3138
30.3138
30.3138
30.3138
30.3138
30.3138
30.3138
30.3138
30.3138
30.3138
30.3138
30.3138
30.3138
30.3138
30.3138
30.3138
30.3138
30.3138
30.3138
30.3138
30.3138
30.3138
30.3138
30.3138
30.3138
30.3138
30.3138
30.3138
30.3138
30.3138
30.3138
30.3138
30.3138
30.3138
30.3138
30.3138
30.3138
30.3138
30.3138
30.3138
30.3138
30.3138
30.3138
30.3138
30.3138
30.3138
30.3138
30.3138
30.3138
30.3138
30.3138
30.3138
30.3138
30.3138
30.3138
30.3138
30.3138
30.3138
30.3138
30.3138
30.3138
30.3138
30.3138
30.3138
30.3138
30.3138
30.3138
30.3138
30.3138
30.3138
30.3138
30.3138
30.3138
30.3138
30.3138
30.3138
30.3138
30.3138
30.3138
30.3138
30.3138
30.3138
30.3138
30.3138
30.3138
30.3138
30.3138
30.3138
30.3138
30.3138
30.3138
30.3138
30.3138
30.3138
30.3138
30.3138
30.3138
30.3138
30.3138
30.3138
30.3138
30.3138
30.3138
30.3138
30.3138
30.3138
30.3138
30.3138
30.3138
30.3138
30.3138
30.3138
30.3138
30.3138
30.3138
30.3138
30.3138
30.3138
30.3138
30.3138
30.3138
30.3138
30.3138
30.3138
30.3138
30.3138
30.3138
30.3138
30.3138
30.3138
30.3138
30.3138
30.3138
30.3138
30.3138
30.3138
30.3138
30.3138
30.3138
30.3138
30.3138
30.3138
30.3138
30.3138
30.3138
30.3138
30.3138
30.3138
30.3138
30.3138
30.3138
30.3138
30.3138
30.3138
30.3138
30.3138
30.3138
30.3138
30.3138
30.3138
30.3138
30.3138
30.3138
30.3138
30.3138
30.3138
30.3138
30.3138
30.3138
30.3138
30.3138
30.3138
30.3138
30.3138
30.3138
30.3138
30.3138
30.3138
30.3138
30.3138
30.3138
30.3138
30.3138
30.3138
30.3138
30.3138
30.3138
30.3138
30.3138
30.3138
30.3138
30.3138
30.3138
30.3138
30.3138
30.3138
30.3138
30.3138
30.3138
30.3138
30.3138
30.3138
30.3138
30.3138
30.3138
30.3138
30.3138
30.3138
30.3138
30.3138
30.3138
30.3138
30.3138
30.3138
30.3138
30.3138
30.3138
30.3138
30.3138
30.3138
30.3138
30.3138
30.3138
30.3138
30.3138
30.3138
30.3138
30.3138
30.3138
30.3138
30.3138
30.3138
30.3138
30.3138
30.3138
30.3138
30.3138
30.3138
30.3138
30.3138
30.3138
30.3138
30.3138
30.3138
30.3138
30.3138
30.3138
30.3138
30.3138
30.3138
30.3138
30.3138
30.3138
30.3138
30.3138
30.3138
30.3138
30.3138
30.3138
30.3138
30.3138
30.3138
30.3138
30.3138
30.3138
30.3138
30.3138
30.3138
30.3138
30.3138
30.3138
30.3138
30.3138
30.3138
30.3138
30.3138
30.3138
30.3138
30.3138
30.3138
30.3138
30.3138
30.3138
30.3138
30.3138
30.3138
30.3138
30.3138
30.3138
30.3138
30.3138
30.3138
30.3138
30.3138
30.3138
30.3138


961.652
858.567
853.566
780.549
770.882
726.197
721.11
721.11
716.497
691.834
672.442
656.828
650.722
650.722
645.011
624.913
612.616
612.616
606.998
583.635
583.635
582.319
555.071
536.098
532.325
517.315
515.073
515.046
504.731
494.873
484.761
466.65
465.494
459.859
459.859
449.57
407.874
404.173
399.922
395.51
395.349
380.266
379.495
354.804
347.189
346.902
330.604
301.962
295.083
269.315
261.931
230.639
216.646
216.646
201.393
201.393
200.78
175.88
174.327
172.462
158.143
162.926
155.387
150.046
145.45
124.317
124.317
121.825
108.387
108.232
96.007
98.7669
88.8135
88.8135
88.5817
85.9752
82.0002
81.5052
81.5052
78.4506
78.2502
71.7694
69.5467
64.8108
64.2788
63.2324
61.7023
58.6569
57.6826
54.2419
48.8081
48.8072
48.8072
48.6097
47.7193
42.0959
42.0959
40.2087
40.0686
38.698
38.2716
38.1107
37.8792
37.7681
36.3523
36.3523
35.8265
34.434
34.434
34.4103
34.1259
33.617
32.8501
32.8501
32.7264
32.5483
32.3635
32.2025
32.0102
31.9263
31.8585
31.7999
31.7897
31.7664
30.8934
30.7863
30.7252
30.5137
30.4431
30.3273
30.3273
30.2835
30.2395
30.2253
30.1679
30.1568
30.1568
30.0616
30.0444
30.0315
29.957
29.9475
29.9342
29.9023
29.8893
29.8868
29.7973
29.7851
29.7851
29.7275
29.7275
29.7515
29.6982
29.6703
29.6703
29.6344
29.6332
29.6326
29.6267
29.6046
29.6038
29.6071
29.6039
29.603
29.6005
29.6005
29.5924
29.5805
29.5763
29.5662
29.5571
29.5668
29.5489
29.5478
29.5478
29.5472
29.536
29.536
29.5222
29.5221
29.5171
29.5154
29.5131
29.5131
29.5127
29.5117
29.5098
29.5081
29.5075
29.5075
29.5066
29.5063
29.5036
29.5023
29.5013
29.4995
29.4994
29.4973
29.4973
29.4973
29.4973
29.4972
29.4971
29.4971
29.497
29.4968
29.4967
29.4966
29.4963
29.4958
29.4958
29.4953
29.4952
29.4951
29.4948
29.4945
29.4945
29.4945
29.4945
29.4942
29.4942
29.4943
29.4941
29.4941
29.4941
29.494
29.494
29.4939
29.4939
29.4939
29.4938
29.4936
29.4936
29.4935
29.4935
29.4934
29.4934
29.4934
29.4934
29.4933
29.4933
29.4933
29.4933
29.4933
29.4932
29.4932
29.4932
29.4932
29.4932
29.4932
29.4932
29.4932
29.4932
29.4932
29.4932
29.4931
29.4931
29.4931
29.4931
29.4931
29.4931
29.4931
29.4931
29.4931
29.4931
29.4931
29.4931
29.4931
29.4931
29.493
29.493
29.493
29.493
29.493
29.493
29.493
29.493
29.493
29.493
29.493
29.493
29.493
29.493
29.493
29.493
29.493
29.493
29.493
29.493
29.493
29.493
29.493
29.493
29.493
29.493
29.493
29.493
29.493
29.493
29.493
29.493
29.493
29.493
29.493
29.493
29.493
29.493
29.493
29.493
29.493
29.493
29.493
29.493
29.493
29.493
29.493
29.493
29.493
29.493
29.493
29.493
29.493
29.493
29.493
29.493
29.493
29.493
29.493
29.493
29.493
29.493
29.493
29.493
29.493
29.493
29.493
29.493
29.493
29.493
29.493
29.493
29.493
29.493
29.493
29.493
29.493
29.493
29.493
29.493
29.493
29.493
29.493
29.493
29.493
29.493
29.493
29.493
29.493
29.493
29.493
29.493
29.493
29.493
29.493
29.493
29.493
29.493
29.493
29.493
29.493
29.493
29.493
29.493
29.493
29.493
29.493
29.493
29.493
29.493
29.493
29.493
29.493
29.493
29.493
29.493
29.493
29.493
29.493
29.493
29.493
29.493
29.493
29.493
29.493
29.493
29.493
29.493
29.493
29.493
29.493
29.493
29.493
29.493
29.493
29.493
29.493
29.493
29.493
29.493
29.493
29.493
29.493
29.493
29.493
29.493
29.493
29.493
29.493
29.493
29.493
29.493
29.493
29.493
29.493
29.493
29.493
29.493
29.493
29.493
29.493
29.493
29.493
29.493
29.493
29.493
29.493
29.493
29.493
29.493
29.493
29.493
29.493
29.493
29.493
29.493
29.493
29.493
29.493
29.493
29.493
29.493
29.493
29.493
29.493
29.493
29.493
29.493
29.493
29.493
29.493
29.493
29.493
29.493
29.493
29.493
29.493
29.493
29.493
29.493
29.493
29.493
29.493
29.493
29.493
29.493
29.493
29.493
29.493
29.493
29.493
29.493
29.493
29.493
29.493
29.493
29.493
29.493
29.493
29.493
29.493
29.493
29.493
29.493
29.493
29.493
29.493
29.493
29.493
29.493
29.493
29.493
29.493
29.493
29.493
29.493
29.493
29.493
29.493
29.493
29.493
29.493
29.493
29.493
29.493
29.493
29.493
29.493
29.493
29.493
29.493
29.493
29.493
29.493
29.493
29.493
29.493
29.493
29.493
29.493
29.493
29.493
29.493
29.493
29.493
29.493
29.493
29.493
29.493
29.493
29.493
29.493
29.493
29.493
29.493
29.493
29.493
29.493
29.493
29.493
29.493
29.493
29.4964
29.493
29.493
29.493
29.493
29.493
29.493
29.493
29.493
29.493
29.493
29.493
29.493
29.493
29.493
29.493
29.493
29.493
29.493
29.493
29.493
29.493
29.493
29.493
29.493
29.493
29.493
29.493
29.493
29.493
29.493
29.493
29.493
29.493
29.493
29.493
29.493
29.493
29.493
29.493
29.493
29.493
29.493
29.493
29.493
29.493
29.493
29.493
29.493
29.493
29.493
29.493
29.493
29.493
29.493
29.493
29.493
29.493
29.493
29.493
29.493
29.493
29.493
29.493
29.493
29.493
29.493
29.493
29.493
29.493
29.493
29.493
29.493
29.493
29.493
29.493
29.493
29.493
29.493
29.493
29.493
29.493
29.493
29.493
29.493
29.493
29.493
29.493
29.493
29.493
29.493
29.493
29.493
29.493
29.493
29.493
29.493
29.493
29.493
29.493
29.493
29.493
29.493
29.493
29.493
29.493
29.493
29.493
29.493
29.493
29.493
29.493
29.493
29.493
29.493
29.493
29.493
29.493
29.493
29.493
29.493
29.493
29.493
29.493
29.493
29.493
29.493
29.493
29.493
29.493
29.493
29.493
29.493
29.493
29.493
29.493
29.493
29.493
29.493
29.493
29.493
29.493
29.493
29.493
29.493
29.493
29.493
29.493
29.493


931.085
862.047
788.5
782.064
764.496
748.025
737.472
721.072
705.792
694.856
683.707
681.069
678.423
673.9
659.358
653.028
643.617
643.562
643.562
633.232
619.195
571.373
571.373
571.373
568.763
558.486
555.23
555.23
553.554
553.496
552.049
550.857
549.497
548.096
547.494
533.777
530.337
528.875
521.479
506.766
506.327
487.114
481.617
474.931
457.916
454.728
431.619
431.098
431.098
401.189
395.379
377.633
367.181
353.406
353.406
345.561
327.782
324.174
311.582
303.016
302.049
298.104
293.308
288.168
265.434
263.316
252.079
242.387
230.441
230.441
222.886
204.373
200.006
190.232
174.942
171.76
166.018
161.465
161.465
154.777
151.824
145.204
142.276
142.276
142.276
139.406
129.926
125.984
123.862
119.711
116.366
115.077
114.611
106.697
105.592
103.828
101.033
98.0345
97.4232
89.6213
88.7415
86.4826
85.031
85.031
81.4867
79.0923
77.7299
77.7299
77.1515
76.6486
75.8082
71.9376
71.3775
71.3775
70.676
70.4965
70.1665
70.0217
69.873
67.1795
67.1795
66.4304
65.8248
65.8248
65.795
65.7915
65.0162
64.133
64.1254
64.1254
63.8832
63.7554
63.7199
63.6294
63.1489
63.1489
63.117
63.0209
62.8067
62.0097
61.7353
61.6573
61.6573
61.3168
61.2791
61.1482
60.4886
60.4886
60.4245
59.9921
59.9043
59.9592
59.9213
59.9213
59.7156
59.7156
59.6442
59.5805
59.4927
59.4142
59.2937
59.2234
59.2234
59.2055
59.2055
59.1644
59.1338
59.0805
58.9992
58.861
58.861
58.7452
58.7019
58.5363
58.5212
58.5065
58.4439
58.4244
58.3972
58.3931
58.3015
58.3405
58.3242
58.2586
58.2586
58.255
58.2514
58.2456
58.2409
58.2395
58.235
58.2034
58.2034
58.1902
58.1899
58.1896
58.1896
58.1806
58.1806
58.1665
58.1665
58.1366
58.1344
58.1335
58.115
58.1087
58.0945
58.0846
58.0782
58.0781
58.0722
58.0753
58.0514
58.0505
58.0471
58.0423
58.0423
58.034
58.0329
58.0329
58.0326
58.0287
58.0251
58.0116
58.01
58.0097
58.0081
58.0071
58.0034
57.9998
57.9988
57.9984
57.9971
57.9966
57.9964
57.9951
57.993
57.993
57.9914
57.9887
57.9877
57.9895
57.9888
57.9875
57.9875
57.9875
57.9859
57.9859
57.9858
57.9847
57.9839
57.9839
57.9831
57.9827
57.9826
57.982
57.9817
57.9816
57.9816
57.9798
57.9797
57.9797
57.9792
57.9792
57.9788
57.9788
57.9784
57.9783
57.9782
57.9782
57.9781
57.9778
57.9774
57.9774
57.9767
57.9767
57.9767
57.9766
57.9764
57.9763
57.9763
57.976
57.976
57.9756
57.9756
57.9756
57.9755
57.9755
57.9754
57.9754
57.9754
57.9754
57.9754
57.9754
57.9754
57.9752
57.975
57.975
57.975
57.975
57.9749
57.9748
57.9748
57.9748
57.9746
57.9746
57.9746
57.9745
57.9745
57.9745
57.9744
57.9744
57.9744
57.9744
57.9744
57.9744
57.9744
57.9744
57.9743
57.9743
57.9743
57.9743
57.9743
57.9743
57.9743
57.9743
57.9743
57.9743
57.9743
57.9743
57.9743
57.9743
57.9743
57.9742
57.9742
57.9742
57.9742
57.9742
57.9742
57.9742
57.9742
57.9742
57.9742
57.9742
57.9742
57.9742
57.9742
57.9742
57.9742
57.9742
57.9742
57.9742
57.9742
57.9742
57.9742
57.9742
57.9742
57.9742
57.9742
57.9742
57.9742
57.9742
57.9742
57.9742
57.9742
57.9742
57.9742
57.9742
57.9742
57.9742
57.9742
57.9742
57.9742
57.9742
57.9742
57.9742
57.9742
57.9742
57.9742
57.9742
57.9742
57.9742
57.9742
57.9742
57.9742
57.9742
57.9742
57.9742
57.9742
57.9742
57.9742
57.9742
57.9742
57.9742
57.9742
57.9742
57.9742
57.9742
57.9742
57.9742
57.9742
57.9742
57.9742
57.9742
57.9742
57.9742
57.9742
57.9742
57.9742
57.9742
57.9742
57.9742
57.9742
57.9742
57.9742
57.9742
57.9742
57.9742
57.9742
57.9742
57.9742
57.9742
57.9742
57.9742
57.9742
57.9742
57.9742
57.9742
57.9742
57.9742
57.9742
57.9742
57.9742
57.9742
57.9742
57.9742
57.9742
57.9742
57.9742
57.9742
57.9742
57.9742
57.9742
57.9742
57.9742
57.9742
57.9742
57.9742
57.9742
57.9742
57.9742
57.9742
57.9742
57.9742
57.9742
57.9742
57.9742
57.9742
57.9742
57.9742
57.9742
57.9742
57.9742
57.9742
57.9742
57.9742
57.9742
57.9742
57.9742
57.9742
57.9742
57.9742
57.9742
57.9742
57.9742
57.9742
57.9742
57.9742
57.9742
57.9742
57.9742
57.9742
57.9742
57.9742
57.9742
57.9742
57.9742
57.9742
57.9742
57.9742
57.9742
57.9742
57.9742
57.9742
57.9742
57.9742
57.9742
57.9742
57.9742
57.9742
57.9742
57.9742
57.9742
57.9742
57.9742
57.9742
57.9742
57.9742
57.9742
57.9742
57.9742
57.9742
57.9742
57.9742
57.9742
57.9742
57.9742
57.9742
57.9742
57.9742
57.9742
57.9742
57.9742
57.9742
57.9742
57.9742
57.9742
57.9742
57.9742
57.9742
57.9742
57.9742
57.9742
57.9742
57.9742
57.9742
57.9742
57.9742
57.9742
57.9742
57.9742
57.9742
57.9742
57.9742
57.9742
57.9742
57.9742
57.9742
57.9742
57.9742
57.9742
57.9742
57.9742
57.9742
57.9742
57.9742
57.9742
57.9742
57.9742
57.9742
57.9742
57.9742
57.9742
57.9742
57.9742
57.9742
57.9742
57.9742
57.9742
57.9742
57.9742
57.9742
57.9742
57.9742
57.9742
57.9742
57.9742
57.9742
57.9742
57.9742
57.9742
57.9742
57.9742
57.9742
57.9742
57.9742
57.9742
57.9742
57.9742
57.9742
57.9742
57.9742
57.9742
57.9742
57.9742
57.9742
57.9742
57.9742
57.9742
57.9742
57.9742
57.9742
57.9742
57.9742
57.9742
57.9742
57.9742
57.9742
57.9742
57.9742
57.9742
57.9742
57.9742
57.9742
57.9742
57.9742
57.9742
57.9742
57.9742
57.9742
57.9742
57.9742
57.9742
57.9742
57.9742
57.9742
57.9742
57.9742
57.9742
57.9742
57.9742
57.9742
57.9742
57.9742
57.9742
57.9742
57.9742
57.9742
57.9742
57.9742
57.9742
57.9742
57.9742
57.9742
57.9742
57.9742
57.9742
57.9742
57.9742
57.9742
57.9742
57.9742
57.9742
57.9742
57.9742
57.9742
57.9742
57.9742
57.9742
57.9742
57.9742
57.9742
57.9742
57.9742
57.9742
57.9742
57.9742
57.9742
57.9742
57.9742
57.9742
57.9742
57.9742
57.9742
57.9742
57.9742
57.9742
57.9742
57.9742
57.9742
57.9742
57.9742
57.9742
57.9742
57.9742
57.9742
57.9742
57.9742
57.9742
57.9742
57.9742
57.9742
57.9742
57.9742
57.9742
57.9742
57.9742
57.9742
57.9742
57.9742
57.9742
57.9742
57.9742
57.9742
57.9742
57.9742
57.9742
57.9742
57.9742
57.9742
57.9742
57.9742
57.9742
57.9742
57.9742
57.9742
57.9742
57.9742
57.9742
57.9742
57.9742
57.9742
57.9742
57.9742
57.9742
57.9742
57.9742
57.9742
57.9742
57.9742
57.9742
57.9742
57.9742
57.9742
57.9742
57.9742
57.9742
57.9742
57.9742
57.9742
57.9742
57.9742
57.9742
57.9742
57.9742
57.9742
57.9742
57.9742
57.9742
57.9742


891.751
850.273
826.304
820.703
760.512
711.861
708.417
687.599
654.446
654.446
645.591
638.461
636.698
614.659
610.619
595.729
571.144
568.542
567.072
566.496
555.448
550.508
540.164
532.289
522.565
522.036
519.497
511.267
493.052
483.183
472.554
455.43
444.118
421.355
411.892
401.413
362.637
362.637
331.052
331.052
330.433
323.846
301.158
288.538
263.674
263.606
252.609
252.609
248.093
238.031
238.031
228.002
227.004
216.171
209.202
196.42
188.606
183.384
169.639
169.631
159.901
146.66
135.072
133.423
118.864
118.864
118.16
112.152
109.116
105.608
102.835
100.383
92.6026
92.6026
91.0972
91.0847
88.2398
87.0819
84.2571
84.2571
81.7728
79.3629
76.6129
65.1367
62.0266
60.7453
59.5566
57.0598
55.4662
53.9126
53.9126
52.2097
51.5117
47.3453
44.3866
43.8137
42.8016
38.4757
38.4757
37.1644
37.0424
37.0078
36.0874
35.9963
35.9963
34.5013
33.265
33.2588
31.1326
31.0281
30.8231
30.8231
30.8231
30.4599
29.6985
29.306
28.8255
28.3289
28.0012
27.3205
27.1803
26.9387
26.9387
26.7881
26.6439
26.3265
26.3265
26.299
26.0724
26.0724
25.9467
25.794
25.6692
25.4697
25.4174
25.4174
25.4174
25.3506
25.2687
25.2687
25.1895
25.1607
25.117
25.1071
25.0813
25.0707
25.0422
24.9795
24.9268
24.9268
24.8923
24.8834
24.7648
24.7648
24.7648
24.7351
24.6839
24.6665
24.6658
24.6566
24.6548
24.638
24.6156
24.6101
24.6001
24.5865
24.5825
24.5825
24.5574
24.5433
24.5406
24.5345
24.5249
24.5249
24.523
24.5081
24.5081
24.5032
24.4985
24.4916
24.4892
24.4909
24.4906
24.4902
24.4902
24.4838
24.4816
24.481
24.4796
24.4759
24.4747
24.4738
24.4672
24.4647
24.4647
24.4629
24.4598
24.459
24.459
24.459
24.4563
24.4543
24.4517
24.4505
24.4497
24.4497
24.4495
24.4492
24.4488
24.4474
24.4474
24.4468
24.4443
24.4439
24.4439
24.4428
24.4428
24.4427
24.4422
24.4414
24.4414
24.4401
24.4397
24.4395
24.439
24.4384
24.4383
24.4373
24.4372
24.4372
24.4367
24.4367
24.4363
24.4356
24.4352
24.4352
24.4352
24.4352
24.4351
24.4349
24.4348
24.4348
24.4347
24.4346
24.4345
24.4343
24.4341
24.4341
24.4341
24.434
24.4339
24.4338
24.4337
24.4337
24.4337
24.4336
24.4335
24.4335
24.4335
24.4335
24.4334
24.4335
24.4334
24.4334
24.4334
24.4334
24.4333
24.4333
24.4333
24.4333
24.4333
24.4333
24.4332
24.4331
24.4331
24.4331
24.4331
24.4331
24.4331
24.4331
24.4331
24.4331
24.4331
24.4331
24.433
24.433
24.433
24.433
24.433
24.433
24.433
24.433
24.433
24.433
24.433
24.433
24.433
24.433
24.433
24.433
24.433
24.433
24.433
24.433
24.433
24.433
24.433
24.433
24.433
24.433
24.433
24.433
24.433
24.433
24.433
24.433
24.433
24.433
24.433
24.433
24.433
24.433
24.433
24.433
24.433
24.433
24.433
24.433
24.433
24.433
24.433
24.433
24.433
24.433
24.433
24.433
24.433
24.433
24.433
24.433
24.433
24.433
24.433
24.433
24.433
24.433
24.433
24.433
24.433
24.433
24.433
24.433
24.433
24.433
24.433
24.433
24.433
24.433
24.433
24.433
24.433
24.433
24.433
24.433
24.433
24.433
24.433
24.433
24.433
24.433
24.433
24.433
24.433
24.433
24.433
24.433
24.433
24.433
24.433
24.433
24.433
24.433
24.433
24.433
24.433
24.433
24.433
24.433
24.433
24.433
24.433
24.433
24.433
24.433
24.433
24.433
24.433
24.433
24.433
24.433
24.433
24.433
24.433
24.433
24.433
24.433
24.433
24.433
24.433
24.433
24.433
24.433
24.433
24.433
24.433
24.433
24.433
24.433
24.433
24.433
24.433
24.433
24.433
24.433
24.433
24.433
24.433
24.433
24.433
24.433
24.433
24.433
24.433
24.433
24.433
24.433
24.433
24.433
24.433
24.433
24.433
24.433
24.433
24.433
24.433
24.433
24.433
24.433
24.433
24.433
24.433
24.433
24.433
24.433
24.433
24.433
24.433
24.433
24.433
24.433
24.433
24.433
24.433
24.433
24.433
24.433
24.433
24.433
24.433
24.433
24.433
24.433
24.433
24.433
24.433
24.433
24.433
24.433
24.433
24.433
24.433
24.433
24.433
24.433
24.433
24.433
24.433
24.433
24.433
24.433
24.433
24.433
24.433
24.433
24.433
24.433
24.433
24.433
24.433
24.433
24.433
24.433
24.433
24.433
24.433
24.433
24.433
24.433
24.433
24.433
24.433
24.433
24.433
24.433
24.433
24.433
24.433
24.433
24.433
24.433
24.433
24.433
24.433
24.433
24.433
24.433
24.433
24.433
24.433
24.433
24.433
24.433
24.433
24.433
24.433
24.433
24.433
24.433
24.433
24.433
24.433
24.433
24.433
24.433
24.433
24.433
24.433
24.433
24.433
24.433
24.433
24.433
24.433
24.433
24.433
24.433
24.433
24.433
24.433
24.433
24.433
24.433
24.433
24.433
24.433
24.433
24.433
24.433
24.433
24.433
24.433
24.433
24.433
24.433
24.433
24.433
24.433
24.433
24.433
24.433
24.433
24.433
24.433
24.433
24.433
24.433
24.433
24.433
24.433
24.433
24.433
24.433
24.433
24.433
24.433
24.433
24.433
24.433
24.433
24.433
24.433
24.433
24.433
24.433
24.433
24.433
24.433
24.433
24.433
24.433
24.433
24.433
24.433
24.433
24.433
24.433
24.433
24.433
24.433
24.433
24.433
24.433
24.433
24.433
24.433
24.433
24.433
24.433
24.433
24.433
24.433
24.433
24.433
24.433
24.433
24.433
24.433
24.433
24.433
24.433
24.433
24.433
24.433
24.433
24.433
24.433
24.433
24.433
24.433
24.433
24.433
24.433
24.433
24.433
24.433
24.433
24.433
24.433
24.433
24.433
24.433
24.433
24.433
24.433
24.433
24.433
24.433
24.433
24.433
24.433
24.433
24.433
24.433
24.433
24.433
24.433
24.433
24.433
24.433
24.433
24.433
24.433
24.433
24.433
24.433
24.433
24.433
24.433
24.433
24.433
24.433
24.433
24.433
24.433
24.433
24.433
24.433
24.433
24.433
24.433


815.377
775.596
753.485
712.892
697.12
694.443
640.949
640.949
635.692
592.468
584.812
581.385
557.986
557.986
554.943
546.795
546.795
546.793
546.793
544.701
543.741
535.317
535.317
532.994
532.047
529.038
527.362
524.394
509.731
508.313
493.175
490.19
488.247
479.678
471.424
454.481
451.515
438.622
429.338
429.183
419.891
407.748
407.748
394.996
394.996
391.145
367.396
357.009
347.585
345.492
345.492
334.308
316.623
316.623
306.084
284.938
284.938
274.312
268.625
260.425
239.33
239.33
238.727
231.055
229.812
229.114
226.824
218.456
201.831
201.831
187.135
172.275
169.758
164.624
163.139
162.051
151.595
149.935
138.646
136.376
136.376
130.396
126.413
121.794
119.057
117.916
116.715
113.324
110.625
108.458
108.458
104.359
97.1569
93.6811
93.0093
90.3481
88.7271
84.2963
79.2276
78.4057
78.4057
78.2782
76.4651
76.4651
72.9322
71.9087
71.9087
71.8595
71.8099
71.125
70.9572
70.0238
69.7741
69.034
68.7276
67.5895
67.5307
67.2815
66.5264
66.3765
65.7955
64.9287
64.8383
64.751
64.3497
64.2387
63.9002
63.7302
63.7302
63.6875
63.6101
63.4095
63.3672
63.3496
63.2806
63.1364
63.0748
62.9445
62.8324
62.7897
62.7034
62.7017
62.5463
62.3988
62.3521
62.3521
62.351
62.3374
62.2821
62.2156
62.1706
62.1438
62.12
62.1071
62.0799
61.9927
61.9819
61.9799
61.9684
61.9669
61.9664
61.968
61.968
61.9496
61.9297
61.9238
61.9157
61.9011
61.8846
61.8839
61.8772
61.8748
61.8602
61.8551
61.8456
61.835
61.8342
61.8245
61.8228
61.8171
61.8144
61.8072
61.8047
61.7972
61.7961
61.7948
61.7943
61.7943
61.7856
61.7851
61.7846
61.7826
61.7806
61.7798
61.7798
61.7791
61.7779
61.7766
61.7762
61.776
61.7751
61.7739
61.7731
61.7727
61.7723
61.7721
61.7712
61.7709
61.7704
61.77
61.7695
61.77
61.7694
61.7694
61.7693
61.7692
61.7682
61.768
61.768
61.768
61.7675
61.7675
61.7674
61.7673
61.7673
61.7673
61.7671
61.7671
61.767
61.7669
61.7669
61.7669
61.7669
61.7668
61.7667
61.7666
61.7666
61.7665
61.7665
61.7665
61.7665
61.7665
61.7664
61.7664
61.7664
61.7664
61.7664
61.7664
61.7664
61.7663
61.7663
61.7663
61.7663
61.7663
61.7663
61.7663
61.7663
61.7663
61.7663
61.7663
61.7663
61.7663
61.7662
61.7662
61.7662
61.7662
61.7662
61.7662
61.7662
61.7662
61.7662
61.7662
61.7662
61.7662
61.7662
61.7662
61.7662
61.7662
61.7662
61.7662
61.7662
61.7662
61.7662
61.7662
61.7662
61.7662
61.7662
61.7662
61.7662
61.7662
61.7662
61.7662
61.7662
61.7662
61.7662
61.7662
61.7662
61.7662
61.7662
61.7662
61.7662
61.7662
61.7662
61.7662
61.7662
61.7662
61.7662
61.7662
61.7662
61.7662
61.7662
58.3181
57.3617
56.1608
56.1608
55.765
55.765
55.0663
55.0663
54.7497
54.6923
52.9422
52.9422
52.9422
52.9422
52.7511
52.1355
51.9914
51.6536
51.6536
51.1478
50.3152
49.0605
49.0605
47.6229
47.4588
47.3925
47.1367
46.5121
46.5121
46.5121
46.5776
46.5685
46.5685
46.4318
46.335
46.1827
46.1827
45.9702
45.828
45.828
45.5666
45.562
45.562
45.4537
45.3298
45.3298
45.3298
45.2352
45.1462
44.7424
44.4166
44.3322
44.0468
43.988
43.9725
43.9725
43.9109
43.8903
43.7908
43.7131
43.6489
43.6007
43.5901
43.5195
43.5187
43.5187
43.5119
43.5119
43.4898
43.4898
43.507
43.484
43.4587
43.4225
43.4225
43.4225
43.4169
43.3858
43.3805
43.3454
43.2631
43.2631
43.2404
43.2084
43.1945
43.1912
43.1892
43.1892
43.1823
43.1435
43.1129
43.0657
42.9243
42.6537
42.4572
42.0314
41.9986
41.972
41.9153
41.8584
41.7453
41.7196
41.6778
41.602
41.5708
41.564
41.5479
41.5121
41.5016
41.4935
41.4869
41.4596
41.3966
41.3809
41.3686
41.3284
41.3271
41.3053
41.3053
41.3047
41.3039
41.2951
41.2916
41.2758
41.2758
41.2711
41.2711
41.2676
41.2656
41.2656
41.2656
41.2631
41.2614
41.2593
41.255
41.2324
41.2123
41.1989
41.1703
41.1703
41.1596
41.1512
41.1481
41.1475
41.1383
41.13
41.1261
41.1183
41.116
41.1114
41.1091
41.1091
41.1022
41.0974
41.0923
41.0884
41.0856
41.0773
41.0689
41.0662
41.0646
41.0564
41.0546
41.0546
41.0513
41.0513
41.0509
41.0509
41.0509
41.0491
41.0487
41.0484
41.0484
41.0483
41.0474
41.0474
41.0467
41.0467
41.0463
41.046
41.046
41.0452
41.0439
41.0439
41.0436
41.0436
41.0436
41.0436
41.0435
41.0427
41.0425
41.0424
41.034
41.0252
41.0249
41.0249
41.0241
41.0241
41.0231
41.0231
41.021
41.021
41.0195
41.0195
41.0191
41.0187
41.0178
41.0172
41.0171
41.017
41.0162
41.0162
41.0157
41.0157
41.0157
41.0157
41.0156
41.0156
41.0154
41.0154
41.0154
41.0154
41.0153
41.0151
41.0151
41.0149
41.0149
41.0149
41.0149
41.0147
41.0146
41.0145
41.0143
41.0142
41.0142
41.0142
41.0142
41.0142
41.0141
41.0141
41.0141
41.0141
41.014
41.014
41.014
41.014
41.014
41.0139
41.0131
41.013
41.0128
41.0127
41.0127
41.0126
41.0126
41.0126
41.0126
41.0126
41.0126
41.0126
41.0125
41.0125
41.0125
41.0124
41.0123
41.0122
41.012
41.0111
41.011
41.011
41.0109
41.0106
41.0106
41.0106
41.0104
41.0104
41.0104
41.01
41.0097
41.0097
41.0097
41.0097
41.0095
41.0095
41.0095
41.0094
41.0093
41.0092
41.0092
41.0092
41.0092
41.0092
41.0091
41.0091
41.0091
41.0091
41.0091
41.009
41.0089
41.0088
41.0088
41.0088
41.0088
41.0087
41.0087
41.0087
41.0087
41.0087
41.0086
41.0086
41.0086
41.0086
41.0085
41.0085
41.0085
41.0085
41.0085
41.0085
41.0085
41.0085
41.0085
41.0085
41.0085
41.0085
41.0085
41.0085
41.0085
41.0085
41.0085
41.0085
41.0085
41.0085
41.0084
41.0084
41.0084
41.0084
41.0084
41.0084
41.0084


818.157
746.039
715.971
692.02
668.584
661.268
642.804
637.431
630.081
625.011
614.757
612.092
609.032
602.791
602.181
597.175
592.442
589.77
587.29
579.582
576.754
576.754
576.754
572.634
570.805
567.801
564.336
556.968
546.45
530.109
530.109
525.273
516.581
511.579
493.296
490.492
480.043
460.088
434.597
415.012
409.454
409.427
408.194
396.119
396.119
370.018
356.349
353.137
351.755
309.903
307.422
291.319
278.525
275.862
268.529
268.215
264.128
258.435
255.785
248.723
231.648
217.664
217.109
213.031
205.202
205.202
186.149
183.739
174.728
165.803
160.87
157.438
154.151
154.151
146.121
144.717
137.234
131.408
125.23
117.262
116.844
114.622
108.677
105.852
101.54
97.131
93.4327
88.2444
88.2444
83.042
79.7656
79.7656
79.0823
77.2015
76.1005
73.476
73.1939
72.9018
70.2142
67.7832
67.3907
67.1337
65.397
64.4549
63.1441
62.9597
60.6116
59.8642
59.1855
59.1855
58.319
58.076
57.4801
57.4268
56.7094
56.0822
56.0822
56.0822
56.0469
55.3982
55.2467
55.2443
54.8189
54.8189
54.2839
54.0779
54.0034
53.7343
53.7257
53.1807
53.1345
53.1345
53.0845
52.911
52.9078
52.8814
52.8331
52.6129
52.6114
52.5961
52.5346
52.5092
52.5092
52.5039
52.4748
52.4491
52.4113
52.3747
52.2978
52.2725
52.2632
52.2364
52.2319
52.1977
52.1931
52.1931
52.1913
52.1755
52.1634
52.1632
52.1514
52.1514
52.1514
52.1471
52.1425
52.1317
52.1037
52.1012
52.1008
52.1007
52.0989
52.0935
52.0904
52.0904
52.0864
52.0851
52.0811
52.0811
52.0788
52.0761
52.0752
52.0752
52.0722
52.0707
52.0668
52.0668
52.0656
52.0648
52.0631
52.0631
52.0626
52.0603
52.0601
52.0601
52.0597
52.0593
52.0592
52.0591
52.0587
52.0587
52.0583
52.0581
52.0578
52.0571
52.0567
52.0565
52.0565
52.0563
52.0563
52.056
52.056
52.0559
52.0559
52.0558
52.0555
52.0555
52.0553
52.0553
52.0553
52.0552
52.0552
52.0551
52.055
52.055
52.055
52.0549
52.0549
52.0549
52.0549
52.0549
52.0548
52.0548
52.0548
52.0548
52.0548
52.0548
52.0548
52.0548
52.0547
52.0547
52.0547
52.0547
52.0547
52.0547
52.0547
52.0547
52.0547
52.0546
52.0546
52.0546
52.0546
52.0546
52.0546
52.0546
52.0546
52.0546
52.0546
52.0546
52.0546
52.0546
52.0546
52.0546
52.0546
52.0546
52.0546
52.0546
52.0546
52.0546
52.0546
52.0546
52.0546
52.0546
52.0546
52.0546
52.0546
52.0546
52.0546
52.0546
52.0546
52.0546
52.0546
52.0546
52.0546
52.0546
52.0546
52.0546
52.0546
52.0546
52.0546
52.0546
52.0546
52.0546
52.0546
52.0546
52.0546
52.0546
52.0546
52.0546
52.0546
52.0546
52.0546
52.0546
52.0546
52.0546
52.0546
52.0546
52.0546
52.0546
52.0546
52.0546
52.0546
52.0546
52.0546
52.0546
52.0546
52.0546
52.0546
52.0546
52.0546
52.0546
52.0546
52.0546
52.0546
52.0546
52.0546
52.0546
52.0546
52.0546
52.0546
52.0546
52.0546
52.0546
52.0546
52.0546
52.0546
52.0546
52.0546
52.0546
52.0546
52.0546
52.0546
52.0546
52.0546
52.0546
52.0546
52.0546
52.0546
52.0546
52.0546
52.0546
52.0546
52.0546
52.0546
52.0546
52.0546
52.0546
52.0546
52.0546
52.0546
52.0546
52.0546
52.0546
52.0546
52.0546
52.0546
52.0546
52.0546
52.0546
52.0546
52.0546
52.0546
52.0546
52.0546
52.0546
52.0546
52.0546
52.0546
52.0546
52.0546
52.0546
52.0546
52.0546
52.0546
52.0546
52.0546
52.0546
52.0546
52.0546
52.0546
52.0546
52.0546
52.0546
52.0546
52.0546
52.0546
52.0546
52.0546
52.0546
52.0546
52.0546
52.0546
52.0546
52.0546
52.0546
52.0546
52.0546
52.0546
52.0546
52.0546
52.0546
52.0546
52.0546
52.0546
52.0546
52.0546
52.0546
52.0546
52.0546
52.0546
52.0546
52.0546
52.0546
52.0546
52.0546
52.0546
52.0546
52.0546
52.0546
52.0546
52.0546
52.0546
52.0546
52.0546
52.0546
52.0546
52.0546
52.0546
52.0546
52.0546
52.0546
52.0546
52.0546
52.0546
52.0546
52.0546
52.0546
52.0546
52.0546
52.0546
52.0546
52.0546
52.0546
52.0546
52.0546
52.0546
52.0546
52.0546
52.0546
52.0546
52.0546
52.0546
52.0546
52.0546
52.0546
52.0546
52.0546
52.0546
52.0546
52.0546
52.0546
52.0546
52.0546
52.0546
52.0546
52.0546
52.0546
52.0546
52.0546
52.0546
52.0546
52.0546
52.0546
52.0546
52.0546
52.0546
52.0546
52.0546
52.0546
52.0546
52.0546
52.0546
52.0546
52.0546
52.0546
52.0546
52.0546
52.0546
52.0546
52.0546
52.0546
52.0546
52.0553
52.0546
52.0546
52.0546
52.0546
52.0546
52.0546
52.0546
52.0546
52.0546
52.0546
52.0546
52.0546
52.0546
52.0546
52.0546
52.0546
52.0546
52.0546
52.0546
52.0546
52.0546
52.0546
52.0546
52.0546
52.0546
52.0546
52.0546
52.0546
52.0546
52.0546
52.0546
52.0546
52.0546
52.0546
52.0546
52.0546
52.0546
52.0546
52.0546
52.0546
52.0546
52.0546
52.0546
52.0546
52.0546
52.0546
52.0546
52.0546
52.0546
52.0546
52.0546
52.0546
52.0546
52.0546
52.0546
52.0546
52.0546
52.0546
52.0546
52.0546
52.0546
52.0546
52.0546
52.0546
52.0546
52.0546
52.0546
52.0546
52.0546
52.0546
52.0546
52.0546
52.0546
52.0546
52.0546
52.0546
52.0546
52.0546
52.0546
52.0546
52.0546
52.0546
52.0546
52.0546
52.0546
52.0546
52.0546
52.0546
52.0546
52.0546
52.0546
52.0546
52.0546
52.0546
52.0546
52.0546
52.0546
52.0546


692.301
691.659
646.096
588.365
588.365
578.761
565.98
560.583
560.583
552.205
548.061
538.516
537.796
531.873
528.347
525.926
525.926
522.541
517.088
516.885
503.13
501.322
481.189
461.241
461.241
461.241
432.003
430.734
419.415
414.036
399.658
396.181
375.793
360.575
355.144
319.612
314.446
314.446
313.427
276.691
259.236
257.552
257.412
245.343
242.32
218.309
214.549
214.549
186.83
177.614
177.614
175.536
170.716
161.7
151.686
137.127
132.682
130.529
128.373
124.98
119.666
126.723
115.533
106.877
96.6708
96.6708
95.0349
90.9968
89.4476
85.9089
85.3332
84.1576
74.1591
73.1452
72.126
72.126
71.181
70.4471
69.0516
68.8427
66.4285
65.5866
64.9986
64.7299
64.6355
64.014
63.7411
63.1447
62.7884
62.0181
61.3642
60.3269
60.2026
59.8567
59.3177
59.1313
59.0884
58.8618
58.7674
58.56
58.2937
58.0934
58.0571
58.0395
57.9777
57.9368
57.8624
57.662
57.6186
57.5713
57.5713
57.4833
57.4248
57.4248
57.3827
57.3703
57.3486
57.3174
57.3014
57.2256
57.1671
57.177
57.1683
57.147
57.1177
57.1104
57.1104
57.0856
57.0706
57.0663
57.0428
57.023
57.023
57.0194
57.0075
57.0038
57.0001
56.9897
56.9869
56.9864
56.9811
56.9787
56.9753
56.9668
56.9621
56.937
56.937
56.9354
56.9239
56.9239
56.9208
56.9192
56.918
56.9174
56.9174
56.9174
56.9174
56.915
56.9123
56.9123
56.9091
56.9104
56.9089
56.9086
56.9027
56.9008
56.9007
56.8979
56.8979
56.8973
56.8973
56.8973
56.8962
56.8962
56.896
56.8939
56.8935
56.8934
56.8934
56.8925
56.8925
56.8921
56.8921
56.8905
56.8905
56.8904
56.8901
56.8901
56.8895
56.8891
56.8891
56.8891
56.889
56.8888
56.8888
56.8888
56.8887
56.8886
56.8886
56.8886
56.8885
56.8885
56.8885
56.8883
56.8883
56.8883
56.8883
56.8881
56.8881
56.8881
56.888
56.888
56.888
56.8879
56.8879
56.8879
56.8879
56.8878
56.8878
56.8878
56.8878
56.8878
56.8878
56.8878
56.8878
56.8878
56.8878
56.8878
56.8878
56.8878
56.8877
56.8878
56.8878
56.8878
56.8878
56.8877
56.8877
56.8877
56.8877
56.8877
56.8877
56.8877
56.8877
56.8877
56.8877
56.8877
56.8877
56.8877
56.8877
56.8877
56.8877
56.8877
56.8877
56.8877
56.8877
56.8877
56.8877
56.8877
56.8877
56.8877
56.8877
56.8877
56.8877
56.8877
56.8877
56.8877
56.8877
56.8877
56.8877
56.8877
56.8877
56.8877
56.8877
56.8877
56.8877
56.8877
56.8877
56.8877
56.8877
56.8877
56.8877
56.8877
56.8877
56.8877
56.8877
56.8877
56.8877
56.8877
56.8877
56.8877
56.8877
56.8877
56.8877
56.8877
56.8877
56.8877
56.8877
56.8877
56.8877
56.8877
56.8877
56.8877
56.8877
56.8877
56.8877
56.8877
56.8877
56.8877
56.8877
56.8877
56.8877
56.8877
56.8877
56.8877
56.8877
56.8877
56.8877
56.8877
56.8877
56.8877
56.8877
56.8877
56.8877
56.8877
56.8877
56.8877
56.8877
56.8877
56.8877
56.8877
56.8877
56.8877
56.8877
56.8877
56.8877
56.8877
56.8877
56.8877
56.8877
56.8877
56.8877
56.878
56.1475
55.9136
55.9136
55.6949
55.6949
55.6837
55.6665
55.6449
55.6449
55.422
55.2409
55.2116
54.8359
54.8359
54.4952
54.4952
54.458
54.4399
54.0837
54.2319
53.8369
53.8116
53.7766
53.6824
53.6045
53.4762
53.4242
53.3276
53.0645
52.9827
52.7886
52.7651
52.7651
52.7651
52.7237
52.7152
52.6953
52.5857
52.5493
52.4013
52.4013
52.3821
52.333
52.333
52.333
52.2178
52.2178
52.2116
52.2116
52.1895
52.1895
52.1895
52.1853
52.1853
52.1768
52.1673
52.1614
52.1459
52.1459
52.1432
52.1353
52.1309
52.1287
52.0452
51.9258
51.9258
51.9169
51.8335
51.8335
51.8052
51.7993
51.7993
51.7893
51.7893
51.7798
51.7655
51.7646
51.7555
51.7555
51.7601
51.753
51.75
51.75
51.75
51.7436
51.7422
51.7422
51.7367
51.736
51.7356
51.7297
51.728
51.728
51.728
51.728
51.7272
51.7258
51.7253
51.7252
51.7238
51.7229
51.7228
51.7226
51.7215
51.7215
51.7215
51.7215
51.7214
51.7212
51.7209
51.7208
51.7207
51.7206
51.7206
51.7201
51.7201
51.7199
51.7199
51.7199
51.7197
51.7197
51.7186
51.7185
51.7182
51.7182
51.7182
51.7181
51.7181
51.7179
51.717
51.7165
51.7165
51.7165
51.7165
51.7163
51.7163
51.7163
51.716
51.716
51.7161
51.716
51.716
51.716
51.716
51.7159
51.7158
51.7158
51.7158
51.7157
51.7157
51.7156
51.7156
51.7156
51.7156
51.7155
51.7154
51.7154
51.7154
51.7153
51.7153
51.7153
51.7153
51.7152
51.7152
51.7152
51.7152
51.7152
51.7152
51.7152
51.7152
51.7152
51.7152
51.7151
51.7151
51.7151
51.7151
51.7151
51.7151
51.7151
51.7151
51.7151
51.7151
51.7151
51.7151
51.7151
51.7151
51.7151
51.7151
51.7151
51.7151
51.7151
51.7151
51.7151
51.7151
51.7151
51.7151
51.7151
51.7151
51.7151
51.7151
51.7151
51.7151
51.7151
51.7151
51.7151
51.7151
51.7151
51.7151


845.424
732.063
653.75
630.623
607.342
607.342
588.585
585.409
576.824
564.963
560.973
552.378
545.126
538.928
538.54
529.595
523.698
500.92
491.281
487.19
487.078
459.709
458.823
387.179
376.669
360.115
340.603
298.962
290.731
258.284
229.988
229.988
207.598
202.715
194.265
194.101
187.762
164.973
158.721
153.456
139.113
137.023
137.023
118.551
111.688
102.732
99.8364
94.4821
91.0869
91.0869
86.604
84.5544
82.3674
79.0446
71.8423
71.5518
70.9294
70.6838
66.8993
66.8074
65.5896
63.2659
63.0586
62.0855
62.0622
61.7176
60.5848
60.5848
60.0562
59.4169
58.3774
57.8497
57.4749
57.4649
57.4649
57.2472
57.131
56.856
56.856
56.7793
56.2295
55.9947
55.9947
55.8359
55.693
55.6111
55.5598
55.5374
55.4303
55.4303
55.2553
55.2615
55.2615
55.2484
55.2046
55.1319
55.1194
55.1191
55.1005
55.0828
55.0625
55.0264
55.0082
55.0082
54.9976
54.995
54.9883
54.9875
54.9821
54.9768
54.9749
54.9744
54.9699
54.9577
54.9568
54.9551
54.9535
54.9504
54.9498
54.9498
54.946
54.9463
54.946
54.9444
54.9444
54.9421
54.9409
54.9399
54.9389
54.9385
54.938
54.938
54.9377
54.9366
54.9365
54.9362
54.936
54.9359
54.9358
54.9356
54.9356
54.9354
54.9353
54.9352
54.9351
54.9351
54.935
54.935
54.935
54.9349
54.9349
54.9348
54.9348
54.9347
54.9347
54.9346
54.9346
54.9345
54.9345
54.9345
54.9345
54.9344
54.9344
54.9344
54.9344
54.9344
54.9344
54.9344
54.9344
54.9344
54.9344
54.9344
54.9344
54.9343
54.9343
54.9343
54.9343
54.9343
54.9343
54.9343
54.9343
54.9343
54.9343
54.9343
54.9343
54.9343
54.9343
54.9343
54.9343
54.9343
54.9343
54.9343
54.9343
54.9343
54.9343
54.9343
54.4262
54.4262
54.4262
54.4262
53.6894
53.6894
53.3322
53.1009
53.1009
53.1009
51.4685
51.4685
51.4685
51.4685
51.4225
51.1598
51.157
51.157
51.157
51.157
51.1376
50.6996
50.6996
50.6996
50.6996
50.8217
50.6747
50.6747
50.6747
50.6302
50.6157
50.6138
50.6021
50.6021
50.45
50.5024
50.5024
50.4715
50.4715
50.4707
50.4707
50.3984
50.3984
50.3707
50.3678
50.3993
50.3597
50.3437
50.3132
50.3132
50.3132
50.3132
50.3132
50.3132
50.3025
50.3025
50.3022
50.2822
50.2822
50.2822
50.2822
50.2766
50.2737
50.2695
50.2663
50.2663
50.2663
50.2632
50.2613
50.2613
50.2599
50.2599
50.2595
50.2575
50.2575
50.2575
50.2557
50.2557
50.2543
50.2543
50.2542
50.2531
50.2531
50.2531
50.2521
50.2521
50.2518
50.2504
50.2503
50.2503
50.2503
50.2501
50.2497
50.2497
50.2495
50.2495
50.2491
50.2491
50.2491
50.2491
50.2491
50.249
50.249
50.2487
50.2487
50.2486
50.2486
50.2486
50.2485
50.2484
50.2484
50.2484
50.2484
50.2484
50.2483
50.2483
50.2483
50.2483
50.2482
50.2482
50.2482
50.2482
50.2482
50.2482
50.2482
50.2482
50.2482
50.2482
50.2482
50.2482
50.2482
50.2482
50.2482
50.2482
50.2482
50.2482
50.2482
50.2482
50.2482
50.2482
50.2481
50.2481
50.2481
50.2481
50.2481
50.2481
50.2481
50.2481
50.2481
50.2481
50.2481
50.2481
50.2481
50.2481
50.2481
50.3061
50.2481
50.2481
50.2481
50.2481
50.2481
50.2481
50.2481
50.2481
50.2481
50.2481
50.2481
50.2481
50.2481
50.2481
50.2481
50.2481
50.2481
50.2481
50.2481
50.2481
50.2481
50.2481
50.2481
50.2481
50.2481
50.2481
50.2481
50.2481
50.2481
50.2481
50.2481
50.2481
50.2481
50.2481
50.2481
50.2481
50.2481
50.2481
50.2481
50.2481
50.2481
50.2481
50.2481
50.2481
50.2481
50.2481
50.2481
50.2481
50.2481
50.2481
50.2481
50.2481
50.2481
50.2481
50.2481
50.2481
50.2481
50.2481
50.2481
50.2481
50.2481
50.2481
50.2481
50.2481
50.2481
50.2481
50.2481
50.2481
50.2481
50.2481
50.2481
50.2481
50.2481
50.2481
50.2481
50.2481
50.2481
50.2481
50.2481
50.2481
50.2481
50.2481
50.2481
50.2481
50.2481
50.2481
50.2481
50.2481
50.2481
50.2481
50.2481
50.2481
50.2481
50.2481
50.2481
50.2481
50.2481
50.2481
50.2481
50.2481
50.2481
50.2481
50.2481
50.2481
50.2481
50.2481
50.2481
50.2481
50.2481
50.2481
50.2481
50.2481
50.2481
50.2481
50.2481
50.2481
50.2481
50.2481
50.2481
50.2481
50.2481
50.2481
50.2481
50.2481
50.2481
50.2481
50.2481
50.2481
50.2481
50.2481
50.2481
50.2481
50.2481
50.2481
50.2481
50.2481
50.2481
50.2481
50.2481
50.2481
50.2481
50.2481
50.2481
50.2481
50.2481
50.2481
50.2481
50.2481


637.388
599.931
564.189
522.647
521.292
513.518
495.097
488.91
488.91
468.823
465.324
456.2
450.339
444.492
443.735
429.542
384.385
374.072
374.072
365.69
363.528
347.891
347.72
332
325.863
318.369
291.639
285.316
242.766
227.706
210.771
220.252
211.139
199.762
196.439
186.712
177.646
169.907
166.85
165.514
165.201
164.271
151.212
150.09
140.862
140.15
139.609
128.641
127.112
122.609
121.463
117.344
102.565
102.565
101.512
101.132
101.026
100.654
94.8217
93.4672
93.4672
92.0149
91.9718
91.2928
91.2731
89.9927
89.9927
87.5887
85.6401
85.4791
84.7586
84.4275
83.7549
83.7549
82.5636
82.5305
82.4771
81.9882
81.9835
81.9735
81.8829
81.3393
81.3123
81.3123
81.2281
81.0265
81.007
80.9893
80.5858
80.5763
80.5426
80.5882
80.4352
80.394
80.3879
80.3653
80.3583
80.3133
80.2908
80.1872
80.1872
80.2091
80.2019
80.1723
80.166
80.141
80.1406
80.1346
80.1331
80.1206
80.0992
80.0436
80.0389
80.0383
80.0383
80.0383
80.0377
80.0281
80.0209
80.0201
80.015
80.0144
79.9966
79.9878
79.9878
79.9802
79.9766
79.9764
79.9763
79.9755
79.9753
79.9748
79.9748
79.9743
79.9662
79.9662
79.966
79.9641
79.9631
79.9631
79.963
79.9625
79.9624
79.9622
79.9612
79.961
79.9609
79.9609
79.9601
79.9599
79.9599
79.9591
79.9591
79.9585
79.9585
79.958
79.958
79.9578
79.9578
79.9578
79.9578
79.9576
79.9576
79.9576
79.9576
79.9576
79.9576
79.9575
79.9574
79.9574
79.9573
79.9573
79.9573
79.9573
79.9573
79.9573
79.9573
79.9573
79.9572
79.9572
79.9572
79.9572
79.9572
79.9572
79.9571
79.9571
79.9571
79.9571
79.9571
79.9571
79.9571
79.9571
79.9571
79.9571
79.9571
79.9571
79.9571
79.9571
79.9571
79.9571
79.9571
79.9571
79.9571
79.9571
79.9571
79.9571
79.9571
79.9571
79.9571
79.9571
79.9571
79.9571
79.9571
79.9571
79.9571
79.9571
79.9571
79.9571
79.9571
79.9571
79.9571
79.9571
79.9571
79.9571
79.9571
79.957
79.957
79.957
79.957
79.957
79.957
79.957
79.957
79.957
79.957
79.957
79.957
79.957
79.957
79.957
79.957
79.957
79.957
79.957
79.957
79.957
79.957
79.957
79.957
79.957
79.957
79.957
79.957
79.957
79.957
79.957
79.7473
79.7473
79.7473
79.7473
79.7473
79.9639
79.8569
79.5245
79.4148
79.4148
79.3467
79.2458
79.2458
79.1856
79.1856
79.0521
78.9264
78.9264
78.7723
78.7723
78.7723
78.7015
78.7015
78.6763
78.635
78.603
78.603
78.5299
78.5299
78.5299
78.5096
76.8189
76.8189
76.8189
76.8189
76.8189
76.7476
76.7209
76.2574
76.2574
76.2062
75.9176
75.9176
75.8909
75.8909
75.8909
75.8909
75.8873
75.8764
75.8537
75.8483
75.8477
75.8197
75.8114
75.7151
75.7151
75.7151
75.6717
75.6538
75.6538
75.6538
75.6478
75.6451
75.5864
75.5331
75.5235
75.5235
75.468
75.4129
75.4129
75.3806
75.3158
75.3079
75.3066
75.3066
75.297
75.297
75.2301
75.1989
75.1753
75.1753
75.1539
75.1224
75.1224
75.1224
75.1165
75.1165
75.1088
75.1037
75.1037
75.1037
75.1016
75.0997
75.095
75.095
75.0736
75.0736
75.0736
75.0736
75.0667
75.0667
75.0656
75.0656
75.0588
75.0509
75.0509
75.0497
75.0484
75.0478
75.0476
75.0433
75.0433
75.0415
75.0374
75.0331
75.0347
75.0324
75.0317
75.0315
75.0315
75.0315
75.0312
75.0312
75.0311
75.0311
75.0311
75.0305
75.0303
75.0301
75.0301
75.03
75.0296
75.0283
75.0278
75.0277
75.0277
75.0274
75.0272
75.0266
75.0266
75.0264
75.026
75.026
75.0259
75.0259
75.0252
75.0252
75.0252
75.0252
75.0251
75.025
75.025
75.0249
75.0248
75.0248
75.0248
75.0248
75.0247
75.0247
75.0247
75.0247
75.0247
75.0247
75.0247
75.0247
75.0247
75.0246
75.0245
75.0244
75.0244
75.0244
75.0244
75.0244
75.0243
75.0243
75.0243
75.0243
75.0243
75.0243
75.0242
75.0242
75.0242
75.0242
75.0242
75.0242
75.0242
75.0242
75.0242
75.0242
75.0242
75.0242
75.0242
75.0242
75.0242


739.328
614.754
587.858
564.943
534.715
523.02
505.26
501.992
493.719
470.644
440.891
452.294
426.996
424.617
418.379
416.131
404.815
394.418
391.331
381.183
366.901
352.162
340.345
324.705
323.127
300.228
283.98
249.002
246.664
208.658
208.275
203.463
196.858
196.511
191.64
177.364
171.106
169.913
166.544
158.398
136.31
144.942
124.238
120.937
117.8
110.438
110.438
108.342
101.6
94.6243
91.9119
89.3928
88.9645
86.5622
68.9629
68.9629
67.659
67.4885
67.0023
64.5943
64.4036
62.7111
60.1303
59.7014
59.2485
58.2862
58.256
57.6349
57.5243
56.1608
55.915
55.9091
55.7179
55.5934
55.4917
55.0789
54.7536
54.635
54.5043
54.1951
54.1951
53.8315
53.8315
53.7565
53.7159
53.682
53.6776
53.5575
53.5055
53.4989
53.4758
53.4404
53.3661
53.3661
53.3442
53.3346
53.3205
53.3011
53.26
53.2552
53.2519
53.2513
53.2406
53.2406
53.2295
53.2283
53.2283
53.2189
53.216
53.2144
53.2097
53.2063
53.2063
53.2016
53.2007
53.1996
53.1996
53.1993
53.1957
53.1955
53.1946
53.1938
53.192
53.191
53.191
53.1903
53.1901
53.1897
53.1896
53.1896
53.189
53.1887
53.1885
53.1883
53.1881
53.1879
53.1878
53.1878
53.1877
53.1875
53.1875
53.1874
53.1874
53.1874
53.1873
53.1873
53.1872
53.1872
53.1872
53.1871
53.1871
53.1871
53.1871
53.1871
53.1871
53.1871
53.187
53.187
53.187
53.187
53.187
53.187
53.187
53.187
53.187
53.187
53.187
53.187
53.187
53.187
53.187
53.187
53.187
53.187
53.187
53.187
53.187
53.187
53.187
53.187
53.187
53.187
53.187
53.187
53.187
53.187
53.187
53.187
53.187
53.187
53.187
53.187
53.187
53.187
53.187
53.187
53.187
53.187
53.187
53.187
53.187
53.187
53.187
53.187
53.187
53.187
53.187
53.187
53.187
53.187
53.187
53.187
53.187
53.187
53.187
53.187
53.187
53.187
53.187
53.187
53.187
53.187
53.187
53.187
53.187
53.187
53.187
53.187
53.187
53.187
53.187
53.187
53.187
53.187
53.187
53.187
53.187
53.187
53.187
53.187
53.187
53.187
53.187
53.187
53.187
53.187
53.187
53.187
53.187
53.187
53.187
53.187
53.187
53.187
53.187
53.187
53.187
53.187
53.187
53.187
53.187
53.187
53.187
53.187
53.187
53.187
53.187
53.187
53.187
53.187
53.187
53.187
53.187
53.187
53.187
53.187
53.187
53.187
53.187
53.187
53.187
53.187
53.187
53.187
53.187
53.187
53.187
53.187
53.187
53.187
53.187
53.187
53.187
53.187
53.187
53.187
53.187
53.187
53.187
53.187
53.187
53.187
53.187
53.187
53.187
53.187
53.187
53.187
53.187
53.187
53.187
53.187
53.187
53.187
53.187
53.187
53.187
53.187
53.187
53.187
53.187
53.187
53.187
53.187
53.187
53.187
53.187
53.187
53.187
53.187
53.187
53.187
53.187
53.187
53.187
53.187
53.187
53.187
53.187
53.187
53.187
53.187
53.187
53.187
53.187
53.187
53.187
53.187
53.187
53.187
53.187
53.187
53.187
53.187
53.187
53.187
53.187
53.187
53.187
53.187
53.187
53.187
53.187
53.187
53.187
53.187
53.187
53.187
53.187
53.187
53.187
53.187
53.187
53.187
53.187
53.187
53.187
53.187
53.187
53.187
53.187
53.187
53.187
53.187
53.187
53.187
53.187
53.187
53.187
53.187
53.187
53.187
53.187
53.187
53.187
53.187
53.187
53.187
53.187
53.187


612.086
542.56
482.696
469.695
464.48
459.563
440.505
439.441
435.796
422.686
413.274
412.995
398.395
392.288
369.996
354.683
354.381
354.273
353.439
329.917
329.916
329.522
313.364
313.349
307.777
307.774
300.31
292.85
285.142
279.885
275.101
275.101
272.184
270.862
270.473
270.473
268.344
267.8
267.08
264.986
264.378
264.986
264.371
263.879
263.273
263.273
262.99
262.99
262.976
262.661
262.598
262.408
262.017
261.922
261.862
261.845
261.511
261.489
261.489
261.489
261.361
261.361
261.361
261.361
261.34
261.292
261.292
261.258
261.258
261.238
261.213
261.212
261.201
261.193
261.193
261.188
261.181
261.176
261.175
261.175
261.174
261.174
261.169
261.169
261.169
261.169
261.168
261.168
261.167
261.167
261.166
261.166
261.166
261.166
261.165
261.165
261.165
261.165
261.165
261.164
261.164
261.164
261.164
261.164
261.164
261.164
261.164
261.164
261.164
261.164
261.164
261.164
261.164
261.164
261.164
261.164
261.164
261.164
261.164
261.164
261.164
261.164
261.164
261.164
261.164
261.164
261.164
261.164
261.164
261.164
261.164
261.164
261.164
261.164
261.164
261.164
261.164
261.164
261.164
261.164
261.164
261.164
261.164
261.164
261.164
261.164
261.164
261.164
261.164
261.164
261.164
261.164
261.164
261.164
261.164
261.164
261.164
261.164
261.164
261.164
261.164
261.164
261.164
261.164
261.164
261.164
261.164
261.164
261.164
261.164
261.164
261.164
261.164
261.164
261.164
261.164
261.164
261.164
261.164
261.164
261.164
261.164
261.164
261.164
261.164
261.164
261.164
261.164
261.164
261.164
261.164
261.164
261.164
261.164
261.164
261.164
261.164
261.164
261.164
261.164
261.164
261.164
261.164
261.164
261.164
261.164
261.164
261.164
261.164
261.164
261.164
261.164
261.164
261.164
261.164
261.164
261.164
261.164
261.164
261.164
261.164
261.164
261.164
261.164
261.164
261.164
261.164
261.164
261.164
261.164
261.164
261.164
261.164
261.164
261.164
261.164
261.164
261.164
261.164
261.164
261.164
261.164
261.164
261.164
261.164
261.164
261.164
261.164
261.164
261.164
261.164
261.164
261.164
261.164
261.164
261.164
261.164
261.164
261.164
261.164
261.164
261.164
261.164
261.164
261.164
261.164
261.164
261.164
261.164
261.164
261.164
261.164
261.164
261.164
261.164
261.164
261.164
261.164
261.164
261.164
261.164
261.164
261.164
261.164
261.164
261.164
261.164
261.164
261.164
261.164
261.164
261.164
261.164
261.164
261.164
261.164
261.164
261.164
261.164
261.164
261.164
261.164
261.164
261.164
261.164
261.164
261.164
261.164
261.164
261.164
261.164
261.167
261.164
261.164
261.164
261.164
261.164
261.164
261.164
261.164
261.164
261.164
261.164
261.164
261.164
261.164
261.164
261.164
261.164
261.164
261.164
261.164
261.164
261.164
261.164
261.164
261.164
261.164
261.164
261.164
261.164
261.164
261.164
261.164
261.164
261.164
261.164
261.164
261.164
261.164


489.97
477.865
471.275
467.722
462.552
445.549
441.171
432.227
412.456
411.824
393.748
379.847
372.788
372.614
337.62
331.181
331.141
304.921
304.921
293.877
293.86
283.138
283.138
282.946
281.57
277.813
277.812
269.46
262.876
262.876
262.527
260.509
259.984
257.334
256.361
256.361
256.361
251.792
251.502
251.261
251.261
251.261
250.673
250.673
250.557
250.439
250.292
250.292
250.21
250.117
250.079
249.989
249.93
249.81
249.81
249.768
249.768
249.682
249.682
249.682
249.673
249.664
249.659
249.651
249.633
249.625
249.618
249.616
249.616
249.616
249.601
249.601
249.601
249.6
249.6
249.598
249.598
249.598
249.598
249.598
249.597
249.597
249.597
249.597
249.596
244.014
244.014
244.014
244.014
244.014
244.014
250.903
249.596
249.596
249.596
249.596
249.596
249.596
249.596
249.596
249.596
249.596
249.596
249.596
249.596
249.596
249.596
249.596
249.596
249.596
249.596
249.596
249.596
249.596
249.596
249.596
249.596
249.596
249.596
249.596
249.596
249.596
249.596
249.596
249.596
249.596
249.596
249.596
249.596
249.596
249.596
249.596
249.596
249.596
249.596
249.596
249.596
249.596
249.596
249.596
249.596
249.596
249.596
249.596
249.596
249.596
249.596
249.596
249.596
249.596
249.596
249.596
249.596
249.596
249.596
249.596
249.596
249.596
249.596
249.596
249.596
249.596
249.596
249.596
249.596
249.596
249.596
249.596
249.596
249.596
249.596
249.596
249.596
249.596
249.596
249.596
249.596
249.596
249.596
249.596
249.596
249.596
249.596
249.596
249.596
249.596
249.596
249.596
249.596
249.596
249.596
249.596
249.596
249.596
249.596
249.596
249.596
249.596
249.596
249.596
249.596
249.596
249.596
249.596
249.596
249.596
249.596
249.596
249.596
249.596
249.596
249.596
249.596
249.596
249.596
249.596
249.596
249.596
249.596
249.596
249.596
249.596
249.596
249.596
249.596
249.596
249.596
249.596
249.596
249.596
249.596
249.596
249.596
249.596
249.596
249.596
249.596
249.596
249.596
249.596
249.596
249.596
249.596
249.596
249.596
249.596
249.596
249.596
249.596
249.596
249.596
249.596
249.596
249.596
249.596
249.596
249.596
249.596
249.596
249.596
249.596
249.596
249.596
249.596
249.596
249.596
249.596
249.596
249.596
249.596
249.596
249.596
249.596
249.596
249.596
249.596
249.596
249.596
249.596
249.596
249.596
249.596
249.596
249.596
249.596
249.596
249.596
249.596
249.596
249.596
249.596
249.596
249.596
249.596
249.596
249.596
249.596
249.596
249.596
249.596


476.216
392.515
381.867
375.983
374.495
373.295
366.297
353.709
341.294
317.335
314.427
300.376
286.674
235.677
222.53
203.565
171.803
152.169
139.613
123.219
117.799
109.628
104.011
91.6999
89.3756
69.3119
61.3117
58.7029
58.7029
53.1618
50.4369
47.2551
46.6201
44.3357
43.6488
43.6488
42.8492
42.5877
41.9067
41.9067
41.7358
41.6538
41.6036
41.2548
41.2018
41.1452
41.06
41.0363
40.9649
40.906
40.8946
40.8897
40.8635
40.8635
40.8295
40.8248
40.823
40.8184
40.8123
40.8091
40.8056
40.8046
40.8036
40.8036
40.8027
40.8022
40.8014
40.8014
40.8006
40.7996
40.7994
40.7992
40.7992
40.799
40.7988
40.7988
40.7987
40.7986
40.7986
40.7985
40.7985
40.7985
40.7985
40.7985
40.7985
40.7984
40.7984
40.7984
40.7984
40.7984
40.7984
40.7984
40.7984
40.7984
40.7984
40.7984
40.7984
40.7984
40.7984
40.7984
40.7984
40.7984
40.7984
40.7984
40.7984
40.7984
40.7984
40.7984
40.7984
40.7984
40.7984
40.7984
40.7984
40.7984
40.7984
40.7984
40.7984
40.7984
40.7984
40.7984
40.7984
40.7984
40.7984
40.7984
40.7984
40.7984
40.7984
40.7984
40.7984
40.7984
40.7984
40.7984
40.7984
40.7984
40.7984
40.7984
40.7984
40.7984
40.7984
40.7984
40.7984
40.7984
40.7984
40.7984
40.7984
40.7984
40.7984
40.7984
40.7984
40.7984
40.7984
40.7984
40.7984
40.7984
40.7984
40.7984
40.7984
40.7984
40.7984
40.7984
40.7984
40.7984
40.7984
40.7984
40.7984
40.7984
40.7984
40.7984
40.7984
40.7984
40.7984
40.7984
40.7984
40.7984
40.7984
40.7984
40.7984
40.7984
40.7984
40.7984
40.7984
40.7984
40.7984
40.7984
40.7984
40.7984
40.7984
40.7984
40.7984
40.7984
40.7984
40.7984
40.7984
40.7984
40.7984
40.7984
40.7984
40.7984
40.7984
40.7984
40.7984
40.7984
40.7984
40.7984
40.7984
40.7984
40.7984
40.7984
40.7984
40.7984
40.7984
40.7984
40.7984
40.7984
40.7984
40.7984
40.7984
40.7984
40.7984
40.7984
40.7984
40.7984
40.7984
40.7984
40.7984
40.7984
40.7984
40.7984
40.7984
40.7984
40.7984
40.7984
40.7984
40.7984
40.7984
40.7984
40.7984
40.7984
40.7984
40.7984
40.7984
40.7984
40.7984
40.7984
40.7984
40.7984
40.7984
40.7984
40.7984
40.7984


566.417
536.922
505.058
504.488
484.581
468.133
450.863
450.863
428.23
399.103
386.926
356.126
356.126
346.712
322.989
294.594
294.502
286.369
250.49
226.131
210.016
190.645
174.923
168.396
160.065
157.178
129.141
129.141
125.448
115.29
108.493
103.326
85.2424
84.2117
82.4435
79.9975
77.3073
75.155
71.7605
68.2907
67.919
67.4343
66.0525
54.7021
54.0638
53.7209
53.6699
53.1707
52.6658
51.8564
51.7387
51.4868
51.3775
50.9451
50.4538
50.4538
50.4088
50.1959
50.0628
49.6853
49.2687
49.2303
49.2303
49.1586
49.1135
48.7936
48.5515
48.5343
48.499
48.457
48.4566
48.4481
48.3751
48.3304
48.2933
48.2392
48.2362
48.2293
48.1885
48.1668
48.1662
48.1433
48.1431
48.1428
48.1428
48.1427
48.1238
48.1175
48.1172
48.1108
48.1108
48.1108
48.106
48.1017
48.1017
48.0997
48.096
48.0945
48.0945
48.0941
48.0941
48.092
48.0911
48.0901
48.0901
48.0901
48.0892
48.0874
48.0874
48.0871
48.0859
48.0858
48.0858
48.0858
48.0858
48.0858
48.0858
48.0858
48.0857
48.0857
48.0855
48.0855
48.0855
48.0855
48.0855
48.0855
48.0854
48.0854
48.0854
48.0854
48.0854
48.0854
48.0854
48.0854
48.0854
48.0854
48.0854
48.0853
48.0853
48.0853
48.0853
48.0853
48.0853
48.0853
48.0853
48.0853
48.0853
48.0853
48.0853
48.0853
48.0853
48.0853
48.0853
48.0853
48.0853
48.0853
48.0853
48.0853
48.0853
48.0853
48.0853
48.0853
48.0853
48.0853
48.0853
48.0853
48.0853
48.0853
48.0853
48.0853
48.0853
48.0853
48.0853
45.2682
45.2682
44.6031
44.6031
44.2749
43.4556
41.5048
40.7315
40.6422
40.4482
39.9511
39.5811
37.6396
37.508
37.0135
36.6922
36.6922
36.4962
36.3303
36.3303
36.3303
36.129
36.129
35.9756
35.4247
35.4247
35.4247
35.4076
35.4371
35.3606
35.1947
35.1619
35.1619
35.1384
35.1082
35.1082
35.0719
34.986
34.9938
34.9693
34.9617
34.8901
34.8901
34.8714
34.8068
34.8068
34.8068
34.8068
34.7742
34.7742
34.7621
34.7379
34.7367
34.7094
34.6909
34.6889
34.6536
34.6536
34.6392
34.6355
34.6281
34.6281
34.6281
34.6225
34.6019
34.5711
34.5668
34.5668
34.5668
34.555
34.5503
34.5503
34.5503
34.5492
34.549
34.549
34.54
34.54
34.535
34.535
34.535
34.534
34.5312
34.5302
34.5239
34.5232
34.5232
34.5232
34.5214
34.5209
34.5209
34.5194
34.5194
34.5194
34.5194
34.519
34.5176
34.5173
34.5173
34.5173
34.5172
34.5172
34.5166
34.5166
34.5166
34.5165
34.5159
34.5157
34.5157
34.5157
34.5151
34.5148
34.5143
34.514
34.5139
34.5138
34.5138
34.5137
34.5137
34.5137
34.5137
34.5137
34.5137
34.5137
34.5137
34.5136
34.5136


657.608
604.081
603.204
570.807
557.857
535.991
517.274
476.046
457.131
415.549
405.974
405.974
381.805
358.196
358.196
352.648
347.687
340.162
322.215
305.698
305.353
287.942
282.3
256.048
253.15
226.115
193.285
193.285
168.036
165.549
145.023
133.876
118.094
110.096
106.41
106.167
102.125
96.4662
93.8142
91.1873
84.9614
82.9223
82.9223
82.3662
80.4018
80.1451
77.9907
77.1473
76.8741
76.3882
75.787
73.6358
73.6358
72.8759
72.7324
72.7324
72.6489
72.3503
71.8566
71.8566
71.6366
71.6032
67.9975
65.3123
63.5685
55.5759
49.6308
49.6169
49.6129
47.9872
45.4802
44.5256
43.4681
43.3831
42.81
42.4653
42.0406
41.4651
40.5635
40.5348
39.96
40.0642
39.8138
39.8138
39.8138
39.7685
39.6129
39.4177
39.3656
39.2689
39.2686
39.3529
39.3059
39.3057
39.258
39.2578
39.2247
39.1768
39.0738
39.0371
39.0102
39.0103
39.0102
39.0101
39.0101
39.0101
39.0101
39.0099
38.9943
38.9668
38.9532
38.9243
38.9018
38.9018
38.9017
38.9017
38.8817
38.8817
38.8815
38.8814
38.8694
38.8681
38.8505
38.8489
38.8489
38.8478
38.8478
38.8469
38.8442
38.8433
38.8419
38.8424
38.8422
38.8421
38.8417
38.8413
38.8413
38.8408
38.8397
38.8397
38.8397
38.8397
38.8397
38.8397
38.8397
38.8392
38.8392
38.8392
38.8391
38.8391
38.8391
38.839
38.839
38.839
38.839
38.839
38.839
38.839
38.839
38.839
38.8389
38.8389
38.8389
38.8389
38.8389
38.8388
38.8388
38.8388
38.8388
38.2703
38.2703
38.2703
38.2703
38.1574
38.1574
37.7004
37.7004
37.4241
37.4241
37.4241
36.9726
36.7652
35.8072
34.7894
33.8446
32.8336
30.8275
30.5089
30.5089
29.7228
28.8661
28.6128
28.5702
28.4229
28.1256
27.3107
27.3107
26.3778
26.3778
26.2493
26.2493
26.2039
26.2039
26.2039
26.2039
26.1599
26.1104
26.0739
25.7889
25.7889
25.7889
25.7889
24.7284
24.7284
24.5995
24.5995
24.5995
24.5632
24.5134
24.5134
24.4313
24.4296
24.3707
24.3223
24.3052
24.2563
24.2563
24.2085
24.0016
24.0016
24.0016
24.0419
23.9168
23.9168
23.8863
23.8863
23.8566
23.8566
23.8522
23.8522
23.837
23.8319
23.8274
23.8095
23.7869
23.7869
23.7734
23.7734
23.7734
23.7734
23.7717
23.7717
23.768
23.768
23.7675
23.7675
23.7671
23.7643
23.7643
23.7524
23.7524
23.7496
23.749
23.749
23.7487
23.7472
23.7467
23.7466
23.7442
23.7437
23.7422
23.7418
23.7418
23.7417
23.7416
23.7416
23.7415
23.7415
23.7415
23.7415
23.7415
23.7415
23.7415
23.7411
23.741
23.741
23.741
23.7409
23.7405
23.7405
23.7405
23.7403
23.7401
23.7397
23.7395
23.7394
23.7393
23.7392
23.7384
23.7359
23.7329
23.7293
23.7286
23.7285
23.725
23.7231
23.7196
23.7196
23.7196
23.7167
23.7156
23.7115
23.7111
23.7111
23.711
23.7109
23.7109
23.7108
23.7106
23.7106
23.7105
23.7105
23.7105
23.71
23.71
23.7097
23.7095
23.7095
23.7095
23.7095
23.7094
23.7095
23.7093
23.7092
23.7092
23.7092
23.7091
23.709
23.709
23.7089
23.7089
23.7089
23.7089
23.7089
23.7089
23.7088
23.7088
23.7087
23.7086
23.7086


711.99
689.158
656.999
653.587
641.529
632.502
631.298
620.327
584.202
575.066
557.539
512.878
491.245
480.457
480.454
469.5
421.481
419.665
416.293
409.374
384.008
375.851
349.749
299.094
269.469
261.753
242.223
211.386
205.041
200.718
194.843
188.689
156.03
147.091
142.519
115.817
115.539
102.673
100.048
93.8663
87.5824
87.2589
84.42
81.3584
81.3584
80.0087
80.0087
76.1899
74.7779
74.7003
72.9606
70.4782
70.45
70.2047
69.8543
68.7614
68.1933
67.6568
67.143
67.1019
66.7454
66.2746
65.946
65.7938
65.5986
65.3628
64.8417
64.8281
64.6969
64.6178
64.6178
64.4326
64.3238
64.2693
64.2321
64.1151
64.0913
64.072
64.0297
64.0084
63.9484
63.9282
63.9256
63.916
63.8997
63.8769
63.8737
63.8573
63.8526
63.8246
63.8191
63.818
63.8057
63.7907
63.7863
63.7839
63.7756
63.7738
63.7738
63.7679
63.7675
63.7676
63.765
63.7643
63.7643
63.7629
63.7625
63.7619
63.7606
63.7595
63.7584
63.7573
63.7571
63.7566
63.7561
63.756
63.756
63.756
63.7557
63.7555
63.7553
63.7551
63.755
63.6055
63.6054
61.0072
60.7772
60.7772
60.7772
60.7772
59.6384
57.675
57.675
56.0038
56.0038
56.0037
55.9873
52.0888
50.22
50.22
49.9523
50.8689
50.1732
49.9458
49.9458
49.9458
49.917
49.917
49.8764
49.7911
49.7911
49.5551
48.9956
48.9956
48.7975
48.7975
48.7975
48.7975
48.7975
48.7975
48.6754
48.0493
47.5912
47.5293
47.2243
47.2243
47.0275
46.883
46.5767
46.5767
46.4872
46.4594
46.4594
46.4594
46.3978
46.2174
46.2174
46.1805
46.1805
46.1642
46.0967
46.0123
46.0054
46.0054
45.9913
45.9913
45.9827
45.9827
45.9012
45.9012
45.8756
45.8756
45.8756
45.8756
45.8696
45.8696
45.8474
45.8474
45.8363
45.8311
45.8278
45.8278
45.8273
45.8248
45.8248
45.8248
45.8235
45.8235
45.8207
45.8207
45.8207
45.8193
45.8193
45.8185
45.8185
45.8163
45.815
45.815
45.815
45.8147
45.8147
45.8146
45.8145
45.814
45.8116
45.8116
45.8116
45.8113
45.8113
45.811
45.8108
45.8115
45.8111
45.8111
45.8111
45.8104
45.8104
45.8104
45.81
45.81
45.81
45.81
45.8098
45.8098
45.8096
45.8096
45.8093
45.8093
45.8093
45.8093
45.8092
45.8092
45.8092
45.8092
45.8092
45.8092
45.8092
45.8091
45.8091
45.8091
45.8091
45.8091
45.8091
45.8091
45.8091
45.8091
45.8091
45.8091
45.8091
45.8091
45.8091
45.8114
45.8091
45.8091
45.8091
45.8091
45.8091
45.8091
45.8091
45.8091
45.8091
45.8091
45.8091
45.8091
45.8091
45.8091
45.8091
45.8091
45.8091
45.8091
45.8091
45.8091
45.8091
45.8091
45.8091
45.8091
45.8091
45.8091
45.8091
45.8091
45.8091
45.8091
45.8091
45.8091
45.8091
45.8091
45.8091
45.8091
45.8091
45.8091
45.8091
45.8091
45.8091
45.8091
45.8091
45.8091
45.8091
45.8091
45.8091
45.8091
45.8091
45.8091
45.8091
45.8091
45.8091
45.8091
45.8091
45.8091
45.8091
45.8091
45.8091
45.8091
45.8091
45.8091
45.8091
45.8091
45.8091
45.8091
45.8091
45.8091
45.8091
45.8091
45.8091
45.8091
45.8091
45.8091
45.8091
45.8091
45.8091
45.8091
45.8091
45.8091
45.8091
45.8091
45.8091
45.8091
45.8091
45.8091
45.8091
45.8091
45.8091
45.8091
45.8091
45.8091
45.8091
45.8091
45.8091
45.8091
45.8091
45.8091
45.8091
45.8091
45.8091
45.8091
45.8091
45.8091
45.8091
45.8091
45.8091
45.8091
45.8091
45.8091
45.8091
45.8091
45.8091
45.8091
45.8091
45.8091
45.8091
45.8091
45.8091
45.8091
45.8091
45.8091
45.8091
45.8091
45.8091
45.8091
45.8091
45.8091


734.251
673.638
631.227
587.891
559.816
544.517
532.321
516.937
515.682
507.447
498.454
488.978
488.441
485.649
482.411
482.277
479.329
476.258
457.667
452.175
428.745
375.967
375.77
356.641
307.805
277.607
269.602
269.602
205.334
195.572
195.572
186.214
185.081
170.878
160.601
156.447
139.983
134.939
126.717
117.483
116.293
109.764
109.764
97.3796
91.712
91.712
87.7094
75.7647
74.01
72.496
72.496
70.3916
67.5547
66.4389
63.9597
55.9059
55.9059
53.8008
52.3862
51.6435
50.1047
46.7701
46.4333
45.8876
45.7563
43.7905
43.7905
42.7072
42.6827
42.507
42.443
42.5569
41.5101
40.4592
40.2752
39.8152
39.5822
39.4624
39.2657
38.3181
37.591
37.676
37.6005
37.4095
37.3982
37.1298
37.1298
36.9904
36.958
36.5976
36.5893
36.55
36.4764
36.3749
36.3222
36.2725
36.2725
36.2288
36.2288
36.2288
36.1905
36.1905
36.0965
36.0965
36.0483
36.0483
36.0323
36.0188
36.014
36.0111
35.9534
35.9141
35.9141
35.9084
35.9068
35.9054
35.9044
35.9044
35.8887
35.8885
35.8826
35.878
35.8763
35.8716
35.8657
35.8639
35.8581
35.856
35.856
35.8555
35.8555
35.8545
35.8545
35.8533
35.8531
35.8525
35.8515
35.8512
35.8507
35.8505
35.8502
35.8499
35.8494
35.8494
35.849
35.8488
35.8488
35.8485
35.848
35.848
35.8478
35.8478
35.8477
35.8473
35.8472
35.8471
35.8471
35.847
35.847
35.8468
35.8468
35.8468
35.8468
35.8467
35.8467
35.8467
35.8467
35.8466
35.8466
35.8466
35.8466
35.8466
35.8466
35.8466
35.8466
35.8466
35.8466
35.8465
35.8465
35.8465
35.8465
35.8465
35.8465
35.8465
35.8465
35.8465
35.8465
35.8465
35.8465
35.8465
35.8465
35.8465
35.8465
35.8465
35.8465
35.8465
35.8465
35.8465
35.8465
35.8465
35.8465
35.8465
35.8465
35.8465
35.8465
35.8465
35.8465
35.8465
35.8465
35.8465
35.8465
35.8465
35.8465
35.8465
35.8465
35.8465
35.8465
35.8465
35.8465
35.8465
35.8465
35.8465
35.8465
35.8465
35.8465
35.8465
35.8465
35.8465
35.8465
35.8465
35.8465
35.8465
35.8465
35.8465
35.8465
35.8465
35.8465
35.8465
35.8465
35.8465
35.8465
35.8465
35.8465
35.8465
35.8465
35.8465
35.8465
35.8465
35.8465
35.8465
35.8465
35.8465
35.8465
35.8465
35.8465
35.8465
35.8465
35.8465
35.8465
35.8465
35.8465
35.8465
35.8465
35.8465
35.8465
35.8465
35.8465
35.8465
35.8465
35.8465
35.8465
35.8465
35.8465
35.8465
35.8465
35.8465
35.8465
35.8465
35.8465
35.8465
35.8465
35.8465
35.8465
35.8465
35.8465
35.8465
35.8465
35.8465
35.8465
35.8465
35.8465
35.8465
35.8465
35.8465
35.8465
35.8465
35.8465
35.8465
35.8465
35.8465
35.8465
35.8465
35.8465
35.8465
35.8465
35.8465
35.8465
35.8465
35.8465
35.8465
35.8465
35.8465
35.8465
35.8465
35.8465
35.8465
35.8465
35.8465
35.8465
35.8465
35.8465
35.8465
35.8465
35.8465
35.8465
35.8465
35.8465
35.8465
35.8465
35.8465
35.8465
35.8465
35.8465
35.8465
35.8465
35.8465
35.8465
35.8465
35.8465
35.8465
35.8465
35.8465
35.8465
35.8465
35.8465
35.8465
35.8465
35.8465
35.8465
35.8465
35.8465
35.8465
35.8465
35.8465
35.8465
35.8465
35.8465
35.8465
35.8465
35.8465
35.8465
35.8465
35.8465
35.8465
35.8465
35.8465
35.8465
35.8465
35.8465
35.8465
35.8465
35.8465
35.8465
35.8465
35.8465
35.8465
35.8465
35.8465
35.8465
35.8465
35.8465
35.8465
35.8465
35.8465
35.8465
35.8465
35.8465
35.8465
35.8465
35.8465
35.8465
35.8465
35.8465
35.8465
35.8465
35.8465
35.8465
35.8465
35.8465
35.8465
35.8465
35.8465
35.8465
35.8465
35.8465
35.8465
35.8465
35.8465
35.8465
35.8465
35.8465
35.8465
35.8465
35.8465
35.8465
35.8465
35.8465
35.8465
35.8465
35.8465
35.8465
35.8465
35.8465
35.8465
35.8465
35.8465
35.8465
35.8465
35.8465
35.8465
35.8465
35.8465
35.8465
35.8465
35.8465
35.8465
35.8465
35.8465
35.8465
35.8465
35.8465
35.8465
35.8465
35.8465
35.8465
35.8465
35.8465
35.8465
35.8465
35.8465


