1396.13
1375.1
1332.51
1332.51
1322.58
1303.52
1303.52
1303.52
1268.13
1268.13
1249.7
1246.07
1243.78
1243.78
1243.77
1206.57
1206.57
1169.65
1164.48
1153.65
1153.65
1141.58
1141.58
1141.49
1098.08
1098.08
1097.76
1094.15
1094.15
1090.76
1087.68
1086.63
1077.09
1077.09
1077.07
1065.58
1057.59
1055.18
1054.84
1054.08
1053.65
1052.43
1024.8
1024.73
1024.5
1024.48
1024.48
1022.61
1022.42
1017.26
1010.5
1010.11
998.61
998.054
979.32
979.095
978.908
977.669
973.447
973.227
971.309
969.635
967.509
960.477
957.039
955.122
954.723
951.169
936.651
935.782
935.582
926.998
919.356
913.568
911.463
911.058
900.157
899.548
899.24
891.238
891.238
917.07
917.07
917.07
916.569
901.804
901.708
901.705
901.52
901.52
893.327
893.055
893.055
893.03
882.592
882.47
882.459
882.459
882.437
882.431
878.928
878.92
878.885
878.885
878.882
870.931
870.924
869.57
869.57
869.57
864.034
857.258
857.255
854.271
852.436
849.93
849.93
849.425
849.053
848.936
848.813
841.818
840.265
840.159
840.159
839.628
838.994
838.987
838.886
838.336
838.315
838.153
838.105
837.99
837.961
837.925
837.915
837.737
837.661
837.596
837.567
837.555
837.546
837.464
837.402
837.402
837.346
837.312
837.309
837.256
837.232
837.218
837.107
837.103
837.099
837.085
837.072
837.069
837.062
837.057
837.056
837.056
837.054
837.053
837.053
837.05
837.047
837.046
837.044
837.044
837.043
837.042
837.041
837.041
837.041
837.041
837.041
837.041
837.04
837.04
837.04
837.04
837.04
837.04
837.039
837.039
837.039
837.039
837.039
837.039
837.039
837.039
837.039
837.039
837.039
837.039
837.039
837.039
837.039
837.039
837.039
837.039
837.039
837.039
837.039
837.039
835.29
835.29
835.29
835.082
835.082
836.18
834.132
833.636
826.586
826.569
804.69
804.69
804.675
804.663
804.663
804.663
804.594
804.594
804.594
804.49
804.448
804.448
804.448
804.448
804.448
804.376
804.363
804.362
804.35
804.303
804.261
804.257
804.222
804.217
804.199
804.151
804.146
804.104
804.084
804.053
803.88
803.88
803.751
801.934
795.81
795.578
795.525
795.398
795.301
794.761
794.035
794.032
793.781
793.769
793.756
793.59
793.574
793.489
793.297
793.296
793.292
793.292
793.246
793.245
793.245
793.233
793.232
793.232
793.232
793.223
793.223
771.729
771.729
771.729
771.729
776.16
776.16
773.743
773.385
770.326
770.324
767.882
767.793
767.792
767.792
767.341
767.124
766.849
766.848
766.846
766.619
766.49
766.49
766.484
766.289
766.11
766.11
766.1
766.07
766.034
766.003
765.977
765.939
765.939
765.937
765.936
765.914
765.895
765.856
765.856
765.855
765.855
765.855
765.855
765.853
765.853
765.85
765.85
765.85
765.85
765.85
765.85
765.849
765.849
765.849
765.849
765.849
765.849
765.849
765.849
765.849
765.848
765.848
765.848
765.848
765.848
765.848
765.848
765.848
765.848
765.848
765.848
765.848
765.848
765.848
765.848
765.848
765.848
765.848
765.848
765.848
765.848
765.848
765.848
765.848
765.848
765.848
765.848
765.848
765.848
765.848
765.848
765.848
765.848
765.848
765.848
765.848
765.848
765.848
765.848
765.848
765.848
765.848
765.848
765.848
765.848
765.848
765.848
765.848
765.848
765.848
765.848
765.848
765.848
765.848
765.848
765.848
765.848
765.848
765.848
765.848
765.848
765.848
765.848
765.848
765.848
765.848
765.848
765.848
765.848
765.848
765.848
765.848
765.848
765.848
765.848
765.848
765.848
765.848
765.848
765.848
765.848
765.848
765.848
765.848
765.848
765.848
765.848
765.848
765.848
765.848
765.848
765.848
765.848
765.848
765.581
765.581
765.581
764.507
764.507
764.507
764.507
764.507
764.507
764.493
764.481
764.481
764.481
764.481
764.47
764.47
764.459
764.447
764.437
764.426
764.421
764.413
764.407
764.407
764.403
764.394
764.386
764.383
764.212
764.002
763.358
759.584
752.394
751.329
749.734
749.666
749.666
749.072
749.072
748.986
748.998
748.998
748.998
748.991
748.986
748.986
748.985
748.971
748.962
748.962
748.967
748.965
748.957
748.954
748.946
748.927
748.923
748.922
748.921
748.92
748.917
748.917
748.916
748.915
748.915
748.914
748.914
748.91
748.908


1269.76
1253.25
1236.39
1193.84
1158.82
1158.82
1158.77
1158.77
1142.33
1083.67
1079.62
1084.06
1056.61
1044.66
1038.26
1038.26
1030.98
1030.98
1030.72
1004.26
998.496
998.351
982.341
958.385
955.558
928.235
928.132
917.879
917.879
917.334
910.824
910.786
910.786
910.728
910.552
910.552
903.409
903.409
896.353
887.082
876.741
885.899
860.004
859.908
859.908
855.637
855.637
855.637
852.286
851.138
851.138
851.078
850.961
849.805
833.142
832.838
831.306
830.415
830.216
830.073
829.449
823.657
823.646
823.636
816.459
816.391
815.131
814.354
814.125
814.111
813.823
813.124
813.116
813.103
812.51
812.492
812.343
812.193
812.193
809.885
808.996
808.531
806.612
806.193
806.193
805.27
721.431
721.43
667.411
667.411
666.933
630.82
628.532
614.51
601.381
591.054
591.054
591.054
583.934
573.716
569.097
552.515
546.831
535.456
526.698
521.582
521.582
520.94
520.94
518.182
509.595
497.97
497.97
497.97
495.804
490.308
488.209
482.464
482.464
476.281
476.257
475.987
475.718
473.164
473.164
471.466
470.718
470.718
469.43
466.736
466.736
467.069
466.731
466.731
466.51
466.51
466.126
466.126
465.902
465.807
465.794
465.791
465.683
465.615
465.263
464.958
464.872
464.872
464.86
464.603
464.603
464.408
464.408
464.285
464.254
464.254
464.254
464.225
464.131
464.131
464.122
464.105
464.027
464.027
464.013
463.999
463.973
463.973
463.951
463.951
463.951
463.9
463.9
463.899
463.872
463.861
463.861
463.861
463.854
463.854
463.85
463.843
463.843
463.843
463.842
463.842
463.838
463.837
463.831
463.831
463.831
463.831
463.829
463.828
463.828
463.828
463.828
463.828
460.913
460.912
460.911
460.544
459.809
459.718
459.717
459.716
459.716
459.575
459.575
459.527
459.253
459.187
458.917
458.837
458.631
458.28
458.28
458.28
454.584
452.249
452.249
450.824
450.824
450.824
450.824
450.824
450.37
446.704
446.239
446.239
438.218
442.96
442.96
442.96
442.96
442.96
442.96
442.96
442.649
442.648
442.648
442.648
442.648
442.648
442.622
442.622
441.091
441.091
439.015
439.015
437.081
437.081
436.371
436.371
436.114
435.738
435.454
435.454
435.454
433.642
433.642
440.247
435.235
435.17
435.17
435.105
435.105
435.105
435.105
435.018
435.018
434.771
433.723
429.852
429.852
429.852
426.757
426.757
418.911
417.768
415.659
415.659
415.659
415.303
412.361
409.84
409.543
409.543
409.516
409.029
408.526
408.344
407.727
407.301
407.104
407.104
406.55
406.442
406.442
406.437
406.415
406.207
406.207
406.113
406.113
406.113
406.008
405.908
405.908
405.908
405.904
405.904
405.904
405.871
405.858
405.858
405.85
405.85
405.836
405.836
405.836
405.836
405.836
405.828
405.77
405.759
405.758
405.758
405.758
405.758
405.756
405.756
405.754
405.754
405.754
405.754
405.753
405.753
405.753
405.753
405.753
405.753
405.753
405.752
405.752
405.752
405.751
405.751
405.751
405.751
405.751
405.751
405.751
405.751
405.751
405.751
405.751
405.751
405.751
405.751
405.751
405.751
405.751
405.751
405.751
405.751
405.751
405.751
405.751
405.751
405.751
405.751
405.751
405.751
405.751
405.751
405.75
405.749
405.749
405.749
405.749
405.749
405.749
405.749
405.749
405.749
405.749
405.749
405.749
405.749
405.749
405.749
405.749
405.749
405.749
405.749
405.749
405.749
405.749
405.749
405.749
405.749
405.749
405.749
405.749
405.749
405.749
405.749
405.749
405.749
405.749
405.749
405.749
405.749
405.749
405.749
405.749
405.749
405.749
405.749
405.749
405.749
405.749
405.749
405.749
405.749
405.749
405.749
405.749
405.749
405.749
405.749
405.749
405.749
405.749
405.749
405.749
405.749
405.749
405.749
405.749
405.749
405.749
405.749
405.749
405.749
405.749
405.749
405.749
405.749
405.749
405.749
405.749
405.749
405.749
405.749
405.749
405.749
405.749
405.749
405.749
405.749
405.749
405.749
405.749
405.749
405.749
405.749
405.749
405.749
405.749
405.749
405.749
405.749
405.749
405.749
405.749
405.749
405.749
405.749
405.749
405.749
405.749
405.749
405.749
405.749
405.749
405.749
405.749
405.749
405.749
405.749
405.749
405.749
405.749
405.749
405.749
405.749
405.749
405.749


1069.53
1040.17
1003.15
1003.15
1003.15
1003.15
1003.15
1003.15
1003.15
1000.57
1000.57
1000.57
1000.5
1000.5
1000.28
975.64
975.64
975.64
975.64
975.64
975.64
972.879
932.294
932.294
931.889
918.372
917.842
911.236
910.995
889.285
868.057
892.905
861.55
861.55
849.119
849.047
849.047
841.035
841.035
826.663
826.663
808.31
807.825
806.766
785.079
784.587
770.893
770.893
768.831
768.729
748.849
759.205
756.383
751.649
747.173
746.482
734.324
733.742
733.742
725.797
725.797
720.605
720.198
714.643
714.109
692.886
692.087
678.273
678.273
674.845
674.84
664.764
664.195
663.976
663.945
660.497
658.847
657.854
647.333
639.339
639.148
644.885
644.808
644.785
644.56
644.538
644.434
643.343
642.314
642.286
639.72
639.753
639.753
639.356
639.349
638.727
637.388
636.177
635.066
634.996
634.996
615.26
615.253
615.249
615.249
615.249
609.377
609.377
609.34
609.34
609.227
619.271
610.005
608.086
606.475
605.127
604.17
604.17
603.607
602.861
602.416
602
601.882
601.812
601.779
601.565
601.519
601.513
600.911
599.233
599.233
598.853
598.01
597.694
597.602
597.56
597.542
597.512
597.482
596.81
596.81
596.736
596.736
596.728
596.728
596.715
596.715
596.561
596.561
596.56
596.558
596.558
596.49
596.44
596.418
596.406
596.397
596.391
596.388
596.387
596.386
596.386
596.385
596.357
596.357
596.357
596.357
596.265
596.265
596.265
596.265
596.298
596.231
596.146
596.137
596.093
595.985
595.985
595.985
595.985
595.964
595.954
595.953
595.953
595.953
595.951
595.948
595.948
595.93
595.93
595.928
595.923
595.921
595.919
595.905
595.891
595.879
595.869
595.861
595.857
595.855
595.85
595.842
595.838
595.831
595.826
595.821
595.496
595.452
595.452
595.196
594.889
594.635
594.368
594.363
594.363
594.313
594.313
594.155
594.078
594.062
594.06
594.06
594.054
594.052
594.022
594.018
594.018
593.316
592.681
507.034
487.168
487.168
485.546
485.533
485.533
485.533
485.533
485.533
485.533
485.533
483.21
482.317
482.183
482.183
482.183
482.1
480.295
479.43
478.962
466.345
461.966
461.922
461.922
461.437
461.164
461.164
461.164
460.927
460.024
459.208
458.163
457.564
456.587
456.251
454.717
453.435
451.17
449.754
444.748
433.731
430.669
430.669
428.293
424.561
422.915
422.915
422.229
422.221
422.221
422.019
421.35
421.327
421.313
421.313
421.313
421.303
421.222
421.222
420.975
420.719
420.605
420.441
420.37
420.34
420.289
420.228
420.205
420.205
419.775
419.618
419.239
418.997
418.636
418.094
417.514
416.948
415.325
413.916
413.095
412.009
410.938
409.661
408.648
407.476
407.222
407.205
407.205
407.205
407.205
407.205
407.185
407.12
407.083
407.028
406.997
406.927
406.885
406.865
406.856
406.836
406.813
406.786
406.754
406.718
406.669
406.603
406.497
406.413
406.319
406.217
406.098
405.969
405.892
405.81
405.712
405.642
405.589
405.471
405.408
405.368
405.276
405.21
405.117
404.937
404.914
404.832
404.832
404.606
404.347
404.067
403.774
403.774
403.774
403.774
403.761
403.761
403.754
403.745
403.74
403.718
403.718
403.702
403.702
403.697
403.697
403.694
403.694
403.688
403.688
403.684
403.684
403.682
403.672
403.672
403.672
403.672
403.671
403.671
403.671
403.667
403.664
403.664
403.664
403.625
403.583
403.558
403.531
403.491
403.482
403.482
403.509
403.497
403.481
403.481
403.481
403.475
403.474
403.474
403.474
403.474
403.468
403.466
403.466
403.465
403.464
403.464
403.464
403.463
403.462
403.462
403.461
403.442
403.429
403.404
403.394
403.383
403.33
403.261
403.181
403.181
403.177
403.174
403.131
403.082
403.068
403.019
402.966
402.8
402.51
402.065
401.73
401.207
400.867
400.565
400.156
399.343
398.641
397.263
395.414
392.877
392.132
392.019
392.019
392.019
392.019
392.019
392.019
392.019
392.019
392.019
650
404.707
404.185
404.185
404.185
404.185
404.185
403.828
403.828
403.631
402.673
398.161
397.964
397.964
394.862
393.566
393.566
393.282
392.882
392.314
391.75
391.75
390.993
390.574
390.385
389.703
389.703
389.703
387.139
385.856
386.382
386.382
385.908
385.827
385.744
385.744
385.66
385.642
385.642


1156.11
1138.83
1130.18
1062.19
1052.15
1050.98
1029.43
1004.6
1004.6
995.429
994.008
951.486
933.92
933.92
933.92
894.646
894.646
894.522
854.856
854.856
854.856
853.489
834.095
832.045
830.729
821.642
800.771
795.035
795.035
794.575
793.246
782.458
781.944
764.403
764.403
761.478
749.114
742.141
737.342
714.108
714.108
689.584
657.606
657.034
656.653
650.154
650.154
649.824
649.455
641.17
624.75
623.261
623.131
617.501
617.446
608.793
604.596
599.934
598.268
596.283
595.755
592.913
590.277
588.211
588.211
588.127
586.07
586.07
584.784
584.77
584.08
584.212
584.191
583.863
583.716
583.417
583.265
583.154
583.052
579.836
574.798
574.78
574.772
574.768
574.606
572.611
572.605
572.599
572.4
572.399
572.3
572.151
572.148
572.147
572.121
572.093
572.093
572.091
572.085
572.065
572.065
572.056
571.999
571.999
571.99
571.977
571.973
571.968
571.962
571.959
571.959
571.959
571.955
571.955
571.955
571.951
571.947
571.947
571.946
571.945
571.943
571.943
571.942
571.942
571.941
571.941
571.941
571.941
571.941
571.941
571.941
571.941
571.941
571.941
571.941
571.941
571.94
571.94
571.94
571.94
571.94
571.94
571.94
571.94
571.94
571.94
571.94
571.94
571.94
571.94
571.94
571.94
571.94
571.94
571.94
571.94
571.94
571.94
571.94
571.94
571.94
571.94
571.94
571.94
571.94
571.94
571.94
571.94
571.94
571.94
571.94
571.94
571.94
571.94
571.94
571.94
571.94
571.94
571.94
571.94
571.94
571.94
571.94
571.94
571.94
571.94
571.94
571.94
571.94
571.94
571.94
566
382.251
344.211
344.211
343.869
340.945
335.357
334.185
334.185
330.899
323.246
319.534
315.067
311.977
311.977
311.427
310.67
310.67
309.857
308.445
306.175
306.041
304.1
304.1
302.925
302.925
302.091
302.091
301.691
301.465
301.465
301.349
301.078
300.477
300.11
300.05
299.994
299.864
299.339
299.339
299.339
299.244
299.244
299.174
299.174
294.554
294.14
293.601
293.54
293.54
293.519
293.3
293.087
290.999
290.569
290.556
290.11
290.077
290.03
290.003
289.977
289.945
289.94
289.94
289.911
289.911
289.9
289.9
289.884
289.872
289.872
289.872
289.867
289.867
289.859
289.854
289.854
289.854
289.854
289.852
289.852
289.851
289.85
289.85
289.849
289.846
289.846
289.845
289.845
289.844
289.844
289.843
289.842
289.842
289.842
289.841
289.841
289.84
289.84
289.84
289.84
289.84
289.839
289.839
289.839
289.839
289.839
289.839
289.839
289.838
289.838
289.838
289.838
289.838
289.838
289.838
289.838
289.838
289.838
289.838
289.838
289.838
289.838
289.838
289.838
289.838
289.838
289.838
289.838
289.838
289.838
289.838
289.838
289.838
289.838
289.838
289.838
289.838
289.838
289.838
289.838
289.838
289.838
289.838
289.838
289.838
289.838
289.838
289.838
289.838
289.838
289.838
289.838
289.838
289.838
289.838
289.838
289.838
289.838
289.838
289.838
289.838
289.838
289.838
289.838
289.838
289.838
289.838
289.838
289.838
289.838
289.838
289.838
289.838
289.838
289.838
289.838
289.838
289.838
289.838
289.838
289.838
288.997
288.997
288.997
288.337
288.337
288.304
229.134
189.014
189.014
185.833
185.833
185.833
185.833
185.833
185.35
184.585
164.787
131.525
123.609
100.363
99.84
99.84
96.9568
89.9738
80.9682
79.089
79.089
79.089
73.8712
73.8712
72.4121
72.3099
72.3099
69.2723
67.0355
66.9294
66.9294
66.9294
65.8293
62.9178
59.3084
53.5879
52.9854
52.9854
52.9854
48.0486
40.2519
40.2519
34.462
34.462
33.1947
30.7479
29.362
29.3591
29.3591
28.29
24.2004
21.6588
23.0036
20.9004
20.9004
20.6656
20.6656
20.6656
20.5199
19.4897
19.4897
18.9999
18.9999
18.6517
17.9908
17.9775
17.5592
17.5592
17.1717
17.1717
16.8503
16.8503
17.258
16.925
15.9977
15.9977
15.9652
15.9425
15.4918
15.3088
15.3088
15.264
15.0836
15.0836
14.6897
14.6897
14.6499
14.6499
14.6499
14.6499
14.6499
14.5684
14.5208
14.492
14.4864
14.4581
14.4262
14.4262
14.4177
14.3883
14.3432
14.3432
14.3307
14.328
14.3251
14.3251
14.3223
14.3157
14.3124
14.3123
14.3085
14.3048
14.3032
14.3032
14.3032
14.3032
14.2901
14.2901
14.2901
14.2858
14.2795


1264.96
1239.92
1206.7
1161.69
1161.69
1161.69
1148.89
1141.27
1126.4
1125.69
1107.55
1079.82
1063.87
1046.28
1046.28
1042.71
1015.53
997.593
997.593
990.958
938.596
1012.25
977.349
956.865
956.865
956.865
905.956
897.272
897.272
897.272
897.225
897.225
897.083
896.833
896.833
883.054
883.054
883.054
877.93
877.93
876.238
870.283
853.601
850.26
850.069
846.013
842.097
841.038
840.92
835.554
833.028
826.415
824.544
823.443
823.405
820.139
820.137
819.979
819.538
819.047
818.473
816.306
812.949
808.867
804.896
803.999
802.796
802.432
800.849
800.234
800.234
800.157
793.279
793.233
791.916
791.89
791.574
790.494
790.494
790.394
790.391
789.978
789.886
789.844
789.774
789.65
789.627
789.627
789.501
789.497
789.491
789.489
789.408
789.406
789.404
789.403
789.386
789.306
789.306
789.305
789.304
789.299
789.298
789.282
789.281
789.277
789.271
789.271
789.265
785.694
785.694
805.177
789.253
789.253
789.253
789.249
789.249
789.249
789.249
776.722
776.722
776.722
776.722
771.626
771.626
771.626
767.536
767.536
765.893
765.893
765.893
765.893
765.893
765.893
765.893
765.665
765.64
765.64
765.535
765.5
765.488
765.483
765.481
763.672
763.357
751.758
745.331
743.254
743.185
743.023
742.872
742.792
742.554
742.543
738.708
734.73
732.147
730.991
730.805
730.748
730.368
730.368
728.291
726.37
725.265
725.198
725.09
724.051
723.485
723.425
723.31
720.076
719.772
719.614
719.479
719.472
719.463
719.2
718.742
718.257
718.257
718.194
718.19
717.998
717.995
717.965
717.964
717.964
717.88
717.874
717.866
717.83
717.821
717.813
717.795
717.795
717.789
717.789
717.789
717.772
717.77
717.773
717.77
717.764
717.764
717.761
717.759
717.759
717.755
717.755
717.755
717.755
717.755
717.754
717.754
717.754
717.754
717.754
717.754
717.753
717.753
717.753
706.021
706.021
706.021
706.021
706.021
706.021
706.021
704.074
704.074
699.933
699.933
699.564
699.564
699.564
697.344
697.344
697.344
697.344
697.344
696.92
696.92
696.92
695.791
694.559
692.683
691.272
690.753
687.55
664.879
726.04
685.462
685.454
649.102
647.764
647.764
647.764
647.715
645.931
643.21
642.357
610.251
610.217
610.198
609.774
609.757
606.526
606.526
605.237
605.237
602.499
583.41
583.41
583.41
583.296
582.928
582.622
580.363
573.702
567.385
554.29
527.499
519.835
519.831
519.831
519.827
518.145
518.142
516.113
513.763
512.241
510.664
508.87
508.87
508.87
508.324
504.741
504.741
504.741
504.284
503.812
501.911
496.153
495.639
495.338
494.971
494.8
492.9
492.9
492.45
492.379
491.546
491.546
491.546
491.546
491.445
491.445
491.286
491.128
491.118
490.596
490.467
490.348
490.167
490.167
490.124
489.988
489.988
489.988
489.873
489.643
489.252
489.123
489.121
489.121
489.096
488.665
488.569
488.569
483.156
516.518
497.158
497.158
497.143
475.325
475.279
475.279
475.212
475.212
475.21
475.251
475.251
475.226
475.226
475.201
475.201
475.16
475.16
475.16
475.16
484.968
484.962
484.942
484.926
484.919
484.89
484.89
484.89
484.89
484.882
496.685
496.682
495.415
495.408
485.828
485.828
480.997
480.997
480.997
480.995
480.995
480.994
480.987
480.98
480.98
480.974
480.974
480.973
480.973
480.971
480.967
480.967
480.965
480.965
480.965
480.965
480.964
480.962
480.961
480.96
478.794
478.793
478.793
478.792
478.791
478.791
478.79
478.79
474.517
474.517
510.691
495.537
495.537
495.317
495.122
495.074
494.304
494.304
494.304
493.697
493.697
493.697
488.708
488.708
488.708
488.708
482.986
482.986
476.28
476.28
476.28
476.28
476.28
476.28
476.28
476.28
476.28
476.279
476.279
476.279
499.7
495.055
491.763
491.763
491.763
491.763
488.485
488.485
488.485
488.485
489.676
489.676
489.676
489.676
489.676
489.676
489.676
489.676
489.676
489.676
508.46
494.73
479.476
479.476
479.476
479.476
479.476
479.476
479.476
479.476
479.476
479.476
479.476
479.476
479.476
479.476
479.476
479.476
479.476
479.476
492.54
492.54
492.54
492.54
492.54
492.54
483.73
483.73
483.73
483.73
502.224
488.129
488.129
488.129
483.653
483.653
483.653
483.653
483.653


1730.44
1607.57
1593.74
1570.95
1570.95
1570.95
1570.95
1549.94
1518.08
1518.08
1435.31
1443.82
1443.82
1432.53
1431.51
1431.51
1431.51
1416.08
1345.16
1345.16
1344.48
1347.08
1324.81
1316.59
1316.28
1316.28
1303.57
1298.97
1296.51
1296.51
1291.85
1291.85
1291.75
1259.16
1258.9
1256.31
1256.31
1256.16
1255.05
1253.86
1249.07
1248.22
1232.34
1217.69
1217.69
1217.69
1216.77
1212.82
1212.82
1212.47
1212.47
1212.47
1212.47
1209.76
1209.12
1199.72
1198.94
1198.94
1198.53
1198.45
1190.69
1149.83
1141.13
1138.15
1115.13
1114.07
1114.02
1114.02
1112.49
1112.49
1110.47
1110.45
1109.42
1107.91
1106.94
1104.99
1104.96
1104.5
1104.41
1103.45
1103.14
1102.36
1102.27
1100.87
1099.44
1099.44
1093.07
1089.98
1081.49
1081.49
1077.41
1068.87
1068.59
1041.22
1041.22
1040.88
1039.33
1038.52
1038.52
1037.36
1037.36
1034.93
1034.7
1034.35
1034.01
1034.01
1033.76
1033.76
1033.73
1033.56
1033.34
1032.88
1032.28
1031.65
1031.43
1031.4
1031.18
1031.18
1031.13
1031.09
1030.94
1030.92
1030.92
1030.58
1030.57
1030.45
1030.45
1030.34
1030.3
1030.28
1030.28
1030.26
1030.26
1030.25
1030.24
1030.24
1030.23
1030.23
1030.22
1030.22
1016.72
1016.71
1016.55
1016.55
1013.73
1010.81
1010.81
1008.49
1008.15
1008.15
1008.12
1007.89
1007.89
1007.77
1007.73
1007.7
1007.58
1007.58
1007.52
1007.38
1007.38
1007.38
1007.38
1007.38
1007.36
1007.34
1007.31
1007.3
1007.27
1007.27
1007.27
1007.27
1007.27
1007.27
1007.27
1007.27
1007.26
1007.26
1007.26
1007.25
1007.25
1007.25
1007.25
1007.25
1007.25
1007.25
1007.25
1007.25
1007.25
1007.25
1007.25
1007.25
1007.24
1007.24
1007.24
1007.24
1007.24
1007.24
1007.24
1007.24
1007.24
1007.24
1007.24
1007.24
1007.24
1007.24
1007.24
1007.24
1007.24
1007.24
1007.24
1007.24
1006.87
1006.87
1006.87
1006.87
1006.87
1006.87
1006.87
1006.87
1006.87
1006.87
1006.87
1006.87
1006.87
1006.87
987.023
987.023
987.023
987.023
987.023
1049.38
1007.24
1007.24
1007.24
1007.24
1007.24
1007.24
1007.24
1007.24
1007.24
1007.24
1007.24
1007.24
1007.24
1007.24
1007.24
1007.24
1007.24
1007.24
1007.24
1007.24
1007.24
1007.24
1007.24
1007.24
1007.24
1007.24
1007.24
1007.24
1002.24
1002.24
1002.24
1002.24
1002.24
1002.24
1002.24
1002.24
1002.24
998.411
995.826
988.679
985.098
985.098
985.098
983.052
982.083
981.925
981.925
981.914
981.914
981.667
981.551
981.499
981.473
981.46
981.453
981.45
981.448
981.447
981.446
981.446
981.446
981.445
981.445
981.445
981.445
981.445
981.445
981.445
981.445
981.445
981.445
981.445
981.445
981.445
981.445
981.445
981.445
981.445
977.844
977.844
966.545
966.545
966.545
966.545
966.545
965.713
965.713
965.713
965.713
965.713
965.713
965.713
965.285
965.285
965.285
965.285
965.285
965.285
965.285
965.285
965.285
965.285
965.285
965.285
965.285
965.285
965.285
965.285
965.285
965.431
965.431
965.327
965.327
965.327
965.327
965.327
965.327
965.281
965.281
965.331
965.277
965.277
965.277
965.277
965.277
965.277
965.277
965.277
965.277
965.277
965.277
965.277
965.277
965.277
965.277
965.277
965.277
965.277
965.277
965.277
965.277
965.277
965.277
965.277
965.277
965.277
965.277
965.275
965.275
965.275
963.528
946.452
942.402
942.39
941.207
941.159
941.159
941.159
941.013
940.389
940.131
940.131
940.111
940.111
940.028
940.018
939.928
939.857
939.846
939.825
939.783
939.762
939.754
939.75
939.75
939.742
939.737
939.734
939.734
939.73
939.73
939.73
939.725
939.692
939.629
939.629
939.608
939.608
939.596
939.593
939.577
939.573
939.573
939.571
939.565
939.565
939.565
939.564
939.564
939.562
939.561
939.561
939.561
939.561
939.561
939.561
939.561
939.56
939.56
939.56
939.56
939.56
939.56
939.56
939.56
939.56
939.56
939.56
939.56
934.775
932.806
932.015
931.654
931.481
931.409
931.376
931.355
931.343
931.337
931.334
931.332
931.331
931.33
931.329
931.329
931.329
931.329
931.329
931.329
931.329
931.329
931.329
931.329
931.329
931.329
931.329
931.329
931.329
931.329
931.329
931.329
931.329
931.329
931.329
931.329
931.329
931.329
931.329
931.329
931.329
931.329
931.329
931.329
931.329
931.329
931.329
931.329
931.329


1191.74
1145.91
1131.55
1052.81
1036.54
1036.54
1036.23
991.226
991.226
963.187
963.187
944.241
944.241
936.435
936.435
936.241
936.241
912.154
912.154
904.703
904.703
912.587
885.821
880.054
877.214
871.851
855.141
852.484
848.417
848.417
848.332
839.358
838.754
832.153
825.975
824.736
824.736
821.77
821.77
820.614
820.614
810.592
809.816
809.816
808.555
802.779
801.102
797.194
796.441
794.428
794.428
794.938
791.961
791.818
790.036
790.03
789.139
788.581
788.505
788.475
788.456
788.456
788.444
787.941
787.67
787.209
787.203
787.193
787.083
787.083
787.047
786.834
786.733
786.722
786.68
786.672
786.652
786.508
786.481
786.481
786.481
786.476
774.851
774.85
774.833
774.717
768.894
768.673
766.228
766
766
766.176
763.369
762.564
761.695
761.668
761.663
761.571
755.528
752.151
752.077
748.608
733.991
733.961
733.948
732.733
732.489
731.397
731.397
728.085
727.071
727.89
727.234
727.209
727.194
725.278
723.693
723.69
723.69
723.59
723.587
723.588
723.112
723.111
723.11
722.705
721.839
721.839
680.93
676.233
662.832
659.061
659.005
659.005
659.005
640.506
628.068
623.334
618.207
618.207
612.706
626.755
611.566
609.939
609.939
592.175
584.493
581.204
573.926
572.639
571.032
539.49
539.49
539.49
526.044
525.17
521.979
517.058
510.043
507.526
506.978
503.167
503.167
499.54
499.476
499.422
495.271
495.152
495.152
492.573
492.491
492.07
491.607
489.794
488.366
488.048
487.793
487.605
487.605
487.584
487.086
486.591
486.257
486.053
485.984
485.219
484.381
483.923
483.723
483.543
483.522
483.092
482.455
482.455
482.204
482.088
481.954
481.648
481.542
481.443
481.302
481.074
480.959
480.947
480.947
480.58
479.434
479.424
478.596
478.401
476.491
476.495
476.431
476.41
476.41
476.41
473.863
473.853
473.841
473.464
463.386
466.393
465.013
464.972
463.025
463.025
463.025
462.995
462.995
462.994
462.98
462.98
462.976
462.969
461.923
460.106
460.104
460.104
459.739
459.739
459.733
453.602
453.601
453.601
453.427
453.426
453.425
453.189
452.52
452.52
452.52
452.52
452.281
452.28
452.23
451.955
451.955
451.955
451.954
451.954
451.75
451.725
451.725
451.725
451.6
451.6
451.6
451.597
451.597
451.597
451.596
451.599
451.599
451.595
451.587
451.576
451.542
451.531
451.531
451.528
451.441
451.441
451.441
451.441
451.441
451.397
451.329
451.329
451.26
451.26
451.236
451.229
451.225
451.208
451.018
451.018
451.018
449.884
447.877
445.947
443.03
442.378
442.24
442.24
442.24
442.24
442.199
442.137
441.932
441.932
441.932
441.805
441.787
441.787
441.779
441.655
441.655
441.655
441.625
441.625
441.625
441.625
441.606
441.581
441.551
441.532
441.532
441.517
441.517
441.517
441.504
441.504
441.501
441.5
441.499
441.491
441.481
441.477
441.477
441.459
441.425
441.425
441.425
441.373
441.373
441.373
441.373
441.367
441.316
441.291
441.222
441.212
441.212
441.212
441.21
441.21
441.21
441.21
441.208
441.208
441.203
441.2
441.2
441.189
441.189
441.18
441.178
441.178
441.178
441.177
441.176
441.174
441.174
441.174
441.174
441.174
441.173
441.173
441.172
441.172
441.172
441.172
441.172
441.172
441.171
441.171
441.171
441.171
441.171
441.171
441.17
441.17
441.17
441.169
441.169
441.169
441.169
441.169
441.168
441.168
441.167
441.167
441.167
441.167
441.167
441.167
441.167
441.167
441.167
441.167
441.167
441.167
441.167
441.167
441.167
441.167
441.167
441.167
441.167
441.167
441.167
441.167
441.167
441.167
441.167
441.166
441.166
441.166
441.166
441.166
441.166
441.166
441.166
441.166
441.166
441.166
441.166
441.166
441.166
441.166
441.166
441.166
441.166
441.166
441.166
441.166
441.166
441.166
441.166
441.166
441.166
441.166
441.166
441.166
441.166
441.166
441.166
441.166
441.166
441.166
441.166
441.166
441.166
441.166
441.166
441.166
441.166
441.166
441.166
441.166
441.166
441.166
441.166
441.166
441.166
441.166
441.166
441.166
441.166
441.166
441.166
441.166
441.166
441.166
441.166
441.166
441.166
441.166
441.166
441.166
441.166
441.166
441.166
441.166
441.166
441.166
441.166
441.166
441.166
441.166


1283.62
1283.62
1248.23
1223.19
1223.19
1214.65
1213.44
1202.68
1202.68
1175.91
1134.72
1133.28
1133.27
1133.27
1133.19
1119.36
1112.77
1111.37
1109.44
1109.44
1107.64
1165.53
1089.12
1089.12
1070.25
1070.25
1042.32
1042.32
1042.32
1032.36
1032.36
1032.25
1032.25
1032.25
1032.17
1032.17
1020.53
1009.33
982.795
979.147
979.147
979.147
966.667
966.667
966.667
966.667
963.687
961.596
946.687
943.955
943.133
934.528
934.52
931.573
924.18
910.375
904.382
895.631
895.442
895.247
895.072
890.509
888.754
882.048
881.195
881.119
881.119
872.521
870.863
869.061
869.061
869.061
868.711
868.711
866.077
866.077
865.401
864.908
864.908
864.786
864.786
864.533
864.351
862.063
854.465
845.519
845.298
845.25
840.262
840.262
839.024
839.93
838.901
838.57
837.568
837.415
837.328
836.919
836.835
836.769
828.584
828.544
828.543
828.543
828.532
828.526
825.532
825.532
822.392
822.392
821.176
821.951
815.011
809.492
809.317
808.219
808.219
808.219
808.219
808.219
808.16
808.138
808.133
807.976
807.976
807.779
807.779
807.717
806.289
806.245
805.143
805.129
804.895
804.606
802.941
800.297
799.959
799.861
799.06
798.709
798.647
798.326
797.482
797.446
797.407
797.407
797.342
797.274
797.274
797.274
797.214
797.178
797.163
797.072
797.072
797.062
797.031
796.929
796.929
796.925
796.925
796.888
796.823
796.798
796.798
796.717
796.715
796.681
796.681
796.675
796.635
796.635
796.596
796.575
796.575
796.567
796.169
796.104
796.104
796.104
796.095
796.09
796.071
796.012
796.008
796.005
795.994
795.982
795.982
795.954
795.95
795.936
795.936
795.936
795.875
795.871
795.871
795.858
795.858
795.855
795.821
795.805
795.762
795.762
795.744
795.715
795.576
795.236
795.21
795.183
795.133
795.133
795.133
795.133
795.133
795.133
795.116
795.116
795.116
795.116
795.116
795.112
795.11
795.11
795.11
795.099
795.095
795.095
795.092
795.092
795.085
795.089
795.085
795.085
795.085
795.085
795.085
795.085
795.084
795.084
795.084
795.084
795.083
795.083
795.083
795.083
795.083
795.083
795.083
795.083
795.083
795.082
795.082
795.082
795.082
795.082
795.081
795.081
795.081
795.081
795.081
795.081
795.081
795.081
795.081
795.081
795.081
795.081
795.081
795.081
795.081
795.08
795.08
795.08
795.08
795.08
795.08
795.08
795.08
795.08
795.08
795.08
795.08
795.08
795.08
795.08
795.08
795.08
795.08
795.08
795.08
795.08
795.08
795.08
795.08
795.08
795.08
795.08
795.08
795.08
795.08
795.08
795.08
795.08
795.08
795.08
795.08
795.08
795.08
795.08
795.08
795.08
795.08
795.08
795.08
795.08
795.08
795.08
795.08
795.08
795.08
795.08
795.08
795.08
795.08
795.08
795.08
795.08
795.08
795.08
795.08
795.08
795.08
795.08
795.08
795.08
795.08
795.08
795.08
795.08
795.08
795.08
795.08
795.08
795.08
795.08
795.08
795.08
795.08
795.08
795.08
795.08
795.08
795.08
795.08
795.08
795.08
795.08
795.08
795.08
795.08
795.08
795.08
795.08
795.08
795.08
795.08
795.08
795.08
795.08
795.08
795.08
795.08
795.08
795.08
795.08
795.08
795.08
795.08
795.08
795.08
795.08
795.08
795.08
795.08
795.08
795.08
795.08
795.08
795.08
795.08
795.08
795.08
795.08
795.08
795.08
795.08
795.08
795.08
795.08
795.08
795.08
795.08
795.08
795.08
795.08
795.08
795.08
795.08
795.08
794.953
794.262
793.876
790.775
785.558
785.556
785.527
785.392
785.392
785.384
785.384
785.373
785.357
785.316
785.309
785.309
785.307
785.296
785.296
785.296
785.296
785.296
785.294
785.293
785.293
785.292
785.292
785.29
785.288
785.288
785.287
785.287
785.287
785.287
785.287
785.287
785.287
785.287
785.287
777.915
777.08
776.9
775.942
775.899
775.884
775.844
775.825
775.742
775.159
764.483
763.334
763.334
763.334
763.303
763.232
763.176
763.176
763.132
763.089
763.089
763.049
763.029
763.029
762.983
762.892
762.881
762.874
762.874
762.874
762.87
762.868
762.868
762.867
762.866
762.866
762.866
762.865
762.865
762.865
762.864
762.864
762.864
762.864
762.864
762.864
762.864
762.864
762.864
762.864
762.864


1807.85
1807.85
1731.44
1714.09
1714.09
1677.67
1654.09
1541.21
1541.21
1541.21
1541.21
1619.35
1565.97
1565.97
1565.97
1565.97
1518.16
1512.01
1511.28
1511.14
1508.92
1508.92
1508.22
1508.22
1472.39
1472.39
1472.39
1471.54
1471.54
1469.96
1469.96
1443.52
1426.49
1417.15
1413.54
1395.32
1376.32
1376.32
1364.29
1364.29
1364.29
1363.94
1361.13
1358.95
1353.48
1340.11
1340.11
1319.42
1318.91
1318.82
1312.61
1312.61
1304.43
1293.83
1292.17
1292.13
1281.49
1281.12
1269.1
1263.64
1263.64
1246.08
1245.98
1228.18
1208.35
1207.72
1206.56
1206.38
1204.8
1203.01
1202.95
1201.09
1199.65
1194.28
1193.38
1193.38
1192.65
1192.42
1192.26
1192.15
1183.14
1183.1
1176.15
1176.13
1176.13
1173.33
1173.31
1173.31
1164.66
1159.67
1159.64
1155.76
1155.05
1155.04
1150.75
1145.44
1145.44
1140.68
1140.68
1140.06
1140.06
1135.96
1135.96
1135.46
1128.23
1128.22
1128.05
1117.54
1113.28
1110.97
1110.97
1110.96
1109.76
1109.76
1108.25
1108.25
1108.05
1108.05
1107.84
1104.07
1104.07
1103.99
1103.99
1103.6
1103.47
1103.47
1103.13
1103.13
1103.13
1103.09
1102.97
1102.96
1102.88
1102.88
1102.68
1102.68
1102.68
1102.68
1102.68
1102.68
1102.68
1102.67
1102.67
1102.67
1102.67
1102.66
1102.65
1102.65
1102.65
1102.65
1102.65
1102.65
1102.65
1102.65
1102.65
1102.65
1102.64
1102.64
1102.64
1102.64
1102.64
1102.64
1102.64
1102.64
1102.64
1102.64
1102.64
1102.64
1102.64
1102.64
1102.64
1102.64
1100.03
1100.03
1100.03
1100.03
1100.03
1100.03
1100.03
1100.03
1099.94
1099.94
1099.94
1099.94
1098.92
1098.66
1097.51
1097.42
1097.34
1096.86
1096.86
1096.6
1096.58
1096.58
1096.58
1096.58
1096.53
1096.53
1096.44
1094.15
1094.15
1092.8
1092.65
1092.65
1092.65
1092.65
1092.65
1092.65
1092.65
1092.65
1092.65
1092.65
1092.65
1092.65
1092.65
1092.65
1092.48
1091.81
1091.81
1089.41
1088.71
1086.1
1085.13
1085.08
1085.08
1085.08
1085.08
1084.93
1084.43
1084.18
1084.18
1083.96
1083.9
1083.5
1083.38
1083.29
1083.12
1082.78
1082.61
1082.38
1082.38
1082.37
1082.08
1081.99
1081.96
1081.86
1081.6
1081.6
1081.12
1081.12
1081.12
1081.12
1081.12
1081.12
1073.53
1073.53
1073.53
1073.53
1072.36
1072.36
1065.95
1065.95
1065.95
1062.02
1062.02
1060.45
1060.45
1060.45
1059.84
1059.33
1059.32
1060.15
1057.51
1056.94
1056.19
1056.19
1055.99
1055.58
1055.5
1054.3
1053.65
1053.5
1053.15
1051.96
1051.22
1050.99
1050.6
1049.71
1049.66
1049.63
1048.97
1048.31
1047.75
1047.17
1046.93
1044.9
1044.05
1043.94
1043.79
1043.69
1043.59
1043.45
1043.2
1038.72
1024.55
1024.5
1024.5
1021.49
1021.49
1021.43
1020.35
1016.02
1016.02
1015.97
1015.79
1015.71
1015.71
1015.56
1015
1015
1014.26
1013.89
1013.89
1013.76
1013.67
1013.24
1013.06
1012.92
1012.86
1012.62
1012.43
1012.43
1012.28
1012.27
1012.25
1012.18
1012.17
1012.17
1012.17
1012.14
1012.13
1011.83
1011.82
1011.78
1011.77
1011.75
1011.75
1011.72
1011.71
1011.71
1011.71
1011.68
1011.66
1011.66
1011.65
1011.65
1011.65
1011.65
1011.65
1011.65
1011.64
1011.64
1011.64
1011.64
1011.64
1011.64
1011.64
1011.64
1011.62
1011.6
1011.51
1011.48
1011.48
1011.48
1011.48
1011.48
1011.47
1011.47
1011.47
1011.47
1011.47
1011.47
1011.47
1011.47
1011.47
1011.47
1011.47
1011.47
1011.47
1011.47
1011.47
1011.47
1011.47
1011.47
1011.47
1011.46
1011.46
1011.46
1011.46
1011.46
1011.46
1011.46
1011.46
1011.46
1011.46
1011.46
1011.46
1011.46
1011.46
1011.46
1011.46
1011.46
1011.46
1011.46
1011.46
1011.46
1011.46
1011.46
1011.46
1011.46
1011.46
1011.46
1011.46
1011.46
1011.46
1011.46
1011.46
1011.46
1011.46
1011.46
1011.46
1011.46
1011.46
1011.46
1011.46
1011.46
1011.46
1011.46
1011.46
1011.46
1011.46
1011.46
1011.46
1011.46
1011.46
1011.46
1011.46
1011.46
1011.46
1011.46
1011.46
1011.46
1011.46
1011.46
1011.46
1011.46
1011.46
1011.46
1011.46
1011.46
1011.46
1011.46
1011.46
1011.46
1011.46
1011.46
1011.46
1011.46
1011.46
1011.46
1011.46
1011.46
1011.46
1011.46
1011.46
1011.46
1011.46
1011.46
1011.46
1011.46
1011.46
1011.46
1011.46
1011.46
1011.46
1011.46
1011.46
1011.46
1011.46
1011.46
1011.46
1011.46
1011.46
1011.46
1011.46
1011.46
1011.46
1011.46
1011.46
1011.46


1633.81
1595.85
1594.15
1567.25
1567.25
1564.36
1551.22
1461.05
1461.05
1448.18
1448.18
1444.03
1444.03
1408.5
1408.5
1354.52
1354.52
1351.13
1228.31
1228.31
1227.98
1225.19
1223.01
1179.56
1179.56
1176.79
1176.79
1172.1
1171.95
1171.07
1171.07
1169.18
1169.18
1153.82
1148.85
1148.85
1146.62
1145.63
1142.03
1142.03
1135.07
1133.44
1133.32
1130.6
1130.38
1130.33
1126.68
1124.79
1124.79
1124.61
1124.61
1123.46
1122.02
1118.25
1118.25
1108.28
1108.21
1107.96
1103.73
1103.73
1102.68
1101.95
1101.47
1101.47
1101.32
1099.88
1098.41
1098.01
1097.75
1095.76
1095.54
1095.44
1095.24
1094.96
1094.96
1094.82
1094.73
1094.73
1094.68
1094.64
1094.64
1094.64
1094.6
1093.64
1093.63
1093.5
1093.5
1093.5
1093.2
1092.08
1092.08
1091.93
1091.93
1091.67
1091.32
1089.99
1089.98
1089.98
1089.98
1089.55
1089.55
1089.68
1089.68
1089.6
1089.56
1088.76
1088.33
1088.33
1088.33
1085.52
1084.88
1084.57
1083.99
1082.13
1081.84
1080.81
1080.81
1080.81
1080.74
1080.71
1080.69
1080.43
1080.16
1080.16
1080.04
1079.67
1079.67
1079.67
1079.59
1079.57
1079.41
1079.37
1079.18
1079.13
1079.12
1079.11
1079.09
1079.08
1079.04
1079.04
1078.95
1078.94
1078.92
1078.9
1078.89
1078.84
1078.84
1078.83
1078.79
1078.79
1078.78
1078.78
1078.78
1078.77
1078.77
1078.76
1078.76
1078.75
1078.75
1078.75
1078.74
1078.74
1078.74
1078.74
1078.74
1078.74
1078.74
1078.74
1078.74
1078.74
1078.74
1078.73
1078.73
1078.73
1078.73
1078.73
1078.73
1078.73
1078.73
1078.73
1078.73
1078.73
1078.73
1078.73
1078.73
1078.73
1078.73
1078.73
1078.73
1078.73
1078.73
1078.73
1078.73
1078.73
1078.73
1078.73
1078.73
1078.73
1078.73
1078.73
1078.73
1078.73
1078.73
1078.73
1078.73
1078.73
1078.73
1078.73
1078.73
1078.73
1078.73
1073.24
1073.24
1071.43
1071.43
1071.43
1071.43
1071.43
1071.43
1071.43
1071.43
1072.64
1069.76
1069.76
1069.76
1067.29
1066.38
1065.92
1061.96
1061.96
1061.96
1061.71
1061.71
1061.71
1061.58
1061.27
1061.15
1061.15
1060.81
1060.71
1058.99
1058.24
1058.24
1057.24
1057.24
1057.24
1055.26
1055.06
1054.4
1054.4
1054.4
1053.51
1053.51
1053.24
1053.01
1052.84
1052.63
1052.21
1052.21
1052.06
1051.92
1051.73
1051.63
1051.57
1051.53
1051.51
1051.4
1051.4
1020.86
1020.81
1020.78
1020.78
982.615
982.036
981.484
981.484
981.484
976.483
974.639
971.159
970.597
970.016
969.94
969.572
968.621
968.341
968.244
968.158
967.882
967.752
967.562
967.413
967.153
966.937
966.682
966.508
966.441
966.396
966.321
966.158
966.098
965.988
965.987
965.954
965.913
965.902
965.897
965.863
965.863
965.845
962.347
964.995
962.775
962.464
962.462
962.459
962.354
962.111
962.071
962.071
961.959
961.91
961.86
961.86
961.86
961.711
961.71
961.599
961.592
961.592
961.59
961.59
961.574
961.463
961.463
961.434
961.342
961.062
960.855
960.855
960.842
960.803
960.803
960.728
960.728
960.719
960.719
960.711
960.711
960.699
960.699
960.689
960.689
960.686
960.661
960.656
960.656
960.652
960.643
960.643
960.643
960.638
960.638
960.638
960.638
960.638
960.638
960.638
960.637
960.636
960.633
960.633
960.632
960.632
960.628
960.628
960.628
960.627
960.627
960.627
960.625
960.625
960.625
960.624
960.623
960.623
960.623
960.622
960.622
960.622
960.622
960.622
960.622
960.622
960.622
960.622
960.622
960.622
960.622
960.622
960.622
960.622
960.622
960.622
960.622
960.622
960.622
960.622
960.622
960.622
960.622
960.622
960.622
960.622
960.622
960.622
960.622
960.622
960.622
960.622
960.622
960.622
960.622
960.622
960.622
960.622
960.622
960.622
960.622
960.622
960.622
960.622
960.622
960.622
960.622
960.622
960.622
960.622
960.622
960.622
960.622
960.622
960.622
960.622
960.622
960.622
960.622
960.622
960.622
960.622
960.622
960.622
960.622
960.622
960.622
960.622
960.622
960.622
960.622
960.622
960.622
960.622
960.622
960.622
960.622
960.622
960.622
960.622
960.622
960.622
960.622
960.622
960.622
960.622
960.622
960.622
960.622
960.622
960.622
960.622
960.622
960.622
960.622
960.622
960.622
960.622
960.622
960.622
960.622
960.622
960.622
960.622
960.622
960.622
960.622
960.622
960.622
960.622
960.622
960.622


1488.9
1475.35
1431.39
1395.48
1390.56
1390.56
1362.8
1362.8
1352.2
1343.68
1338.2
1380.58
1318.68
1318.26
1251.68
1251.68
1185.3
1176.8
1176.8
1168.07
1168.07
1168.07
1151.87
1151.87
1151.86
1151.86
1138.52
1120.08
1120.08
1119.95
1119.95
1116.58
1116.58
1116.58
1112.82
1104.65
1098.21
1098.21
1096.46
1096.46
1095.53
1098.38
1097.98
1095.99
1091.03
1091.03
1090.65
1090.42
1089.77
1089.45
1089.28
1086.84
1086.73
1086.05
1086.02
1085.89
1085.72
1085.57
1085.52
1085.51
1085.5
1085.39
1075
1075
1075
1074.96
1065.61
1065.61
1065.6
1063.4
1063.4
1081.9
1081.89
1062.72
1062.71
1062.71
1062.71
1062.71
1054.4
1054.4
1054.4
1088.51
1061.62
1061.62
1061.62
1047.33
1047.33
1047.33
1047.33
1044.79
1044.77
1044.77
1044.08
1044.08
1044.08
1043.88
1043.6
1043.52
1043.49
1043.48
1043.48
1043.48
1043.48
1043.48
1043.48
1043.48
1043.48
1043.48
1043.48
1043.48
1043.48
1043.48
1043.48
1043.48
1043.48
1043.48
1043.48
1043.48
1043.48
1043.48
1043.48
1043.48
1043.48
1043.48
1043.48
1043.48
1043.48
1043.48
1043.48
1043.48
1043.48
1043.48
1043.48
1043.48
1043.48
1043.48
1043.48
1043.48
1043.48
1043.48
1043.48
1043.48
1043.48
1043.48
1043.48
1043.48
1043.48
1043.48
1043.48
1043.48
1043.48
1043.48
1043.48
1043.48
1043.48
1043.48
1043.48
1043.48
1043.48
1043.48
1043.48
1043.48
1043.48
1043.48
1043.48
1043.48
1043.48
1043.48
1043.48
1043.48
1043.48
1043.48
1043.48
1043.48
1043.48
1043.48
1043.48
1043.48
1043.48
1043.48
1043.48
1043.48
1043.48
1043.48
1043.48
1043.48
1043.48
1043.48
1043.48
1043.48
1043.48
1043.48
1043.48
1043.48
1043.48
1043.48
1043.48
1043.48
1043.48
1043.48
1043.48
1043.48
1043.48
1043.48
1043.48
1043.48
1043.48
1043.48
1043.48
1043.48
1043.48
1043.48
1043.48
1043.48
1043.48
1043.48
1043.48
1043.48
1043.48
1043.48
1043.48
1043.48
1043.48
1043.48
1043.48
1043.48
1043.48
1043.48
1043.48
1043.48
1043.48
1043.48
1043.48
1043.48
1043.48
1043.48
1043.48
1043.48
1043.48
1043.48
1043.48
1043.48
1043.48
1043.48
1038.67
1031.89
1013.01
1013.01
1004.42
1004.42
997.192
997.192
997.192
997.192
997.192
994.392
994.392
991.389
991.389
989.91
989.027
986.378
985.658
985.423
985.151
985.04
985.04
984.951
984.951
984.935
984.835
984.407
983.483
980.466
980.466
980.406
980.158
979.964
979.939
979.939
979.696
979.258
979.223
979.223
979.19
979.181
979.092
979.092
979.018
978.966
978.947
978.93
978.882
978.842
978.842
978.842
978.842
978.838
978.836
978.834
978.832
978.832
978.832
978.832
978.832
978.83
978.829
978.829
978.829
978.829
978.829
978.828
978.828
978.828
978.828
978.828
978.828
978.828
978.828
978.828
978.828
978.828
978.828
978.828
978.828
978.828
978.828
978.828
978.828
978.828
978.828
978.828
978.828
978.828
978.828
978.828
978.828
978.828
978.828
978.828
978.828
978.828
978.828
978.828
978.828
978.828
978.828
978.828
978.828
978.828
978.828
978.828
978.828
978.828
978.828
978.828
978.828
978.828
978.828
978.828
978.828
978.828
978.828
978.828
978.828
978.828
978.828
978.828
978.828
978.828
978.828
978.828
978.828
978.828
978.828
978.828
978.828
978.828
978.828
978.828
978.828
978.828
978.828
978.828
978.828
978.828
978.828
978.828
978.828
978.828
978.828
978.828
978.828
978.828
978.828
978.828
978.828
978.828
978.828
978.828
978.828
978.828
978.828
978.828
978.828
978.828
978.828
978.828
978.828
978.828
978.828
978.828
978.828
978.828
978.828
978.828
978.828
978.828
978.828
978.828
978.828
978.828
978.828
978.828
978.828
978.828
978.828
978.828
978.828
978.828
978.828
978.828
978.828
978.828
978.828
978.828
978.828
978.828
978.828
978.828
978.828
978.828
978.828
978.828
978.828
978.828
978.828
978.828
978.828
978.828
978.828
978.828
978.828
978.828
978.828
978.828
978.828
978.828
978.828
978.828
978.828
978.828
978.828
978.828
978.828
978.828
978.828
978.828
978.828
978.828
978.828
978.828
978.828
978.828
978.828
978.828
978.828
978.828
978.828
978.828
978.828
978.828
978.828
978.828
978.828
978.828
978.828
978.828
978.828
978.828
978.828
978.828
978.828
978.828
978.828
978.828
978.828
978.828
978.828
978.828


1214.77
1181.38
1148.41
1143.52
1121.21
1121.21
1121.21
1121.21
1107.82
1102.65
1102.65
1099.45
1097.42
1094.25
1092.86
1086.55
1078.51
1073.68
1030.43
1030.43
1030.4
1023.43
1023.12
1016.56
1004.18
1004.18
1002.75
988.215
988.215
970.964
968.275
966.166
957.923
956.918
954.301
948.254
944.087
940.027
936.182
929.9
927.888
938.527
907.902
907.902
907.805
896.049
896.049
896.049
896.049
896.049
896.049
935.629
901.87
901.87
890.347
886.594
886.565
886.481
885.401
884.971
884.473
884.419
883.59
883.56
882.859
882.854
882.811
882.568
882.138
882.138
881.962
881.456
881.452
881.452
852.449
852.449
852.309
852.309
852.309
852.309
852.278
852.223
852.182
836.938
836.842
835.695
835.695
835.645
835.645
835.645
835.645
835.873
834.719
834.661
834.661
833.627
833.627
833.589
833.038
833.033
833.033
836.074
836.072
836.072
834.588
834.585
834.279
832.868
828.147
826.134
826.134
826.864
826.306
825.91
825.368
825.338
825.338
825.041
824.349
824.349
824.349
824.33
824.33
824.274
824.079
824.042
824.031
824.003
823.975
823.975
823.949
823.947
823.947
813.401
813.401
813.299
805.754
805.753
805.753
805.753
805.752
872.516
813.191
813.189
813.187
813.181
813.18
813.172
813.172
813.172
813.171
813.171
813.171
813.17
813.17
813.169
813.168
813.168
813.168
813.168
813.168
813.167
813.167
813.167
813.167
813.167
813.167
813.167
789.829
788.88
788.827
788.595
788.585
788.552
788.542
788.533
788.533
788.527
788.51
788.507
788.503
788.499
788.499
788.495
788.495
788.492
788.49
788.49
788.49
788.49
788.489
788.489
788.489
788.489
788.489
788.489
788.489
788.489
773.25
773.25
773.25
773.202
773.202
773.168
773.1
771.5
632.363
515.898
515.898
502.289
497.617
502.478
502.478
495.371
474.16
471.418
471.418
470.31
464.243
464.243
464.243
459.951
458.731
458.46
457.791
453.843
446.812
446.111
446.111
444.856
443.843
443.003
439.553
439.553
437.668
437.668
437.668
437.14
436.225
435.594
434.806
434.73
434.662
434.484
433.856
433.476
433.476
429.008
429.008
428.614
427.842
428.199
428.153
424.709
424.709
424.416
424.416
424.205
423.133
422.891
422.724
422.6
422.6
422.6
422.488
422.395
422.147
422.147
422.081
421.363
421.351
421.245
421.162
420.902
420.855
420.831
420.76
420.694
420.688
420.448
420.448
420.403
420.359
419.158
417.794
417.778
417.604
417.273
417.267
417.26
416.984
417.08
417.077
417.077
417.076
417.037
416.721
416.55
416.313
416.313
416.181
416.107
416.106
416.001
415.936
415.89
415.89
415.859
415.852
415.834
415.747
415.664
415.494
415.494
415.494
415.392
415.378
415.217
415.217
415.198
415.191
415.191
415.163
415.16
415.141
415.134
415.134
415.12
415.12
415.12
415.106
415.095
415.064
415.043
415.03
415.03
415.011
414.988
414.987
414.987
414.986
414.986
414.985
414.982
414.982
414.981
414.98
414.976
414.974
414.972
414.972
414.968
414.967
414.951
414.951
414.951
414.951
414.948
414.948
414.944
414.944
414.944
414.944
414.944
414.942
414.941
414.941
414.941
414.941
414.94
414.94
414.94
414.939
414.939
414.938
414.937
414.937
414.936
414.936
414.936
414.936
414.936
414.936
414.936
414.936
414.936
414.936
414.936
412.094
412.094
412.094
412.094
411.75
411.75
411.75
411.75
411.75
411.749
411.749
411.294
411.294
411.095
410.829
410.829
410.76
410.76
410.757
410.739
410.73
410.719
410.701
410.694
410.693
410.69
410.69
410.657
410.619
410.598
410.593
410.591
410.58
410.57
410.565
410.55
410.512
410.512
410.512
410.49
410.49
410.47
410.467
410.465
410.464
410.251
410.215
410.051
409.795
409.678
409.552
409.479
409.328
409.182
408.371
408.291
408.205
408.148
408.121
408.02
408.009
408.009
407.894
407.816
407.816
407.816
407.795
407.307
407.307
407.307
407.307
407.307
407.307
411.95
407.748
407.748
407.746
407.745
407.731
407.724
405.902
405.902
405.902
416.142
406.754
406.537
406.466
406.44
406.429
406.425
406.423
406.423
406.422
406.422
406.422
406.422
404.842
404.842
404.842
401.825
401.825
401.825
401.825
402.074
402.074
400.505
400.274
399.39
399.39
399.105
399.006
398.97


1144.09
1115.72
1115.72
1111.67
1111.67
1097.78
1063.37
1025.9
1025.9
1025.9
1025.83
1021.09
983.858
983.858
969.609
969.609
969.591
969.591
968.563
924.598
918.877
944.582
944.582
922.574
922.574
907.628
907.628
906.907
893.04
893.04
891.931
975.192
899.119
880.36
880.319
877.732
874.125
872.395
871.21
859.399
857.796
855.304
851.18
850.19
822.333
822.333
818.977
815.675
813.209
812.119
811.077
810.883
810.883
810.252
810.252
809.639
805.124
804.909
804.909
804.909
804.854
805.1
805.07
804.82
804.8
804.403
803.688
803.427
785.12
785.12
785.019
785.012
784.902
784.896
779.881
779.544
777.999
777.999
777.999
755.53
755.525
755.428
750.235
746.215
746.213
744.917
744.569
744.569
743.659
739.355
739.355
739.355
739.354
739.314
736.675
736.674
731.469
731.469
731.469
730.849
730.849
730.825
730.663
729.768
729.768
729.255
729.254
729.033
728.703
728.703
728.703
728.702
728.574
728.544
728.477
728.477
728.477
728.366
728.366
728.361
728.361
728.361
728.349
728.349
728.345
728.331
722.374
720.569
713.849
707.511
707.511
707.661
706.696
706.696
705.863
705.526
705.2
704.771
704.761
704.761
704.623
704.187
704.187
704.006
704.006
703.957
703.862
703.776
703.704
703.607
703.595
703.583
703.544
703.522
703.463
703.463
703.445
703.445
703.428
703.412
703.412
700.877
700.877
700.877
700.877
700.752
700.752
696.964
696.964
696.964
696.964
696.993
696.993
696.888
696.833
696.833
696.833
696.816
696.321
696.321
696.317
695.976
695.976
695.976
695.976
695.926
695.626
695.626
695.486
692.765
692.468
689.919
688.259
686.441
686.441
686.418
685.317
685.317
684.324
680.94
678.782
678.167
678.167
677.845
677.845
677.778
677.684
677.434
677.377
677.377
677.377
677.227
677.223
677.145
677.142
677.127
677.082
677.069
677.069
677.068
677.068
677.068
677.066
677.066
677.065
677.065
677.064
677.059
677.059
677.059
677.057
677.057
677.057
651.023
623.573
560.441
560.441
456.179
456.179
455.548
450.897
442.764
442.764
440.272
440.272
431.829
428.851
428.704
425.307
425.191
422.588
420.93
400.655
396.69
375.175
375.175
364.191
362.511
361.904
361.215
357.508
357.223
355.773
350.871
350.38
349.929
349.785
349.409
347.128
344.734
344.573
343.403
342.578
341.921
341.796
341.613
340.348
340.333
340.076
339.761
339.716
339.201
339.181
338.927
338.909
338.774
338.766
338.655
338.64
338.266
338.151
338.131
338.002
338.002
337.999
337.989
337.962
337.882
337.843
337.843
337.817
337.817
337.792
337.792
337.776
337.754
337.74
337.715
337.715
337.715
337.711
337.703
337.701
337.701
337.693
337.69
337.684
337.678
337.674
337.672
337.668
337.667
337.664
337.664
337.66
337.659
337.659
337.659
337.656
337.655
337.654
337.653
337.653
337.652
337.651
337.651
337.651
337.651
337.65
337.65
337.65
337.649
337.648
337.648
337.648
337.648
337.648
337.648
337.647
337.647
337.647
337.647
337.647
337.647
337.647
337.647
337.647
337.647
337.647
337.647
337.647
337.647
337.647
337.647
337.647
337.647
337.647
337.647
337.647
337.647
337.647
337.647
337.647
337.647
337.647
337.647
337.647
337.647
337.647
337.647
337.647
337.647
337.647
337.647
337.647
337.647
337.647
337.647
337.647
337.647
337.647
337.647
337.647
337.647
337.647
337.647
337.647
337.647
337.647
337.647
337.647
337.647
337.647
337.647
337.647
337.647
337.647
337.647
337.647
337.647
337.647
337.647
337.647
337.647
337.647
337.647
337.647
337.647
337.647
337.647
337.647
337.647
337.647
337.647
337.647
337.647
337.647
337.647
337.647
337.647
337.647
337.647
337.647
337.647
337.647
337.647
337.647
337.647
337.647
337.647
337.647
337.647
337.647
337.647
337.647
337.647
337.647
337.647
337.647
337.647
337.647
337.647
337.647
337.647
337.647
337.647
337.647
337.647
337.647
337.647
337.647
337.647
337.647
337.647
337.647
337.647
337.647
337.647
337.647
337.647
337.647
337.647
337.647
337.647
337.647
337.647
337.647
337.647
337.647
337.647
337.647
337.647
337.647
337.647
337.647
337.647
337.647
337.647
337.647
337.647
337.647
337.647
337.647
337.647
337.647
337.647
337.647
337.647
337.647
337.647


1852.76
1794.61
1779.77
1735.54
1584.54
1584.54
1584.54
1584.54
1584.39
1584.39
1535.07
1592.38
1511.07
1508.81
1508.81
1508.81
1473.14
1473.14
1473.14
1469.43
1469.43
1461.09
1431.51
1424.36
1420.38
1420.38
1420.18
1328.63
1324.74
1324.74
1313.94
1312.2
1312.2
1294.96
1294.93
1291.43
1291.43
1283.08
1283.08
1276.81
1276.81
1266.4
1261.6
1261.06
1260.8
1260.35
1254.81
1254.69
1243.49
1243.29
1243.23
1239.95
1235.87
1227.02
1218.18
1205.53
1196.25
1196.25
1189.09
1189.09
1186.35
1186.35
1186.22
1186.22
1185.79
1185.69
1170.39
1168.81
1168.81
1168.39
1168.23
1160.57
1158.48
1141.51
1141.51
1141.51
1141.49
1138.32
1122.77
1122.77
1122.77
1121.19
1121.11
1121.11
1121.11
1121.11
1116.98
1103.49
1103.49
1099.55
1099.54
1099.52
1099.52
1096.22
1095.83
1092.75
1092.73
1091.81
1091.81
1091.05
1091.05
1089.92
1086.02
1086.01
1086.01
1086.01
1086.01
1085.48
1085.48
1085.48
1085.48
1085.19
1085.19
1083.22
1082.32
1082.12
1081.51
1081.34
1081.21
1081.21
1081.11
1080.66
1080.53
1080.49
1080.49
1079.83
1079.83
1079.76
1079.6
1079.47
1079.47
1079.51
1079.39
1078.96
1078.96
1078.72
1078.72
1078.68
1078.64
1078.64
1078.64
1078.65
1078.64
1078.62
1078.62
1078.57
1078.56
1078.54
1078.54
1078.53
1078.53
1078.51
1078.51
1078.51
1078.51
1078.51
1078.51
1078.5
1078.5
1078.5
1078.5
1078.5
1078.5
1078.5
1078.5
1078.5
1078.5
1078.5
1078.5
1078.5
1078.5
1078.5
1078.5
1078.5
1078.5
1078.5
1078.5
1078.5
1078.5
1078.5
1078.5
1078.5
1078.5
1078.5
1078.5
1078.5
1078.5
1078.5
1078.5
1078.5
1078.5
1078.5
1078.5
1078.5
1078.5
1078.5
1078.5
1078.5
1078.5
1078.5
1078.5
1078.5
1078.5
1078.5
1078.5
1078.5
1078.5
1078.5
1078.5
1078.5
1078.5
1078.5
1078.5
1078.5
1078.5
1078.5
1078.5
1078.5
1078.5
1078.5
1078.5
1078.5
1078.5
1078.5
1078.5
1078.5
1078.5
1078.5
1078.5
1078.5
1078.5
1078.5
1078.5
1078.5
1078.5
1078.5
1078.5
1078.5
1078.5
1078.5
1078.5
1078.5
1078.5
1078.5
1078.5
1078.5
1078.5
1078.5
1078.5
1078.5
1078.5
1078.5
1078.5
1078.5
1078.5
1078.5
1078.5
1078.5
1078.5
1078.5
1078.5
1078.5
1078.5
1078.5
1078.5
1078.5
1078.5
1078.5
1078.5
1078.5
1078.5
1078.5
1078.5
1078.5
1078.5
1078.5
1078.5
1078.5
1078.5
1078.5
1078.5
1078.5
1078.5
1078.5
1078.5
1078.5
1078.5
1078.5
1078.5
1078.5
1078.5
1078.5
1078.5
1078.5
1078.5
1078.5
1078.5
1078.5
1078.5
1078.5
1078.5
1078.5
1078.5
1078.5
1078.5
1078.5
1078.5
1078.5
1078.5
1078.5
1078.5
1078.5
1078.5
1078.5
1078.5
1078.5
1078.5
1078.5
1078.5
1078.5
1078.5
1078.5
1078.5
1078.5
1078.5
1078.5
1078.5
1078.5
1078.5
1078.5
1078.5
1078.5
1078.5
1078.5
1078.5
1078.5
1078.5
1078.5
1078.5
1078.5
1078.5
1078.5
1078.5
1078.5
1078.5
1078.5
1078.5
1078.5
1078.5
1078.5
1078.5
1078.5
1078.5
1078.5
1078.5
1078.5
1078.5
1078.5
1078.5
1078.5
1078.5
1078.5
1078.5
1078.5
1078.5
1078.5
1078.5
1078.5
1078.5
1078.5
1078.5
1078.5
1078.5
1078.5
1078.5
1078.5
1078.5
1078.5
1078.5
1078.5
1078.5
1078.5
1077.9
1076.17
1075.45
1075.05
1074.69
1074.69
1074.67
1074.66
1074.66
1074.64
1074.64
1074.62
1074.6
1074.6
1074.6
1074.59
1074.59
1074.59
1074.59
1074.58
1074.56
1074.54
1074.51
1074.42
1074.32
1074.05
1073.76
1073.19
1072.81
1072.26
1072.22
1072.22
1072.22
1072.2
1072.18
1072.15
1072.14
1072.14
1072.14
1072.13
1033.52
1031.27
1031.21
1031.21
1031.16
1031.16
1031.16
1031.16
1031.16
1031.15
1031.15
1031.14
1031.14
1031.14
1031.14
1031.14
1031.14
1031.14
1031.14
1031.14
1031.14
1031.14
1031.14
1031.14
1031.14
1031.14
1031.14
1031.05
1029.61
1029.58
1029.58
1029.56
1029.44
1029.44
1029.44
1029.44
1029.43
1029.38
1029.3
1029.3
1029.3
1029.27
1029.27
1029.25
1029.23
1029.22
1029.18
1029.18
1029.16
1029.15
1029.14
1029.12
1029.11
1029.1
1029.1
1029.09
1029.09
1029.09
1029.09
1029.09
1029.09
1029.09
1029.09
1029.08
1029.08
1029.08
1029.08
1029.08
1029.08
1029.08
1029.08
1029.08
1029.08
1029.08
1029.08
1029.08
1029.08
1029.08


2287.75
2168.33
2095.75
2095.75
2059.83
2059.83
2024.93
1999.86
1962.05
1962.05
1962.05
1965.53
1894.12
1884.74
1874.25
1874.25
1874.05
1803.31
1798.78
1779.49
1757.6
1780.96
1780.9
1780.9
1780.79
1777.42
1775.31
1775.31
1758
1751.55
1748.86
1747.72
1731.69
1728.45
1723.42
1723.42
1723.42
1721.06
1720.09
1720.09
1719.28
1733.29
1726.46
1692.11
1665.35
1664.29
1664.29
1637.06
1637.03
1637.03
1628.47
1645.86
1645.86
1614.59
1614.59
1611.02
1581.29
1580.63
1575.05
1568.45
1542.35
1540.99
1529.08
1514.42
1510.73
1499.39
1489.97
1489.97
1489.62
1487.77
1487.74
1474.37
1465.69
1461.26
1460.29
1460.16
1448.73
1436.77
1436.39
1436.34
1432.13
1426.33
1424.41
1422.54
1420.52
1420.41
1420.31
1420
1418.3
1418.07
1417.98
1417.81
1416.19
1415.48
1415.42
1415.42
1415.27
1414.92
1414.91
1414.91
1414.58
1414.58
1414.56
1414.36
1414.22
1414.14
1414.14
1414.13
1414.03
1414.03
1414.03
1414
1414
1414
1413.95
1413.95
1413.94
1413.93
1413.92
1413.91
1413.91
1413.91
1413.91
1413.91
1413.91
1413.91
1413.9
1413.9
1413.9
1413.9
1413.9
1413.9
1413.9
1413.9
1413.9
1413.9
1413.9
1413.9
1413.89
1413.89
1413.89
1413.89
1413.89
1413.89
1413.89
1413.89
1413.89
1413.89
1413.89
1413.89
1413.89
1413.89
1413.89
1413.89
1413.89
1413.89
1413.89
1413.89
1413.89
1413.89
1413.89
1413.89
1413.89
1413.89
1413.89
1413.89
1413.89
1413.89
1413.89
1413.89
1413.89
1413.89
1413.89
1413.89
1413.89
1403.31
1394.34
1390.49
1381.86
1381.14
1381.14
1380.93
1379.55
1379.08
1379.08
1379.08
1379.08
1378.89
1378.8
1378.76
1378.52
1378.35
1378.3
1378.12
1378.12
1378.12
1377.89
1377.65
1377.36
1377.33
1377.26
1377.3
1377.28
1377.27
1377.24
1377.24
1377.24
1377.24
1377.24
1377.24
1377.24
1377.24
1377.24
1377.24
1377.23
1377.23
1377.23
1377.23
1377.23
1377.23
1377.22
1377.23
1377.22
1377.22
1377.22
1377.22
1377.22
1377.22
1377.22
1377.22
1377.22
1377.22
1377.22
1377.22
1377.22
1377.22
1377.22
1377.22
1377.22
1377.22
1377.22
1377.22
1377.22
1377.22
1377.22
1377.22
1377.22
1377.22
1377.22
1377.22
1377.22
1377.22
1377.22
1377.22
1377.22
1377.22
1377.22
1377.22
1377.22
1377.22
1377.22
1377.22
1377.22
1377.22
1377.22
1377.22
1377.22
1377.22
1377.22
1377.22
1377.22
1367.42
1351.35
1351.35
1351.05
1351.03
1350.78
1344.95
1344.78
1344.78
1344.78
1343.32
1343.32
1343.17
1341.16
1338.86
1337.59
1337.59
1337.16
1335.16
1335.16
1335.14
1334.92
1334.68
1334.68
1333.95
1333.95
1333.71
1333.71
1333.63
1333.48
1333.48
1333.34
1332.82
1332.82
1332.78
1332.13
1331.28
1330.93
1330.93
1330.78
1330.78
1330.75
1330.75
1330.75
1330.65
1330.54
1330.47
1330.47
1330.47
1330.47
1330.46
1330.45
1330.45
1330.45
1330.45
1330.45
1330.45
1330.45
1330.45
1330.45
1330.44
1330.44
1330.44
1330.44
1330.44
1330.44
1330.44
1330.44
1330.44
1330.44
1330.44
1330.44
1330.44
1330.44
1330.44
1330.44
1330.44
1330.44
1330.44
1330.44
1330.44
1330.44
1330.44
1330.44
1330.44
1330.44
1330.44
1330.44
1330.44
1330.44
1330.44
1330.44
1330.44
1330.44
1330.44
1330.44
1330.44
1330.44
1330.44
1330.44
1330.44
1330.44
1330.44
1330.44
1330.44
1330.44
1330.44
1330.44
1330.44
1330.44
1330.44
1330.44
1330.44
1330.44
1330.44
1330.44
1330.44
1330.44
1330.44
1330.44
1330.44
1330.44
1330.44
1330.44
1330.44
1330.44
1330.44
1330.44
1330.44
1330.44
1330.44
1330.44
1330.44
1330.44
1330.44
1330.44
1330.44
1330.44
1330.44
1330.44
1330.44
1330.44
1330.44
1330.44
1330.44
1330.44
1330.44
1330.44
1330.44
1330.44
1330.44
1330.44
1330.44
1330.44
1330.44
1330.44
1330.44
1330.44
1330.44
1330.44
1330.44
1330.44
1330.44
1330.44
1330.44
1330.44
1330.44
1330.44
1330.44
1330.44
1330.44
1330.44
1330.44
1330.44
1330.44
1330.44
1330.44
1330.44
1330.44
1330.44
1330.44
1330.44
1330.44
1330.44
1330.44
1330.44
1330.44
1330.44
1330.44
1330.44
1330.44
1330.44
1330.44
1330.44
1330.44
1330.44
1330.44
1330.44
1330.44
1330.44
1330.44
1330.44
1330.44
1330.44
1330.44
1330.44
1330.44
1330.44
1330.44
1330.44
1330.44
1330.44
1330.44
1330.44
1330.44
1330.44
1330.44
1330.44
1330.44
1330.44
1330.44
1330.44
1330.44
1330.44
1330.44
1330.44
1330.44
1330.44
1330.44


1850.99
1763.75
1725.69
1713.65
1703.61
1665.86
1636.61
1636.32
1610.41
1564.69
1544.96
1541.44
1520.29
1520.29
1499.2
1499.2
1499.2
1498.92
1485.1
1485.1
1465.43
1465.43
1461.93
1461.76
1459.64
1459.64
1453.99
1452.67
1443.15
1443.15
1442.82
1435.8
1429.75
1422.62
1420.38
1419.38
1419.32
1418.29
1400.27
1400.17
1398.84
1385.08
1385.08
1366.29
1366.29
1366.24
1337.1
1336.25
1336.25
1336.02
1335.83
1286.27
1265.76
1263.81
1241.96
1216.71
1216.71
1207.24
1207.24
1203.42
1203.16
1203.05
1203.05
1199.95
1191.95
1191.95
1189.08
1189.08
1183.76
1183.76
1183.76
1178.17
1175.59
1158.65
1158.65
1157.2
1141.47
1136.97
1136.97
1135.13
1135.13
1141.45
1141.45
1137.63
1136.8
1135.34
1133.1
1130.74
1130.67
1120.45
1117.52
1117.65
1115.76
1114.82
1114.07
1114.07
1112.89
1111.24
1110.54
1110.54
1110.01
1109.82
1108.45
1107.38
1105.54
1104.59
1104.03
1104
1103.7
1103.5
1103.1
1103.07
1102.72
1102.68
1102.54
1102.14
1102.13
1102.13
1102.12
1102.1
1102.06
1102.03
1102.02
1102
1101.99
1101.98
1101.98
1101.97
1101.97
1101.97
1101.96
1101.94
1101.94
1101.94
1101.94
1101.94
1101.93
1101.93
1101.93
1101.93
1101.93
1101.93
1101.93
1101.93
1101.93
1101.93
1101.93
1101.93
1101.93
1101.93
1101.93
1101.93
1101.93
1101.93
1101.93
1101.93
1101.93
1101.93
1101.93
1101.93
1101.93
1101.93
1101.93
1101.93
1101.93
1101.93
1101.93
1101.93
1101.93
1101.93
1101.93
1101.93
1101.93
1101.93
1101.93
1101.93
1101.93
1101.93
1101.93
1101.93
1101.93
1101.93
1101.93
1101.93
1101.93
1101.93
1101.93
1101.93
1101.93
1101.93
1101.93
1101.93
1101.93
1101.93
1101.93
1101.93
1101.93
1101.93
1101.93
1101.93
1101.93
1101.93
1101.93
1101.93
1101.93
1101.93
1101.93
1101.93
1101.93
1101.93
1101.93
1101.93
1101.93
1101.93
1101.93
1101.93
1101.93
1101.93
1101.93
1101.93
1101.93
1101.93
1101.93
1101.93
1101.93
1101.93
1101.93
1101.93
1101.93
1101.93
1101.93
1101.93
1101.93
1101.93
1101.93
1101.93
1101.93
1101.93
1101.93
1101.93
1101.93
1101.93
1101.93
1101.93
1101.93
1101.93
1101.93
1101.93
1101.93
1101.93
1101.93
1101.93
1101.93
1101.93
1097.27
1097.27
1093.42
1093.42
1093.42
1093.42
1093.42
1093.3
1092.12
1091.76
1090.58
1083.5
1083.5
1083.5
1082.62
1082.62
1082.62
1086.21
1083.11
1080.74
1080.74
1080.66
1080.6
1079.97
1079.4
1079.2
1078.93
1078.52
1078.52
1078.52
1078.44
1078.39
1077.28
1077.28
1077.28
1076
1076
1076
1075.72
1075.16
1074.32
1074.16
1074.16
1074.04
1073.67
1073.27
1072.74
1072.52
1072
1071.9
1071.71
1071.71
1071.71
1071.71
1071.67
1071.58
1071.58
1071.57
1071.56
1071.55
1071.55
1071.55
1071.53
1071.52
1071.52
1071.52
1071.52
1071.52
1071.51
1071.51
1071.51
1071.51
1071.51
1071.51
1071.51
1071.51
1071.51
1071.51
1071.51
1071.51
1071.51
1071.51
1071.51
1071.51
1071.51
1071.51
1071.51
1071.51
1071.51
1071.51
1071.51
1071.51
1071.51
1071.51
1071.51
1071.51
1071.51
1071.51
1071.51
1071.51
1071.51
1071.51
1071.51
1071.51
1071.51
1071.51
1071.51
1071.51
1071.51
1071.51
1071.51
1071.51
1071.51
1071.51
1071.51
1071.51
1071.51
1071.51
1071.51
1071.51
1071.51
1071.51
1071.51
1071.51
1071.51
1071.51
1071.51
1071.51
1071.51
1071.51
1071.51
1071.51
1071.51
1071.51
1071.51
1071.51
1071.51
1071.51
1071.51
1071.51
1071.51
1071.51
1071.51
1071.51
1071.51
1071.51
1071.51
1071.51
1071.51
1071.51
1071.51
1071.51
1071.51
1071.51
1071.51
1071.51
1071.51
1071.51
1071.51
1071.51
1071.51
1071.51
1071.51
1071.51
1071.51
1071.51
1071.51
1071.51
1071.51
1071.51
1071.51
1071.51
1071.51
1071.51
1071.51
1071.51
1071.51
1071.51
1071.51
1071.51
1071.51
1071.51
1071.51
1071.51
1071.51
1071.51
1071.51
1071.51
1071.51
1071.51
1071.51
1071.51
1071.51
1071.51
1071.51
1071.51
1071.51
1071.51
1071.51
1071.51
1071.51
1071.51
1071.51
1071.51
1071.51
1071.51
1071.51
1071.51
1071.51
1071.51
1071.51
1071.51
1071.51
1071.51
1071.51
1071.51
1071.51
1071.51
1071.51
1071.51
1071.51
1071.51
1071.51
1071.51
1071.51
1071.51
1071.51
1071.51
1071.51
1071.51
1071.51
1071.51
1071.51
1071.51
1071.51
1071.51
1071.51
1071.51
1071.51
1071.51
1071.51
1071.51
1071.51
1071.51
1071.51
1071.51


1697.41
1681.23
1586.73
1563.1
1521.35
1514.84
1436.98
1436.98
1436.98
1434.72
1422.27
1422.27
1395.19
1394.89
1365.94
1334.78
1315.99
1314.31
1313.45
1295.9
1293.4
1270.85
1240.24
1235.06
1235.06
1231.68
1224.92
1200.72
1200.72
1198.14
1198.14
1192.87
1186.65
1183.85
1183.85
1183.75
1183.49
1178.67
1177.84
1166.27
1163.19
1158.9
1157.26
1148.72
1148.72
1128.85
1128.85
1117.71
1114.74
1111.02
1110.48
1110.14
1110.06
1109.27
1109.24
1109.04
1108.63
1108.24
1107.46
1107.46
1107.26
1106.78
1106.77
1106.69
1106.14
1105.7
1105.62
1105.59
1105.56
1105.42
1105.3
1105.29
1105.27
1105.15
1105.15
1105.05
1105.05
1105.04
1105.03
1104.99
1100.71
1094.53
1092.9
1092.46
1092.46
1092.46
1092.28
1092.27
1092.19
1091.91
1091.69
1091.06
1091.02
1090.99
1090.99
1090.94
1090.88
1090.84
1090.84
1090.83
1090.83
1090.78
1090.77
1090.77
1090.77
1090.76
1090.76
1090.75
1090.74
1090.73
1090.72
1090.72
1090.71
1090.7
1090.7
1090.7
1077.45
1073.91
1060.34
1056.05
1054.01
1054.01
1053.65
1053.49
1053.49
1053.44
1053.21
1052.65
1052
1051.9
1051.6
1051.51
1051.51
1051.4
1051.25
1051.13
1051.07
1050.97
1050.94
1050.62
1050.48
1050.48
1050.42
1050.42
1050.26
1050.26
1050.26
1050.23
1050.23
1050.16
1049.38
1049.37
1049.33
1049.33
1049.33
1049.32
1049.29
1049.29
1049.29
1049.27
1049.26
1049.26
1049.26
1049.26
1049.25
1049.25
1049.24
1049.24
1049.24
1049.24
1049.24
1049.24
1049.24
1049.24
1049.24
1049.24
1049.24
1049.24
1049.24
1049.24
1049.24
1049.24
1049.24
1049.24
1049.24
1049.24
1049.24
1049.24
1049.24
1049.24
1049.24
1049.24
1049.24
1049.24
1049.24
1049.24
1049.24
1049.24
1049.24
1049.24
1049.24
1049.24
1049.24
1049.24
1049.24
1049.24
1049.24
1049.24
1049.24
1049.24
1049.24
1049.24
1049.24
1042.41
1042.41
1042.41
1042.41
1042.41
1030.26
1030.26
1030.26
1038.63
1038.63
1021.08
1021.08
1021.08
1019.88
1018.18
1018.18
1018.18
1017.12
1017.12
1016.67
1016.67
1016.67
1011.22
1011.22
1008.27
1008.27
1008.27
1008.27
1008.27
1008.27
1007.28
1007.28
1007.28
1003.91
1003.91
1003.51
1003.33
1003.05
1003.05
1002.27
1001.28
995.172
990.419
990.243
989.992
988.815
987.154
987.154
985.582
985.438
984.091
983.38
982.43
982.43
981.973
981.886
981.886
981.608
981.696
981.696
981.696
981.675
981.675
981.503
981.503
981.45
981.441
981.441
981.441
981.441
981.403
981.361
981.361
981.357
981.355
981.346
981.342
981.341
981.331
981.331
981.327
981.327
981.327
981.327
981.325
981.325
981.324
981.324
981.324
981.323
981.322
981.322
981.322
981.322
981.322
981.321
981.321
981.321
981.321
981.321
981.321
981.321
981.321
981.321
981.321
981.321
981.321
981.321
981.321
981.321
981.321
981.321
981.321
981.321
981.321
981.321
981.321
981.321
981.321
981.321
981.321
981.321
981.321
981.321
981.321
981.321
981.321
981.321
981.321
981.321
981.321
981.321
981.321
981.321
981.321
981.321
981.321
981.321
981.321
981.321
981.321
981.321
981.321
981.321
981.321
981.321
981.321
981.321
981.321
981.321
981.321
981.321
981.321
981.321
981.321
981.321
981.321
981.321
981.321
981.321
981.321
981.321
981.321
981.321
981.321
981.321
981.321
981.321
981.321
981.321
981.321
981.321
981.321
981.321
981.321
981.321
981.321
981.321
981.321
981.321
981.321
981.321
981.321
981.321
981.321
981.321
981.321
981.321
981.321
981.321
981.321
981.321
981.321
981.321
981.321
981.321
981.321
981.321
981.321
981.321
981.321
981.321
981.321
981.321
981.321
981.321
981.321
981.321
981.321
981.321
981.321
981.321
981.321
981.321
981.321
981.321
981.321
981.321
981.321
981.321
981.321
981.321
981.321
981.321
981.321
981.321
981.321
981.321
981.321
981.321
981.321
981.321
981.321
981.321
981.321
981.321
981.321
981.321
981.321
981.321
981.321
981.321
981.321
981.321
981.321
981.321
981.321
981.321
981.321
981.321
981.321
981.321
981.321
981.321
981.321
981.321
981.321
981.321
981.321
981.321
981.321
981.321
981.321
981.321
981.321
981.321
981.321
981.321
981.321
981.321
981.321
981.321
981.321
981.321
981.321
981.321
981.321
981.321
981.321
981.321
981.321
981.321
981.321
981.321
981.321
981.321
981.321


1185.67
1162.98
1137.5
1137.5
1101.57
1084.41
1080.87
1080.87
1080.87
1075.91
1075.91
1064.66
1058.21
1025.81
1001.77
1001.08
998.242
998.164
981.34
979.933
966.655
971.47
939.918
939.918
925.881
925.881
912.669
911.885
911.881
911.582
907.107
908.448
901.976
899.116
898.516
898.516
882.271
873.885
867.941
858.058
858.058
858.01
857.908
856.482
856.102
853.767
852.613
849.296
848.964
848.069
848.069
847.929
847.383
846.99
846.951
846.749
846.345
845.886
845.714
845.567
845.113
845.097
845.062
845.062
845.047
844.871
844.656
844.524
844.418
844.241
844.238
844.256
844.215
844.158
844.135
844.122
844.111
844.111
844.07
844.067
844.067
844.061
844.039
844.035
844.032
844.031
834.974
834.974
834.974
834.225
834.223
834.223
831.921
831.92
831.919
831.919
831.919
831.919
831.401
831.401
831.401
866.443
843.502
843.502
843.502
839.849
839.849
839.849
839.849
839.849
839.849
849.586
837.398
836.823
836.823
836.425
836.425
833.528
824.578
824.484
821.894
821.514
821.352
817.051
813.424
807.844
807.844
807.69
807.69
796.304
796.304
831.162
815.4
815.4
795.599
793.922
793.909
793.839
793.825
788.086
780.452
779.204
778.944
778.921
778.494
778.494
776.761
775.093
775.091
775.086
769.169
769.169
769.155
768.922
768.922
768.879
768.566
768.565
768.565
768.421
768.363
768.118
768.118
767.93
767.841
767.72
767.499
766.127
759.253
759.253
759.253
759.253
759.253
754.793
754.793
754.793
675.326
658.41
624.475
624.475
624.475
624.16
624.16
613.893
609.469
608.267
607.885
607.749
607.697
599.318
590.459
586.312
544.435
544.435
544.435
544.435
537.915
527.98
527.98
527.967
527.445
527.445
527.445
521.258
520.452
519.639
518.816
518.816
517.876
517.038
515.401
514.032
514.032
514.032
514.032
514.032
512.628
511.705
511.373
506.601
506.052
506.052
505.136
504.162
503.743
503.704
503.046
503.036
502.882
502.466
502.466
502.237
502.237
502.237
500.862
500.041
500.041
500.041
498.883
498.883
498.883
497.991
497.848
497.458
496.916
496.421
495.997
495.962
495.885
495.833
495.68
495.37
494.902
494.902
494.902
494.902
494.899
494.899
494.862
494.853
494.853
494.77
494.77
494.759
494.733
494.698
494.698
494.677
494.654
494.648
494.648
494.625
494.613
494.593
494.574
494.574
494.541
494.541
494.541
494.541
494.541
494.539
494.536
494.531
494.528
494.487
494.487
494.487
494.478
494.47
494.463
494.461
494.453
494.453
494.448
494.439
494.434
494.431
494.431
494.421
494.421
494.421
494.414
494.412
494.412
494.411
494.411
494.41
494.41
494.41
494.409
494.411
494.407
494.407
494.407
494.406
494.405
494.405
494.405
494.405
494.404
494.404
494.404
494.403
494.403
494.403
494.402
494.401
494.401
494.401
494.401
494.401
494.401
494.401
494.401
494.401
494.401
494.4
494.4
494.4
494.4
494.4
494.4
494.4
494.4
494.4
494.4
494.4
494.4
494.4
494.4
494.4
494.4
494.4
494.4
494.4
494.4
494.4
494.4
494.4
494.4
494.4
494.4
494.4
494.4
494.4
494.4
494.4
494.4
494.4
494.4
494.4
494.4
494.4
494.4
494.4
494.4
494.4
494.4
494.4
494.4
494.4
494.4
494.4
494.4
494.4
494.4
494.4
494.4
494.4
494.4
494.4
494.4
494.4
494.4
494.4
494.4
494.4
494.4
494.4
494.4
494.4
494.4
494.4
494.4
494.4
494.4
494.4
494.4
494.4
494.4
494.4
494.4
494.4
494.4
494.4
494.4
494.4
494.4
494.4
494.4
494.4
494.4
494.4
494.4
494.4
494.4
494.4
494.4
494.4
494.4
494.4
494.4
494.4
494.4
494.4
494.4
494.4
494.4
494.4
494.4
494.4
494.4
494.4
494.4
494.4
494.4
494.4
494.4
494.4
494.4
494.4
494.4
494.4
494.4
494.4
494.4
494.4
494.4
494.4
494.4
494.4
494.4
494.4
494.4
494.4
494.4
494.4
494.4
494.4
494.4
494.4
494.4
494.4
494.4
494.4
494.4
494.4
494.4
494.4
494.4
494.4
494.4
494.4
494.4
494.4
494.4
494.4
494.4
494.4
494.4
494.4
494.4
494.4
494.4
494.4
494.4
494.4
494.4
494.4


1289.18
1281.92
1256.72
1241.29
1223.14
1175.22
1145.54
1133.35
1126.72
1113.86
1113.86
1203.42
1112.76
1107.76
1081.24
1081.24
1072.08
1072.08
1029.03
1029.03
1022.88
1015.78
1003.95
988.749
988.749
966.312
953.309
953.309
953.159
949.683
949.494
923.879
923.865
902.752
887.358
880.419
875.608
875.608
872.154
871.759
866.081
864.922
864.922
858.096
858.07
854.224
853.351
850.91
848.468
847.954
847.517
846.208
845.999
845.999
845.6
845.02
844.755
843.413
843.253
843.025
842.866
842.085
841.891
841.207
840.812
840.681
840.68
837.02
836.997
836.997
836.59
836.585
836.585
836.372
836.36
835.519
835.034
835.034
834.911
834.91
834.907
834.907
834.861
834.661
834.576
834.53
834.53
834.325
834.324
834.301
834.301
834.19
834.19
834.187
834.14
834.14
834.14
834.14
834.098
834.091
834.091
834.086
834.086
834.081
834.07
834.06
834.06
834.06
834.06
834.052
834.052
823.069
821.696
821.45
819.47
818.701
818.698
818.698
818.698
818.568
818.568
818.469
818.427
818.424
818.424
818.366
818.365
818.357
818.352
818.352
818.339
818.338
818.301
818.298
818.288
818.288
818.288
818.286
818.283
818.283
818.28
818.277
818.275
818.275
818.275
818.275
818.274
818.274
818.274
818.274
818.274
818.273
818.273
818.273
818.273
818.273
818.272
818.272
818.272
818.272
818.272
818.272
818.272
818.272
818.272
818.272
818.272
818.272
818.272
818.272
818.272
811.39
811.39
810.048
810.048
810.048
810.048
810.048
810.048
810.048
810.048
810.048
810.048
809.896
806.942
806.942
806.942
806.942
806.138
806.138
806.138
806.138
806.138
806.138
806.138
806.138
806.138
806.138
806.138
806.135
806.135
805.787
805.787
805.787
805.556
805.556
805.556
805.556
804.989
803.736
801.362
800.309
799.596
799.395
799.395
799.395
799.151
799.035
798.955
798.842
798.603
798.603
798.586
795.857
795.857
795.035
791.894
791.894
791.894
791.894
791.894
791.724
790.67
790.67
790.67
790.67
789.916
789.913
789.913
789.896
789.741
789.307
789.202
789.202
789.183
789.055
788.863
788.717
788.676
788.673
788.673
788.692
788.581
788.496
788.324
788.268
788.222
788.214
788.214
788.214
788.214
788.197
788.15
788.093
788.062
788.032
788.016
788.007
788.004
787.993
787.993
787.98
787.96
787.943
781.83
768.465
767.845
767.821
767.581
767.504
766.91
766.889
766.883
766.804
766.783
766.731
766.377
766.363
766.284
766.265
766.262
766.273
766.245
766.223
766.221
766.212
766.206
766.201
766.199
766.19
766.159
766.121
766.118
766.106
766.098
766.086
766.085
766.082
766.082
766.082
766.081
766.08
766.079
766.078
766.078
766.077
766.077
766.076
766.076
766.076
766.076
766.075
766.075
766.075
766.075
766.075
766.075
766.075
766.075
766.075
766.075
766.075
766.075
766.075
766.075
766.075
766.075
766.074
766.074
766.074
766.074
765.961
765.931
765.931
765.931
765.815
765.815
765.794
765.777
765.777
765.776
765.764
765.764
765.755
765.736
765.693
765.668
765.624
765.599
765.577
765.574
765.567
765.567
765.559
765.559
765.559
765.554
765.554
765.55
765.544
765.544
765.544
765.544
765.54
765.536
765.536
765.536
765.536
765.534
765.532
765.531
765.526
765.521
765.52
765.516
765.502
765.487
765.48
765.477
765.469
765.459
765.454
765.45
765.448
765.448
765.448
765.448
765.446
765.44
765.436
765.433
765.374
765.351
765.297
765.255
765.25
765.25
765.25
765.249
765.243
765.243
765.243
765.23
765.23
765.228
765.22
765.217
765.212
765.211
765.211
765.207
765.205
765.205
765.201
765.2
765.196
765.195
765.194
765.192
765.191
765.189
765.189
765.189
765.189
765.188
765.188
765.188
765.188
765.188
765.188
765.188
765.188
765.188
765.188
765.188
765.188
765.188
765.187
765.187
765.187
765.186
765.185
765.185
765.185
765.185
765.184
765.184
765.184
765.184
765.184
765.184
765.184
765.184
765.184
765.184
765.184
765.184
765.184
765.184
765.184
765.184
765.184
765.184
765.184
765.184
765.184
765.184
765.184
765.184
765.184
765.184
765.184
765.184
765.184
765.184
765.184
765.184
765.184
765.184
765.184
765.184
765.184
765.184
765.184
765.184
765.184
765.184
765.184
765.184
765.184


1401
1382.24
1297.88
1253.17
1253.17
1253.04
1253.04
1252.85
1217.48
1198.23
1181.03
1319.4
1269.61
1269.32
1252.77
1242.5
1242.5
1216.86
1194.42
1194.42
1194.04
1196.37
1196.37
1144.8
1144.8
1144.49
1125.6
1100.74
1100.74
1100.74
1080.99
1080.99
1074.33
1073.1
1059.92
1059.92
1055.72
1052.47
1049.74
1048.32
1036.91
1033.81
1031.18
1031.18
1029.26
1029.26
1012.37
1011.12
1009.86
990.087
984.418
975.64
966.693
963.271
955.229
955.229
954.687
938.939
935.019
931.95
931.586
930.593
925.171
920.302
917.83
907.202
905.097
902.522
899.007
897.803
897.262
897.348
897.348
895.079
893.851
892.019
891.04
890.368
889.951
889.522
887.962
887.835
887.835
885.971
885.494
884.228
884.194
883.243
883.231
882.777
882.545
882.396
882.383
882.07
882.062
881.596
881.473
881.356
881.247
881.228
880.813
880.811
880.74
880.41
880.408
880.3
880.3
880.293
880.23
880.229
880.181
880.136
880.136
880.067
880.067
880.039
880.039
880.039
880.016
879.568
879.568
879.568
879.568
879.568
878.438
878.438
873.775
873.204
873.204
872.785
872.339
869.086
868.032
868.032
864.487
864.487
864.429
864.429
859.381
859.381
857.317
856.48
856.23
856.143
856.111
856.098
856.093
856.091
855.968
855.968
855.776
855.739
854.424
854.036
854.007
853.932
853.812
853.812
853.812
853.663
853.595
853.206
853.195
853.195
853.136
853.107
853.027
853.027
853.027
853.008
853.008
852.998
852.998
852.994
852.978
852.972
852.962
852.958
852.957
852.952
852.95
852.95
852.95
852.95
852.95
852.942
852.941
852.941
852.939
852.938
852.938
852.938
852.937
852.935
852.935
852.935
852.935
852.935
852.935
852.935
852.935
852.934
852.934
852.934
852.934
852.934
852.934
852.934
852.933
852.933
852.933
852.933
852.933
852.933
852.933
852.933
852.933
852.933
852.933
852.933
852.933
852.933
852.933
852.933
852.933
852.933
852.933
852.933
852.933
852.933
852.933
852.933
852.933
852.933
852.933
852.933
852.933
852.933
852.933
852.933
852.933
852.933
852.933
852.933
852.933
852.933
852.933
852.933
852.933
852.933
852.933
852.933
852.933
850.536
844.523
844.054
844.054
842.65
836.413
836.413
836.413
836.413
836.413
836.09
835.89
835.89
835.89
835.747
835.509
835.509
835.435
835.538
835.156
834.905
834.753
834.753
834.753
834.753
834.424
833.939
833.887
833.78
833.549
833.228
832.357
831.437
830.948
830.948
830.777
830.717
830.642
830.894
830.218
830.148
829.777
829.669
829.669
829.669
828.901
828.571
828.571
826.961
826.605
826.245
825.755
825.726
825.726
825.726
825.702
825.687
825.684
825.669
825.669
825.669
825.635
825.602
825.554
825.489
825.464
825.453
825.428
825.428
825.416
825.373
825.343
825.32
825.294
825.255
825.246
825.246
825.229
825.205
825.203
825.203
825.187
825.154
825.134
825.123
825.094
825.087
825.079
825.073
825.065
825.044
825.027
825.018
825.018
825.018
825.011
825.011
825.008
825.005
825.005
825.002
824.988
824.988
824.988
824.988
824.911
824.911
824.872
1017.06
824.991
824.991
824.989
824.987
824.987
824.986
824.985
824.983
824.983
824.983
824.983
824.983
824.982
824.982
824.982
824.981
824.981
824.981
824.981
824.981
824.98
824.98
824.98
824.98
824.98
824.98
824.979
824.979
824.978
824.978
824.978
824.976
824.973
824.967
824.963
824.961
824.944
824.93
824.92
824.905
824.842
824.778
824.749
824.718
824.702
824.702
824.697
824.679
824.674
824.64
824.619
824.6
824.596
824.517
824.517
824.315
824.315
824.307
824.307
824.304
824.303
824.291
824.29
824.281
824.281
824.277
824.277
824.261
824.261
824.261
824.255
824.241
824.222
824.217
824.216
824.213
824.211
824.207
824.207
824.205
824.2
824.197
824.194
824.189
824.186
824.185
824.185
824.185
824.183
824.169
824.167
824.167
824.163
824.159
824.159
824.159
824.159
824.159
824.157
824.156
824.156
824.156
824.156
824.155
824.155
824.154
824.154
824.153
824.153
824.155
824.155
824.155
824.154
824.154
824.154
824.154
824.153
824.153
824.153
824.153
824.153
824.153
824.153
824.153
824.153
824.153
824.153
824.152
824.152
824.152
824.152
824.152
824.152
824.152
824.152
824.152
824.152
824.152


