1362.97
1220.95
1155.92
1155.79
1155.79
1155.79
1150.84
1148.62
1148.62
1128.03
1128.03
1127.68
1127.68
1127.57
1105.45
1072.6
1072.6
1032.13
1032.13
1031.96
1031.54
1028.77
1028.52
1028.52
1009.46
1009.46
1009.19
987.695
972.324
972.324
972.232
972.695
972.5
928.101
926.745
925.167
925.167
925.167
917.075
917.075
916.898
915.915
915.151
898.384
894.162
894.131
892.539
848.185
848.185
835.394
833.42
836.158
836.158
833.888
827.46
826.23
822.544
821.518
820.627
820.231
818.014
815.873
813.585
810.59
810.456
809.951
809.568
809.024
809.024
808.48
808.256
807.876
807.816
807.768
807.728
807.661
807.484
807.42
807.417
807.3
807.233
807.232
807.218
807.198
807.188
807.155
807.119
807.109
807.082
807.074
807.062
807.043
807.035
807.024
807.023
807.022
807.015
807.005
807.005
807.004
807.002
807.001
806.999
806.998
806.998
806.998
806.997
806.997
806.997
806.995
806.995
806.994
806.994
806.994
806.994
806.993
806.993
806.993
806.993
806.993
806.993
806.993
806.993
806.993
806.993
806.993
806.993
806.993
806.993
806.993
806.993
806.993
806.993
806.993
806.993
806.993
806.993
806.993
806.993
806.993
806.993
806.993
806.993
806.993
806.993
806.993
806.993
806.993
806.993
806.993
806.993
806.993
806.993
806.993
806.993
806.993
806.993
806.993
806.993
806.993
806.993
806.993
806.993
806.993
806.993
806.993
806.993
806.993
806.993
806.993
806.993
806.993
806.993
806.993
806.993
806.993
806.993
806.993
806.993
806.993
806.993
806.993
806.993
806.993
806.993
806.993
806.993
803.343
803.343
803.343
803.329
803.329
803.329
803.259
803.259
803.259
803.259
803.259
792.559
792.559
792.098
784.731
784.731
784.731
784.709
784.709
784.688
784.688
784.611
784.611
784.577
784.419
784.419
784.419
784.33
784.33
784.327
784.278
783.828
783.828
783.828
783.727
783.727
783.691
783.691
783.628
783.628
783.617
783.605
783.598
783.56
783.571
783.571
783.55
783.55
783.536
783.53
783.53
783.527
783.527
783.522
783.524
783.522
783.522
783.522
783.52
783.52
783.52
781.164
781.164
780.898
787.891
779.742
779.742
778.555
778.554
778.414
777.111
776.92
776.92
776.92
776.799
775.042
774.446
773.384
773.384
773.384
773.231
773.177
772.97
772.97
772.97
772.938
772.899
772.899
772.861
772.861
772.861
772.811
772.811
772.811
772.811
772.811
772.775
772.775
772.775
772.761
772.739
772.73
772.73
772.73
772.723
772.719
772.717
772.716
772.716
772.716
772.715
772.711
772.711
772.707
772.707
772.707
772.707
772.705
772.705
772.705
772.705
772.705
772.705
772.705
772.705
772.705
772.705
772.705
772.705
772.705
772.705
772.705
772.705
772.705
772.705
772.705
772.705
772.705
772.705
772.705
772.705
772.705
772.705
772.705
772.705
772.705
772.705
772.705
772.705
772.705
772.705
772.705
772.705
772.705
772.705
772.705
772.705
772.705
772.705
772.705
772.705
772.705
772.705
772.705
772.705
772.705
772.705
772.705
772.705
772.705
772.705
772.705
772.705
772.705
772.705
772.705
772.705
772.705
772.705
772.705
772.705
772.705
772.705
772.705
772.705
772.705
772.705
772.705
772.705
772.705
772.705
772.705
772.705
772.705
772.705
772.705
772.705
772.705
772.705
772.705
772.705
772.705
772.705
772.705
772.705
772.705
772.705
772.705
772.705
772.705
772.705
772.705
772.705
772.705
772.705
772.705
772.705
772.705
772.705
772.705
772.705
772.705
772.705
772.705
772.705
772.705
772.705
772.705
772.705
772.705
772.705
772.705
772.705
772.705
772.705
772.705
772.705
772.705
772.705
772.705
772.705
772.705
772.705
772.705
772.705
772.705
772.705
772.705
772.705
772.705
772.705
772.705
772.705
772.705
772.705
772.705
772.705
772.705
772.705
772.705
772.705
772.705
772.705
772.705
772.705
772.705
772.705
772.705
772.705
772.705
771.945
771.114
770.585
770.485
769.832
769.452
769.452
769.438
769.438
769.438
769.367
769.367
769.353
769.2
769.237
769.237
769.237
769.237
769.237
769.203
769.203
769.203
769.203
769.195
769.24
769.159
769.159
769.159
769.151
769.151
769.151
768.827
768.214
767.736
767.6
767.585
767.585
767.585
767.585
767.585
767.585
767.585
767.585


1165.54
1148.43
1131.8
1116.22
1101.64
1101.64
1062.28
1053.5
1053.5
1036.64
1032.82
1064.34
1012.06
1006.13
998.085
994.557
989.736
981.466
972.588
968.061
925.497
926.592
926.543
910.856
910.546
878.34
878.049
878.049
877.671
877.152
867.321
864.372
851.6
848.749
848.748
837.644
820.648
813.916
813.916
811.972
811.572
790.089
790.089
789.067
786.827
784.528
784.528
773.456
773.456
773.281
773.26
771.317
770.932
770.539
768.276
768.262
767.353
767.307
766.755
765.858
765.801
765.36
765.349
765.002
764.529
750.274
750.271
750.271
746.835
745.888
745.888
745.858
745.469
745.233
739.521
739.509
731.12
731.111
729.832
729.737
729.418
728.321
725.501
724.841
724.165
724.164
724.072
724.012
723.783
723.576
723.574
723.519
723.507
723.507
723.436
723.435
723.435
723.435
723.403
723.402
723.389
723.389
723.386
723.384
723.383
723.378
723.37
723.369
723.369
723.369
723.367
723.365
723.361
717.126
714.869
714.869
714.866
714.866
714.644
714.63
714.435
714.435
714.435
714.43
714.399
714.338
714.283
713.933
713.776
713.776
713.764
713.762
713.754
713.754
713.752
713.743
713.74
713.74
713.74
713.739
713.739
713.739
713.739
713.739
713.739
713.738
713.738
713.738
713.738
713.738
713.738
713.737
713.737
713.737
713.737
713.737
713.737
713.737
713.737
713.737
713.737
713.737
713.737
713.737
713.737
713.737
713.737
713.737
713.737
713.737
713.737
713.737
713.737
713.737
713.737
713.737
713.737
713.737
713.737
713.737
713.737
713.737
713.737
713.737
713.737
708.976
708.976
708.976
708.976
708.805
707.764
708.211
707.173
644.419
601.869
601.869
590.934
590.934
590.934
590.934
575.323
575.323
574.755
574.755
574.755
550.964
537.675
537.675
530.18
530.18
530.18
527.736
527.736
527.736
527.736
522.527
519.449
519.449
519.449
484.891
458.351
489.963
486.707
486.707
480.589
480.589
472.254
472.254
460.196
456.582
456.582
455.302
455.302
453.355
448.461
446.415
443.054
441.6
437.827
427.471
427.471
421.097
416.038
402.961
399.373
399.373
399.373
395.108
395.108
392.388
391.97
391.97
387.482
382.068
380.147
376.177
374.658
374.658
374.658
372.844
368.524
366.976
366.275
363.536
363.27
362.284
362.284
361.475
360.741
360.154
359.673
359.661
359.661
358.372
358.372
358.093
358.089
357.898
357.606
356.921
356.846
356.838
355.751
355.629
355.46
355.386
355.373
355.291
355.086
354.93
354.848
354.766
354.757
354.74
354.667
354.604
354.463
354.433
354.433
354.418
354.397
354.325
354.311
354.311
354.287
354.282
354.267
354.266
354.266
354.258
354.251
354.243
354.242
354.242
354.239
354.232
354.232
354.232
354.231
354.224
354.222
354.222
354.219
354.219
354.217
354.216
354.214
354.214
354.212
354.205
354.205
354.203
354.203
354.203
354.203
354.203
354.203
354.201
354.2
354.2
354.2
354.199
354.199
354.199
354.198
354.197
354.195
354.195
354.195
354.195
354.195
354.195
354.194
354.194
354.193
354.193
354.193
354.193
354.193
354.193
354.193
354.193
354.193
354.192
354.192
354.192
354.192
354.192
354.192
354.192
354.192
354.192
354.192
354.192
354.192
354.192
354.192
354.192
354.192
354.192
354.192
354.192
354.192
354.192
354.192
354.192
354.192
354.192
354.192
354.192
354.192
354.192
354.192
354.192
354.192
354.192
354.192
354.192
354.192
354.192
354.192
354.192
354.192
353.55
353.029
353.029
353.029
353.029
353.029
353.029
353.029
363.393
354.192
354.192
354.192
354.192
354.192
354.192
354.192
354.192
354.192
354.192
354.192
354.192
354.192
354.192
354.192
354.192
354.192
354.192
354.192
354.192
354.192
354.192
354.192
354.192
354.192
354.192
354.192
354.192
354.192
354.192
354.192
354.192
354.192
354.192
354.192
354.192
354.192
354.192
354.192
354.192
354.192
354.192
354.192
354.192
354.192
354.192
354.192
354.192
354.192
354.192
354.192
354.192
354.192
354.192
354.192
354.192
354.192
354.192
354.192
354.192
354.192
354.192
354.192
354.192
354.192
354.192
354.192
354.192
354.192
354.192
354.192
354.192
354.192
354.192
354.192
354.192
354.192
354.192
354.192
354.192
354.192
354.192
354.192
354.192
354.192
354.192
354.192
354.192


1124.47
1107.74
1073.42
1035.66
1024.48
1007.86
1001.72
994.528
994.528
994.528
978.627
978.627
945.889
938.733
894.885
869.903
869.903
824.032
824.032
824.032
824.032
822.581
822.581
822.456
808.001
792.558
792.558
792.247
792.247
788.032
788.024
787.649
767.935
743.377
743.377
739.146
739.146
728.703
726.282
723.893
722.97
720.263
705.977
694.967
694.548
690.912
690.898
690.479
686.948
683.729
683.729
683.858
683.731
682.559
679.407
679.247
678.506
678.363
678.149
677.426
677.286
677.125
677.09
676.932
676.91
676.787
676.691
675.823
673.566
673.566
673.338
673.283
673.26
673.18
673.138
673.027
673.025
673.008
672.931
672.931
672.928
672.916
672.907
672.907
672.907
672.902
672.901
672.897
672.897
672.896
672.896
672.895
672.894
672.893
672.893
672.893
672.892
672.892
672.892
672.891
672.891
672.891
672.891
672.891
672.89
672.89
672.89
672.89
672.89
672.622
672.622
671.97
671.97
671.97
671.821
671.821
671.216
671.216
670.981
670.981
670.981
670.88
670.699
670.699
670.666
670.664
670.664
670.629
670.527
670.505
670.457
670.451
670.451
670.451
670.399
670.383
670.379
670.379
670.371
670.37
670.369
670.369
670.361
670.361
670.346
670.346
670.344
670.338
670.338
670.337
670.337
670.337
670.336
670.336
670.336
670.336
670.336
670.335
670.335
670.335
670.335
670.335
670.335
670.335
670.335
670.335
670.335
670.335
670.335
670.335
670.335
670.335
670.335
670.335
670.335
670.335
670.335
670.335
670.335
670.335
670.335
670.335
670.335
670.335
670.335
670.335
670.335
670.335
670.335
670.335
670.335
670.335
670.335
670.335
670.335
668.464
668.148
664.668
663.246
663.246
662.706
640.67
640.67
640.49
639.482
638.934
638.37
638.365
637.012
632.764
632.641
619.429
619.36
619.091
618.873
618.556
618.548
618.548
612.468
612.414
527.592
494.901
485.433
465.413
446.411
443.355
427.341
424.384
417.931
417.869
414.344
414.811
408.86
408.675
403.797
402.734
400.583
399.839
399.1
398.317
387.07
383.153
382.802
382.8
382.354
380.736
380.736
379.997
379.865
379.499
379.289
376.427
376.427
376.3
375.718
375.696
375.696
375.264
375.254
374.821
374.806
374.77
374.669
374.576
374.459
374.459
374.419
374.308
374.159
374.159
374.159
374.144
374.116
374.085
374.059
374.054
374.03
373.994
373.994
373.994
373.994
373.969
373.966
373.966
373.95
373.945
373.941
373.92
373.915
373.915
373.915
373.91
373.91
373.91
373.901
373.899
373.895
373.895
373.891
373.891
373.89
373.888
373.888
373.885
373.884
373.884
373.884
373.882
373.881
373.881
373.881
373.881
373.88
373.879
373.878
373.878
373.877
373.877
373.876
373.876
373.876
373.876
373.876
373.876
373.876
373.876
363.307
362.1
361.746
361.746
361.746
361.744
361.744
361.744
361.744
361.744
361.34
361.34
361.047
356.431
356.431
356.431
356.431
356.231
356.221
356.109
356.039
356.039
356.036
356.03
356.03
356.007
356.003
355.992
355.965
355.961
355.959
355.957
355.957
355.955
355.953
355.951
355.912
355.908
355.905
355.905
355.903
355.903
355.903
355.9
355.9
355.9
355.9
355.9
355.9
355.9
355.9
355.9
355.899
355.899
355.899
355.899
355.899
355.899
355.899
355.899
355.899
355.899
355.899
355.899
355.899
355.899
355.899
355.899
355.899
355.899
355.899
355.899
355.899
355.899
355.899
355.899
355.899
355.899
355.899
355.899
355.899
355.899
355.899
355.899
355.899
355.899
355.899
355.899
355.899
355.899
355.899
355.899
355.899
355.899
355.899
355.899
355.899
355.899
355.899
355.899
355.899
355.899
355.899
355.899
355.899
355.899
355.899
355.899
355.899
355.899
355.899
355.899
355.899
355.899
355.899
355.899
354.273
289.152
269.794
269.794
260.358
216.782
185.767
173.759
173.759
153.928
143.324
138.106
124.3
106.799
105.739
99.1508
99.1508
89.792
89.792
89.4825
88.1533
82.9493
82.0941
82.0941
81.1981
80.8297
80.8297
80.8297
80.579
80.5526
80.5001
80.2463
65.3255
60.8222
60.8222
60.0744
60.0744
58.1425
55.4234
52.6983
52.2145
51.8088
51.8088
50.2287
47.0077
47.0077
47.0077
46.7723
46.7723
46.2191
46.2191
46.1955
46.0695
46.0695
45.3472
45.031
45.031
44.9059


1177.1
1134.26
1113.26
1103.12
1101.39
1095.24
1051.81
1046.16
1024.63
1024.63
1004.91
980.031
980.031
979.444
979.444
977.445
938.379
938.379
927.827
927.827
927.715
906.296
885.547
880.137
865.481
856.803
856.411
845.304
836.635
833.182
833.182
819.964
819.964
819.624
819.568
819.568
819.356
817.553
816.546
816.546
811.735
806.735
792.885
792.885
791.415
788.278
786.555
784.609
783.97
782.452
781.006
780.283
778.495
775.02
775.02
771.209
770.454
767.118
765.917
762.986
760.02
759.712
759.712
755.536
737.177
736.798
733.044
730.665
730.665
729.871
729.871
730.984
728.946
724.925
722.939
722.939
720.519
720.515
719.892
719.83
719.162
719.162
717.981
717.981
717.799
712.958
712.933
712.022
711.027
710.859
710.859
710.859
710.563
710.242
709.843
709.797
709.533
709.519
709.519
709.508
709.479
709.479
709.436
709.361
709.332
709.299
709.299
709.29
709.277
709.272
709.234
709.227
709.208
697.963
697.91
697.82
697.82
697.328
697.055
696.952
696.952
696.948
696.944
696.855
696.744
696.707
696.707
696.636
696.636
696.627
696.627
696.622
696.622
696.622
696.622
696.62
696.617
696.614
696.613
696.609
696.607
696.609
696.604
696.604
696.604
690.582
690.582
690.582
690.582
688.322
682.499
685.561
681.999
681.999
681.33
681.33
680.576
679.483
679.483
679.437
679.437
679.065
678.571
678.463
678.368
677.077
676.794
676.678
532.087
532.087
532.087
508.517
508.517
499.411
495.824
492.645
492.605
492.605
459.789
459.789
451.981
442.932
442.908
441.991
433.319
433.319
426.466
423.378
423.119
406.329
405.107
399.267
399.267
399.086
397.75
397.23
393.714
389.614
388.328
386.909
386.694
387.392
384.895
384.895
383.743
383.743
383.568
383.513
382.842
382.162
380.964
380.967
380.209
380.042
379.977
378.94
377.667
376.64
376.64
373.381
372.893
373.276
373.166
372.862
372.517
372
372
371.333
371.333
371.218
371.079
370.708
370.708
370.678
370.409
370.409
370.193
370.054
369.83
369.616
369.616
369.636
369.453
369.373
369.36
369.343
369.181
369.085
369.007
369.003
368.931
368.903
368.903
368.836
368.828
368.795
368.729
368.723
368.702
368.7
368.69
368.659
368.656
368.652
368.652
368.631
368.63
368.6
368.596
368.596
368.593
368.593
368.593
368.575
368.575
368.574
368.562
368.562
368.551
368.547
368.547
368.544
368.539
368.539
368.535
368.535
368.535
368.535
368.533
368.533
368.523
368.523
368.523
368.523
368.521
368.521
368.521
368.52
368.52
368.516
368.516
368.514
368.514
368.513
368.513
368.513
368.513
368.513
368.513
368.513
368.511
368.511
368.511
368.511
368.511
368.51
368.51
368.51
368.51
368.51
368.51
368.51
368.51
368.51
368.509
368.509
368.509
368.509
368.509
368.509
368.509
368.508
368.508
368.508
368.508
368.508
368.508
368.508
368.508
368.508
368.508
368.508
368.508
368.508
368.508
368.508
368.508
368.508
368.508
368.508
368.508
368.508
368.508
368.508
368.508
368.508
368.508
368.508
368.508
368.508
368.508
368.508
368.508
368.508
368.508
368.508
368.508
368.508
368.508
368.508
368.508
368.508
368.508
368.508
368.508
368.508
368.508
368.508
368.508
368.508
368.508
368.508
368.508
368.508
368.508
368.508
368.508
368.508
368.508
368.508
368.508
368.508
368.508
368.508
368.508
368.508
368.508
368.508
368.508
368.508
368.508
368.508
368.508
368.508
368.508
368.508
368.508
368.508
368.508
368.508
368.508
368.508
368.508
368.508
368.508
368.508
368.508
368.508
368.508
368.508
368.508
368.508
367.933
367.237
367.237
367.237
367.237
367.237
367.237
367.237
360.969
359.048
359.048
359.048
359.048
359.048
355.954
355.954
355.954
355.954
355.954
357.627
357.627
357.627
355.907
355.907
355.907
355.907
355.907
355.907
355.073
362.43
362.43
362.43
362.43
362.422
357.604
356.017
355.901
355.901
355.901
357.419
350.649
350.649
350.649
350.649
350.649
350.649
350.649
350.649
350.649
356.941
350.069
344.829
344.626
344.626
343.553
343.553
343.553
340.389
340.389
341.667
341.667
336.077
336.077
331.925
331.925
331.925
331.925
331.925
331.925
335.471
335.471
335.471
335.471
330.229
330.229
328.723
328.723
328.723


1229.4
1189.09
1164.44
1157.31
1146.9
1098.29
1098.29
1090.96
1040.41
1009.14
1009.04
1007.46
991.962
991.962
991.962
988.499
985.039
977.335
974.446
966.755
966.651
967.751
962.701
962.701
937.242
937.242
898.688
877.187
877.148
877.148
877.01
868.681
862.403
862.403
860.773
855.12
840.471
837.14
834.301
834.301
831.744
830.466
830.466
823.199
820.335
819.986
819.806
808.278
808.005
806.231
806.18
801.424
801.424
801.314
799.986
794.707
793.71
793.575
793.425
791.151
791.112
791.112
791.104
791.104
790.973
776.169
773.927
773.071
773.071
769.183
766.262
760.239
755.53
743.012
741.698
740.969
736.694
736.314
736.302
736.302
736.302
734.635
726.06
726.024
724.879
724.683
724.464
722.689
722.57
722.3
722.014
721.341
720.064
719.975
719.975
719.84
719.746
719.729
719.643
719.541
719.533
719.516
718.148
718.148
717.01
716.855
713.585
713.565
713.102
712.776
712.776
712.595
712.595
712.586
712.231
712.231
712.118
711.984
710.204
706.192
705.969
705.631
704.767
704.007
703.952
703.88
703.713
703.442
703.385
703.243
702.88
702.931
702.627
702.518
702.505
702.487
702.25
702.231
702.231
702.187
702.161
702.166
702.154
702.136
680.822
677.578
677.578
677.357
677.325
677.047
568.789
568.789
500.625
472.065
456.388
450.542
433.119
433.119
418.907
418.906
415.383
415.383
402.728
402.728
399.679
398.711
395.914
395.544
394.554
393.135
393.135
391.267
382.526
381.655
381.364
381.364
377.444
377.444
375.78
375.78
373.724
374.028
372.352
371.691
371.481
371.481
371.481
371.141
370.982
370.982
370.976
370.976
370.976
370.696
370.696
370.65
370.479
370.479
370.411
370.41
370.351
370.257
370.257
370.257
370.2
370.2
370.2
370.183
370.164
370.16
370.107
370.037
370.037
370.037
370.024
370.003
369.969
369.968
369.957
369.924
369.915
369.913
369.912
369.906
369.897
369.897
369.897
369.892
369.877
369.868
369.865
369.86
369.857
369.856
369.856
369.856
369.853
369.853
369.849
369.849
369.849
369.849
369.848
369.848
369.847
369.846
369.845
369.844
369.844
369.844
369.843
369.843
369.843
369.843
369.843
369.843
369.842
369.842
369.842
369.842
369.842
369.842
369.842
369.842
369.842
369.842
369.842
369.841
369.841
369.841
369.841
369.841
369.841
369.841
369.841
369.841
369.841
367.602
361.913
360.44
360.44
362.981
361.567
360.972
360.628
358.345
358.319
358.319
358.319
355.125
355.125
357.847
357.747
357.747
357.609
357.466
356.525
348.563
348.563
348.563
348.563
347.591
347.591
347.591
347.591
347.591
347.591
347.591
347.591
347.429
347.283
347.283
347.283
347.239
347.091
346.856
345.989
345.788
345.775
345.775
345.753
345.481
345.359
345.213
345.059
344.87
344.748
344.55
344.55
344.55
344.55
344.459
344.441
344.441
344.421
344.417
344.417
344.414
344.342
344.34
344.34
344.332
344.332
344.332
344.332
344.179
344.147
344.12
344.087
344.03
343.957
343.925
343.907
343.897
343.895
343.894
343.893
343.891
343.889
343.889
343.855
343.855
343.815
343.796
343.796
343.796
343.796
343.794
343.794
343.79
343.79
343.792
343.787
343.769
343.765
343.764
343.757
343.755
343.755
343.755
343.753
343.752
343.74
343.677
343.597
343.531
343.503
343.497
343.463
343.436
343.405
343.405
343.405
343.402
343.362
343.362
343.356
343.323
343.322
343.299
343.299
343.287
343.287
343.274
343.273
343.271
343.259
343.256
343.256
343.25
343.249
343.24
343.24
343.226
343.204
343.189
343.189
343.169
343.07
343.067
343.067
343.065
343.059
343.044
341.912
341.912
341.912
341.912
341.912
335.69
335.69
342.893
342.893
342.89
342.886
342.884
342.884
342.689
342.689
342.689
342.53
342.848
342.848
342.847
342.846
342.845
342.845
342.843
342.843
342.103
342.103
342.103
342.103
342.103
342.103
342.103
342.103
342.103
342.103
337.63
337.63
334.853
334.853
334.853
334.853
334.853
334.853
334.136
334.136
334.136
334.136
334.202
334.198
334.136
334.136
334.136
334.136
334.136
334.136
334.135
334.135
334.135
334.135
334.135
334.135
334.135
334.135
334.135
334.131
334.126
334.123
334.12
334.118
334.114
334.113
334.111
334.109
334.106
334.104
334.1


1204.51
1182.28
1181.39
1141.55
1036.24
1036.24
1013.31
980.626
926.976
926.976
926.736
920.373
920.036
896.823
896.823
863.005
863.005
861.54
859.786
859.786
857.039
854.759
839.848
823.243
822.93
820.106
808.306
807.053
807.053
800.145
800.145
799.936
799.488
791.428
790.363
788.578
787.699
777.185
775.269
775.165
775.16
770.807
770.779
770.561
766.195
766.119
765.266
764.941
762.614
762.382
762.129
761.575
761.562
755.334
755.334
755.327
755.327
755.291
751.953
745.184
745.182
744.925
744.925
744.915
744.915
744.897
744.887
744.399
744.396
742.786
741.892
741.752
741.749
741.712
741.676
741.674
741.674
741.647
741.322
741.322
730.501
730.501
722.279
722.275
721.642
721.488
721.335
721.331
721.253
721.177
721.156
721.134
721.114
721.031
720.604
720.604
720.453
720.44
720.42
720.414
720.414
720.412
720.4
720.397
720.386
720.379
720.376
720.376
720.374
720.374
720.374
720.372
717.253
717.252
717.252
716.909
716.909
716.909
716.909
716.909
716.732
716.732
716.732
716.732
709.29
708.091
707.456
707.456
707.456
707.415
707.415
705.743
705.743
705.743
705.743
705.743
705.59
705.59
705.452
705.452
705.394
705.276
705.276
705.276
705.243
705.243
705.243
705.226
705.158
705.054
705.008
705.077
705.077
705.018
705.018
705.007
705
704.984
704.984
704.978
704.945
704.915
704.915
704.907
704.901
704.899
704.899
704.897
704.897
704.882
704.877
704.877
704.877
704.874
704.874
704.874
704.874
704.87
704.87
704.869
704.869
704.866
704.866
704.866
704.866
704.866
704.866
704.866
704.865
704.864
704.864
704.864
704.863
704.863
704.863
704.863
704.863
704.863
704.863
704.863
704.863
704.863
704.863
704.863
704.863
704.863
704.863
704.863
704.863
704.863
704.863
704.862
704.862
704.862
704.862
704.862
704.862
704.862
704.862
704.862
704.862
704.862
704.862
704.862
704.862
704.862
704.862
704.862
704.862
704.862
704.862
704.862
704.862
704.862
704.862
704.862
704.862
704.862
704.862
704.862
704.862
704.862
704.862
704.862
704.862
704.862
704.862
704.862
704.862
704.862
704.862
704.862
704.862
704.862
704.862
704.862
704.862
704.862
704.862
704.862
704.862
704.862
704.862
704.862
704.862
704.862
704.862
704.862
704.862
704.862
704.862
704.862
704.862
704.862
704.862
704.862
704.862
704.862
704.862
704.862
704.862
704.862
704.862
704.862
704.862
704.862
704.862
704.862
704.796
704.796
704.796
704.796
704.796
704.796
704.796
704.023
703.288
702.78
702.377
702.271
702.245
702.128
702.054
702.054
599.551
599.483
599.483
599.392
599.178
593.193
593.006
592.984
592.984
589.521
589.485
589.276
589.258
589.247
589.243
568.808
568.798
568.79
568.788
568.782
568.781
562.967
542.339
523.79
523.789
523.788
523.787
523.787
523.126
523.125
518.476
518.476
518.476
518.476
518.476
518.475
518.475
518.475
517.772
517.772
517.772
517.772
517.544
517.544
517.544
517.544
517.544
514.486
512.773
511.819
511.204
510.865
510.677
510.557
510.473
510.415
510.38
510.355
510.34
510.332
510.327
510.324
510.322
510.321
510.32
510.319
510.319
510.319
510.318
510.318
510.318
510.318
510.318
510.318
510.318
510.318
510.318
510.318
510.318
510.318
510.318
510.318
510.318
510.318
510.318
510.318
510.318
510.318
510.318
510.318
510.318
510.318
510.318
510.318
510.318
510.318
510.318
510.318
510.318
510.318
510.318
510.318
510.318
510.318
510.318
510.318
510.318
510.318
510.318
510.318
510.318
510.318
510.318
510.318
510.318
510.318
510.318
510.318
510.318
499.16
499.16
499.16
499.16
499.16
499.16
499.16
499.16
499.27
499.27
499.27
499.27
499.27
499.27
499.27
499.27
499.27
499.27
499.286
499.189
499.184
499.165
499.165
499.165
499.165
499.165
499.165
499.165
492.775
492.775
492.775
492.775
491.734
491.734
490.278
490.13
490.13
490.13
556.363
492.365
492.365
492.365
492.365
492.365
492.365
492.365
492.365
492.365
501.864
499.16
499.16
499.16
499.16
499.16
491.505
491.505
491.505
491.505
491.35
491.35
487.625
486.081
486.081
486.081
485.006
485.006
484.372
484.372
486.847
485.224
485.133
485.12
485.12
485.116
429.806
376.732
376.732


1166.79
1166.79
1141.24
1116.96
1049.27
1029.85
1029.85
1019.39
1019.39
1019.39
996.557
999.864
984.59
984.59
984.59
962.371
962.371
945.592
945.592
940.071
938.538
929.631
925.027
913.582
912.645
912.085
910.276
900.112
900.112
897.894
896.534
896.598
887.983
884.498
882.897
881.905
881.905
866.307
864.029
864.029
864.029
864.029
862.933
862.933
862.933
862.933
862.933
862.659
862.659
862.589
862.264
862.097
862.097
861.934
861.713
861.713
861.583
860.809
860.809
859.994
859.994
889.121
860.6
860.591
860.295
859.586
859.405
859.405
859.347
859.316
859.131
858.441
857.348
857.33
854.711
851.131
849.295
848.937
848.937
848.21
846.333
845.44
845.44
845.201
845.187
844.861
844.781
844.747
844.747
844.605
844.506
844.692
844.15
844.15
840.051
834.288
834.288
833.867
832.864
832.449
831.526
830.902
830.324
830.088
829.773
829.64
829.587
829.301
829.299
829.296
829.158
829.109
829.049
828.967
828.909
828.854
828.792
828.782
828.782
828.724
828.723
828.723
820.97
820.97
820.97
820.965
820.956
820.945
815.071
815.064
815.064
815.064
815.063
815.063
815.062
815.061
809.733
808.571
808.571
807.849
807.725
807.725
807.565
807.14
806.765
806.765
806.697
806.671
806.659
806.659
806.639
809.016
808.37
808.306
795.388
788.545
788.538
788.533
787.192
787.189
787.171
787.17
786.426
786.055
786.052
785.749
785.748
785.746
782.644
782.644
782.644
782.643
780.876
780.876
780.876
780.144
780.144
780.04
780.04
780.04
780.04
780.04
779.951
779.951
779.951
779.902
779.801
779.801
779.795
779.772
779.772
779.772
779.772
779.354
779.182
779.125
778.995
778.995
778.995
778.995
778.995
778.995
778.936
778.933
778.853
778.712
777.671
768.814
768.814
767.64
766.253
763.823
763.797
763.208
763.143
753.366
753.366
753.349
752.981
752.95
749.282
749.157
748.365
748.353
748.353
748.353
746.743
746.548
746.284
746.159
746.159
745.675
745.642
745.565
745.226
745.031
745.019
744.993
744.906
744.592
744.592
744.593
744.587
744.434
744.427
744.425
744.425
744.402
744.36
744.36
744.324
744.282
744.269
744.269
744.269
744.269
744.262
744.262
744.258
744.257
744.254
744.254
744.247
744.246
744.246
744.243
744.241
744.241
744.241
744.241
744.241
744.24
744.239
744.239
744.231
744.063
744.01
743.858
743.563
743.563
743.563
743.563
743.563
743.185
743.1
743.1
743.1
743.1
743.096
743.091
743.091
742.96
742.854
742.853
742.823
742.807
742.782
736.359
736.347
736.309
736.2
736.186
734.042
732.826
732.823
732.823
732.72
732.666
730.529
730.438
730.34
729.577
729.559
729.55
729.278
729.271
728.519
728.519
728.487
728.466
728.46
728.444
728.442
728.437
728.407
727.794
723.085
722.751
721.609
721.609
721.609
721.949
719.569
718.764
711.243
711.243
699.226
699.226
699.056
698.766
698.61
698.61
698.573
698.349
698.12
697.104
694.484
692.293
687.976
687.717
687.717
686.83
686.662
686.326
685.744
685.512
685.421
685.38
685.172
685.172
684.963
685.015
685.003
684.937
684.887
684.781
684.319
684.319
684.31
684.263
684.222
684.178
684.152
684.128
684.091
684.081
684.078
684.074
684.066
684.051
684.036
684.03
684.02
684.016
684.016
684.01
684.01
684.009
684.009
684.008
684.007
684.007
684.006
684.006
684.006
684.005
684.005
684.005
684.004
684.004
684.004
684.004
684.004
684.004
684.004
684.004
684.004
684.004
684.004
684.004
684.004
684.004
684.004
684.004
684.004
684.004
684.004
684.004
684.004
684.004
684.004
684.004
684.004
684.004
684.004
684.004
684.004
684.004
684.004
684.004
684.004
684.004
684.004
684.004
684.004
684.004
684.004
684.004
684.004
684.004
684.004
684.004
684.004
684.004
684.004
684.004
684.004
684.004
684.004
684.004
684.004
684.004
684.004
684.004
684.004
684.004
684.004
684.004
684.004
684.004
684.004
684.004
684.004
684.004
684.004
684.004
684.004
684.004
684.004
684.004
684.004
684.004
684.004
684.004
684.004
684.004
684.004
684.004
684.004
684.004
684.004
684.004
684.004
684.004
684.004
684.004
684.004
684.004
681.861
681.861
681.861
681.651
681.573
681.573
681.334
681.334
681.334
680.643
680.643
680.643


1102.71
1102.71
1076.2
1076.2
1076.2
1033.5
994.484
994.484
994.484
994.484
971.529
969.454
966.131
966.131
951.81
927.161
921.82
879.505
859.353
859.353
859.225
870.031
837.832
823.428
780.87
780.786
777.003
777.003
775.709
775.395
772.197
762.198
759.817
719.519
719.519
718.014
717.94
717.94
717.619
716.401
714.098
709.424
709.424
709.083
708.711
708.552
708.552
706.466
704.073
704.073
703.843
699.798
698.881
698.396
698.396
698.152
695.755
695.127
695.046
695.027
694.654
694.223
693.643
693.529
684.215
683.864
683.092
682.9
682.841
678.245
668.697
659.189
659.189
654.957
652.572
651.679
650.852
650.3
649.72
649.064
648.884
647.925
647.187
647.187
645.982
645.671
645.201
645.194
644.965
644.861
644.557
644.427
644.378
644.351
644.288
644.264
644.22
644.186
644.186
644.185
644.137
644.104
644.103
644.087
644.087
644.083
644.083
644.073
644.071
644.067
644.066
644.064
644.063
644.062
644.061
644.061
644.061
644.059
566.083
554.638
486.691
478.255
478.255
472.996
466.215
448.378
447.355
443.906
432.886
432.581
426.01
410.263
407.989
407.614
397.637
397.598
397.501
397.501
397.487
397.487
395.976
395.947
395.495
394.854
394.426
394.418
394.008
393.579
393.381
393.06
393.059
392.935
392.414
392.409
392.07
391.638
391.637
391.637
391.445
391.375
391.375
390.989
390.841
390.79
390.716
390.716
390.694
390.664
390.6
390.542
390.538
390.538
390.466
390.443
390.356
390.352
390.337
390.325
390.325
390.324
390.313
390.283
390.277
390.257
390.256
390.254
390.238
390.217
390.217
390.217
390.203
390.208
390.199
390.19
390.19
390.19
390.177
390.177
390.174
390.174
390.171
390.168
390.168
390.168
390.167
390.167
390.165
390.165
390.165
390.164
390.164
390.163
390.163
390.162
390.162
390.162
390.162
390.161
390.161
390.161
390.161
390.161
390.161
390.161
390.161
390.16
390.16
390.16
390.16
390.16
390.16
390.16
390.16
390.16
390.16
390.16
390.16
390.16
390.16
390.16
390.16
390.16
390.16
390.16
390.16
390.16
390.16
390.16
390.16
390.16
390.16
390.16
390.16
390.16
390.16
390.16
390.16
390.16
390.16
390.16
390.16
390.16
390.16
390.16
390.16
390.16
390.16
390.16
390.16
390.16
390.16
390.16
390.16
390.16
390.16
390.16
390.16
390.16
390.16
390.16
390.16
390.16
390.16
390.16
390.16
390.16
390.16
390.16
390.16
390.16
390.16
390.16
390.16
390.16
390.16
390.16
390.16
390.16
390.16
390.16
390.16
390.16
390.16
390.16
390.16
390.16
390.16
390.16
390.16
390.16
390.16
390.16
390.16
390.16
390.16
390.16
390.16
390.16
390.16
390.16
390.16
390.16
390.16
390.16
390.16
390.16
390.16
390.16
390.16
390.16
390.16
390.16
390.16
390.16
390.16
390.16
390.16
390.16
390.16
390.16
390.16
390.16
390.16
390.16
390.16
390.16
390.16
390.16
390.16
390.16
390.16
390.16
390.16
390.16
390.16
390.16
390.16
390.16
390.16
390.16
390.16
390.16
390.16
390.16
390.16
390.16
390.16
390.16
390.16
390.16
390.16
390.16
380.118
380.118
380.118
380.118
377.885
369.434
369.434
369.434
369.434
369.434
369.104
369.104
369.104
369.104
369.104
369.104
369.104
369.104
369.104
385.85
385.85
385.85
385.85
377.053
377.053
369.34
369.34
369.34
369.34
369.34
369.34
345.01
345.01
294.617
294.617
294.617
276.575
276.575
256.012
310.743
263.921
230.212
214.359
214.359
214.359
214.359
214.359
214.359
206.096
186.672
186.672
186.672
186.672
186.672
186.672
186.672
186.672
186.672
183.677
179.372
179.372
179.372
179.372
179.372
179.372
179.372
179.372
179.372
179.372
230.115
230.115
230.115
230.115
218.245
218.245
194.781
194.781
188.788
170.717
165.078
165.078
165.078
165.078
165.078
165.078
165.078
165.078
165.078
165.078
193.285
188.028
153.957
142.061
142.061
142.061
142.061
142.061
141.663
141.663
141.812
141.812
141.812
141.812
141.812
137.94
137.94
137.94
137.94
137.94
145.495
143.126
143.126
143.126
143.126
143.126
143.126
143.126
143.126
143.126
152.926
131.153
131.153
131.153
130.569
130.569
130.407
130.407
130.407


1117.83
1112.53
1110.32
1069.78
1038.99
1038.99
1023.16
1019.42
990.137
982.362
941.425
998.918
987.973
952.943
948.652
948.652
939.386
939.279
922.015
907.402
907.402
907.402
900.181
900.181
900.181
900.181
900.181
893.717
878.858
872.653
872.653
857.479
857.479
857.479
844.448
831.891
831.891
831.871
803.025
802.822
790.069
798.538
798.538
786.623
777.97
777.97
761.157
747.023
745.294
729.164
706.018
704.494
704.237
701.037
701.037
692.533
692.453
692.453
691.444
689.316
687.092
687.092
660.573
658.68
651.86
651.86
645.945
645.762
645.114
642.656
609.214
521.88
521.862
520.497
507.436
497.233
483.314
483.243
483.243
478.603
478.568
463.462
446.774
444.707
429.854
423.934
423.911
413.849
401.059
395.816
395.799
395.799
389.9
389.898
378.173
374.999
374.996
373.689
372.462
370.431
370.431
368.029
363.041
362.438
360.955
360.954
356.622
353.248
353.247
353.247
353.095
348.92
347.766
347.229
346.644
346.444
346.444
346.444
345.21
344.678
344.34
344.34
343.378
342.629
341.883
341.351
341.166
340.855
340.855
340.855
334.546
334.546
334.546
328.605
327.814
323.825
322.648
322.214
321.956
321.942
321.843
321.83
321.701
321.631
321.607
321.606
321.537
321.478
321.478
321.376
321.37
321.359
321.329
321.323
321.322
321.266
321.265
321.26
321.249
321.249
321.229
321.22
321.209
321.204
321.204
321.199
321.197
321.176
321.169
321.169
321.169
321.155
321.143
321.142
321.138
321.138
321.138
321.127
321.127
321.119
321.119
321.119
321.115
321.115
321.115
321.11
321.11
321.11
321.11
321.11
321.11
321.109
321.109
321.109
321.109
321.108
321.108
321.108
321.108
321.108
321.108
321.108
321.107
321.107
321.107
321.107
321.107
321.107
321.107
321.107
321.107
321.107
321.107
321.107
321.107
321.106
321.106
321.106
321.106
321.106
321.106
321.106
321.106
321.106
321.106
321.106
321.106
321.106
321.106
321.106
321.106
321.106
321.106
321.106
321.106
321.106
321.106
321.106
321.106
321.106
321.106
321.106
321.106
321.106
321.106
321.106
321.106
321.106
321.106
321.106
321.106
321.106
321.106
321.106
321.106
321.106
321.106
321.106
321.106
321.106
321.106
321.106
321.106
311.699
311.699
311.68
310.943
310.943
310.558
310.558
310.431
310.346
310.345
310.345
310.316
310.272
310.272
310.179
310.179
310.177
310.173
310.181
310.169
310.168
310.168
310.163
310.162
310.162
310.162
310.159
310.159
310.158
310.157
310.157
310.157
310.157
310.156
310.156
310.156
310.155
310.154
310.148
310.129
310.125
310.125
310.125
310.121
310.121
310.119
310.119
310.119
310.118
310.117
310.117
310.117
310.117
310.117
310.117
310.116
310.116
310.116
310.116
310.116
310.116
310.116
310.116
310.116
310.116
310.116
310.116
310.116
310.116
310.116
310.116
310.116
310.116
310.116
310.116
310.116
310.116
310.116
310.116
310.116
310.116
310.116
310.116
310.116
310.116
310.116
284.945
284.945
284.966
284.966
284.966
284.939
284.935
142.017
142.017
142.017
142.017
141.264
141.146
134.96
121.688
107.621
95.3921
95.3671
95.3671
94.9483
94.4577
94.4577
83.5455
83.5455
81.5392
80.2138
80.0796
80.0796
79.86
73.9832
73.6441
73.6441
73.1169
72.5682
72.5682
72.5682
72.4792
72.2994
72.2994
72.169
71.907
71.907
71.8984
71.8901
71.8689
71.7842
70.9523
44.3317
44.3317
44.3317
40.2505
40.2505
39.1265
38.4398
38.4398
38.4398
38.1055
38.1055
36.9964
36.9964
36.66
36.66
36.66
36.2114
36.2114
35.5804
35.5804
35.0981
34.9542
34.9542
34.9542
34.8835
34.8835
34.489
34.3749
34.3749
34.0827
34.0827
34.0827
34.0511
34.0511
34.0511
33.9213
33.8435
33.6956
33.5608
33.5608
33.5595
33.4799
33.3893
33.3893
33.2737
33.2763
33.2763
33.2675
33.2468
33.2468
33.2381
33.2258
33.2105
33.1766
33.1452
33.1699
33.1384
33.1384
33.1274
33.1173
33.1166
33.1136
33.1136
33.1136
33.1094
33.0783
33.0774
33.0681
33.0681
33.0681
33.0675
33.065
33.065
33.0644
33.0639
33.0588
33.0588
33.0583
33.0583
33.048
33.048
33.048
33.0469
33.0458
33.0453
33.0453
33.0448
33.0442
33.0442
33.0442
33.0442
33.0442
33.0442
33.0441
33.0437
33.0435
33.0431
33.0431
33.0431
33.043
33.0426
33.0421
33.0417
33.0416


1168.41
1077.68
1052.41
1032.48
1028.4
1003.64
1003.55
1003.55
984.366
967.875
961.271
953.924
945.944
945.944
923.985
922.792
906.957
888.602
884.941
876.378
867.312
858.899
858.899
857.233
855.662
855.036
854.592
853.286
829.186
828.612
828.612
824.533
810.928
810.904
810.904
793.88
784.768
784.708
784.708
784.698
774.841
773.15
773.15
772.893
772.844
772.844
772.664
772.633
771.722
771.578
770.304
769.804
766.035
765.996
765.431
757.099
757.099
757.084
756.802
756.802
756.802
755.141
752.413
752.106
751.476
751.476
751.328
751.328
751.327
750.084
750.027
750.019
750.019
750.008
749.985
749.985
749.982
749.979
749.754
749.748
749.455
749.108
749.108
749.106
749.057
748.954
748.953
748.875
748.868
748.863
748.863
747.787
747.787
745.825
745.825
745.825
745.824
745.824
745.824
745.824
745.824
745.824
740.372
740.372
737.37
737.37
737.282
737.282
737.243
734.222
734.222
734.276
734.173
734.171
734.106
734.103
734.103
733.992
733.978
733.978
733.958
733.939
733.939
733.918
733.901
733.895
733.89
733.89
733.885
733.878
733.869
733.869
733.869
733.869
730.854
722.498
717.218
711.816
711.816
711.629
711.619
711.56
711.557
711.553
711.507
711.254
710.984
710.977
710.936
710.925
710.922
710.918
710.908
710.891
710.859
710.856
710.856
710.856
710.856
710.855
710.853
710.852
710.852
710.852
710.852
710.852
710.851
710.85
710.85
710.85
710.85
710.85
710.85
710.85
710.85
710.85
710.85
710.85
710.85
710.85
710.85
710.85
710.85
710.85
710.85
710.85
710.377
710.377
710.377
710.377
710.377
739.057
710.85
710.85
710.85
710.85
710.85
710.85
710.85
710.85
710.85
710.85
710.85
710.85
710.85
710.828
710.16
708.541
708.541
708.538
708.535
706.979
706.979
706.979
706.979
706.979
706.979
706.979
706.979
706.979
704.487
704.021
703.977
703.977
703.976
703.976
703.976
703.939
703.933
703.925
703.923
703.923
703.922
703.922
703.92
703.92
703.919
703.916
703.914
703.911
703.911
702.788
702.788
699.916
697.65
697.65
697.65
696.671
696.671
696.671
696.671
695.599
695.143
695.143
685.809
670.636
670.636
670.636
670.636
667.06
667.06
666.885
665.269
665.077
655.399
655.399
655.321
655.246
655.231
655.205
655.205
653.313
653.096
653.096
653.07
652.992
652.336
652.336
652.321
652.31
652.178
652.407
650.734
650.697
641.586
641.571
634.488
634.481
631.1
630.962
630.959
628.817
627.55
627.49
625.93
624.849
624.305
624.305
622.953
622.094
622.094
622.256
621.803
621.803
621.544
621.277
621.123
620.802
620.578
620.357
620.111
619.711
619.203
618.383
617.491
617.003
616.729
616.573
615.57
615.092
614.969
613.627
611.635
607.772
598.322
576.215
541.698
530.66
530.282
530.282
530.282
530.003
530.003
529.929
527.861
524.434
522.213
520.587
519.317
518.029
517.267
516.947
514.432
514.432
514.432
514.219
512.253
508.901
508.027
505.407
502.586
498.057
494.862
492.658
490.809
490.809
490.809
490.725
490.725
490.628
490.628
490.602
490.602
490.558
490.09
490.069
489.674
489.28
489.148
488.902
488.573
488.357
486.686
484.261
481.87
481.309
480.918
476.908
473.435
467.948
457.364
450.246
444.511
443.836
432.427
423.409
423.409
423.409
423.409
423.409
423.409
420.107
417.041
416.281
416.281
414.477
414.477
413.35
413.35
412.24
412.24
411.611
411.375
411.003
410.645
410.12
410.12
409.127
409.127
408.021
400.494
411.856
402.516
400.409
396.944
390.313
385.529
385.529
384.516
381.028
375.311
369.12
366.773
366.773
365.987
365.553
365.553
364.821
363.927
363.08
363.08
360.828
360.639
359.07
359.068
358.461
358.421
358.07
357.745
357.661
357.562
357.044
356.875
356.493
355.911
355.911
355.874
355.845
355.654
355.654
355.518
355.534
354.878
354.819
354.819
354.819
354.815
354.738
354.354
354.354
354.205
404.26
354.277
354.193
354.143
354.138
354.098
354.082
354.032
354.021
353.991
353.981
353.973
353.971
353.969
353.967
353.964
353.957
353.953
353.932
353.932
353.926
353.925
353.922
353.917
353.917
353.917
353.914
353.914
353.911
353.911
353.912
353.911
353.91
353.909
353.909
353.906
353.904
353.904
353.836


1164.31
1144.53
1136.33
1097.91
1066.57
1066.57
1066.57
1064.17
1062.84
1053.62
1053.62
1047.76
1021.26
964.558
957.7
957.7
957.52
957.52
957.52
957.305
939.054
969.391
941.926
926.913
926.913
913.388
913.388
911.9
911.9
897.308
889.624
882.052
873.243
847.71
837.474
819.909
819.909
819.909
817.317
791.97
791.97
791.97
773.003
770.848
770.553
770.553
769.547
769.343
760.736
757.761
756.757
735.71
731.55
728.21
728.21
726.438
719.06
719.06
716.638
627.14
623.868
641.038
619.696
619.696
606.028
567.892
566.987
566.362
539.815
524.16
523.931
516.59
514.802
509.139
508.619
505.886
505.498
505.456
505.397
505.29
505.25
486.854
465.049
465.034
456.165
448.821
448.811
439.646
429.667
427.567
427.553
433.993
433.982
432.728
426.564
426.56
426.459
423.645
421.919
421.89
421.103
418.938
418.525
418.525
418.486
416.805
414.797
414.59
414.59
413.939
413.603
413.401
413.39
413.148
412.855
412.726
412.037
412.011
411.642
410.328
409.37
407.979
407.979
407.96
406.344
406.343
406.325
405.903
405.903
405.863
405.85
405.856
405.856
405.833
405.711
405.672
405.656
405.614
405.608
405.364
405.213
405.165
405.081
405.08
404.992
404.85
404.85
404.739
404.709
404.708
404.605
404.605
404.604
404.604
404.592
404.506
404.506
404.483
404.439
404.438
404.438
404.403
404.39
404.374
404.323
404.319
404.319
404.299
404.299
404.299
404.278
404.262
404.262
404.261
404.241
404.241
404.22
404.212
404.185
404.185
404.185
404.176
404.172
404.172
404.164
404.164
404.164
404.164
404.164
404.161
404.158
404.16
404.159
404.159
404.158
404.158
404.157
404.157
404.157
404.157
404.156
404.156
404.156
404.155
404.154
404.154
404.153
404.153
404.153
404.152
404.152
404.152
404.152
404.152
404.152
404.151
404.151
404.151
404.151
404.151
404.151
404.151
404.151
404.151
404.151
404.15
404.15
404.15
404.15
404.15
404.15
404.15
404.15
404.15
404.15
404.15
403.947
403.894
403.836
403.836
403.711
403.963
403.963
403.963
403.596
403.596
403.428
402.836
402.836
402.836
402.836
402.523
402.523
402.413
402.413
402.285
401.615
401.094
401.094
401.057
401.055
401.05
401.05
401.05
401.03
401.027
401.022
401.016
401.016
401.012
401.01
401.01
401.009
401.009
401.009
401.008
401.004
401.004
400.997
400.997
400.995
400.995
400.995
400.995
400.995
400.994
400.99
400.99
400.99
400.99
400.99
400.989
400.989
400.989
400.989
400.989
400.47
400.47
400.279
398.809
398.809
399.25
399.166
398.735
398.735
398.607
398.288
398.288
398.288
398.276
397.977
397.882
397.881
397.881
397.79
397.741
397.741
397.741
397.683
397.683
397.655
397.653
397.541
397.297
397.297
396.575
396.575
396.575
388.588
388.588
388.588
388.588
388.588
388.588
388.535
388.535
388.495
388.495
387.581
387.468
387.453
387.501
387.425
387.309
387.309
387.273
387.258
387.227
387.208
387.198
387.149
387.141
387.108
387.032
386.947
386.806
386.776
386.776
386.753
386.74
386.74
386.529
386.529
386.509
386.312
386.176
385.648
385.573
385.573
385.551
385.459
385.377
385.377
385.377
385.377
385.361
385.36
385.347
385.34
385.334
385.334
385.31
385.303
385.272
385.246
385.238
385.225
385.225
385.225
385.205
385.205
385.203
385.203
385.203
385.185
385.16
385.16
385.138
385.138
385.134
385.134
385.11
385.1
385.09
385.078
385.074
385.074
385.074
385.074
385.074
385.073
385.072
385.068
385.031
385.006
385.002
384.979
384.949
384.93
384.93
384.818
384.818
384.807
384.807
384.807
384.327
383.748
383.622
383.62
383.606
383.606
383.341
383.232
383.166
383.127
383.08
383.037
382.984
382.972
382.864
382.864
382.826
382.823
382.763
382.719
382.701
382.692
382.688
382.661
382.661
382.653
382.633
382.626
382.624
382.617
382.616
382.613
382.6
382.597
382.595
382.592
382.59
382.583
382.583
382.583
382.582
382.58
382.576
382.571
382.571
382.569
382.566
382.566
382.565
382.564
382.564
382.563
382.563
382.563
382.561
382.561
382.561
382.559
382.559
382.559
382.559
382.559
382.558
382.558
382.558
382.558
382.558
382.558
382.558
382.558
382.557
382.557
382.557
382.557
382.557


1137.34
1083.55
1078.16
1074.29
1050.47
1046.49
1028.3
971.677
966.894
966.771
948.953
963.656
930.95
912.766
912.766
912.661
912.661
878.553
878.553
873.826
873.785
873.635
864.772
851.177
831.492
831.492
831.222
831.222
831.184
831.184
830.978
831.227
824.24
820.38
810.813
808.205
808.12
805.91
805.91
805.807
800.838
797.398
797.398
795.026
787.968
786.633
786.633
786.59
786.381
782.877
782.829
770.31
770.054
769.949
769.741
769.741
767.567
754.414
752.767
748.745
748.745
748.728
748.728
747.972
747.82
747.029
747.029
746.639
746.001
745.94
745.868
745.655
745.075
744.941
744.637
744.569
744.51
744.464
744.319
744.281
744.281
744.188
744.188
744.148
744.116
744.116
744.112
744.112
744.075
744.073
744.066
744.066
744.066
744.063
743.673
743.259
743.254
742.257
742.046
741.621
740.517
740.14
740.14
740.14
740.14
740.078
740.058
740.044
739.981
739.981
739.981
739.953
739.865
739.855
739.684
739.631
739.631
739.628
739.621
739.621
739.61
739.607
739.6
739.599
739.593
739.593
739.592
739.592
739.592
739.592
737.299
737.299
736.548
733.044
733.044
732.332
732.276
732.276
731.671
731.585
731.585
731.617
731.353
730.989
730.989
730.989
730.989
730.965
730.965
730.965
730.959
730.961
730.959
730.954
730.952
730.949
730.949
730.949
730.948
730.947
730.947
730.946
730.946
730.946
730.945
730.945
730.945
730.945
730.945
730.945
730.945
730.945
730.945
730.945
730.945
730.945
730.945
730.944
730.944
730.944
730.944
730.944
730.944
730.944
730.944
730.944
730.944
730.944
714.786
714.231
714.192
714.168
714.093
713.121
712.475
712.23
712.191
712.163
711.598
711.598
711.588
711.588
711.568
711.568
711.531
711.461
711.424
711.413
711.404
707.873
706.773
703.485
703.484
703.474
703.026
703.025
703.021
703.02
703.005
699.283
699.282
699.283
699.282
698.725
698.414
697.236
697.236
696.664
696.605
696.39
696.39
694.803
694.803
694.171
694.171
693.948
689.587
688.963
688.963
688.963
688.276
686.93
686.597
685.911
685.911
685.911
685.824
662.337
574.703
504.614
503.24
517.169
491.468
491.342
476.425
470.707
470.551
469.979
464.106
463.561
459.448
453.769
450.194
446.868
444.802
436.477
435.793
434.26
431.315
427.578
427.51
423.884
423.884
423.872
423.62
420.965
420.768
420.746
417.945
415.904
415.898
415.889
415.879
415.614
415.091
415.049
415.049
414.688
414.684
414.677
414.677
414.464
414.371
413.886
413.886
413.886
413.696
413.695
413.498
413.327
413.327
413.327
413.321
413.321
413.317
413.262
413.243
413.199
413.166
413.161
413.161
413.136
413.136
413.136
413.136
413.136
413.131
413.118
413.112
413.112
413.112
413.111
413.095
413.095
413.094
413.092
413.092
413.089
413.089
413.085
413.085
413.087
413.087
413.086
413.085
413.085
413.085
413.085
413.084
413.084
413.083
413.083
413.083
413.083
413.082
413.082
413.082
413.081
413.081
413.081
413.081
413.081
413.081
413.081
413.081
413.081
413.081
413.081
413.081
413.081
413.081
413.081
413.081
413.081
413.081
413.081
413.081
413.081
413.08
413.08
413.08
413.08
413.08
413.08
413.08
413.08
413.08
413.08
413.08
413.08
413.08
413.08
413.08
413.08
413.08
413.08
413.08
413.08
413.08
413.08
413.08
413.08
413.08
413.08
413.08
413.08
413.08
413.08
413.08
413.08
413.08
413.08
413.08
413.08
413.08
413.08
413.08
413.08
413.08
413.08
413.08
413.08
413.08
413.08
413.08
410.829
410.829
408.736
407.716
405.528
405.528
405.824
405.824
405.727
405.691
405.576
405.576
405.416
405.416
405.416
405.412
405.412
405.376
405.363
405.363
405.363
405.363
405.359
405.353
405.353
405.351
405.348
405.347
405.346
405.345
405.342
405.34
405.339
405.338
405.338
405.338
405.336
405.336
405.336
405.336
405.336
405.336
405.336
405.336
405.336
405.336
405.336
405.336
405.336
405.336
405.336
405.336
405.336
405.336
405.336
405.336
405.336
405.336
405.336
405.336
405.336
405.336
405.336
405.332
405.332
404.535
405.336
405.336
405.336
405.336
405.336
405.336
401.06
401.06
398.487
398.202
398.529
398.529
398.529
398.529
398.529
398.529
398.529
398.529
398.529


1196.81
1196.81
1159.7
1130.41
1064.85
1060.43
1054.13
1034.38
1016.11
1016.11
996.574
1033.26
1017.48
1010.65
1010.65
1010.24
983.229
983.229
970.451
970.451
968.022
970.301
970.301
970.301
964.38
963.145
962.954
939.914
910.797
910.797
910.797
910.797
904.864
900.12
900.12
900.096
899.248
882.819
882.819
882.819
882.19
917.902
892.399
892.399
889.839
886.22
885.716
885.716
880.091
880.091
875.011
869.03
868.919
868.919
868.919
868.758
868.57
843.211
832.386
832.317
832.254
831.234
831.234
829.281
827.174
824.8
824.766
824.59
812.957
811.756
811.738
809.69
800.926
800.921
800.921
784.021
784.016
784.016
784.016
777.884
777.879
777.877
777.877
777.754
770.653
770.424
769.599
767.433
761.972
761.972
761.972
759.882
754.138
753.429
750.734
749.898
748.263
665.244
646.895
633.204
633.204
794.773
780.893
780.78
724.932
724.375
724.375
724.316
724.316
718.579
718.499
718.381
718.381
718.357
686.665
686.6
686.6
686.598
592.214
592.214
592.214
779.855
779.855
750.486
750.482
750.482
750.474
750.474
750.463
750.463
721.428
721.424
721.417
721.416
721.416
721.416
716.853
716.853
716.852
621.031
621.03
706.862
706.861
706.861
706.861
706.86
706.857
706.855
706.855
706.855
706.855
793.759
791.646
791.646
665.974
665.973
665.973
665.973
665.973
665.972
665.972
665.972
665.972
665.972
665.972
665.972
665.972
665.971
665.971
665.971
665.971
765.858
765.858
765.858
765.858
765.858
639.066
639.066
639.066
639.066
639.066
639.066
639.066
639.066
639.066
639.066
639.066
639.066
639.066
639.066
639.066
676.063
676.063
676.063
676.063
676.063
676.063
676.063
676.063
676.063
676.063
676.063
676.063
676.063
676.063
676.063
676.063
676.063
676.063
676.063
657.5
657.5
657.5
657.5
657.5
637.026
637.026
637.026
637.026
637.026
637.026
765.401
665.669
665.669
665.669
625.606
625.606
625.606
625.606
625.606
609.308
632.557
626.89
616.162
598.386
598.386
598.26
597.981
597.981
591.632
580.013
573.988
570.57
568.76
567.909
567.57
567.297
567.266
567.266
567.241
567.223
567.175
567.153
567.147
567.122
567.101
567.098
567.097
567.094
567.078
567.031
567.026
567.007
567.005
567.002
567.001
567.001
567.001
567
566.999
566.998
566.998
566.998
566.997
566.997
566.997
566.997
566.997
566.997
566.997
566.997
566.997
566.997
566.997
566.997
566.997
566.997
566.997
566.997
547.324
547.324
558.026
558.026
539.193
533.769
521.194
521.194
521.183
521.183
521.144
521.126
722.175
722.175
722.175
722.174
722.171
722.171
722.171
700.62
700.62
643.215
642.394
642.394
642.29
640.951
640.951
640.951
640.951
640.731
640.731
640.686
793.038
790.149
790.148
705.555
705.555
705.545
705.545
705.536
705.507
705.497
705.493
705.445
705.429
705.416
705.407
705.399
705.394
705.367
705.351
705.32
803.963
789.884
788.726
750.236
748.857
748.842
748.788
748.568
748.534
748.479
748.415
743.815
743.719
743.296
743.05
727.845
727.798
727.798
727.757
727.725
726.171
726.16
726.089
726.059
725.848
725.845
724.34
724.34
671.057
670.837
665.46
645.436
640.908
640.904
632.938
631.069
631.069
631.026
628.16
625.074
624.135
623.965
623.949
623.471
623.206
623.034
622.922
622.849
622.812
622.787
622.772
622.749
622.709
622.631
622.536
622.474
622.313
622.134
622.103
622.072
621.993
621.987
621.979
621.979
621.973
621.963
621.962
621.961
621.961
621.961
621.961
621.961
621.959
621.959
621.957
621.957
621.957
621.957
621.956
621.955
621.955
621.955
621.954
621.954
621.954
621.953
621.952
621.95
621.95
621.95
621.95
621.95
621.95
621.948
621.948
621.946
621.945
621.944
621.944
621.944
621.943
621.94
621.938
621.936
621.935
621.931
621.931
621.931
621.931
621.931
621.931
621.931
621.93
621.93
609.363
609.362
609.361
609.36
609.36
609.36
640.824
640.823
640.821
640.816
640.814
640.813
640.807
640.804
640.804
638.795
863.572
751.07
751.07
735.427
735.427
735.427
735.427
735.427
735.427
735.427
821.165
766.138
766.138
766.131
766.131
766.131
766.131
766.131
766.128
728.945
875.936
766.125
766.125
766.125
766.124
766.124
766.123
766.121
766.121


1189.51
1154.67
1133.21
1118.56
1083.89
1083.89
1080.17
1031.69
1031.69
982.58
982.58
982.526
963.793
963.793
963.733
963.733
963.733
963.577
963.457
950.97
938.117
934.743
932.078
922.198
921.866
921.179
920.98
917.152
915.731
915.6
905.474
904.342
903.495
903.157
865.435
865.124
864.778
864.665
864.47
864.402
857.853
852.106
846.953
840.377
840.377
833.709
833.103
831.464
825.484
824.884
824.884
820.607
819.979
818.176
817.183
807.848
807.848
805.988
805.494
805.494
799.173
798.843
798.843
798.832
797.27
797.107
797.064
789.606
787.939
787.892
785.448
785.374
785.374
785.361
785.361
785.36
785.351
784.93
784.864
784.854
784.251
783.07
783.062
783.022
783.021
783.021
782.669
780.05
780.049
780.049
780.049
780.341
780.1
780.099
780.099
780.099
778.722
778.722
778.722
776.738
775.57
775.242
775.134
775.094
775.079
775.073
774.732
774.661
774.446
774.384
774.242
774.179
773.979
773.951
773.883
773.799
773.661
773.661
773.636
773.55
773.518
773.452
773.452
773.433
773.433
773.306
773.286
773.15
773.15
773.15
773.137
773.078
773.015
773
772.991
772.978
772.968
772.961
772.96
772.955
772.937
772.936
772.936
772.933
772.933
772.931
772.927
772.926
772.926
772.926
772.925
772.924
772.924
772.924
772.924
772.924
772.924
772.924
772.924
772.924
772.924
772.924
772.924
772.923
772.923
772.923
772.923
772.923
772.923
772.923
772.923
772.923
772.923
772.923
770.449
770.449
766.641
766.641
766.641
766.641
766.553
766.553
764.333
761.642
751.624
751.624
751.624
751.175
751.175
747.104
746.818
760.711
754.036
753.819
753.819
750.978
750.978
747.423
747.423
747.423
747.423
747.433
747.433
747.418
747.411
746.933
744.325
744.325
741.767
740.502
740.489
739.65
739.027
739.027
738.863
735.816
735.814
735.733
735.508
735.508
733.211
733.209
730.759
730.759
730.758
730.105
729.474
729.474
729.474
729.473
729.473
729.315
729.315
729.002
729.002
729.002
728.912
728.788
728.351
728.299
728.262
728.339
728.327
728.194
728.194
728.184
728.184
728.184
728.181
728.165
728.154
728.138
728.129
728.127
728.114
728.106
728.106
728.053
728.041
728.041
728.041
728.037
728.035
728.035
728.031
728.031
728.03
728.03
728.028
728.028
728.028
728.028
728.028
728.028
728.028
728.028
728.028
728.027
728.027
728.027
728.027
728.027
728.027
728.027
728.027
728.027
728.027
728.027
728.027
728.027
728.027
728.027
728.027
728.027
728.027
728.027
728.027
728.027
728.027
728.027
728.027
728.027
728.027
728.027
728.027
728.027
728.027
728.027
728.027
728.027
728.027
728.027
728.027
728.027
728.027
728.027
728.027
728.027
728.027
728.027
728.027
728.027
728.027
728.027
728.027
728.027
728.027
728.027
728.027
728.027
728.027
728.027
728.027
728.027
728.027
728.027
728.027
728.027
728.027
728.027
722.749
720.232
718.361
718.361
718.361
718.361
718.328
717.915
717.308
717.116
717.116
717.12
717.12
716.813
716.813
716.692
716.692
716.56
716.242
716.13
715.982
715.908
715.82
715.808
715.743
715.743
715.707
715.704
715.704
715.704
715.657
715.647
715.644
715.644
715.644
715.644
715.643
715.643
715.643
715.643
715.643
715.642
715.642
715.642
715.642
715.642
715.642
715.641
715.641
715.641
715.641
715.641
715.641
715.641
715.641
715.641
715.641
715.641
715.641
715.641
715.641
715.641
715.641
715.641
715.641
715.641
715.641
715.641
715.641
715.641
715.641
715.641
715.641
715.641
715.641
715.641
715.641
715.641
715.641
715.641
715.641
715.641
715.641
715.641
715.641
715.641
715.641
715.641
715.641
715.641
715.641
715.641
715.641
715.641
715.641
715.641
715.641
715.641
715.641
715.641
715.641
715.641
715.641
715.641
715.641
700.974
700.974
700.974
700.579
698.767
698.767
741.835
715.641
715.641
715.641
715.641
715.641
715.641
715.641
715.641
715.641
714.56
714.56
714.56
714.56
708.772
668.195
649.603
649.603
649.603
649.603
706.444
703.287
670.98
670.98
667.806
663.773
662.32
656.766
654.538
651.379
650.999
649.488
649.488
649.347
649.347
649.211
647.259
646.964
646.929
646.929
682.488
682.488
682.488
682.488
682.488
681.833
676.78
667.888
656.871


1184.25
1124.9
1039.48
1034.04
1034.04
1001.4
1001.2
1001.2
969.037
969.037
968.837
965.551
965.551
957.533
957.533
957.533
956.568
940.114
934.556
929.64
924.649
926.865
919.568
919.568
913.846
901.178
898.891
894.438
891.013
881.08
875.123
879.974
857.066
845.616
840.424
836.098
830.725
830.725
830.512
830.448
812.831
812.831
799.827
797.474
790.789
789.792
785.422
785.422
784.518
784.518
783.223
783.104
781.573
781.338
780.262
776.845
775.582
774.445
771.622
770.545
770.087
766.539
766.249
764.774
764.774
764.431
763.971
763.762
763.446
763.392
763.318
763.268
763.236
763.236
763.191
762.823
762.819
762.819
762.812
762.804
762.753
762.768
762.737
762.709
762.707
762.704
762.697
762.697
762.688
762.686
762.686
762.68
762.68
762.673
762.673
762.672
762.67
762.667
762.665
762.664
762.662
762.662
759.652
759.511
759.401
759.189
753.14
743.708
743.707
743.706
743.706
796.612
745.465
736.386
731.377
730.678
730.13
730.13
729.868
728.934
728.934
728.81
728.779
728.779
728.778
728.694
728.636
728.636
728.628
728.628
728.628
728.62
728.594
728.583
728.569
728.558
728.553
728.546
728.539
728.539
728.535
728.537
728.537
728.536
728.535
728.531
728.531
708.702
705.097
703.085
702.913
694.246
612.417
557.353
557.353
557.353
527.403
524.883
524.883
524.254
510.391
509.575
501.7
499.576
483.826
483.826
472.304
472.304
468.984
455.579
454.425
450.652
449.345
446.298
443.988
438.773
437.632
434.045
432.088
432.088
431.537
431.537
430.593
430.593
426.379
426.379
425.758
425.758
424.869
424.869
424.276
423.57
422.988
422.549
422.521
422.275
421.828
421.828
421.777
421.285
420.801
420.58
420.58
420.58
420.58
420.418
420.405
420.4
420.4
420.315
420.288
420.222
420.21
420.195
420.187
420.178
420.178
420.145
420.125
420.125
420.125
420.125
420.093
420.092
420.069
420.069
420.069
420.069
420.068
420.063
420.063
420.063
420.063
420.06
420.059
420.058
420.05
420.05
420.048
420.046
420.046
420.045
420.045
420.041
420.041
420.041
420.041
420.041
420.038
420.037
420.037
420.036
420.036
420.036
420.035
420.035
420.034
420.034
420.034
420.033
420.033
420.032
420.032
420.032
420.032
420.032
420.032
420.032
420.032
420.032
420.032
420.032
420.032
420.031
420.031
420.031
420.031
420.031
420.031
420.031
420.031
420.031
420.031
420.031
420.031
420.031
420.031
420.031
420.031
420.031
420.031
420.031
420.031
420.031
420.031
420.031
420.031
420.031
420.031
420.031
420.031
420.031
420.031
420.031
420.031
420.031
420.031
420.031
420.031
420.031
420.031
420.031
420.031
420.031
420.031
420.031
420.031
420.031
420.031
420.031
420.031
420.031
420.031
420.031
420.031
420.031
420.031
420.031
420.031
420.031
420.031
420.031
420.031
420.031
420.031
420.031
420.031
420.031
420.031
420.031
420.031
420.031
420.031
420.031
420.031
420.031
420.031
420.031
420.031
420.031
420.031
420.031
420.031
420.031
420.031
420.031
420.031
420.031
420.031
420.031
420.031
420.031
420.031
420.031
420.031
420.031
420.031
420.031
420.031
420.031
420.031
420.031
420.031
420.031
420.031
418.163
413.664
413.664
412.011
411.875
410.182
409.893
409.893
409.559
408.793
408.793
408.793
408.369
408.369
407.08
406.907
406.946
406.524
406.184
404.528
404.528
403.329
403.329
402.565
402.544
402.544
402.335
402.212
402.212
402.124
402.124
402.053
401.749
401.749
401.444
401.444
401.434
401.434
401.427
401.244
401.181
401.181
401.181
401.082
401.003
401.003
401.005
400.983
400.983
400.939
400.908
400.861
400.829
400.829
400.829
400.744
400.859
400.859
400.84
400.787
400.787
400.787
400.787
400.785
400.775
400.775
400.738
400.738
400.738
400.669
400.669
400.669
400.669
400.669
400.642
400.642
400.63
400.63
400.63
400.618
400.618
400.618
400.618
400.615
400.61
400.61
400.607
400.606
400.604
400.6
400.599
400.594
400.593
400.588
400.588
400.588
400.575
400.575
400.575
400.575
400.569
400.566
400.566
400.566
400.564
400.564
400.564
400.563
400.561
400.56
400.56
400.56
400.56
400.56
400.56
400.56
400.56
400.559
400.558
400.558
400.558
400.558
400.558
400.558
400.558


1216.14
1139.4
1133.91
1125.74
1092.24
1092.24
1033.06
1001.91
1001.91
997.992
993.978
1004.19
993.015
993.015
967.795
963.319
952.562
950.945
942.326
942.326
917.141
917.141
917.06
917.06
915.706
914.798
914.721
912.148
889.715
889.715
889.468
888.319
888.319
887.905
887.905
883.789
883.789
883.771
873.168
870.616
870.616
861.495
846.964
844.991
839.616
839.616
838.257
838.036
838.036
836.485
835.14
847.343
836.309
829.974
829.256
828.903
828.838
828.819
826.483
826.245
823.896
821.697
821.411
820.96
820.956
819.563
819.563
816.845
815.955
815.923
815.88
802.734
802.731
802.578
798.746
794.376
794.373
794.226
794.213
787.86
784.02
782.964
782.217
780.516
778.415
777.44
776.851
776.312
776.29
775.674
775.499
772.71
772.71
772.222
771.137
771.078
770.983
770.392
770.392
769.993
769.993
769.923
769.89
769.772
769.692
769.692
769.567
769.56
769.539
769.539
769.446
769.449
769.42
769.419
769.401
769.4
769.375
769.375
769.362
769.362
769.352
769.352
769.347
769.337
769.332
764.357
764.331
764.302
764.302
763.369
762.998
763.026
763.026
762.97
762.903
762.903
762.379
758.598
756.111
756.111
755.208
755.208
755.181
755.181
755.1
755.033
755.033
755.033
755.028
755.001
754.987
754.941
754.94
754.866
754.843
754.843
754.843
754.84
754.819
754.794
754.793
754.775
754.775
754.771
754.771
754.769
754.768
754.767
754.767
754.765
754.765
754.765
754.764
735.887
735.594
735.594
735.479
734.489
734.302
622.74
622.74
622.74
601.487
583.234
551.465
528.439
528.439
524.156
522.569
520.514
519.544
512.617
507.19
499.6
490.425
490.425
487.661
487.376
487.376
487.268
485.556
483.987
482.297
475.454
472.704
472.704
471.248
460.551
448.534
446.147
441.337
436.772
436.772
436.772
436.008
435.626
434.432
433.737
432.083
431.436
429.838
430.001
429.072
428.647
428.189
426.354
424.559
424.502
424.502
424.417
422.484
422.447
422.447
422.177
421.985
421.13
420.768
420.669
420.498
420.414
420.172
420.136
419.812
418.879
418.807
418.807
418.743
418.665
417.849
417.823
417.755
418.867
418.541
418.513
418.503
418.503
418.469
418.45
418.442
418.406
418.368
418.457
418.362
418.346
418.219
417.82
417.326
416.85
416.84
416.833
416.721
416.67
416.554
416.383
416.381
416.113
416.035
415.979
415.973
415.879
415.775
415.765
415.765
415.695
415.659
415.659
415.622
415.612
415.612
415.595
415.595
415.593
415.593
415.59
415.589
415.589
415.588
415.588
415.588
415.587
415.584
415.581
415.58
415.58
415.579
415.577
415.571
415.568
415.562
415.559
415.559
415.558
415.558
415.552
415.552
415.551
415.55
415.547
415.542
415.54
415.539
415.539
415.537
415.515
415.499
415.485
415.472
415.453
415.411
415.374
415.374
415.375
415.365
415.365
415.365
415.365
415.35
415.317
415.317
415.317
415.317
415.317
415.317
415.315
415.315
415.315
415.315
415.315
415.311
415.31
415.3
415.296
415.295
415.293
415.293
415.292
415.292
415.29
415.29
415.29
415.29
415.288
415.288
415.288
415.287
415.287
415.286
415.286
415.285
415.284
415.284
415.283
413.81
413.81
413.705
413.705
413.629
413.529
413.529
413.515
413.515
413.374
413.374
413.374
413.374
391.669
391.669
391.669
391.669
391.669
391.669
417.583
412.889
412.889
386.856
386.856
386.856
386.856
386.856
386.856
386.542
386.542
386.542
371.793
323.758
300.682
293.807
291.485
290.659
290.334
290.201
290.14
290.109
290.094
290.087
290.084
290.082
290.081
290.08
290.08
290.08
290.08
290.08
285.546
285.369
285.369
285.369
285.369
285.369
285.369
285.369
285.306
285.306
285.193
285.193
285.131
285.131
285.131
285.131
285.131
285.123
285.173
285.16
285.127
285.127
285.122
285.122
285.122
275.693
275.693
269.669
271.348
268.621
268.621
268.621
268.264
268.055
267.867
267.024
267.024
267.004
266.856
266.856
266.773
264.708
264.309
264.309
263.492
263.492
263.492
263.176
264.948
262.97
262.664
262.664
262.471
262.252
262.212
262.205
262.204
262.204
261.091
260.013
257.125
256.429
255.181
255.023
254.369
254.225
253.104
156.779
182.707
169.689
169.689
145.694
145.694
145.694
144.809
144.45
144.209


1171.47
1131.23
1069.35
1031.61
1031.61
1022.9
1022.9
1014.12
1005.53
973.039
959.174
984.018
964.397
962.219
957.538
952.148
952.148
951.884
944.527
934.529
934.395
907.687
906.863
901.412
901.412
901.272
897.854
888.739
888.739
885.273
877.218
876.44
875.325
867.032
848.104
847.334
846.218
842.162
842.151
841.463
841.121
839.602
839.161
811.311
804.421
803.707
803.539
802.831
797.211
797.211
796.752
796.311
793.038
792.246
792.246
789.411
787.705
785.777
785.733
785.718
784.495
784.494
783.121
782.608
782.558
781.541
781.541
781.333
781.332
781.223
781.223
781.01
780.722
780.722
780.629
780.629
780.629
780.629
780.589
780.35
780.342
780.284
780.284
780.272
780.271
780.258
780.257
780.257
780.257
780.252
780.242
780.242
780.241
780.24
780.24
780.239
780.239
780.239
780.239
780.239
780.238
780.238
779.834
772.335
772.335
770.338
770.338
769.569
756.494
755.958
755.721
755.646
755.416
755.37
755.059
754.371
754.365
754.348
754.343
754.286
754.274
754.243
754.221
754.219
754.209
754.209
754.18
754.168
754.164
754.16
754.159
754.144
754.141
754.141
754.141
754.139
754.139
754.139
754.138
754.135
754.135
754.134
754.133
754.133
754.133
754.133
754.133
754.133
754.133
754.133
754.132
754.132
754.132
754.132
754.132
754.132
754.132
754.132
754.132
754.132
754.132
754.132
754.132
754.132
754.132
754.132
754.132
754.132
754.132
754.132
754.132
754.132
754.132
754.132
754.132
754.132
754.132
754.132
754.132
754.132
754.132
754.132
754.132
754.132
754.132
754.132
754.132
754.132
754.132
754.132
754.132
754.132
754.132
754.132
754.132
754.132
754.132
754.132
754.132
754.132
754.132
754.132
754.132
754.132
754.132
754.132
754.132
754.132
754.132
754.132
754.132
754.132
754.132
754.132
741.741
741.741
741.741
741.741
741.741
741.741
741.741
740.718
740.718
740.718
740.718
740.718
738.274
738.274
738.274
738.189
738.189
737.02
737.02
737.02
736.588
736.588
728.228
728.228
728.228
727.4
726.232
726.232
726.105
726.105
726.105
726.105
726.105
726.105
726.105
726.09
726.051
726.032
726.021
725.027
725.027
725.027
725.027
722.371
722.371
721.737
721.528
721.528
721.528
721.528
721.495
721.495
721.494
721.466
721.466
721.466
721.466
721.457
721.457
721.45
721.396
721.282
721.281
721.203
721.201
721.2
721.197
721.19
720.525
720.171
719.558
719.221
719.011
718.849
718.78
718.723
715.889
714.099
714.093
713.612
711.931
710.511
710.511
710.511
710.511
709.576
709.076
708.813
708.203
707.284
705.639
704.59
703.98
703.758
703.758
703.233
703.041
702.899
702.579
702.383
702.319
702.294
702.287
702.113
701.942
701.84
701.793
699.59
698.651
696.169
695.286
694.234
694.233
694.141
694.099
694.083
694.074
694.07
694.065
694.065
694.064
694.064
694.061
694.059
694.059
694.058
694.056
707.013
707.013
707.012
707.012
707.01
707.01
707.009
707.009
707.008
707.008
707.008
707.008
707.008
707.008
707.008
707.008
707.008
707.008
707.008
707.008
775.766
733.971
733.971
731.707
727.5
727.5
727.5
722.149
722.149
722.149
730.604
727.5
727.5
727.5
727.5
727.5
727.5
727.5
727.5
727.5
727.5
727.5
727.5
727.5
727.5
727.5
727.5
727.5
727.5
727.5
727.5
727.5
727.5
727.5
727.5
727.5
727.5
727.5
727.5
727.5
727.5
727.5
727.5
726.909
726.542
726.542
726.542
726.542
726.542
726.417
761.409
726.232
726.232
726.232
725.65
725.614
725.614
725.182
725.182
724.875
747.606
731.455
731.413
731.142
731.115
731.105
731.105
731.097
731.056
731.035
733.977
725.071
725.071
725.071
724.258
724.258
724.199
724.199
724.199
724.176
731.489
730.565
730.477
730.465
730.464
730.452
730.452
730.436
724.061
724.06
731.459
730.4
730.4
730.393
730.386
730.382
730.372
730.371
730.367
730.361
730.352
730.347
729.673
729.562
729.244
727.564
723.235
717.24
717.149
717.149
833.044
718.979
718.979
717.352
717.163
717.163
717.163
717.163
717.054
717.052
716.852
716.852
716.821
716.521
716.449
716.393
716.378
716.289
716.21
716.148
716.048
715.928
715.927
715.757
715.565
715.489
715.467
715.309
715.021


1168.59
1134.52
1127.88
1072.18
1072.18
1071.92
1050.97
1040.97
1029.23
1009.8
1009.8
997.864
997.801
994.992
994.818
990.219
990.219
981.167
931.319
931.319
931.207
979.855
937.153
915.113
904.502
903.161
886.749
882.789
882.789
855.273
855.273
854.663
854.39
852.756
849.838
848.505
843.814
839.854
831.748
828.759
823.106
818.685
818.685
818.085
814.957
814.957
812.298
811.176
809.423
805.768
802.338
800.377
800.2
799.806
799.457
799.023
799.023
798.74
798.702
798.664
797.136
794.111
790.939
788.31
782.096
781.552
780.328
780.219
778.931
770.413
770.413
769.279
769.279
769.279
764.128
764.128
762.497
762.403
762.074
761.55
760.316
759.577
758.944
757.261
757.261
755.757
749.698
748.106
748.106
748.033
748.033
748.065
746.919
744.419
744.419
742.725
739.25
739.25
738.456
738.433
738.139
736.548
736.539
734.581
733.604
733.602
733.602
731.485
731.428
731.079
730.303
730.026
729.915
729.915
729.572
729.494
729.494
729.484
729.483
729.479
729.443
729.43
729.43
729.4
729.4
729.394
729.394
729.381
729.381
729.37
729.365
729.365
729.362
729.358
729.358
729.357
729.357
729.355
729.353
729.353
729.353
729.353
729.352
729.352
729.352
729.352
729.352
729.352
729.352
729.352
729.352
729.352
729.352
729.352
729.352
729.352
729.352
729.352
729.352
729.352
729.352
729.352
729.352
729.352
729.352
729.352
729.352
729.352
729.352
729.352
729.352
729.352
729.352
729.352
729.352
729.352
729.352
729.352
729.352
729.352
729.352
729.352
729.352
729.352
729.352
729.352
729.352
729.352
729.352
729.352
729.352
729.352
729.352
729.352
729.352
729.352
729.352
729.352
729.352
729.352
729.352
729.352
729.352
729.352
729.352
729.352
729.352
729.352
729.352
729.352
729.352
729.352
729.352
729.352
729.352
729.352
729.352
729.352
729.352
729.352
729.352
729.352
729.352
729.352
729.352
729.352
729.352
729.352
728.68
728.68
726.926
727.041
727.041
725.709
724.484
724.484
724.305
723.246
723.246
723.246
722.886
722.778
722.586
722.586
722.586
722.57
722.57
722.306
722.306
722.306
722.306
722.234
722.116
722.062
722.062
721.963
721.772
721.536
721.536
721.536
721.511
721.521
721.468
721.45
721.448
721.447
721.447
721.447
721.433
721.431
721.43
721.429
721.427
721.427
721.426
721.425
721.425
721.424
721.411
721.405
720.058
717.39
717.256
716.364
716.364
716.359
715.578
715.578
715.421
715.421
715.409
715.09
715.09
715.09
714.965
714.877
714.842
714.842
714.842
714.812
714.812
714.812
714.783
714.783
714.782
714.782
714.782
714.781
714.781
714.781
714.769
714.767
714.767
714.767
714.766
714.763
714.763
714.763
714.763
714.762
714.762
714.762
714.762
714.762
714.762
714.762
714.761
714.761
714.761
714.761
714.761
714.761
714.761
714.761
714.761
714.761
714.761
714.761
714.761
714.761
714.761
714.761
714.761
714.761
714.761
714.761
714.761
714.761
714.761
714.761
714.761
714.761
714.761
714.761
714.761
714.761
714.761
714.761
714.761
714.761
714.761
714.761
714.761
714.761
714.761
714.761
714.761
714.761
714.761
714.761
714.761
714.761
714.761
714.761
714.761
714.761
714.761
714.761
714.761
714.761
714.761
714.761
714.761
714.761
714.761
714.761
714.761
714.761
714.761
714.761
714.761
714.761
714.761
714.761
714.761
714.761
714.761
714.761
714.761
714.761
714.761
714.761
714.761
714.761
714.761
714.761
714.761
714.761
714.761
714.761
714.761
714.761
714.761
714.761
714.761
714.761
714.761
714.761
714.761
714.761
714.761
714.761
714.761
714.761
714.761
714.761
714.761
714.761
714.761
714.761
714.761
714.761
714.761
714.761
714.761
714.761
714.761
714.761
714.761
714.761
714.761
714.761
714.761
714.761
714.761
714.761
714.761
714.761
714.761
714.761
714.761
714.761
714.761
714.761
714.761
714.761
714.761
714.761
714.761
714.761
714.761
714.761
714.018
707.939
707.939
707.653
706.155
706.155
706.056
705.444
705.274
705.274
705.091
705.015
705.015
705.008
704.94
704.838
704.831
704.819
704.803
704.807
704.789
704.787
704.787
704.779
704.751
704.685
704.685
704.685
704.679
704.679
704.679
704.674
704.674
704.674
704.674
704.674
704.673
704.673


1162.07
1140.95
1140.95
1114.04
1072.29
1072.29
1054.54
1037.15
1004.65
993.509
993.509
1053.23
987.975
973.497
973.497
964.553
964.382
934.381
903.712
903.712
871.184
857.94
851.517
827.062
814.886
803.295
802.479
802.479
802.375
791.95
791.95
775.787
775.567
766.306
749.972
744.345
743.267
743.267
738.078
738.078
734.168
725.762
723.482
722.204
716.65
716.65
713.715
713.637
710.632
710.081
707.534
707.516
551.339
526.279
520.163
517.971
517.775
517.206
499.178
498.906
488.391
488.778
488.598
487.003
479.347
479.342
466.391
455.9
446.704
446.548
445.741
442.381
435.149
431.634
431.564
431.561
431.554
429.61
427.416
426.971
426.971
426.283
425.243
425.242
424.739
424.691
424.548
424.289
423.634
423.634
423.634
423.308
423.205
423.051
422.953
422.664
422.664
422.442
422.42
422.419
422.419
422.571
422.367
422.292
422.2
422.015
421.793
421.793
421.793
421.739
421.739
421.639
421.54
421.54
421.54
421.54
421.528
421.528
421.524
421.511
421.49
421.467
421.445
421.43
421.43
414.916
414.911
414.911
413.07
413.06
413.05
412.389
412.194
410.698
410.696
410.479
410.474
410.472
410.472
410.469
410.353
410.199
410.18
409.398
408.996
408.192
408.191
408.19
404.429
404.428
404.427
424.893
421.365
416.376
408.792
408.616
401.722
401.722
401.098
401.097
401.097
401.096
401.096
401.096
399.909
399.364
399.176
399.106
399.079
399.068
399.063
396.082
396.082
395.802
394.414
394.414
394.102
394.102
394.07
393.458
393.458
393.083
393.083
393.083
393.083
393.083
393.044
392.985
392.985
392.453
392.399
392.253
391.804
391.538
391.408
391.408
391.389
391.285
391.284
391.28
391.28
391.228
391.216
391.174
391.174
391.174
391.166
391.166
391.164
391.163
391.162
391.161
391.159
391.159
391.149
391.14
391.136
391.133
391.13
391.126
391.126
391.126
391.124
391.121
391.12
384.928
384.928
384.928
384.928
384.878
384.864
384.864
384.752
384.677
384.66
384.565
384.183
383.938
383.897
383.897
383.889
383.771
383.766
383.766
383.743
383.724
383.724
383.707
383.707
383.706
383.694
383.689
383.689
383.681
383.679
383.678
383.672
383.671
383.671
383.67
383.669
383.669
383.669
383.668
383.668
383.668
383.668
383.667
383.667
383.667
383.667
383.667
383.667
383.667
383.667
383.667
383.667
383.667
383.667
383.667
383.667
383.667
383.667
383.667
383.667
383.667
383.667
383.667
383.667
383.667
383.667
383.667
383.667
383.667
383.667
383.667
378.998
378.604
378.604
378.585
378.585
378.56
378.551
378.551
378.551
378.521
378.484
378.421
378.269
378.191
378.181
378.181
378.181
378.169
378.166
378.166
378.151
378.147
378.146
377.877
377.817
377.817
377.81
377.805
377.805
377.798
377.798
377.798
377.797
377.797
377.797
377.796
377.796
377.796
377.796
377.796
377.795
377.795
377.794
377.794
377.794
377.794
377.793
377.793
377.793
377.793
377.793
377.793
377.793
377.793
377.793
377.793
377.793
377.793
377.793
377.793
377.793
377.793
377.793
377.793
377.793
377.793
377.793
377.793
377.793
377.793
377.793
377.793
377.793
377.793
377.793
377.793
377.793
377.793
377.793
377.793
377.793
377.793
377.793
377.793
377.793
377.793
377.793
377.793
377.793
377.793
377.793
377.793
377.793
377.793
377.793
377.793
377.793
377.793
377.793
377.793
377.793
377.793
377.793
377.793
377.793
377.793
377.793
377.793
377.793
377.793
377.793
377.793
377.793
377.793
377.793
377.793
377.793
377.793
377.793
377.793
377.793
377.793
377.793
377.793
377.793
377.793
377.793
377.793
377.793
377.793
377.793
377.793
377.793
377.793
377.793
377.793
377.793
377.793
377.793
377.793
377.793
377.793
369.36
369.121
369.121
369.121
369.052
369.052
369.052
369.052
369.052
369.052
369.052
369.052
369.036
368.998
368.998
368.998
368.986
368.918
368.794
368.595
368.564
368.54
368.54
368.528
368.485
368.474
368.474
368.466
368.466
368.466
368.455
368.448
368.444
368.426
368.426
368.414
368.414
368.411
368.411
363.217
361.703
361.703
361.703
361.332
361.158
360.79
358.665
357.068
351.328
350.11
350.11
348.878
348.851
348.512
348.174
348.039
342.857
339.857
333.632
333.632
333.632
331.274


1199.11
1120.85
1119.64
1039.17
1039.17
1039.17
1023.41
1023.41
1023.41
1023.41
1023.41
1045.5
1018.41
1018.41
1018.41
1009.31
1009.31
1009.31
991.248
989.446
971.865
971.865
959.908
958.964
955.857
951.297
945.966
945.966
942.262
941.796
934.896
918.798
918.798
915.832
903.305
903.305
903.305
903.305
903.305
901.764
901.758
900.418
888.531
881.447
881.428
877.882
876.795
873.93
873.93
851.82
851.82
850.544
849.809
845.859
844.76
842.46
841.325
841.325
841.325
841.325
841.325
833.915
833.537
827.754
823.225
823.225
820.591
817.967
816.392
816.392
813.97
813.446
812.502
809.062
808.955
808.955
807.812
807.679
807.585
807.585
807.43
807.335
807.3
807.244
807.244
806.319
806.319
806.319
806.256
806.233
806.233
806.088
806.009
805.298
803.47
803.458
803.458
801.284
801.274
800.949
800.948
798.188
798.178
797.953
797.756
797.756
797.756
797.287
797.228
796.903
796.505
795.608
794.673
791.021
790.106
790.106
789.904
789.702
788.259
786.412
786.098
776.765
776.765
776.678
776.284
775.943
775.785
771.961
770.467
765.714
764.007
763.728
763.395
763.286
763.259
763.259
763.246
763.034
762.392
762.063
761.272
761.272
761.247
761.126
760.823
760.823
760.792
760.436
760.329
760.141
760.108
759.979
746.615
746.594
746.594
744.809
744.806
744.562
742.344
742.342
742.342
752.549
745.251
745.25
745.25
745.249
744.559
744.557
744.556
742.886
742.885
742.951
742.95
742.942
742.942
742.941
742.903
742.903
742.868
742.868
742.839
741.336
741.276
741.027
739.331
739.277
737.924
737.924
737.795
723.105
718.849
717.466
717.466
715.952
715.952
712.558
712.558
712.196
712.162
712.162
712.058
711.97
711.25
709.855
709.659
709.022
708.443
708.405
708.336
708.191
708.191
708.156
708.085
708.044
691.344
593.498
593.491
593.491
575.11
466.524
466.524
468.305
468.305
459.257
456.268
456.265
456.105
438.537
438.537
422.869
415.607
414.544
413.182
408.602
405.106
404.718
404.718
402.344
401.176
401.176
399.507
398.78
397.054
394.82
394.82
394.263
394.263
392.524
390.205
390.205
390.072
389.151
389.151
389.151
389.151
388.431
388.354
388.072
388.072
388.043
387.793
387.793
387.558
387.558
387.558
387.558
387.368
387.277
387.181
387.181
387.181
386.98
386.806
386.806
386.806
386.719
386.682
386.644
386.63
386.589
386.562
386.496
386.496
386.496
386.496
386.461
386.455
386.45
386.439
386.414
386.414
386.414
386.405
386.362
386.362
383.601
383.6
383.467
383.309
382.637
381.601
380.803
380.189
380.17
379.85
379.73
379.316
379.042
378.989
378.858
378.751
378.85
378.054
377.991
377.416
377.381
377.301
377.18
377.176
376.807
376.766
376.758
376.758
376.697
376.654
376.614
376.614
376.468
376.466
376.466
376.465
376.465
376.437
376.437
376.417
376.358
376.358
376.358
376.347
376.342
376.302
376.301
376.301
376.288
376.278
376.274
376.274
376.274
376.249
376.249
376.249
376.248
376.247
376.243
376.243
376.239
376.238
376.238
376.236
376.236
376.235
376.233
376.233
376.232
376.232
376.232
376.231
376.231
376.23
376.23
376.23
376.228
376.228
376.228
376.228
376.227
376.227
376.227
376.227
376.227
376.226
375.898
375.898
375.898
375.898
375.896
375.896
375.892
375.89
375.885
375.883
375.883
375.876
375.853
375.747
375.709
375.466
375.051
375.028
374.951
374.898
374.879
374.838
374.821
374.787
374.785
374.639
374.536
374.292
374.178
374.178
374.127
374.127
374.087
374.087
374.08
374.078
374.047
374.047
374.047
374.044
374.043
374.041
374.038
374.036
374.036
374.036
374.036
374.034
374.033
374.033
374.033
374.032
374.032
374.032
374.031
374.031
374.031
374.031
374.031
374.031
374.031
374.031
374.031
374.031
374.031
374.031
374.031
374.031
374.031
374.031
374.031
374.031
374.031
374.031
374.031
374.031
374.031
374.031
374.031
374.031
374.031
374.031
374.031
374.031
374.031
374.031
374.031
374.031
374.031
374.031
374.031
374.031
374.031
374.031
374.031
374.031
374.031
374.031
374.031
374.031
374.031
374.031
374.031
374.031
374.031
374.031
374.031
374.031
374.031
374.031
374.031
374.031
374.031
374.031
374.031
374.031
374.031
374.031
374.031


