1343.03
1302.51
1276.77
1276.77
1263.54
1263.54
1263.54
1231.98
1208.7
1207.32
1182.42
1173.89
1152.98
1152.98
1141.18
1091.29
1091.29
1091.29
1088.35
1064.96
1064.96
1064.96
1064.96
1064.96
1019.81
1005.83
1003.82
997.594
984.073
965.253
959.717
960.863
950.331
931.516
931.476
931.476
923.151
923.151
923.151
922.939
922.796
919.115
918.011
917.746
911.85
911.34
911.011
910.457
910.457
910.218
909.773
909.205
909.166
899.378
899.371
890.589
890.589
890.558
879.051
879.051
879.045
879.037
879.037
879.036
879.036
879.036
879.036
877.266
877.265
877.264
875.399
875.399
874.811
874.81
874.213
874.213
874.089
874.089
872.986
872.228
872.105
871.911
871.911
871.911
871.911
871.911
871.911
871.838
871.838
871.835
871.835
871.735
871.735
871.735
855.446
855.117
855.117
855.117
854.686
854.686
854.498
854.498
854.129
854.129
854.129
853.361
853.361
853.361
853.31
853.31
853.292
853.196
853.196
853.174
853.043
853.019
853.018
853.018
853.007
852.969
852.957
852.957
852.957
852.957
825.67
824.36
817.925
817.695
813.163
810.697
810.697
810.699
810.389
810.389
810.026
809.825
809.792
809.791
809.307
805.203
669.689
678.65
624.612
609.774
596.21
596.21
593.065
593.065
585.259
579.54
561.889
546.973
543.495
540.105
539.629
536.259
525.068
525.068
523.821
521.738
512.757
495.709
495.709
491.311
491.311
490.336
490.336
490.237
488.592
488.592
488.552
485.387
484.799
484.799
483.022
482.969
481.692
481.692
480.129
480.129
480.076
480.076
480.054
479.882
479.751
479.613
479.605
479.495
479.495
479.379
479.322
479.173
478.998
478.998
478.992
478.992
478.966
478.966
478.941
478.939
478.908
478.85
478.825
478.812
478.797
478.797
478.797
478.797
478.776
478.769
478.766
478.759
478.758
478.743
478.736
478.736
478.734
478.732
478.732
478.723
478.723
478.723
478.718
478.718
478.718
478.713
478.713
478.713
478.71
478.71
478.71
478.71
478.709
478.709
478.707
478.707
478.707
478.706
478.706
478.706
478.706
478.706
478.705
478.705
478.705
478.705
478.704
478.704
478.704
478.704
478.704
478.704
478.704
478.704
478.704
478.704
478.704
478.704
478.704
478.704
478.704
478.704
478.704
478.704
478.704
478.704
478.704
478.704
478.704
478.704
478.704
478.704
478.704
478.704
478.704
478.704
478.703
478.703
478.703
478.703
478.703
478.703
478.703
478.703
478.703
478.703
478.703
478.703
478.703
478.703
478.703
478.703
478.703
478.703
478.703
478.703
478.703
478.703
478.703
478.703
478.703
478.703
478.703
478.703
478.703
478.703
478.703
478.703
478.703
478.703
478.703
478.703
478.703
478.703
478.703
478.703
478.703
478.703
478.703
478.703
478.703
478.703
478.703
478.703
478.703
478.703
478.703
478.703
478.703
478.703
478.703
478.703
478.703
478.703
478.703
478.703
478.703
478.703
478.703
478.703
478.703
478.703
478.703
478.703
478.703
478.703
478.703
478.703
478.703
478.703
478.703
478.703
478.703
478.703
478.703
478.703
478.703
478.703
478.703
478.703
478.703
478.703
478.703
478.703
478.703
478.703
478.703
478.703
478.703
478.703
478.703
478.703
478.703
478.703
478.703
478.703
478.703
478.703
478.703
478.703
478.703
478.703
478.703
478.703
478.703
478.703
478.703
478.703
478.703
478.703
478.703
478.703
478.703
478.703
478.703
478.703
478.703
478.703
478.703
478.703
478.703
478.703
478.703
478.703
478.703
478.703
478.703
478.703
478.703
478.703
478.703
478.703
478.703
478.703
478.703
478.703
478.703
478.703
478.703
478.703
478.703
478.703
478.703
478.703
478.703
478.703
478.703
478.703
478.703
478.703
478.703
478.703
478.703
478.703
478.703
478.703
478.703
478.703
478.703
478.703
478.703
478.703
478.703
478.703
478.703
478.703
478.703
478.703
478.703
478.703
478.703
478.703
478.703
478.703
478.703
478.703
478.703
478.703
478.703
478.703
478.703
478.703
478.703
478.703
478.703
478.703
478.703
478.703
478.703
478.703
478.703
478.703
478.703
478.703
478.703
478.703
478.703
478.703
478.703
478.703
478.703
478.703
478.703
478.703
478.703
478.703
478.703
478.703
478.703
478.703
478.703
478.703
478.703
478.703
478.703
478.703
478.703
478.703
478.703
478.703


1034.39
1014.13
1014.13
997.805
952.995
952.995
952.838
952.838
940.297
940.297
912.305
912.305
904.922
904.922
903.457
903.457
890.943
890.943
883.458
883.458
883.458
854.942
854.942
854.942
847.854
827.118
826.958
826.958
815.45
813.312
813.312
812.01
811.976
811.976
811.976
803.335
803.335
791.192
789.844
787.953
760.096
760.096
760.096
752.735
752.735
752.735
752.735
751.353
741.544
730.062
730.062
733.617
716.994
716.994
715.583
702.191
697.436
697.436
696.201
696.201
694.901
689.593
686.569
678.528
670.648
670.648
670.344
670.344
669.878
660.52
658.656
653.915
653.915
647.546
647.118
645.107
644.694
644.694
644.572
644.572
643.063
642.704
641.084
640.716
640.673
640.094
639.566
639.557
639.439
639.214
639.109
638.925
638.837
638.803
638.778
638.772
638.766
638.757
638.738
638.738
638.724
638.708
638.699
638.699
638.698
638.683
638.681
638.678
638.671
638.67
638.663
638.661
638.66
638.658
624.204
594.17
594.169
594.169
594.169
594.168
594.168
594.168
594.133
594.133
594.133
592.139
585.857
581.836
581.794
581.594
581.594
581.475
581.419
581.419
581.403
581.401
581.379
581.373
581.346
581.333
581.332
581.332
581.326
581.323
581.321
581.307
581.303
581.303
581.301
581.3
581.298
581.298
581.296
581.285
581.277
581.275
581.273
581.273
581.272
581.269
581.269
581.269
581.269
581.269
581.269
581.269
581.269
581.269
581.268
581.267
581.267
581.267
581.267
581.267
581.267
581.266
581.266
581.266
581.266
581.266
581.266
581.266
581.266
581.266
581.266
581.266
581.266
581.266
581.266
581.266
581.266
581.266
581.266
581.266
581.266
581.266
581.266
581.266
581.266
581.266
581.266
581.266
581.266
581.266
581.266
581.266
581.266
581.266
581.266
581.266
581.266
581.266
581.266
581.266
581.266
581.266
581.266
581.266
581.266
581.266
581.266
581.266
581.266
581.266
581.266
581.266
581.266
581.266
581.266
581.266
581.266
581.266
581.266
581.266
581.266
581.266
581.266
581.266
581.266
581.266
581.266
581.266
581.266
580.326
579.03
578.922
578.922
576.768
575.767
574.797
574.797
574.797
574.797
574.797
574.478
574.239
574.09
574.09
574.09
574.086
573.927
573.892
573.892
573.838
573.838
573.838
573.838
573.838
573.79
573.79
573.784
573.776
573.774
573.774
573.771
573.771
573.77
573.766
573.766
572.384
561.615
559.689
559.411
559.411
559.411
559.411
557.442
557.442
557.442
557.442
557.442
557.113
556.939
556.939
556.939
556.842
556.75
556.715
556.696
556.696
556.595
556.595
556.595
556.543
556.543
556.543
556.523
556.51
556.446
556.446
553.847
543.051
540.155
538.447
535.315
535.315
534.812
534.114
534.114
533.324
533.121
533.157
533.121
533.121
533.073
532.662
532.662
531.929
531.929
531.929
531.492
531.256
531.256
531.021
530.743
530.702
530.396
530.331
530.331
530.28
530.28
530.284
530.242
530.093
530.085
529.983
529.983
529.951
529.951
529.948
529.948
529.937
529.925
529.925
529.925
529.917
529.904
529.904
529.904
529.904
529.903
529.905
529.903
529.903
529.903
529.902
529.902
529.902
529.902
529.902
529.902
529.902
529.901
529.901
529.901
529.901
529.901
529.901
529.901
529.901
529.901
529.901
529.901
529.901
529.901
529.901
529.901
529.901
529.9
529.9
529.9
529.9
529.9
529.9
529.9
529.9
529.9
529.9
529.9
529.9
529.9
529.9
529.9
529.9
529.9
529.9
529.9
529.9
529.9
529.9
529.9
529.9
529.9
529.9
529.9
529.9
529.9
529.9
529.9
529.9
529.9
529.9
529.9
529.9
529.9
529.9
529.9
529.9
529.9
529.9
529.9
529.9
529.9
529.9
529.9
529.9
529.9
529.9
529.9
529.9
529.9
529.9
529.9
529.9
437.996
437.996
437.996
437.996
437.996
437.996
437.996
508.245
508.245
472.025
472.025
458.616
458.616
458.616
458.616
440.128
440.128
436.82
436.82
436.82
436.615
436.615
436.615
436.615
436.615
436.615
436.615
489.037
489.037
463.106
463.106
463.106
463.106
463.106
463.106
440.74
440.74
458.64
457.019
437.103
437.103
437.103
436.718
436.718
436.718
436.718
436.609
439.191
436.756
436.689
436.59
436.59
436.59
436.59
436.59
436.519


1385.61
1348.9
1322.07
1276.59
1274.04
1247.82
1235.38
1235.08
1190.17
1176.17
1175.82
1175.81
1163.58
1163.58
1163.41
1163.05
1142.77
1119.04
1114.57
1101.57
1077.65
1142.94
1104.66
1100.09
1083.48
1078.78
1063.03
1052.6
1052.32
996.053
990.967
977.577
977.577
977.08
973.12
973.12
968.954
968.954
964.291
963.817
959.013
955.19
945.74
945.74
936.147
936.147
932.633
932.385
907.434
907.407
907.407
907.29
907.177
906.344
902.4
902.4
902.355
902.302
902.302
902.177
902.096
900.406
900.389
895.888
895.444
895.423
895.405
895.405
895.395
895.27
888.091
888.09
885.092
884.875
883.718
883.718
883.384
883.376
883.113
882.362
882.36
882.359
882.314
882.314
882.314
882.301
882.178
882.166
882.08
882.08
882.041
882.019
878.936
878.93
878.923
872.812
871.153
871.153
870.669
870.663
870.373
870.338
870.329
869.696
868.837
868.497
868.055
867.94
867.94
867.59
867.59
867.332
867.097
866.915
866.845
866.725
866.725
866.647
866.647
866.606
866.606
866.526
866.525
866.515
866.515
866.502
866.497
866.497
866.487
866.46
866.45
866.448
866.448
866.441
866.441
866.438
866.436
866.428
866.422
866.422
866.42
866.42
866.418
866.418
866.417
866.415
866.412
866.412
866.411
866.411
866.41
866.41
866.41
866.41
866.41
854.441
854.441
854.441
854.441
854.441
854.44
854.44
854.44
854.44
844.575
839.971
839.425
839.425
838.829
838.321
838.321
838.613
837.702
832.802
831.288
831.238
831.238
830.731
824.344
818.263
818.263
817.711
817.711
817.711
817.711
817.711
817.711
817.354
816.739
816.398
816.398
816.442
816.331
816.331
808.735
808.735
808.735
808.735
808.735
808.735
808.735
810.055
808.933
806.975
806.975
806.928
806.928
806.811
806.811
806.811
806.758
806.024
805.964
805.667
805.667
805.667
805.667
805.667
805.639
805.515
805.515
805.506
805.506
805.506
805.443
805.443
805.443
805.419
805.398
805.299
805.121
804.708
804.644
804.546
804.546
804.537
804.537
804.537
804.401
804.401
804.401
804.393
804.378
804.378
804.376
804.376
804.375
804.373
804.363
804.363
804.357
804.35
804.344
804.335
804.33
804.327
804.321
804.321
804.321
804.321
804.321
804.32
804.318
804.318
804.318
804.318
804.317
804.317
804.316
804.316
804.316
804.316
804.316
804.316
804.316
804.316
804.316
804.316
804.316
804.316
804.316
804.316
804.316
804.316
804.316
804.316
804.315
804.315
804.315
804.315
804.315
804.315
804.315
804.315
804.315
804.315
804.315
804.315
804.315
804.315
804.315
804.315
804.315
804.315
804.315
804.315
804.315
804.315
804.315
804.315
804.315
804.315
804.315
804.315
804.315
804.315
804.315
804.315
804.315
804.315
804.315
804.315
804.315
804.315
804.315
804.315
804.315
804.315
804.315
804.315
804.315
804.315
804.315
804.315
804.315
804.315
804.315
804.315
804.315
804.315
804.315
804.315
804.315
804.315
804.315
804.315
804.315
804.315
804.315
804.315
804.315
804.315
804.315
804.315
804.315
804.315
804.315
804.315
804.315
804.315
804.315
804.315
804.315
804.315
804.315
804.315
804.315
804.315
804.315
804.315
804.315
804.315
804.315
804.315
804.315
804.315
804.315
804.315
804.315
804.315
804.315
804.315
804.315
804.315
804.315
804.315
804.315
804.315
804.315
804.315
804.315
804.315
804.315
804.315
804.315
804.315
804.315
804.315
804.315
804.315
804.315
804.315
804.315
804.315
804.315
804.315
804.315
804.315
804.315
804.315
804.315
804.315
804.315
804.315
804.315
804.315
804.315
804.315
804.315
804.315
804.315
804.315
804.315
804.315
804.315
804.315
804.315
804.315
804.315
804.315
804.315
804.315
804.315
804.315
804.315
804.315
804.315
804.315
804.315
804.315
804.315
804.315
804.315
804.315
804.315
804.315
804.315
804.315
804.315
804.315
804.315
804.315
804.315
804.315
804.315
804.315
804.315
804.315
804.315
804.315
804.315
804.315
804.315
804.315
804.315
804.315
804.315
804.315
804.315
804.315
804.315
804.315
804.315
804.315
804.315
804.315
804.315
804.315
804.315
804.315
804.315
804.315
804.315
804.315
804.315
804.315
804.315
804.315
804.315
804.315
804.315
804.315
804.315
804.315
804.315
804.315
804.315
804.315
804.315
804.315


2058.7
1976.82
1885.15
1726.82
1691.22
1685.28
1685.28
1657.14
1657.14
1635.6
1635.6
1603.97
1603.97
1603.97
1603.97
1603.97
1603.64
1603.64
1603.64
1591.1
1582.86
1568.59
1554.67
1554.67
1529.79
1529.18
1520.78
1516.48
1513.23
1510.82
1509.46
1505.96
1504.98
1492.79
1466.65
1464.49
1464.46
1390.8
1390.64
1390.3
1390.28
1390.17
1390.14
1389.29
1389.29
1389.29
1389.09
1389.09
1388.86
1388.53
1388.5
1388.5
1388.49
1388.45
1388.4
1388.39
1388.28
1388.19
1388.19
1388.18
1388.18
1388.18
1388.17
1388.16
1388.16
1388.15
1388.15
1388.15
1388.15
1388.15
1388.15
1628.27
1413.89
1406.68
1406.68
1399.24
1394.95
1392.43
1391.64
1391.22
1390.17
1374.42
1373.29
1373.29
1370.07
1367.16
1365.04
1365.04
1365.03
1364.88
1364.88
1364.32
1363.89
1363.7
1363.42
1363.39
1360.34
1360.3
1360.17
1360.17
1359.71
1359.71
1359.71
1359.11
1359.11
1359.11
1359.03
1358.66
1358.03
1358.03
1358
1357.94
1357.86
1357.83
1338.75
1338.59
1338.41
1338.39
1338.39
1338.39
1338.35
1420.04
1326.63
1326.63
1326.62
1326.61
1326.61
1326.6
1326.6
1326.6
1326.6
1326.6
1326.59
1326.59
1310.92
1310.92
1310.85
1305.84
1305.84
1305.74
1303.35
1365.99
1303.33
1303.01
1302.88
1302.84
1302.76
1302.76
1302.71
1302.58
1302.58
1302.51
1302.42
1302.38
1302.38
1302.18
1302.12
1302.1
1302.06
1302.06
1301.84
1301.65
1301.64
1301.64
1296.54
1296.54
1296.54
1296.54
1296.53
1296.53
1296.53
1319.13
1299.31
1299.3
1297.78
1297.77
1297.77
1291.29
1286.59
1284.8
1284.07
1283.78
1283.66
1283.62
1283.6
1277.44
1277.44
1270.05
1270.05
1266.91
1266.91
1268.66
1267.84
1266.62
1262.69
1262.69
1262.69
1262.69
1262.69
1262.34
1262.34
1315.75
1291.38
1278.11
1278.11
1260.69
1260.69
1228.27
1228.27
1224.44
1224.44
1218.7
1218.7
1214.04
1214.04
1214.04
1214.04
1213.3
1213.28
1209.16
1201.16
1203.45
1198.84
1198.84
1198.84
1198.84
1195.65
1195.37
1194.98
1194.98
1194.23
1194.23
1193.65
1193.65
1193.65
1193.65
1193.54
1193.54
1193.54
1193.04
1192.86
1192.04
1191.33
1190.38
1190.38
1188.06
1188.06
1188.06
1187.95
1187.95
1187.84
1187.82
1187.82
1187.66
1187.66
1187.56
1187.51
1187.51
1187.46
1187.46
1187.39
1187.44
1187.39
1187.39
1187.37
1187.37
1187.34
1187.34
1187.34
1187.32
1187.32
1187.3
1187.3
1187.29
1187.29
1187.29
1187.29
1187.29
1187.29
1187.28
1187.28
1187.28
1187.28
1187.28
1187.28
1187.28
1187.28
1187.28
1187.28
1187.28
1187.28
1187.28
1187.27
1187.27
1187.27
1187.27
1187.27
1187.27
1174.4
1174.4
1174.4
1170.08
1168.81
1168.81
1168.81
1168.81
1168.8
1168.59
1168.59
1168.48
1167.48
1166.87
1166.87
1166.62
1166.62
1165.97
1165.94
1165.94
1165.87
1165.77
1165.77
1165.75
1165.75
1165.74
1165.73
1165.72
1165.72
1165.71
1165.7
1165.63
1165.6
1165.59
1165.59
1165.59
1165.59
1165.58
1165.57
1165.57
1165.55
1165.55
1165.54
1165.54
1165.54
1165.53
1165.53
1165.53
1165.53
1165.53
1165.53
1165.53
1165.53
1165.53
1165.53
1165.53
1165.53
1165.53
1165.53
1165.53
1165.53
1165.53
1165.53
1165.53
1165.53
1165.53
1165.53
1165.53
1165.53
1165.53
1165.53
1165.53
1165.53
1165.53
1165.53
1165.52
1165.52
1165.52
1165.52
1165.52
1165.52
1165.52
1165.52
1165.52
1165.52
1165.52
1165.52
1165.52
1165.52
1165.52
1165.52
1165.52
1165.52
1165.52
1165.52
1165.52
1165.52
1165.52
1165.52
1165.52
1165.52
1165.52
1165.52
1165.52
1165.52
1165.52
1165.52
1165.52
1165.52
1165.52
1165.52
1165.52
1165.52
1165.52
1165.52
1165.52
1165.52
1165.52
1165.52
1164.49
1163.81
1163.76
1163.6
1163.6
1163.6
1163.6
1163.39
1123.9
1123.86
1123.85
1123.77
1123.76
1123.74
1127.47
1127.45
1127.41
1127.36
1127.3
1127.23
1127.2
1127.2
1127.19
1127.17
1132.98
1132.86
1132.68
1132.53
1132.47
1125.08
1125.07
1125.05
1125.04
1125.04
1132.18
1129.3
1129.03
1129.01
1124
1116.93
1116.89
1116.86
1116.77
1116.77
1120.91
1120.72
1120.71
1120.6
1119.13
1119
1116.83
1116.32
1116.12
1116.12
1118.79
1115.39
1115.32
1114.59
1113.45
1111.16
1110.78
1110.12
1109.2
1108.84
1109.43
1107.42
1107.42
1107.39
1107.24
1107.22
1107.22
1107.19
1107.19
1107.19
1107.84
1107.73
1107.73
1107.73
1107.61
1107.57
1107.4
1106.27
1106.03


1845.87
1736.44
1706.14
1706.14
1659.19
1648.89
1648.89
1602.48
1587.93
1584.55
1584.55
1584.37
1584.37
1526.6
1526.6
1523.3
1508.48
1508.02
1488.51
1478.36
1478.36
1478.36
1478.36
1458.93
1458.93
1440.85
1414.28
1414.28
1358.16
1358.16
1345.76
1345.76
1345.6
1345.6
1345.6
1345.5
1345.5
1345.5
1345.5
1336.62
1336.62
1336.24
1332.05
1310.37
1310.37
1310.37
1302.31
1297.97
1297.97
1290.84
1286.68
1270.29
1270.21
1265.9
1255.65
1254.79
1250.72
1250.55
1217.6
1217.17
1213.89
1200.44
1200.33
1194.3
1194.3
1194.07
1193.59
1191.03
1189.83
1185.77
1185.77
1184.6
1178.46
1174.68
1174.45
1169.69
1169.69
1169.64
1168.5
1168.5
1168.03
1167.98
1167.96
1166.84
1166.8
1166.8
1166.72
1166.72
1166.15
1166.15
1166.07
1166.05
1165.71
1165.36
1165.36
1165.32
1165.15
1165.04
1165.04
1164.98
1164.92
1164.91
1164.86
1164.73
1164.73
1164.72
1164.72
1164.69
1164.68
1164.66
1164.64
1164.64
1164.64
1164.64
1164.64
1164.64
1164.64
1164.64
1164.64
1164.64
1164.64
1164.63
1164.63
1164.63
1164.63
1164.63
1164.63
1164.63
1164.63
1164.63
1142.49
1126.41
1126.41
1125.68
1125.68
1125.56
1125.41
1124.77
1124.77
1124.35
1123.31
1120.26
1119.9
1119.4
1119.4
1119.4
1119.4
1119.06
1118.88
1118.68
1118.68
1118.68
1118.68
1118.66
1118.66
1118.66
1118.63
1118.63
1118.63
1118.61
1118.61
1118.6
1118.6
1118.59
1118.59
1118.58
1118.58
1118.58
1118.57
1118.57
1118.57
1118.57
1118.57
1118.57
1118.56
1118.56
1118.56
1118.56
1118.56
1118.56
1118.56
1118.56
1118.56
1118.56
1118.56
1118.56
1118.56
1118.56
1118.56
1118.56
1118.56
1118.56
1118.56
1118.56
1118.56
1118.56
1118.56
1118.56
1118.56
1118.56
1118.56
1118.56
1118.56
1118.56
1118.56
1118.56
1118.56
1118.56
1118.56
1118.56
1118.56
1118.56
1118.56
1118.56
1118.56
1118.56
1118.56
1118.56
1118.56
1118.56
1118.56
1118.56
1118.56
1118.56
1118.56
1118.56
1118.56
1118.56
1118.56
1118.56
1118.56
1118.56
1118.56
1118.56
1118.56
1118.56
1118.56
1118.56
1118.56
1118.56
1118.56
1118.56
1118.56
1118.56
1118.56
1118.56
1118.56
1118.56
1118.56
1118.56
1118.56
1118.56
1118.56
1118.56
1118.56
1118.56
1118.56
1118.56
1118.56
1118.56
1118.56
1118.56
1118.56
1118.56
1118.56
1118.56
1118.56
1118.56
1118.56
1118.56
1118.56
1118.56
1118.56
1118.56
1118.56
1118.56
1118.56
1118.56
1118.56
1118.56
1118.56
1118.56
1118.56
1118.56
1118.56
1118.56
1118.56
1118.56
1118.56
1118.56
1118.56
1118.56
1118.56
1118.56
1118.56
1118.56
1118.56
1118.56
1118.56
1118.56
1118.56
1118.56
1118.56
1118.56
1118.56
1118.56
1118.56
1118.56
1118.56
1118.56
1118.56
1118.56
1118.56
1118.56
1118.56
1118.56
1118.56
1118.56
1118.56
1118.56
1118.56
1118.56
1118.56
1118.56
1118.56
1118.56
1118.56
1118.56
1118.56
1118.56
1118.56
1118.56
1118.56
1118.56
1118.56
1118.56
1118.56
1118.56
1118.56
1118.56
1118.56
1118.56
1118.56
1118.56
1118.56
1118.56
1118.56
1118.56
1118.56
1118.56
1118.56
1118.56
1118.56
1118.56
1118.56
1118.56
1118.56
1118.56
1118.56
1118.56
1118.56
1118.56
1118.56
1118.56
1118.56
1118.56
1118.56
1118.56
1118.56
1117.29
1116.96
1116.91
1116.91
1115.01
1115.01
1114.74
1114.68
1114.68
1114.67
1114.67
1114.59
1114.04
1113.97
1113.78
1113.78
1113.49
1113.38
1112.98
1112.98
1112.98
1112.86
1112.98
1112.89
1112.83
1112.75
1112.75
1112.72
1112.67
1112.67
1112.61
1112.56
1112.57
1112.54
1112.54
1112.53
1112.53
1112.53
1112.52
1112.52
1112.52
1112.52
1112.52
1112.51
1112.51
1112.5
1112.5
1112.5
1112.49
1112.48
1112.48
1112.47
1112.47
1112.47
1112.47
1112.47
1112.47
1112.47
1112.46
1112.46
1112.45
1112.45
1112.45
1112.45
1112.45
1112.45
1112.44
1112.44
1112.44
1112.44
1112.44
1112.44
1112.44
1112.44
1112.44
1112.44
1112.44
1112.44
1112.44
1112.44
1112.44
1112.44
1112.44
1112.44
1112.44
1112.44
1112.44
1112.44
1112.44
1112.44
1112.44
1112.44
1112.43
1112.43
1112.43
1112.43
1112.43
1112.43
1112.43
1112.43
1112.43
1112.43
1112.43
1112.43
1112.43
1112.43
1112.43
1112.43
1112.43
1112.4
1112.37
1112.37
1112.35
1112.35
1112.35
1112.35
1112.35
1112.35
1112.34
1112.34
1112.34
1112.34
1112.34
1112.34
1112.34
1112.34
1112.34
1112.34
1112.34
1112.34
1112.34


2001.15
1919.1
1819.48
1815.12
1815.12
1801.86
1801.86
1777.26
1743.41
1741.34
1699.62
1762.72
1726.13
1686.71
1653.02
1645.02
1639.31
1632.5
1603.11
1603.06
1603.06
1555.35
1555.35
1518.34
1518.34
1511.5
1508.89
1508.89
1477.14
1442.47
1442.26
1440.23
1425.31
1407.96
1379.41
1373.88
1373.72
1373.58
1364.21
1362.64
1359.28
1359.17
1345
1340.43
1340.43
1339.79
1337.68
1337.01
1335.02
1331.55
1330.96
1327.27
1326.36
1326.01
1325.5
1324.73
1324.66
1324.27
1323.82
1323.82
1323.59
1323.57
1321.9
1321.9
1315.86
1309.5
1309.46
1260.38
1251.42
1248.79
1248.78
1248.63
1248.39
1247.77
1247.76
1247.47
1247.01
1246.51
1245.15
1244.77
1244.77
1244.75
1244.65
1244.63
1244.62
1244.6
1244.6
1244.58
1244.58
1244.52
1244.52
1244.51
1244.48
1244.47
1244.47
1244.46
1244.46
1244.46
1244.46
1244.44
1244.44
1244.44
1244.43
1244.43
1244.43
1244.43
1244.43
1244.43
1244.43
1244.43
1244.43
1244.42
1244.42
1244.42
1244.42
1244.42
1244.42
1244.42
1244.42
1244.42
1244.42
1244.42
1244.42
1244.42
1244.42
1244.42
1244.42
1244.42
1244.42
1244.42
1244.42
1244.42
1244.42
1244.42
1244.42
1244.42
1244.42
1244.42
1244.42
1244.42
1244.42
1244.42
1244.42
1244.42
1244.42
1244.42
1241.87
1240.4
1240.4
1240.4
1240.4
1240.37
1240.26
1240.24
1240.24
1240.24
1240.24
1240.2
1240.19
1240.19
1240.19
1240.18
1240.14
1240.14
1240.14
1240.09
1240.09
1240.06
1240.06
1240.06
1240.06
1240.08
1240.08
1240.06
1240.06
1240.01
1240.01
1239.99
1239.99
1239.99
1239.97
1239.97
1239.96
1239.96
1239.96
1239.95
1239.95
1239.95
1239.95
1239.94
1239.93
1239.93
1239.92
1239.92
1239.92
1239.92
1239.92
1239.92
1239.92
1239.92
1239.92
1239.92
1239.91
1239.91
1239.91
1239.91
1239.91
1239.91
1239.91
1239.91
1239.91
1239.91
1239.91
1239.91
1239.91
1239.91
1239.91
1239.91
1239.91
1239.91
1239.91
1239.91
1239.91
1239.91
1239.91
1239.91
1239.91
1239.91
1239.91
1239.91
1239.91
1239.91
1239.91
1239.91
1239.91
1239.91
1239.91
1239.91
1239.91
1239.91
1239.91
1239.91
1239.91
1239.91
1239.91
1239.91
1239.91
1239.91
1239.91
1239.91
1239.91
1239.91
1239.91
1239.91
1239.91
1239.91
1239.91
1239.91
1239.91
1239.91
1239.91
1239.91
1239.91
1239.91
1239.91
1239.91
1239.91
1239.91
1239.91
1239.91
1239.91
1239.91
1239.91
1239.91
1239.91
1239.91
1239.91
1239.91
1239.91
1239.91
1239.91
1239.91
1239.91
1239.91
1239.91
1239.91
1239.91
1239.91
1239.91
1239.91
1239.91
1239.91
1239.91
1239.91
1239.91
1239.91
1239.91
1239.91
1239.91
1239.91
1239.91
1239.91
1239.91
1239.91
1239.91
1239.91
1239.91
1239.91
1239.91
1239.91
1239.91
1239.91
1239.91
1239.91
1239.91
1239.91
1239.91
1239.91
1239.91
1239.91
1239.91
1239.91
1239.91
1239.91
1239.91
1239.91
1239.91
1239.91
1239.91
1239.91
1239.91
1239.91
1239.91
1239.91
1239.91
1239.91
1239.91
1239.91
1239.91
1239.91
1239.91
1239.91
1239.91
1239.91
1239.91
1239.91
1239.91
1239.91
1239.91
1239.91
1239.91
1239.91
1239.91
1239.91
1239.91
1239.91
1239.91
1239.91
1239.91
1239.91
1239.91
1239.91
1239.91
1239.91
1239.91
1239.91
1239.91
1239.91
1239.91
1239.91
1239.91
1239.91
1239.91
1239.91
1239.91
1239.91
1239.91
1239.91
1239.91
1239.91
1239.91
1239.91
1239.91
1239.91
1239.91
1239.91
1239.91
1239.91
1239.91
1239.91
1239.91
1239.91
1239.91
1239.91
1239.91
1239.91
1239.91
1239.91
1239.91
1239.91
1239.91
1239.91
1239.91
1239.91
1239.91
1239.91
1239.91
1239.91
1239.91
1239.91
1239.91
1239.91
1239.91
1239.91
1239.91
1239.91
1239.91
1239.91
1239.91
1239.91
1239.91
1239.91
1239.91
1239.91
1239.91
1239.91
1239.91
1239.91
1239.91
1239.91
1239.91
1239.91
1239.91
1239.91
1239.91
1239.91
1239.91
1239.91
1239.91
1239.91
1239.91
1239.91
1239.91
1239.91
1239.91
1239.91
1239.91
1239.91
1239.91
1239.91
1239.91
1239.91
1239.91
1239.91
1239.91
1239.91
1239.91
1239.91
1239.91
1239.91
1239.91
1239.91
1239.91
1239.91
1239.91
1239.91
1239.91
1239.91
1239.91
1239.91
1239.91
1239.91
1239.91
1239.91
1239.91
1239.91
1239.91
1239.91
1239.91
1239.91
1239.91
1239.91
1239.91
1239.91
1239.91
1239.91
1239.91
1239.91
1239.91
1239.91
1239.91
1239.91
1239.91
1239.91
1239.91
1239.91
1239.91
1239.91
1239.91
1239.91


1329.89
1288.56
1280.71
1252.64
1188.88
1186.87
1166.59
1166.54
1129.12
1129.12
1128.81
1138.71
1135.42
1133.3
1113.5
1113.5
1101.02
1086.03
1071.07
1070.96
1070.96
1066.05
1060
1056.59
1038.14
1038.13
1031.82
1031.82
1028.52
1024.94
1024.12
1017.75
1017.75
1006.45
1001.76
1000.87
996.17
996.17
996.119
993.353
992.576
992.794
991.932
991.811
991.647
991.185
990.646
975.425
975.137
971.159
969.977
966.961
953.716
937.756
937.603
926.699
918.983
901.684
901.684
898.005
898.005
935.622
912.116
911.077
911.077
904.698
903.664
902.879
888.123
887.341
887.341
881.043
881.043
880.554
879.491
877.235
877.235
877.235
876.767
872.276
872.276
872.594
872.594
867.821
864.305
863.767
863.125
861.745
861.579
860.773
860.523
860.329
860.28
860.126
860.101
859.807
859.224
858.961
858.926
858.009
857.606
857.514
857.514
857.474
857.236
857.215
857.027
857.011
856.97
856.943
856.882
856.749
856.507
856.112
855.78
855.78
855.745
855.736
855.735
855.731
855.728
855.702
855.702
855.681
855.513
855.51
855.51
855.451
855.418
855.398
855.379
855.399
855.392
855.385
855.377
855.362
855.36
855.36
855.352
855.347
855.346
855.345
855.333
855.327
855.316
855.316
855.315
855.315
855.315
855.312
855.311
855.31
855.31
855.31
855.31
855.31
855.309
855.309
855.309
855.309
855.309
855.309
855.309
855.309
855.309
855.309
855.309
855.309
855.309
855.309
855.309
855.309
855.309
855.309
855.309
855.309
855.309
855.309
855.309
855.309
855.309
855.309
855.309
855.309
855.309
855.309
855.309
855.309
855.309
855.309
855.309
855.309
855.309
855.309
855.309
855.309
855.309
855.309
855.309
855.309
855.309
855.309
855.309
855.309
855.309
855.309
855.309
855.309
855.309
855.309
855.309
855.309
855.309
855.309
855.309
855.309
855.309
855.309
855.309
855.309
855.309
855.309
855.309
855.309
855.309
855.309
855.309
855.309
855.309
855.309
855.309
855.309
855.309
855.309
855.309
855.309
855.309
855.309
855.309
855.309
855.309
855.309
855.309
855.309
855.309
855.309
855.309
855.309
855.309
855.309
855.309
855.309
855.309
855.309
855.309
855.309
855.309
855.309
855.309
855.309
855.309
855.309
855.309
855.309
855.309
855.309
855.309
855.309
855.309
855.309
855.309
855.309
855.309
855.309
855.309
855.309
855.309
855.309
855.309
855.309
855.309
855.309
855.309
855.309
855.309
855.309
855.309
855.309
855.309
855.309
855.309
855.309
855.309
855.309
855.309
855.309
855.309
855.309
855.309
855.309
855.309
855.309
855.309
855.309
855.309
855.309
855.309
855.309
855.309
855.309
855.309
855.309
855.309
855.309
855.309
855.309
855.309
855.309
855.309
855.309
855.309
855.309
855.309
855.309
855.309
850.706
848.052
847.834
847.834
847.834
847.834
847.834
847.236
846.89
846.821
846.821
846.821
846.821
846.815
846.803
845.199
844.352
843.18
843.18
842.995
842.995
841.854
841.854
841.854
841.685
841.524
841.524
841.524
841.524
841.508
841.498
841.498
841.468
841.449
841.44
841.409
841.394
841.386
841.363
841.325
841.312
841.294
841.277
841.272
841.271
841.271
841.265
841.261
841.253
841.253
841.241
841.226
841.215
841.209
840.534
840.534
840.534
840.534
840.534
840.534
840.534
840.253
839.883
839.883
839.883
839.405
839.383
838.164
838.162
837.869
837.848
837.848
837.673
837.588
837.577
837.566
837.325
837.245
837.225
837.21
837.199
837.195
837.182
837.164
837.158
837.156
837.147
837.135
837.135
837.124
837.119
837.111
837.109
837.109
837.105
837.105
837.082
837.08
837.08
837.078
837.077
837.069
837.066
837.066
837.066
837.065
837.065
837.065
837.059
837.049
837.043
837.041
837.038
837.038
837.038
837.037
837.036
837.03
837.027
837.026
837.025
837.022
837.021
837.018
837.017
837.016
837.016
837.006
837.003
837.003
836.995
836.995
836.995
836.994
836.994
836.993
836.994
836.994
836.993
836.993
836.992
836.992
836.992
836.992
836.992
836.991
836.99
836.99
836.99
836.989
836.989
836.989
836.989
836.989
836.989
836.989
836.989
836.989
836.988
836.988
836.988
836.988
836.988
836.988
836.988
836.988
836.988
836.988
836.988
836.988
836.988
836.988
836.988
836.988
836.988


1072.64
1072.56
1035.36
1010.84
1010.84
969.907
955.583
950.305
935.272
919.556
919.535
906.638
889.909
887.716
847.618
847.618
847.618
844.057
840.221
840.221
840.221
840.133
839.766
833.207
833.129
832.422
826.244
822.61
818.676
812.252
812.247
812.085
810.541
798.288
798.288
796.655
796.076
795.765
795.74
787.901
773.611
764.824
764.824
764.75
760.083
760.083
758.697
758.655
757.423
756.983
756.642
756.018
752.077
750.073
749.025
747.892
747.862
746.66
745.043
744.914
744.914
744.581
744.287
744.287
744.205
744.205
744.007
743.846
741.517
741.497
741.299
741.799
739.718
739.718
739.622
739.622
739.612
739.323
738.663
727.838
727.686
727.676
726.508
726.351
725.284
725.087
724.315
722.768
722.768
722.657
722.272
722.165
722.079
721.668
721.462
721.029
720.955
720.902
720.613
720.549
720.289
720.288
720.173
720.173
720.172
720.16
720.16
720.144
720.113
720.113
720.11
720.11
720.11
720.102
720.098
720.098
720.089
720.089
720.088
720.088
720.086
720.086
720.086
720.083
720.083
720.083
720.082
720.082
720.082
720.081
720.081
720.081
720.081
720.081
720.081
720.081
720.081
720.081
720.081
720.081
720.081
720.081
720.081
720.081
720.081
720.081
720.081
720.081
720.081
720.081
720.081
720.081
720.081
720.081
720.081
720.081
720.081
720.081
720.081
720.081
720.081
720.081
720.081
720.081
720.081
720.081
720.081
720.081
720.081
720.081
720.081
720.081
720.081
720.081
720.081
720.081
720.081
720.081
720.081
720.081
720.081
720.081
720.081
720.081
720.081
720.081
720.081
720.081
720.081
720.081
720.081
720.081
720.081
720.081
720.081
720.081
720.081
720.081
720.081
720.081
720.081
720.081
720.081
720.081
720.081
720.081
720.081
720.081
720.081
720.081
720.081
720.081
720.081
720.081
720.081
720.081
720.081
720.081
720.081
720.081
720.081
720.081
720.081
720.081
720.081
720.081
720.081
720.081
720.081
720.081
720.081
720.081
720.081
720.081
720.081
720.081
720.081
720.081
720.081
720.081
720.081
720.081
720.081
720.081
720.081
720.081
720.081
720.081
720.081
720.081
720.081
720.081
720.081
720.081
720.081
720.081
720.081
720.081
720.081
720.081
720.081
720.081
720.081
720.081
720.081
720.081
720.081
720.081
720.081
720.081
720.081
720.081
719.804
719.804
719.804
719.804
719.804
719.804
719.804
719.511
719.511
724.843
718.767
718.767
718.767
718.767
718.767
718.423
717.482
717.249
717.191
717.174
717.168
717.166
717.165
716.602
716.602
716.602
716.602
716.602
716.6
716.6
716.6
716.6
716.599
712.733
712.733
712.733
712.733
712.733
711.461
710.515
707.55
707.55
707.55
707.059
706.392
706.113
705.574
705.574
705.574
705.741
705.741
704.167
704.167
704.167
704.081
704.081
704.081
704.081
704.081
703.965
703.965
703.925
703.925
703.925
703.925
703.925
703.925
703.905
703.896
703.895
703.895
703.895
703.893
703.891
703.89
703.89
703.89
703.89
703.889
703.889
703.889
703.676
703.676
703.676
703.676
703.667
703.667
703.473
703.402
703.301
703.212
703.156
703.156
703.156
703.15
703.147
703.13
703.13
703.077
703.062
702.977
702.977
702.949
702.893
702.838
702.807
702.791
702.763
702.763
702.733
702.733
702.721
702.717
702.715
702.709
702.698
702.689
702.683
702.666
702.659
702.65
702.623
702.608
702.598
702.542
702.503
702.503
702.431
702.353
702.316
702.316
702.316
702.309
702.301
702.287
702.208
702.182
702.172
702.172
702.285
702.163
702.163
702.163
702.163
702.163
702.163
702.053
702.042
701.947
701.909
701.909
701.909
701.891
701.891
701.875
701.865
701.841
701.841
701.841
701.837
701.837
701.837
701.835
701.822
701.8
701.792
701.777
701.767
701.762
701.761
701.76
701.757
701.738
701.737
701.737
701.728
701.721
701.716
701.716
701.715
701.715
701.714
701.713
701.711
701.711
701.711
701.711
701.708
701.706
701.707
701.705
701.704
701.704
701.704
701.703
701.703
701.703
701.703
701.702
701.702
701.702
701.702
701.701
701.7
701.7
701.7
701.697
701.696
701.696
701.696
701.694
701.693
701.692
701.692
701.691
701.69
701.688
701.688
701.688
701.687
701.686
701.686
701.686
701.685
701.685
701.476
700.885
700.681


1043.63
1023.48
1023.48
1017.81
968.491
953.597
953.597
933.737
933.737
916.589
865.507
860.79
860.79
835.823
829.833
813.882
813.882
796.664
796.559
794.941
780.479
790.261
782.548
779.179
778.142
770.153
768.084
766.283
763.115
760.963
755.072
754.463
752.687
749.88
749.383
749.147
748.3
748.3
747.868
747.192
746.826
746.821
746.727
746.361
746.221
746.089
745.931
745.852
745.748
745.748
745.689
745.628
745.614
745.614
745.588
745.561
745.516
745.499
745.499
745.498
745.487
745.481
745.48
745.476
745.476
745.472
745.471
745.462
745.456
745.028
745.025
744.126
741.142
741.141
741.138
741.138
740.772
740.772
740.772
740.772
740.772
740.772
740.712
740.422
739.959
739.959
739.959
739.719
739.719
739.66
739.66
739.884
739.872
739.601
739.601
739.601
739.601
739.601
739.598
739.467
739.467
739.467
739.43
739.378
739.357
736.633
734.037
734.022
734.021
734.008
733.964
733.964
733.956
733.952
733.943
733.941
733.917
733.894
733.856
733.215
732.984
732.589
732.144
730.975
724.921
723.97
722.038
722.038
721.941
721.869
721.785
721.64
721.237
720.397
719.858
719.13
719.051
718.743
716.91
716.866
716.429
716.341
716.278
716.195
716.192
716.13
716.085
716.028
716.023
716.013
715.997
715.971
715.965
715.956
715.937
715.935
715.904
715.891
715.889
715.888
715.884
715.881
715.875
714.936
714.934
714.931
714.931
713.477
712.788
712.785
712.545
714.153
714.153
714.153
712.951
711.91
711.452
711.284
711.249
711.249
710.942
710.723
710.574
710.471
710.401
708.427
708.427
706.704
706.704
706.217
706.217
706.217
706.217
706.217
706.217
706.051
705.237
704.054
702.147
702.147
702.147
702.532
701.906
701.845
701.845
701.543
701.33
701.229
701.182
700.742
700.614
700.614
700.553
700.322
699.969
699.782
699.782
699.782
699.587
699.417
699.417
699.16
698.949
698.857
698.685
698.413
698.054
697.572
697.332
697.21
697.076
696.611
696.191
695.997
695.908
695.524
695.069
694.965
694.965
694.965
694.962
694.962
694.941
694.926
694.914
694.912
694.892
694.882
694.876
694.865
694.824
694.778
694.776
694.776
694.761
694.755
694.749
694.749
694.606
694.08
693.945
693.701
693.375
693.375
693.375
693.375
693.375
693.354
693.354
693.346
693.336
693.328
693.328
693.326
693.279
693.279
693.234
693.234
693.234
693.211
693.155
693.134
693.121
693.068
693.063
693.063
693.03
693.023
693.016
693.015
693.011
693.011
693.011
693.011
693.011
693.011
693.01
693.01
693.009
692.998
692.988
692.987
692.987
692.979
692.975
692.967
692.956
692.956
692.956
692.956
692.954
692.95
692.948
692.948
692.947
692.945
692.94
692.939
692.937
692.935
692.934
692.931
692.931
692.931
692.931
692.93
692.93
692.926
692.926
692.921
692.916
692.916
692.916
692.916
692.916
692.916
692.914
692.914
692.914
692.914
692.914
692.914
692.914
692.913
692.913
692.913
692.913
692.913
692.913
692.913
692.913
692.913
692.913
692.913
692.913
692.913
692.911
692.911
692.911
692.91
692.91
692.91
692.91
692.91
692.91
692.91
692.91
692.91
692.91
692.91
692.91
692.909
692.909
692.909
692.909
692.909
692.909
692.909
692.909
692.909
692.909
692.909
692.909
692.909
692.909
692.909
692.909
692.909
692.909
692.909
692.909
692.909
692.909
692.909
692.909
692.909
692.909
692.909
692.909
692.909
692.908
692.909
692.908
692.908
692.908
692.908
692.908
692.908
692.908
692.908
692.908
692.908
692.908
692.908
692.908
692.908
692.908
692.908
692.908
692.908
692.908
692.908
692.908
692.908
692.155
692.155
692.155
692.155
692.155
692.155
692.155
689.466
689.466
686.914
686.914
686.914
686.914
686.914
686.873
686.873
686.873
692.389
688.26
686.391
686.361
686.361
686.323
686.323
686.323
686.323
686.322
686.322
686.322
686.322
686.322
686.322
686.322
686.322
686.322
686.322
686.322
686.322
686.322
686.322
669.678
669.678
669.678
669.678
667.715
667.715
667.715
667.733
666.889
666.889
666.889
666.889
666.122
665.994
665.994
665.989
665.019
665.421
664.917
664.914
664.914
664.914
664.914
664.914
664.673
664.508
642.046
641.355
638.414
638.246
598.598
589.618
588.605
582.926
573.102
573.102


1143.78
1051.81
1039.25
1039.25
1039.25
1039.25
1006.13
986.074
986.074
961.568
961.568
951.995
951.995
951.991
932.11
932.068
932.068
917.032
917.032
916.722
916.722
916.548
904.526
873.536
866.772
866.772
866.772
862.169
854.963
851.83
850.086
848.905
847.675
845.076
843.74
840.99
840.99
831.908
823.693
823.693
823.333
817.777
814.995
810.269
807.801
807.801
807.546
801.227
800.051
794.325
794.325
792.338
792.338
791.965
791.703
783.851
781.032
781.032
780.987
780.785
778.482
777.403
776.999
776.927
768.973
768.388
768.221
766.589
764.846
760.562
760.452
760.52
760.52
758.83
755.919
755.702
755.134
753.143
752.581
752.298
752.298
752.298
752.044
751.929
743.306
743.192
740.691
740.691
740.588
740.546
737.065
733.282
733.275
733.012
733.012
732.436
732.436
732.43
728.761
727.295
726.736
726.732
726.726
724.681
724.681
722.827
721.048
720.448
720.086
719.081
719.081
719.072
719.071
719.037
719.037
718.937
718.927
718.874
718.853
718.84
718.731
718.644
718.644
718.636
718.636
718.605
718.605
718.583
718.578
718.578
718.568
718.528
718.447
718.416
718.368
718.368
718.34
718.32
718.315
718.312
718.312
718.265
718.265
718.259
718.259
718.255
718.255
718.255
718.252
718.251
718.251
718.249
718.249
718.242
718.242
718.24
718.24
718.239
718.239
718.239
718.238
718.238
718.238
718.238
718.238
718.237
718.237
718.237
718.237
718.236
718.236
718.236
718.236
718.236
718.236
718.236
718.236
718.236
718.236
718.236
718.236
718.236
718.236
718.236
718.236
718.236
718.236
718.236
718.236
718.236
718.236
718.236
718.236
718.236
718.236
718.236
718.236
718.236
718.236
718.236
718.236
718.236
718.236
718.236
718.236
718.236
718.236
710.303
709.762
709.762
709.74
709.735
709.734
709.734
709.734
709.734
707.178
702.915
702.406
702.349
702.349
702.32
702.32
702.316
702.315
702.314
702.314
702.314
702.314
702.308
702.285
702.283
702.283
702.281
702.272
702.269
702.269
702.268
702.267
702.263
702.25
702.175
702.155
702.155
702.154
702.148
702.057
702.006
701.978
701.964
701.914
701.663
701.663
701.647
701.645
701.643
701.638
701.635
701.632
701.629
701.629
701.631
701.625
701.622
701.622
701.621
701.621
701.621
701.621
701.62
701.619
701.619
701.619
689.44
569.945
529.766
526.716
526.716
524.832
511.171
488.947
486.524
480.817
480.817
480.787
475.466
473.768
470.215
464.599
456.812
445.109
444.523
444.523
432.671
432.671
430.118
430.118
420.591
420.591
420.591
420.591
413.687
413.097
412.572
412.572
411.328
411.328
408.293
407.727
407.727
405.66
406.309
405.769
405.769
404.902
404.825
404.542
404.389
403.907
403.228
403.228
403.177
402.962
402.962
402.927
402.52
402.398
402.398
402.364
402.26
402.253
402.03
401.917
401.857
401.724
401.667
401.635
401.534
401.5
401.431
401.431
401.409
401.405
401.383
401.38
401.38
401.351
401.351
401.351
401.34
401.335
401.334
401.324
401.32
401.318
401.316
401.311
401.31
401.308
401.302
401.298
401.298
401.293
396.584
396.583
394.384
394.383
394.381
394.378
394.378
393.167
393.167
392.56
391.897
391.896
391.387
391.368
391.368
390.471
388.94
388.084
302.709
293.636
271.877
251.392
251.391
235.531
224.899
215.894
214.905
214.905
214.806
190.784
190.784
183.49
183.49
154.601
140.089
140.089
136.871
136.441
137.233
134.416
130.959
128.66
128.66
128.285
118.057
118.057
110.973
106.754
107.415
107.355
102.648
89.2524
87.9244
86.8842
78.7122
78.7122
78.2007
78.2007
77.6483
77.6483
77.6483
70.9973
70.6367
70.6367
68.6555
68.4892
67.2404
63.8918
63.6657
63.6657
63.6657
63.4685
63.4685
63.4685
63.3841
62.8736
62.8736
62.8736
62.2396
61.5269
60.5663
60.4441
60.4441
60.2544
60.1487
59.9526
59.9526
59.8848
59.6172
59.4887
59.2121
58.8294
58.8294
58.7607
58.6457
58.6457
58.6457
58.6201
58.5648
58.5648
58.4842
58.4442
58.4007
58.4007
58.3512
58.2949
58.2949
58.2949
58.3082
58.2283
58.2268
58.201
58.2002
58.1586
58.1462
58.0683
58.0176
58.0176
58.0128
58.0128
58.0089
58.0089
57.9688
57.968
57.968
57.968
57.9474
57.9467
57.9355
57.934
57.9308
57.9308
57.9281
57.9206
57.9206
57.9206
57.9206


1216.01
1148.91
1105.62
1051.38
1041.48
1041.48
1028.64
1028.64
1028.63
1028.63
1028.63
1018.3
1001.87
1001.84
1001.84
992.141
992.141
962.849
960.977
960.794
947.303
947.303
943.95
929.016
914.21
914.21
914.21
913.058
912.731
903.908
903.908
898.182
898.182
897.867
893.902
893.862
891.236
891.236
888.095
886.838
881.157
878.966
875.076
873.901
873.901
872.771
872.707
872.117
870.593
870.476
869.943
869.84
869.294
869.136
863.852
863.64
863.639
859.54
859.54
859.54
859.54
859.53
858.174
857.413
854.321
849.72
849.702
849.696
849.692
849.692
849.689
849.687
849.685
849.685
849.685
849.683
847.692
846.605
842.989
841.639
840.116
851.043
842.03
841.39
840.911
829.777
828.434
828.434
828.434
828.434
827.85
828.1
828.1
827.8
827.417
826.931
826.267
826.267
824.2
823.578
823.215
823.117
823.067
822.467
822.122
821.927
821.785
821.345
819.834
819.79
819.769
819.407
819.301
816.859
816.855
816.855
816.797
815.872
815.872
814.408
814.397
813.904
812.816
812.816
812.717
812.717
812.678
812.678
812.583
812.31
812.309
811.909
811.904
811.904
811.795
811.718
811.715
811.653
811.653
811.34
811.292
811.282
811.156
811.156
811.123
811.12
811.1
806.728
806.728
806.728
806.727
804.838
800.152
800.152
800.152
800.152
800.152
793.937
791.762
790.535
788.706
787.747
787.692
786.539
783.938
783.938
769.954
769.954
769.954
768.705
765.932
765.932
754.6
754.6
754.6
754.6
754.6
754.6
754.6
754.6
753.922
767.967
754.104
749.008
749.008
749.007
749.007
749.007
747.345
746.424
746.173
744.94
742.509
742.509
742.288
742.286
742.273
742.223
741.956
741.947
741.935
738.75
734.912
734.908
734.713
733.958
733.92
733.868
733.862
733.768
733.462
733.241
733.149
733.079
732.964
732.964
732.844
732.844
732.83
732.818
732.772
732.776
732.763
732.754
732.753
732.751
732.743
732.737
732.732
732.731
732.73
732.73
732.729
732.721
732.721
732.72
732.72
732.719
732.718
732.718
732.717
732.717
732.716
732.716
732.715
732.715
732.715
732.715
732.715
732.715
732.715
732.715
732.715
732.715
732.715
732.715
732.714
732.714
732.714
549.735
549.735
545.814
545.814
517.203
505.497
505.497
493.357
493.357
493.357
493.357
488.732
481.936
472.431
472.431
471.962
471.962
467.985
467.985
464.094
462.348
462.348
462.015
460.952
459.048
458.518
457.496
456.622
456.158
455.352
452.443
449.859
449.458
447.554
446.385
446.385
445.09
445.09
445.09
444.381
444.381
444.242
444.049
444.049
443.916
443.6
443.401
443.401
443.343
443.03
442.559
442.559
442.559
442.365
442.365
442.284
441.718
441.473
441.473
441.473
441.415
441.415
441.324
441.324
441.269
439.702
433.701
433.672
432.481
431.305
431.153
431.139
431.137
431.101
431.045
430.973
430.954
430.94
430.594
430.581
430.539
430.517
430.479
430.348
430.347
430.233
429.844
429.844
429.841
429.605
429.581
429.579
429.579
429.547
429.453
429.341
429.296
429.229
429.141
429.035
429.003
428.842
428.835
428.811
428.68
428.639
428.479
428.476
428.443
428.329
428.314
428.314
428.321
428.321
428.313
428.302
428.302
428.301
428.298
428.297
428.294
428.288
428.285
428.283
428.279
428.278
428.278
428.277
428.272
428.269
428.269
428.266
428.262
428.258
428.255
428.255
428.255
428.25
428.25
428.247
428.247
428.247
428.246
428.245
428.245
428.245
428.245
428.244
428.243
428.242
428.241
428.241
428.241
428.241
428.241
428.241
428.241
428.241
428.241
428.241
428.241
428.241
428.241
428.241
428.241
428.241
428.241
428.241
428.241
428.241
428.241
428.241
428.241
428.241
428.241
428.241
428.241
428.241
428.241
428.241
428.241
428.241
428.24
428.24
428.24
428.24
428.24
428.24
428.24
428.24
428.24
428.24
428.24
428.24
428.24
428.24
428.24
428.24
428.24
428.24
406.966
404.56
403.463
403.02
402.629
402.349
402.219
402.214
402.166
402.013
401.146
401.146
401.032
401.025
401.016
401.012
400.977
400.968
400.968
400.966
400.965
400.965
400.963
400.962
400.962
400.96
400.959
400.959
400.959
400.958
400.958
400.958
400.958
400.958
400.958
400.958
400.958
400.958
400.958
400.958
400.958


1124.9
1075.44
1054.31
1049.2
1049.2
1022.22
992.086
961.669
961.589
961.527
959.835
954.585
952.381
918.521
908.541
908.541
908.541
908.16
905.621
882.009
876.18
856.09
856.09
855.987
840.578
840.578
840.075
840.075
839.876
834.642
826.305
837.242
827.746
824.594
821.166
818.438
816.28
816.28
806.131
801.896
801.563
796.136
793.919
793.439
793.439
793.02
781.218
780.296
779.509
777.631
777.631
777.596
777.191
776.304
775.479
775.479
775.179
774.618
774.257
768.446
766.587
755.803
755.279
754.007
753.491
753.14
752.479
751.953
751.953
751.904
751.643
751.499
751.406
751.4
751.323
750.964
750.778
750.77
750.691
750.691
750.645
750.627
750.541
750.531
750.508
750.508
750.5
750.495
750.474
750.47
750.465
750.463
750.46
750.458
750.457
750.457
750.454
750.448
750.446
750.446
750.446
750.443
750.443
750.442
750.441
750.441
750.441
750.44
747.958
747.958
747.958
743.462
743.462
743.462
743.462
743.462
743.46
743.433
743.366
743.318
743.299
743.285
743.266
743.266
743.228
743.191
743.167
743.143
743.06
743.043
743.015
743.013
743.013
742.976
742.976
742.976
742.973
742.973
742.969
742.96
742.96
742.96
742.958
742.956
742.956
742.956
742.955
742.955
742.955
742.955
742.955
742.954
742.954
742.954
742.954
742.954
742.954
742.954
742.954
742.954
742.954
742.954
742.954
742.954
742.954
742.954
742.954
742.954
742.954
742.954
742.954
742.954
742.954
742.954
742.954
742.954
742.954
742.954
742.954
742.954
742.954
742.954
742.954
742.954
742.954
742.954
742.954
742.954
742.954
742.954
742.954
742.954
742.954
742.954
742.954
742.954
742.954
742.954
742.954
742.954
742.954
742.954
742.954
742.954
742.954
742.954
742.954
742.954
742.954
742.954
742.954
742.954
742.954
742.954
742.954
742.954
742.954
742.954
742.954
742.954
742.954
741.336
741.336
741.336
741.336
741.336
735.288
730.647
730.647
730.647
730.257
728.438
726.884
726.88
726.88
726.786
726.786
726.786
726.644
725.865
725.721
725.721
725.707
725.338
718.837
718.837
718.31
717.992
717.663
716.996
716.918
716.918
716.701
716.572
716.012
716.012
715.927
715.927
715.927
715.881
715.881
715.845
715.773
715.773
715.693
715.637
715.594
715.564
715.54
715.523
715.511
715.511
715.502
715.477
715.477
715.447
715.444
715.427
715.427
715.427
715.423
715.421
715.421
715.417
715.416
715.416
715.415
715.415
715.415
715.414
715.409
715.411
715.41
715.408
715.408
715.408
715.408
715.408
715.408
715.408
715.407
715.407
715.407
715.407
715.407
715.407
715.407
715.407
715.407
715.407
715.407
715.407
715.407
715.407
715.407
715.407
715.407
715.407
715.407
715.407
715.407
715.407
715.407
715.407
715.407
715.407
715.407
715.407
715.407
715.407
706.951
706.951
706.95
706.949
706.949
706.927
706.908
706.709
706.653
706.616
706.594
706.553
706.536
706.535
706.52
706.489
706.469
706.463
706.461
702.936
702.936
728.156
704.203
701.311
700.995
700.993
700.992
700.672
700.605
700.605
700.464
700.38
700.38
700.38
700.379
700.379
700.215
699.356
699.356
699.276
694.045
684.426
684.426
684.426
684.426
684.426
684.426
684.426
684.426
684.426
684.426
684.426
672.809
672.809
672.809
672.809
672.809
632.52
583.714
583.714
583.714
605.849
585.797
576.444
576.444
576.444
576.444
576.444
575.486
575.486
575.486
586.913
576.729
576.729
575.923
575.923
573.803
572.289
571.529
571.165
570.946
570.814
570.742
570.701
570.676
570.66
570.65
570.644
570.64
570.637
570.635
570.634
570.633
570.633
570.632
570.632
570.632
570.632
570.632
570.632
570.632
570.632
556.587
556.587
556.587
550.945
550.945
549.317
549.317
549.317
549.317
566.365
566.365
566.365
551.001
551.001
551.001
551.001
551.001
549.074
549.074
549.644
548.976
548.976
548.976
523.281
523.281
523.281
523.281
523.281
520.734
656.491
519.653
519.653
510.421
510.375
510.313
510.313
510.286
510.286
510.273
509.609
509.477
509.399
509.366
508.963
508.147
507.706
507.468
507.354
507.278
507.233
507.208
507.177
507.164
507.158
507.151
507.149
507.142
507.142
507.141
507.141
507.14
507.14
506.659
506.388
506.342
506.334
506.332
506.331


1108.27
1018.86
1010.13
944.592
944.592
944.512
920.056
920.056
906.852
906.852
906.852
978.057
931.367
926.125
904.526
904.526
903.785
889.248
889.248
882.934
882.934
878.016
874.569
856.21
856.21
856.21
856.21
845.165
837.605
835.277
829.89
832.365
832.353
832.353
817.099
817.099
815.727
812.19
811.589
805.963
805.802
804.696
800.675
791.964
791.07
791.07
788.269
788.269
786.681
785.193
784.818
784.818
777.472
777.282
776.665
775.605
775.605
775.419
774.575
772.092
771.931
771.328
771.328
769.586
769.231
769.186
769.118
768.618
768.583
768.256
768.03
767.965
767.709
767.614
767.577
767.577
767.517
767.517
767.483
767.483
767.476
767.444
767.123
767.12
766.238
765.643
765.643
765.641
764.488
764.488
764.166
764.357
764.356
764.34
764.094
764.004
764.004
763.982
763.946
763.766
763.766
763.766
763.584
763.583
763.215
763.215
763.214
763.214
763.199
763.199
763.158
763.212
763.134
763.134
763.134
763.113
763.105
763.095
763.095
763.072
763.047
763.042
763.04
763.04
763.04
763.04
763.04
763.039
763.039
763.038
763.038
762.432
762.282
762.202
762.202
762.202
762.202
762.202
762.107
761.797
758.932
802.971
761.611
760.042
760.039
760.01
760.01
760.01
759.99
751.236
750.413
755.995
755.995
748.12
746.72
746.58
746.58
746.58
746.486
745.175
743.894
743.893
743.893
743.893
743.536
743.188
743.181
743.178
743.177
742.52
741.822
741.01
738.469
737.162
737.162
736.647
736.647
735.827
734.965
734.965
734.226
733.055
732.773
732.515
732.301
731.962
731.804
731.734
731.632
731.335
730.928
730.654
730.42
730.197
730.073
726.476
725.13
725.062
725.047
724.954
724.951
724.956
724.873
724.686
724.573
724.508
723.32
722.503
709.249
708.652
708.363
720.854
720.582
716.715
716.672
709.232
706.574
706.53
706.072
706.072
702.879
707.201
702.476
702.476
702.476
702.476
702.476
702.343
702.343
702.268
702.189
702.315
702.252
701.549
701.517
701.29
700.971
700.971
700.54
699.653
699.294
699.052
699.024
698.913
698.901
698.88
698.878
698.878
698.878
698.878
698.87
698.883
698.883
698.861
698.834
698.828
698.821
698.81
698.801
698.793
698.756
698.71
698.639
698.629
698.625
693.805
692.603
692.587
692.559
692.547
691.793
691.725
691.701
691.418
691.397
691.387
690.436
690.436
689.503
689.335
689.191
689.134
688.848
688.83
688.764
688.268
688.268
688.262
688.262
687.848
687.748
687.685
687.685
687.682
687.666
687.662
687.66
687.647
687.609
687.604
687.597
687.567
687.557
687.551
687.543
687.526
687.473
687.455
687.451
687.449
687.442
687.433
687.424
687.419
687.395
687.337
687.293
687.287
687.203
687.183
687.183
687.159
687.159
686.995
686.995
686.995
686.995
686.995
686.995
686.995
686.993
686.987
686.987
686.986
686.979
686.979
686.979
686.979
686.979
686.979
686.979
686.98
686.979
686.979
686.979
686.978
686.978
686.978
686.974
686.974
686.974
686.973
686.972
686.971
686.97
686.967
686.967
686.967
686.967
686.965
686.964
686.964
686.963
686.963
686.962
686.962
686.962
686.962
686.962
686.96
686.96
686.96
686.959
686.959
686.959
686.958
686.958
686.958
686.955
686.953
686.952
686.95
686.949
686.949
686.949
686.949
686.949
686.949
686.946
686.945
686.944
686.943
686.942
686.941
686.941
686.941
686.941
686.941
686.941
686.941
686.941
686.941
686.94
686.94
686.94
686.94
686.94
686.939
686.939
686.939
686.939
686.939
686.939
686.939
686.939
686.939
686.939
686.939
686.939
686.939
686.939
686.939
686.939
686.939
686.939
686.939
686.939
686.939
686.939
686.939
686.672
686.567
686.567
686.567
686.531
685.594
685.459
685.459
685.437
685.437
685.261
685.344
685.063
684.875
684.875
684.875
684.875
684.668
684.668
684.622
684.612
684.617
684.613
684.604
684.51
684.51
684.51
684.509
684.509
684.396
684.396
684.424
684.411
684.401
684.401
684.38
684.371
684.371
684.369
684.35
684.346
684.343
684.343
684.342
684.329
684.326
684.325
684.323
684.321
684.321
684.32
684.32
684.319
684.319
684.319
684.319
684.319
684.319
684.317
684.317
684.03
683.934
683.851
683.808
683.73
683.73
683.698
683.651
683.646
683.646


1130.16
995.1
995.1
974.978
974.978
974.978
962.935
962.935
962.935
962.935
962.935
955.187
955.187
951.103
951.103
930.812
889.058
889.058
889.058
849.483
849.483
865.774
852.443
846.599
842.727
837.95
825.107
825.107
825.107
825.107
825.107
816.161
816.161
810.124
810.124
810.115
809.682
809.682
809.682
807.219
763.413
763.413
763.274
760.483
739.858
739.858
739.302
739.302
739.052
739.052
734.967
732.468
732.468
732.456
732.266
732.266
730.646
730.436
730.436
730.168
728.514
728.083
727.56
726.233
723.946
723.043
722.728
722.037
721.806
719.701
719.381
717.836
717.815
717.815
717.355
717.211
717.211
716.965
716.761
716.667
716.582
715.765
715.626
715.626
715.042
714.896
714.801
714.778
714.743
714.74
714.579
714.579
714.556
714.534
714.052
713.957
713.957
713.945
713.335
712.908
712.574
712.574
712.06
712.06
712.06
711.916
711.813
711.383
711.305
711.209
698.947
698.947
698.947
698.946
698.946
698.944
697.524
697.524
697.524
695.987
695.987
695.987
695.987
695.747
695.747
695.747
695.747
695.651
695.651
695.562
695.428
694.853
694.853
694.666
694.666
694.666
694.411
694.276
694.276
694.241
694.097
694.097
694.097
694.097
694.094
694.083
694.079
694.052
693.932
693.908
693.908
693.831
693.791
693.785
693.785
693.785
693.781
693.781
693.776
693.772
693.772
693.769
693.762
693.762
693.193
693.193
693.193
691.086
691.086
690.878
690.878
690.871
690.871
690.419
689.877
689.86
689.86
689.785
689.785
689.745
689.745
689.745
689.745
689.597
689.596
689.594
689.594
689.568
689.553
688.742
686.206
686.147
685.778
685.436
685.436
685.436
685.436
685.436
685.436
685.382
685.344
685.314
685.313
685.304
685.274
685.269
685.252
685.242
685.204
685.204
685.198
685.198
685.198
685.196
685.195
685.183
685.175
685.173
685.164
685.163
685.16
685.158
685.158
685.158
685.157
685.157
685.156
685.156
685.156
685.156
685.156
685.155
685.155
685.154
685.154
680.33
680.33
680.33
680.33
680.33
680.33
678.435
678.435
678.435
677.348
677.348
673.506
673.506
673.506
671.206
671.206
671.206
670.726
670.726
670.537
669.956
669.518
669.518
668.06
668.06
666.955
665.836
664.525
663.708
663.447
663.283
662.205
661.925
661.925
661.793
661.793
661.887
661.713
660.993
660.993
660.993
660.831
660.784
660.784
660.784
660.784
660.773
660.761
660.757
660.757
660.746
660.733
660.725
660.725
660.724
660.722
660.724
660.72
660.72
660.714
660.714
660.714
660.712
660.712
660.711
660.711
660.711
660.711
660.71
660.71
660.71
660.709
660.709
660.709
660.709
660.709
660.709
660.709
660.709
660.709
660.709
660.709
660.709
660.709
660.709
660.709
660.709
660.709
660.709
660.709
660.709
660.709
660.709
660.709
660.709
660.709
660.709
660.709
660.709
660.709
660.709
660.709
660.709
660.709
660.709
660.709
660.709
660.709
660.709
660.709
660.709
660.709
660.709
660.709
660.709
660.709
660.709
660.709
660.709
660.709
660.709
660.709
660.709
660.709
660.709
660.709
660.709
660.709
660.709
660.709
660.709
660.709
660.709
660.709
660.709
660.709
660.709
660.709
660.709
660.709
660.709
660.709
660.709
660.709
660.709
660.709
660.709
660.709
660.709
660.709
660.709
660.709
660.709
660.709
660.709
660.709
660.709
660.709
660.709
660.709
660.709
660.709
660.709
660.709
660.709
660.709
660.709
660.709
660.709
660.709
660.709
660.709
660.709
660.709
660.709
660.709
660.709
660.709
660.709
660.709
660.709
660.709
660.709
660.709
660.709
660.709
660.709
660.709
660.709
660.709
660.709
660.709
660.709
660.709
660.709
660.709
660.709
660.396
660.396
660.396
660.396
660.396
660.396
660.396
660.396
660.396
701.84
660.709
660.709
660.709
660.709
660.709
660.709
660.709
660.709
660.709
660.709
660.709
660.709
660.709
660.709
660.709
660.709
660.709
660.709
660.709
660.709
660.709
660.709
660.709
660.709
660.709
660.709
660.709
660.709
660.709
660.709
660.709
660.709
660.709
660.709
660.709
660.709
660.709
660.709
660.709
660.709
660.709
660.709
660.709
660.709
660.709
660.709
660.709
660.709
660.709
660.709
660.709
660.709
660.709
660.709
660.709
660.709
660.709
660.709


1376.69
1345.23
1267.44
1267.44
1252.42
1249.27
1226.04
1190.45
1164.97
1162.49
1162.47
1101.26
1101.26
1100.88
1100.88
1094.94
1094.94
1094.84
1087.81
1086.96
1086.96
1024.24
1024.24
1024.24
1021.6
1002.1
999.405
999.142
982.424
969.115
967.769
967.769
963.551
963.352
962.707
957.073
955.142
950.915
948.422
936.374
931.871
928.668
928.51
927.436
927.436
926.649
924.203
922.159
918.396
916.03
916.03
914.803
913.596
913.014
912.335
912.318
912.075
912.064
911.345
911.342
911.053
910.415
910.333
910.293
909.898
909.861
909.674
909.669
909.645
909.603
909.596
909.589
909.505
909.491
909.483
909.476
909.442
909.438
909.379
909.379
909.317
909.292
909.258
909.258
909.255
909.253
909.253
909.244
909.244
909.24
909.235
909.235
909.235
909.234
909.233
909.233
909.232
909.232
909.232
909.231
909.228
909.228
909.228
909.227
909.227
909.227
909.227
909.227
909.226
909.226
909.226
909.226
896.896
894.985
894.985
894.985
894.985
894.985
894.985
894.985
894.985
894.985
894.908
894.879
894.509
894.509
894.509
894.208
894.121
894.046
893.944
893.743
893.675
893.454
893.438
893.266
893.255
893.007
892.964
892.927
892.549
892.29
892.222
892.047
892.047
892.004
891.994
891.994
891.994
891.989
891.952
891.942
891.942
891.934
891.913
891.904
891.904
891.897
891.879
891.873
891.866
891.866
891.866
891.865
891.864
891.86
891.859
891.859
891.858
891.858
878.671
878.671
878.671
878.671
878.671
878.671
878.671
878.671
874.991
874.991
874.991
874.991
874.991
874.991
874.991
871.507
869.776
869.776
868.33
868.185
868.185
867.804
862.035
862.035
862.035
862.035
861.95
861.95
861.95
860.964
860.964
855.083
854.81
854.81
854.197
851.261
851.261
851.261
851.013
851.013
851.013
851.013
850.83
850.681
848.377
848.377
847.427
846.85
846.476
846.476
846.476
846.476
846.406
846.125
845.936
845.832
845.772
843.938
842.755
842.67
842.67
837.943
836.034
836.034
836.034
836.034
836.034
836.001
834.88
834.88
834.88
834.847
834.649
834.562
834.199
834.156
834.156
834.113
834.054
834.054
834.054
834.034
833.974
833.974
833.919
833.919
833.919
833.919
833.919
833.871
833.871
833.871
833.856
833.841
833.836
833.835
833.831
833.822
833.822
833.817
833.817
833.815
833.815
833.813
833.813
833.813
833.813
833.813
833.813
833.813
833.813
833.813
833.813
833.813
833.813
833.813
833.813
833.813
833.813
833.813
833.813
833.813
833.813
833.813
833.813
833.813
833.813
833.813
833.813
833.813
833.813
833.813
833.813
833.813
833.813
833.813
833.813
833.813
833.813
833.813
833.813
833.813
833.813
833.813
833.813
833.813
833.813
833.813
833.813
833.813
833.813
833.813
833.813
833.813
833.813
833.813
833.813
833.813
833.813
833.813
833.813
833.813
833.813
833.813
833.813
833.813
833.813
833.813
833.813
833.813
833.813
833.813
833.813
833.813
833.813
833.813
833.813
833.813
833.813
833.813
833.813
833.813
833.813
833.813
833.813
833.813
833.813
833.813
833.813
833.813
833.813
833.813
833.813
833.813
833.813
833.813
833.813
833.813
833.813
833.813
833.813
833.813
833.813
833.813
833.813
833.813
833.813
833.813
833.813
833.813
833.813
833.813
833.813
833.813
833.813
833.813
833.813
833.813
833.813
833.813
833.813
833.813
833.813
832.713
831.788
831.788
831.718
831.718
831.718
831.69
831.69
831.667
831.667
831.667
831.667
831.51
830.792
830.792
830.792
830.778
830.7
830.7
830.669
830.476
830.476
830.476
830.476
830.407
830.398
830.35
830.336
830.353
830.234
830.226
830.226
830.163
830.071
830.071
830.026
829.961
829.93
829.89
829.814
829.807
829.807
829.796
829.796
828.634
828.614
828.608
828.608
828.611
828.593
828.593
828.593
828.593
828.592
828.586
828.586
828.586
828.583
868.139
829.74
829.739
829.739
829.739
829.738
829.738
829.737
829.737
829.737
829.736
829.736
829.736
829.736
829.736
829.736
829.736
829.736
829.736
829.736
829.736
829.736
829.736
829.736
829.736
829.736
829.736
829.736
829.736
829.736
829.736
829.736
829.736
829.736
829.736
829.736
829.736
829.736
829.736
829.736
829.736
829.736
829.736
829.736
829.736
829.736
829.736
829.736
829.736


1954.76
1919.16
1919.16
1863.27
1845.99
1845.99
1788.74
1680.11
1679.45
1679.45
1678.62
1657.67
1639.67
1639.67
1639.67
1639.55
1639.55
1586.38
1586.28
1583.3
1583.3
1576.32
1556.74
1556.74
1555.22
1555.22
1520.5
1505.49
1488.1
1479.26
1460.67
1471.5
1469.89
1466.59
1463.53
1458.52
1456.69
1433.55
1433.55
1429.71
1429.71
1407.17
1407.17
1407.08
1404.55
1402.86
1377.53
1376.47
1355.88
1355.88
1324.73
1343.47
1328.16
1327.97
1322.05
1314.45
1314.45
1299.68
1294.08
1287.63
1275
1275
1266.62
1265.78
1264.61
1264.61
1264.27
1261.06
1259.84
1259.84
1255.71
1258.7
1253.82
1249.96
1249.26
1248.82
1247.35
1246.51
1245.1
1245.1
1244.8
1243.27
1200.18
1198.45
1191.38
1189.6
1189.56
1189.53
1189.53
1189.46
1188.92
1187.84
1187.83
1187.45
1187.35
1187.26
1187.26
1187.25
1186.93
1186.59
1186.59
1186.23
1186.23
1186.13
1185.98
1185.98
1185.91
1185.85
1185.79
1185.78
1185.66
1185.7
1185.66
1185.66
1185.65
1185.63
1185.58
1185.58
1185.56
1185.56
1185.54
1185.54
1185.54
1185.54
1185.54
1185.54
1185.54
1185.54
1185.54
1185.53
1185.53
1185.53
1185.53
1185.53
1185.53
1185.53
1185.53
1185.53
1185.53
1185.53
1185.53
1185.53
1185.53
1185.53
1185.53
1185.53
1185.53
1185.53
1185.53
1185.53
1185.53
1185.53
1185.53
1185.53
1185.53
1185.53
1185.53
1185.53
1185.53
1185.53
1185.53
1185.53
1185.53
1185.53
1185.53
1185.53
1185.53
1185.53
1185.53
1185.53
1185.53
1185.53
1185.53
1185.53
1185.53
1185.53
1185.53
1185.53
1185.53
1185.53
1185.53
1185.53
1185.53
1185.53
1185.53
1185.53
1185.53
1185.53
1185.53
1185.53
1185.53
1185.53
1185.53
1185.53
1185.53
1185.53
1185.53
1185.53
1185.53
1185.53
1185.53
1185.53
1185.53
1185.53
1185.53
1185.53
1184.28
1183.79
1183.69
1182.11
1179.32
1179.32
1179.32
1178.32
1178.32
1178.32
1178.07
1177.85
1177.22
1172.76
1172.76
1170.95
1170.95
1170.95
1170.8
1170.7
1170.7
1170.41
1170.1
1169.91
1169.91
1169.32
1169.29
1169.03
1168.58
1168.48
1168.48
1168.48
1168.46
1168.46
1168.12
1168.2
1168.2
1168.2
1168.2
1168.2
1168.2
1168.2
1168.11
1168.11
1168.11
1168.12
1168.12
1168.08
1168.08
1168.08
1168.08
1168.08
1168.05
1168.05
1168.04
1168.03
1168.03
1168.03
1168.03
1168.03
1168.02
1168.02
1168.02
1168.02
1168.02
1168.02
1168.02
1168.02
1168.02
1168.02
1168.02
1168.02
1168.02
1168.02
1168.02
1168.02
1168.02
1168.02
1168.02
1168.02
1168.02
1168.02
1168.02
1168.02
1168.02
1168.02
1168.02
1168.02
1168.02
1168.02
1168.02
1168.02
1168.02
1168.02
1168.02
1168.02
1168.02
1168.02
1168.02
1168.02
1168.02
1168.02
1168.02
1168.02
1168.02
1168.02
1168.02
1168.02
1168.02
1168.02
1168.02
1168.02
1168.02
1168.02
1168.02
1168.02
1168.02
1168.02
1168.02
1168.02
1168.02
1168.02
1168.02
1168.02
1168.02
1168.02
1168.02
1168.02
1168.02
1168.02
1168.02
1168.02
1168.02
1168.02
1168.02
1168.02
1168.02
1168.02
1168.02
1168.02
1168.02
1168.02
1168.02
1168.02
1168.02
1168.02
1168.02
1168.02
1168.02
1168.02
1168.02
1168.02
1168.02
1168.02
1168.02
1168.02
1168.02
1168.02
1168.02
1168.02
1168.02
1168.02
1168.02
1168.02
1168.02
1168.02
1168.02
1168.02
1168.02
1168.02
1168.02
1168.02
1168.02
1168.02
1168.02
1168.02
1168.02
1168.02
1168.02
1168.02
1168.02
1168.02
1168.02
1168.02
1168.02
1168.02
1168.02
1168.02
1168.02
1168.02
1168.02
1168.02
1168.02
1168.02
1168.02
1168.02
1168.02
1168.02
1168.02
1168.02
1168.02
1168.02
1168.02
1168.02
1168.02
1168.02
1168.02
1168.02
1168.02
1168.02
1168.02
1168.02
1168.02
1168.02
1168.02
1168.02
1168.02
1168.02
1168.02
1168.02
1168.02
1168.02
1168.02
1168.02
1168.02
1168.02
1168.02
1168.02
1168.02
1168.02
1168.02
1168.02
1168.02
1168.02
1168.02
1168.02
1168.02
1168.02
1168.02
1163.72
1163.72
1163.72
1163.72
1163.72
1163.72
1193.55
1168.02
1168.02
1168.02
1168.02
1168.02
1168.02
1168.02
1168.02
1168.02
1168.02
1168.02
1168.02
1168.02
1168.02
1168.02
1168.02
1168.02
1168.02
1168.02
1168.02
1168.02
1168.02
1168.02
1168.02
1168.02
1168.02
1168.02
1166.84
1166.84
1275.32
1168.02
1168.02
1168.02
1168.02
1168.02
1168.02
1168.02
1168.02
1168.02
1168.02
1168.02
1168.02
1168.02
1168.02
1168.02
1168.02
1168.02
1168.02


1818.51
1745.25
1688.37
1680.54
1670.06
1660.66
1649.22
1563.24
1534.08
1533.87
1503.29
1503.29
1503.02
1503.02
1460.53
1424.24
1424.24
1413.05
1379.12
1379.12
1370.73
1370.73
1367.88
1345.89
1336.55
1336.55
1265.16
1265.16
1265.04
1263.38
1263.38
1247.55
1247.55
1246.99
1245.68
1245.45
1234.5
1234.5
1234.5
1217.35
1215.55
1215.38
1215.32
1215.04
1210.44
1209.59
1206.28
1206.28
1203.42
1202.61
1201.53
1201.53
1201.22
1201.22
1199.99
1199.99
1198.75
1198.63
1198.63
1198.5
1198.47
1197.73
1197.73
1197.45
1197.4
1197.33
1196.33
1192.98
1192.96
1192.65
1191.39
1189.92
1189.64
1185.66
1184.16
1184.16
1184.05
1175.22
1175.14
1175.14
1175.13
1174.42
1174.42
1170.98
1169.19
1166.01
1166.01
1166
1165.65
1163.1
1162.84
1162.84
1162.71
1162.66
1162.66
1162.66
1162.62
1162.09
1159.6
1159.42
1159.22
1153.86
1153.74
1152.07
1152.07
1151.68
1151.52
1151.52
1151.5
1151.48
1151.4
1151.34
1151.26
1151.15
1151.15
1151.12
1151.08
1151.07
1150.98
1150.94
1150.94
1150.92
1150.92
1150.91
1150.91
1150.9
1150.9
1150.9
1150.9
1150.89
1150.88
1150.88
1150.88
1150.88
1150.88
1150.87
1150.87
1150.87
1150.87
1150.87
1150.87
1150.87
1150.87
1150.87
1150.87
1150.87
1150.87
1150.87
1150.87
1150.87
1150.87
1150.87
1150.87
1150.87
1150.87
1150.87
1150.87
1150.87
1150.87
1150.87
1150.87
1150.87
1136.75
1134.97
1134.59
1134.59
1134.59
1134.45
1134.45
1134.45
1131.89
1131.12
1131.12
1131.12
1131.09
1130.53
1130.36
1130.25
1130.25
1130.13
1130.1
1130.1
1130.07
1130.01
1129.9
1127.89
1127.89
1127.29
1127.29
1126.09
1126.09
1126.09
1125.06
1125.06
1125.06
1125.06
1125.06
1124.93
1124.93
1124.9
1124.9
1124.79
1124.79
1124.79
1124.79
1124.79
1124.71
1124.68
1103.14
1103.14
1102.95
1102.86
1102.86
1102.48
1102.28
1102.28
1100.81
1100.81
1100.15
1100.02
1100.02
1099.94
1099.94
1099.94
1099.77
1099.67
1099.52
1093.67
1093.58
1093.58
1088.12
1089.89
1078.69
1073.16
1073.16
1070.54
1070.54
1069.44
1069.44
1069.1
1068.94
1067.87
1067.07
1067.07
1064.58
1064.55
1064.49
1064.26
1064.2
1064.13
1064.13
1064.11
1064.05
1063.88
1058.15
1057.98
1056.22
1056.15
1052.94
1052.87
1050.53
1043.85
1043.85
977.948
977.948
963.9
963.574
963.168
911.396
910.99
910.99
911.002
911.002
910.915
910.803
887.648
878.129
874.973
873.886
873.448
873.256
873.048
873.007
872.984
872.972
872.96
872.957
872.952
872.917
872.91
872.907
1070.95
872.902
872.902
872.9
872.9
872.895
872.895
872.895
872.893
872.893
872.893
872.893
872.893
872.893
872.893
872.893
872.892
872.892
872.892
872.892
872.892
872.892
872.892
872.892
872.892
872.892
872.892
872.892
872.891
870.533
846.365
844.898
844.898
844.898
844.74
844.74
844.436
843.475
843.475
843.062
843.062
842.546
841.076
839.925
839.349
839.344
838.958
838.755
838.243
838.223
838.334
838.288
838.288
837.936
837.436
837.191
837.065
836.818
836.558
836.187
835.839
835.538
835.2
834.575
833.99
833.38
832.494
831.344
810.786
716.104
725.93
725.93
724.625
703.788
697.63
677.484
677.484
677.484
677.484
677.484
674.09
674.09
647.705
631.871
629.086
624.115
623.132
623.132
612.858
612.119
613.986
607.551
603.339
602.309
602.309
602.062
601.57
599.635
599.236
595.804
596.087
596.087
595.212
595.212
594.69
594.69
594.649
594.649
594.649
594.519
594.519
594.432
594.432
594.359
594.312
594.301
594.301
594.111
594.043
594.043
593.833
593.656
591.396
580.051
575.675
575.675
562.644
560.117
560.117
558.006
559.235
551.911
551.779
550.175
547.427
547.427
547.427
547.012
547.012
547.012
546.664
546.664
546.613
546.613
546.613
546.568
546.276
546.276
546.242
546.168
545.899
545.737
545.287
545.215
545.215
544.676
544.128
543.39
542.516
542.099
542.099
542.007
541.771
541.771
541.479
541.347
541.239
541.238
541.166
541.096
541.087
541.087
541.087
541.076
541.054
541.048
541.022
541.009
541.008
540.891
540.707
540.679
540.659
540.59
540.532
540.514
540.484
540.476
540.476
540.463
540.495
540.495
540.436
540.436
540.436
540.406
540.406
540.406
540.385
540.319
540.322
540.283
540.283
540.257
540.254
540.254
540.254
540.226
540.183


2005.43
1900.71
1874.07
1874.07
1796.83
1793.77
1793.55
1749.42
1747.92
1747.92
1676.31
1654.5
1650.04
1635.93
1578.94
1563.83
1549.39
1537.3
1484.61
1484.61
1482.65
1482.65
1482.65
1482.05
1475.54
1406.6
1397.15
1396.77
1388.65
1385.66
1336.29
1328.02
1281.24
1225.13
1223.92
1222.42
1207.56
1059.54
1032.11
1032.04
984.605
899.857
899.77
898.743
878.868
861.932
861.842
855.826
834.767
833.659
819.099
809.255
798.878
798.818
798.765
785.794
783.709
783.47
779.02
775.797
772.847
746.272
746.272
746.272
742.735
728.135
728.135
726.05
723.16
719.008
719.008
735.242
717.263
716.109
708.436
698.457
698.457
698.457
695.387
692.771
678.071
672.987
670.557
669.593
667.793
666.961
666.837
666.755
665.856
665.711
664.949
664.694
664.153
663.481
663.479
663.406
663.405
663.209
663.158
663.059
662.904
662.644
662.389
662.212
662.212
662.212
662.184
662.143
662.143
662.043
661.94
661.94
661.704
661.704
661.704
661.573
661.573
661.573
661.573
661.508
661.482
661.482
661.343
661.308
661.308
661.256
661.221
661.21
661.21
661.168
661.104
661.101
661.101
661.078
661.078
661.062
661.062
661.031
661.01
661.01
660.998
660.969
660.969
660.965
660.965
660.953
660.953
660.953
660.953
660.95
660.948
660.945
660.941
660.941
660.941
660.934
660.933
660.932
660.932
660.925
660.925
660.925
660.925
653.63
653.629
653.629
653.629
653.629
653.41
653.41
653.41
653.41
653.409
653.408
651.014
648.957
648.833
648.833
648.833
648.694
648.25
648.023
647.908
647.855
647.826
647.811
647.802
647.795
647.791
647.789
647.787
647.786
647.785
647.785
647.785
647.785
647.785
647.785
647.785
647.785
647.784
647.784
647.784
647.784
647.784
647.784
647.784
647.784
647.784
647.784
647.784
647.784
647.784
647.784
647.784
647.784
647.784
647.784
647.784
647.784
647.784
647.784
647.784
647.784
647.784
647.784
647.784
647.784
647.784
647.784
647.784
647.784
647.784
647.784
647.784
647.784
647.784
647.784
647.784
647.784
647.784
647.784
647.784
647.784
647.784
647.784
647.784
647.784
647.784
647.784
647.784
647.784
647.784
647.784
647.784
647.784
647.784
647.784
647.784
647.784
647.784
647.784
647.784
647.784
647.784
647.784
647.784
647.784
647.784
647.784
647.784
647.784
647.784
647.784
647.784
647.784
647.784
647.784
647.784
647.784
647.784
647.784
647.784
647.784
647.784
647.784
647.784
647.784
647.784
647.784
647.784
647.784
647.784
647.784
647.784
647.784
647.784
647.784
647.784
647.784
647.784
647.784
647.784
647.784
647.784
647.784
647.784
647.784
647.784
647.784
647.784
647.784
647.784
647.784
647.784
647.784
647.784
647.784
647.784
647.784
647.784
637.649
637.649
637.649
637.649
636.922
636.922
636.922
636.922
636.922
636.922
636.922
636.922
636.922
636.922
636.922
636.922
636.922
636.922
636.922
636.922
650.925
650.925
636.219
636.219
636.219
636.219
636.219
636.219
636.219
636.219
636.219
636.219
636.219
636.219
636.219
636.041
636.041
636.041
636.041
636.041
761.258
637.114
637.088
636.814
636.681
636.613
636.578
636.56
636.55
636.545
636.542
636.541
636.54
636.539
636.539
636.539
636.539
636.539
636.539
636.539
636.539
636.539
636.539
636.539
636.539
636.539
636.539
636.539
636.539
636.539
636.539
636.539
636.539
636.539
636.539
636.539
636.539
636.539
636.539
636.539
636.539
636.539
636.539
636.539
636.539
636.539
636.539
636.539
636.539
636.539
636.539
636.539
636.539
636.539
636.539
636.539
636.539
636.539
636.539
636.539
636.539
636.539
636.539
636.539
636.539
636.539
636.539
636.539
636.539
636.539
636.539
636.539
636.539
636.539
636.539
636.539
636.539
636.539
636.539
636.539
636.539
636.539
636.539
636.539
636.539
636.539
636.539
636.539
636.539
636.539
636.539
636.539
636.539
636.539
636.539
636.539
636.539
636.539
636.539
636.539
636.539
636.539
636.539
636.539
636.539
636.539
636.539
636.539
636.539
636.539
636.539
636.539
636.539
636.539
636.539
636.539
636.539
636.539
636.539
636.539
636.539
636.539
636.539
636.539
636.539
636.539
636.539
636.539
636.539
636.539
636.539
636.539
636.539
636.539
636.539
636.539
636.539
636.539
636.539


1320.11
1257.47
1247.59
1208.63
1208.58
1167.16
1167.16
1156.54
1156.33
1140.31
1140.31
1140
1137.26
1124.61
1117.47
1117.47
1117.45
1117.45
1116.6
1108.21
1108.21
1093.63
1086.57
1074.14
1074.14
1073.96
1066.69
1040.02
1038.79
1034.99
1027.39
1033.81
1033.81
1022.65
1019.49
1016.05
1014
1014
1013.15
1008.73
1008.73
1008.6
999.475
998.619
994.986
986.679
985.143
985.102
985.102
984.952
984.552
984.923
984.006
983.79
983.446
982.702
982.702
982.565
978.773
978.769
978.702
975.552
973.728
973.701
962.017
962.017
962.003
961.968
961.957
959.804
959.801
959.731
959.731
959.618
959.618
959.54
959.535
959.501
954.279
954.279
954.163
954.161
954.103
954.102
954.102
954.096
954.096
954.096
950.228
944.781
944.237
944.237
944.174
944.174
943.378
943.243
943.223
943.184
943.094
943.094
942.769
941.795
940.064
940.064
939.192
938.778
938.778
936.954
936.954
936.947
936.703
936.979
936.852
936.852
936.639
936.291
935.982
935.982
935.982
935.539
935.086
934.878
934.878
934.715
934.715
934.715
934.715
934.627
934.476
934.348
934.348
934.046
934.046
933.98
933.908
933.908
933.746
933.746
933.746
933.746
933.217
926.208
920.502
920.502
919.063
918.957
918.957
917.995
917.374
916.919
916.452
915.782
915.782
915.658
915.565
915.565
915.513
915.383
915.27
915.214
915.214
915.214
915.214
915.08
915.08
915.08
914.973
914.973
914.882
914.882
914.882
914.762
914.762
914.762
914.762
914.713
914.713
914.713
914.659
914.659
914.659
914.655
914.616
914.578
914.563
914.558
914.553
914.553
914.553
914.553
914.553
914.549
914.541
914.541
914.54
914.54
914.538
914.538
914.533
914.533
914.533
914.532
914.532
914.531
914.529
914.529
914.528
914.528
914.528
914.528
914.528
914.528
914.528
914.528
914.528
914.528
914.528
914.528
914.528
914.528
914.528
914.527
914.527
914.527
914.527
914.527
914.527
914.527
914.527
914.527
914.527
914.527
914.527
914.527
914.527
914.527
914.527
914.527
914.527
914.527
914.527
914.527
914.527
914.527
914.527
914.527
914.527
914.527
914.527
914.527
914.527
914.527
914.527
914.527
914.527
914.527
914.527
914.527
914.527
914.527
914.527
914.527
914.527
914.527
914.527
914.527
914.386
914.074
913.863
913.381
913.381
913.338
913.3
913.3
913.3
913.212
913.212
913.212
913.212
913.212
913.212
913.235
913.132
913.102
913.074
913.074
913.057
913.013
912.985
912.982
912.881
912.783
912.766
912.753
912.734
912.696
912.228
912.228
909.343
906.838
905.986
904.744
904.341
902.929
902.585
902.57
902.253
902.07
902.07
900.638
900.293
900.293
900.083
899.997
899.967
899.868
899.841
899.841
899.821
899.414
899.414
898.988
898.795
898.789
898.789
898.789
898.778
898.772
898.772
898.772
898.67
898.659
898.641
898.617
898.575
898.562
898.557
898.556
898.553
898.536
898.528
898.524
898.522
898.496
898.488
898.486
898.481
898.479
898.478
898.478
898.478
898.479
898.478
898.477
898.477
898.477
898.477
898.477
898.476
898.476
898.476
898.476
898.476
898.476
898.476
898.476
898.476
898.476
898.476
898.476
898.476
898.476
898.476
898.475
898.475
898.475
898.474
898.474
898.474
898.473
898.473
898.473
898.472
898.472
898.471
898.471
898.47
898.47
898.47
898.469
898.469
898.467
898.466
898.466
898.465
898.465
898.464
898.463
898.461
898.459
898.458
898.457
898.457
898.456
898.451
898.448
898.44
898.426
898.403
898.378
898.365
898.348
898.337
898.331
898.326
898.326
898.326
898.325
898.325
898.325
898.325
898.325
898.325
898.324
898.324
898.324
898.324
898.324
898.324
898.324
898.324
898.324
898.324
898.324
898.324
898.324
898.324
898.324
898.324
898.324
898.324
898.324
898.324
898.324
898.324
898.324
898.324
898.324
898.324
895.032
895.032
919.462
898.324
898.324
898.324
898.324
898.324
898.324
898.324
898.324
898.324
898.322
898.32
898.319
898.318
898.316
898.312
898.307
898.302
898.284
898.272
898.258
898.181
898.155
898.155
898.155
898.155
898.15
895.834
893.326
893.326
895.489
893.823
893.823
893.823
892.735
892.735
892.735
892.557
892.385
892.368
887.686
887.686
887.686
887.686
887.686
887.686
887.686
887.686
887.686


1057.96
986.753
986.753
986.753
965.551
964.754
932.582
928.86
915.827
915.827
905.879
902.461
902.453
902.453
893.663
876.898
876.832
865.6
860.588
860.254
859.244
840.906
822.961
821.363
805.96
805.96
805.948
802.32
800.072
796.351
788.562
801.625
788.589
788.357
786.693
774.394
760.283
756.001
724.996
724.996
720.874
719.344
718.392
718.014
718.014
717.098
716.595
715.737
715.102
714.997
712.331
711.139
709.056
709.018
707.761
707.742
705.825
705.364
705.363
705.345
705.309
705.309
705.281
703.94
703.94
703.916
703.912
701.908
701.905
700.776
700.769
700.848
700.847
700.569
700.497
700.497
700.05
699.788
699.349
699.209
699.165
699.131
698.992
698.901
698.901
698.72
698.719
698.719
698.714
698.666
698.655
698.643
698.643
698.635
698.626
698.619
698.619
698.616
698.615
698.606
698.606
698.606
698.605
698.605
698.601
698.601
698.601
698.599
698.599
698.598
698.598
698.598
698.598
698.598
698.598
698.598
698.598
698.598
698.597
698.597
698.597
698.597
698.597
697.62
696.654
696.654
694.466
694.466
694.466
693.052
690.829
689.131
689.131
687.732
687.732
687.019
686.842
686.842
686.291
686.291
686.17
686.222
686.21
686.21
686.182
686.132
686.095
686.095
686.086
685.974
685.974
685.973
685.946
685.946
685.907
685.907
685.899
685.894
685.892
685.892
685.884
685.895
685.89
685.877
685.874
685.874
685.874
685.871
685.871
685.869
685.869
685.87
685.87
685.87
685.868
685.868
685.868
685.868
685.868
685.868
685.868
685.868
685.868
685.868
685.867
685.867
685.867
685.867
685.867
685.867
683.925
683.925
683.925
683.925
683.925
683.925
683.925
682.145
682.145
682.145
679.493
679.493
679.493
678.904
676.511
676.511
676.511
676.511
676.311
676.302
673.995
673.572
673.093
673.093
673.093
673.093
673.093
673.093
672.741
672.528
672.523
672.399
671.918
671.918
671.846
671.846
671.846
671.757
671.757
671.757
671.703
671.678
671.678
671.631
671.631
671.622
671.622
671.62
671.62
671.581
671.572
671.576
671.563
671.559
671.559
671.514
671.514
671.514
671.514
671.499
671.492
671.492
671.492
671.492
671.492
671.492
671.491
671.491
671.491
671.49
671.489
671.489
671.489
671.489
671.488
671.488
671.487
671.487
671.487
671.487
671.487
671.487
671.487
671.487
671.486
671.486
671.486
671.486
671.486
671.486
671.486
671.486
671.486
671.486
671.486
671.486
671.486
671.486
671.486
671.486
671.486
671.486
671.486
671.486
671.486
671.486
671.486
671.486
671.486
671.486
671.486
671.486
671.486
671.486
671.486
671.486
671.486
671.486
671.486
671.486
671.486
671.486
671.486
671.486
671.486
671.486
671.486
671.486
671.486
671.486
671.486
671.486
671.486
671.486
671.486
671.486
671.486
671.486
671.109
670.894
669.366
668.803
668.45
667.689
666.868
666.868
666.604
666.576
666.403
666.403
666.403
666.404
666.404
666.396
666.387
666.387
666.387
666.375
666.367
666.359
666.352
666.355
666.35
666.35
666.349
666.349
666.347
666.334
666.217
666.217
666.217
666.216
666.207
666.205
666.205
666.205
666.205
666.204
666.204
666.204
666.203
666.203
666.202
666.202
666.202
666.202
666.202
666.202
666.202
666.202
666.202
666.202
666.202
666.202
666.202
666.202
666.202
666.202
666.202
666.201
666.201
666.201
666.201
666.201
666.201
666.201
666.201
666.201
666.201
666.201
666.201
666.201
666.201
666.201
666.201
666.201
666.201
666.201
666.201
666.201
666.201
666.201
666.201
666.201
666.201
666.201
666.201
666.201
666.201
666.201
666.201
666.201
666.201
666.201
666.201
666.201
666.201
666.201
666.201
666.201
666.201
666.201
666.201
666.201
666.201
666.201
666.201
666.201
666.201
666.201
666.201
666.201
666.201
666.201
666.201
666.201
666.201
666.201
666.201
666.201
666.201
666.201
666.201
666.201
666.201
666.201
666.201
666.201
666.201
666.201
666.201
666.201
666.201
666.201
666.201
666.201
666.201
666.201
666.201
666.201
666.201
666.201
666.201
666.201
666.201
666.201
666.201
666.201
666.201
666.201
666.201
666.201
666.201
666.201
666.201
666.201
666.201
666.201
666.201
666.201
666.201
666.201
666.201
666.201
666.201
666.201
666.201
666.201
666.201
666.201


