0.0538222
0.0580605
0.0622811
0.0643105
0.0679559
0.0692723
0.0703354
0.071854
0.0719561
0.0723647
0.0724532
0.0735416
0.0758002
0.0764372
0.0776847
0.0786592
0.0798554
0.0799605
0.082297
0.082297
0.0832939
0.0881263
0.0885893
0.0907584
0.0907584
0.0920022
0.092026
0.0936648
0.0944131
0.0948943
0.095475
0.113115
0.113946
0.115194
0.115194
0.133962
0.137785
0.137785
0.146123
0.15594
0.164959
0.165454
0.17373
0.179026
0.179026
0.213755
0.2153
0.245821
0.259187
0.287704
0.287837
0.307748
0.347135
0.34941
0.34941
0.382543
0.388972
0.40704
0.47357
0.47357
0.490038
0.512036
0.512036
0.54024
0.552683
0.567613
0.616973
0.638468
0.650458
0.673233
0.684889
0.720365
0.723777
0.737642
0.782854
0.787833
0.796202
0.820888
0.843778
0.852252
0.853706
0.873669
0.875087
0.918225
0.925948
0.92784
0.939839
0.939839
0.950025
0.956025
0.957991
0.960065
0.972643
0.973407
0.975535
0.976128
0.976405
0.981719
0.981719
0.986144
0.987901
0.988534
0.989485
0.991228
0.991636
0.994149
0.994422
0.994647
0.996627
0.997051
0.997754
0.997754
0.997868
0.998247
0.998338
0.998508
0.998556
0.998576
0.998738
0.998936
0.999023
0.999176
0.999246
0.999284
0.999321
0.999416
0.999416
0.999523
0.999592
0.999675
0.9997
0.999715
0.999765
0.999775
0.999805
0.999817
0.999817
0.999819
0.999839
0.999889
0.999898
0.999896
0.999902
0.999903
0.99992
0.999929
0.999929
0.99994
0.999949
0.999963
0.999963
0.999964
0.999964
0.999967
0.999968
0.999971
0.999973
0.999973
0.999976
0.99998
0.999985
0.999985
0.999985
0.999989
0.999989
0.999989
0.99999
0.999991
0.999993
0.999994
0.999994
0.999995
0.999995
0.999996
0.999996
0.999996
0.999997
0.999997
0.999997
0.999997
0.999998
0.999998
0.999998
0.999999
0.999999
0.999999
0.999999
0.999999
0.999999
0.999999
1
1
1
1
1
1
1
1
1
1
1
1
1
1
1
1
1
1
1
1
1
1
1
1
1
1
1
1
1
1
1
1
1
1
1
1
1
1
1
1
1
1
1
1
1
1
1
1
1
1
1
1
1
1
1
1
1
1
1
1
1
1
1
1
1
1
1
1
1
1
1
1
1
1
1
1
1
1
1
1
1
1
1
1
1
1
1
1
1
1
1
1
1
1
1
1
1
1
1
1
1
1
1
1
1
1
1
1
1
1
1
1
1
1
1
1
1
1
1
1
1
1
1
1
1
1
1
1
1
1
1
1
1
1
1
1
1
1
1
1
1
1
1
1
1
1
1
1
1
1
1
1
1
1
1
1
1
1
1
1
1
1
1
1
1
1
1
1
1
1
1
1
1
1
1
1
1
1
1
1
1
1
1
1
1
1
1
1
1
1
1
0.999998
1
1
1
1
1
1
1
1
1
1
1
1
1
1
1
1
1
1
1
1
1
1
1
1
1
1
1
1
1
0.999999
1
1
1
1
1
1
1
1
1
1
1
1
1
1
1
1
1
1
1
1
1
1
1
1
1
1
1
1
1
1
1
1
1
1
1
1
1
1
1
1
1
1
1
1
1
1
1
1
1
1
1
1
1
1
1
1
1
1
1
1
1
1
1
1
1
1
1
1
1
1
1
1
1
1
1
1
1
1
1
1
1
1
1
1
1
1
1
1


0.0157478
0.0179597
0.018274
0.0188143
0.0196515
0.0199057
0.0207515
0.0208268
0.0209567
0.0219278
0.0223439
0.0218377
0.0221261
0.0233423
0.0234815
0.0234815
0.0241401
0.0246053
0.0248847
0.0254611
0.0266607
0.0263929
0.0269158
0.0269971
0.0286043
0.029135
0.029135
0.0306016
0.0322347
0.033882
0.033882
0.0360668
0.0371145
0.0372156
0.0386819
0.0400449
0.0434856
0.0460417
0.0478634
0.0550896
0.0590157
0.060674
0.0632507
0.0637708
0.0637708
0.0666714
0.0688669
0.0873236
0.0894664
0.0894664
0.0923988
0.101402
0.101402
0.105273
0.1358
0.1358
0.143743
0.147164
0.150257
0.166557
0.166557
0.190036
0.195161
0.216631
0.223957
0.223957
0.224064
0.23405
0.240135
0.245225
0.248985
0.256699
0.262404
0.262414
0.284977
0.299453
0.309231
0.309839
0.311642
0.322136
0.324292
0.336937
0.336937
0.342133
0.342529
0.345846
0.345846
0.347425
0.355571
0.355824
0.360749
0.367146
0.370933
0.373319
0.373493
0.373633
0.377789
0.378073
0.379391
0.383044
0.383161
0.382533
0.382533
0.383782
0.383798
0.3845
0.384926
0.385327
0.385749
0.386216
0.386216
0.386319
0.388049
0.388049
0.390251
0.390251
0.390424
0.390424
0.390453
0.390563
0.39084
0.391146
0.391146
0.391156
0.391346
0.391665
0.391665
0.391769
0.391885
0.391885
0.391885
0.391818
0.391949
0.392098
0.3921
0.392291
0.39242
0.392463
0.392468
0.392472
0.392473
0.392519
0.392523
0.392527
0.392532
0.392557
0.392561
0.392563
0.392564
0.392595
0.3926
0.392611
0.392617
0.392618
0.392619
0.39262
0.392631
0.392633
0.392641
0.392656
0.392662
0.392665
0.392665
0.392668
0.392672
0.392677
0.392677
0.39268
0.392681
0.392681
0.392683
0.392692
0.392692
0.397619
0.397621
0.399003
0.399004
0.40073
0.40073
0.40073
0.400731
0.404422
0.404975
0.404975
0.404975
0.405474
0.408175
0.408675
0.411386
0.412941
0.413245
0.413935
0.425356
0.427598
0.430767
0.438851
0.438851
0.441123
0.445012
0.452061
0.452061
0.475037
0.475037
0.475037
0.475037
0.477388
0.477388
0.477388
0.489622
0.492
0.492
0.492
0.492
0.492736
0.492833
0.507037
0.516248
0.516248
0.518686
0.518686
0.518686
0.52145
0.522689
0.522689
0.52584
0.52584
0.52584
0.533657
0.534031
0.537637
0.537637
0.537637
0.537637
0.540861
0.542076
0.542402
0.542636
0.542636
0.542636
0.543828
0.544076
0.54589
0.54589
0.54589
0.547401
0.548281
0.548281
0.550744
0.551699
0.551699
0.551699
0.553184
0.553184
0.553184
0.55334
0.553394
0.553394
0.553459
0.553459
0.553884
0.553884
0.553884
0.553884
0.55423
0.554711
0.5552
0.5552
0.555359
0.555581
0.555626
0.555626
0.555764
0.556078
0.556078
0.556078
0.556078
0.556175
0.556175
0.556293
0.556472
0.55649
0.55649
0.55649
0.556516
0.556516
0.556612
0.556612
0.556612
0.556665
0.556665
0.556682
0.556682
0.556682
0.556731
0.55674
0.55674
0.556743
0.556758
0.556779
0.556784
0.556802
0.556802
0.556802
0.556819
0.556821
0.556823
0.556831
0.556836
0.556836
0.556844
0.556844
0.556845
0.556848
0.556848
0.556848
0.556849
0.556851
0.556851
0.556851
0.556856
0.556856
0.556856
0.556866
0.569047
0.569047
0.577355
0.577355
0.577356
0.577356
0.577362
0.581287
0.581288
0.588873
0.588873
0.623326
0.623326
0.623327
0.623329
0.623329
0.624513
0.626181
0.625302
0.626381
0.626381
0.626381
0.626381
0.628619
0.628619
0.634984
0.634984
0.648511
0.649667
0.649667
0.649667
0.649667
0.649903
0.649903
0.652975
0.652975
0.654653
0.654653
0.655572
0.656901
0.661683
0.662738
0.671364
0.679475
0.679475
0.679475
0.679854
0.680833
0.679302
0.68192
0.68342
0.68569
0.68569
0.68777
0.68777
0.688209
0.688431
0.688552
0.688556
0.689438
0.689438
0.69069
0.690936
0.690936
0.691042
0.692695
0.693313
0.693777
0.694471
0.694471
0.696149
0.696149
0.696149
0.696149
0.696149
0.696149
0.696302
0.696329
0.696656
0.696656
0.696656
0.696656
0.697213
0.697411
0.697411
0.697531
0.697608
0.697714
0.697761
0.698311
0.698502
0.698572
0.699306
0.699306
0.699307
0.699874
0.699874
0.700449
0.70077
0.700825
0.700902
0.700922
0.700922
0.701016
0.701112
0.701153
0.701172
0.701474
0.701793
0.702485
0.702485
0.702485
0.702485
0.702485
0.702584
0.70272
0.70272
0.702745
0.702786
0.702845
0.702845
0.702845
0.702899
0.702913
0.702915
0.702915
0.702932
0.702965
0.702977
0.702982
0.703001
0.703054
0.703084
0.703119
0.70315
0.70315
0.70315
0.703176
0.703191
0.703191
0.703207
0.703207
0.703207
0.703225
0.703247
0.703258
0.703265
0.703265
0.703276
0.703276
0.703277
0.703299
0.703317
0.703317
0.703317
0.703317
0.703317
0.703321
0.703337
0.703417
0.703446
0.70345
0.70345
0.703461
0.703522
0.703522
0.703557
0.703568
0.703568
0.703568
0.703573
0.703584
0.703584
0.703584
0.703584
0.703584
0.703587
0.703589
0.70359
0.70359
0.703591
0.703591
0.703602
0.703602
0.703613
0.703613
0.703619
0.703624
0.703623
0.703623
0.703623
0.703623
0.703625
0.703625
0.703631
0.703639
0.703642
0.703643
0.703643
0.703647
0.703648
0.703649
0.703652
0.703654
0.703655
0.70366
0.703661
0.703663
0.703664
0.703664
0.703665
0.703665
0.703665
0.703666
0.703666
0.703666
0.703669
0.703675
0.703675
0.703675
0.703676
0.703676
0.703676
0.703676
0.703676
0.703677
0.703678


0.0151854
0.0165535
0.0165762
0.0171152
0.0177806
0.0182368
0.0189844
0.0189844
0.0193725
0.0194
0.019491
0.0195976
0.0197137
0.0198817
0.0204343
0.0206679
0.0206859
0.0206864
0.0212638
0.0214944
0.0215924
0.0219522
0.0219974
0.0235931
0.0236162
0.0236296
0.0236296
0.0238301
0.0257214
0.0257214
0.0260291
0.0276094
0.0276094
0.0288303
0.0288303
0.0293964
0.0299669
0.0316501
0.0322638
0.0327665
0.034688
0.0352456
0.0368047
0.0377654
0.0423865
0.0438308
0.0438308
0.0477402
0.0490138
0.0490138
0.0502397
0.0527881
0.0609024
0.0671147
0.0671147
0.0716784
0.0823992
0.0845917
0.0939582
0.100251
0.103223
0.107518
0.115644
0.118246
0.119233
0.132247
0.152739
0.157739
0.184003
0.184003
0.189295
0.201271
0.208892
0.222856
0.222856
0.227793
0.237753
0.241504
0.24293
0.268895
0.273162
0.278315
0.295595
0.302044
0.302044
0.306945
0.316176
0.318537
0.323045
0.324062
0.338228
0.343453
0.348652
0.348652
0.354386
0.354386
0.35624
0.356827
0.358501
0.361862
0.362238
0.368653
0.370583
0.379642
0.381571
0.381754
0.382396
0.385462
0.386225
0.386595
0.392909
0.392987
0.405701
0.405701
0.433282
0.451842
0.451842
0.45246
0.452585
0.45264
0.462877
0.483112
0.483268
0.489422
0.490882
0.490882
0.490882
0.490885
0.52002
0.525327
0.525481
0.548259
0.562367
0.562433
0.563026
0.563169
0.569621
0.579291
0.580507
0.586998
0.591424
0.599237
0.612593
0.612649
0.618675
0.619153
0.619153
0.619181
0.619185
0.628368
0.628372
0.630087
0.640822
0.640822
0.642883
0.642945
0.642968
0.647691
0.648627
0.656635
0.656638
0.662416
0.663122
0.665022
0.674932
0.674989
0.674993
0.677553
0.680432
0.680437
0.680444
0.681939
0.682594
0.68274
0.682817
0.684861
0.684861
0.68698
0.688151
0.688284
0.688954
0.689313
0.689536
0.690289
0.690289
0.690821
0.690821
0.690821
0.690822
0.690822
0.690823
0.690917
0.690918
0.690918
0.691159
0.692788
0.692789
0.693676
0.693676
0.693677
0.693979
0.69398
0.69398
0.69398
0.69398
0.694029
0.694699
0.694881
0.694882
0.694945
0.695093
0.695168
0.695317
0.69545
0.69545
0.695753
0.695753
0.695781
0.695834
0.696007
0.696007
0.695977
0.695977
0.696247
0.696247
0.696388
0.696388
0.696424
0.696424
0.696424
0.696572
0.696572
0.696572
0.696574
0.696661
0.696699
0.696699
0.696755
0.696755
0.696907
0.696907
0.69687
0.69687
0.696891
0.696915
0.696936
0.696962
0.696962
0.696962
0.696974
0.696974
0.696947
0.696977
0.697011
0.697011
0.697022
0.697022
0.697022
0.697022
0.697039
0.697039
0.697069
0.697069
0.697069
0.697081
0.697086
0.697089
0.69709
0.69709
0.69709
0.69709
0.69709
0.697097
0.697097
0.697101
0.697101
0.697102
0.697102
0.697102
0.697105
0.697105
0.697105
0.697105
0.697105
0.697105
0.697106
0.697108
0.69711
0.697111
0.697112
0.697112
0.697113
0.697114
0.697115
0.697118
0.697118
0.697118
0.697118
0.697118
0.697118
0.69712
0.69712
0.69712
0.697122
0.697122
0.697122
0.697122
0.697123
0.697123
0.697123
0.697123
0.697123
0.697123
0.697125
0.697125
0.697126
0.697126
0.697126
0.697126
0.697126
0.697126
0.697127
0.697127
0.697127
0.697127
0.697127
0.697127
0.697128
0.697128
0.697128
0.697128
0.697128
0.697128
0.697128
0.697128
0.697128
0.697128
0.697128
0.697128
0.697128
0.697128
0.697129
0.699762
0.699762
0.7136
0.721825
0.72492
0.72492
0.725974
0.735635
0.739148
0.748614
0.750249
0.750249
0.757788
0.771453
0.805785
0.806227
0.813964
0.814446
0.815602
0.815602
0.820581
0.821413
0.823169
0.823169
0.82463
0.825992
0.825992
0.831026
0.831531
0.829536
0.842039
0.843225
0.843294
0.845414
0.845414
0.845414
0.845414
0.845982
0.848587
0.850998
0.850998
0.850998
0.8512
0.8512
0.85224
0.858523
0.864114
0.866337
0.866337
0.86865
0.86865
0.86865
0.869901
0.871312
0.871312
0.874129
0.874129
0.874903
0.876004
0.875591
0.875946
0.876694
0.877292
0.877365
0.877528
0.877921
0.877921
0.877921
0.877931
0.877931
0.878097
0.878116
0.878116
0.878134
0.87823
0.878319
0.878319
0.878319
0.878392
0.878597
0.879152
0.879176
0.879684
0.879697
0.879789
0.879789
0.880389
0.880398
0.881012
0.880495
0.880857
0.881081
0.881081
0.881164
0.88119
0.881294
0.881332
0.881702
0.881702
0.881772
0.881778
0.881778
0.881786
0.881786
0.881813
0.881904
0.881904
0.881946
0.881946
0.882
0.882041
0.882078
0.882078
0.882117
0.882117
0.882193
0.882204
0.882264
0.882264
0.882275
0.882275
0.882278
0.882282
0.882282
0.882285
0.882292
0.882297
0.882305
0.882312
0.882356
0.88236
0.88236
0.882365
0.882367
0.882371
0.882373
0.882374
0.882374
0.882378
0.882381
0.882381
0.882381
0.882381
0.882386
0.882387
0.882387
0.882409
0.882409
0.882409
0.882409
0.882411
0.882413
0.882413
0.882413
0.882413
0.882415
0.882415
0.882416
0.882416
0.882416
0.882416
0.882417
0.882417
0.882417
0.882418
0.882418
0.882419
0.882419
0.88242
0.88242
0.88242
0.88242
0.88242
0.88242
0.88242
0.88242
0.88242
0.882421
0.882421
0.882421
0.882421
0.882421
0.882421
0.882422
0.882422
0.882422
0.882422
0.882422
0.882422
0.882422
0.882422
0.882422
0.882422
0.882422
0.882422
0.882422
0.882422
0.882422
0.882422
0.882422
0.882422
0.882422
0.882422
0.882422
0.882422
0.882422
0.882422
0.882422
0.882422
0.882422
0.882422
0.882422
0.882422
0.882422
0.882422
0.882422
0.882422
0.882422
0.882422
0.882422
0.882422
0.882422
0.882422
0.882422
0.882422
0.882422
0.882422
0.882422
0.882422
0.882422
0.882422
0.882422
0.882422
0.882422
0.882422
0.882422
0.882422
0.882422
0.882422
0.882422
0.882422
0.882422
0.882422
0.882422
0.882422
0.882422
0.882422
0.882422
0.882422
0.882422
0.882422
0.882422
0.882422
0.882422
0.882422
0.882422
0.882422
0.882422


0.0211772
0.0223094
0.0236881
0.0251007
0.0260887
0.0266003
0.0271301
0.0281439
0.0286898
0.0290409
0.0291237
0.0293715
0.0297933
0.0300026
0.030805
0.030805
0.030854
0.0314622
0.0315901
0.0319964
0.0334544
0.0337501
0.0342031
0.0347338
0.0354575
0.0354575
0.0371872
0.0375925
0.037959
0.0384314
0.0387097
0.0390376
0.0392946
0.0406789
0.0406933
0.0414216
0.0414216
0.0438523
0.0453251
0.0480092
0.0480092
0.0487234
0.0533415
0.0533415
0.0535688
0.0543789
0.0544558
0.0570388
0.0598825
0.0611508
0.0615207
0.0645006
0.066168
0.066168
0.0675618
0.0704644
0.0821456
0.0919935
0.0919935
0.0932282
0.0957586
0.100272
0.110064
0.110547
0.11637
0.124334
0.125299
0.133096
0.13547
0.148271
0.148271
0.151481
0.156333
0.16222
0.16222
0.171591
0.187217
0.187217
0.189753
0.193279
0.199576
0.201812
0.204716
0.204896
0.206378
0.215749
0.219521
0.223385
0.225934
0.228719
0.228855
0.232939
0.23467
0.236407
0.237309
0.242588
0.243409
0.246986
0.249768
0.249933
0.251154
0.253665
0.254259
0.256255
0.258777
0.25934
0.26132
0.261341
0.26223
0.266594
0.267758
0.265197
0.268183
0.268885
0.270162
0.27043
0.27043
0.270683
0.270958
0.271685
0.272396
0.272962
0.273053
0.273472
0.273765
0.273967
0.274177
0.274364
0.274364
0.274609
0.275004
0.275212
0.275398
0.275409
0.275726
0.275803
0.275816
0.275969
0.27608
0.276353
0.276559
0.276547
0.276609
0.276693
0.276814
0.276827
0.276911
0.27695
0.27695
0.27704
0.277045
0.277085
0.277102
0.277111
0.277225
0.277247
0.277258
0.277297
0.277306
0.277326
0.277339
0.277397
0.277451
0.277451
0.277459
0.27746
0.2775
0.2775
0.277508
0.277528
0.277534
0.27753
0.277549
0.27755
0.277557
0.277561
0.277561
0.277574
0.277578
0.277579
0.277579
0.277582
0.277585
0.277589
0.27759
0.277595
0.277595
0.277595
0.277597
0.277597
0.277598
0.277599
0.277599
0.2776
0.277604
0.277604
0.277606
0.277607
0.277607
0.277607
0.277608
0.277608
0.277608
0.27761
0.27761
0.27761
0.27761
0.277611
0.277611
0.277611
0.277612
0.277612
0.277612
0.277612
0.277612
0.277614
0.277614
0.277614
0.277614
0.277614
0.277615
0.277615
0.277615
0.277615
0.277615
0.277615
0.277615
0.277615
0.277615
0.277615
0.277616
0.277616
0.277616
0.277616
0.277616
0.277616
0.277616
0.277616
0.277616
0.277616
0.277616
0.277616
0.277616
0.277616
0.277616
0.277616
0.277616
0.277616
0.277616
0.277616
0.277616
0.277616
0.277616
0.277616
0.277616
0.277616
0.277616
0.277616
0.277616
0.277616
0.277616
0.277616
0.277616
0.277616
0.277616
0.277616
0.277616
0.277616
0.277616
0.277616
0.277616
0.277616
0.277616
0.277616
0.277616
0.277616
0.277616
0.277616
0.277616
0.277616
0.277616
0.277616
0.277616
0.277616
0.277616
0.277616
0.277616
0.277616
0.277616
0.277616
0.277616
0.277616
0.277616
0.277616
0.277616
0.277616
0.277616
0.277616
0.277616
0.277616
0.277616
0.277616
0.277616
0.277616
0.277616
0.277616
0.277616
0.277616
0.277616
0.277616
0.277616
0.277616
0.277616
0.277616
0.277616
0.277616
0.277616
0.277616
0.277616
0.277616
0.277616
0.277616
0.277616
0.277616
0.277616
0.277616
0.277616
0.277616
0.277616
0.277616
0.277616
0.277616
0.277616
0.277616
0.277616
0.277616
0.277616
0.277616
0.277616
0.277616
0.277616
0.277616
0.277616
0.277616
0.277616
0.277616
0.277616
0.277616
0.277616
0.277616
0.277616
0.277616
0.277616
0.277616
0.277616
0.277616
0.277616
0.277616
0.277616
0.277616
0.277616
0.277616
0.277616
0.277616
0.277616
0.277616
0.277616
0.277616
0.277616
0.277616
0.277616
0.277616
0.277616
0.277616
0.277616
0.277616
0.277616
0.277616
0.277616
0.277616
0.277616
0.277616
0.277616
0.277616
0.277616
0.277616
0.277616
0.277616
0.277616
0.277616
0.277616
0.277616
0.277616
0.277616
0.277616
0.277616
0.277616
0.277616
0.277616
0.277616
0.277616
0.277616
0.277616
0.277616
0.277616
0.277616
0.277616
0.277616
0.277616
0.277616
0.277616
0.277616
0.277616
0.277616
0.277616
0.277616
0.277616
0.277616
0.277616
0.277616
0.277616
0.277616
0.277616
0.277616
0.277616
0.277616
0.277616
0.277616
0.277616
0.277616
0.277616
0.277616
0.277616
0.277616
0.277616
0.277616
0.277616
0.277616
0.277616
0.277616
0.277616
0.277616
0.277616
0.277616
0.277616
0.277616
0.277616
0.277616
0.277616
0.277616
0.277616
0.277616
0.277616
0.277616
0.277616
0.277616
0.277616
0.277616
0.277616
0.277616
0.277616
0.277616
0.277616
0.277616
0.277616
0.277616
0.277616
0.277616
0.277616
0.277616
0.277616
0.277616
0.277616
0.277616
0.277616
0.277616
0.277616
0.277616
0.277616
0.277616
0.277616
0.277616
0.277616
0.277616
0.277616
0.277616
0.277616
0.277616
0.277616
0.277616
0.277616
0.277616
0.277616
0.277616
0.277616
0.277616
0.277616
0.277616
0.277616
0.277616
0.277616
0.277616
0.277616
0.277616
0.277616
0.277616
0.277616
0.277616
0.277616
0.277616
0.277616
0.277616
0.277616
0.277616
0.277616
0.277616
0.277616
0.277616
0.277616
0.277616
0.277616
0.277616
0.277616
0.277616
0.277616
0.277616
0.277616
0.277616
0.277616
0.277616
0.277616
0.277616
0.277616
0.277616
0.277616
0.277616
0.277616
0.277616
0.277616
0.277616
0.277616
0.277616
0.277616
0.277616
0.277616
0.277616
0.277616
0.277616
0.277616
0.277616
0.277616
0.277616
0.277616
0.277616
0.277616
0.277616
0.277616
0.277616
0.277616
0.277616
0.277616
0.277616
0.277616
0.277616
0.277616
0.277616
0.277616
0.277616
0.277616
0.277616
0.277616
0.277616
0.277616
0.277616
0.277616
0.277616
0.277616
0.277616
0.277616
0.277616
0.277616
0.277616
0.277616
0.277616
0.277616
0.277616
0.277616
0.277616
0.277616
0.277616
0.277616
0.277616
0.277616
0.277616
0.277616
0.277616
0.277616
0.277616
0.277616
0.277616
0.277616
0.277616
0.277616
0.277616
0.277616
0.277616
0.277616
0.277616
0.277616
0.277616
0.277616
0.277616
0.277616
0.277616
0.277616
0.277616
0.277616
0.277616
0.277616
0.277616
0.277616
0.277616
0.277616
0.277616
0.277616
0.277616
0.277616
0.277616
0.277616
0.277616
0.277616
0.277616
0.277616
0.277616
0.277616
0.277616
0.277616
0.277616
0.277616
0.277616
0.277616
0.277616
0.277616
0.277616
0.277616
0.277616
0.277616
0.277616
0.277616
0.277616


0.0201267
0.0215517
0.0227116
0.0230725
0.0241868
0.0243586
0.0249606
0.0250917
0.0258642
0.0262115
0.0266276
0.0268307
0.027187
0.027187
0.0274983
0.027546
0.0282311
0.0285528
0.0290726
0.0291862
0.0294228
0.029009
0.0292033
0.0297339
0.0297725
0.0298064
0.029956
0.0300355
0.0301745
0.030288
0.0303461
0.0304355
0.0304645
0.0308223
0.0316708
0.0318364
0.0326615
0.0337794
0.0339522
0.0341557
0.0346734
0.0349101
0.0369984
0.0379483
0.0382496
0.0383549
0.0384354
0.0387632
0.038858
0.0425741
0.0433061
0.0427886
0.0443316
0.0466635
0.0466635
0.0467529
0.0475511
0.0482239
0.0490871
0.049587
0.0546688
0.0550303
0.0555077
0.0588864
0.0588864
0.0590022
0.0628324
0.0657493
0.0659927
0.067026
0.0742978
0.0733493
0.0733493
0.0780345
0.0821062
0.0821172
0.0864695
0.0878471
0.0904668
0.0923746
0.0949109
0.0980216
0.100583
0.100583
0.107067
0.107067
0.111532
0.11234
0.114862
0.11968
0.123618
0.123041
0.124642
0.124792
0.136145
0.137168
0.143992
0.145373
0.148032
0.154747
0.158188
0.15912
0.159799
0.161976
0.164536
0.166424
0.167348
0.171134
0.173446
0.178368
0.178429
0.179497
0.179497
0.179646
0.181427
0.182021
0.182036
0.183699
0.18379
0.183986
0.185994
0.189979
0.190875
0.190875
0.190875
0.192321
0.19322
0.19322
0.193803
0.193803
0.194029
0.196482
0.196591
0.197194
0.198875
0.19966
0.19966
0.200408
0.200416
0.200558
0.201292
0.202201
0.202872
0.203421
0.203421
0.204729
0.204796
0.205328
0.205556
0.205901
0.205901
0.205794
0.206046
0.206046
0.206052
0.206062
0.206513
0.206522
0.206543
0.206554
0.206816
0.206767
0.206925
0.20697
0.206983
0.207144
0.207145
0.207281
0.207284
0.207284
0.207296
0.207348
0.20735
0.207414
0.207473
0.207575
0.207576
0.20758
0.207636
0.207639
0.207657
0.207662
0.207719
0.207719
0.207737
0.207789
0.207789
0.207789
0.207789
0.207795
0.207799
0.207815
0.207848
0.207848
0.207848
0.20788
0.20791
0.207915
0.207924
0.207938
0.207938
0.207957
0.207957
0.207964
0.207991
0.207991
0.207992
0.207992
0.207994
0.207995
0.207997
0.20801
0.208017
0.208017
0.208017
0.20802
0.208025
0.208026
0.208031
0.208031
0.208043
0.208046
0.208052
0.208059
0.20806
0.20806
0.208061
0.208063
0.208063
0.208065
0.208068
0.208066
0.208066
0.208069
0.21183
0.211849
0.21185
0.21185
0.21185
0.222496
0.225678
0.227502
0.235047
0.254878
0.27139
0.27139
0.272172
0.273166
0.279175
0.279551
0.281054
0.307151
0.307151
0.309704
0.318286
0.318286
0.334605
0.334605
0.336779
0.338107
0.344863
0.348292
0.391148
0.391148
0.391772
0.407332
0.41144
0.412063
0.418708
0.419061
0.42102
0.421442
0.427504
0.42788
0.429291
0.443175
0.443175
0.443294
0.44665
0.459858
0.475849
0.476724
0.476724
0.476724
0.476785
0.480482
0.480482
0.48346
0.501805
0.50429
0.50429
0.5105
0.510546
0.530731
0.531221
0.531293
0.531431
0.535581
0.535581
0.536304
0.538859
0.539197
0.539197
0.541505
0.550528
0.550528
0.550578
0.552491
0.552694
0.556258
0.556258
0.55727
0.557466
0.561772
0.5619
0.566586
0.566586
0.566682
0.566821
0.567546
0.568079
0.568873
0.568955
0.570258
0.570263
0.570273
0.570998
0.570998
0.571617
0.572433
0.573073
0.573073
0.573126
0.573126
0.573529
0.573704
0.573718
0.573738
0.575113
0.57569
0.575707
0.575873
0.576069
0.576305
0.576323
0.576503
0.576605
0.576796
0.577223
0.577287
0.577287
0.577491
0.577491
0.577582
0.577583
0.577583
0.577594
0.5776
0.577631
0.577776
0.578157
0.578157
0.57816
0.578163
0.578226
0.578232
0.578253
0.578274
0.578276
0.578276
0.578331
0.578335
0.578347
0.57836
0.57836
0.578374
0.578413
0.578416
0.578462
0.578505
0.578505
0.578507
0.578562
0.578569
0.578569
0.57857
0.57857
0.578593
0.578594
0.578602
0.578605
0.578613
0.578613
0.578613
0.578631
0.578631
0.578632
0.578662
0.578662
0.578662
0.578664
0.578663
0.578666
0.578666
0.578666
0.578679
0.578679
0.57868
0.578681
0.578681
0.578686
0.578689
0.578689
0.578695
0.578697
0.578697
0.578698
0.5787
0.5787
0.578704
0.578704
0.578704
0.578704
0.578705
0.578707
0.578707
0.578707
0.578708
0.578708
0.578708
0.578709
0.578709
0.578709
0.57871
0.57871
0.57871
0.57871
0.578711
0.578711
0.578711
0.578711
0.578711
0.578711
0.578712
0.578712
0.578712
0.578712
0.578712
0.578713
0.578713
0.578713
0.578713
0.578713
0.578713
0.578713
0.578713
0.578713
0.578713
0.578713
0.578713
0.578713
0.578713
0.578713
0.578713
0.578713
0.578713
0.578714
0.578714
0.578714
0.578714
0.578714
0.578714
0.578714
0.578714
0.578714
0.578714
0.578714
0.578714
0.578714
0.578714
0.578714
0.578714
0.578714
0.578714
0.578714
0.578714
0.578714
0.578714
0.578714
0.578714
0.578714
0.578714
0.578714
0.578714
0.578714
0.578714
0.578714
0.578714
0.578714
0.578714
0.578714
0.578714
0.578714
0.578714
0.578714
0.578714
0.578714
0.578714
0.578714
0.578714
0.578714
0.578714
0.578714
0.578714
0.578714
0.578714
0.578714
0.578714
0.578714
0.578714
0.578714
0.578714
0.578714
0.578714
0.578714
0.578714
0.578714
0.578714
0.578714
0.578714
0.578714
0.578714
0.578714
0.578714
0.578714
0.578714
0.578714
0.578714
0.578714
0.578714
0.578714
0.578714
0.578714
0.578714
0.578714
0.578714
0.578714
0.578714
0.578714
0.578714
0.578714
0.578714
0.578714
0.578714
0.578714
0.578714
0.578714
0.578714
0.578714
0.578714
0.578714
0.578714
0.578714
0.578714
0.578714
0.578714
0.578714
0.578714
0.578714
0.578714
0.578714
0.578714
0.578714
0.578714
0.578714
0.578714
0.578714
0.578714
0.578714
0.578714
0.578714
0.578714
0.578714
0.578714
0.578714
0.578714
0.578714
0.578714
0.578714
0.578714
0.578714
0.578714
0.578714
0.578714
0.578714
0.578714
0.578714
0.578714
0.578714
0.578714
0.578714
0.578714
0.578714
0.578714
0.578714
0.578714
0.578714
0.578714
0.578714
0.578714
0.578714
0.578714
0.578714
0.578714
0.578714
0.578714
0.578714
0.578714
0.578714
0.578714
0.578714
0.578714
0.578714
0.578714
0.578714
0.578714
0.578714
0.578714
0.578714
0.578714
0.578714
0.578714
0.578714
0.578714
0.578714
0.578714
0.578714
0.578714
0.578714
0.578714
0.578714
0.578714
0.578714
0.578714
0.578714
0.578714
0.578714
0.578714
0.578714
0.578714
0.578714
0.578714
0.578714
0.578714
0.578714
0.578714
0.578714
0.578714
0.578714
0.578714
0.578714
0.578714
0.578714
0.578714
0.578714
0.578714
0.578714
0.578714
0.578714
0.578714
0.578714
0.578714
0.578714
0.578714
0.578714
0.578714
0.578714
0.578714
0.578714
0.578714
0.578714
0.578714
0.578714
0.578714
0.578714
0.578714
0.578714
0.578714
0.578714
0.578714
0.578714
0.578714
0.578714
0.578714
0.578714
0.578714
0.578714
0.578714
0.578714
0.578714


0.0153298
0.0160208
0.016659
0.0177102
0.0178695
0.0179093
0.0186622
0.0187411
0.0191872
0.0196316
0.0198259
0.019907
0.0201696
0.0203498
0.0203696
0.0205583
0.0207787
0.0208296
0.021161
0.0212483
0.0217113
0.0215218
0.0216118
0.0217131
0.0220108
0.0221497
0.0225462
0.0226212
0.0230327
0.0230555
0.0231531
0.023027
0.0230816
0.0232145
0.0232626
0.0234963
0.0238708
0.0246239
0.0248591
0.0248591
0.0251656
0.0245675
0.0247783
0.0249793
0.0254702
0.0255122
0.0256484
0.0256484
0.0256994
0.0259719
0.0264088
0.0263241
0.027126
0.0275191
0.0279829
0.0279829
0.0282382
0.0288454
0.0295038
0.0298169
0.0298337
0.030294
0.0326096
0.0330589
0.033617
0.034128
0.0354558
0.0408211
0.0409402
0.0412829
0.0425636
0.044046
0.0471607
0.0471671
0.0493209
0.0493209
0.0524961
0.0524961
0.0573833
0.0591684
0.0617834
0.0617834
0.0633234
0.0642723
0.0681924
0.0730674
0.0745494
0.0774511
0.0812479
0.0818411
0.0846613
0.0868462
0.0885901
0.0970301
0.102145
0.102145
0.108171
0.108171
0.110972
0.112329
0.115628
0.115932
0.119289
0.12724
0.127706
0.130892
0.143925
0.146717
0.15571
0.158096
0.170204
0.173127
0.176899
0.182805
0.185464
0.189196
0.190273
0.195206
0.200672
0.203901
0.205442
0.206556
0.211387
0.225686
0.225686
0.227356
0.228508
0.230502
0.232413
0.238775
0.244549
0.244549
0.250569
0.251511
0.253856
0.255124
0.257323
0.257849
0.257849
0.25939
0.264764
0.265893
0.269305
0.272636
0.272903
0.273349
0.2757
0.279091
0.279826
0.281949
0.282017
0.280904
0.282616
0.282616
0.28363
0.284662
0.285291
0.285615
0.286531
0.286866
0.286866
0.290896
0.290896
0.291335
0.291889
0.291958
0.292219
0.292219
0.29232
0.293396
0.293514
0.293685
0.293872
0.293997
0.294854
0.295058
0.295491
0.295723
0.29582
0.295997
0.296365
0.29656
0.296747
0.296747
0.296747
0.296831
0.29697
0.297007
0.297596
0.297772
0.297772
0.297772
0.297961
0.297961
0.298095
0.298179
0.298224
0.29833
0.298491
0.29853
0.298533
0.298533
0.298553
0.298595
0.298695
0.298695
0.298766
0.298767
0.298783
0.298799
0.298901
0.29883
0.298911
0.298996
0.298996
0.298996
0.299008
0.299008
0.299084
0.299098
0.299126
0.299141
0.299141
0.299208
0.299213
0.299246
0.299264
0.299267
0.299275
0.299277
0.299291
0.299304
0.299311
0.299319
0.299322
0.29933
0.299331
0.299339
0.299339
0.29935
0.299353
0.299352
0.299355
0.299359
0.29937
0.299373
0.299376
0.299378
0.299381
0.299381
0.299383
0.299386
0.299391
0.299391
0.299392
0.299394
0.299396
0.299399
0.299401
0.299402
0.299407
0.299408
0.299408
0.299411
0.299411
0.299412
0.299413
0.299416
0.299416
0.299416
0.299416
0.299416
0.299416
0.299417
0.299417
0.299417
0.299418
0.299418
0.299419
0.299419
0.299419
0.29942
0.29942
0.29942
0.299421
0.299421
0.299421
0.299421
0.299422
0.299422
0.299422
0.299422
0.299423
0.299423
0.299423
0.299423
0.299423
0.299424
0.299424
0.299424
0.299424
0.299424
0.299424
0.299424
0.299424
0.299424
0.299425
0.299425
0.299425
0.299425
0.299425
0.299425
0.299425
0.299425
0.299425
0.299425
0.299425
0.299425
0.299425
0.299425
0.299425
0.299425
0.299425
0.299425
0.299425
0.299425
0.299425
0.299425
0.299425
0.299426
0.299426
0.299425
0.299426
0.299426
0.299426
0.299426
0.299426
0.299426
0.299426
0.299426
0.299426
0.299426
0.299426
0.299426
0.299426
0.299426
0.299426
0.299426
0.299426
0.299426
0.299426
0.299426
0.299426
0.299426
0.299426
0.299426
0.299426
0.299426
0.299426
0.299426
0.299426
0.299426
0.299426
0.299426
0.299426
0.299426
0.299426
0.299426
0.299426
0.299426
0.299426
0.299426
0.299426
0.299426
0.299426
0.299426
0.299426
0.299426
0.299426
0.299426
0.299426
0.299426
0.299426
0.299426
0.299426
0.299426
0.299426
0.299426
0.299426
0.299426
0.299426
0.299426
0.299426
0.299426
0.299426
0.299426
0.299426
0.299426
0.299426
0.299426
0.299426
0.299426
0.299426
0.299426
0.299426
0.299426
0.299426
0.299426
0.299426
0.299426
0.299426
0.299426
0.299426
0.299426
0.299426
0.299426
0.299426
0.299426
0.299426
0.299426
0.299426
0.299426
0.299426
0.299426
0.299426
0.299426
0.299426
0.299426
0.299426
0.299426
0.299426
0.299426
0.299426
0.299426
0.299426
0.299426
0.299426
0.299426
0.299426
0.299426
0.299426
0.299426
0.299426
0.299426
0.299426
0.299426
0.299426
0.299426
0.299426
0.299426
0.299426
0.299426
0.299426
0.299426
0.299426
0.299426
0.299426
0.299426
0.299426
0.299426
0.299426
0.299426
0.299426
0.299426
0.299426
0.299426
0.299426
0.299426
0.299426
0.299426
0.299426
0.299426
0.299426
0.299426
0.299426
0.299426
0.299426
0.299426
0.299426
0.299426
0.299426
0.299426
0.299426
0.299426
0.299426
0.299426
0.299426
0.299426
0.299426
0.299426
0.299426
0.299426
0.299426
0.299426
0.299426
0.299426
0.299426
0.299426
0.299426
0.299426
0.299426
0.299426
0.299426
0.299426
0.299426
0.299426
0.299426
0.299426
0.299426
0.299426
0.299426
0.299426
0.299426
0.299426
0.299426
0.299426
0.299426
0.299426
0.299426
0.299426
0.299426
0.299426
0.299426
0.299426
0.299426
0.299426
0.299426
0.299426
0.299426
0.299426
0.299426
0.299426
0.299426
0.299426
0.299426
0.299426
0.299426
0.299426
0.299426
0.299426
0.299426
0.299426
0.299426
0.299426
0.299426
0.299426
0.299426
0.299426
0.299426
0.299426
0.299426
0.299426
0.299426
0.299426
0.299426
0.299426
0.299426
0.299426
0.299426
0.299426
0.299426
0.299426
0.299426
0.299426
0.299426
0.299426
0.299426
0.299426
0.299426
0.299426
0.299426
0.299426
0.299426
0.299426
0.299426
0.299426
0.299426
0.299426
0.299426
0.299426
0.299426
0.299426
0.299426
0.299426
0.299426
0.299426
0.299426
0.299426
0.299426
0.299426
0.299426
0.299426
0.299426
0.299426
0.299426
0.299426
0.299426
0.299426
0.299426
0.299426
0.299426
0.299426
0.299426
0.299426
0.299426
0.299426
0.299426
0.299426
0.299426
0.299426
0.299426
0.299426
0.299426
0.299426
0.299426
0.299426
0.299426
0.299426
0.299426
0.299426
0.299426
0.299426
0.299426
0.299426
0.299426
0.299426
0.299426
0.299426
0.299426
0.299426
0.299426
0.299426
0.299426
0.299426
0.299426
0.299426
0.299426
0.299426
0.299426
0.299426
0.299426
0.299426
0.299426
0.299426
0.299426
0.299426
0.299426
0.299426
0.299426
0.299426
0.299426
0.299384
0.299426
0.299426
0.299426
0.299426
0.299426
0.299426
0.299426
0.299426
0.299426
0.299426
0.299426
0.299426
0.299426
0.299426
0.299426
0.299426
0.299426
0.299426
0.299426
0.299426
0.299426
0.299426
0.299426
0.299426
0.299426
0.299426
0.299426
0.299426
0.299426
0.299426
0.299426
0.299426
0.299426
0.299426
0.299426
0.299426
0.299426
0.299426
0.299426
0.299426
0.299426
0.299426
0.299426
0.299426
0.299426
0.299426
0.299426
0.299426
0.299426
0.299426
0.299426
0.299426
0.299426
0.299426
0.299426
0.299426
0.299426
0.299426
0.299426
0.299426
0.299426
0.299426
0.299426
0.299426
0.299426
0.299426
0.299426
0.299426
0.299426
0.299426
0.299426
0.299426
0.299426
0.299426
0.299426
0.299426
0.299426
0.299426
0.299426
0.299426
0.299426
0.299426
0.299426
0.299426
0.299426
0.299426
0.299426
0.299426
0.299426
0.299426
0.299426
0.299426
0.299426
0.299426
0.299426
0.299426
0.299426
0.299426


0.0124535
0.014588
0.0154523
0.0157601
0.0160237
0.0161512
0.0162434
0.0166269
0.0168549
0.0171041
0.0171865
0.0173005
0.0174978
0.0175415
0.0175732
0.0177102
0.0178876
0.0178876
0.0178876
0.0180081
0.0181221
0.0180913
0.0183675
0.0185959
0.0187276
0.0187473
0.018866
0.0191529
0.019153
0.0191984
0.0194811
0.019818
0.0200499
0.0202409
0.0208729
0.0209835
0.0211956
0.0215556
0.0218047
0.0225684
0.0233358
0.023363
0.0240393
0.0244011
0.0245723
0.0253267
0.0254693
0.0265962
0.0265962
0.0265962
0.0268446
0.027428
0.0274762
0.0294787
0.0308962
0.0344702
0.0351525
0.0351525
0.038289
0.0383546
0.0391436
0.0410332
0.0426714
0.0430357
0.0460885
0.0503756
0.0515976
0.0563323
0.0675705
0.0675705
0.0697611
0.0680247
0.0730039
0.0747324
0.0751526
0.0836074
0.0840051
0.085541
0.09422
0.098095
0.101356
0.114542
0.120391
0.142487
0.142487
0.143575
0.148271
0.153523
0.153523
0.173436
0.241576
0.239634
0.241866
0.266055
0.299879
0.299879
0.315433
0.316296
0.317396
0.332963
0.360576
0.360231
0.367577
0.376014
0.377663
0.378032
0.386226
0.404096
0.404096
0.413111
0.417034
0.424096
0.4254
0.435042
0.435042
0.452653
0.452653
0.477112
0.478768
0.490605
0.496857
0.516062
0.516062
0.516062
0.520491
0.525475
0.531068
0.531572
0.531909
0.532684
0.53996
0.539693
0.546908
0.547
0.547596
0.550288
0.556271
0.558781
0.565199
0.565833
0.568423
0.571368
0.571872
0.576104
0.576746
0.586921
0.586921
0.587322
0.587559
0.587559
0.589343
0.59041
0.590426
0.590466
0.591255
0.591258
0.592825
0.593744
0.595016
0.597107
0.597107
0.597494
0.598416
0.59941
0.599575
0.599575
0.601356
0.601624
0.602685
0.602689
0.602715
0.60272
0.603036
0.603143
0.603675
0.604702
0.604705
0.604952
0.604991
0.604991
0.605305
0.605322
0.605322
0.605402
0.605733
0.605733
0.6058
0.605848
0.605887
0.605994
0.605995
0.60616
0.606225
0.606225
0.606284
0.606536
0.606623
0.60668
0.606709
0.606717
0.606839
0.60682
0.606897
0.606899
0.607086
0.60719
0.607193
0.607198
0.607198
0.6072
0.607377
0.607443
0.607445
0.607446
0.607476
0.607567
0.607568
0.607568
0.607576
0.607607
0.607614
0.607651
0.607673
0.607679
0.607706
0.607707
0.607707
0.607712
0.607727
0.607729
0.60773
0.607731
0.607749
0.607763
0.607774
0.607774
0.607778
0.607784
0.607797
0.6078
0.6078
0.607801
0.607809
0.607812
0.607819
0.607819
0.607819
0.607821
0.607822
0.607824
0.607824
0.607825
0.607826
0.60783
0.607833
0.607835
0.607837
0.607837
0.607837
0.607837
0.607838
0.607839
0.607843
0.607843
0.607843
0.607844
0.607844
0.607844
0.607844
0.607845
0.607845
0.607845
0.607845
0.607846
0.607846
0.607846
0.607846
0.607847
0.607847
0.607847
0.607847
0.607847
0.607847
0.607847
0.607848
0.607848
0.607848
0.607848
0.607848
0.607849
0.607849
0.607849
0.607849
0.607849
0.607849
0.607849
0.607849
0.607849
0.607849
0.607849
0.607849
0.607849
0.607849
0.607849
0.607849
0.607849
0.607849
0.607849
0.607849
0.607849
0.607849
0.607849
0.607849
0.607849
0.607849
0.607849
0.607849
0.607849
0.607849
0.607849
0.607849
0.607849
0.607849
0.607849
0.607849
0.607849
0.607849
0.607849
0.607849
0.607849
0.607849
0.607849
0.607849
0.607849
0.607849
0.607849
0.607849
0.607849
0.607849
0.607849
0.607849
0.607849
0.607849
0.607849
0.607849
0.607849
0.607849
0.607849
0.607849
0.607849
0.607849
0.607849
0.607849
0.607849
0.607849
0.607849
0.607849
0.607849
0.607849
0.607849
0.607849
0.607849
0.607849
0.607849
0.607849
0.607849
0.607849
0.607849
0.607849
0.607849
0.607849
0.607849
0.607849
0.607849
0.607849
0.607849
0.607849
0.607849
0.607849
0.607849
0.607849
0.607849
0.607849
0.607849
0.607849
0.607849
0.607849
0.607849
0.607849
0.607849
0.607849
0.607849
0.607849
0.607849
0.607849
0.607849
0.607849
0.607849
0.607849
0.607849
0.607849
0.607849
0.607849
0.607849
0.607849
0.607849
0.607849
0.607849
0.607849
0.607849
0.607849
0.607849
0.607849
0.607849
0.607849
0.607849
0.607849
0.607849
0.607849
0.607849
0.607849
0.607849
0.607849
0.607849
0.607849
0.607849
0.607849
0.607849
0.607849
0.607849
0.607849
0.607849
0.607849
0.607849
0.607849
0.607849
0.607849
0.607849
0.607849
0.607849
0.607849
0.607849
0.607849
0.607849
0.607849
0.607849
0.607849
0.607849
0.607849
0.607849
0.607849
0.607849
0.607849
0.607849
0.607849
0.607849
0.607849
0.607849
0.607849
0.607849
0.607849
0.607849
0.607849
0.607849
0.607849
0.607849
0.607849
0.607849
0.607849
0.607849
0.607849
0.607849
0.607849
0.607849
0.607849
0.607849
0.607849
0.607849
0.607849
0.607849
0.607849
0.607849
0.607849
0.607849
0.607849
0.607849
0.607849
0.607849
0.607849
0.607849
0.607849
0.607849
0.607849
0.607849
0.607849
0.607849
0.607849
0.607849
0.607849
0.607849
0.607849
0.607849
0.607849
0.607849
0.607849
0.607849
0.607849
0.607849
0.607849
0.607849
0.607849
0.607849
0.607849
0.607849
0.607849
0.607849
0.607849
0.607849
0.607849
0.607849
0.607849
0.607849
0.607849
0.607849
0.607849
0.607849
0.607849
0.607849
0.607849
0.607849
0.607849
0.607849
0.607849
0.607849
0.607849
0.607849
0.607849
0.607849
0.607849
0.607849
0.607849
0.607849
0.607849
0.607849
0.607849
0.607849
0.607849
0.607849
0.607849
0.607849
0.607849
0.607849
0.607849
0.607849
0.607849
0.607849
0.607849
0.607849
0.607849
0.607849
0.607849
0.607849
0.607849
0.607849
0.607849
0.607849
0.607849
0.607849
0.607849
0.607849
0.607849
0.607849
0.607849
0.607849
0.607849
0.607849
0.607849
0.607849
0.607849
0.607849
0.607849
0.607849
0.607849
0.607849
0.607849
0.607849
0.607849
0.607849
0.607849
0.607849
0.607849
0.607849
0.607849
0.607849
0.607849
0.607849
0.607849
0.607849
0.607849
0.607849
0.607849
0.607849
0.607849
0.607849
0.607849
0.607849
0.607849
0.607849
0.607849
0.607849
0.607849
0.607849
0.607849
0.607849
0.607849
0.607849
0.607849
0.607849
0.607849
0.607849
0.607849
0.607849
0.607849
0.607849
0.607849
0.607849
0.607849
0.607849
0.607849
0.607849
0.607849
0.607849
0.607849
0.607849
0.607849
0.607849
0.607849
0.607849
0.607849
0.607849
0.607849
0.607849
0.607849
0.607849
0.607849
0.607849
0.607849
0.607849
0.607849
0.607849
0.607849
0.605593
0.607849
0.607849
0.607849
0.607849
0.607849
0.607849
0.607849
0.607849
0.607849
0.607849
0.607849
0.607849
0.607849
0.607849
0.607849
0.607849
0.607849
0.607849
0.607849
0.607849
0.607849
0.607849
0.607849
0.607849
0.607849
0.607849
0.607849
0.607849
0.607849
0.607849
0.607849
0.607849
0.607849
0.607849
0.607849
0.607849
0.607849
0.607849
0.607849
0.607849
0.607849
0.607849
0.607849
0.607849
0.607849
0.607849
0.607849
0.607849


0.0184307
0.018868
0.019787
0.0212253
0.0216635
0.0222684
0.0224811
0.0234772
0.0234772
0.0235941
0.0242933
0.0242918
0.0244288
0.0247663
0.0250813
0.0252075
0.0253311
0.0256446
0.0259045
0.0262615
0.0263442
0.0264521
0.0266732
0.0266735
0.0275809
0.0275809
0.0280303
0.0286267
0.0286674
0.0289699
0.0294926
0.0307192
0.0309287
0.0310025
0.0319715
0.0335161
0.0362352
0.0362352
0.0380679
0.0380679
0.0385348
0.0410671
0.0428869
0.0447415
0.0447415
0.046879
0.0468938
0.0527719
0.0560407
0.0596581
0.0631268
0.070707
0.0727491
0.0727491
0.0887814
0.0894171
0.0944087
0.103431
0.110723
0.110723
0.119492
0.120281
0.123239
0.138318
0.143423
0.14423
0.160791
0.173777
0.173777
0.185284
0.218884
0.22712
0.242136
0.255086
0.272407
0.296279
0.301427
0.306512
0.316449
0.327093
0.343301
0.360315
0.368947
0.385749
0.385749
0.413386
0.42529
0.435588
0.450575
0.454637
0.464253
0.483678
0.48495
0.495975
0.524153
0.53532
0.551699
0.551699
0.57275
0.610075
0.611989
0.646583
0.658385
0.672907
0.684329
0.684373
0.709193
0.720336
0.73619
0.73661
0.737412
0.7426
0.745152
0.756979
0.756979
0.756979
0.766522
0.772041
0.783327
0.795111
0.798988
0.800764
0.802388
0.813753
0.813753
0.813753
0.819403
0.819965
0.821888
0.823114
0.823585
0.82485
0.827174
0.827174
0.827825
0.830457
0.832073
0.83284
0.833924
0.834025
0.836454
0.837064
0.838707
0.838788
0.8401
0.840473
0.841565
0.842392
0.843029
0.843029
0.843279
0.84344
0.843604
0.843891
0.844326
0.84481
0.844863
0.844863
0.845646
0.845819
0.845819
0.845857
0.846572
0.84668
0.846697
0.847025
0.847243
0.847392
0.847593
0.847683
0.847683
0.847756
0.847973
0.848004
0.848066
0.848256
0.848345
0.848425
0.848464
0.848507
0.848591
0.848614
0.848636
0.848651
0.848656
0.848668
0.848799
0.848817
0.848844
0.848863
0.848864
0.848869
0.848869
0.848881
0.848924
0.84893
0.849
0.849016
0.849016
0.849022
0.849042
0.84908
0.84909
0.849095
0.849095
0.849117
0.84913
0.84913
0.849139
0.849156
0.849156
0.849159
0.849162
0.849163
0.84917
0.849171
0.849175
0.849177
0.849179
0.84918
0.849185
0.849188
0.84919
0.849192
0.849192
0.849193
0.849196
0.849196
0.849197
0.849198
0.849199
0.849199
0.8492
0.8492
0.849202
0.849203
0.849203
0.849203
0.849204
0.849204
0.849204
0.849205
0.849205
0.849205
0.849205
0.849206
0.849206
0.849206
0.849206
0.849206
0.849206
0.849206
0.849207
0.849207
0.849207
0.849207
0.849207
0.849207
0.849207
0.849207
0.849207
0.849207
0.849207
0.849207
0.849207
0.849207
0.849207
0.849207
0.849207
0.849207
0.849207
0.849207
0.849207
0.849207
0.849207
0.849207
0.849207
0.849207
0.849207
0.849207
0.849207
0.849207
0.849207
0.849208
0.849208
0.849208
0.849208
0.849208
0.849208
0.849208
0.849208
0.849208
0.849208
0.849208
0.849208
0.849208
0.849208
0.849208
0.849208
0.849208
0.849208
0.849208
0.849208
0.849208
0.849208
0.849208
0.849208
0.849208
0.849208
0.849208
0.849208
0.849208
0.849208
0.849208
0.849208
0.849208
0.849208
0.849208
0.849208
0.849208
0.849208
0.849208
0.849208
0.849208
0.849208
0.849208
0.849208
0.849208
0.849208
0.849208
0.849208
0.849208
0.849208
0.849208
0.849208
0.849208
0.849208
0.849208
0.849208
0.849208
0.849208
0.849208
0.849208
0.849208
0.849208
0.849208
0.849208
0.849208
0.849208
0.849208
0.849208
0.849208
0.849208
0.849208
0.849208
0.849208
0.849208
0.849208
0.849208
0.849208
0.849208
0.849208
0.849208
0.849208
0.849208
0.849208
0.849208
0.849208
0.849208
0.849208
0.849208
0.849208
0.849208
0.849208
0.849208
0.849208
0.849208
0.849208
0.849208
0.849208
0.849208
0.849208
0.849208
0.849208
0.849208
0.849208
0.849208
0.849208
0.849208
0.849208
0.849208
0.849208
0.849208
0.849208
0.849208
0.849208
0.849208
0.849208
0.849208
0.849208
0.849208
0.849208
0.849208
0.849208
0.849208
0.849208
0.849208
0.849208
0.849208
0.849208
0.849208
0.849208
0.849208
0.849208
0.849208
0.849208
0.849208
0.849208
0.849208
0.849208
0.849208
0.849208
0.849208
0.849208
0.849208
0.849208
0.849208
0.849208
0.849208
0.849208
0.849208
0.849208
0.849208
0.849208
0.849208
0.849208
0.849208
0.849208
0.849208
0.849208
0.849208
0.849208
0.849208
0.849208
0.849208
0.849208
0.849208
0.849208
0.849208
0.849208
0.849208
0.849208
0.849208
0.849208
0.849208
0.849208
0.849208
0.849208
0.849208
0.849208
0.849208
0.849208
0.849208
0.849208
0.849208
0.849208
0.849208
0.849208
0.849208
0.849208
0.849208
0.849208
0.849208
0.849208
0.849208
0.849208
0.849208
0.849208
0.849208
0.849208
0.849208
0.849208
0.849208
0.849208
0.849208
0.849208
0.849208
0.849208
0.849208
0.849208
0.849208
0.849208
0.849208
0.849208
0.849208
0.849208
0.849208
0.849208
0.849208
0.849208
0.849208
0.849208
0.849208
0.849208
0.849208
0.849208
0.849208
0.849208
0.849208
0.849208
0.849208
0.849208
0.849208
0.849208
0.849208
0.849208
0.849208
0.849208
0.849208
0.849208
0.849208
0.849208
0.849208
0.849208
0.849208
0.849208
0.849208
0.849208
0.849208
0.849208
0.849208
0.849208
0.849208
0.849208
0.849208
0.849208
0.849208
0.849208
0.849208
0.849208
0.849208
0.849208
0.849208
0.849208
0.849208
0.849208
0.849208
0.849208
0.849208
0.849208
0.849208
0.849208
0.849208
0.849208
0.849208
0.849208
0.849208
0.849208
0.849208
0.849208
0.849208
0.849208
0.849208
0.849208
0.849208
0.849208
0.849208
0.849208
0.849208
0.849208
0.849208
0.849208
0.849208
0.849208
0.849208
0.849208
0.849208
0.849208
0.849208
0.849208
0.849208
0.849208
0.849208
0.849208
0.849208
0.849208
0.849208
0.849208
0.849208
0.849208
0.849208
0.849208
0.849208
0.849208
0.849208
0.849208
0.849208
0.849208
0.849208
0.849208
0.849208
0.849208
0.849208
0.849208
0.849208
0.849208
0.849208
0.849208
0.849208
0.849208
0.849208
0.849208
0.849208
0.849208
0.849208
0.849208
0.849208
0.849208
0.849208
0.849208
0.849208
0.849208
0.849208
0.849208
0.849208
0.849208
0.849208
0.849208
0.849208
0.849208
0.849208
0.849208
0.849208
0.849208
0.849208
0.849208
0.849208
0.849208
0.849208
0.849208
0.849208
0.849208
0.849208
0.849208
0.849208
0.849208
0.849208
0.849208
0.849208
0.849208


0.0315781
0.0342551
0.0344821
0.0361523
0.0361523
0.0369026
0.0371955
0.0378405
0.0378405
0.0381125
0.0393462
0.039609
0.0400166
0.0400166
0.0403593
0.0403593
0.0406929
0.0408946
0.0414618
0.0416991
0.0417144
0.0430054
0.0430054
0.0430104
0.0433099
0.0446083
0.044816
0.0452074
0.0469552
0.0492613
0.0503199
0.0504332
0.0531325
0.0537956
0.054463
0.0554619
0.057518
0.060201
0.060201
0.0602175
0.0602177
0.0625483
0.0627518
0.0649848
0.0651646
0.066476
0.0676814
0.0692306
0.0780319
0.078217
0.0784222
0.0837246
0.084268
0.0981181
0.0981181
0.0985466
0.0985755
0.0997401
0.101749
0.101749
0.115815
0.118995
0.118995
0.12072
0.123147
0.123147
0.130743
0.135644
0.146307
0.157546
0.190539
0.155931
0.168835
0.174603
0.196843
0.200393
0.211869
0.227818
0.23174
0.246649
0.278217
0.278217
0.281762
0.281762
0.295551
0.296198
0.311631
0.326478
0.327482
0.338341
0.35386
0.376182
0.387848
0.390558
0.402894
0.42002
0.472293
0.472293
0.475167
0.47797
0.482895
0.493117
0.497383
0.506828
0.512967
0.513267
0.523801
0.528309
0.528309
0.528309
0.551034
0.55338
0.55406
0.556132
0.556186
0.564266
0.577115
0.578783
0.5794
0.584736
0.584991
0.586246
0.593769
0.594566
0.598771
0.600415
0.601213
0.601358
0.607236
0.608157
0.608157
0.6089
0.60924
0.61051
0.610716
0.6113
0.6113
0.613142
0.613214
0.613214
0.613347
0.6139
0.614063
0.614594
0.615414
0.615442
0.615442
0.615965
0.616814
0.616814
0.616856
0.617163
0.617192
0.617227
0.617664
0.617749
0.617775
0.618086
0.618186
0.618439
0.61857
0.618566
0.618576
0.618637
0.618804
0.618871
0.618871
0.618882
0.618887
0.619012
0.619032
0.619054
0.619067
0.619068
0.619078
0.619123
0.619181
0.619187
0.619203
0.619278
0.619329
0.619335
0.61936
0.619363
0.619403
0.619422
0.619431
0.619431
0.619439
0.61945
0.619451
0.619462
0.619463
0.619465
0.619467
0.619467
0.619471
0.619479
0.61949
0.61949
0.619515
0.619508
0.619508
0.619509
0.619514
0.619517
0.619522
0.619528
0.619528
0.619528
0.619528
0.619529
0.619532
0.619532
0.619533
0.619533
0.619534
0.619534
0.619535
0.619535
0.619535
0.619536
0.619536
0.619537
0.619538
0.619538
0.619538
0.619538
0.619538
0.619539
0.619539
0.619539
0.62649
0.630917
0.642588
0.642588
0.647812
0.647812
0.655854
0.655854
0.657631
0.667475
0.667475
0.667475
0.668446
0.670958
0.683939
0.683939
0.683939
0.693277
0.712626
0.709891
0.721583
0.723421
0.739065
0.748117
0.756324
0.767698
0.774561
0.790449
0.801251
0.798228
0.814323
0.828625
0.828625
0.828995
0.832241
0.872438
0.872438
0.876345
0.880029
0.880029
0.880029
0.893048
0.896741
0.896741
0.910351
0.910351
0.910351
0.910351
0.913802
0.913802
0.918582
0.918582
0.918582
0.930613
0.940826
0.940826
0.940826
0.940826
0.949723
0.951963
0.951963
0.951963
0.951963
0.951963
0.951963
0.954358
0.954358
0.954358
0.956032
0.957746
0.957746
0.965978
0.965978
0.965978
0.965978
0.968457
0.970966
0.973645
0.978278
0.979328
0.983312
0.983312
0.983312
0.985842
0.985842
0.986243
0.988852
0.988852
0.989739
0.989667
0.991252
0.991843
0.991978
0.991978
0.992611
0.992611
0.993261
0.993277
0.99339
0.993763
0.994023
0.994023
0.994023
0.994253
0.994508
0.994675
0.994675
0.994675
0.995003
0.995003
0.995177
0.995473
0.995812
0.996244
0.99643
0.996514
0.996593
0.996744
0.997192
0.997186
0.997225
0.997866
0.998099
0.998099
0.998376
0.998418
0.998418
0.998479
0.998479
0.99847
0.99847
0.998532
0.99861
0.998628
0.998628
0.998628
0.998746
0.998917
0.998925
0.998986
0.998992
0.999026
0.999042
0.999076
0.999076
0.999081
0.99909
0.99909
0.99909
0.999097
0.999097
0.999097
0.9991
0.9991
0.99911
0.999113
0.999113
0.999116
0.999116
0.999116
0.999117
0.999117
0.999117
0.999122
0.999145
0.999261
0.999261
0.999295
0.999295
0.999316
0.999323
0.999326
0.999328
0.999338
0.999338
0.999339
0.999339
0.999339
0.999339
0.999338
0.99934
0.99934
0.999344
0.999344
0.999344
0.999344
0.999346
0.999346
0.999348
0.999349
0.99935
0.999352
0.999365
0.999388
0.999416
0.999758
0.99984
0.99984
0.99984
0.99984
0.999867
0.999873
0.999873
0.99989
0.99989
0.99989
0.99989
0.999891
0.999891
0.999891
0.999892
0.999893
0.999895
0.999898
0.999899
0.999899
0.999899
0.999901
0.999902
0.999902
0.999903
0.999903
0.999904
0.999904
0.999905
0.999905
0.999905
0.999905
0.999905
0.999905
0.999905
0.999905
0.999906
0.999906
0.999906
0.999906
0.999906
0.999906
0.999906
0.999906
0.999906
0.999906
0.999906
0.999906
0.999906
0.999906
0.999906
0.999906
0.999906
0.999906
0.999906
0.999906
0.999906
0.999906
0.999906
0.999906
0.999906
0.99991
0.999975
0.99998
0.99998
0.999985
0.999989
0.999991
0.999994
0.999995
0.999995
0.999995
0.999995
0.999986
0.999996
0.999996
0.999996
0.999996
0.999996
0.999996
0.999996
0.999996
0.999996
0.999996
0.999996
0.999996
0.999997
0.999997
0.999997
0.999998
0.999998
0.999998
0.999998
0.999998
0.999998
0.999998
0.999998
0.999998
0.999998
0.999998
0.999998
0.999998
0.999998
0.999998
0.999998
0.999999
0.999999
0.999999
0.999999
0.999999
0.999999
0.999999
0.999999
0.999999
0.999999
0.999999
0.999999
0.999999
0.999999
0.999999
0.999999
0.999999
0.999999
0.999999
0.999999
0.999999
0.999999
0.999999
0.999999
1
1
1
1
1
1
1
1
1
1
1
1
1
1
1
1
1
1
1
1
1
1
1
1
1
1
1
1
1
1
1
1
1
1
1
1
1
1
1
1
1
1
1


0.0214461
0.0226785
0.0237599
0.024731
0.0252763
0.0255761
0.0259716
0.0263054
0.0265788
0.0280619
0.0280619
0.027751
0.0278542
0.0279992
0.0279992
0.0281226
0.0283855
0.0284488
0.0284488
0.0286768
0.028891
0.0289148
0.0289148
0.0293258
0.0293465
0.0293752
0.0293984
0.0294134
0.0295047
0.0295047
0.0296766
0.0288375
0.0291596
0.0292104
0.0293285
0.0294148
0.0294148
0.029475
0.0295245
0.0297738
0.0297738
0.0315068
0.0315068
0.0315645
0.0318486
0.0318486
0.0323027
0.0323027
0.033077
0.033081
0.0331985
0.0335734
0.0339306
0.0339848
0.034054
0.0349458
0.035497
0.0369403
0.0378079
0.0384086
0.0393168
0.0432448
0.0480315
0.0480941
0.0497788
0.0519605
0.0521137
0.0521137
0.0563017
0.0563154
0.0564185
0.061829
0.0622248
0.0650624
0.0668555
0.0687949
0.0739576
0.0774476
0.0779706
0.0837284
0.0879525
0.128296
0.128296
0.128296
0.128296
0.142378
0.152751
0.22575
0.22575
0.22575
0.22575
0.285293
0.285293
0.285293
0.307762
0.318317
0.333292
0.333292
0.340558
0.347084
0.36702
0.36702
0.373476
0.37978
0.37978
0.37978
0.37978
0.387796
0.402936
0.406081
0.407613
0.407613
0.407706
0.42016
0.42126
0.429501
0.434405
0.436625
0.444247
0.444247
0.444247
0.444247
0.444247
0.445266
0.447059
0.447059
0.452914
0.453485
0.45396
0.455271
0.457761
0.458153
0.458211
0.458372
0.45936
0.460186
0.460702
0.461316
0.462781
0.462824
0.463431
0.464127
0.464274
0.464989
0.465111
0.465794
0.46581
0.466243
0.466626
0.467125
0.467132
0.467389
0.467584
0.467647
0.467649
0.467813
0.467897
0.467983
0.468086
0.468255
0.468397
0.468408
0.468579
0.468602
0.468785
0.468797
0.469003
0.469003
0.469016
0.469095
0.469095
0.469122
0.469143
0.469147
0.469187
0.469188
0.469204
0.469207
0.469215
0.469218
0.469228
0.469252
0.469259
0.46926
0.469271
0.469271
0.469281
0.469285
0.469292
0.469298
0.469305
0.469301
0.469664
0.470016
0.470017
0.470017
0.470023
0.470142
0.470142
0.470143
0.470144
0.470217
0.470218
0.470218
0.470338
0.470536
0.470536
0.470761
0.471681
0.472016
0.472016
0.472016
0.472017
0.472533
0.473813
0.473813
0.474808
0.47483
0.475855
0.475855
0.475965
0.4762
0.4762
0.4762
0.476236
0.476407
0.480888
0.480889
0.480889
0.481678
0.481678
0.483178
0.483179
0.483179
0.483179
0.483249
0.483952
0.485009
0.48543
0.489456
0.490614
0.490614
0.490614
0.490614
0.491153
0.491527
0.491978
0.492086
0.492086
0.492104
0.492307
0.492545
0.494434
0.495893
0.501267
0.501267
0.501556
0.503608
0.510158
0.511206
0.518927
0.518927
0.518927
0.518927
0.522919
0.523049
0.524904
0.527454
0.528328
0.531354
0.532784
0.539511
0.539511
0.542962
0.542962
0.542962
0.545157
0.545362
0.554353
0.562961
0.577051
0.574169
0.574169
0.574549
0.600125
0.600125
0.61265
0.61929
0.61929
0.619667
0.626985
0.626985
0.626985
0.651096
0.666779
0.666779
0.710673
0.710673
0.710673
0.7171
0.7171
0.713175
0.713175
0.713175
0.713175
0.722257
0.722257
0.722257
0.722257
0.723702
0.731638
0.738559
0.766974
0.767018
0.767018
0.783741
0.783741
0.791378
0.795875
0.795875
0.796301
0.799697
0.828333
0.828333
0.828333
0.828333
0.828333
0.828333
0.854059
0.854059
0.854059
0.858827
0.861511
0.861511
0.861511
0.862172
0.881956
0.885149
0.886853
0.886853
0.88955
0.891617
0.891617
0.891617
0.894906
0.89581
0.898181
0.898385
0.898385
0.899151
0.899151
0.899348
0.899348
0.899486
0.901205
0.905329
0.906586
0.907402
0.907402
0.907506
0.917408
0.917988
0.917988
0.919661
0.919661
0.920071
0.920785
0.920935
0.920936
0.92514
0.92514
0.92657
0.92657
0.92657
0.92657
0.928031
0.928031
0.930446
0.934191
0.934191
0.934191
0.934615
0.936524
0.937583
0.937583
0.938431
0.939175
0.939183
0.94012
0.94082
0.941943
0.944785
0.944785
0.948229
0.948229
0.948229
0.948229
0.948229
0.948229
0.948229
0.948229
0.948688
0.948688
0.948688
0.948688
0.948773
0.948773
0.948838
0.948838
0.948838
0.948838
0.949089
0.949433
0.949433
0.949433
0.949526
0.949526
0.949659
0.949783
0.949783
0.950122
0.950414
0.950854
0.951205
0.951224
0.951828
0.951828
0.951963
0.952302
0.952543
0.952587
0.952587
0.952587
0.952597
0.952887
0.95291
0.952926
0.953002
0.953002
0.953052
0.953136
0.953159
0.953323
0.953381
0.953535
0.953535
0.953535
0.953617
0.953617
0.953813
0.953886
0.953888
0.954055
0.954055
0.954055
0.954055
0.954282
0.954288
0.954288
0.954299
0.954299
0.954321
0.954329
0.954383
0.954383
0.954425
0.954533
0.954533
0.95456
0.954577
0.954577
0.954579
0.9546
0.9546
0.9546
0.954614
0.954614
0.954616
0.95464
0.954687
0.954693
0.954733
0.954733
0.954742
0.954753
0.954806
0.954806
0.954806
0.954806
0.954806
0.954806
0.954823
0.954829
0.954829
0.95486
0.954868
0.954869
0.954869
0.954869
0.954886
0.954888
0.954892
0.954892
0.954892
0.954906
0.954908
0.954908
0.954942
0.954942
0.954942
0.954943
0.954943
0.954949
0.954951
0.954956
0.954956
0.954956
0.954962
0.954971
0.954972
0.954972
0.954972
0.954972
0.954973
0.954975
0.954975
0.954975
0.954975
0.954976
0.95498
0.95498
0.95498
0.95498
0.954981
0.954982
0.954982
0.954982
0.954985
0.954985
0.954985
0.954985
0.954985
0.954986
0.954987
0.954987
0.954987
0.954987
0.954987
0.954988
0.954993


0.0344283
0.0348425
0.0371352
0.0382127
0.038582
0.0395727
0.0400481
0.040232
0.0408537
0.0411784
0.0411784
0.041054
0.0413564
0.0413564
0.0415568
0.0415964
0.0420458
0.0427987
0.0448829
0.0450774
0.0452237
0.0456363
0.0457694
0.046029
0.046927
0.0470821
0.0497203
0.0522935
0.0526769
0.057344
0.0594902
0.0632395
0.0632395
0.065015
0.0654344
0.0682648
0.0687088
0.0718792
0.0744284
0.0805919
0.082125
0.0866676
0.0926415
0.105185
0.107283
0.120324
0.125942
0.135748
0.155581
0.186567
0.192276
0.208641
0.233083
0.233083
0.237358
0.27012
0.303705
0.303705
0.316313
0.342003
0.342003
0.362004
0.366513
0.415334
0.415334
0.422687
0.425114
0.435257
0.446279
0.446279
0.487446
0.505688
0.522624
0.538543
0.542844
0.567437
0.581426
0.581426
0.612777
0.618501
0.625312
0.667169
0.673527
0.673527
0.687013
0.688021
0.726565
0.738677
0.753991
0.753991
0.762301
0.776529
0.786811
0.790686
0.794846
0.807988
0.80824
0.818053
0.818053
0.823355
0.825428
0.840313
0.842102
0.842143
0.846363
0.849016
0.849371
0.851703
0.851703
0.853022
0.853022
0.854779
0.854848
0.855707
0.856528
0.857417
0.858312
0.858765
0.859192
0.859192
0.859426
0.859686
0.860179
0.860204
0.861086
0.861151
0.861164
0.861335
0.861818
0.86185
0.86189
0.861999
0.86248
0.86248
0.86248
0.862682
0.862792
0.862913
0.862925
0.862925
0.863091
0.863094
0.863183
0.863352
0.863352
0.863469
0.86347
0.863471
0.863661
0.863682
0.863688
0.863692
0.863808
0.863852
0.863879
0.863906
0.863937
0.863937
0.863956
0.863956
0.863963
0.863982
0.863994
0.864007
0.864022
0.864022
0.864022
0.864029
0.864031
0.864047
0.864049
0.864079
0.864088
0.864092
0.864122
0.864124
0.864134
0.864137
0.864159
0.86416
0.864165
0.864159
0.864161
0.864163
0.864166
0.864167
0.864167
0.864181
0.864181
0.864181
0.864181
0.86418
0.864182
0.864183
0.864183
0.864184
0.864186
0.864186
0.864187
0.864187
0.864189
0.864189
0.864191
0.864191
0.864191
0.864192
0.864193
0.864193
0.864194
0.864194
0.864194
0.864194
0.864195
0.864195
0.864195
0.864196
0.864196
0.864196
0.864196
0.864196
0.864196
0.864196
0.864196
0.864197
0.864197
0.864197
0.864197
0.864197
0.864197
0.864197
0.864197
0.864197
0.864197
0.864197
0.864197
0.864197
0.864197
0.864197
0.864197
0.864197
0.864197
0.864197
0.864197
0.864197
0.864197
0.864197
0.864197
0.864197
0.864197
0.864197
0.864197
0.864197
0.864197
0.864197
0.864197
0.864197
0.864197
0.864197
0.864197
0.864197
0.864197
0.864197
0.864197
0.864197
0.864197
0.864197
0.864197
0.864197
0.864197
0.864197
0.864197
0.864197
0.864197
0.864197
0.864197
0.864197
0.864197
0.864197
0.864197
0.864197
0.864197
0.864197
0.864197
0.864197
0.864197
0.864197
0.864197
0.864197
0.864197
0.864197
0.864197
0.864197
0.864197
0.864197
0.864197
0.864197
0.864197
0.864197
0.864197
0.864197
0.864197
0.864197
0.864197
0.864197
0.864197
0.864197
0.864197
0.864197
0.864197
0.864197
0.864197
0.864197
0.864197
0.864197
0.864197
0.864197
0.864197
0.864197
0.864197
0.864197
0.864197
0.864197
0.864197
0.864197
0.864197
0.864197
0.864197
0.864197
0.864197
0.864197
0.864197
0.864197
0.864197
0.864197
0.864197
0.864197
0.864197
0.864197
0.864197
0.864197
0.864197
0.864197
0.864197
0.864197
0.864197
0.864197
0.864197
0.864197
0.864197
0.864197
0.864197
0.864197
0.864197
0.864197
0.864197
0.864197
0.864197
0.864197
0.864197
0.864197
0.864197
0.864197
0.864197
0.864197
0.864197
0.864197
0.864197
0.864197
0.864197
0.864197
0.864197
0.864197
0.864197
0.864197
0.864197
0.864197
0.864197
0.864197
0.864197
0.864197
0.864197
0.864197
0.864197
0.864197
0.864197
0.864197
0.864197
0.864197
0.864197
0.864197
0.864197
0.864197
0.864197
0.864197
0.864197
0.864197
0.864197
0.864197
0.864197
0.864197
0.864197
0.864197
0.864197
0.864197
0.864197
0.864197
0.864197
0.864197
0.864197
0.864197
0.864197
0.864197
0.864197
0.864197
0.864197
0.864197
0.864197
0.864197
0.864197
0.864197
0.864197
0.863768
0.864189
0.864197
0.864197
0.864197
0.864197
0.864197
0.864197
0.864197
0.864197
0.864197
0.864197
0.864197
0.864197
0.864197
0.864197
0.864197
0.864197
0.864197
0.864197
0.860682
0.864197
0.864197
0.864197
0.864197
0.864197
0.864197
0.864197
0.864197
0.864197
0.864197
0.864197
0.864197
0.864197
0.864197
0.864197
0.864197
0.864197
0.864197
0.864197
0.864197
0.864197
0.864197
0.864197
0.864197
0.864197
0.864197
0.864197
0.864197
0.864197
0.864197
0.864197
0.864197
0.864197
0.864197
0.864197
0.864197
0.864197
0.864197
0.864197
0.864197
0.864197
0.864197
0.864197
0.864197
0.864197
0.864197
0.864197
0.864197
0.864197
0.864197
0.864197
0.864197
0.864197
0.864197
0.864197
0.864197
0.864197
0.864197


0.0271058
0.0307467
0.0327877
0.0330873
0.0340126
0.0351737
0.0352884
0.035633
0.0358079
0.0361267
0.0362606
0.036842
0.0368474
0.0369798
0.0370116
0.037069
0.0373079
0.0373079
0.0377067
0.0378664
0.0379064
0.0380108
0.0386492
0.0389981
0.0398226
0.041849
0.0421778
0.0421778
0.0421939
0.0442051
0.045469
0.0492517
0.0515327
0.0515327
0.0515499
0.0636275
0.0636802
0.0659766
0.0694385
0.0725439
0.0725439
0.0775271
0.0914287
0.0914548
0.103574
0.103609
0.108547
0.108566
0.109455
0.118894
0.124168
0.124168
0.125309
0.125944
0.131549
0.1393
0.140771
0.144608
0.144608
0.155647
0.155648
0.160824
0.161394
0.162759
0.16365
0.163651
0.166706
0.16712
0.168382
0.168746
0.170437
0.172132
0.172231
0.173404
0.173859
0.175213
0.175213
0.176259
0.176775
0.177206
0.177361
0.177361
0.177484
0.177604
0.177817
0.177859
0.17808
0.178179
0.178387
0.178548
0.178549
0.178725
0.178729
0.17876
0.178845
0.178884
0.17902
0.179022
0.179027
0.179065
0.179089
0.179099
0.179105
0.179113
0.179113
0.179149
0.179163
0.179165
0.17919
0.179235
0.179235
0.179245
0.179245
0.179249
0.179252
0.179252
0.179259
0.179267
0.179267
0.179267
0.179267
0.179267
0.179268
0.179268
0.179271
0.179271
0.179272
0.179273
0.179273
0.179274
0.179275
0.179275
0.179275
0.179275
0.179275
0.179275
0.179276
0.179276
0.179276
0.179276
0.179276
0.179277
0.179277
0.179277
0.179277
0.179277
0.179277
0.179277
0.179277
0.179277
0.179277
0.179277
0.179277
0.179277
0.179277
0.179277
0.179277
0.179277
0.179277
0.179277
0.179277
0.179277
0.179277
0.179277
0.179277
0.179277
0.179278
0.179278
0.179278
0.179278
0.179278
0.179278
0.179278
0.179278
0.179278
0.179278
0.179278
0.179278
0.179278
0.179278
0.179278
0.179278
0.179278
0.179278
0.179278
0.179278
0.179278
0.179278
0.179278
0.179278
0.179278
0.179278
0.179278
0.179517
0.179762
0.179762
0.179762
0.179829
0.179829
0.180001
0.180001
0.180071
0.180071
0.18009
0.180191
0.180191
0.180397
0.180397
0.180397
0.180397
0.180397
0.179708
0.180682
0.180723
0.180723
0.180723
0.180723
0.180735
0.180735
0.180735
0.180735
0.18049
0.180697
0.180697
0.180916
0.180916
0.180916
0.180916
0.181349
0.181614
0.181759
0.181838
0.181879
0.1819
0.181911
0.181917
0.18192
0.181922
0.181923
0.18227
0.182379
0.182402
0.182402
0.182418
0.182428
0.182428
0.182428
0.182433
0.182436
0.182437
0.182438
0.182438
0.182438
0.182438
0.182438
0.182438
0.183118
0.183455
0.18359
0.183633
0.183644
0.183987
0.183987
0.183987
0.183993
0.183993
0.183993
0.184008
0.18403
0.184042
0.184048
0.184052
0.184054
0.184055
0.184056
0.184057
0.184057
0.184057
0.184057
0.184057
0.184057
0.184057
0.184057
0.185534
0.185534
0.185534
0.185534
0.185534
0.185534
0.185534
0.185534
0.185534
0.185534
0.185534
0.185534
0.185558
0.185558
0.18572
0.18572
0.18572
0.18572
0.185646
0.18572
0.18572
0.18572
0.18572
0.18572
0.185722
0.185722
0.185723
0.185723
0.185723
0.185723
0.185723
0.185723
0.185723
0.185723
0.185723
0.185723
0.185723
0.185723
0.185723
0.185723
0.185723
0.185723
0.185723
0.185723
0.185723
0.185723
0.185723
0.185723
0.185723
0.185723
0.185723
0.185723
0.185723
0.185723
0.185723
0.185723
0.185723
0.185723
0.185723
0.185832
0.185861
0.185868
0.185872
0.185903
0.185903
0.185903
0.185907
0.185917
0.186409
0.186409
0.186409
0.186409
0.18653
0.18653
0.18653
0.18653
0.186555
0.186588
0.186604
0.186612
0.186616
0.186618
0.186619
0.186619
0.18662
0.18662
0.18662
0.18662
0.18662
0.18662
0.18662
0.18662
0.18662
0.18662
0.18662
0.18662
0.18662
0.18662
0.18662
0.18662
0.18662
0.18662
0.18662
0.18662
0.18662
0.186638
0.186638
0.186652
0.186664
0.186668
0.186669
0.186669
0.186669
0.18667
0.18667
0.18667
0.18667
0.18667
0.18667
0.18667
0.18667
0.18667
0.186852
0.186852
0.186852
0.186879
0.186879
0.186879
0.186879
0.186912
0.186912
0.186912
0.186912
0.186912
0.186912
0.186912
0.186916
0.186919
0.18692
0.186921
0.186921
0.186921
0.186921
0.186921
0.186921
0.186921
0.186921
0.186921
0.186939
0.186939
0.186939
0.18694
0.18694
0.188526
0.188526
0.188526
0.188526
0.188526
0.180483
0.186943
0.186943
0.186943
0.186943
0.186943
0.186943
0.186943
0.186943


0.0248953
0.0262356
0.0264986
0.0269787
0.027278
0.0274863
0.0278794
0.028146
0.0283549
0.0288039
0.029014
0.0292285
0.0295157
0.0295157
0.0295157
0.0295157
0.0295157
0.0295157
0.0295157
0.029595
0.0298594
0.0306662
0.0318806
0.0322195
0.0322195
0.0322195
0.0322195
0.0323236
0.0328218
0.0352297
0.0352297
0.033819
0.0347879
0.034841
0.0358074
0.0376993
0.0377012
0.0389201
0.0389223
0.0389223
0.03894
0.0389423
0.0397215
0.0408862
0.0462153
0.0462153
0.0477442
0.048821
0.0488374
0.0488529
0.0548429
0.061539
0.061539
0.0693392
0.0693392
0.0715069
0.0757236
0.0757236
0.0757256
0.075727
0.092948
0.0840075
0.084013
0.108442
0.108444
0.109681
0.110347
0.110415
0.112183
0.114576
0.12353
0.12353
0.1236
0.1236
0.125112
0.125112
0.125894
0.125894
0.130461
0.130461
0.133221
0.131271
0.134134
0.137306
0.13875
0.13875
0.139499
0.139499
0.139499
0.139642
0.1413
0.142223
0.142762
0.142762
0.142985
0.143907
0.143907
0.14414
0.144209
0.14453
0.144711
0.145578
0.146446
0.146529
0.146529
0.146973
0.146973
0.147185
0.147185
0.147472
0.147472
0.147613
0.147613
0.147613
0.147613
0.147613
0.147866
0.147866
0.147889
0.147889
0.147909
0.147832
0.147898
0.147899
0.147945
0.147945
0.147973
0.14798
0.14798
0.148008
0.148008
0.148028
0.148028
0.148029
0.148029
0.14803
0.14803
0.14803
0.148053
0.148055
0.148055
0.148058
0.148058
0.14807
0.14807
0.148071
0.148071
0.148073
0.148074
0.148074
0.148076
0.148071
0.148078
0.148078
0.148078
0.148083
0.148083
0.148083
0.148084
0.148084
0.148085
0.148085
0.148086
0.148086
0.148087
0.148087
0.148087
0.148087
0.148088
0.148088
0.148088
0.148088
0.148089
0.148089
0.148089
0.148089
0.148089
0.14809
0.14809
0.14809
0.14809
0.14809
0.14809
0.14809
0.14809
0.14809
0.14809
0.14809
0.14809
0.14809
0.14809
0.14809
0.14809
0.14809
0.14809
0.14809
0.14809
0.14809
0.14809
0.14809
0.14809
0.14809
0.14809
0.14809
0.14809
0.14809
0.14809
0.14809
0.148091
0.148091
0.148091
0.148091
0.148091
0.148091
0.148091
0.148091
0.148091
0.148091
0.148091
0.148091
0.148091
0.148091
0.148091
0.148091
0.148091
0.148091
0.148091
0.148091
0.148091
0.148091
0.148091
0.148091
0.148091
0.148091
0.148091
0.148091
0.148091
0.148091
0.148091
0.148091
0.148091
0.148091
0.148091
0.148091
0.148091
0.148091
0.148091
0.148091
0.148091
0.148091
0.148091
0.148091
0.148091
0.148091
0.148091
0.148091
0.148091
0.148091
0.148091
0.148096
0.148166
0.148215
0.148215
0.148215
0.148215
0.148215
0.148215
0.148215
0.148215
0.148263
0.148263
0.148194
0.148247
0.148247
0.148247
0.148259
0.148259
0.148259
0.148259
0.148259
0.148259
0.148261
0.148271
0.148293
0.148315
0.148315
0.148315
0.148315
0.14832
0.14832
0.14832
0.148319
0.148321
0.148321
0.149197
0.150609
0.152027
0.169881
0.180641
0.180641
0.18065
0.180667
0.181207
0.181207
0.181408
0.181642
0.181687
0.181687
0.181695
0.181696
0.18171
0.181727
0.181732
0.182188
0.182452
0.182579
0.182855
0.183852
0.184307
0.185546
0.185994
0.18736
0.189746
0.189842
0.189903
0.189903
0.190182
0.190639
0.190743
0.190992
0.191073
0.191073
0.191964
0.192365
0.192369
0.192369
0.192676
0.193119
0.19312
0.193161
0.193162
0.193514
0.194034
0.194493
0.195549
0.195943
0.195944
0.195945
0.195945
0.196025
0.196031
0.196031
0.196043
0.196262
0.196309
0.196338
0.196361
0.196366
0.196484
0.196484
0.196486
0.196588
0.196702
0.196788
0.19682
0.197
0.197023
0.197344
0.197412
0.197481
0.197557
0.197683
0.197701
0.197701
0.198296
0.198296
0.198296
0.198296
0.198316
0.198316
0.198362
0.198485
0.198727
0.199982
0.200411
0.200738
0.201047
0.203275
0.20595
0.20595
0.20595
0.20575
0.206371
0.206371
0.206371
0.207055
0.207748
0.208672
0.208672
0.211622


0.0255211
0.0273219
0.0290946
0.0291166
0.029657
0.0300403
0.0303942
0.0304355
0.0308386
0.0310174
0.0311317
0.0312341
0.0319566
0.0320384
0.033293
0.0342449
0.0350824
0.0362944
0.0362944
0.0362983
0.0376307
0.0403777
0.040512
0.0458912
0.0500842
0.0553694
0.0650904
0.0650904
0.0771244
0.0771244
0.0771563
0.0904211
0.0904214
0.0904214
0.0936215
0.102074
0.102186
0.113066
0.113066
0.117826
0.133589
0.125076
0.157343
0.159893
0.159893
0.159893
0.161375
0.161375
0.1764
0.179868
0.190134
0.192521
0.193955
0.195721
0.196268
0.205008
0.207835
0.207835
0.209519
0.210067
0.210607
0.213088
0.213897
0.215076
0.216124
0.22054
0.223557
0.231009
0.231009
0.231263
0.23159
0.242386
0.244217
0.261499
0.284296
0.284379
0.285692
0.301703
0.301703
0.301703
0.318046
0.381762
0.388501
0.415011
0.422114
0.422171
0.422171
0.422187
0.451815
0.468577
0.476918
0.476248
0.476566
0.483746
0.486219
0.488113
0.506341
0.507759
0.507759
0.53139
0.532617
0.537333
0.552017
0.552017
0.556043
0.556045
0.558202
0.561077
0.561077
0.561553
0.561554
0.561556
0.56173
0.56173
0.562052
0.562823
0.563336
0.567469
0.570163
0.570164
0.570165
0.570165
0.570165
0.570474
0.570774
0.571773
0.571828
0.571828
0.571828
0.572032
0.572203
0.572207
0.572207
0.572263
0.572482
0.57258
0.572667
0.572667
0.572732
0.572772
0.572821
0.572821
0.572846
0.572846
0.572882
0.572898
0.572901
0.572903
0.572909
0.572922
0.572932
0.572942
0.572953
0.572953
0.572954
0.572973
0.572973
0.572975
0.572975
0.572976
0.572978
0.572977
0.572978
0.572978
0.57298
0.57298
0.57298
0.57298
0.572981
0.572981
0.572982
0.572982
0.572983
0.572983
0.572983
0.572983
0.572983
0.572983
0.572983
0.572983
0.572983
0.572983
0.572983
0.572983
0.572983
0.572983
0.572983
0.572983
0.572983
0.572983
0.572983
0.572983
0.572983
0.572983
0.572983
0.572983
0.572983
0.572983
0.572983
0.572983
0.572983
0.572983
0.572983
0.572983
0.572983
0.572983
0.572983
0.572983
0.572983
0.572983
0.572983
0.572983
0.572983
0.572983
0.572983
0.572983
0.572983
0.572983
0.572983
0.572983
0.572983
0.572983
0.572983
0.572983
0.572983
0.572983
0.572983
0.572983
0.572983
0.572983
0.572983
0.572983
0.572983
0.572983
0.572983
0.572983
0.572983
0.572983
0.572983
0.572983
0.572983
0.572983
0.572983
0.572983
0.572983
0.572983
0.572983
0.572983
0.572983
0.572983
0.572983
0.572983
0.572983
0.572983
0.572983
0.572983
0.572983
0.572983
0.572983
0.572983
0.572983
0.572983
0.572983
0.572983
0.572983
0.572983
0.572983
0.572983
0.572983
0.572983
0.572983
0.572983
0.572983
0.572983
0.572983
0.572983
0.572983
0.572983
0.572983
0.572983
0.572983
0.572983
0.572983
0.572983
0.572983
0.572983
0.572983
0.572983
0.572983
0.572983
0.572983
0.572983
0.572983
0.572983
0.572983
0.572983
0.572983
0.572983
0.572983
0.572983
0.572983
0.572983
0.572983
0.572983
0.572983
0.572983
0.572983
0.572983
0.572983
0.572983
0.572983
0.572983
0.572983
0.572983
0.572983
0.572983
0.572983
0.572983
0.572983
0.572983
0.572983
0.572983
0.572983
0.572983
0.572983
0.572983
0.572983
0.572983
0.572983
0.572983
0.572983
0.572983
0.572983
0.572983
0.572983
0.572983
0.572983
0.572983
0.572983
0.572983
0.572983
0.572983
0.572983
0.572983
0.572983
0.572983
0.572983
0.572983
0.572983
0.572983


0.0242486
0.0263283
0.0265804
0.0276765
0.0281481
0.0284373
0.0288638
0.0291078
0.0292202
0.0292426
0.0294724
0.0317592
0.0317592
0.0328172
0.0328172
0.0328183
0.0359136
0.0367932
0.0367932
0.0404935
0.0404935
0.0437973
0.0451633
0.0495607
0.0556212
0.0680187
0.0680187
0.0787007
0.111019
0.11225
0.182651
0.182651
0.220499
0.269773
0.275223
0.301184
0.305296
0.379173
0.397489
0.412834
0.480938
0.504403
0.514797
0.522103
0.522103
0.563828
0.592363
0.612445
0.637388
0.649404
0.679497
0.734682
0.772739
0.777339
0.815159
0.815159
0.843116
0.854945
0.856731
0.873434
0.874242
0.884681
0.890954
0.892863
0.892863
0.897398
0.904845
0.906705
0.908652
0.914497
0.914949
0.914992
0.916919
0.918683
0.920206
0.922406
0.925757
0.925838
0.925838
0.925859
0.925868
0.92613
0.926631
0.926701
0.926713
0.926829
0.926894
0.92691
0.927104
0.927107
0.927107
0.927149
0.927175
0.927177
0.927179
0.927186
0.927186
0.927187
0.92719
0.927192
0.927194
0.927203
0.927203
0.927203
0.927205
0.927206
0.927209
0.927209
0.92721
0.927211
0.927211
0.927211
0.927211
0.927211
0.927212
0.927212
0.927213
0.927213
0.927213
0.927213
0.927213
0.927213
0.927213
0.927213
0.927213
0.927213
0.927213
0.927213
0.927214
0.927214
0.927214
0.927214
0.927214
0.927214
0.927214
0.927214
0.927214
0.927214
0.927214
0.927214
0.927214
0.927214
0.927214
0.927214
0.927214
0.927214
0.927214
0.927214
0.927214
0.927214
0.927214
0.927214
0.927214
0.927214
0.927214
0.927214
0.927214
0.927214
0.927214
0.927214
0.927214
0.927214
0.927214
0.927214
0.927214
0.927214
0.927214
0.927214
0.927214
0.927214
0.927214
0.927214
0.927214
0.927214
0.927214
0.927214
0.927214
0.927214
0.927214
0.927214
0.927214
0.927214
0.927214
0.927214
0.927214
0.927214
0.927214
0.927214
0.927214
0.927214
0.927214
0.927214
0.927214
0.927214
0.927214
0.927214
0.927214
0.927214
0.927214
0.927214
0.927214
0.927214
0.927214
0.927214
0.927214
0.927214
0.927214
0.927214
0.927214
0.927214
0.927214
0.927214
0.927214
0.927214
0.927214
0.927214
0.927214
0.927214
0.927214
0.927214
0.927214
0.927214
0.927214
0.927214
0.927214
0.927214
0.927214
0.927214
0.927214
0.927214
0.927214
0.927214
0.927214
0.927214
0.927214
0.927214
0.927214
0.927214
0.927214
0.927214
0.927214
0.927214
0.927214
0.927214
0.927214
0.927214
0.927214
0.927214
0.927214
0.927214
0.927214
0.927214
0.927214
0.927214
0.927214
0.927214
0.927214
0.927214
0.927214
0.927214
0.927214
0.927214
0.927214
0.927214
0.927214
0.927214
0.927214
0.927214
0.927214
0.927214
0.927214
0.927214
0.927214
0.927214
0.927214
0.927214
0.927214
0.927214
0.927214
0.927214
0.927214
0.927214
0.927214
0.927214
0.927214
0.927214
0.927214
0.927214
0.927214
0.927214
0.927214
0.927214
0.927214
0.927214
0.927214
0.927214
0.927214
0.927214
0.927214
0.927214


0.0282481
0.0300701
0.0301206
0.0309902
0.0313762
0.0318332
0.0325525
0.0330874
0.0343855
0.0352691
0.0352871
0.0377267
0.0378711
0.0378877
0.0379159
0.0379274
0.037978
0.0382298
0.045335
0.0453359
0.0457167
0.0473969
0.0527323
0.0676657
0.0718845
0.077855
0.0778724
0.0936156
0.0944515
0.0944519
0.127533
0.136766
0.14482
0.177671
0.178264
0.178264
0.202125
0.202125
0.21506
0.232516
0.240687
0.251327
0.251327
0.251327
0.255525
0.260659
0.260659
0.262797
0.263377
0.263377
0.26539
0.266096
0.266156
0.266765
0.266922
0.267659
0.267659
0.267787
0.267825
0.268136
0.268136
0.269196
0.269231
0.269272
0.269283
0.269283
0.269338
0.269357
0.269364
0.269553
0.269553
0.269663
0.269677
0.269677
0.269726
0.27477
0.280185
0.28019
0.280192
0.280192
0.280192
0.27433
0.279274
0.279275
0.284624
0.284624
0.284624
0.292607
0.292608
0.292608
0.295669
0.282199
0.293438
0.301868
0.301868
0.301868
0.308789
0.381152
0.381152
0.381152
0.440006
0.440006
0.440006
0.440006
0.440006
0.440006
0.447118
0.449496
0.449496
0.451988
0.485367
0.485367
0.485367
0.485367
0.485367
0.485367
0.489973
0.489973
0.497052
0.526014
0.526014
0.526014
0.526014
0.608866
0.612452
0.612452
0.625494
0.625494
0.676631
0.676631
0.676631
0.676631
0.681954
0.719153
0.719153
0.719153
0.721982
0.721982
0.728636
0.728636
0.729422
0.727591
0.729337
0.730355
0.730355
0.730732
0.734303
0.74136
0.74489
0.745437
0.745437
0.746314
0.748264
0.749629
0.749816
0.749853
0.751669
0.751669
0.75266
0.75266
0.753486
0.754156
0.754282
0.75448
0.754708
0.754946
0.755016
0.755022
0.755048
0.755074
0.755131
0.755155
0.755157
0.755347
0.755347
0.755347
0.755347
0.755347
0.755412
0.755412
0.755418
0.755483
0.755489
0.755496
0.755496
0.755496
0.755497
0.755497
0.755501
0.755503
0.755505
0.755505
0.755505
0.75551
0.75551
0.755512
0.755513
0.755513
0.755516
0.755516
0.755516
0.755516
0.755516
0.755517
0.755517
0.755517
0.755517
0.755517
0.755517
0.755517
0.755517
0.755517
0.755517
0.755517
0.755517
0.755517
0.755517
0.755517
0.755517
0.755517
0.755517
0.755517
0.755517
0.755517
0.755517
0.755517
0.755517
0.755517
0.755517
0.755517
0.755517
0.755517
0.755517
0.755517
0.755517
0.755517
0.755517
0.755517
0.755517
0.755517
0.755517
0.755517
0.755517
0.755517
0.755517
0.755517
0.755517
0.755517
0.755517
0.755517


0.0175381
0.0180325
0.0184721
0.0184721
0.0188766
0.0192999
0.0193374
0.0203592
0.0203804
0.0207109
0.0207109
0.0210325
0.0210963
0.0214224
0.0217636
0.022624
0.0239363
0.0240992
0.0243028
0.0262091
0.0282177
0.0343655
0.0362369
0.0428887
0.0480223
0.0504517
0.0504771
0.055763
0.0578121
0.0662019
0.0678092
0.0749797
0.0783888
0.0803626
0.0836187
0.0840746
0.0883576
0.0935167
0.0986153
0.100612
0.108269
0.115071
0.13089
0.135385
0.137813
0.145828
0.152423
0.164365
0.164748
0.180511
0.186212
0.190849
0.207113
0.236263
0.267469
0.272416
0.300554
0.323848
0.398646
0.398936
0.462561
0.462439
0.466027
0.467661
0.509535
0.517528
0.525637
0.540052
0.555138
0.555138
0.570297
0.581896
0.584988
0.593125
0.59442
0.599682
0.602666
0.602666
0.607232
0.613609
0.613675
0.61739
0.618508
0.618542
0.619675
0.619715
0.619947
0.619955
0.619955
0.619994
0.620423
0.620467
0.620473
0.620607
0.620716
0.620732
0.620879
0.620879
0.620884
0.620889
0.62091
0.620921
0.620957
0.620957
0.62097
0.620977
0.620977
0.620987
0.620996
0.620999
0.621004
0.621007
0.62101
0.621012
0.621012
0.621014
0.621017
0.621017
0.621018
0.621019
0.621019
0.621019
0.62102
0.62102
0.621021
0.621021
0.621021
0.621021
0.621021
0.621022
0.621022
0.621022
0.621022
0.621022
0.621022
0.621022
0.621022
0.621022
0.621022
0.621022
0.621022
0.621022
0.621022
0.621022
0.621022
0.621022
0.621022
0.621022
0.621022
0.621022
0.621022
0.621022
0.621022
0.621022
0.621022
0.621022
0.621022
0.621022
0.621022
0.621022
0.621022
0.621022
0.621022
0.621022
0.621022
0.621022
0.621022
0.621022
0.621022
0.621022
0.621022
0.621022
0.621022
0.621022
0.621022
0.621022
0.621022
0.621022
0.621022
0.621022
0.621022
0.621022
0.621022
0.621022
0.621022
0.621022
0.621022
0.621022
0.621022
0.621022
0.621022
0.621022
0.621022
0.621022
0.621022
0.621022
0.621022
0.621022
0.621022
0.621022
0.621022
0.621022
0.621022
0.621022
0.621022
0.621022
0.621022
0.621022
0.621022
0.622639
0.627005
0.629619
0.630651
0.632201
0.633095
0.633095
0.633095
0.633095
0.633783
0.63424
0.635126
0.635807
0.636299
0.636666
0.637553
0.637609
0.637862
0.638107
0.638617
0.639279
0.639475
0.639536
0.639556
0.640574
0.642422
0.643678
0.643678
0.643678
0.644153
0.645717
0.646647
0.648052
0.648394
0.64861
0.64886
0.649122
0.649169
0.649244
0.649244
0.649244
0.650143
0.650224
0.650813
0.650912
0.651014
0.651062
0.651107
0.651358
0.651668
0.65223
0.65251
0.652725
0.652725
0.656378
0.656378
0.659919
0.667794
0.667794
0.669037
0.669304
0.670139
0.670042
0.671397
0.671397
0.671614
0.671614
0.671744
0.671744
0.672083
0.672083
0.672927
0.674191
0.674192
0.674192
0.674254
0.675718
0.676424
0.676479
0.677807
0.677807
0.680352
0.678493
0.684151
0.684892
0.684892
0.684892
0.684892
0.684892
0.684892
0.685039


0.0185464
0.0195437
0.0195437
0.0200836
0.021022
0.0213203
0.0218409
0.0221844
0.0221844
0.0224081
0.0228671
0.0226007
0.0230807
0.023846
0.0246907
0.0247205
0.0248315
0.0249671
0.0263007
0.0263099
0.0263131
0.0329577
0.0330805
0.0331231
0.0389245
0.0389931
0.039503
0.0410803
0.0438988
0.0438988
0.0582254
0.0513469
0.125863
0.125863
0.132754
0.135842
0.135842
0.135893
0.159272
0.159272
0.165029
0.194805
0.194805
0.223037
0.237373
0.23777
0.273291
0.308424
0.308424
0.31111
0.319506
0.353182
0.353184
0.397702
0.40177
0.401837
0.416069
0.416069
0.43798
0.43798
0.443903
0.443903
0.451813
0.466036
0.478058
0.478878
0.478878
0.482885
0.482885
0.499363
0.500067
0.49863
0.503235
0.506609
0.507726
0.507726
0.508691
0.508691
0.510739
0.511011
0.511013
0.512048
0.512093
0.512676
0.512677
0.512905
0.512905
0.512942
0.513011
0.513011
0.513135
0.513316
0.513316
0.513325
0.51334
0.51336
0.513411
0.513412
0.513431
0.51347
0.513497
0.513454
0.513495
0.513572
0.513577
0.513577
0.513588
0.513599
0.513881
0.514379
0.514382
0.514382
0.514384
0.514385
0.514661
0.514663
0.514663
0.514663
0.514663
0.514663
0.514664
0.514547
0.514558
0.514652
0.514652
0.514715
0.514749
0.514749
0.515043
0.515043
0.515043
0.515043
0.515043
0.515043
0.515164
0.515366
0.515366
0.515366
0.515547
0.515547
0.515569
0.515448
0.515708
0.515708
0.515716
0.51573
0.515778
0.515778
0.515778
0.515778
0.515808
0.515826
0.515856
0.515871
0.515886
0.51592
0.515947
0.515965
0.515994
0.516031
0.516113
0.51615
0.516179
0.516254
0.516295
0.516319
0.516334
0.516413
0.516496
0.516671
0.516755
0.516791
0.516895
0.517042
0.517182
0.517191
0.517205
0.517279
0.517334
0.517353
0.517391
0.51752
0.517593
0.51766
0.51766
0.517661
0.517684
0.517733
0.517745
0.517761
0.517774
0.517799
0.51783
0.517889
0.517889
0.517907
0.517907
0.517907
0.517915
0.517915
0.517915
0.517915
0.517921
0.517923
0.517924
0.517937
0.517941
0.517948
0.517953
0.51819
0.51957
0.51957
0.51957
0.521174
0.522613
0.522732
0.522732
0.523203
0.532927
0.532927
0.534855
0.534855
0.534855
0.552786
0.552786
0.552786
0.558731
0.558731
0.558731
0.558731
0.562499
0.562499
0.562499
0.562691
0.562691
0.563182
0.563182
0.563316
0.56343
0.564312
0.564312
0.564755
0.564895
0.565271
0.571764
0.578654
0.585185
0.585185
0.595757
0.61996
0.622721
0.627878
0.627878
0.629287
0.636477
0.642977
0.651665
0.654363
0.679658
0.679658
0.679658
0.678819
0.68334
0.684328
0.684783
0.688387
0.690309
0.690984
0.694256
0.697743
0.703725
0.707003
0.709506
0.710726
0.711038
0.713046
0.716316
0.719906
0.721128
0.721128
0.72212
0.723038
0.723421
0.72359
0.732089
0.732089
0.732089
0.732089
0.732089
0.732089
0.73275
0.73269
0.732758
0.732758
0.733727
0.738913
0.740852
0.742944
0.743789
0.743815
0.745252
0.745409
0.745409
0.745409
0.745409
0.745667
0.745667
0.74616
0.74616
0.746493
0.746545
0.746453
0.74646
0.746555
0.746579
0.746585
0.747293
0.747293
0.747293
0.747293
0.747293
0.747396
0.747413
0.747413
0.747414
0.747458
0.747475
0.747524
0.747609
0.747652
0.747709
0.747707
0.747858
0.747858
0.747858
0.747858
0.747909
0.747909
0.747909
0.747909
0.747922
0.74792
0.74792
0.74792
0.747923
0.747924
0.747924
0.747927
0.747934
0.747934


0.0163716
0.0172765
0.0177772
0.0181013
0.0184874
0.0189035
0.0190667
0.0192606
0.0198115
0.0198781
0.0203385
0.0204103
0.0204651
0.0204876
0.020728
0.0211113
0.0212769
0.022507
0.022507
0.0225074
0.0229759
0.0236924
0.0239808
0.0253677
0.025995
0.0271645
0.0275227
0.0294419
0.0304238
0.0319251
0.0338512
0.0338512
0.0391934
0.0429724
0.0432085
0.0447605
0.0456341
0.0493789
0.0502494
0.0632567
0.0643419
0.0668223
0.0760298
0.0904364
0.0977506
0.104805
0.112401
0.122422
0.153193
0.229367
0.235045
0.222042
0.26708
0.269687
0.279851
0.381631
0.381631
0.381631
0.409345
0.457445
0.492975
0.510859
0.520648
0.53049
0.538862
0.59618
0.60392
0.685814
0.685814
0.709007
0.734559
0.751669
0.765741
0.770279
0.775874
0.821236
0.828738
0.851301
0.871857
0.885489
0.903402
0.93252
0.961926
0.962978
0.963369
0.97172
0.972018
0.976693
0.977349
0.977583
0.978142
0.978993
0.980373
0.985114
0.990226
0.990235
0.990755
0.991635
0.992966
0.993032
0.995099
0.996912
0.996912
0.997056
0.998061
0.998191
0.998286
0.998643
0.998747
0.998754
0.999094
0.999326
0.999407
0.999496
0.999531
0.999539
0.999568
0.999704
0.999772
0.999772
0.999788
0.999802
0.999805
0.999824
0.99984
0.999856
0.999863
0.999879
0.999881
0.999894
0.999918
0.99992
0.999927
0.999935
0.999947
0.99996
0.999974
0.999975
0.999977
0.999978
0.999983
0.999985
0.999985
0.999988
0.999991
0.999992
0.999994
0.999995
0.999995
0.999996
0.999996
0.999996
0.999997
0.999997
0.999997
0.999998
0.999998
0.999999
0.999999
0.999999
0.999999
0.999999
0.999999
0.999999
0.999999
1
1
1
1
1
1
1
1
1
1
1
1
1
1
1
1
1
1
1
1
1
1
1
1
1
1
1
1
1
1
1
1
1
1
1
1
1
1
1
1
1
1
1
1
1
1
1
1
1
1
1
1
1
1
1
1
1
1
1
1
1
1
1
1
1
1
1
1
1
1
1
1
1
1
1
1
1
1
1
1
1
1
1
1
1
1
1
1
1
1
1
1
1
1
1
1
1
1
1
1
1
1
1
1
1
1
1
1
1
1
1
1
1
1
1
1
1
1
1
1
1
1
1
1
1
1
1
1
1
1
1
1
1
1
1
1
1
1
1
1
1
1
1
1
1
1
1
1
1
1
1
1
1
1
1
1
1
1
1
1
1
1
1
1
1
1
0.99497
1
1
1
1
1
1
1
1
1
1
1
1
1
1
1
1
1
1
1
1
1
1
1
1
1
1
1
1
1
1
1
1
1
1
1
1
1
1
1
1
1
1
1
1
1
1
1
1
1
1
1
1
1
1
1
1
1
1
1
1
1
1
1
1
1
1
1
1


0.0196877
0.020335
0.0226939
0.0237754
0.0245265
0.0256836
0.0262552
0.0262746
0.026425
0.0265882
0.0270424
0.0270586
0.0273194
0.0273583
0.0274877
0.0277798
0.0278265
0.02851
0.0285122
0.028769
0.029094
0.0290003
0.0301866
0.0303319
0.0325567
0.0325567
0.0325846
0.0325846
0.0336093
0.0380534
0.0381555
0.0381507
0.038407
0.0395959
0.0395959
0.0422242
0.0427906
0.0463683
0.0463838
0.0613738
0.0615134
0.0630097
0.0648772
0.0650403
0.0678402
0.0694901
0.0787016
0.079029
0.0823403
0.0996255
0.0997257
0.115762
0.115762
0.116102
0.136508
0.149531
0.149531
0.150149
0.150149
0.163916
0.174078
0.206255
0.23319
0.259742
0.287734
0.287734
0.321783
0.321783
0.337486
0.337733
0.347495
0.364695
0.379244
0.379244
0.408207
0.418001
0.446415
0.450719
0.484079
0.487272
0.49517
0.513463
0.530266
0.533944
0.536072
0.536315
0.544356
0.553074
0.567395
0.57342
0.58342
0.57035
0.577059
0.598944
0.599285
0.614421
0.615554
0.626622
0.627221
0.634195
0.634195
0.643683
0.644406
0.652702
0.658682
0.658682
0.661364
0.666933
0.667018
0.667482
0.677461
0.677512
0.683633
0.683633
0.683633
0.683633
0.684323
0.686708
0.686743
0.689266
0.689328
0.689649
0.689723
0.694804
0.695012
0.695585
0.695598
0.696305
0.696536
0.697341
0.699174
0.699722
0.700258
0.700258
0.700915
0.701846
0.701852
0.701854
0.702838
0.702843
0.702975
0.703117
0.703723
0.703756
0.704479
0.704479
0.704481
0.704482
0.704482
0.704944
0.704944
0.704944
0.705031
0.705212
0.70543
0.705431
0.705431
0.705478
0.705478
0.705478
0.705631
0.7056
0.7056
0.705679
0.705679
0.70572
0.70572
0.70572
0.70574
0.70574
0.705759
0.705799
0.705799
0.705823
0.705833
0.705835
0.705845
0.705869
0.705874
0.705874
0.705886
0.705886
0.705889
0.705894
0.705894
0.705898
0.705898
0.705903
0.705908
0.705908
0.705908
0.70591
0.705911
0.705912
0.705914
0.705916
0.705916
0.705916
0.705916
0.705916
0.705916
0.705916
0.705917
0.705918
0.705918
0.705919
0.70592
0.70592
0.70592
0.70592
0.70592
0.70592
0.70592
0.70592
0.705921
0.705921
0.705921
0.705921
0.705921
0.705921
0.705921
0.705921
0.705921
0.705921
0.705922
0.705922
0.705922
0.705922
0.705922
0.705922
0.705922
0.705922
0.705922
0.705922
0.705922
0.705922
0.705922
0.705922
0.705922
0.705922
0.705922
0.705923
0.705923
0.705923
0.705923
0.705923
0.705923
0.705923
0.705923
0.705923
0.705923
0.705923
0.705923
0.705923
0.705923
0.705923
0.705923
0.705923
0.705923
0.705923
0.705923
0.705923
0.705923
0.705923
0.705923
0.705923
0.705923
0.705923
0.705923
0.705923
0.705923
0.705923
0.705923
0.705923
0.705923
0.705923
0.705923
0.705923
0.705923
0.705923
0.705923
0.705923
0.705923
0.705923
0.705923
0.705923
0.705923
0.705923
0.705923
0.705923
0.705923
0.705923
0.705923
0.705923
0.705923
0.705923
0.705923
0.705923
0.705923
0.705923
0.705923
0.705923
0.705923
0.705923
0.705923
0.705923
0.705923
0.705923
0.705923
0.705923
0.705923
0.705923
0.705923
0.705923
0.705923
0.705923
0.705923
0.705923
0.705923
0.705923
0.705923
0.705923
0.705923
0.705923
0.705923
0.705923
0.705923
0.705923
0.705923
0.705923
0.705923
0.705923
0.705923
0.705923
0.705923
0.705923
0.705923
0.705923
0.705923
0.705923
0.705923
0.705923
0.705923
0.705923
0.705923
0.705923
0.705923
0.705923
0.705923
0.705923
0.705923
0.705923
0.705923
0.705923
0.705923
0.705923
0.705923
0.705923
0.705923
0.705923
0.705923
0.705923
0.705923
0.705923
0.705923
0.705923
0.705923
0.705923
0.705923
0.705923
0.705923
0.705907
0.705923
0.705923
0.705923
0.705923
0.705923
0.705923
0.705923
0.705923
0.705923
0.705923
0.705923
0.705923
0.705923
0.705923
0.705923
0.705923
0.705923
0.705923
0.705923
0.705923
0.705923
0.705923
0.705923
0.705923
0.705923
0.705923
0.705923
0.705923
0.705923
0.705923
0.705923
0.705923
0.705923
0.705923
0.705923
0.705923
0.705923
0.705923
0.705923
0.705923
0.705923
0.705923
0.705923
0.705923
0.705923
0.705923
0.705923
0.705923
0.705923
0.705923
0.705923
0.705923
0.705923
0.705923
0.705923
0.705923
0.705923
0.705923
0.705923
0.705923
0.705923
0.705923
0.705923
0.705923
0.705923
0.705923
0.705923
0.705923
0.705923
0.705923
0.705923
0.705923
0.705923
0.705923
0.705923
0.705923
0.705923
0.705923


