0.0269215
0.0279804
0.0317424
0.031912
0.031912
0.0325798
0.0327775
0.0332311
0.0341654
0.0357081
0.0357081
0.0357104
0.0357104
0.0394752
0.0394752
0.0394763
0.0425879
0.0425879
0.0459632
0.0479431
0.0490954
0.0490875
0.0528238
0.0531969
0.0532056
0.0567896
0.0567896
0.0586108
0.0586108
0.0664693
0.0765601
0.0854454
0.0854454
0.0866101
0.104087
0.112037
0.135084
0.135985
0.141813
0.143235
0.150318
0.153883
0.158615
0.176186
0.187551
0.187551
0.199473
0.211099
0.211099
0.22469
0.22469
0.263071
0.26404
0.270739
0.270739
0.273369
0.280704
0.297802
0.301233
0.334518
0.338003
0.342981
0.345417
0.357113
0.359972
0.363645
0.374689
0.377486
0.385659
0.40121
0.4016
0.40185
0.407007
0.409917
0.415181
0.417518
0.425733
0.430975
0.43188
0.433679
0.434265
0.43449
0.438756
0.439298
0.439464
0.441643
0.44231
0.443662
0.447434
0.447434
0.447434
0.447873
0.448065
0.448206
0.448444
0.450417
0.451068
0.451766
0.452222
0.452663
0.453248
0.453235
0.453284
0.453705
0.453929
0.454252
0.454252
0.454291
0.454579
0.454579
0.454812
0.454829
0.454895
0.454918
0.454924
0.455002
0.455127
0.455136
0.455253
0.455254
0.455332
0.455419
0.455455
0.455465
0.455519
0.455586
0.455607
0.4557
0.455717
0.455717
0.455717
0.455703
0.455727
0.455748
0.455755
0.455755
0.455776
0.455778
0.455786
0.455793
0.455806
0.455815
0.455823
0.455827
0.455827
0.455832
0.455833
0.455844
0.455844
0.45585
0.455852
0.455851
0.455852
0.455855
0.455856
0.455858
0.455858
0.455858
0.455858
0.455858
0.45586
0.455862
0.455863
0.455863
0.455864
0.455865
0.455865
0.455865
0.455866
0.455867
0.455868
0.455868
0.455868
0.455869
0.455869
0.455869
0.455869
0.455869
0.455869
0.45587
0.45587
0.45587
0.45587
0.45587
0.45587
0.45587
0.45587
0.45587
0.45587
0.45587
0.45587
0.45587
0.45587
0.45587
0.45587
0.45587
0.45587
0.45587
0.45587
0.455871
0.456171
0.460337
0.460417
0.461797
0.467324
0.467324
0.46989
0.46989
0.46989
0.477691
0.477691
0.477032
0.485309
0.485309
0.485309
0.485309
0.485309
0.485309
0.485309
0.486994
0.486994
0.486538
0.486538
0.488096
0.489006
0.492166
0.492166
0.495464
0.495464
0.495464
0.495658
0.495658
0.496187
0.496187
0.496373
0.496613
0.496613
0.49716
0.497942
0.49815
0.498162
0.498727
0.498727
0.498735
0.498735
0.499142
0.499142
0.499142
0.499571
0.499603
0.500092
0.500092
0.500092
0.500745
0.500745
0.500767
0.500767
0.500767
0.500959
0.500959
0.500959
0.500959
0.501041
0.501072
0.50118
0.50118
0.501258
0.501258
0.501302
0.501358
0.501358
0.501363
0.501363
0.501426
0.501469
0.501469
0.501476
0.501476
0.501476
0.501479
0.501513
0.501484
0.501529
0.501543
0.501548
0.501557
0.501557
0.501564
0.501566
0.501566
0.501566
0.501566
0.501566
0.501573
0.501577
0.501577
0.501584
0.501584
0.501595
0.501602
0.501602
0.501599
0.501611
0.501611
0.501613
0.501613
0.501613
0.501613
0.501616
0.501616
0.501616
0.501616
0.501616
0.501616
0.501617
0.501617
0.501618
0.501621
0.501621
0.501621
0.501621
0.50162
0.501621
0.501621
0.501621
0.501622
0.501622
0.501622
0.501622
0.501622
0.501622
0.501622
0.501622
0.501622
0.501622
0.501622
0.501623
0.501623
0.501623
0.501623
0.501623
0.501623
0.501623
0.501623
0.501623
0.501623
0.501623
0.501623
0.501623
0.501623
0.501623
0.501623
0.501623
0.501623
0.501623
0.501623
0.501623
0.501623
0.501623
0.501623
0.501623
0.501623
0.501623
0.501623
0.501623
0.501623
0.501623
0.501623
0.501623
0.501623
0.501623
0.501623
0.501623
0.501623
0.501623
0.501623
0.501623
0.501623
0.501623
0.501623
0.501623
0.501623
0.501623
0.501623
0.501623
0.501623
0.501623
0.501623
0.501623
0.501623
0.501623
0.501623
0.501623
0.501623
0.501623
0.501623
0.501623
0.501623
0.501623
0.501623
0.501623
0.501623
0.501623
0.501623
0.501623
0.501623
0.501623
0.501623
0.501623
0.501623
0.501623
0.501623
0.501623
0.501623
0.501623
0.501623
0.501623
0.501623
0.501623
0.501623
0.501623
0.501623
0.501623
0.501623
0.501623
0.501623
0.501623
0.501623
0.501623
0.501623
0.501623
0.501623
0.501623
0.501623
0.501623
0.501623
0.501623
0.501623
0.501623
0.501623
0.501623
0.501623
0.501623
0.501623
0.501623
0.501623
0.501623
0.501623
0.501623
0.501623
0.501623
0.501623
0.501623
0.501623
0.503873
0.503873
0.503873
0.503873
0.503873
0.506053
0.506053
0.50269
0.507413
0.507419
0.521205
0.53311
0.533503
0.533503
0.533503
0.533949
0.53528
0.535627
0.535848
0.535873
0.53592
0.53592
0.535923
0.535923
0.535923
0.535923
0.535926
0.535929
0.535931
0.535947
0.535955
0.535967
0.535968
0.535974
0.535975
0.535975
0.535975
0.535976
0.538064
0.538064
0.53878
0.539374
0.540092
0.540226
0.540289
0.541055


0.0426703
0.0459841
0.0505206
0.0514744
0.0521149
0.0527578
0.0543522
0.0551642
0.0551827
0.0560373
0.0564671
0.0564927
0.0571464
0.0574498
0.0577649
0.0579559
0.058464
0.0588166
0.0589935
0.059323
0.0595503
0.0599303
0.0602395
0.0603201
0.0606401
0.0606401
0.0606437
0.0618616
0.0625049
0.0647592
0.0673576
0.0670336
0.0707593
0.0719606
0.0725081
0.073854
0.073854
0.073854
0.073854
0.0793736
0.0795321
0.0795321
0.0826556
0.0865214
0.0868146
0.0871175
0.0890426
0.0934805
0.0952881
0.10265
0.105577
0.109712
0.118861
0.123179
0.133723
0.153354
0.16211
0.174848
0.195211
0.240802
0.240802
0.254414
0.260096
0.264745
0.267409
0.276471
0.276471
0.285822
0.291545
0.321086
0.321385
0.320048
0.361981
0.36327
0.373812
0.379361
0.384581
0.389248
0.398453
0.398453
0.403876
0.41017
0.414328
0.417126
0.42334
0.42334
0.42334
0.4269
0.4269
0.431451
0.433235
0.436003
0.439422
0.440809
0.44132
0.44422
0.444885
0.447609
0.447609
0.448554
0.448554
0.450752
0.45102
0.453188
0.453188
0.453911
0.454377
0.454655
0.454793
0.454982
0.45526
0.455805
0.456265
0.456265
0.456503
0.457119
0.457119
0.457119
0.457375
0.457431
0.457557
0.457607
0.457689
0.457709
0.457824
0.457895
0.457938
0.458044
0.45805
0.458052
0.458098
0.458094
0.458139
0.458163
0.458207
0.458223
0.458245
0.45827
0.45827
0.458296
0.458302
0.458297
0.458301
0.458309
0.458321
0.458322
0.458331
0.458341
0.458343
0.458348
0.458355
0.45835
0.458353
0.458357
0.458358
0.458363
0.458363
0.458365
0.458369
0.458369
0.45837
0.458371
0.458373
0.458373
0.458374
0.458374
0.458375
0.458377
0.458378
0.458378
0.458378
0.458379
0.458379
0.458379
0.458379
0.458379
0.458379
0.458379
0.458379
0.458379
0.45838
0.45838
0.45838
0.45838
0.45838
0.45838
0.45838
0.45838
0.45838
0.45838
0.45838
0.45838
0.45838
0.45838
0.45838
0.45838
0.45838
0.45838
0.45838
0.45838
0.45838
0.45838
0.45838
0.45838
0.45838
0.45838
0.45838
0.45838
0.45838
0.45838
0.45838
0.45838
0.45838
0.45838
0.45838
0.45838
0.45838
0.45838
0.45838
0.45838
0.45838
0.45838
0.45838
0.45838
0.45838
0.45838
0.45838
0.45838
0.45838
0.45838
0.45838
0.45838
0.45838
0.45838
0.45838
0.45838
0.45838
0.45838
0.45838
0.45838
0.45838
0.45838
0.45838
0.45838
0.45838
0.45838
0.45838
0.45838
0.45838
0.45838
0.45838
0.45838
0.45838
0.45838
0.45838
0.45838
0.45838
0.45838
0.45838
0.45838
0.45838
0.45838
0.45838
0.45838
0.45838
0.45838
0.45838
0.45838
0.45838
0.45838
0.45838
0.45838
0.45838
0.45838
0.45838
0.45838
0.45838
0.45838
0.45838
0.45838
0.45838
0.45838
0.45838
0.45838
0.45838
0.45838
0.45838
0.45838
0.45838
0.45838
0.45838
0.45838
0.45838
0.45838
0.45838
0.45838
0.45838
0.45838
0.45838
0.45838
0.45838
0.45838
0.468047
0.47417
0.47417
0.47417
0.478187
0.480063
0.480063
0.480063
0.492388
0.492388
0.492388
0.492388
0.496589
0.498864
0.500374
0.500374
0.500374
0.501457
0.503307
0.504592
0.510017
0.510346
0.513272
0.517778
0.520677
0.523744
0.527499
0.527499
0.527499
0.528628
0.528628
0.529034
0.529034
0.535224
0.535224
0.535224
0.535556
0.535556
0.536059
0.536059
0.538047
0.538047
0.538047
0.538511
0.539093
0.539454
0.540111
0.541221
0.541221
0.541669
0.541739
0.541739
0.541739
0.541767
0.541788
0.541788
0.541846
0.541902
0.541902
0.542
0.542795
0.543328
0.545073
0.54605
0.547567
0.548276
0.548414
0.548415
0.548635
0.548893
0.548953
0.548963
0.549277
0.550031
0.550031
0.550992
0.551774
0.553704
0.55437
0.55437
0.555572
0.555572
0.555572
0.55559
0.55559
0.55559
0.555594
0.555839
0.555923
0.555953
0.555966
0.555971
0.556271
0.556271
0.556305
0.556305
0.556305
0.556571
0.556591
0.55656
0.556719
0.556719
0.557441
0.557521
0.557544
0.557675
0.557675
0.557675
0.557675
0.557755
0.557917
0.55798
0.558052
0.558131
0.558167
0.55826
0.558318
0.558318
0.558396
0.558405
0.558427
0.558428
0.558482
0.558534
0.558534
0.558558
0.558558
0.558558
0.558565
0.558566
0.558589
0.55864
0.55864
0.55864
0.558704
0.558721
0.558721
0.558731
0.558747
0.558766
0.558783
0.558791
0.558791
0.558791
0.558795
0.558796
0.558805
0.558812
0.558818
0.558834
0.558836
0.558836
0.558837
0.558845
0.558845
0.558851
0.558855
0.558856
0.558863
0.558868
0.558868
0.558873
0.558873
0.558875
0.558877
0.558879
0.558886
0.5589
0.558912
0.558942
0.558942
0.558942
0.558942
0.558942
0.558942
0.558955
0.558955
0.558955
0.558955
0.558955
0.558964
0.55897
0.55897
0.558971
0.558974
0.558977
0.558978
0.558978
0.55898
0.558982
0.558982
0.558982
0.558987
0.558991
0.558991
0.558992
0.558993
0.558993


0.0488707
0.0510194
0.0562347
0.0568951
0.0584428
0.0593844
0.0620277
0.0625073
0.0628628
0.0628628
0.064511
0.0651644
0.0662569
0.0666948
0.0673558
0.067741
0.0680672
0.070339
0.0716781
0.0720504
0.0728042
0.0721336
0.0723103
0.0738743
0.0757296
0.0784105
0.0784516
0.0785548
0.0787703
0.0787703
0.0787703
0.0803279
0.0832348
0.088242
0.0883146
0.0924253
0.0963303
0.0975558
0.104194
0.111601
0.132439
0.136058
0.140689
0.143869
0.148096
0.156547
0.168472
0.169958
0.200311
0.228493
0.249573
0.238279
0.23895
0.242836
0.244927
0.272296
0.29043
0.315905
0.322816
0.349108
0.361207
0.373974
0.387859
0.392398
0.408834
0.463053
0.465599
0.480558
0.509539
0.519642
0.523142
0.523142
0.531727
0.548185
0.556552
0.564357
0.566468
0.575226
0.575226
0.575226
0.578303
0.582571
0.587773
0.589657
0.591161
0.591502
0.59392
0.594396
0.597661
0.600013
0.603397
0.6035
0.605114
0.605386
0.606971
0.609349
0.609657
0.610601
0.611101
0.612548
0.613366
0.61317
0.613302
0.614143
0.614143
0.614434
0.614804
0.615022
0.615133
0.615394
0.615446
0.615658
0.616109
0.616164
0.616203
0.616233
0.616293
0.616314
0.616338
0.616485
0.616502
0.616719
0.616732
0.616753
0.616782
0.616782
0.616787
0.616805
0.616823
0.61684
0.61684
0.616848
0.616857
0.616861
0.616893
0.616898
0.616898
0.616902
0.616902
0.616918
0.616922
0.616926
0.616933
0.616937
0.616937
0.616939
0.616941
0.616943
0.616948
0.61695
0.616951
0.616951
0.616952
0.616952
0.616954
0.616954
0.616954
0.616956
0.616957
0.616957
0.616958
0.616958
0.616959
0.616959
0.61696
0.61696
0.616961
0.616961
0.616962
0.616962
0.616962
0.616962
0.616962
0.616962
0.616962
0.616963
0.616963
0.616963
0.616963
0.616963
0.616963
0.616963
0.616963
0.616963
0.616963
0.616963
0.616963
0.616963
0.616963
0.616963
0.616963
0.616963
0.616963
0.616963
0.616964
0.616964
0.616964
0.616964
0.616964
0.616964
0.616964
0.616964
0.616964
0.616964
0.616964
0.616964
0.616964
0.616964
0.616964
0.616964
0.616964
0.616964
0.616964
0.616964
0.616964
0.616964
0.616964
0.616964
0.616964
0.616964
0.616964
0.616964
0.616964
0.616964
0.616964
0.616964
0.616964
0.616964
0.616964
0.616964
0.616964
0.616964
0.616964
0.616964
0.616964
0.616964
0.616964
0.616964
0.616964
0.616964
0.616964
0.616964
0.616964
0.616964
0.616964
0.616964
0.616964
0.616964
0.616964
0.616964
0.616964
0.616964
0.616964
0.616964
0.616964
0.616964
0.616964
0.616964
0.616964
0.616964
0.616964
0.616964
0.616964
0.616964
0.616964
0.616964
0.616964
0.616964
0.616964
0.616964
0.616964
0.616964
0.616964
0.616964
0.616964
0.616964
0.616964
0.616964
0.616964
0.616964
0.616964
0.616964
0.616964
0.616964
0.616964
0.616964
0.616964
0.616964
0.616964
0.616964
0.616964
0.616964
0.616964
0.616964
0.616964
0.616964
0.616964
0.616964
0.616964
0.616964
0.616964
0.616964
0.616964
0.616964
0.616964
0.616964
0.616964
0.616964
0.616964
0.616964
0.616964
0.616964
0.616964
0.622922
0.631815
0.631815
0.631815
0.635252
0.641359
0.643857
0.64818
0.64818
0.648308
0.648412
0.65019
0.655197
0.655197
0.665204
0.665204
0.665204
0.665385
0.66204
0.664188
0.66584
0.667324
0.668587
0.669602
0.669795
0.669795
0.670986
0.676322
0.676322
0.677379
0.67842
0.67842
0.679026
0.679481
0.679488
0.679913
0.680268
0.680279
0.680616
0.680721
0.681136
0.681149
0.681326
0.681375
0.681489
0.681537
0.681555
0.681562
0.681562
0.681586
0.681624
0.681633
0.681671
0.681718
0.682746
0.682746
0.682802
0.682802
0.682829
0.682829
0.682842
0.682862
0.682892
0.68297
0.68297
0.68297
0.682995
0.682995
0.682995
0.682997
0.683006
0.683018
0.683021
0.683074
0.683231
0.683276
0.683287
0.683287
0.683552
0.683707
0.683931
0.684331
0.685007
0.685891
0.685912
0.685912
0.68609
0.686161
0.686318
0.686347
0.686381
0.686381
0.686381
0.686474
0.686474
0.686475
0.686493
0.686493
0.686545
0.686708
0.686708
0.686713
0.686713
0.686713
0.686776
0.686782
0.686782
0.686795
0.686796
0.686982
0.686982
0.686982
0.686983
0.686986
0.687015
0.687038
0.687169
0.687169
0.687143
0.68718
0.687185
0.687191
0.687191
0.687191
0.687207
0.687221
0.687225
0.687226
0.687226
0.687229
0.68723
0.687234
0.687237
0.687237
0.687263
0.687304
0.687528
0.687528
0.68776
0.688018
0.688018
0.688041
0.688041
0.688041
0.688248
0.688248
0.688284
0.688284
0.688284
0.688284
0.688449
0.688449
0.688551
0.688619
0.688773
0.688773
0.688773
0.688862
0.688764
0.688912
0.688912
0.688921
0.688921
0.688921
0.688921
0.688922
0.688922
0.688927
0.688927
0.688938
0.688961
0.68897
0.68897
0.689066
0.689135
0.689135
0.689172
0.689188
0.689254
0.689254
0.689254
0.689254
0.689254
0.689254
0.689255
0.689257
0.689268


0.0436137
0.0482601
0.0521057
0.0558934
0.0579271
0.0615585
0.0618075
0.0618075
0.06279
0.0630237
0.0638622
0.0639254
0.0644234
0.0650263
0.066789
0.0668288
0.0668528
0.0669473
0.066973
0.0669753
0.0672347
0.0680973
0.0694665
0.0697763
0.0707694
0.0727676
0.0727676
0.0733558
0.0735786
0.0747198
0.0779573
0.0756595
0.095187
0.0953054
0.095469
0.0980704
0.0991068
0.118754
0.118754
0.118754
0.120342
0.138834
0.138834
0.139696
0.146179
0.146676
0.147799
0.14804
0.153157
0.156216
0.161032
0.187296
0.188379
0.190267
0.205929
0.205929
0.211701
0.215513
0.219014
0.227666
0.227849
0.228088
0.237115
0.23893
0.23893
0.239898
0.249276
0.252095
0.257802
0.25966
0.259696
0.251474
0.262983
0.274149
0.278397
0.29444
0.295925
0.295925
0.297269
0.300293
0.306483
0.303889
0.315302
0.315625
0.335106
0.359125
0.361748
0.361905
0.3656
0.365761
0.390642
0.375161
0.375361
0.375376
0.400293
0.404763
0.404859
0.404912
0.404966
0.407556
0.407592
0.4629
0.495209
0.49521
0.501116
0.501183
0.501188
0.501196
0.533728
0.533728
0.533755
0.544463
0.544463
0.584622
0.589977
0.589981
0.610821
0.610821
0.610837
0.616912
0.616914
0.638697
0.638699
0.6466
0.646602
0.652355
0.655433
0.655435
0.656122
0.657094
0.660281
0.657749
0.662391
0.662391
0.670037
0.670039
0.670039
0.670371
0.670861
0.670861
0.675121
0.675121
0.675584
0.675584
0.675584
0.679177
0.679501
0.679501
0.679501
0.679501
0.679501
0.681072
0.681072
0.681072
0.681402
0.681402
0.681402
0.681774
0.682253
0.682519
0.682519
0.682392
0.682995
0.682995
0.683014
0.683018
0.683018
0.683075
0.683254
0.683254
0.683254
0.683276
0.683283
0.683479
0.683483
0.683552
0.683552
0.683704
0.683767
0.683787
0.683801
0.683801
0.683867
0.683879
0.683879
0.683888
0.683975
0.683975
0.684024
0.684081
0.684081
0.684098
0.684099
0.684099
0.684099
0.684118
0.684121
0.684121
0.684129
0.684129
0.684133
0.684144
0.684146
0.684153
0.684153
0.684153
0.684153
0.684159
0.684159
0.684186
0.684187
0.684171
0.684185
0.684185
0.684185
0.684187
0.684198
0.684199
0.684205
0.684205
0.684206
0.684206
0.684206
0.68421
0.68421
0.68421
0.68421
0.684211
0.684211
0.684212
0.684212
0.684213
0.684213
0.684213
0.684213
0.684214
0.684214
0.684214
0.684214
0.684215
0.684215
0.684215
0.684215
0.684215
0.684215
0.684215
0.684215
0.684215
0.684215
0.684216
0.684216
0.684216
0.684216
0.684216
0.684216
0.684216
0.684216
0.684216
0.684216
0.684216
0.684216
0.684216
0.684216
0.684216
0.684216
0.684216
0.684216
0.684216
0.684216
0.684216
0.684216
0.684216
0.684216
0.684216
0.684216
0.684216
0.684216
0.684216
0.684216
0.684216
0.684216
0.684216
0.684216
0.684216
0.684216
0.684216
0.684216
0.684216
0.684216
0.684216
0.684216
0.684216
0.684216
0.684216
0.684216
0.684216
0.684216
0.684216
0.684216
0.684216
0.684216
0.684216
0.684216
0.684216
0.684216
0.684216
0.684216
0.684216
0.684216
0.684216
0.684216
0.684216
0.684216
0.684216
0.684216
0.684216
0.684216
0.684216
0.684216
0.684216
0.684216
0.684208
0.684216
0.684216
0.684216
0.684216
0.684216
0.684216
0.684216
0.684216
0.684216
0.684216
0.684216
0.684216
0.684216
0.684216
0.684216
0.684216
0.684216
0.684216
0.684216
0.684216
0.684216
0.684216
0.684216
0.684216
0.684216
0.684216
0.684216
0.684216
0.684216
0.684216
0.684216
0.684216
0.684216
0.684216
0.684216
0.684216
0.684216
0.684216
0.684216
0.684216
0.684216
0.684216
0.684216
0.684216
0.684216
0.684216
0.684216
0.684216
0.684216
0.684216
0.684216
0.684216
0.684216
0.684216
0.684216
0.684216
0.684216
0.684216
0.684216
0.684216
0.684216
0.684216
0.684216
0.684216
0.684216
0.684216
0.684216
0.684216
0.684216
0.684216
0.684216
0.684216
0.684216
0.684216
0.684216
0.684216
0.684216
0.684216
0.684216
0.684216
0.684216
0.684216
0.684216
0.684216
0.684216
0.684216
0.684216
0.684216
0.684216
0.684216
0.684216
0.684216
0.684216
0.684216
0.684216
0.684216
0.684216
0.684216
0.684216
0.684216
0.684216
0.684216
0.684216
0.684216
0.684216
0.684216
0.684216
0.684216
0.684216
0.684216
0.684216
0.684216
0.684216
0.684216
0.684216
0.684216
0.684216
0.684216
0.684216
0.684216
0.684216
0.684216
0.684216
0.684216
0.684216
0.684216
0.684216
0.684216
0.684216
0.684216
0.684216
0.684216
0.684216
0.684216
0.684216
0.684216
0.684216
0.684216
0.684216
0.684216
0.684216
0.684216
0.684216
0.684216
0.684216
0.684216
0.684216
0.684216
0.684216
0.684216
0.684216
0.684216
0.684216
0.684216
0.684216
0.684216
0.684216
0.684216
0.684216
0.684216
0.684216
0.684216
0.684216
0.684216
0.684216
0.684216
0.684216
0.684216
0.684216
0.684216
0.684216
0.684216
0.684216
0.684216
0.684216
0.684216
0.684216
0.684216


0.0431529
0.0472392
0.0512103
0.0518941
0.0521285
0.0534292
0.0540864
0.054227
0.0542336
0.0559342
0.0562643
0.0569823
0.0570148
0.0570757
0.057582
0.0576028
0.0579901
0.0579901
0.0588181
0.0588181
0.0588181
0.059342
0.0610213
0.0610233
0.0612552
0.0612552
0.0612552
0.0612552
0.0612584
0.0624434
0.0627113
0.0632872
0.0634126
0.0643154
0.0643154
0.0652392
0.0652392
0.0654036
0.0676824
0.0683423
0.0691416
0.0699326
0.0699326
0.0714248
0.0714372
0.0826505
0.0853173
0.0853283
0.092396
0.0923969
0.0924067
0.102266
0.104877
0.112272
0.112289
0.116871
0.134207
0.139729
0.145444
0.145444
0.154058
0.170615
0.170615
0.20446
0.217081
0.217082
0.220282
0.220283
0.225452
0.227095
0.234813
0.234813
0.273009
0.275633
0.315717
0.315717
0.325225
0.325225
0.328947
0.340298
0.352719
0.365518
0.365519
0.37476
0.377633
0.388478
0.411863
0.417996
0.418383
0.418383
0.418383
0.418641
0.42197
0.434895
0.434895
0.434895
0.437118
0.441336
0.453452
0.453452
0.453452
0.456499
0.456499
0.458371
0.470661
0.471082
0.473276
0.473276
0.480028
0.480028
0.480028
0.480028
0.480352
0.480352
0.485883
0.487106
0.48761
0.48761
0.48761
0.48889
0.48889
0.489492
0.489492
0.490077
0.490434
0.490434
0.490686
0.490686
0.492112
0.492112
0.492112
0.492417
0.4928
0.4928
0.49291
0.492975
0.493354
0.493822
0.493822
0.493822
0.494018
0.494036
0.494036
0.494346
0.494426
0.494426
0.494427
0.494439
0.494451
0.494452
0.494493
0.494493
0.494493
0.494493
0.494505
0.494596
0.494596
0.494612
0.494666
0.494666
0.49467
0.49467
0.494749
0.494749
0.494774
0.4948
0.494813
0.494827
0.494848
0.494848
0.494848
0.494865
0.494884
0.494884
0.494884
0.494901
0.494901
0.494901
0.494901
0.494922
0.494922
0.494923
0.494924
0.494931
0.494931
0.494931
0.494943
0.494943
0.494943
0.494945
0.494948
0.494946
0.494952
0.494952
0.494952
0.494952
0.494953
0.494957
0.494958
0.494959
0.494959
0.494964
0.494964
0.494964
0.494964
0.494964
0.494964
0.494964
0.494965
0.494965
0.494965
0.494966
0.494966
0.494967
0.494968
0.494968
0.494968
0.494968
0.494968
0.494968
0.494968
0.494968
0.494968
0.494968
0.494968
0.494969
0.494969
0.494969
0.494969
0.494969
0.494969
0.494969
0.494969
0.494969
0.494969
0.494979
0.494992
0.494992
0.494992
0.494992
0.495027
0.495027
0.495027
0.495027
0.495027
0.495035
0.495035
0.495039
0.495049
0.495071
0.495077
0.495078
0.49508
0.49508
0.495087
0.495092
0.4951
0.4951
0.495112
0.495112
0.495112
0.495112
0.495112
0.495115
0.495123
0.495131
0.495131
0.495131
0.495131
0.495131
0.495133
0.495133
0.495133
0.495133
0.495134
0.495135
0.495135
0.495135
0.495136
0.495136
0.495136
0.495136
0.495136
0.495136
0.495136
0.495136
0.495136
0.495136
0.495136
0.495137
0.495137
0.495137
0.495137
0.495137
0.495138
0.495138
0.495138
0.495138
0.495138
0.495138
0.495138
0.495139
0.495139
0.495139
0.495139
0.495139
0.495139
0.495139
0.495139
0.495139
0.495139
0.495139
0.495139
0.495139
0.495139
0.495139
0.495139
0.495139
0.495139
0.495139
0.495139
0.495139
0.495139
0.495139
0.49514
0.49514
0.49514
0.49514
0.49514
0.49514
0.49514
0.49514
0.49514
0.49514
0.49514
0.49514
0.49514
0.49514
0.49514
0.49514
0.49514
0.49514
0.49514
0.49514
0.49514
0.49514
0.49514
0.49514
0.49514
0.49514
0.49514
0.49514
0.49514
0.49514
0.49514
0.49514
0.495141
0.495141
0.495141
0.495141
0.495141
0.495141
0.495141
0.495141
0.495141
0.495141
0.495141
0.495141
0.495141
0.495141
0.495141
0.495141
0.495141
0.495141
0.495141
0.495141
0.495141
0.495141
0.495141
0.495141
0.495141
0.495141
0.495141
0.495141
0.495141
0.495142
0.495142
0.495142
0.495142
0.495142
0.495142
0.495142
0.495142
0.495142
0.495142
0.495142
0.495142
0.495142
0.495142
0.495142
0.495142
0.495142
0.495142
0.495142
0.495142
0.495142
0.495142
0.495142
0.495142
0.495142
0.495142
0.495142
0.495142
0.495142
0.495142
0.495142
0.495142
0.495142
0.495142
0.495142
0.495142
0.495142
0.495142
0.495142
0.495142
0.495142
0.495142
0.495142
0.495142
0.495142
0.495142
0.495142
0.495142
0.495142
0.495142
0.495142
0.495142
0.495142
0.495142
0.495142
0.495142
0.495142
0.495142
0.495142
0.495142
0.495142
0.495142
0.495142
0.495142
0.495142
0.495142
0.495142
0.495142
0.495142
0.495142
0.495142
0.495142
0.495142
0.495142
0.495142
0.495142
0.495142
0.495142
0.495142
0.495142
0.495142
0.495142
0.495142
0.495142
0.495142
0.495142
0.495142
0.495142
0.495142
0.495142
0.495142
0.495142
0.495142
0.495142
0.495142
0.495142
0.495142
0.495142
0.495142
0.495142
0.495142
0.495142
0.495142
0.495142
0.495142
0.495142
0.495142
0.495142
0.495142
0.495142
0.495142
0.495142
0.495142
0.495142
0.495142


0.0491698
0.0555417
0.0603011
0.0631942
0.0644007
0.0657908
0.0684258
0.0685698
0.0700525
0.0705245
0.0715306
0.0728237
0.072919
0.0752804
0.0752804
0.0755992
0.0756775
0.0758795
0.0769665
0.0783495
0.0820884
0.0835143
0.0840476
0.0840476
0.0868068
0.0868068
0.0924051
0.0927428
0.0937451
0.0965717
0.0991576
0.098272
0.102075
0.11008
0.135633
0.137737
0.13777
0.144626
0.171711
0.171711
0.173082
0.205506
0.214962
0.217221
0.240439
0.251391
0.258811
0.260038
0.284842
0.293382
0.303105
0.307278
0.307278
0.309521
0.325759
0.356122
0.358221
0.363404
0.368721
0.378398
0.382026
0.385095
0.393918
0.399892
0.407624
0.416165
0.418812
0.423699
0.425119
0.429488
0.431635
0.439109
0.44492
0.453689
0.454034
0.456026
0.458221
0.459615
0.461845
0.462172
0.462916
0.463784
0.464492
0.464724
0.465568
0.466403
0.466814
0.467269
0.467776
0.46897
0.470063
0.469806
0.469942
0.47044
0.470643
0.471217
0.471423
0.471667
0.471716
0.471958
0.472048
0.472048
0.472188
0.472432
0.472526
0.472691
0.472765
0.472804
0.472874
0.472963
0.473021
0.47317
0.473223
0.473243
0.473248
0.473273
0.473365
0.473376
0.473383
0.473395
0.473409
0.473421
0.473432
0.473454
0.473468
0.473479
0.473484
0.473486
0.473516
0.473516
0.473521
0.473522
0.473524
0.473534
0.473541
0.473542
0.473544
0.473545
0.473547
0.473548
0.473552
0.473557
0.473557
0.473557
0.473565
0.473565
0.473568
0.473568
0.473568
0.47357
0.47357
0.473571
0.473571
0.473572
0.473572
0.473573
0.473573
0.473573
0.473573
0.473574
0.473574
0.473574
0.473575
0.473575
0.473575
0.473575
0.473575
0.473575
0.473576
0.473576
0.473576
0.473576
0.473576
0.473576
0.473576
0.473576
0.473576
0.473576
0.473576
0.473576
0.473576
0.473576
0.473576
0.473576
0.473576
0.473576
0.473576
0.473576
0.473577
0.473577
0.473577
0.473577
0.473577
0.473577
0.473577
0.473577
0.473577
0.473577
0.473577
0.473577
0.473577
0.473577
0.473577
0.473577
0.473577
0.473577
0.473577
0.473577
0.473577
0.473577
0.473577
0.473577
0.473577
0.473577
0.473577
0.473577
0.473577
0.473577
0.473577
0.473577
0.473577
0.473577
0.473577
0.473577
0.473577
0.473577
0.473577
0.473577
0.473577
0.473577
0.473577
0.473577
0.473577
0.473577
0.473577
0.473577
0.473577
0.473577
0.473577
0.473577
0.473577
0.473577
0.473577
0.473577
0.473577
0.473577
0.473577
0.473577
0.473577
0.473577
0.473577
0.473577
0.473577
0.473577
0.473577
0.473577
0.473577
0.473577
0.473577
0.473577
0.473577
0.473577
0.473577
0.473577
0.473577
0.473577
0.473577
0.473577
0.473577
0.473577
0.473577
0.473577
0.473577
0.473577
0.473577
0.473577
0.473577
0.473577
0.473577
0.473577
0.473577
0.473577
0.473577
0.473577
0.473577
0.473577
0.473577
0.473577
0.473577
0.473577
0.473577
0.473577
0.473577
0.473577
0.473577
0.473577
0.473577
0.473577
0.473577
0.473577
0.473577
0.473577
0.473577
0.473577
0.473577
0.473577
0.473577
0.473577
0.473577
0.473577
0.473577
0.473577
0.473577
0.473577
0.473577
0.473577
0.473577
0.473577
0.473577
0.473577
0.473577
0.473577
0.473577
0.473577
0.473577
0.473577
0.473577
0.473577
0.473577
0.473577
0.473577
0.473577
0.473577
0.473577
0.473577
0.473577
0.473577
0.473577
0.473577
0.473577
0.473577
0.473577
0.473577
0.473577
0.473577
0.473577
0.473577
0.473577
0.473577
0.473577
0.473577
0.473577
0.473577
0.473577
0.473577
0.473577
0.473577
0.473577
0.473577
0.473577
0.473577
0.473577
0.473577
0.473577
0.473577
0.473577
0.473577
0.473577
0.473577
0.473577
0.473577
0.473577
0.473577
0.473577
0.473577
0.473577
0.473577
0.473577
0.473577
0.473577
0.473577
0.473577
0.473577
0.473577
0.473577
0.473577
0.473577
0.473577
0.473577
0.473577
0.473577
0.473577
0.473577
0.473577
0.473577
0.473577
0.473577
0.473577
0.473577
0.473577
0.473577
0.473577
0.473577
0.473577
0.473577
0.473577
0.473577
0.473577
0.473577
0.473577
0.473577
0.473566
0.473577
0.473577
0.473577
0.473577
0.473577
0.473577
0.473577
0.473577
0.473577
0.473577
0.473577
0.473577
0.473577
0.473577
0.473577
0.473577
0.473577
0.473577
0.473577
0.473577
0.473577
0.473577
0.473577
0.473577
0.473577
0.473577
0.473577
0.473577
0.473577
0.473577
0.473577
0.473577
0.473577
0.473577
0.473577
0.473577
0.473577
0.473577
0.473577
0.473577
0.473577
0.473577
0.473577
0.473577
0.473577
0.473577
0.473577
0.473577
0.473577
0.473577
0.473577
0.473577
0.473577
0.473577
0.473577
0.473577
0.473577
0.473577
0.473577
0.473577
0.473577
0.473577
0.473577
0.473577
0.473577
0.473577
0.473577
0.473577
0.473577
0.473577
0.473577
0.473577
0.473577
0.473577
0.473577
0.473577
0.473577
0.473577
0.473577
0.473577
0.473577
0.473577
0.473577
0.473577
0.473577
0.473577
0.473577
0.473577


0.0547225
0.0616968
0.0645965
0.0668137
0.073042
0.0735804
0.0746014
0.0755149
0.0757954
0.0759126
0.0763596
0.0768472
0.0772686
0.0772686
0.0773122
0.0773122
0.0773888
0.0777244
0.0778085
0.0778085
0.0779233
0.0779233
0.0779541
0.0779571
0.0781512
0.0782883
0.0782883
0.0783869
0.0783869
0.0783899
0.0785622
0.0787205
0.0790883
0.0791648
0.0791723
0.0791878
0.0791907
0.0792757
0.0792941
0.0792992
0.0793015
0.0793139
0.0793142
0.0793169
0.0793247
0.0793375
0.0793454
0.0793814
0.0794173
0.0794375
0.0794375
0.0794917
0.0795097
0.0795268
0.0795268
0.0795268
0.0795744
0.0795754
0.0795761
0.079588
0.0795997
0.0796239
0.0796352
0.0796439
0.0796459
0.0796619
0.079676
0.0796931
0.0797226
0.0797518
0.0797663
0.0797839
0.0799117
0.0799851
0.0799851
0.0799851
0.0799986
0.0800128
0.0800315
0.080042
0.080042
0.0800797
0.0800797
0.0800934
0.0800934
0.0801259
0.0801298
0.0801306
0.0801483
0.0801536
0.0801664
0.0801761
0.08018
0.0801849
0.0801916
0.0801961
0.0801961
0.0801964
0.0801965
0.0801992
0.0802026
0.0802058
0.0802077
0.0802092
0.0802122
0.0802161
0.0802176
0.0802176
0.0802193
0.0802212
0.0802216
0.0802235
0.0802241
0.080225
0.0802255
0.0802262
0.0802262
0.0802263
0.0802266
0.0802273
0.0802273
0.0802274
0.0802275
0.0802276
0.0802278
0.0802278
0.0802278
0.0802279
0.0802279
0.080228
0.0802281
0.0802281
0.0802282
0.0802282
0.0802282
0.0802283
0.0802283
0.0802283
0.0802283
0.0802283
0.0802283
0.0802283
0.0802284
0.0802284
0.0802284
0.0802284
0.0802284
0.0802284
0.0802284
0.0802284
0.0802284
0.0802284
0.0802284
0.0802284
0.0802284
0.0802284
0.0802284
0.0802285
0.0802285
0.0802285
0.0802285
0.0802285
0.0802285
0.0802285
0.0802285
0.0802285
0.0802285
0.0802285
0.0802285
0.0802285
0.0802285
0.0802285
0.0802285
0.0802285
0.0802285
0.0802285
0.0802285
0.0802285
0.0802285
0.0802285
0.0802285
0.0802285
0.0802285
0.0802285
0.0802285
0.0802285
0.0802285
0.0802285
0.0802285
0.0802285
0.0802285
0.0802285
0.0802285
0.0802285
0.0802285
0.0802285
0.0802285
0.0802285
0.0802285
0.0803631
0.0803631
0.0803903
0.0804007
0.0804007
0.0804007
0.0804007
0.0804007
0.0804007
0.0804077
0.0804077
0.0804088
0.0804175
0.0804176
0.0804189
0.0804205
0.0804205
0.0804208
0.0804265
0.0804338
0.0804403
0.0804403
0.0804403
0.0804452
0.0804465
0.0804505
0.0804521
0.0804521
0.0804528
0.0804528
0.0804542
0.0804544
0.0804545
0.0804549
0.0804549
0.0804552
0.0804556
0.0804556
0.0804556
0.0804557
0.0804557
0.0804557
0.0804558
0.0804558
0.0804558
0.0804561
0.0804562
0.0804563
0.0804563
0.0804564
0.0804564
0.0804564
0.0804564
0.0804564
0.0804564
0.0804564
0.0804565
0.0804565
0.0804565
0.0804565
0.0804565
0.0804565
0.0804565
0.0804565
0.0804565
0.0804565
0.0804565
0.0804565
0.0804565
0.0804565
0.0804565
0.0804565
0.0804565
0.0804565
0.0804565
0.0804565
0.0804565
0.0804565
0.0804565
0.0804565
0.0804565
0.0804565
0.0804565
0.0804565
0.0804565
0.0804565
0.0804565
0.0804565
0.0804565
0.0804565
0.0804578
0.0804584
0.0804584
0.0804593
0.0804607
0.0804918
0.080492
0.080492
0.0804922
0.0804922
0.0804924
0.0804924
0.0804959
0.0804983
0.0805007
0.0805026
0.0805187
0.080523
0.0805278
0.0805328
0.0805347
0.0805355
0.0805401
0.0805464
0.0805498
0.0805598
0.0805652
0.0805764
0.0805915
0.0806059
0.0806342
0.0806429
0.0806449
0.0806492
0.0806553
0.0806566
0.0806571
0.0806612
0.0806631
0.0806663
0.080668
0.080668
0.0806696
0.0806708
0.0806713
0.0809272
0.0809791
0.0809791
0.0810277
0.081028
0.081028
0.0810788
0.0810833
0.0810906
0.0810932
0.0810933
0.081098
0.081098
0.081098
0.0811031
0.0811032
0.0811032
0.0811034
0.0811037
0.0811043
0.0811046
0.0811046
0.0811047
0.0811049
0.0811049
0.0811054
0.0811055
0.0811054
0.0811058
0.0811059
0.081107
0.0811082
0.0811092
0.0811093
0.0811108
0.0811108
0.081111
0.081111
0.081111
0.081111
0.081111
0.0811111
0.0811111
0.0811111
0.0811111
0.0811113
0.0811113
0.0811115
0.0811115
0.0811116
0.0811116
0.0811116
0.0811117
0.0811117
0.0811117
0.0811117
0.0811117
0.0811119
0.081112
0.081112
0.081112
0.081112
0.0811121
0.0811131
0.0811146
0.0811171
0.0811201
0.0811205
0.0811209
0.0811209
0.0811217
0.0811219
0.0811219
0.0811219
0.0811219
0.0811219
0.0811219
0.0811219
0.0811219
0.081122
0.081122
0.081122
0.081122
0.081122
0.081122
0.0811221
0.0811221
0.0811221
0.0811221
0.0811222
0.0811222
0.0811223
0.0811223
0.0811223
0.0811223
0.0811223
0.0811224
0.0800154
0.0811224
0.0811224
0.0811224
0.0811224
0.0811224
0.0811224
0.0811224
0.0811224
0.0811224
0.0811224
0.0811224
0.0811225
0.0811225
0.0811225
0.0811225
0.0811225
0.0811225
0.0811225
0.0811225
0.0811225
0.0811225
0.0811225
0.0811225
0.0811225
0.0811225
0.0811225
0.0811225
0.0811225
0.0811225
0.0811225
0.0811225
0.0811225
0.0811225
0.0811225
0.0811225
0.0811225
0.0811225
0.0811225
0.0811225
0.0811225
0.0811225
0.0811225
0.0811225
0.0811225
0.0811225
0.0811225
0.0811225
0.0811225
0.0811225
0.0811225
0.0811225
0.0811225
0.0811225
0.0811225
0.0811225
0.0811226
0.0811226
0.0811226
0.0811226
0.0811226
0.0811226
0.0811226
0.0811226
0.0811226
0.0811226
0.0811226
0.0811226
0.0811226


0.0697119
0.0809419
0.0892679
0.0978492
0.101193
0.104433
0.110939
0.113971
0.115286
0.117296
0.120629
0.121044
0.122869
0.122869
0.122893
0.122893
0.122913
0.12324
0.123459
0.12368
0.12368
0.12369
0.123882
0.123893
0.124462
0.124758
0.124758
0.124991
0.125
0.125173
0.125328
0.125448
0.125522
0.125906
0.126172
0.126448
0.126495
0.126516
0.126516
0.126557
0.126557
0.12656
0.126729
0.126729
0.126954
0.127163
0.127163
0.127358
0.12738
0.12742
0.127491
0.127361
0.127921
0.127922
0.127922
0.128035
0.128057
0.12807
0.128077
0.128262
0.128297
0.128345
0.128345
0.128414
0.128443
0.128449
0.128466
0.128467
0.128467
0.128468
0.128469
0.128484
0.128503
0.128525
0.128525
0.128525
0.12853
0.128535
0.128538
0.12854
0.128541
0.128544
0.128545
0.128545
0.128545
0.128546
0.128546
0.128549
0.128551
0.128551
0.128551
0.128552
0.128553
0.128555
0.128556
0.128556
0.128556
0.128556
0.128557
0.128557
0.128557
0.128557
0.128557
0.128557
0.128557
0.128557
0.128557
0.128558
0.128558
0.128558
0.128558
0.128558
0.128558
0.128558
0.128558
0.128558
0.128558
0.128558
0.128558
0.128558
0.128558
0.128558
0.128558
0.128558
0.128558
0.128558
0.128558
0.128558
0.128558
0.128558
0.128558
0.128558
0.128558
0.128558
0.128558
0.128558
0.128558
0.128558
0.128558
0.128558
0.128558
0.128558
0.128558
0.128558
0.128558
0.128558
0.128558
0.128558
0.128558
0.128558
0.128558
0.128558
0.128558
0.128558
0.128558
0.128638
0.128638
0.128649
0.12868
0.12868
0.12868
0.12868
0.12868
0.12868
0.12868
0.12868
0.12874
0.12874
0.12874
0.12874
0.12874
0.12874
0.12875
0.12875
0.128783
0.128818
0.128845
0.128855
0.128864
0.128896
0.128898
0.128961
0.128961
0.128967
0.129008
0.12903
0.129066
0.129067
0.129075
0.129076
0.129077
0.129085
0.129086
0.129086
0.129086
0.129088
0.129088
0.129088
0.129089
0.12909
0.12909
0.129095
0.129096
0.129097
0.129097
0.129097
0.129099
0.1291
0.129102
0.129102
0.129103
0.129104
0.129104
0.129104
0.129104
0.129104
0.129104
0.129104
0.129104
0.129104
0.129105
0.129105
0.129105
0.129106
0.129106
0.129106
0.129106
0.129106
0.129106
0.129106
0.129106
0.129107
0.129107
0.129107
0.129107
0.129107
0.129107
0.129107
0.129107
0.129107
0.129107
0.129107
0.129107
0.129107
0.129107
0.129107
0.129107
0.129107
0.129107
0.129107
0.129107
0.129107
0.129107
0.129107
0.129107
0.129107
0.129107
0.129107
0.129107
0.129107
0.129107
0.129107
0.129107
0.129107
0.129107
0.129107
0.129107
0.129107
0.129107
0.129107
0.129107
0.129107
0.129107
0.129107
0.129107
0.129107
0.129107
0.129107
0.129107
0.129107
0.129107
0.129107
0.129107
0.129107
0.129107
0.129107
0.129107
0.129107
0.129107
0.129107
0.129107
0.129107
0.129107
0.129107
0.129107
0.129107
0.129107
0.129107
0.129107
0.129107
0.129107
0.129107
0.129107
0.129107
0.129107
0.129107
0.129107
0.129107
0.129107
0.129107
0.129107
0.129107
0.129107
0.129107
0.129107
0.129107
0.129107
0.129107
0.129107
0.129107
0.129107
0.129107
0.129107
0.129107
0.129107
0.129107
0.129107
0.129107
0.129107
0.129107
0.129107
0.129107
0.129107
0.129107
0.129107
0.129107
0.129107
0.129107
0.129107
0.129107
0.129107
0.129107
0.129107
0.129107
0.129107
0.129107
0.129107
0.129107
0.129107
0.129107
0.129107
0.129107
0.129107
0.129107
0.129107
0.129107
0.129107
0.129107
0.129107
0.129107
0.129107
0.129107
0.129107
0.129107
0.129107
0.129107
0.129107
0.129107
0.129107
0.129107
0.129107
0.129107
0.129107
0.129107
0.129107
0.129107
0.129107
0.129107
0.129107
0.129107
0.129107
0.129107
0.129107
0.129107
0.129107
0.129107
0.129107
0.129107
0.129107
0.129107
0.129107
0.129107
0.129107
0.129107
0.129107
0.129107
0.129107
0.129107
0.129107
0.129107
0.129107
0.129107
0.129107
0.129107
0.129107
0.129107
0.129107
0.129107
0.129107
0.129107
0.129107
0.129107
0.129107
0.129107
0.129107
0.129107
0.129107
0.129107
0.129107
0.129107
0.129107
0.129107
0.129107
0.129107
0.129107
0.129107
0.129107
0.129107
0.129107
0.129107
0.129107
0.129107
0.129107
0.129107
0.129107
0.129107
0.129107
0.129107
0.129107
0.129107
0.129107
0.129107
0.129107
0.129107
0.129107
0.129107
0.129107
0.129107
0.129107
0.129107
0.129107
0.129107
0.129107
0.129107
0.129107
0.129107
0.129107
0.129107
0.129107
0.129107
0.129107
0.129107
0.129107
0.129107
0.129107
0.129107
0.129107
0.129107
0.129107
0.129107
0.129107
0.129107
0.129107
0.129107
0.129107
0.129107
0.129107
0.129107
0.129107
0.129107
0.129107
0.129107
0.129107
0.129107
0.129107
0.129107
0.129107
0.129107
0.129107
0.129107
0.129107
0.129107
0.129107
0.129107
0.129107
0.129107
0.129107
0.129107
0.129107
0.129107


0.0476762
0.0492632
0.0516278
0.0549916
0.0553827
0.0560958
0.0574679
0.0575074
0.0579321
0.0581923
0.0583234
0.0591433
0.0591736
0.0592457
0.0594273
0.059442
0.0596664
0.0597613
0.0598406
0.0601317
0.0602265
0.0599019
0.0600848
0.0603022
0.0603022
0.0604443
0.0606014
0.0606786
0.0606988
0.060962
0.060962
0.0610654
0.0610899
0.0612557
0.0613548
0.0623344
0.0623344
0.062596
0.0639405
0.0642135
0.0646503
0.0649015
0.0669759
0.0669759
0.0672454
0.0672846
0.067454
0.068139
0.0681717
0.0681717
0.0695919
0.0769953
0.0843099
0.0843099
0.08433
0.0866082
0.0866082
0.0901515
0.0908912
0.0908957
0.0943098
0.0943301
0.106038
0.106038
0.108307
0.108312
0.108316
0.12137
0.123063
0.123065
0.123066
0.128409
0.137875
0.152013
0.167218
0.167219
0.192746
0.195791
0.195804
0.196318
0.196318
0.216057
0.244943
0.268105
0.305105
0.332337
0.332343
0.332346
0.342908
0.346212
0.346213
0.346788
0.354883
0.357005
0.364747
0.364747
0.369333
0.372761
0.376854
0.385129
0.389296
0.380068
0.390905
0.398683
0.40551
0.40551
0.40551
0.40728
0.415143
0.415143
0.415229
0.415799
0.415799
0.415833
0.416544
0.416544
0.419271
0.419271
0.419925
0.420291
0.420291
0.42123
0.42123
0.423931
0.424904
0.425529
0.426644
0.42707
0.427918
0.427918
0.42841
0.429643
0.429771
0.429771
0.429944
0.430146
0.430707
0.430707
0.431341
0.433761
0.434759
0.434759
0.434759
0.437554
0.438024
0.438024
0.439189
0.439217
0.439234
0.439234
0.443948
0.448811
0.448811
0.452697
0.452697
0.452697
0.452769
0.452805
0.452849
0.452871
0.452871
0.449283
0.450999
0.451812
0.453667
0.453667
0.453697
0.454677
0.454677
0.454739
0.456727
0.456727
0.460061
0.466318
0.467436
0.47174
0.47174
0.471768
0.495403
0.495403
0.49792
0.508211
0.508211
0.508219
0.510669
0.510669
0.515991
0.517676
0.536093
0.536109
0.541393
0.541393
0.542448
0.547306
0.564415
0.568928
0.56955
0.581437
0.59846
0.59846
0.608052
0.626575
0.626576
0.629487
0.63868
0.638684
0.645704
0.645704
0.667172
0.667172
0.668876
0.70292
0.702925
0.707622
0.728363
0.728366
0.747016
0.747016
0.750484
0.758115
0.758115
0.7626
0.788375
0.788376
0.792263
0.792263
0.792264
0.806131
0.806131
0.80697
0.80697
0.815316
0.815805
0.817414
0.817415
0.817415
0.818208
0.819486
0.819486
0.819486
0.844592
0.849623
0.850504
0.850504
0.861687
0.869008
0.869008
0.87359
0.87359
0.874478
0.879367
0.879367
0.884887
0.884887
0.884887
0.884887
0.885316
0.885877
0.885877
0.887514
0.887552
0.888871
0.890509
0.891707
0.892328
0.892814
0.892814
0.892814
0.893783
0.895206
0.895206
0.895206
0.895206
0.896119
0.89614
0.89614
0.896281
0.896281
0.896975
0.897085
0.897218
0.897424
0.897424
0.897545
0.89756
0.897692
0.897695
0.897695
0.897695
0.897707
0.897862
0.897939
0.897939
0.897961
0.898069
0.898085
0.898085
0.898234
0.898234
0.898234
0.898258
0.898258
0.898266
0.898317
0.898354
0.898354
0.898354
0.898354
0.898359
0.898359
0.89837
0.898387
0.898389
0.898389
0.898398
0.898404
0.898404
0.89841
0.89841
0.898414
0.898414
0.898414
0.898418
0.898418
0.89842
0.89842
0.898423
0.898424
0.898426
0.898426
0.898427
0.898427
0.898427
0.898428
0.898429
0.898429
0.898431
0.898431
0.898431
0.898431
0.898431
0.898431
0.898431
0.898431
0.898431
0.898431
0.898431
0.898432
0.898432
0.898432
0.898432
0.898432
0.898432
0.898432
0.898432
0.898432
0.898432
0.898432
0.898432
0.898432
0.898432
0.898432
0.898432
0.898432
0.898432
0.898432
0.898432
0.898432
0.898432
0.898432
0.898432
0.898432
0.898432
0.898432
0.898432
0.898432
0.898432
0.898432
0.898432
0.898432
0.898432
0.898432
0.898432
0.898432
0.898432
0.898432
0.898432
0.898432
0.898432
0.898432
0.898432
0.898432
0.898432
0.898432
0.898432
0.898432
0.898432
0.898432
0.898432
0.898432
0.898432
0.898432
0.898432
0.898432
0.898432
0.898432
0.898432
0.898432
0.898432
0.898432
0.898432
0.898432
0.898432
0.898432
0.898432
0.898432
0.898432
0.898432
0.898432
0.898432
0.898432
0.898432
0.898432
0.898432
0.898432
0.898432
0.898432
0.898432
0.898432
0.898432
0.898432
0.898432
0.898432
0.898432
0.898432
0.898432
0.898432
0.898432
0.898432
0.898432
0.898432
0.898432
0.898432
0.898432
0.898432
0.898432
0.898432
0.898432
0.898432
0.898432
0.898432
0.898432
0.898432
0.898432
0.898432
0.898432
0.898432
0.898432
0.898432
0.898432
0.898432
0.898432
0.898432
0.898432
0.898432
0.898432
0.898432
0.898432
0.898432
0.898432
0.898432
0.898432
0.898432
0.898432
0.898432
0.898432
0.898432
0.898432
0.898432
0.898432
0.898432
0.898432
0.898432
0.898432
0.898432
0.898432
0.898432
0.898432
0.898432
0.898432
0.898432
0.898432
0.898432
0.898432
0.898432
0.898432
0.898432
0.898432
0.898432
0.898432


0.0538182
0.060992
0.0627248
0.0689684
0.0700998
0.070218
0.0717281
0.0719046
0.0723177
0.073063
0.0735153
0.0735384
0.073798
0.0737982
0.0739728
0.074196
0.0742976
0.074643
0.0749233
0.0750398
0.0751371
0.0751186
0.0751186
0.0752761
0.075581
0.075581
0.0758304
0.0762124
0.0762124
0.0762124
0.0762124
0.0762124
0.0763054
0.0763075
0.0763075
0.0763424
0.07638
0.0763944
0.076396
0.0764083
0.0765195
0.0766011
0.0766269
0.0766269
0.07663
0.0767387
0.0767604
0.0767609
0.0768667
0.0768922
0.0769962
0.0769733
0.0770202
0.0770768
0.0770953
0.077108
0.0771356
0.0771461
0.0771789
0.0771789
0.077216
0.0771759
0.0772246
0.0772698
0.0772824
0.0772946
0.077304
0.0773055
0.0773226
0.0773254
0.0773295
0.0773315
0.0773335
0.0773373
0.0773373
0.0773457
0.0773457
0.0773457
0.077346
0.077346
0.0773461
0.0773469
0.0773497
0.0773521
0.0773522
0.0773523
0.0773527
0.0773528
0.0773528
0.077353
0.077353
0.077353
0.077353
0.0773531
0.0773532
0.077354
0.077354
0.077354
0.077354
0.0773582
0.0773587
0.0773587
0.0773605
0.0773605
0.0773607
0.0773609
0.077362
0.077362
0.077362
0.077362
0.077362
0.077362
0.0773623
0.0773623
0.0773623
0.0773623
0.0773623
0.0773623
0.0773624
0.0773675
0.0773689
0.0773689
0.0773782
0.0773783
0.0773783
0.0773844
0.0773844
0.0773844
0.0773844
0.0773844
0.0773859
0.0773873
0.0773879
0.0773879
0.0773882
0.0773886
0.0773902
0.0773908
0.0773909
0.0773909
0.0773909
0.0773911
0.0773912
0.0773912
0.0773914
0.0773915
0.0773915
0.0773916
0.0773916
0.0773916
0.0773916
0.0773917
0.0773917
0.0773917
0.0773917
0.0773917
0.0773917
0.0773917
0.0773917
0.0773917
0.0773974
0.0773974
0.0773974
0.077408
0.077446
0.0775246
0.0776665
0.077783
0.0777863
0.0779151
0.0779151
0.0779542
0.0779638
0.0781975
0.0781975
0.078257
0.078257
0.078257
0.0782866
0.0782866
0.0783058
0.0776884
0.078358
0.0783679
0.0786256
0.0786256
0.0787669
0.0787825
0.0787988
0.0788216
0.0788294
0.078846
0.0788531
0.0788714
0.0788714
0.0788954
0.0788967
0.0789151
0.0789151
0.0789256
0.0789374
0.078941
0.0789523
0.078968
0.078968
0.0789729
0.078975
0.0789762
0.0789764
0.0789777
0.078978
0.0789786
0.0789786
0.0789788
0.0789791
0.0789791
0.0789791
0.0789816
0.0789824
0.0789824
0.0789824
0.0789815
0.078982
0.0789862
0.0790002
0.0790046
0.0790174
0.0790273
0.0790492
0.0790563
0.0790766
0.0791544
0.0792214
0.0792214
0.0792438
0.0792672
0.0792673
0.0792943
0.079312
0.0793236
0.0793236
0.0793245
0.0793725
0.0793936
0.0794028
0.0794206
0.0794273
0.0794299
0.0794344
0.0794401
0.0794521
0.0794613
0.0794762
0.0795162
0.0795275
0.079528
0.0795423
0.0795544
0.0795581
0.0795595
0.0795657
0.0795719
0.079603
0.0796271
0.0796271
0.0796271
0.0796271
0.0796461
0.0796461
0.0796483
0.0797466
0.0797466
0.0797484
0.0798153
0.0798499
0.0798861
0.0799096
0.0799736
0.0799758
0.0799758
0.0799974
0.080087
0.0801806
0.0804024
0.0804059
0.0804162
0.0804181
0.080452
0.0804564
0.0805599
0.0805626
0.0805734
0.0806236
0.0806238
0.0806404
0.0807376
0.0808196
0.080891
0.080953
0.0810637
0.0814535
0.0822924
0.082738
0.0835683
0.0849327
0.0855091
0.0855813
0.087444
0.0874462
0.0874619
0.0874989
0.0914453
0.0914681
0.0915538
0.0915651
0.0915667
0.0921488
0.0921665
0.0997743
0.0997747
0.102105
0.102112
0.102752
0.108035
0.108039
0.109004
0.114292
0.120204
0.121004
0.121004
0.122417
0.125769
0.125769
0.125769
0.126778
0.131767
0.135993
0.139855
0.139855
0.139855
0.143409
0.14518
0.14518
0.15225
0.153019
0.15302
0.155793
0.158907
0.162227
0.16424
0.170536
0.17353
0.17353
0.174929
0.179207
0.188492
0.188493
0.198563
0.243699
0.243699
0.243699
0.243699
0.2437
0.2437
0.246616
0.246616
0.247864
0.249295
0.249295
0.256838
0.256838
0.253962
0.260674
0.260674
0.260674
0.263184
0.263703
0.264024
0.264024
0.268397
0.268398
0.26679
0.268805
0.269853
0.270829
0.272597
0.272792
0.273735
0.273735
0.274034
0.274402
0.274644
0.274865
0.275195
0.275195
0.276435
0.276435
0.276861
0.276861
0.276861
0.276861
0.276861
0.276861
0.278583
0.278718
0.281412
0.287721
0.287721
0.289555
0.290911
0.290934
0.290934
0.2912
0.291857
0.291857
0.291857
0.292289
0.292289
0.292885
0.293903
0.294057
0.295074
0.295074
0.295371
0.296442
0.29694
0.29694
0.297182
0.297182
0.297447
0.297447
0.298415
0.298548
0.299104
0.299104
0.299241
0.299241
0.299241
0.299242
0.299242
0.299271
0.299214
0.299266
0.299435
0.299566
0.299607
0.299641
0.299641
0.299725
0.299784
0.299819
0.299899
0.300081
0.300081
0.300101
0.300117
0.300117
0.300117
0.300129
0.300139
0.300196
0.300775
0.300775
0.300775
0.300874
0.300874
0.300874
0.300883
0.300998
0.300998
0.301086
0.301175
0.301175
0.301256
0.301256
0.301256
0.301256
0.301256
0.301256
0.301306
0.30132
0.301309
0.301323
0.301323
0.301346
0.301356
0.301371
0.30138
0.30138
0.30138
0.30138
0.30138
0.301382
0.301383
0.301383
0.301383
0.301413
0.301413
0.301413
0.301425


0.0482911
0.0550551
0.0621054
0.0672721
0.0682073
0.0691913
0.0706213
0.0717635
0.0718448
0.0720073
0.0723975
0.0735272
0.074038
0.074038
0.0744997
0.0755075
0.0757481
0.0757481
0.0763012
0.0765546
0.0767665
0.0774704
0.0799931
0.0801517
0.0808503
0.0823132
0.0857212
0.0865404
0.0877135
0.0890621
0.0906072
0.0919901
0.0919901
0.0935548
0.095364
0.102523
0.10256
0.106477
0.107342
0.11164
0.111815
0.124551
0.131431
0.140628
0.155829
0.176234
0.186468
0.20416
0.216337
0.220316
0.224982
0.245859
0.281408
0.284446
0.285311
0.285311
0.300262
0.315115
0.338239
0.338239
0.36105
0.365464
0.376165
0.410554
0.411047
0.414507
0.442709
0.502831
0.510959
0.510959
0.517008
0.504719
0.528248
0.544372
0.551884
0.569859
0.574105
0.601419
0.601419
0.611724
0.634676
0.634574
0.638978
0.643703
0.648865
0.658238
0.658238
0.658238
0.67359
0.678071
0.678427
0.678427
0.679897
0.681536
0.687231
0.690504
0.690797
0.693308
0.694134
0.696646
0.696646
0.698057
0.698057
0.698768
0.699747
0.700339
0.703293
0.703293
0.707759
0.707961
0.709693
0.709772
0.71021
0.7103
0.710488
0.710488
0.710569
0.71063
0.711295
0.711343
0.711875
0.712306
0.712306
0.712407
0.71303
0.713133
0.713284
0.714045
0.714065
0.714077
0.71422
0.714102
0.714102
0.714102
0.714242
0.714266
0.714409
0.714579
0.714655
0.714682
0.714806
0.714901
0.715003
0.715014
0.715069
0.715069
0.715112
0.715112
0.715192
0.715298
0.715306
0.715311
0.715331
0.715332
0.715371
0.715402
0.715407
0.715411
0.715431
0.715438
0.715464
0.715471
0.715487
0.715487
0.715495
0.715496
0.715503
0.715541
0.715591
0.715591
0.715592
0.715593
0.715599
0.715604
0.715609
0.715611
0.715611
0.715614
0.715623
0.715634
0.715634
0.715635
0.715638
0.715641
0.715649
0.715649
0.715649
0.715654
0.715654
0.715654
0.715658
0.715659
0.715659
0.71566
0.715661
0.715664
0.715664
0.715664
0.715664
0.715664
0.715665
0.715665
0.715665
0.715666
0.715666
0.715667
0.715667
0.715668
0.715668
0.715668
0.715668
0.715668
0.715669
0.715669
0.715669
0.715669
0.715669
0.715669
0.715669
0.71567
0.71567
0.71567
0.71567
0.71567
0.71567
0.71567
0.71567
0.71567
0.71567
0.71567
0.71567
0.71567
0.71567
0.71567
0.71567
0.71567
0.71567
0.71567
0.71567
0.71567
0.71567
0.71567
0.71567
0.71567
0.715671
0.715671
0.715671
0.715671
0.715671
0.715671
0.715671
0.715671
0.715671
0.715671
0.715671
0.715671
0.715671
0.715671
0.715671
0.715671
0.715671
0.715671
0.715671
0.715671
0.715671
0.715671
0.715671
0.715671
0.715671
0.715671
0.715671
0.715671
0.715671
0.715671
0.715671
0.715671
0.715671
0.715671
0.715671
0.715671
0.715671
0.715671
0.715671
0.715671
0.715671
0.715671
0.715671
0.715671
0.715671
0.715671
0.715671
0.715671
0.715671
0.715671
0.715671
0.715671
0.715671
0.715671
0.715671
0.715671
0.715671
0.715671
0.715671
0.715671
0.715671
0.715671
0.715671
0.715671
0.715671
0.715671
0.715671
0.715671
0.715671
0.715671
0.715671
0.715671
0.715671
0.715671
0.715671
0.715671
0.715671
0.715671
0.715671
0.715671
0.715671
0.715671
0.715671
0.715671
0.715671
0.715671
0.715671
0.715671
0.715671
0.715671
0.715671
0.715671
0.715671
0.715671
0.715671
0.715671
0.715671
0.715671
0.715671
0.715671
0.715671
0.715671
0.715671
0.715671
0.715671
0.715671
0.715671
0.715671
0.715671
0.715671
0.715671
0.715671
0.715671
0.715671
0.715671
0.715671
0.715671
0.715671
0.715671
0.715671
0.715671
0.715671
0.715671
0.715671
0.715671
0.715671
0.715671
0.715671
0.715671
0.715671
0.715671
0.715671
0.715671
0.715671
0.715671
0.715671
0.715671
0.715671
0.715671
0.715671
0.715671
0.715671
0.715671
0.715671
0.715671
0.715671
0.715671
0.715671
0.715671
0.715671
0.715671
0.715671
0.715671
0.715671
0.715671
0.715671
0.715671
0.715581
0.715671
0.715671
0.715671
0.715671
0.715671
0.715671
0.715671
0.715671
0.715671
0.715671
0.715671
0.715671
0.715671
0.715671
0.715671
0.715671
0.715671
0.715671
0.715671
0.715671
0.715671
0.715671
0.715671
0.715671
0.715671
0.715671
0.715671
0.715671
0.715671
0.715671
0.715671
0.715671
0.715671
0.715671
0.715671
0.715671
0.715671
0.715671
0.715671
0.715671
0.715671
0.715671
0.715671
0.715671
0.715671
0.715671
0.715671
0.715671
0.715671
0.715671
0.715671
0.715671
0.715671
0.715671
0.715671
0.715671
0.715671
0.715671
0.715671
0.715671
0.715671
0.715671
0.715671
0.715671
0.715671
0.715671
0.715671
0.715671
0.715671
0.715671
0.715671
0.715671
0.715671
0.715671
0.715671
0.715671
0.715671
0.715671
0.715671
0.715671
0.715671
0.715671
0.715671
0.715671
0.715671
0.715671
0.715671
0.715671
0.715671
0.715671
0.715671
0.715671
0.715671
0.715671
0.715671
0.715671
0.715671
0.715671


0.0574511
0.0592967
0.0681952
0.0728554
0.0743425
0.0786325
0.0804977
0.0826622
0.0831779
0.083716
0.0850642
0.0857226
0.0859723
0.0867169
0.0867325
0.088063
0.0882586
0.0888035
0.0890362
0.0893118
0.0894906
0.0896446
0.0900215
0.0907562
0.0907768
0.0907768
0.0909023
0.0910848
0.0910848
0.0910888
0.0914793
0.0916138
0.0923435
0.0924106
0.0924496
0.0930772
0.0946952
0.0952319
0.0973781
0.0973781
0.0980143
0.0992124
0.100498
0.101519
0.102289
0.103974
0.103974
0.107756
0.107759
0.108633
0.112792
0.113396
0.11558
0.116267
0.116273
0.118951
0.121117
0.126298
0.126302
0.134739
0.141018
0.151374
0.163601
0.163601
0.164979
0.166044
0.172198
0.17294
0.173648
0.176436
0.195013
0.195013
0.196263
0.201273
0.206705
0.207398
0.218586
0.224751
0.235729
0.241513
0.250563
0.25391
0.260869
0.292756
0.292756
0.29695
0.299337
0.311337
0.319845
0.323238
0.332503
0.360941
0.360941
0.363834
0.364957
0.371813
0.395819
0.395819
0.405212
0.405239
0.440175
0.449426
0.449561
0.451564
0.45168
0.463338
0.471249
0.471926
0.491758
0.491758
0.491998
0.514049
0.514183
0.52053
0.520607
0.523105
0.523148
0.52861
0.551254
0.551418
0.568997
0.569169
0.570848
0.576302
0.577521
0.577521
0.581348
0.583885
0.584045
0.587915
0.587948
0.589071
0.589103
0.589615
0.594215
0.601811
0.602253
0.605706
0.605706
0.606579
0.606603
0.607654
0.607703
0.607723
0.607828
0.607828
0.608163
0.609634
0.611426
0.611428
0.612193
0.612203
0.612228
0.612228
0.614292
0.614702
0.614703
0.614916
0.615694
0.615694
0.615698
0.616179
0.616469
0.616469
0.61647
0.617085
0.617469
0.617908
0.617909
0.617909
0.617915
0.617915
0.618029
0.618105
0.618115
0.618143
0.618203
0.618204
0.618227
0.618263
0.618369
0.618369
0.618369
0.618606
0.618606
0.618671
0.618671
0.618742
0.618742
0.618763
0.618763
0.618755
0.618781
0.618785
0.618789
0.618826
0.618828
0.618828
0.618837
0.618837
0.618842
0.618842
0.618848
0.618874
0.618874
0.618875
0.618898
0.618898
0.618898
0.618907
0.618907
0.618904
0.618914
0.618919
0.618919
0.61892
0.618922
0.618924
0.618924
0.618928
0.618928
0.61893
0.618932
0.618932
0.618934
0.618934
0.618934
0.618936
0.618937
0.618938
0.618939
0.618938
0.618938
0.618938
0.618938
0.618938
0.61894
0.61894
0.61894
0.61894
0.61894
0.61894
0.61894
0.61894
0.61894
0.61894
0.61894
0.61894
0.61894
0.61894
0.61894
0.61894
0.61894
0.618941
0.618941
0.619249
0.62257
0.62257
0.62257
0.624584
0.624584
0.63296
0.63296
0.639993
0.639993
0.643892
0.644959
0.648084
0.648084
0.649201
0.649201
0.649618
0.651817
0.651889
0.655645
0.659157
0.659157
0.659157
0.661449
0.661449
0.661449
0.662045
0.662045
0.662045
0.662045
0.662131
0.662653
0.663096
0.663449
0.663894
0.663894
0.663894
0.664379
0.664475
0.664524
0.664524
0.664753
0.664753
0.66484
0.66484
0.665002
0.664954
0.664954
0.664963
0.664978
0.665071
0.665071
0.665089
0.665211
0.665238
0.665238
0.66526
0.66526
0.665293
0.665357
0.665357
0.665401
0.665401
0.665419
0.665431
0.665474
0.665506
0.665544
0.665577
0.665598
0.665598
0.665598
0.665614
0.665636
0.665636
0.665642
0.665674
0.665674
0.665676
0.665676
0.665678
0.665685
0.665688
0.665693
0.665693
0.665693
0.665694
0.665695
0.665698
0.665698
0.6657
0.665701
0.665704
0.665708
0.665708
0.665708
0.665709
0.665709
0.66571
0.665711
0.665711
0.665711
0.665712
0.665712
0.665713
0.665713
0.665677
0.665713
0.665714
0.665714
0.665714
0.665714
0.665714
0.665714
0.665715
0.665715
0.665715
0.665715
0.665715
0.665715
0.665715
0.665715
0.665715
0.665715
0.665715
0.665716
0.665716
0.665716
0.665716
0.665716
0.665716
0.665716
0.665716
0.665716
0.665716
0.665716
0.665716
0.665716
0.665716
0.665716
0.665716
0.665716
0.665716
0.665716
0.665716
0.665716
0.665716
0.665716
0.665716
0.665716
0.665716
0.665716
0.665716
0.665716
0.665716
0.665716
0.665716
0.665716
0.665716
0.665716
0.665716
0.665716
0.665716
0.665716
0.665716
0.665716
0.665716
0.665716
0.665716
0.665716
0.665716
0.665716
0.665716
0.665716
0.665716
0.665716
0.665716
0.665716
0.665716
0.665716
0.665716
0.665716
0.665716
0.665716
0.665716
0.665716
0.665716
0.665716
0.665716
0.665716
0.665716
0.665716
0.665716
0.665716
0.665716
0.665716
0.665716
0.665716
0.665716
0.665716
0.665716
0.665716
0.665716
0.665716
0.665716
0.665716
0.665716
0.665716
0.665716
0.665716
0.665716
0.665716
0.665716
0.665716
0.665716
0.665716
0.665716
0.665716
0.665716
0.665716
0.665716
0.665716
0.665716
0.665716
0.665716
0.665716
0.665716
0.665716
0.665716
0.665716
0.665716
0.665716
0.665716
0.665716
0.665716
0.665716
0.665716
0.665716
0.665716
0.665716
0.665716
0.665716
0.665716
0.665716
0.665716


0.0524703
0.0566325
0.0603497
0.0608576
0.0620843
0.0622412
0.062289
0.0634796
0.0634796
0.0643141
0.0653313
0.0657563
0.065761
0.0658172
0.0658172
0.0658401
0.065897
0.065903
0.0659504
0.0660458
0.0661635
0.0661641
0.0661641
0.066449
0.0664803
0.0666831
0.0666831
0.0668933
0.0669778
0.0671739
0.0671739
0.0672505
0.0672505
0.0673196
0.0674229
0.0674535
0.0674782
0.0676706
0.0676706
0.0678517
0.0678773
0.0679
0.0679223
0.0679436
0.0679908
0.0680072
0.0680638
0.0680655
0.0680892
0.0680929
0.0681268
0.0681336
0.0681521
0.0681538
0.0681566
0.0681633
0.0681709
0.0681764
0.0681863
0.0681863
0.0681875
0.0681879
0.0681929
0.0681967
0.0681967
0.068197
0.0681972
0.0681974
0.0681991
0.0681991
0.0682008
0.0682008
0.0682008
0.0682012
0.0682017
0.0682021
0.0682025
0.0682031
0.0682031
0.0682033
0.0682033
0.0682035
0.0682035
0.0682036
0.0682036
0.0682037
0.0682037
0.0682037
0.0682037
0.0682038
0.0682038
0.0682038
0.0682038
0.0682038
0.0682038
0.0682038
0.0682038
0.0682038
0.0682038
0.0682038
0.0682038
0.0682038
0.0682038
0.0682038
0.0682038
0.0682038
0.0682038
0.0682038
0.0682038
0.0682038
0.0687003
0.0687003
0.0687003
0.0687003
0.0687203
0.0687442
0.0687442
0.0687442
0.0691503
0.0691503
0.0691503
0.0697328
0.0698491
0.0701912
0.071796
0.0723388
0.0723388
0.0723388
0.0734632
0.0734632
0.0746777
0.0746777
0.0759106
0.0782072
0.0797611
0.0836817
0.0836817
0.0836817
0.0836817
0.0836817
0.0836817
0.0962553
0.105508
0.114612
0.114612
0.114612
0.114612
0.114612
0.120817
0.120817
0.120817
0.120817
0.124388
0.124388
0.125378
0.125902
0.125902
0.125902
0.125987
0.126709
0.128659
0.130064
0.130348
0.151426
0.15346
0.153476
0.153504
0.154361
0.154361
0.154367
0.162729
0.164535
0.171696
0.174245
0.185465
0.189344
0.195684
0.195684
0.197163
0.205774
0.212156
0.232665
0.254034
0.254034
0.254034
0.264017
0.264017
0.264019
0.264031
0.264031
0.281211
0.311816
0.312531
0.316483
0.316748
0.316904
0.3277
0.327745
0.327745
0.334679
0.345437
0.352398
0.3527
0.352756
0.361074
0.380104
0.380623
0.391558
0.424753
0.424767
0.424767
0.423605
0.423605
0.423605
0.423605
0.423618
0.423618
0.42897
0.42897
0.431962
0.431971
0.432583
0.433346
0.435533
0.436885
0.449464
0.449465
0.455083
0.455731
0.455738
0.455749
0.460609
0.464104
0.467647
0.468338
0.469073
0.471246
0.47307
0.47307
0.47307
0.474286
0.475908
0.478803
0.479403
0.481161
0.481986
0.484905
0.485221
0.485866
0.491249
0.491249
0.491249
0.491844
0.492762
0.492762
0.493305
0.493473
0.493473
0.494492
0.494979
0.495456
0.495488
0.495691
0.496132
0.496342
0.496342
0.496563
0.496804
0.496885
0.496931
0.497086
0.497028
0.497154
0.497225
0.497225
0.497444
0.497625
0.497625
0.497858
0.497929
0.497942
0.497942
0.497942
0.499498
0.501328
0.501328
0.501341
0.502884
0.513301
0.52165
0.530517
0.532248
0.533047
0.533133
0.538674
0.541591
0.545548
0.545548
0.545548
0.546787
0.546792
0.546792
0.546795
0.549798
0.550062
0.551929
0.552456
0.552548
0.552548
0.552853
0.552854
0.553618
0.554603
0.554826
0.554826
0.554827
0.554844
0.554846
0.554903
0.555022
0.555022
0.556734
0.556824
0.557212
0.557295
0.557867
0.559431
0.559683
0.559701
0.559809
0.560145
0.560284
0.560544
0.560591
0.560591
0.560591
0.561184
0.562535
0.564115
0.564115
0.565498
0.566166
0.568951
0.57
0.571143
0.572909
0.574517
0.574871
0.575175
0.575342
0.575342
0.575382
0.575575
0.5756
0.5756
0.576095
0.576476
0.576586
0.576757
0.57676
0.576825
0.577089
0.577233
0.577444
0.577444
0.577444
0.577531
0.577625
0.57772
0.577945
0.578005
0.578354
0.578354
0.578452
0.578488
0.578502
0.57859
0.578719
0.578829
0.578829
0.57883
0.578867
0.578915
0.579083
0.579137
0.579331
0.580046
0.580518
0.580858
0.581456
0.581709
0.581794
0.581861
0.581861
0.5819
0.581955
0.581993
0.582017
0.582017
0.582082
0.582102
0.58215
0.582379
0.583005
0.583306
0.583372
0.583396
0.591203
0.598903
0.603523
0.603523
0.602256
0.602932
0.603943
0.60423
0.605035
0.605676
0.605954
0.609319
0.609319
0.609693
0.60949
0.610301
0.610301
0.610301
0.610301
0.610301
0.610301
0.610301
0.610787
0.610963
0.613495
0.613495
0.613869
0.614135
0.615115
0.615115
0.615115
0.615115
0.61543
0.615499
0.615491
0.617529
0.617843
0.617844
0.617844
0.617886
0.618017
0.618092
0.618117
0.618117
0.6181
0.618144
0.618178
0.618225
0.61996
0.621752
0.623669
0.623669
0.626802
0.627862
0.630518
0.630518
0.631862
0.631862
0.634016
0.634705
0.635229
0.635229
0.635587
0.635605
0.635781
0.635781
0.636142
0.636142
0.636142
0.636189
0.636274
0.636304
0.636348
0.636348
0.636348
0.636353
0.636452
0.636452
0.636748
0.636935
0.637193
0.637193
0.637349
0.63762
0.637932
0.638399
0.638557
0.638699
0.638733
0.638733
0.638759
0.638933
0.638933


0.0560774
0.0622121
0.0668337
0.076866
0.0773364
0.0784281
0.0798461
0.0821405
0.0829996
0.0841293
0.0850471
0.0852243
0.0858678
0.0861662
0.0862128
0.0866201
0.0870158
0.0871003
0.0871003
0.0871943
0.0872471
0.0884138
0.0889787
0.0895237
0.0897577
0.0900757
0.0913456
0.0913456
0.0913456
0.0913456
0.0914999
0.091498
0.0927696
0.0927696
0.0946225
0.0946225
0.0971243
0.0998016
0.0998016
0.100542
0.102563
0.103414
0.103522
0.104465
0.104465
0.104465
0.106614
0.106638
0.110934
0.116457
0.116693
0.117837
0.117969
0.124579
0.128976
0.132385
0.163195
0.163257
0.195537
0.196878
0.1969
0.174001
0.182318
0.198314
0.198334
0.206567
0.206575
0.207057
0.207086
0.209089
0.213709
0.221501
0.221511
0.221518
0.221948
0.225313
0.225315
0.236114
0.238267
0.239916
0.240371
0.24076
0.240761
0.241083
0.252202
0.252202
0.252662
0.252664
0.254128
0.254128
0.257491
0.256349
0.257429
0.258599
0.258599
0.262611
0.262951
0.265137
0.265147
0.269395
0.269395
0.270673
0.270673
0.273504
0.274009
0.276287
0.276585
0.276585
0.276805
0.277727
0.277728
0.277728
0.279221
0.279221
0.279221
0.280391
0.28152
0.281843
0.282192
0.282253
0.282253
0.28272
0.282896
0.283019
0.28321
0.283459
0.283696
0.284021
0.284021
0.284128
0.284128
0.284721
0.285211
0.285211
0.285344
0.285348
0.285348
0.285362
0.285453
0.285504
0.285533
0.285533
0.285533
0.285721
0.285721
0.285737
0.286073
0.286094
0.286353
0.28646
0.286803
0.28743
0.287449
0.287449
0.287794
0.287794
0.287941
0.287941
0.288224
0.288627
0.292677
0.303294
0.303297
0.303338
0.304399
0.304399
0.304399
0.304402
0.304408
0.308172
0.308183
0.320607
0.320609
0.320616
0.32062
0.32062
0.320624
0.323046
0.335101
0.335101
0.339355
0.356952
0.358275
0.358399
0.358399
0.363795
0.364748
0.364748
0.368036
0.368036
0.368036
0.374414
0.374414
0.37452
0.374521
0.380586
0.381781
0.381782
0.3963
0.3963
0.396301
0.396301
0.396301
0.397203
0.400033
0.407305
0.407305
0.412219
0.412219
0.417693
0.420829
0.429593
0.429593
0.430227
0.430227
0.456637
0.458398
0.458398
0.458441
0.490338
0.490338
0.490338
0.490338
0.490338
0.490338
0.492917
0.492917
0.492917
0.492917
0.492917
0.49761
0.50252
0.508688
0.510873
0.510873
0.510873
0.510873
0.516803
0.521996
0.524609
0.524609
0.527389
0.527389
0.527841
0.527841
0.52949
0.52949
0.52949
0.530725
0.530725
0.532473
0.533702
0.533702
0.533702
0.534514
0.534621
0.535641
0.535641
0.536361
0.53645
0.53645
0.536454
0.536651
0.537127
0.537127
0.53735
0.53735
0.537367
0.537367
0.537393
0.537487
0.537487
0.537721
0.537721
0.537805
0.537805
0.538147
0.538147
0.538147
0.538147
0.538167
0.538265
0.538273
0.538359
0.538385
0.538385
0.538451
0.538456
0.538466
0.538535
0.538535
0.538542
0.538542
0.538542
0.538551
0.538553
0.538616
0.538616
0.538616
0.538616
0.538628
0.538641
0.538657
0.538657
0.538671
0.538671
0.538683
0.538683
0.538683
0.538683
0.538691
0.5387
0.538712
0.538723
0.538736
0.538736
0.538741
0.538744
0.538756
0.538756
0.538756
0.538761
0.538761
0.538766
0.538768
0.538768
0.538769
0.538774
0.538774
0.538774
0.538775
0.538773
0.538777
0.538777
0.538777
0.538777
0.538777
0.53878
0.53878
0.538781
0.538781
0.538781
0.538781
0.538782
0.538782
0.538782
0.538783
0.538783
0.538783
0.538783
0.538783
0.538783
0.538783
0.538783
0.538783
0.538783
0.538783
0.538783
0.538783
0.538783
0.538783
0.538783
0.538783
0.538783
0.538783
0.538783
0.538783
0.538783
0.538784
0.538784
0.538784
0.538784
0.538784
0.538784
0.538784
0.538784
0.538784
0.538784
0.538784
0.538784
0.538784
0.538784
0.538784
0.538784
0.538784
0.538784
0.538784
0.538784
0.538784
0.538784
0.538784
0.538784
0.538784
0.538784
0.538784
0.538784
0.538784
0.538784
0.538784
0.538784
0.538784
0.538784
0.538784
0.538784
0.538784
0.538784
0.538784
0.538784
0.538784
0.538784
0.538784
0.538784
0.538784
0.538784
0.538784
0.538784
0.538784
0.538784
0.538784
0.538784
0.538784
0.538784
0.538784
0.538784
0.538784
0.538784
0.538784
0.538784
0.538784
0.538784
0.538784
0.538784
0.538784
0.538784
0.538784
0.538784
0.538784
0.538784
0.538784
0.538784
0.538784
0.538784
0.538784
0.538784
0.538784
0.538784
0.538784
0.538784
0.538784
0.538784
0.538784
0.538784
0.538784
0.538784
0.538784
0.538784
0.538784
0.538784
0.538784
0.538784
0.538784
0.538784
0.538784
0.538784
0.538784
0.538784
0.538784
0.538784
0.538784
0.538784
0.538784
0.538784
0.538784
0.538784
0.538784
0.538784
0.538784
0.538784
0.538784
0.538784
0.538784
0.538784
0.538784
0.538784
0.538784
0.538784
0.538784
0.538784
0.538784
0.538784
0.538784
0.538784
0.538784
0.538784
0.538784
0.538784
0.538784
0.538784
0.538784
0.538784


0.04926
0.0504795
0.0534981
0.0564013
0.0579569
0.060894
0.060894
0.0611156
0.0612676
0.0614251
0.0617624
0.0617209
0.0618422
0.0621177
0.0625134
0.0625134
0.0627203
0.063224
0.0635421
0.063699
0.0644431
0.0645583
0.0645583
0.0680588
0.0686757
0.0686812
0.0687193
0.071714
0.0717377
0.0718679
0.0728591
0.0735986
0.0738516
0.0738562
0.0781589
0.0781589
0.0789695
0.0835821
0.0849557
0.0849753
0.086066
0.103462
0.107384
0.116026
0.121151
0.121151
0.121161
0.152046
0.153075
0.153075
0.153106
0.163492
0.163502
0.1689
0.178048
0.184633
0.186929
0.198903
0.208609
0.208611
0.209654
0.209655
0.216932
0.216938
0.217058
0.229042
0.229044
0.229053
0.229056
0.229068
0.233596
0.240182
0.240183
0.24303
0.244941
0.244943
0.246259
0.246262
0.246732
0.246736
0.247896
0.247907
0.248031
0.248036
0.249499
0.249783
0.251126
0.251301
0.251886
0.251888
0.252205
0.252208
0.252299
0.252508
0.252511
0.252552
0.252595
0.252963
0.252975
0.252975
0.252982
0.252979
0.253013
0.253018
0.253023
0.253032
0.253069
0.253103
0.253105
0.253116
0.253116
0.253132
0.25322
0.253242
0.253392
0.253392
0.253451
0.253451
0.253461
0.253461
0.253481
0.253486
0.253486
0.253492
0.253505
0.253505
0.253505
0.253507
0.253561
0.253565
0.253565
0.253569
0.253575
0.253575
0.25358
0.253581
0.253605
0.253607
0.253609
0.253685
0.253722
0.253984
0.254227
0.254228
0.254228
0.254228
0.254361
0.254361
0.254361
0.254362
0.254452
0.254452
0.254452
0.254452
0.25447
0.254807
0.255438
0.255438
0.255438
0.255438
0.255439
0.255439
0.255439
0.255439
0.255537
0.255537
0.255537
0.255764
0.257498
0.257498
0.25794
0.258623
0.259172
0.259899
0.260202
0.260202
0.267708
0.267708
0.267708
0.267708
0.267708
0.267708
0.267708
0.26974
0.26974
0.26974
0.271809
0.271809
0.271809
0.271809
0.271809
0.271809
0.273141
0.274329
0.275768
0.275768
0.277185
0.277185
0.277185
0.277411
0.277411
0.279484
0.279484
0.279484
0.279484
0.279484
0.279484
0.279739
0.281661
0.28629
0.288071
0.288102
0.288635
0.293113
0.297002
0.301213
0.301213
0.30159
0.304656
0.306989
0.308017
0.308017
0.308017
0.308324
0.308384
0.30903
0.30903
0.309092
0.309132
0.309207
0.309212
0.310572
0.310572
0.310946
0.329534
0.329534
0.329534
0.329534
0.342376
0.342376
0.34607
0.352715
0.355945
0.355945
0.356115
0.356115
0.372184
0.372184
0.375311
0.378254
0.379458
0.379458
0.379458
0.386686
0.386808
0.386808
0.386808
0.388207
0.390054
0.390854
0.391197
0.391343
0.391407
0.391435
0.394251
0.401933
0.405695
0.405695
0.408425
0.418044
0.421453
0.421453
0.422017
0.422017
0.422643
0.423188
0.423462
0.423607
0.425815
0.428169
0.429148
0.430461
0.432359
0.435032
0.436037
0.439331
0.446287
0.448762
0.448762
0.470638
0.470638
0.470638
0.470798
0.472656
0.478874
0.480756
0.484518
0.487813
0.490692
0.490692
0.491913
0.491219
0.491856
0.491856
0.496081
0.496081
0.498114
0.498114
0.498114
0.498114
0.498207
0.498337
0.498379
0.498391
0.498394
0.498508
0.50214
0.503161
0.503161
0.503161
0.503235
0.503123
0.503242
0.504058
0.504303
0.507355
0.507355
0.507355
0.508184
0.508184
0.508427
0.508427
0.508427
0.508466
0.50877
0.50877
0.50877
0.508775
0.508775
0.508775
0.508775
0.508855
0.508946
0.508946
0.509051
0.509086
0.509092
0.509137
0.509338
0.509338
0.509338
0.509338
0.509341
0.509377
0.510534
0.5109
0.511611
0.511779
0.512049
0.512135
0.512135
0.512183
0.512652
0.512652
0.512652
0.512652
0.512666
0.512666
0.512754
0.512771
0.512796
0.512833
0.512833
0.512851
0.512851
0.512861
0.512876
0.512876
0.512887
0.512892
0.512892
0.512892
0.512892
0.512937
0.512937
0.51295
0.512958
0.512958
0.512958
0.512958
0.512959
0.512961
0.512974
0.512976
0.512979
0.512981
0.51299
0.513018
0.513059
0.513059
0.513059
0.513062
0.513063
0.513071
0.513071
0.513072
0.513074
0.513075
0.513078
0.513084
0.513084
0.513092
0.513092
0.513101
0.513105
0.513107
0.513117
0.513129
0.513132
0.513134
0.513162
0.513229
0.513238
0.513464
0.513464
0.513464
0.513515
0.513567
0.513567
0.513573
0.513575
0.513583
0.513586
0.513594
0.513599
0.513617
0.513617
0.513622
0.513622
0.513624
0.513625
0.513624
0.513628
0.513628
0.513628
0.513633
0.513633
0.513637
0.51364
0.51364
0.513642
0.513644
0.513644
0.513644
0.513647
0.513649
0.513657
0.513659
0.513664
0.513666
0.513666
0.513667
0.513673
0.513678
0.51368
0.51368
0.513683
0.513684
0.513685
0.513687
0.513688
0.513686
0.513689
0.51369
0.513691
0.513692
0.513694
0.513694
0.513695
0.513695
0.5137
0.5137
0.5137
0.5137
0.5137
0.513701
0.513702
0.513702
0.513702
0.513702
0.513702
0.513703
0.513704
0.513704
0.513704
0.513705
0.513707
0.51371
0.513713
0.513713


0.0502166
0.0519876
0.0567933
0.0603453
0.0662686
0.0667391
0.0681852
0.0690939
0.0702159
0.0709341
0.0723296
0.0724851
0.0727785
0.0730754
0.0737222
0.0742247
0.0743674
0.0747338
0.0750604
0.0750604
0.0758529
0.075968
0.0762905
0.0782312
0.0786841
0.0816556
0.0816556
0.0817691
0.0822456
0.0837296
0.0853737
0.0884914
0.0894711
0.0894995
0.089735
0.0900708
0.0923069
0.0963295
0.0963608
0.103187
0.106048
0.117721
0.122582
0.123658
0.124977
0.124977
0.128655
0.128725
0.132912
0.132935
0.141111
0.15013
0.153022
0.153022
0.159601
0.159603
0.181561
0.186322
0.186412
0.209627
0.225731
0.235131
0.235178
0.266863
0.266863
0.284771
0.289678
0.289681
0.311649
0.311649
0.349991
0.349874
0.357593
0.371619
0.390324
0.390326
0.390328
0.390777
0.400323
0.403794
0.415955
0.411868
0.43014
0.43014
0.439276
0.465027
0.466427
0.474763
0.474763
0.488555
0.499279
0.499279
0.502083
0.502083
0.502083
0.503499
0.503499
0.505533
0.505533
0.505533
0.506776
0.508173
0.50837
0.509163
0.509886
0.51114
0.51114
0.51114
0.513882
0.513882
0.513882
0.513923
0.514452
0.514483
0.515316
0.51572
0.516121
0.516236
0.516308
0.516656
0.516656
0.516822
0.516822
0.517237
0.517237
0.517415
0.517535
0.517639
0.517758
0.517758
0.517972
0.517972
0.517972
0.517972
0.517986
0.518032
0.518059
0.518077
0.518093
0.518143
0.518147
0.518178
0.518212
0.518219
0.51823
0.518248
0.518248
0.518255
0.518259
0.518266
0.518268
0.518274
0.518274
0.51828
0.518286
0.518289
0.518292
0.518292
0.518297
0.5183
0.518301
0.5183
0.518301
0.518301
0.518302
0.518302
0.518303
0.518304
0.518305
0.518306
0.518306
0.518306
0.518306
0.518307
0.518307
0.518307
0.518307
0.518307
0.518307
0.518308
0.518308
0.518308
0.518308
0.518308
0.518308
0.518308
0.518308
0.518308
0.518308
0.518308
0.518308
0.518308
0.518308
0.518308
0.518308
0.518308
0.518308
0.518308
0.518308
0.518308
0.518309
0.518309
0.518309
0.518309
0.518309
0.518309
0.518309
0.518309
0.518309
0.518309
0.518309
0.518309
0.518309
0.518309
0.518309
0.518309
0.518309
0.518309
0.518309
0.518309
0.518309
0.518309
0.518309
0.518309
0.518309
0.518309
0.518309
0.518309
0.518309
0.518309
0.518309
0.518309
0.518309
0.518309
0.518309
0.518309
0.518309
0.518309
0.518309
0.518309
0.518309
0.518309
0.518309
0.518309
0.518309
0.518309
0.518309
0.518309
0.518309
0.518309
0.518309
0.518309
0.518309
0.518309
0.518309
0.518309
0.518309
0.518309
0.518309
0.518309
0.518309
0.518309
0.518309
0.518309
0.518309
0.518309
0.518309
0.518309
0.518309
0.518309
0.518309
0.518309
0.518309
0.518309
0.518309
0.518309
0.518309
0.518309
0.518309
0.518309
0.518309
0.518309
0.518309
0.518309
0.518309
0.518309
0.518309
0.518309
0.518309
0.518309
0.518309
0.518309
0.518309
0.518309
0.518309
0.518309
0.518309
0.518309
0.518309
0.518309
0.518309
0.518309
0.518309
0.518309
0.518309
0.518309
0.518309
0.518309
0.518309
0.518309
0.518309
0.518309
0.518309
0.518309
0.518309
0.518309
0.518309
0.518309
0.518309
0.518309
0.518309
0.518309
0.518309
0.518309
0.518309
0.518309
0.518309
0.518309
0.518309
0.518309
0.518309
0.518309
0.518309
0.518309
0.518309
0.518309
0.518309
0.518309
0.518309
0.518309
0.518309
0.518309
0.518309
0.518309
0.518309
0.518309
0.518309
0.518309
0.518309
0.518309
0.518309
0.518308
0.518309
0.518309
0.518309
0.518309
0.518309
0.518309
0.518309
0.518309
0.518309
0.518309
0.518309
0.518309
0.518309
0.518309
0.518309
0.518309
0.518309
0.518309
0.518309
0.518309
0.518309
0.518309
0.518309
0.518309
0.518309
0.518309
0.518309
0.518309
0.518309
0.518309
0.518309
0.518309
0.518309
0.518309
0.518309
0.518309
0.518309
0.518309
0.518309
0.518309
0.518309
0.518309
0.518309
0.518309
0.518309
0.518309
0.518309
0.518309
0.518309
0.518309
0.518309
0.518309
0.518309
0.518309
0.518309
0.518309
0.518309
0.518309
0.518309
0.518309
0.518309
0.518309
0.518309
0.518309
0.518309
0.518309
0.518309
0.518309
0.518309
0.518309
0.518309
0.518309
0.518309
0.518309
0.518309
0.518309
0.518309
0.518309
0.518309
0.518309
0.518309
0.518309
0.518309
0.518309
0.518309
0.518309
0.518309
0.518309
0.518309
0.518309
0.518309
0.518309
0.518309
0.518309
0.518309
0.518309
0.518309
0.518309
0.518309
0.518309
0.518309
0.518309
0.518309
0.518309
0.518309
0.518309
0.518309
0.518309
0.518309
0.518309
0.518309
0.518309
0.518309
0.518309
0.518309
0.518309
0.518309
0.518309
0.518309
0.518309
0.518309
0.518309
0.518309
0.518309
0.518309
0.518309
0.518309
0.518309
0.518309
0.518309
0.518309
0.518309
0.518309
0.518309
0.518309
0.518309
0.518309
0.518309
0.518309
0.518309
0.518309
0.518309
0.518309
0.518309
0.518309
0.518309
0.518309
0.518309


0.0479003
0.0559898
0.0593809
0.0618549
0.0618549
0.0656038
0.0662707
0.0663347
0.0670243
0.0676529
0.0677392
0.067831
0.067831
0.0680051
0.0680502
0.0682598
0.0683516
0.0683516
0.0684393
0.0688841
0.0689792
0.0689565
0.0689809
0.0690421
0.0690821
0.0693337
0.0695575
0.0695615
0.0695615
0.0696077
0.0696925
0.0696077
0.069706
0.0697151
0.0698872
0.0699702
0.0700259
0.0701507
0.0702077
0.0703006
0.0703006
0.0703044
0.0703044
0.0703099
0.0703604
0.0703667
0.0704013
0.0704342
0.0704369
0.0704425
0.0705099
0.0705257
0.0705502
0.0706918
0.0706918
0.070849
0.0708528
0.070949
0.070952
0.0711015
0.0711292
0.0711155
0.0711552
0.0711718
0.0711887
0.0711887
0.0712046
0.0712046
0.0712046
0.0712046
0.0712127
0.0712209
0.0712212
0.0712258
0.0712265
0.0712306
0.071239
0.0712394
0.0712402
0.0712426
0.0712426
0.0712432
0.0712509
0.0712509
0.0712511
0.0712528
0.0712528
0.0712557
0.071256
0.0712571
0.0712576
0.0712589
0.0712589
0.0712593
0.0712599
0.0712599
0.0712601
0.0712609
0.071261
0.071261
0.071261
0.0712615
0.0712616
0.0712617
0.0712618
0.0712618
0.0712619
0.0712619
0.0712619
0.0712619
0.071262
0.071262
0.071262
0.071262
0.071262
0.071262
0.0712621
0.0712621
0.0712621
0.0712621
0.0712621
0.0712621
0.0712621
0.0712621
0.0712621
0.0712621
0.0712621
0.0712621
0.0712621
0.0715969
0.0715969
0.0715969
0.0716199
0.0720014
0.0720014
0.0720014
0.0720014
0.0721869
0.0725717
0.0725717
0.0725717
0.0725717
0.0725717
0.0727526
0.0730815
0.0732655
0.073983
0.0742911
0.0742911
0.074698
0.074806
0.076831
0.076831
0.076831
0.076831
0.076831
0.0780642
0.0780642
0.0791442
0.0791442
0.0820583
0.0797457
0.0797457
0.083084
0.0847181
0.0847181
0.0847181
0.0847181
0.091473
0.091473
0.091473
0.091473
0.091473
0.091473
0.0924655
0.0924655
0.0956826
0.109271
0.109963
0.109963
0.109963
0.106846
0.112163
0.112163
0.112163
0.125013
0.125013
0.125013
0.13399
0.134083
0.134083
0.134083
0.138658
0.140493
0.140493
0.141944
0.141944
0.141944
0.141978
0.142834
0.144259
0.163637
0.163637
0.163637
0.163637
0.163637
0.175188
0.175188
0.175188
0.175188
0.175188
0.175188
0.175188
0.175762
0.175762
0.175762
0.179878
0.179878
0.183243
0.183257
0.183271
0.183303
0.189755
0.18976
0.18976
0.18976
0.190851
0.190851
0.201152
0.202447
0.204035
0.204035
0.204485
0.211318
0.211318
0.211318
0.212218
0.21222
0.212359
0.222949
0.222951
0.225293
0.232478
0.240284
0.240291
0.240303
0.240307
0.246505
0.248247
0.248251
0.248255
0.279939
0.279939
0.279939
0.28952
0.289523
0.289523
0.289527
0.289528
0.291343
0.291347
0.291349
0.296314
0.29986
0.299975
0.299975
0.299975
0.3003
0.30044
0.300441
0.300442
0.300749
0.301257
0.30155
0.301722
0.301826
0.301889
0.305022
0.309482
0.309482
0.309483
0.31813
0.31813
0.321668
0.321668
0.321668
0.321668
0.326096
0.326097
0.326141
0.329909
0.330593
0.330593
0.333009
0.333328
0.335105
0.34102
0.344916
0.344916
0.344916
0.344916
0.344916
0.344917
0.34553
0.34553
0.345531
0.345698
0.345698
0.346516
0.346569
0.346569
0.346173
0.346643
0.346925
0.347885
0.348115
0.348447
0.348447
0.349942
0.349942
0.349942
0.350227
0.350227
0.350227
0.350352
0.350352
0.350352
0.350551
0.350569
0.350569
0.350655
0.351239
0.351239
0.351239
0.351239
0.351804
0.35193
0.352347
0.352347
0.352347
0.352876
0.35295
0.353205
0.353206
0.353206
0.353404
0.353408
0.353442
0.353443
0.35348
0.353481
0.35349
0.353581
0.353646
0.353656
0.353666
0.353707
0.35372
0.35372
0.353728
0.353728
0.353764
0.353809
0.353889
0.35394
0.354107
0.354221
0.35429
0.354296
0.354296
0.354389
0.354389
0.354401
0.354417
0.354417
0.354476
0.354533
0.354565
0.354565
0.354662
0.354662
0.354662
0.354702
0.354702
0.354923
0.354923
0.354923
0.354923
0.355012
0.355012
0.355012
0.354991
0.354991
0.354997
0.355066
0.355101
0.355101
0.355111
0.35513
0.355133
0.355134
0.355134
0.35514
0.355156
0.355158
0.355159
0.355159
0.355164
0.355194
0.355205
0.355206
0.355206
0.355207
0.355214
0.355214
0.355218
0.355221
0.355222
0.355223
0.355225
0.355225
0.355227
0.355227
0.355228
0.355228
0.355228
0.355228
0.355229
0.355229
0.35523
0.35523
0.35523
0.35523
0.35523
0.35523
0.355231
0.355233
0.355236
0.355236
0.355239
0.355244
0.355249
0.355256
0.355259
0.355263
0.355264
0.355264
0.355271
0.355276
0.355276
0.355276
0.355277
0.355277
0.355279
0.35528
0.355282
0.355282
0.355282
0.355284
0.355286
0.355286
0.355285
0.355286
0.355286
0.355287
0.355287
0.355287
0.355289
0.355291
0.355291
0.355291
0.355292
0.355292
0.355292
0.355292
0.355293
0.355293
0.355293
0.355293
0.355294
0.355296
0.355296
0.355297
0.355297
0.355297
0.355297
0.355299
0.355299
0.355299
0.355299
0.355299
0.3553
0.3553
0.3553
0.3553
0.3553
0.3553
0.3553
0.3553
0.355301


0.0438058
0.0487093
0.0521947
0.0556238
0.0581454
0.0584613
0.0606131
0.0611332
0.062525
0.0627393
0.0636689
0.0634419
0.0638519
0.0645837
0.0648999
0.0656491
0.0663351
0.0670118
0.0672101
0.0672364
0.0672364
0.0674213
0.0680641
0.0680641
0.0681082
0.0682468
0.0682954
0.0683158
0.0687685
0.0693205
0.0703135
0.0712516
0.0716994
0.0716994
0.0739222
0.0752585
0.0752653
0.0752653
0.0756693
0.077439
0.0794935
0.0823064
0.0829625
0.0888528
0.0889742
0.089586
0.0898411
0.0910085
0.0991852
0.104019
0.109884
0.123873
0.130387
0.130387
0.131254
0.135767
0.13784
0.149995
0.168772
0.1693
0.1693
0.190332
0.192786
0.20438
0.205985
0.207584
0.21526
0.222026
0.225184
0.247836
0.252864
0.257667
0.263726
0.281464
0.285514
0.301826
0.309705
0.319653
0.324867
0.327386
0.328072
0.326942
0.334067
0.335503
0.344606
0.345959
0.34721
0.34721
0.350221
0.351665
0.356193
0.358484
0.36498
0.36498
0.368871
0.3718
0.372462
0.375094
0.375094
0.37609
0.380527
0.381558
0.385616
0.385616
0.387335
0.388233
0.388269
0.388269
0.389705
0.389886
0.39003
0.390321
0.393349
0.393352
0.394203
0.394391
0.394439
0.395746
0.395746
0.395959
0.396054
0.395844
0.395934
0.396446
0.396472
0.397068
0.397068
0.397072
0.397116
0.397546
0.397556
0.397572
0.397902
0.397952
0.39811
0.398337
0.398337
0.398687
0.398805
0.398827
0.398961
0.39911
0.39911
0.3992
0.399208
0.399378
0.399423
0.399423
0.399665
0.399665
0.399674
0.399676
0.399705
0.399707
0.399719
0.399723
0.399733
0.399752
0.399767
0.399782
0.399783
0.399768
0.399803
0.399808
0.399828
0.399878
0.399878
0.399879
0.399879
0.399879
0.399905
0.399914
0.399915
0.399915
0.399915
0.399925
0.399925
0.39994
0.399943
0.399952
0.399952
0.399953
0.399955
0.399957
0.399961
0.399961
0.399965
0.399967
0.399971
0.399973
0.399973
0.399975
0.399977
0.399977
0.399977
0.399979
0.399979
0.399979
0.39998
0.39998
0.39998
0.39998
0.39998
0.399981
0.399981
0.399982
0.399982
0.399982
0.399983
0.399983
0.399983
0.399983
0.399983
0.399983
0.399983
0.399983
0.399983
0.399984
0.399984
0.399984
0.399984
0.399984
0.399984
0.399984
0.399984
0.399984
0.399984
0.399984
0.399984
0.399984
0.399984
0.399984
0.399984
0.399984
0.399984
0.399984
0.399984
0.399984
0.399984
0.399984
0.399984
0.399984
0.399984
0.399984
0.399984
0.399984
0.399984
0.399984
0.399984
0.399984
0.399984
0.399984
0.399984
0.399984
0.399984
0.399984
0.399984
0.399984
0.399984
0.399984
0.399984
0.399984
0.399984
0.399984
0.399984
0.399984
0.399984
0.399984
0.399984
0.399984
0.399984
0.399984
0.399984
0.399984
0.399984
0.399984
0.399984
0.399984
0.399984
0.399984
0.399984
0.399984
0.399984
0.399984
0.399984
0.399984
0.399984
0.399984
0.399984
0.399984
0.399984
0.399984
0.399984
0.399984
0.399984
0.399984
0.399984
0.399984
0.399984
0.399984
0.399984
0.399984
0.399984
0.399984
0.399984
0.399984
0.399984
0.399984
0.399984
0.399984
0.399984
0.399984
0.399984
0.399984
0.399984
0.399984
0.399984
0.399984
0.399984
0.399984
0.399984
0.399984
0.399984
0.399984
0.399984
0.399984
0.399984
0.399984
0.399984
0.399984
0.399984
0.399984
0.399984
0.399984
0.399984
0.399984
0.399984
0.399984
0.399984
0.399984
0.399984
0.399984
0.399984
0.399984
0.399984
0.399984
0.399984
0.399984
0.399984
0.399984
0.399984
0.399984
0.399984
0.399984
0.399984
0.399984
0.399984
0.399984
0.399984
0.399984
0.399984
0.399984
0.399984
0.399984
0.399984
0.399984
0.399984
0.399984
0.399984
0.399984
0.399984
0.399984
0.399984
0.399984
0.399984
0.399984
0.399984
0.399984
0.399984
0.399984
0.399984
0.399984
0.399984
0.399984
0.399984
0.399984
0.399984
0.399984
0.399984
0.399984
0.399984
0.399984
0.399984
0.399984
0.399984
0.399984
0.399984
0.399984
0.399984
0.399984
0.399984
0.399984
0.399984
0.399984
0.399984
0.399984
0.399984
0.399984
0.399984
0.399984
0.399984
0.399984
0.399984
0.399984
0.399984
0.399984
0.399984
0.399984
0.399984
0.399984
0.399984
0.399984
0.399984
0.399984
0.399984
0.399984
0.399984
0.399984
0.399984
0.399984
0.399984
0.399984
0.399984
0.399984
0.399984
0.399984
0.399984
0.399984
0.399984
0.399984
0.399984
0.399984
0.399984
0.399984
0.399984
0.399984
0.399984
0.399984
0.399984
0.399984
0.399984
0.399984
0.399984
0.399984
0.399984
0.399984
0.399984
0.399984
0.399984
0.399984
0.399984
0.399984
0.399984
0.399984
0.399984
0.399984
0.399984
0.399984
0.399984
0.399984
0.399984
0.399984
0.399984
0.399984
0.399984
0.399984
0.399984
0.399984
0.399984
0.399984
0.399984
0.399984
0.399984
0.399984
0.399984
0.399984
0.399984
0.399984
0.399984
0.399984
0.399984
0.399984
0.399984
0.399984
0.399984
0.399984
0.399984
0.399984
0.399984
0.399984


0.0566293
0.0606799
0.0628671
0.0640786
0.0654883
0.06778
0.069559
0.069559
0.0700069
0.071262
0.071262
0.0716741
0.0720553
0.0723292
0.0723728
0.0725153
0.0726452
0.0727827
0.0728904
0.0730323
0.0730809
0.0730152
0.0732088
0.073545
0.0735826
0.0736907
0.0737342
0.0743037
0.074367
0.0748554
0.0751646
0.0743385
0.0746046
0.0746487
0.0747711
0.0749261
0.0751071
0.0760981
0.0768459
0.0778707
0.0781461
0.0781461
0.0782815
0.080102
0.0801902
0.0802662
0.08204
0.0841941
0.0841941
0.0863716
0.0870651
0.0877008
0.0877329
0.0891359
0.0891598
0.0941021
0.0944215
0.0944215
0.0952736
0.0953155
0.0975027
0.0954447
0.10258
0.10484
0.109029
0.110105
0.112254
0.113086
0.114709
0.114709
0.114724
0.125072
0.127829
0.127829
0.132468
0.137742
0.137742
0.153992
0.161723
0.161727
0.174229
0.174229
0.194522
0.195106
0.195441
0.202306
0.2024
0.20425
0.204478
0.206617
0.206617
0.204561
0.213071
0.213071
0.217792
0.217792
0.21851
0.21851
0.218624
0.222085
0.225554
0.220671
0.232439
0.234001
0.234001
0.235113
0.242039
0.242039
0.242039
0.242222
0.242763
0.242763
0.245259
0.248681
0.248681
0.250773
0.253732
0.253732
0.254155
0.254155
0.255713
0.255713
0.256164
0.256164
0.256164
0.257155
0.257744
0.258724
0.259209
0.259814
0.261828
0.262884
0.263011
0.26483
0.269602
0.269608
0.269817
0.273911
0.274317
0.274328
0.274596
0.27348
0.278579
0.278608
0.278651
0.278721
0.286965
0.286965
0.289633
0.289658
0.289745
0.289745
0.289746
0.289762
0.292793
0.297074
0.297114
0.297368
0.29856
0.298583
0.310268
0.317247
0.32555
0.32555
0.336477
0.336518
0.346661
0.346664
0.406048
0.40605
0.406057
0.34106
0.378812
0.378827
0.378827
0.378827
0.378835
0.39678
0.396781
0.396781
0.396783
0.398786
0.414347
0.414348
0.444823
0.460724
0.48326
0.483264
0.483264
0.500609
0.500609
0.505259
0.50579
0.507145
0.507145
0.507145
0.50799
0.50799
0.50799
0.50799
0.514431
0.523744
0.530738
0.542427
0.542427
0.551518
0.551518
0.578292
0.604999
0.604999
0.611377
0.59414
0.616085
0.616984
0.616984
0.616984
0.616985
0.618896
0.620223
0.622
0.622629
0.62004
0.623866
0.629374
0.629374
0.629374
0.629374
0.635331
0.641755
0.641755
0.643783
0.643783
0.644433
0.644433
0.646378
0.64733
0.648633
0.648633
0.649485
0.650868
0.650868
0.649716
0.650992
0.650992
0.650992
0.65102
0.652128
0.652673
0.652673
0.652673
0.653369
0.653369
0.653761
0.654217
0.654217
0.65472
0.65472
0.654822
0.655066
0.655099
0.655423
0.655423
0.655475
0.655711
0.655988
0.655988
0.656058
0.656058
0.656058
0.656101
0.656101
0.656106
0.656106
0.656107
0.65623
0.65623
0.656254
0.656254
0.65627
0.65627
0.65627
0.65627
0.656301
0.656328
0.656328
0.656351
0.656351
0.656351
0.656367
0.656385
0.65639
0.656394
0.656394
0.656395
0.6564
0.656402
0.656402
0.656413
0.65642
0.656424
0.656424
0.656426
0.656434
0.656434
0.656435
0.656436
0.656439
0.656441
0.656441
0.656441
0.656444
0.656444
0.656445
0.656445
0.656445
0.656446
0.656447
0.656447
0.656447
0.656447
0.656449
0.656449
0.656449
0.656449
0.656449
0.65645
0.65645
0.65645
0.65645
0.65645
0.656451
0.656451
0.656451
0.656451
0.656451
0.656451
0.656451
0.656451
0.656451
0.656451
0.656451
0.656451
0.656451
0.656451
0.656451
0.656451
0.656451
0.656451
0.656451
0.656451
0.656451
0.656451
0.656451
0.656451
0.656451
0.656451
0.656451
0.656451
0.656451
0.656451
0.656451
0.656451
0.656451
0.656451
0.656451
0.656451
0.656451
0.656451
0.656451
0.656451
0.656451
0.656451
0.656451
0.656451
0.656451
0.656451
0.656451
0.656451
0.656451
0.656451
0.656451
0.656451
0.656451
0.656451
0.656451
0.656451
0.656451
0.656451
0.656451
0.656451
0.656451
0.656451
0.656451
0.656451
0.656451
0.656451
0.656451
0.656451
0.656451
0.656451
0.656451
0.656451
0.656451
0.656451
0.656451
0.656451
0.656451
0.656451
0.656451
0.656451
0.656451
0.656451
0.656451
0.656451
0.656451
0.656451
0.656451
0.656451
0.656451
0.656451
0.656451
0.656451
0.656451
0.656451
0.656451
0.656451
0.656451
0.656451
0.656451
0.656451
0.656451
0.656451
0.656451
0.656451
0.656451
0.656451
0.656451
0.656451
0.656451
0.656451
0.656451
0.656451
0.656451
0.656451
0.656451
0.656451
0.656451
0.656451
0.656451
0.656451
0.656451
0.656451
0.656451
0.656451
0.656451
0.656451
0.656451
0.656451
0.656451
0.656451
0.656451
0.656451
0.656451
0.656451
0.656451
0.656451
0.656451
0.656451
0.656451
0.656451
0.656451
0.656451
0.656451
0.656451
0.656451
0.656451
0.656451
0.656451
0.656451
0.656451
0.656451
0.656451
0.656451
0.656451
0.656451
0.656451
0.656451
0.656451
0.656451
0.656451
0.656451
0.656451
0.656451
0.656451
0.656451
0.656451
0.656451
0.656451
0.656451
0.656451


0.0582061
0.0635615
0.0667381
0.0700356
0.0740468
0.0759636
0.0760752
0.0770712
0.0784218
0.0787726
0.0796933
0.0806636
0.0811256
0.0815028
0.0815702
0.0819585
0.0823007
0.0827621
0.0828741
0.0829424
0.0830783
0.0830809
0.0831326
0.0832891
0.0832891
0.0849333
0.0849521
0.0850439
0.0853638
0.0862192
0.0862305
0.0871191
0.0884319
0.0888459
0.0907112
0.0916623
0.0921998
0.0921998
0.0922926
0.0950692
0.0970617
0.0977129
0.0977187
0.0990617
0.100448
0.105483
0.119107
0.119107
0.128666
0.128667
0.131158
0.152921
0.164354
0.164354
0.188639
0.188641
0.188642
0.188966
0.188968
0.188968
0.189488
0.204063
0.205109
0.20714
0.220763
0.231617
0.233027
0.235245
0.25181
0.251811
0.263301
0.264747
0.265436
0.265436
0.272768
0.279502
0.298279
0.298279
0.307951
0.307951
0.30818
0.313275
0.330287
0.338904
0.344156
0.347979
0.347979
0.349788
0.349788
0.349788
0.349788
0.3511
0.356059
0.356059
0.356593
0.35695
0.357525
0.357914
0.357914
0.358785
0.358785
0.359507
0.359549
0.361134
0.361134
0.361531
0.361531
0.361829
0.361834
0.362269
0.362269
0.362299
0.362873
0.36295
0.363478
0.363597
0.363721
0.36377
0.364195
0.364195
0.364289
0.364418
0.364418
0.364454
0.364599
0.364599
0.364685
0.364685
0.364742
0.364757
0.364819
0.364895
0.364895
0.36492
0.36492
0.364927
0.364933
0.364943
0.364964
0.364969
0.364978
0.364969
0.365004
0.365004
0.365027
0.365039
0.365039
0.365039
0.365043
0.365055
0.365066
0.365066
0.365066
0.365076
0.365084
0.365084
0.365084
0.365085
0.365085
0.365086
0.365087
0.365087
0.365088
0.365088
0.365089
0.365089
0.365089
0.36509
0.36509
0.36509
0.36509
0.36509
0.365091
0.365091
0.365091
0.365091
0.365091
0.365092
0.365092
0.365092
0.365092
0.365092
0.365092
0.365092
0.365092
0.365092
0.365092
0.365092
0.365092
0.365092
0.365092
0.365092
0.365092
0.365092
0.365092
0.365092
0.365092
0.365092
0.365092
0.365092
0.365092
0.365092
0.365092
0.365092
0.365092
0.365092
0.365092
0.365092
0.365092
0.365092
0.365092
0.365092
0.365092
0.365092
0.365092
0.365092
0.365092
0.365092
0.365092
0.365092
0.365092
0.365092
0.365092
0.365092
0.365092
0.365092
0.365092
0.365092
0.365092
0.365092
0.365092
0.365092
0.365092
0.365092
0.365092
0.365092
0.365092
0.365092
0.365092
0.365092
0.365092
0.365092
0.365092
0.365092
0.365092
0.365092
0.365092
0.365092
0.365092
0.365092
0.365092
0.365092
0.365092
0.365092
0.365092
0.365092
0.365092
0.365092
0.365092
0.365092
0.365092
0.365092
0.365092
0.365092
0.365092
0.365092
0.365092
0.365092
0.365092
0.365092
0.365092
0.365092
0.365092
0.365092
0.365092
0.365092
0.365092
0.365092
0.365092
0.365092
0.365092
0.365092
0.365092
0.365092
0.365092
0.365092
0.365092
0.365092
0.365092
0.365092
0.365092
0.365092
0.365092
0.365092
0.365092
0.365092
0.365092
0.365092
0.365092
0.365092
0.365092
0.365092
0.365092
0.365092
0.365092
0.365092
0.365092
0.365092
0.365092
0.365092
0.365092
0.365092
0.365092
0.365092
0.365092
0.365092
0.365092
0.365092
0.365092
0.365092
0.365092
0.365092
0.365092
0.365092
0.365092
0.365092
0.365092
0.365092
0.365092
0.365092
0.365092
0.365092
0.365092
0.365092
0.365092
0.365092
0.365092
0.365092
0.365092
0.365092
0.365092
0.365092
0.365092
0.365092
0.365092
0.365092
0.365092
0.365092
0.365092
0.365092
0.365092
0.365092
0.365092
0.365092
0.365092
0.365092
0.365092
0.365092
0.365092
0.365092
0.365092
0.365092
0.365092
0.365092
0.365092
0.365092
0.365092
0.365092
0.365092
0.365092
0.365092
0.365092
0.365092
0.365092
0.365092
0.365092
0.365092
0.365092
0.365092
0.365092
0.365092
0.365092
0.365092
0.365092
0.365092
0.365092
0.365092
0.365092
0.365092
0.365092
0.365092
0.365092
0.365092
0.365092
0.365092
0.365092
0.365092
0.365092
0.365092
0.365092
0.365092
0.365092
0.365092
0.365092
0.365092
0.365092
0.365092
0.365092
0.365092
0.365092
0.365092
0.365092
0.365092
0.365092
0.365092
0.365092
0.365092
0.365092
0.365092
0.365092
0.365092
0.365092
0.365092
0.365092
0.365092
0.365092
0.365092
0.365092
0.365092
0.365092
0.365092
0.365092
0.365092
0.365092
0.365092
0.365092
0.365092
0.365092
0.365092
0.365092
0.365092
0.365092
0.365092
0.365092
0.365092
0.365092
0.365092
0.365092
0.365092
0.365092
0.365092
0.365092
0.365092
0.365092
0.365092
0.365092
0.365092
0.365092
0.365092
0.365092
0.365092
0.365092
0.365092
0.365092
0.365092
0.365092
0.365092
0.365092
0.365092
0.365092
0.365092
0.365092
0.365092
0.365092
0.365092
0.365092
0.365092
0.365092
0.365092
0.365092
0.365092
0.365092
0.365092
0.365092
0.365092
0.365092
0.365092
0.365092
0.365092
0.365092
0.365092
0.365092
0.365092
0.365092
0.365092
0.365092
0.365092
0.365092
0.365092
0.365092


