925.163
840.04
783.829
756.673
700.062
690.216
673.888
649.685
645.636
643.731
641.164
634.468
633.029
626.217
618.224
609.224
608.804
603.625
600.329
579.662
564.649
563.861
551.768
535.522
521.015
495.213
483.905
483.905
447.373
426.031
392.368
392.368
391.383
350.934
348.037
343.648
323.899
297.029
296.643
261.807
236.502
218.142
213.294
213.294
209.51
190.639
186.195
161.105
150.964
131.852
120.681
121.399
113.325
106.057
102.99
99.209
93.803
93.803
90.885
90.885
89.4792
80.2481
77.5152
75.0238
74.5693
74.5693
69.7509
69.7134
66.2707
64.8171
64.8171
64.3071
59.9169
56.7222
56.7222
56.6668
55.3849
54.7233
53.5441
53.3267
53.1226
53.0276
52.8383
52.343
52.058
51.9321
51.6348
51.6348
51.2938
50.9472
50.9255
50.918
50.8781
50.8191
50.6553
50.5772
50.4127
50.3925
50.3645
50.3466
50.2693
50.2582
50.2538
50.233
50.1967
50.1505
50.1403
50.1403
50.1271
50.1179
50.0997
50.0892
50.0773
50.0717
50.0611
50.0557
50.0425
50.0379
50.0379
50.0323
50.0298
50.028
50.0224
50.0218
50.0172
50.0152
50.0152
50.0152
50.014
50.0116
50.0114
50.0111
50.0076
50.0076
50.0065
50.0047
50.0047
50.0047
50.0042
50.0035
50.0035
50.0028
50.0025
50.002
50.002
50.0016
50.0016
50.0011
50.0011
50.0011
50.0011
50.001
50.001
50.0007
50.0007
50.0006
50.0005
50.0005
50.0005
50.0004
50.0004
50.0003
50.0003
50.0003
50.0003
50.0003
50.0002
50.0002
50.0002
50.0001
50.0001
50.0001
50.0001
50.0001
50.0001
50.0001
50.0001
50
50
50
50
50
50
50
50
50
50
50
50
50
50
50
50
50
50
50
50
50
50
50
50
50
50
50
50
50
50
50
50
50
50
50
50
50
50
50
50
50
50
50
50
50
50
50
50
50
50
50
50
50
50
50
50
50
50
50
50
50
50
50
50
50
50
50
50
50
50
50
50
50
50
50
50
50
50
50
50
50
50
50
50
50
50
50
50
50
50
50
50
50
50
50
50
50
50
50
50
50
50
50
50
50
50
50
50
50
50
50
50
50
50
50
50
50
50
50
50
50
50
50
50
50
50
50
50
50
50
50
50
50
50
50
50
50
50
50
50
50
50
50
50
50
50
50
50
50
50
50
50
50
50
50
50
50
50
50
50
50
50
50
50
50
50
50
50
50
50
50
50
50
50
50
50
50
50
50
50
50
50
50
50
50
50
50
50
50
50
50
50
50
50
50
50
50
50
50
50
50
50
50
50
50.0002
50
50
50
50
50
50
50
50
50
50
50
50
50
50
50
50
50
50
50
50
50
50
50
50
50
50
50
50
50
50
50
50
50
50
50
50
50
50
50
50
50
50
50
50
50
50
50
50
50
50
50
50
50
50
50
50
50
50
50
50
50
50
50
50
50
50
50
50
50
50
50
50
50
50
50
50
50
50
50
50.0122
50
50
50
50
50
50
50
50
50
50
50
50
50
50
50
50
50
50
50
50
50
50
50
50
50
50
50
50
50
50
50
50
50
50
50
50
50
50


880.685
840.539
796.467
758.931
741.381
731.097
712.544
704.466
702.336
696.014
677.343
664.222
640.26
635.896
634.666
630.079
623.374
585.936
569.01
568.889
555.949
532.725
499.493
490.868
476.08
469.235
460.287
444.141
437.753
399.025
393.559
364.568
320.092
312.749
311.123
284.13
284.015
266.277
225.283
225.283
185.908
150.996
146.284
134.293
134.293
133.634
132.423
111.026
93.082
82.8893
78.2139
67.8773
62.4969
61.2549
61.2549
52.0356
52.0356
45.9621
41.208
37.9195
34.8244
33.003
32.5509
31.5655
30.0341
27.485
27.306
25.104
24.4243
21.9592
21.2874
21.0113
20.7374
19.6766
19.6766
19.4029
18.9435
18.878
18.6955
18.5935
18.399
18.2752
18.202
18.0449
18.0351
17.7508
17.7508
17.6863
17.5455
17.4567
17.4567
17.4025
17.4025
17.3083
17.3083
17.2724
17.2498
17.1948
17.182
17.1663
17.15
17.1212
17.1132
17.1039
17.0866
17.0639
17.0386
17.0381
17.0308
17.0291
17.0259
17.0308
17.0251
17.0242
17.0242
17.0207
17.016
17.016
17.014
17.014
17.0136
17.0114
17.0075
17.0061
17.0056
17.0048
17.0042
17.0028
17.0016
17.0006
17.0005
17
16.9993
16.9992
16.999
16.9988
16.9988
16.9988
16.9984
16.9984
16.9984
16.9982
16.9982
16.9979
16.9978
16.9977
16.9977
16.9977
16.9976
16.9976
16.9975
16.9975
16.9975
16.9974
16.9974
16.9974
16.9974
16.9974
16.9973
16.9973
16.9973
16.9973
16.9973
16.9972
16.9972
16.9972
16.9972
16.9972
16.9972
16.9972
16.9972
16.9972
16.9972
16.9972
16.9972
16.9972
16.9972
16.9972
16.9972
16.9972
16.9972
16.9972
16.9972
16.9972
16.9972
16.9972
16.9972
16.9972
16.9972
16.9972
16.9972
16.9972
16.9972
16.9972
16.9972
16.9972
16.9972
16.9972
16.9972
16.9972
16.9972
16.9972
16.9972
16.9972
16.9972
16.9972
16.9972
16.9972
16.9972
16.9972
16.9972
16.9972
16.9972
16.9972
16.9972
16.9972
16.9972
16.9972
16.9972
16.9972
16.9972
16.9972
16.9972
16.9972
16.9972
16.9972
16.9972
16.9972
16.9972
16.9972
16.9972
16.9972
16.9972
16.9972
16.9972
16.9972
16.9972
16.9972
16.9972
16.9972
16.9972
16.9972
16.9972
16.9972
16.9972
16.9972
16.9972
16.9972
16.9972
16.9972
16.9972
16.9972
16.9972
16.9972
16.9972
16.9972
16.9972
16.9972
16.9972
16.9972
16.9972
16.9972
16.9972
16.9972
16.9972
16.9972
16.9972
16.9969
16.8558
16.7038
16.7038
16.6655
16.6655
16.6611
16.6611
16.6586
16.6557
16.5891
16.5891
16.5891
16.5688
16.5597
16.5506
16.5506
16.5248
16.4914
16.4867
16.4867
16.4867
16.4848
16.4765
16.4737
16.4737
16.4663
16.4663
16.4663
16.4641
16.4641
16.4541
16.4534
16.4534
16.4534
16.4532
16.4532
16.4477
16.4477
16.4477
16.4477
16.4477
16.4477
16.4469
16.4441
16.4412
16.4407
16.4407
16.4407
16.4383
16.4383
16.4383
16.4365
16.4365
16.4365
16.4365
16.4362
16.436
16.4358
16.4356
16.4349
16.4343
16.4343
16.433
16.4329
16.4328
16.4325
16.4325
16.4325
16.4324
16.4324
16.4322
16.4322
16.4322
16.4319
16.4319
16.4319
16.4319
16.4319
16.4319
16.4318
16.4318
16.4318
16.4317
16.4317
16.4317
16.4317
16.4317
16.4317
16.4317
16.4316
16.4316
16.4316
16.4316
16.4863
16.4316
16.4316
16.4316
16.4316
16.4316
16.4315
16.4315
16.4315
16.4315
16.4315
16.4315
16.4315
16.4315
16.4315
16.4315
16.4315
16.4315
16.4315
16.4315
16.4315
16.4315
16.4315
16.4315
16.4315
16.4315
16.4315
16.4315
16.4315
16.4315
16.4315
16.4315
16.4315
16.4315
16.4315
16.4315
16.4315
16.4315
16.4315
16.4315
16.4315
16.4315
16.4315
16.4315
16.4315
16.4315
16.4315
16.4315
16.4315
16.4315
16.4315
16.4315
16.4315
16.4315
16.4315
16.4315
16.4315
16.4315
16.4315
16.4315
16.4315
16.4315
16.4315
16.4315
16.4315
16.4315
16.4315
16.4315
16.4315
16.4315
16.4315
16.4315
16.4315
16.4315
16.4315
16.4315
16.4315
16.4315
16.4315
16.4315
16.4315
16.4315
16.4315
16.4315
16.4315
16.4315
16.4315
16.4315
16.4315
16.4315
16.4315
16.4315
16.4315
16.4315
16.4315
16.4315
16.4315
16.4315
16.4315
16.4315
16.4315
16.4315
16.4315
16.4315
16.4315
16.4315
16.4315
16.4315
16.4315
16.4315
16.4315
16.4315
16.4315
16.4315
16.4315
16.4315
16.4315
16.4315
16.4315
16.4315
16.4315
16.4315
16.4315
16.4315
16.4315
16.4315
16.4315
16.4315
16.4315
16.4315
16.4315
16.4315
16.4315
16.4315
16.4315
16.4315
16.4315
16.4315
16.4315


966.507
835.964
806.33
783.631
756.498
749.882
723.038
712.53
696.573
693.145
693.145
688.75
688.75
688.28
675.363
670.029
658.609
655.495
646.274
643.751
639.399
623.724
615.051
608.05
538.93
538.93
538.845
538.845
514.256
500.779
479.269
456.013
448.634
446.272
405.798
402.021
378.567
376.275
372.857
372.857
324.185
313.63
285.415
285.415
277.697
277.361
264.417
242.736
220.654
202.768
182.62
170.135
157.059
143.814
133.79
119.777
98.9954
98.5353
88.9768
80.5096
71.1793
64.2224
60.9573
57.4094
56.4873
55.5369
51.6831
51.6831
49.1055
43.4147
41.1873
40.3195
40.0336
36.7309
36.1157
35.3833
35.3833
34.2229
33.895
33.0371
32.9738
32.6329
32.1897
31.6054
31.2709
30.6933
30.6933
30.2357
30.1963
30.1963
29.4463
29.2694
29.2231
29.1863
29.1802
29.0614
28.9716
28.9299
28.8643
28.8425
28.7785
28.7397
28.6555
28.6374
28.6253
28.5888
28.5325
28.4925
28.4633
28.4516
28.4428
28.4168
28.393
28.393
28.3764
28.3531
28.3479
28.3327
28.3124
28.3114
28.1707
24.0482
24.0477
24.0454
24.0438
24.0415
23.9732
22.8837
22.8834
22.8224
22.8217
22.4283
21.7188
21.7183
21.2103
20.7773
20.7768
20.7763
20.7763
19.5977
19.5977
19.6309
19.6162
19.6162
19.6162
18.6815
18.5315
18.5315
18.3388
18.3388
18.3388
18.2145
18.2144
18.0805
17.9727
17.8868
17.8867
17.8746
17.8745
17.8745
17.76
17.76
17.76
17.7345
17.7345
17.698
17.6528
17.6453
17.6
17.5458
17.5458
17.5299
17.4701
17.4701
17.4643
17.4471
17.4471
17.4444
17.4426
17.4359
17.4359
17.4469
17.433
17.4317
17.4317
17.4207
17.4161
17.4161
17.4085
17.4085
17.4083
17.4083
17.4083
17.4083
17.3962
17.3962
17.3962
17.3962
17.3919
17.3834
17.3828
17.3828
17.3826
17.3819
17.3812
17.3761
17.3749
17.3749
17.3749
17.3731
17.3731
17.3708
17.3703
17.3703
17.3695
17.3689
17.368
17.368
17.3673
17.3667
17.3667
17.3664
17.3664
17.366
17.366
17.366
17.366
17.3658
17.3656
17.3656
17.3656
17.3654
17.3654
17.365
17.365
17.3649
17.3648
17.3647
17.3647
17.3647
17.3647
17.3646
17.3646
17.3645
17.3645
17.3645
17.3645
17.3644
17.3644
17.3643
17.3643
17.3643
17.3643
17.3643
17.3643
17.3643
17.3643
17.3643
17.3643
17.3643
17.3643
17.3643
17.3643
17.3643
17.3643
17.3643
17.3643
17.3643
17.3643
17.3643
17.3643
17.3643
17.3643
17.3643
17.3643
17.3643
17.3643
17.3642
17.3642
17.3642
17.3642
17.3642
17.3642
17.3642
17.3642
17.3642
17.3642
17.3642
17.3642
17.3642
17.3642
17.3642
17.3642
17.3642
17.3642
17.3642
17.3642
17.3642
17.3642
17.3642
17.3642
17.3642
17.3642
17.3642
17.3642
17.3642
17.3642
17.3642
17.3642
17.3642
17.3642
17.3642
17.3642
17.3642
17.3642
17.3642
17.3642
17.3642
17.3642
17.3642
17.3642
17.3642
17.3642
17.3642
17.3642
17.3642
17.3642
17.3642
17.3642
17.3642
17.3642
17.3642
17.3642
17.3642
17.3642
17.3642
17.3642
17.3642
17.3642
17.3642
17.3642
17.3642
17.3642
17.3642
17.3642
17.3642
17.3642
17.3642
17.3642
17.3642
17.3642
17.3661
17.3642
17.3642
17.3642
17.3642
17.3642
17.3642
17.3642
17.3642
17.3642
17.3642
17.3642
17.3642
17.3642
17.3642
17.3642
17.3642
17.3642
17.3642
17.3642
17.3642
17.3642
17.3642
17.3642
17.3642
17.3642
17.3642
17.3642
17.3642
17.3642
17.3642
17.3642
17.3642
17.3642
17.3642
17.3642
17.3642
17.3642
17.3642
17.3642
17.3642
17.3642
17.3642
17.3642
17.3642
17.3642
17.3642
17.3642
17.3642
17.3642
17.3642
17.3642
17.3642
17.3642
17.3642
17.3642
17.3642
17.3642
17.3642
17.3642
17.3642
17.3642
17.3642
17.3642
17.3642
17.3642
17.3642
17.3642
17.3642
17.3642
17.3642
17.3642
17.3642
17.3642
17.3642
17.3642
17.3642
17.3642
17.3642
17.3642
17.3642
17.3642
17.3642
17.3193
17.2651
17.2651
17.2571
17.2571
17.2562
17.2562
17.2611
17.2572
17.251
17.2486
17.2472
17.0717
17.0717
16.9792
16.9762
16.9258
16.9272
16.8629
16.8588
16.8588
16.8562
16.8178
16.7185
16.718
16.5211
16.5211
16.5624
16.533
16.4465
16.4375
16.4375
16.4375
16.4375
16.4375
16.4022
16.4022
16.394
16.394
16.394
16.3901
16.3898
16.3898
16.3142
16.3142
16.3142
16.3142
16.3142
16.3078
16.3078
16.3078
16.2917
16.2917
16.2812
16.2698
16.268
16.2666
16.2612
16.2612
16.2599
16.2585
16.2473
16.2448
16.2448
16.2414
16.2414


873.739
802.668
791.881
758.857
758.857
758.857
750.868
731.92
730.537
714.856
714.856
679.797
677.476
677.47
662.446
655.927
655.927
650.684
647.627
644.294
637.176
633.46
588.726
587.597
587.597
587.597
584.851
557.603
529.572
520.653
517.41
517.676
510.441
481.322
444.643
444.171
432.999
432.349
421.365
397.299
383.594
347.933
326.267
323.378
277.478
268.511
247.967
225.495
211.587
194.264
184.667
161.031
141.463
134.54
132.202
122.436
100.365
99.9146
95.0263
84.1962
82.5438
82.3208
79.4936
70.7468
66.9805
56.0804
56.0804
51.2694
43.5655
43.5655
41.6943
36.7856
36.7856
36.6679
32.7844
32.7844
30.4021
30.4021
29.4516
29.4516
28.8749
28.3789
27.1921
26.1328
26.0806
26.0013
24.6984
24.6656
24.2884
24.0798
23.9008
23.8633
23.2738
23.2738
22.0764
21.7899
21.6711
21.6538
21.5092
21.0875
21.0497
20.8574
20.3872
20.3534
20.3329
20.3119
20.2362
20.1437
20.1089
20.1089
20.0991
20.0911
20.0899
20.0745
20.0121
19.9867
19.9551
19.9491
19.9317
19.9265
19.9265
19.9046
19.9046
19.8862
19.8805
19.8604
19.8516
19.8308
19.8284
19.8226
19.7944
19.7918
19.7907
19.7812
19.7809
19.7679
19.7579
19.7553
19.7323
19.731
19.7296
19.7228
19.7211
19.7199
19.718
19.7108
19.7107
19.71
19.7095
19.7058
19.7044
19.7002
19.6842
19.684
19.684
19.6737
19.6737
19.6733
19.6733
19.6681
19.668
19.667
19.667
19.6661
19.6622
19.6617
19.6616
19.6616
19.6616
19.6589
19.6589
19.6587
19.6576
19.6576
19.6574
19.657
19.6569
19.6566
19.6566
19.6565
19.6565
19.6564
19.6561
19.6559
19.6559
19.6558
19.6558
19.6558
19.6558
19.6556
19.6556
19.6556
19.6556
19.6555
19.6555
19.6555
19.6553
19.6553
19.6553
19.6551
19.6551
19.6551
19.6551
19.6551
19.6551
19.6551
19.6551
19.655
19.655
19.655
19.6549
19.6549
19.6549
19.6549
19.6549
19.6549
19.6549
19.6549
19.6549
19.6549
19.6549
19.6549
19.6548
19.6548
19.6548
19.6548
19.6548
19.6548
19.6548
19.6548
19.6548
19.6548
19.6548
19.6548
19.6548
19.6548
19.6548
19.6548
19.6548
19.6548
19.6548
19.6548
19.6548
19.6548
19.6548
19.6548
19.6548
19.6548
19.6548
19.6548
19.6548
19.6548
19.6548
19.6548
19.6548
19.6548
19.6548
19.6548
19.6548
19.6548
19.6548
19.6548
19.6548
19.6548
19.6548
19.6548
19.6548
19.6548
19.6548
19.6548
19.6548
19.6548
19.6548
19.6548
19.6548
19.6548
19.6548
19.6548
19.6548
19.6548
19.6548
19.6548
19.6548
19.6548
19.6548
19.6548
19.6548
19.6548
19.6548
19.6548
19.6548
19.6548
19.6548
19.6548
19.6548
19.6548
19.6548
19.6548
19.6548
19.6548
19.6548
19.6548
19.6548
19.6548
19.6548
19.6548
19.6548
19.6548
19.6548
19.6548
19.6548
19.6548
19.6548
19.6548
19.6548
19.6548
19.6548
19.6548
19.6548
19.6548
19.6548
19.6548
19.6548
19.6548
19.6548
19.6548
19.6548
19.6548
19.6548
19.6548
19.6548
19.6548
19.6548
19.6548
19.6548
19.6548
19.6548
19.6548
19.6548
19.6548
19.6548
19.6548
19.6548
19.6548
19.6548
19.6548
19.6548
19.6548
19.6548
19.6548
19.6548
19.6548
19.6548
19.6548
19.6548
19.6548
19.6548
19.6548
19.6548
19.6548
19.6548
19.6548
19.6548
19.6548
19.6548
19.6548
19.6548
19.6548
19.6548
19.6548
19.6548
19.6548
19.6548
19.6548
19.6548
19.6548
19.6548
19.6548
19.6548
19.6548
19.6548
19.6548
19.6548
19.6548
19.6548
19.6548
19.6548
19.6548
19.6548
19.6548
19.6548
19.6548
19.6548
19.6548
19.6548
19.6548
19.6548
19.6548
19.6548
19.6548
19.6548
19.6548
19.6548
19.6548
19.6548
19.6548
19.6548
19.6548
19.6548
19.6548
19.6548
19.6548
19.6548
19.6548
19.6548
19.6548
19.6548
19.6548
19.6548
19.6548
19.6548
19.6548
19.6548
19.6548
19.6548
19.6548
19.6548
19.6548
19.6548
19.6548
19.6548
19.6548
19.6548
19.6548
19.6548
19.6548
19.6548
19.6548
19.6548
19.6548
19.6548
19.6548
19.6548
19.6548
19.6548
19.6548
19.6548
19.6548
19.6548
19.6548
19.6548
19.6548
19.6548
19.6548
19.6548
19.6548
19.6548
19.6548
19.6548
19.6548
19.6548
19.6548
19.6548
19.6548
19.6548
19.6548
19.6548
19.6548
19.6548
19.6548
19.6548
19.6548
19.6548
19.6548
19.6548
19.6548
19.6548
19.6548
19.6548
19.6548
19.6548
19.6548
19.6548
19.6548
19.6548
19.6548
19.6548
19.6548
19.6548
19.6548
19.6548
19.6548
19.6548
19.6548
19.6548
19.6548
19.6548
19.6548
19.6548
19.6548


950.744
871.907
867.775
848.602
848.038
823.38
797.59
790.8
773.949
763.005
758.423
758.415
744.492
743.374
741.274
726.979
710.16
702.513
700.555
679.263
679.263
671.216
666.471
656.999
645.411
639.783
632.926
628.68
613.547
589.772
539.155
552.665
526.89
512.953
490.679
463.024
442.624
404.613
385.7
317.624
293.035
284.519
265.266
265.266
257.139
239.82
233.684
215.13
213.913
212.632
193.48
179.97
177.09
163.809
134.704
122.044
122.044
106.431
105.365
99.7946
88.5338
83.7953
80.1858
71.7167
70.3449
67.6622
66.0725
61.9679
52.2604
52.2604
51.4641
54.8919
46.3514
42.4897
41.749
39.8941
39.8329
39.2656
39.2175
37.3461
37.3239
36.6179
35.8372
35.3977
35.0234
34.675
34.4391
33.7809
33.2937
33.1844
32.572
32.6731
32.3012
31.8373
31.6548
31.5221
31.5157
31.2442
31.0992
31.0992
30.9772
30.8082
30.6698
30.6067
30.5594
30.5594
30.5542
30.5112
30.3718
30.3515
30.2502
30.2454
30.1904
30.1472
30.0632
30.0631
30.0365
30.0365
30.0365
29.9503
29.9436
29.9349
29.9187
29.9177
29.9173
29.9013
29.8778
29.8763
29.8763
29.8671
29.8496
29.8496
29.8453
29.8439
29.84
29.8399
29.8389
29.8389
29.8367
29.8317
29.8287
29.825
29.825
29.8243
29.8214
29.8205
29.8192
29.8188
29.8186
29.817
29.815
29.815
29.8147
29.8142
29.814
29.8138
29.8128
29.8124
29.8123
29.8122
29.8122
29.8122
29.812
29.8119
29.8115
29.8114
29.8114
29.8113
29.8112
29.811
29.8108
29.8108
29.8107
29.8107
29.8107
29.8106
29.8106
29.8105
29.8105
29.8104
29.8104
29.8104
29.8103
29.8103
29.8103
29.8103
29.8102
29.8102
29.8102
29.8102
29.8102
29.8102
29.8102
29.8102
29.8101
29.8101
29.8101
29.8101
29.8101
29.8101
29.8101
29.8101
29.8101
29.8101
29.8101
29.8101
29.8101
29.8101
29.8101
29.8101
29.8101
29.8101
29.8101
29.8101
29.8101
29.8101
29.8101
29.8101
29.8101
29.8101
29.8101
29.8101
29.8101
29.8101
29.8101
29.8101
29.8101
29.8101
29.8101
29.8101
29.8101
29.8101
29.8101
29.8101
29.8101
29.8101
29.8101
29.8101
29.8101
29.8101
29.8101
29.8101
29.8101
29.8101
29.8101
29.8101
29.8101
29.8101
29.8101
29.8101
29.8101
29.8101
29.8101
29.8101
29.8101
29.8101
29.8101
27.957
27.957
27.1345
27.1345
27.1345
26.5775
26.5775
26.3523
25.997
25.8574
25.8574
25.8574
25.8574
25.6181
25.4744
24.7832
24.6297
24.6297
24.448
24.0323
23.7966
23.4741
23.4741
23.4741
23.2279
23.1781
23.1781
23.1344
23.1237
23.078
23.078
23.0633
23.0345
22.9926
22.9926
22.9572
22.9485
22.8788
22.8281
22.7907
22.7907
22.7701
22.76
22.7082
22.6684
22.6476
22.2794
21.9719
21.1516
20.655
20.655
20.5444
20.4234
20.4234
20.4045
20.4045
20.4045
20.3787
20.3787
20.3787
20.2898
20.2511
20.1939
20.1718
20.1217
20.0523
20.0523
20.0503
20.0503
20.0431
20.0322
20.01
20.0018
19.9808
19.9242
19.9242
19.92
19.92
19.9151
19.8422
19.8422
19.8389
19.8313
19.8233
19.8087
19.8077
19.8077
19.7983
19.7955
19.7845
19.7778
19.7619
19.7567
19.7269
19.7327
19.7249
19.7069
19.7069
19.7054
19.7004
19.6895
19.6895
19.6886
19.6886
19.6885
19.6839
19.6802
19.6802
19.6798
19.6772
19.6746
19.6746
19.6737
19.673
19.6729
19.6703
19.6703
19.6693
19.6693
19.6693
19.6692
19.6688
19.6688
19.6688
19.6687
19.6678
19.6652
19.6619
19.6619
19.66
19.66
19.6597
19.6597
19.6591
19.6587
19.6585
19.6585
19.6585
19.6585
19.6584
19.6584
19.6582
19.6582
19.6582
19.6581
19.658
19.658
19.6579
19.6573
19.6572
19.6572
19.6568
19.6564
19.6564
19.6564
19.6561
19.6561
19.6556
19.6555
19.6555
19.6555
19.6555
19.6554
19.6553
19.6553
19.6553
19.6552
19.6552
19.6552
19.6552
19.6552
19.6551
19.6551
19.6551
19.655
19.655
19.655
19.655
19.6549
19.6549
19.6549
19.6549
19.6549
19.6549
19.6549
19.6549
19.6549
19.6549
19.6549
19.6548
19.6548
19.6548
19.6548
19.6548
19.6548
19.6548
19.6548
19.6548
19.6548
19.6548
19.6548
19.6548
19.6548
19.6548
19.6548
19.6548
19.6548
19.6548
19.6548
19.6548
19.6548
19.6548
19.6548
19.6548
19.6548
19.6548
19.6548
19.6548
19.6548
19.6548
19.6548
19.6548
19.6548
19.6548
19.6548
19.6548
19.6548
19.6548
19.6548
19.6548
19.6548
19.6548
19.6548
19.6548
19.6548
19.6548
19.6548
19.6548
19.6548
19.6548
19.6548
19.6548
19.6548


918.948
874.271
749.939
749.359
741.691
735.106
681.47
681.392
680.932
660.175
652.55
651.317
643.729
626.899
626.899
576.937
576.937
576.937
562.445
561.395
555.654
558.513
554.822
547.95
543
516.991
516.991
514.257
501.186
494.805
454.256
437.885
437.885
424.787
399.353
398.59
396.353
392.128
370.761
366.584
365.591
353.798
353.043
352.746
352.269
349.734
346.95
340.598
336.851
318.518
318.518
312.316
309.991
309.991
306.493
301.941
296.725
294.15
292.671
291.328
291.328
290.132
275.201
274.968
274.031
268.354
268.339
255.055
254.643
248.617
243.897
243.207
243.01
242.61
242.221
242.22
241.913
241.089
240.615
240.254
239.919
239.747
238.661
238.476
238.391
238.33
238.196
238.061
237.914
237.914
237.91
237.813
237.789
237.789
237.768
237.768
237.719
237.719
237.719
237.702
237.649
237.631
237.511
237.511
237.511
237.511
237.494
237.494
237.476
237.438
237.427
237.426
237.372
237.372
237.371
237.369
237.366
237.355
237.334
237.33
237.328
237.246
237.245
237.244
237.244
237.168
237.168
237.168
237.089
237.089
237.046
237.046
237.045
237.045
237.045
237.045
237.04
237.034
236.938
236.898
236.898
236.898
236.498
236.498
235.533
235.533
235.533
235.279
235.279
235.159
235.159
235.297
235.297
235.112
233.48
233.46
233.338
229.812
229.812
228.787
228.395
228.358
228.358
228.054
227.532
226.953
226.348
226.289
226.23
226.212
225.374
225.361
225.36
225.36
225.136
225.136
224.736
224.528
224.515
224.483
224.384
224.376
224.262
224.257
223.11
223.108
223.107
221.059
220.476
217.544
217.544
217.435
217.17
215.448
215.448
215.448
215.448
215.448
215.448
215.448
215.448
215.38
214.848
214.848
214.848
214.848
214.848
214.654
214.654
214.653
214.257
215.413
214.27
214.27
214.268
214.211
214.211
213.754
213.721
213.185
213.007
213.007
212.866
212.866
212.851
212.389
211.998
211.838
211.758
211.653
211.636
211.599
211.593
211.562
211.379
211.379
211.334
211.186
211.123
211.111
211.099
210.915
210.915
210.915
210.837
210.837
210.837
210.786
210.567
208.653
208.653
208.423
208.421
208.352
208.291
208.209
207.84
207.511
206.961
206.949
206.943
207.646
206.69
206.498
206.498
206.264
206.258
205.939
205.77
205.678
204.889
204.568
187.791
80.6298
80.6298
80.6298
80.6298
80.1613
80.1613
78.134
76.6192
75.7602
68.5377
68.5377
63.9969
56.7732
56.6759
56.5154
56.5154
55.0389
54.5106
50.9615
50.7525
49.5437
49.4544
49.1676
46.9378
46.9215
46.6985
45.8092
45.7376
45.9974
45.0584
44.9964
43.9395
42.1295
42.1156
40.701
40.6591
40.5755
40.0217
40.0217
40.0089
39.9953
39.6461
38.7517
38.7412
38.7069
37.7721
36.8558
36.8219
36.8531
36.8084
36.6362
36.3168
36.1587
36.1558
36.0858
35.8185
35.8143
35.8143
35.7474
35.6991
35.687
35.5332
35.5175
35.489
35.3473
35.3471
35.3454
35.2544
35.144
34.9235
34.8349
34.8326
34.8322
34.8003
34.8001
34.7205
34.7135
34.7135
34.7135
34.676
34.6353
34.6331
34.6317
34.6077
34.5461
34.5397
34.5395
34.526
34.5184
34.4913
34.4607
34.4458
34.4458
34.4371
34.4371
34.4368
34.43
34.414
34.4139
34.4111
34.392
34.3874
34.3731
34.372
34.368
34.3678
34.3516
34.3511
34.3511
34.3511
34.3504
34.349
34.3429
34.3427
34.3396
34.3392
34.3388
34.3386
34.3282
34.3282
34.328
34.3252
34.3249
34.3221
34.3152
34.3151
34.3148
34.3129
34.313
34.3129
34.3124
34.3119
34.3119
34.3112
34.3112
34.3103
34.3098
34.3081
34.3065
34.3046
34.3036
34.3034
34.3027
34.3009
34.2993
34.2988
34.2988
34.2977
34.2973
34.297
34.2969
34.2962
34.2962
34.2962
34.2954
34.2953
34.2952
34.2943
34.2942
34.2938
34.2938
34.2934
34.2933
34.2932
34.2929
34.2929
34.2925
34.2925
34.2924
34.2921
34.2921
34.292
34.2918
34.2918
34.2917
34.2917
34.2916
34.2913
34.2912
34.291
34.2907
34.2907
34.2907
34.2907
34.2907
34.2907
34.2907
34.2906
34.2905
34.2905
34.2905
34.2904
34.2904
34.2904
34.2904
34.2904
34.2904
34.2903
34.2903
34.2903
34.2903
34.2903
34.2903
34.2903
34.2902
34.2902
34.2902
34.2902
34.2901
34.2901
34.2901
34.2901
34.2901
34.2901
34.2901
34.2901
34.2901
34.29
34.29
34.29
34.29
34.29
34.29
34.29
34.29
34.29
34.29


978.624
863.215
819.439
765.412
757.979
750.384
732.357
704.163
693.021
689.192
683.827
658.631
654.803
654.803
647.596
642.154
629.752
625.664
625.562
624.95
623.113
622.364
609.859
600.915
583.704
562.834
551.468
535.152
535.152
503.557
442.163
439.426
429.84
423.089
408.163
394.824
336.383
336.383
335.841
328.425
316.772
304.865
294.32
277.455
277.455
269.038
245.281
239.717
233.117
181.161
170.188
177.064
173.146
146.126
142.981
132.905
127.107
118.291
116.476
116.329
107.028
101.238
99.771
99.771
92.7343
90.0636
83.3458
82.8199
82.8199
74.5012
74.4358
75.3012
71.3175
69.1456
68.9554
68.0971
67.7644
65.742
65.2988
64.5515
64.0302
60.7646
60.4102
58.8742
58.8145
57.4526
57.38
57.2402
56.9169
56.4613
56.3998
56.1512
56.1512
55.6905
55.6601
55.4798
55.355
55.2544
55.2544
55.2445
54.8767
55.0621
54.8426
54.5858
54.5472
54.5325
54.5232
54.483
54.3979
54.3854
54.3665
54.3703
54.2777
54.2777
54.2315
54.2204
54.1572
54.0712
54.07
54.07
54.07
54.065
54.065
53.9933
53.982
53.9808
53.9605
53.9605
53.9604
53.9603
53.9347
53.9305
53.9237
53.9236
53.9235
53.9198
53.9195
53.9194
53.9156
53.9142
53.9122
53.9099
53.9087
53.9076
53.9066
53.9059
53.9058
53.9047
53.9043
53.9018
53.9015
53.9015
53.9015
53.9012
53.9007
53.9005
53.9005
53.9003
53.9002
53.8993
53.8993
53.8993
53.8993
53.8991
53.8989
53.8987
53.8987
53.8984
53.8982
53.8982
53.898
53.898
53.898
53.898
53.8979
53.8978
53.8978
53.8978
53.8978
53.8978
53.8977
53.8977
53.8977
53.8977
53.8976
53.8976
53.8976
53.8976
53.8976
53.8976
53.8976
53.8976
53.8976
53.8975
53.8975
53.8975
53.8975
53.8975
53.8975
53.8975
53.8975
53.8975
53.8975
53.8975
53.8975
53.8975
53.8975
53.8975
53.8975
53.8975
53.8975
53.8975
53.8975
53.8975
53.8975
53.8975
53.8975
53.8975
53.8975
53.8975
53.8975
53.8975
53.8975
53.8975
53.8975
53.8975
53.8975
53.8975
53.8975
53.8975
53.8975
53.8975
53.8975
53.8975
53.8975
53.8975
53.8975
53.8975
53.8975
53.8975
53.8975
53.8975
53.8975
53.8975
53.8975
53.8975
53.8975
53.8975
53.8975
53.8975
53.8975
53.8975
53.8975
53.8975
53.8975
53.8975
53.8975
53.8975
53.8975
53.8975
53.8975
53.8975
53.8975
53.8975
53.8975
53.8975
53.8975
53.8975
53.8975
53.8975
53.8975
53.8975
53.8975
53.8975
53.8975
53.8975
53.8975
53.8975
53.8975
53.8975
53.8975
53.8975
53.8975
53.8975
53.8975
53.8975
53.8975
53.8975
53.8975
53.8975
53.8975
53.8975
53.8975
53.8975
53.8975
53.8975
53.8975
53.8975
53.8975
53.8975
53.8975
53.8975
53.8975
53.8975
53.8975
53.8975
53.8975
53.8975
53.8975
53.8975
53.8975
53.8975
53.8975
53.8975
53.8975
53.8975
53.8975
53.8975
53.8975
53.8975
53.8975
53.8975
53.8975
53.8975
53.8975
53.8975
53.8975
53.8975
53.8975
53.8975
53.8975
53.8975
53.8975
53.8975
53.8975
53.8975
53.8975
53.8975
53.8975
53.8975
53.8975
53.8975
53.8975
53.8975
53.8975
53.8975
53.8975
53.8975
53.8975
53.8975
53.8975
53.8975
53.8975
53.8975
53.8975
53.8975
53.8975
53.8975
53.8975
53.8975
53.8975
53.8975
53.8975
53.8975
53.8975
53.8975
53.8975
53.8975
53.8975
53.8975
53.8975
53.8975
53.8975
53.8975
53.8975
53.8975
53.8975
53.8975
53.8975
53.8975
53.8975
53.8975
53.8975
53.8975
53.8975
53.8975
53.8975
53.8975
53.8975
53.8975
53.8975
53.8975
53.8975
53.8975
53.8975
53.8975
53.8975
53.8975
53.8975
53.8975
53.8975
53.8975
53.8975
53.8975
53.8975
53.8975
53.8975
53.8975
53.8975
53.8975
53.8975
53.8975
53.8975
53.8975
53.8975
53.8975
53.8975
53.8975
53.8975
53.8975
53.8975
53.8975
53.8975
53.8975
53.8975
53.8975
53.8975
53.8975
53.8975
53.8975
53.8975
53.8975
53.8975
53.8975
53.8975
53.8975
53.8975
53.8975
53.8975
53.8975
53.8975
53.8986
53.8975
53.8975
53.8975
53.8975
53.8975
53.8975
53.8975
53.8975
53.8975
53.8975
53.8975
53.8975
53.8975
53.8975
53.8975
53.8975
53.8975
53.8975
53.8975
53.8975
53.8975
53.8975
53.8975
53.8975
53.8975
53.8975
53.8975
53.8975
53.8975
53.8975
53.8975
53.8975
53.8975
53.8975
53.8975
53.8975
53.8975
53.8975
53.8975
53.8975
53.8975
53.8975
53.8975
53.8975
53.8975
53.8975
53.8975
53.8975
53.8975
53.8975
53.8975
53.8975
53.8975
53.8975
53.8975
53.8975
53.8975
53.8975


961.752
861.788
828.611
796.703
793.893
769.229
747.542
746.561
735.054
735.026
735.026
724.829
723.808
719.494
716.349
711.829
708.459
684.717
682.482
679.011
674.086
660.048
652.241
651.614
622.747
622.747
587.869
585.082
578.199
568.948
562.925
546.065
542.311
521.952
489.249
472.323
430.908
423.234
423.234
395.166
393.941
393.755
378.002
360.26
335.851
309.216
299.509
272.588
245.243
235.269
177.134
175.607
160.604
148.508
148.307
144.175
133.128
131.847
126.766
112.879
112.772
109.945
108.416
106.871
106.047
102.461
102.011
99.1457
87.9774
84.2598
83.9982
83.1329
79.836
79.836
76.6165
76.1443
74.7253
73.8964
70.3443
70.3443
69.4468
69.3209
69.2223
69.2223
68.6003
67.2749
67.0568
67.0568
67.0568
67.0568
66.7065
66.5171
66.3764
66.3408
66.0021
65.86
65.8214
65.7819
65.5186
65.467
65.2691
65.1397
64.9686
64.9414
64.941
64.9059
64.8904
64.8354
64.8305
64.8248
64.7733
64.7725
64.7699
64.7589
64.6873
64.6873
64.6457
64.6417
64.6396
64.6312
64.6124
64.596
64.5923
64.5769
64.5671
64.5649
64.5495
64.5312
64.53
64.53
64.5292
64.5226
64.5217
64.5196
64.5184
64.5179
64.5168
64.5126
64.5123
64.5095
64.5081
64.5056
64.5047
64.5038
64.5029
64.502
64.5016
64.5013
64.5002
64.4988
64.4986
64.4984
64.4982
64.4981
64.4975
64.4972
64.4969
64.4968
64.4967
64.4966
64.4966
64.4963
64.4962
64.4961
64.496
64.4959
64.4959
64.4959
64.4958
64.4958
64.4958
64.4957
64.4957
64.4957
64.4957
64.4957
64.4956
64.4956
64.4956
64.4956
64.4956
64.4956
64.4956
64.4956
64.4956
64.4956
64.4956
64.4956
64.4956
64.4956
64.4955
64.4955
64.4955
64.4955
64.4955
64.4955
64.4955
64.4955
64.4955
64.4955
64.4955
64.4955
64.4955
64.4955
64.0238
63.7658
61.4579
61.1949
61.1949
61.1949
55.6532
55.0911
54.1021
54.1021
52.1446
52.1446
50.8321
50.4541
50.4541
50.0051
49.6027
49.6027
49.1474
48.6285
48.5414
48.5277
47.7436
47.7436
46.5515
46.2187
45.2097
45.2097
45.2097
44.6376
43.9967
42.2021
41.7887
41.7887
41.7887
41.7887
41.7887
41.7887
41.4684
41.4684
41.4322
41.3421
41.0853
40.2557
39.9921
39.9921
39.7339
39.5101
39.5101
39.5101
39.5101
39.5101
39.5101
39.4463
39.4463
39.4143
39.2892
39.2892
39.1189
39.1189
39.1094
39.1041
39.0967
39.0967
39.0594
39.0594
39.0594
39.0387
39.0387
39.0306
39.0162
39.0162
39.0023
38.9746
38.9709
38.9709
38.9656
38.9585
38.9585
38.9577
38.9577
38.9408
38.9384
38.9332
38.9325
38.9325
38.9325
38.9261
38.9254
38.9219
38.9174
38.9174
38.9143
38.9143
38.9143
38.9143
38.914
38.9135
38.9135
38.9117
38.9116
38.9116
38.9109
38.9087
38.908
38.9064
38.9064
38.9064
38.9064
38.906
38.906
38.905
38.905
38.9046
38.9045
38.9045
38.9045
38.9045
38.904
38.9039
38.9036
38.9036
38.9036
38.9034
38.9034
38.9033
38.9032
38.9032
38.9031
38.9031
38.9029
38.9027
38.9027
38.9026
38.9026
38.9025
38.9025
38.9025
38.9024
38.9024
38.9023
38.9023
38.9023
38.9023
38.9023
38.9023
38.9022
38.9022
38.9022
38.9022
38.9022
38.9022
38.9022
38.9022
38.9022
38.9022
38.9022
38.9022
38.9022
38.9022
38.9021
38.9021
38.9021
38.9021
38.9021
38.9021
38.9021
38.9021
38.9021
38.9021
38.9021
38.9021
38.9021
38.9021
38.9021
38.9021
38.9021
38.9021
38.9021
38.9021
38.9021
38.9021
38.9021
38.9021
38.9021
38.9021
38.9021
38.9021
38.9021
38.9021
38.9021
38.9021
38.9021
38.9021
38.9021
38.9021
38.9021
38.9021
38.9021
38.9021
38.9021
38.9021
38.9021
38.9021
38.9021
38.9021
38.9021
38.9021
38.9021
38.9021
38.9021
38.9021
38.9021
38.9021
38.9021
38.9021
38.9021
38.9021
38.9021
38.9021
38.9021
38.9021
38.9021
38.9021
38.9021
38.9021
38.9021
38.9021
38.9021
38.9021
38.9021
38.9021
38.9021
38.9021
38.9021
38.9021
38.9021
38.9021
38.9021
38.9021
38.9021
38.9021
38.9021
38.9021
38.9021
38.9021
38.9021
38.9021
38.9021
38.9021
38.9021
38.9021
38.9021
38.9021
38.9021
38.9021
38.9021
38.9021
38.9021
38.9021
38.9021
38.9021
38.9021
38.9021
38.9021
38.9021
38.9021
38.9021
38.9021
38.9021
38.9021
38.9021
38.9021
38.9021
38.9021
38.9021
38.9021
38.9021
38.9021
38.9021
38.9021
38.9021
38.9021
38.9021
38.9021
38.9021
38.9021
38.9021
38.9021
38.9021
38.9021
38.9021
38.9021
38.9021
38.9021
38.9021


847.37
839.337
808.753
797.509
788.089
787.306
748.588
742.01
735.736
733.059
719.004
712.907
696.878
680.561
678.405
656.986
655.465
655.465
628.012
626.702
618.334
606.573
606.573
594.662
544.939
543.304
532.079
519.673
502.678
478.008
451.666
465.602
393.892
393.892
393.215
367.242
360.435
349.394
297.301
292.063
290.967
279.283
264.52
226.983
215.198
211.725
174.305
166.431
161.506
137.977
137.977
131.609
107.848
107.848
105.557
103.904
97.6669
95.2369
91.5036
91.1742
88.0636
59.8567
59.8567
56.7852
56.3893
56.1796
55.1693
52.1233
48.0683
47.3001
45.4932
44.8205
43.8465
42.7131
42.7131
41.6254
41.5931
40.7752
40.5865
40.5126
39.4963
39.4963
38.652
38.652
38.652
38.481
37.7511
37.6181
37.5102
37.5102
37.3748
37.3062
37.2992
37.2955
37.0915
36.9714
36.9554
36.9426
36.8068
36.7999
36.6802
36.6184
36.5902
36.4998
36.424
36.4031
36.3876
36.352
36.352
36.3231
36.318
36.2507
36.1775
36.1335
36.1288
36.0664
36.0356
36.0356
36.0263
36.0101
36.0101
36.0067
35.9746
35.9541
35.9541
35.9399
35.9392
35.9371
35.928
35.9229
35.9229
35.9131
35.899
35.8942
35.8941
35.8941
35.894
35.8939
35.8924
35.8893
35.8893
35.8878
35.8779
35.8779
35.8755
35.8754
35.8754
35.8752
35.8716
35.8712
35.8677
35.8676
35.8676
35.8646
35.8646
35.8628
35.8621
35.8621
35.8617
35.8616
35.8616
35.861
35.861
35.861
35.8598
35.8598
35.8592
35.8592
35.8592
35.8588
35.8587
35.8583
35.8583
35.8583
35.8583
35.8579
35.8578
35.8578
35.8576
35.8575
35.8574
35.8573
35.8572
35.8571
35.8571
35.8569
35.8568
35.8567
35.8566
35.8566
35.8564
35.8565
35.8564
35.8564
35.8564
35.8563
35.8563
35.8562
35.8562
35.8562
35.8561
35.8561
35.8561
35.8561
35.8561
35.8561
35.856
35.856
35.856
35.8559
35.8559
35.8559
35.8559
35.8559
35.8559
35.8558
35.8558
35.8558
35.8558
35.8558
35.8558
35.8558
35.8558
35.8558
35.8558
35.8558
35.8558
35.8558
35.8558
35.8558
35.8558
35.8558
35.8558
35.8558
35.8558
35.8558
35.8558
35.8558
35.8558
35.8558
35.8558
35.8558
35.8558
35.8558
35.8558
35.8558
35.8558
35.8558
35.8558
35.8558
35.8558
35.8558
35.8558
35.8558
35.8558
35.8558
35.8557
35.8557
35.8557
35.8557
35.8557
35.8557
35.8557
35.8557
35.8557
35.8557
35.8557
35.8557
35.8557
35.8557
35.8557
35.8557
35.8557
35.8557
35.8557
35.8557
35.8557
35.8557
35.8557
35.8557
35.8557
35.8557
35.8557
35.8557
35.8557
35.8557
35.8557
35.8557
35.8557
35.8557
35.8557
35.8557
35.8557
35.8557
35.8557
35.8557
35.8557
35.8557
35.8557
35.8557
35.8557
35.8557
35.8557
35.8557
35.8557
35.8557
35.8557
35.8557
35.8557
35.8557
35.8557
35.8557
35.8557
35.8557
35.8557
35.8557
35.8557
35.8557
35.8557
35.8557
35.8557
35.8557
35.8557
35.8557
35.8557
35.8557
35.8557
35.8557
35.8557
35.8557
35.8557
35.8557
35.8557
35.8557
35.8557
35.8557
35.8557
35.8557
35.8557
35.8557
35.8557
35.8557
35.8557
35.8557
35.8557
35.8557
35.8557
35.8557
35.8557
35.8557
35.8557
35.8557
35.8557
35.8557
35.8557
35.8557
35.8557
35.8557
35.8557
35.8557
35.8557
35.8557
35.8557
35.8557
35.8557
35.8557
35.8557
35.8557
35.8557
35.8557
35.8557
35.8557
35.8557
35.8557
35.8557
35.8557
35.8557
35.8557
35.8557
35.8557
35.8557
35.8557
35.8557
35.8557
35.8557
35.8557
35.8557
35.8557
35.8557
35.8557
35.8557
35.8557
35.8557
35.8557
35.8557
35.8557
35.8557
35.8557
35.8557
35.8557
35.8557
35.8557
35.8557
35.8557
35.8557
35.8557
35.8557
35.8557
35.8557
35.8557
35.8557
35.8557
35.8557
35.8557
35.8557
35.8557
35.8557
35.8557
35.8557
35.8557
35.8557
35.8557
35.8557
35.8557
35.8557
35.8557
35.8557
35.8557
35.8557
35.8557
35.8557
35.8557
35.8557
35.8557
35.8557
35.8557
35.8557
35.8557
35.8557
35.8557
35.8557
35.8557
35.8557
35.8557
35.8557
35.8557
35.8557
35.8557
35.8557
35.8557
35.8557
35.8557
35.8557
35.8557
35.8557
35.8557
35.8557
35.8557
35.8557
35.8557
35.8557
35.8557
35.8557
35.8557
35.8557
35.8557
35.8557
35.8557
35.8557
35.8557
35.8557
35.8557
35.8557
35.8557
35.8557
35.8557
35.8557
35.8557
35.8557
35.8557
35.8557
35.8557
35.8557
35.8557
35.8557
35.8557
35.8557
35.8557
35.8557
35.8557
35.8557
35.8557
35.8557
35.8557
35.8557
35.8557
35.8557
35.8557
35.8557
35.8557


911.839
858.329
816.945
795.284
795.284
776.335
767.162
759.349
758.1
744.868
741.3
752.269
743.984
726.028
713.21
713.21
702.587
688.419
686.893
647.24
647.24
604.92
604.92
602.109
602.109
595.526
593.791
579.954
579.954
576.98
576.98
562.549
562.549
545.22
545.22
529.784
516.654
493.06
459.192
452.244
428.877
411.08
399.754
387.466
350.353
350.353
328.461
318.018
302.54
297.38
296.389
255.729
253.067
252.182
237.329
227.468
170.48
162.77
160.123
142.556
134.333
122.498
116.68
113.87
102.004
101.78
97.2495
96.4969
91.1374
89.1597
77.8517
77.8175
76.5654
65.4483
63.9895
63.9895
62.7815
60.6421
59.3219
57.8275
55.1536
54.9699
53.4827
53.4827
51.9722
50.3451
50.1421
50.0273
48.8967
48.5462
48.034
47.6393
47.6024
47.222
47.1146
47.0431
46.9174
46.5774
46.2752
46.1706
46.0971
45.848
45.7663
45.6773
45.6453
45.6244
45.5411
45.3843
45.3843
45.3843
45.3263
45.3068
45.2539
45.2218
45.2058
45.1944
45.1735
45.152
45.0996
45.0969
45.0869
45.0804
45.0733
45.0733
45.0571
45.0499
45.0483
45.0373
45.0355
45.0311
45.0168
45.0117
45
44.9956
44.9906
44.9906
44.9831
44.9789
44.9789
44.9774
44.9724
44.9732
44.9722
44.9711
44.9699
44.9683
44.9683
44.9675
44.9673
44.9667
44.966
44.9653
44.9642
44.9632
44.9617
44.9617
44.9617
44.9614
44.9613
44.9607
44.9607
44.9604
44.9601
44.96
44.9598
44.9596
44.9594
44.9593
44.959
44.959
44.9589
44.9589
44.9588
44.9588
44.9588
44.9587
44.9586
44.9586
44.9586
44.9586
44.9586
44.9585
44.9585
44.9584
44.9584
44.9584
44.9583
44.9583
44.9583
44.9583
44.9583
44.9583
44.9583
44.9583
44.9582
44.9582
44.9582
44.9582
44.9582
44.9582
44.9582
44.9582
44.9582
44.9582
44.9582
44.9582
44.9582
44.9582
44.9582
44.9582
44.9582
44.9582
44.9582
44.9582
44.9582
44.9582
44.9582
44.9582
44.9582
44.9582
44.9582
44.9582
44.9582
44.9582
44.9582
44.9582
44.9582
44.9582
44.9582
44.9582
44.9582
44.9582
44.9582
44.9582
44.9582
44.9582
44.9582
44.9582
44.9582
44.9582
44.9582
44.9582
44.9582
44.9582
44.9582
44.9582
44.9582
44.9582
44.9582
44.9582
44.9582
44.9582
44.9582
44.9582
44.9582
44.9582
44.9582
44.9582
44.9582
44.9582
44.9582
44.9582
44.9582
44.9582
44.9582
44.9582
44.9582
44.9582
44.9582
44.9582
44.9582
44.9582
44.9582
44.9582
44.9582
44.9582
44.9582
44.9582
44.9582
44.9582
44.9582
44.9582
44.9582
44.9582
44.9582
44.9582
44.9582
44.9582
44.9582
44.9582
44.9582
44.9582
44.9582
44.9582
44.9582
44.9582
44.9582
44.9582
44.9582
44.9582
44.9582
44.9582
44.9582
44.9582
44.9582
44.9582
44.9582
44.9582
44.9582
44.9582
44.9582
44.9582
44.9582
44.9582
44.9582
44.9582
44.9582
44.9582
44.9582
44.9582
44.9582
44.9582
44.9582
44.9582
44.9582
44.9582
44.9582
44.9582
44.9582
44.9582
44.9582
44.9582
44.9582
44.9582
44.9582
44.9582
44.9582
44.9582
44.9582
44.9582
44.9582
44.9582
44.9582
44.9582
44.9582
44.9582
44.9582
44.9582
44.9582
44.9582
44.9582
44.9582
44.9582
44.9582
44.9582
44.9582
44.9582
44.9582
44.9582
44.9582
44.9582
45.0092
44.9582
44.9582
44.9582
44.9582
44.9582
44.9582
44.9582
44.9582
44.9582
44.9582
44.9582
44.9582
44.9582
44.9582
44.9582
44.9582
44.9582
44.9582
44.9582
44.9583
44.9582
44.9582
44.9582
44.9582
44.9582
44.9582
44.9582
44.9582
44.9582
44.9582
44.9582
44.9582
44.9582
44.9582
44.9582
44.9582
44.9582
44.9582
44.9582
44.9582
44.9582
44.9582
44.9582
44.9582
44.9582
44.9582
44.9582
44.9582
44.9582
44.9582
44.9582
44.9582
44.9582
44.9582
44.9582
44.9582
44.9582
44.9582
44.9582
44.9582
44.9582
44.9582
44.9582
44.9582
44.9582
44.9582
44.9582
44.9582
44.9582
44.9582
44.9582
44.9582
44.9582
44.9582
44.9582
44.9582
44.9582
44.9582
44.9582
44.9582
44.9582
44.9582
44.9582
44.9582
44.9582
44.9582
44.9582
44.9582
44.9582
44.9582
44.9582
44.9582
44.9582
44.9582
44.9582
44.9582
44.9582
44.9582
44.9582
44.9582
44.9582
44.9582
44.9582
44.9582
44.9582
44.9582
44.9582
44.9582
44.9582
44.9582
44.9582
44.9582
44.9582
44.9582
44.9582
44.9582
44.9582
44.9582
44.9582
44.9582
44.9582
44.9582
44.9582
44.9582
44.9582
44.9582
44.9582
44.9582
44.9582
44.9582
44.9582
44.9582
44.9582
44.9582
44.9582
44.9582
44.9582
44.9582


940.437
794.928
774.029
767.025
767.025
756.559
751.288
730.321
722.339
722.12
705.809
700.251
679.824
661.37
661.37
661.37
661.37
658.68
651.564
651.564
651.564
635.318
633.078
621.751
621.751
581.405
551.368
551.183
551.183
533.284
491.581
479.173
476.97
469.004
468.276
443.906
434.307
417.994
325.067
307.004
279.657
277.875
273.736
267.093
247.457
227.454
211.361
203.737
176.838
171.505
159.437
152.897
133.725
133.425
133.247
128.716
124.541
123.756
118.899
113.987
111.946
110.641
107.358
101.234
99.4439
96.9184
94.0587
92.8549
91.7772
87.5726
87.2044
87.136
86.5179
82.9571
81.6916
78.4191
78.4191
78.331
78.1515
77.9991
77.1963
75.4179
75.4157
75.1036
74.9224
74.4978
73.9736
73.9368
73.9082
73.5376
73.4269
73.4282
72.6181
72.5986
72.5146
72.2774
72.2774
71.9528
71.9528
71.7815
71.75
71.743
71.7296
71.6445
71.6445
71.634
71.5777
71.5532
71.553
71.5491
71.5269
71.5293
71.5165
71.5148
71.5053
71.5007
71.485
71.4773
71.4773
71.4746
71.4656
71.4637
71.4612
71.46
71.4524
71.4486
71.4479
71.4443
71.4404
71.4404
71.4364
71.4353
71.4351
71.4318
71.431
71.4306
71.4279
71.4277
71.4277
71.4266
71.4254
71.4249
71.4244
71.4239
71.4229
71.4229
71.4223
71.4216
71.4215
71.4215
71.4214
71.4211
71.4211
71.4211
71.4207
71.4206
71.4206
71.4204
71.4204
71.4204
71.4203
71.4202
71.4201
71.4199
71.4199
71.4198
71.4198
71.4198
71.4198
71.4198
71.4198
71.4198
71.4198
71.4197
71.4197
71.4197
71.4197
71.4197
70.505
69.3915
58.3313
58.3313
58.3313
54.3048
54.2435
53.1439
53.1439
52.4475
49.1274
49.1274
49.1274
49.1274
49.0392
47.7511
45.923
44.1136
43.1006
41.7323
41.2609
40.8645
39.7046
40.3818
40.1221
38.3888
37.9955
37.7082
37.6969
37.1769
36.8637
36.7986
36.7986
35.8656
35.4834
35.4834
35.1787
35.0995
35.0995
34.7929
33.8604
33.6721
33.5962
33.2993
33.2993
33.0736
33.0736
32.8178
32.5595
32.546
32.4018
32.3558
32.2598
31.9405
31.9049
31.8722
31.7986
31.7512
31.6224
31.5646
31.5386
31.5146
31.4515
31.429
31.4107
31.3432
31.3412
31.3264
31.3195
31.2767
31.2743
31.2119
31.1955
31.165
31.1377
31.1358
31.0967
31.0967
31.0667
31.0589
31.0319
31.008
30.9869
30.9828
30.97
30.9604
30.9595
30.9463
30.9425
30.9425
30.9229
30.8984
30.8984
30.8932
30.8932
30.8866
30.8861
30.8861
30.8817
30.8799
30.8799
30.8766
30.8766
30.8742
30.873
30.8721
30.8715
30.8703
30.8703
30.869
30.8685
30.8682
30.8645
30.8639
30.8631
30.8624
30.8624
30.8623
30.8621
30.8619
30.8617
30.861
30.8608
30.8611
30.8604
30.8602
30.8602
30.8599
30.8598
30.8594
30.8594
30.8593
30.8593
30.8592
30.8591
30.8588
30.8588
30.8587
30.8587
30.8586
30.8586
30.8585
30.8585
30.8585
30.8585
30.8584
30.8584
30.8584
30.8584
30.8583
30.8583
30.8583
30.8583
30.8583
30.8583
30.8583
30.8583
30.8583
30.8583
30.8582
30.8582
30.8582
30.8582
30.8582
30.8582
30.8582
30.8582
30.8582
30.8582
30.8582
30.8582
30.8582
30.8582
30.8582
30.8582
30.8582
30.8582
30.8582
30.8582
30.8582
30.8582
30.8582
30.8582
30.8582
30.8582
30.8582
30.8582
30.8582
30.8582
30.8582
30.8582
30.8582
30.8582
30.8582
30.8582
30.8582
30.8582
30.8582
30.8582
30.8582
30.8582
30.8582
30.8582
30.8582
30.8582
30.8582
30.8582
30.8582
30.8582
30.8582
30.8582
30.8582
30.8582
30.8582
30.8582
30.8582
30.8582
30.8582
30.8582
30.8582
30.8582
30.8582
30.8582
30.8582
30.8582
30.8582
30.8582
30.8582
30.8582
30.8582
30.8582
30.8582
30.8582
30.8582
30.8582
30.8582
30.8582
30.8582
30.8582
30.8582
30.8582
30.8582
30.8582
30.8582
30.8582
30.8582
30.8582
30.8582
30.8582
30.8582
30.8582
30.8582
30.8582
30.8582
30.8582
30.8582
30.8582
30.8582
30.8582
30.8582
30.8582
30.8582
30.8582
30.8582
30.8582
30.8582
30.8582
30.8582
30.8582
30.8582
30.8582
30.8582
30.8582
30.8582
30.8582
30.8582
30.8582
30.8582
30.8582
30.8582
30.8582
30.8582
30.8582
30.8582
30.8582
30.8582
30.8582
30.8582
30.8582
30.8582
30.8582
30.8582
30.8582
30.8582
30.8582
30.8582
30.8582
30.8582
30.8582
30.8582
30.8582
30.8582
30.8582
30.8582
30.8582
30.8582
30.8582
30.8582
30.8582
30.8582
30.8582
30.8582
30.8582
30.8582
30.8582
30.8582
30.8582
30.8582
30.8582
30.8582
30.8582
30.8582


888.445
808.695
808.695
785.832
779.21
729.52
721.083
721.083
712.853
706.984
696.915
688.917
678.636
678.636
665.677
665.677
650.692
644.17
629.916
629.904
607.816
629.413
626.262
619.32
609.94
597.95
561.609
536.091
522.415
516.273
492.838
488.364
479.225
474.769
467.211
467.211
421.696
409.989
394.145
381.196
356.916
350.884
350.884
346.137
298.514
289.698
269.27
269.27
256.478
245.754
231.842
216.645
215.683
215.115
200.845
184.665
181.032
135.866
131.258
126.423
119.591
115.995
112.302
97.4382
88.0996
88.0996
86.4266
77.8739
74.7916
72.3749
66.5537
62.3029
60.9402
60.2358
59.3703
57.755
49.8925
49.8183
49.5729
47.1514
47.1514
45.6209
45.5352
43.4563
42.7136
38.9446
38.868
37.5151
35.8994
35.7261
32.8057
35.1136
33.3074
33.2815
33.2815
33.0787
32.1731
31.9326
31.0077
31.0056
30.7198
30.7005
29.8152
29.8019
29.6396
29.6104
29.4293
29.4293
29.4188
29.4012
29.1192
29.2605
29.2592
28.8886
28.8886
28.7077
28.7032
28.6122
28.3677
28.3096
28.2635
28.2635
28.2619
28.234
28.1529
28.1439
28.075
28.0344
28.0215
28.0195
27.9829
27.9827
27.9083
27.9047
27.9012
27.8525
27.8517
27.8001
27.7798
27.7651
27.7648
27.7066
27.7063
27.7056
27.7014
27.6854
27.6854
27.6848
27.6729
27.6729
27.6682
27.6679
27.6655
27.6636
27.6616
27.6615
27.6614
27.6478
27.6471
27.6471
27.6455
27.6448
27.6448
27.6429
27.6358
27.6343
27.6342
27.6283
27.6283
27.6208
27.6208
27.6208
27.6208
27.6208
27.6183
27.617
27.6154
27.6154
27.6131
27.6117
27.6117
27.6121
27.6118
27.6112
27.6112
27.611
27.611
27.6108
27.6107
27.6107
27.6103
27.6103
27.6103
27.61
27.6098
27.6098
27.6097
27.6096
27.6096
27.6092
27.6092
27.6092
27.6092
27.6092
27.609
27.6089
27.6089
27.6086
27.6086
27.6086
27.6086
27.6086
27.6084
27.6084
27.6084
27.6084
27.6083
27.6083
27.6083
27.6083
27.6083
27.6083
27.6083
27.6083
27.6083
27.6082
27.6082
27.6082
27.6082
27.6082
27.6082
27.6082
27.6082
27.6082
27.6082
27.6082
27.6082
27.6081
27.6081
27.6081
27.6081
27.6081
27.6081
27.6081
27.6081
27.6081
27.6081
27.6081
27.6081
27.6081
27.6081
27.6081
27.6081
27.6081
27.6081
27.6081
27.6081
27.6081
27.6081
27.6081
27.6081
27.6081
27.6081
27.6081
27.6081
27.6081
27.6081
27.6081
27.6081
27.6081
27.6081
27.6081
27.6081
27.6081
27.6081
27.6081
27.6081
27.6081
27.6081
27.6081
27.6081
27.6081
27.6081
27.6081
27.6081
27.6081
27.6081
27.6081
27.6081
27.6081
27.6081
27.6081
27.6081
27.6081
27.6081
27.6081
27.6081
27.6081
27.6081
27.6081
27.6081
27.6081
27.6081
27.6081
27.6081
27.6081
27.6081
27.6081
27.6081
27.6081
27.6081
27.6081
27.6081
27.6081
27.6081
27.6081
27.6081
27.6081
27.6081
27.6081
27.6081
27.6081
27.6081
27.6081
27.6081
27.6081
27.6081
27.6081
27.6081
27.6081
27.6081
27.6081
27.6081
27.6081
27.6081
27.6081
27.6081
27.6081
27.6081
27.6081
27.6081
27.6081
27.6081
27.6081
27.6081
27.6081
27.6081
27.6081
27.6081
27.6081
27.6081
27.6081
27.6081
27.6081
27.6081
27.6081
27.6081
27.6081
27.6081
27.6081
27.6081
27.6081
27.6081
27.6081
27.6081
27.6081
27.6081
27.6081
27.6081
27.6081
27.6081
27.6081
27.6081
27.6081
27.6081
27.6081
27.6081
27.6081
27.6081
27.6081
27.6081
27.6081
27.6081
27.6081
27.6081
27.6081
27.6081
27.6081
27.6081
27.6081
27.6081
27.6081
27.6081
27.6081
27.6081
27.6081
27.6081
27.6081
27.6081
27.6081
27.6081
27.6081
27.6081
27.6081
27.6081
27.6081
27.6081
27.6081
27.6081
27.6081
27.6081
27.6081
27.6081
27.6081
27.6081
27.6081
27.6081
27.6081
27.6081
27.6081
27.6081
27.6081
27.6081
27.6081
27.6081
27.6081
27.6081
27.6081
27.6081
27.6081
27.6081
27.6081
27.6081
27.6081
27.6081
27.6081
27.6081
27.6081
27.6081
27.6081
27.6081
27.6081
27.6081
27.6081
27.6081
27.6081
27.6081
27.6081
27.6081
27.6081
27.6081
27.6081
27.6081
27.6081
27.6081
27.6081
27.6081
27.6081
27.6081
27.6081
27.6081
27.6081
27.6081
27.6081
27.6081
27.6081
27.6081
27.6081
27.6081
27.6081
27.6081
27.6081
27.6081
27.6081
27.6081
27.6081
27.6081
27.6081
27.6081
27.6081
27.6081
27.6081
27.6081
27.6081
27.6081
27.6081
27.6081
27.6081
27.6081
27.6081
27.6081
27.6081
27.6081
27.6081
27.6081
27.6081
27.6081
27.6081
27.6081
27.6081


852.573
785.355
770.125
742.815
704.093
690.694
690.694
690.694
669.418
669.418
656.694
650.14
650.14
650.14
640.33
634.757
631.633
631.633
631.368
630.176
627.992
623.11
623.11
616.242
592.628
582.042
582.042
579.564
571.78
555.732
551.145
551.145
545.161
544.727
538.726
522.426
522.426
518.222
499.823
479.922
479.922
454.864
448.086
441.913
440.276
434.894
417.531
393.187
384.735
378.516
374.193
358.226
351.044
279.923
279.923
258.927
255.544
255.544
236.049
235.707
233.177
221.197
174.54
174.54
174.289
173.783
137.048
130.973
130.973
130.973
121.357
112.703
112.267
103.501
103.501
101.291
100.927
82.0774
82.0774
76.8864
76.8046
75.7598
60.4069
54.6685
54.6685
54.4634
54.4634
53.7531
51.8798
51.144
44.8491
47.6988
44.1147
44.003
43.5414
43.5414
40.586
40.0955
40.0938
40.0237
39.9499
39.8928
39.4252
37.8296
37.4695
37.2957
36.7656
36.7617
36.7617
36.4943
36.3233
36.3185
36.2151
35.887
35.7201
35.4203
35.3209
35.3174
35.2889
35.2838
35.2822
35.1953
35.0408
34.9314
34.9191
34.8495
34.7694
34.7619
34.7619
34.7619
34.6675
34.5553
34.5536
34.4732
34.4551
34.4551
34.4062
34.4053
34.3875
34.3864
34.3751
34.3623
34.3518
34.3511
34.3509
34.3507
34.3506
34.3282
34.3217
34.3073
34.3073
34.3004
34.3002
34.2937
34.2913
34.2906
34.2865
34.286
34.2759
34.271
34.2709
34.2701
34.2674
34.266
34.2657
34.2656
34.263
34.2618
34.2618
34.2614
34.2606
34.2597
34.259
34.2584
34.2581
34.2554
34.2553
34.255
34.255
34.2549
34.2548
34.2545
34.2545
34.2545
34.2545
34.254
34.2538
34.2538
34.2537
34.2537
34.2533
34.2532
34.0473
33.3724
33.3724
32.9161
32.9161
32.9161
32.5975
32.5975
32.5975
32.0766
30.5809
30.4536
30.4536
30.4536
30.4536
29.883
29.867
29.867
29.867
29.3023
29.0531
28.8099
28.3356
27.7406
27.7406
27.7406
27.7406
27.6132
27.6132
27.3572
27.3572
27.336
27.336
27.261
27.2351
27.141
27.0661
27.0412
27.0233
26.9834
26.9834
26.9629
26.9405
26.9405
26.9405
26.9369
26.8665
26.8117
26.8117
26.8214
26.8214
26.8214
26.8214
26.8214
26.8214
26.7862
26.7862
26.7862
26.7849
26.7632
26.7632
26.7632
26.7623
26.7525
26.7508
26.7485
26.7485
26.7474
26.7437
26.7437
26.7437
26.7399
26.7399
26.7399
26.7399
26.7362
26.7345
26.7345
26.7345
26.7348
26.7348
26.7348
26.7348
26.7343
26.7337
26.733
26.7329
26.7328
26.7328
26.7326
26.7326
26.7325
26.7324
26.7323
26.7323
26.7319
26.7319
26.7319
26.7318
26.7315
26.7314
26.7314
26.7314
26.7314
26.7314
26.7314
26.7313
26.7312
26.7312
26.7311
26.7311
26.7311
26.731
26.731
26.731
26.731
26.7309
26.7309
26.7309
26.7309
26.7308
26.7308
26.7308
26.7308
26.7308
26.7308
26.7308
26.7308
26.7308
26.7308
26.7308
26.7308
26.7308
26.7308
26.7308
26.7308
26.7308
26.7308
26.7308
26.7308
26.7308
26.7308
26.7308
26.7308
26.7308
26.7308
26.7308
26.7308
26.7308
26.7308
26.7308
26.7308
26.7308
26.7308
26.7308
26.7308
26.7308
26.7308
26.7308
26.7308
26.7308
26.7308
26.7308
26.7308
26.7308
26.7308
26.7308
26.7308
26.7308
26.7308
26.7308
26.7308
26.7308
26.7308
26.7308
26.7308
26.7308
26.7308
26.7308
26.7308
26.7308
26.7308
26.7308
26.7308
26.7308
26.7308
26.7308
26.7308
26.7308
26.7308
26.7308
26.7308
26.7308
26.7308
26.7308
26.7308
26.7308
26.7308
26.7308
26.7308
26.7308
26.7308
26.7308
26.7308
26.7308
26.7308
26.7308
26.7308
26.7308
26.7308
26.7308
26.7308
26.7308
26.7308
26.7308
26.7308
26.7308
26.7308
26.7308
26.7308
26.7308
26.7308
26.7308
26.7308
26.7308
26.7308
26.7308
26.7308
26.7308
26.7308
26.7308
26.7308
26.7308
26.7308
26.7308
26.7308
26.7308
26.7308
26.7308
26.7308
26.7308
26.7308
26.7308
26.7308
26.7308
26.7308
26.7308
26.7308
26.7308
26.7308
26.7308
26.7308
26.7308
26.7308
26.7308
26.7308
26.7308
26.7308
26.7308
26.7308
26.7308
26.7308
26.7308
26.7308
26.7308
26.7308
26.7308
26.7308
26.7308
26.7308
26.7308
26.7308
26.7308
26.7308
26.7308
26.7308
26.7308
26.7308
26.7308
26.7308
26.7308
26.7308
26.7308
26.7308
26.7308
26.7308
26.7308
26.7308
26.7308
26.7308
26.7308
26.7308
26.7308
26.7308
26.7308
26.7308
26.7308
26.7308
26.7308
26.7308
26.7308
26.7308
26.7308
26.7308
26.7308
26.7308
26.7308
26.7308


839.792
771.393
737.346
733.613
709.209
703.463
697.142
687.07
686.489
684.429
679.488
670.115
670.115
664.122
663.535
662.809
658.382
651.608
650.448
642.456
636.922
630.883
630.484
625.157
598.055
592.534
553.795
553.065
550.645
522.25
522.25
488.52
488.52
462.762
461.585
443.839
413.006
372.176
364.475
338.018
312.671
285.793
285.341
282.825
271.032
264.559
243.774
207.774
192.393
177.874
177.874
154.228
148.258
133.704
116.288
102.733
102.733
102.733
96.4469
95.184
90.7448
85.1167
84.4596
81.9892
77.9123
73.2037
70.682
70.0935
66.7302
62.7324
62.0897
57.7622
57.517
56.5633
54.9116
54.6141
54.2478
52.238
50.1726
50.143
49.6803
48.3152
47.988
47.988
47.0045
46.6763
46.4801
45.8307
45.7908
45.0169
44.9454
44.9632
44.873
44.5442
44.1956
44.1956
44.0263
43.8962
43.8328
43.5529
43.2701
43.1824
43.0136
43.0004
42.9107
42.8364
42.694
42.694
42.5346
42.5346
42.504
42.4643
42.4624
42.259
42.1866
42.1515
42.1209
42.1141
42.0164
42.0164
42.0164
41.9763
41.969
41.9321
41.9245
41.9195
41.8968
41.8838
41.8698
41.8643
41.8643
41.8544
41.8495
41.8243
41.8197
41.8185
41.8166
41.802
41.8019
41.7973
41.7897
41.7865
41.7852
41.7768
41.7726
41.7695
41.7682
41.7653
41.7637
41.7605
41.7574
41.755
41.755
41.7534
41.749
41.7485
41.7461
41.744
41.7436
41.7432
41.7428
41.7425
41.7391
41.7378
41.7367
41.7364
41.7342
41.7339
41.7339
41.7339
41.7321
41.7317
41.7317
41.7317
41.7309
41.7303
41.7303
41.7301
41.7301
41.7299
41.7297
41.7296
41.7296
41.7295
41.7293
41.7292
41.7292
41.7292
41.7292
41.729
41.729
41.729
41.7289
41.7288
41.7288
41.7288
41.7287
41.7287
41.7287
41.7286
41.7286
41.7286
41.7286
41.7286
41.7286
41.7285
41.7285
41.7285
41.7285
41.7285
41.7285
41.7285
41.7285
41.7285
41.7285
41.7285
41.7285
41.7285
41.7285
41.7285
41.7285
41.7285
41.7285
41.7285
41.7285
41.7285
41.7285
41.7285
41.7285
41.7285
41.7285
41.7285
41.7285
41.7285
41.7284
41.7284
41.7284
41.7284
41.7284
41.7284
41.7284
41.7284
41.7284
41.7284
41.7284
41.7284
41.7284
41.7284
41.7284
41.7284
41.7284
41.7284
41.7284
41.7284
41.7284
41.7284
41.7284
41.7284
41.7284
41.7284
41.7284
41.7284
41.7284
41.7284
41.7284
41.7284
41.7284
41.7284
41.7284
41.7284
41.7284
41.7284
41.7284
41.7284
41.7284
41.7284
41.7284
41.7284
41.7284
41.7284
41.7284
41.7284
41.7284
41.7284
41.7284
41.7284
41.7284
41.7284
41.7284
41.7284
41.7284
41.7284
41.7284
41.7284
41.7284
41.7284
41.7284
41.7284
41.7284
41.7284
41.7284
41.7284
41.7284
41.7284
41.7284
41.7284
41.7284
41.7284
41.7284
41.7284
41.7284
41.7284
41.7284
41.7284
41.7284
41.7284
41.7284
41.7284
41.7284
41.7284
41.7284
41.7284
41.7284
41.7284
41.7284
41.7284
41.7284
41.7284
41.7284
41.7284
41.7284
41.7284
41.7284
41.7284
41.7284
41.7284
41.7284
41.7284
41.7284
41.7284
41.7284
41.7284
41.7284
41.7284
41.7284
41.7284
41.7284
41.7284
41.7284
41.7284
41.7284
41.7284
41.7284
41.7284
41.7284
41.7284
41.7284
41.7284
41.7284
41.7284
41.7284
41.7284
41.7284
41.7284
41.7284
41.7284
41.7284
41.7284
41.7284
41.7284
41.7284
41.7284
41.7284
41.7284
41.7284
41.7284
41.7284
41.7284
41.7284
41.7284
41.7284
41.7284
41.7284
41.7284
41.7284
41.7284
41.7284
41.7284
41.7284
41.7284
41.7284
41.7284
41.7284
41.7284
41.7284
41.7284
41.7284
41.7284
41.7284
41.7284
41.7284
41.7284
41.7284
41.7284
41.7284
41.7284
41.7284
41.7284
41.7284
41.7284
41.7284
41.7284
41.7284
41.7284
41.7284
41.7284
41.7284
41.7284
41.7284
41.7284
41.7284
41.7284
41.7284
41.7284
41.7284
41.7284
41.7284
41.7284
41.7284
41.7284
41.7284
41.7284
41.7284
41.7284
41.7284
41.7284
41.7284
41.7284
41.7284
41.7284
41.7284
41.7284
41.7284
41.7284
41.7284
41.7284
41.7284
41.7284
41.7284
41.7284
41.7284
41.7284
41.7284
41.7284
41.7284
41.7284
41.7284
41.7284
41.7284
41.7284
41.7284
41.7284
41.7284
41.7284
41.7284
41.7284
41.7284
41.7284
41.7284
41.7284
41.7284
41.7284
41.7284
41.7284
41.7284
41.7284
41.7284
41.7284
41.7284
41.7284
41.7284
41.7284
41.7284
41.7284
41.7284
41.7284
41.7284
41.7284
41.7284
41.7284
41.7284
41.7284
41.7284
41.7284
41.7284
41.7284
41.7284
41.7284
41.7284
41.7284


873.321
795.945
741.992
720.425
720.425
706.25
698.667
692.734
673.656
665.986
663.23
665.315
659.351
648.364
637.54
636.321
629.809
622.336
612
608.791
582.947
574.644
556.347
556.313
519.253
519.253
489.76
489.76
473.804
473.015
448.615
442.582
424.079
382.474
382.474
361.606
361.606
355.591
309.833
309.833
301.974
260.351
247.134
222.036
194.241
193.851
183.802
183.494
166.877
154.262
140.957
138.1
127.314
108.357
105.989
95.887
92.4053
86.5192
77.8445
77.8445
77.8445
75.8083
72.7544
72.0011
71.5501
67.5666
64.3498
62.6978
60.736
59.4026
59.0075
56.0224
52.6755
52.5506
51.9908
50.4174
47.6114
46.5107
46.5107
46.1531
46.1531
46.0266
44.5375
43.6971
43.5761
43.5639
43.3276
43.3276
43.1118
42.913
42.9106
42.8084
42.6148
42.5649
42.2695
42.2271
41.9545
41.9545
41.9545
41.7133
41.5465
41.6293
41.5573
41.415
41.4098
41.3176
41.2113
41.1752
41.156
41.1153
41.1003
41.0284
40.9563
40.9563
40.9563
40.9501
40.9467
40.9244
40.9148
40.9143
40.9099
40.9062
40.8978
40.8978
40.882
40.882
40.8609
40.8589
40.8536
40.845
40.8447
40.8457
40.8452
40.8429
40.8384
40.8375
40.8368
40.8366
40.8349
40.8308
40.8295
40.828
40.828
40.828
40.8275
40.8275
40.8264
40.8264
40.8256
40.8254
40.8238
40.8235
40.8231
40.823
40.823
40.8225
40.8223
40.8223
40.8222
40.8221
40.8219
40.8218
40.8218
40.8215
40.8215
40.8215
40.8212
40.8212
40.8211
40.8211
40.821
40.821
40.821
40.8209
40.8209
40.8209
40.8209
40.8209
40.8209
40.8208
40.8208
40.8208
40.8208
40.8207
40.8207
40.8207
40.8207
40.8207
40.8207
40.8207
40.8207
40.8207
40.8207
40.8207
40.8207
40.8206
40.8206
40.8206
40.8206
40.8206
40.8206
40.8206
40.8206
40.8206
40.8206
40.8206
40.8206
40.8206
40.8206
40.8206
40.8206
40.8206
40.8206
40.8206
40.8206
40.8206
40.8206
40.8206
40.8206
40.8206
40.8206
40.8206
40.8206
40.8206
40.8206
40.8206
40.8206
40.8206
40.8206
40.8206
40.8206
40.8206
40.8206
40.8206
40.8206
40.8206
40.8206
40.8206
40.8206
40.8206
40.8206
40.8206
40.8206
40.8206
40.8206
40.8206
40.8206
40.8206
40.8206
40.8206
40.8206
40.8206
40.8206
40.8206
40.8206
40.8206
40.8206
40.8206
40.8206
40.8206
40.8206
40.8206
40.8206
40.8206
40.8206
40.8206
40.8206
40.8206
40.8206
40.8206
40.8206
40.8206
40.8206
40.8206
40.8206
40.8206
40.8206
40.8206
40.8206
40.8206
40.8206
40.8206
40.8206
40.8206
40.8206
40.8206
40.8206
40.8206
40.8206
40.8206
40.8206
40.8206
40.8206
40.8206
40.8206
40.8206
40.8206
40.8206
40.8206
40.8206
40.8206
40.8206
40.8206
40.8206
40.8206
40.8206
40.8206
40.8206
40.8206
40.8206
40.8206
40.8206
40.8206
40.8206
40.8206
40.8206
40.8206
40.8206
40.8206
40.8206
40.8206
40.8206
40.8206
40.8206
40.8206
40.8206
40.8206
40.8206
40.8206
40.8206
40.8206
40.8206
40.8206
40.8206
40.8206
40.8206
40.8206
40.8206
40.8206
40.8206
40.8206
40.8206
40.8206
40.8206
40.8206
40.8206
40.8206
40.8206
40.8206
40.8206
40.8206
40.8206
40.8206
40.8206
40.8206
40.8206
40.8206
40.8206
40.8206
40.8206
40.8206
40.8206
40.8206
40.8206
40.8206
40.8206
40.8206
40.8206
40.8206
40.8206
40.8206
40.8206
40.8206
40.8206
40.8206
40.8206
40.8206
40.8206
40.8206
40.8206
40.8206
40.8206
40.8206
40.8206
40.8206
40.8206
40.8206
40.8206
40.8206
40.8206
40.8206
40.8206
40.8206
40.8206
40.8206
40.8206
40.8206
40.8206
40.8206
40.8206
40.8206
40.8206
40.8206
40.8206
40.8206
40.8206
40.8206
40.8206
40.8206
40.8206
40.8206
40.8206
40.8206
40.8206
40.8206
40.8206
40.8206
40.8206
40.8206
40.8206
40.8206
40.8206
40.8206
40.8206
40.8206
40.8206
40.8206
40.8206
40.8206
40.8206
40.8206
40.8206
40.8206
40.8206
40.8206
40.8206
40.8206
40.8206
40.8206
40.8206
40.8206
40.8206
40.8206
40.8206
40.8206
40.8206
40.8206
40.8206
40.8206
40.8206
40.8206
40.8206
40.8206
40.8206
40.8206
40.8206
40.8206
40.8206
40.8206
40.8206
40.8206
40.8206
40.8206
40.8206
40.8206
40.8206
40.8206
40.8206
40.8206
40.8206
40.8206
40.8206
40.8206
40.8206
40.8206
40.8206
40.8206
40.8206
40.8206
40.8206
40.8206
40.8206
40.8206
40.8206
40.8206
40.8206
40.8206
40.8206
40.8206
40.8206
40.8206
40.8206
40.8206
40.8206
40.8206
40.8206
40.8206
40.8206
40.8206
40.8206


876.969
801.764
799.445
765.959
746.217
735.886
701.662
701.414
697.37
695.688
695.266
682.515
680.786
680.702
675.603
659.415
644.903
644.903
644.839
638.751
596.513
590.715
572.06
559.361
556.707
516.834
494.314
494.314
482.759
459.8
431.745
394.938
386.064
346.111
329.933
298.963
298.315
253.636
243.49
206.563
185.802
184.274
171.126
171.126
151.275
148.443
143.073
128.999
106.558
102.648
89.8527
77.7493
76.2733
75.2804
72.6562
71.1266
65.7542
59.9126
46.6747
46.6747
44.9057
40.4105
38.1358
36.4439
35.5988
32.9078
31.0394
30.5102
30.5102
29.8521
28.2895
27.2562
27.0624
25.7919
25.5864
24.1331
23.5562
23.5562
23.3205
22.64
22.1448
21.7246
21.5117
21.4109
21.4109
21.1284
21.0495
20.8159
20.8022
20.4952
20.4952
20.4368
20.3792
20.2877
20.2877
20.1654
20.1283
20.1283
20.0791
20.0312
19.9755
19.9276
19.9033
19.8947
19.8676
19.8659
19.8607
19.806
19.7706
19.7607
19.7281
19.7186
19.7186
19.7137
19.7045
19.6974
19.6853
19.6779
19.6743
19.6698
19.6685
19.6609
19.6588
19.6526
19.6459
19.6459
19.637
19.6361
19.6343
19.6342
19.6334
19.6332
19.6332
19.6326
19.6314
19.6307
19.629
19.629
19.629
19.6281
19.6277
19.6274
19.6273
19.627
19.6264
19.6259
19.6254
19.6254
19.6254
19.6254
19.6253
19.6253
19.625
19.625
19.6249
19.6248
19.6248
19.6246
19.6246
19.6246
19.6246
19.6245
19.6245
19.6245
19.6245
19.6244
19.6244
19.6244
19.6244
19.6244
19.6244
19.6244
19.6243
19.6243
19.6243
19.6243
19.6243
19.6243
19.6243
19.6243
19.6243
19.6243
19.6243
19.6243
19.6243
19.6243
19.6243
19.6243
19.6243
19.6243
19.6243
19.6243
19.6243
19.6243
19.6243
19.6243
19.6243
19.6243
19.6242
19.6242
19.6242
19.6242
19.6242
19.6242
19.6242
19.6242
19.6242
19.6242
19.6242
19.6242
19.6242
19.6242
19.6242
19.6242
19.6242
19.6242
19.6242
19.6242
19.6242
19.6242
19.6242
19.6242
19.6242
19.6242
19.6242
19.6242
19.6242
19.6242
19.6242
19.6242
19.6242
19.6242
19.6242
19.6242
19.6242
19.6242
19.6242
19.6242
19.6242
19.6242
19.6242
19.6242
19.6242
19.6242
19.6242
19.6242
19.6242
19.6242
19.6242
19.6242
19.6242
19.6242
19.6242
19.6242
19.6242
19.6242
19.6242
19.6242
19.6242
19.6242
19.6242
19.6242
19.6242
19.6242
19.6242
19.6242
19.6242
19.6242
19.6242
19.6242
19.6242
19.6242
19.6242
19.6242
19.6242
19.6242
19.6242
19.6242
19.6242
19.6242
19.6242
19.6242
19.6242
19.6242
19.6242
19.6242
19.6242
19.6242
19.6242
19.6242
19.6242
19.6242
19.6242
19.6242
19.6242
19.6242
19.6242
19.6242
19.6242
19.6242
19.6242
19.6242
19.6242
19.6242
19.6242
19.6242
19.6242
19.6242
19.6242
19.6242
19.6242
19.6242
19.6242
19.6242
19.6242
19.6242
19.6242
19.6242
19.6242
19.6242
19.6242
19.6242
19.6242
19.6242
19.6242
19.6242
19.6242
19.6242
19.6242
19.6242
19.6242
19.6242
19.6242
19.6242
19.6242
19.6242
19.6242
19.6242
19.6242
19.6242
19.6242
19.6803
19.6242
19.6242
19.6242
19.6242
19.6242
19.6242
19.6242
19.6242
19.6242
19.6242
19.6242
19.6242
19.6242
19.6242
19.6242
19.6242
19.6242
19.6242
19.6242
19.6285
19.6242
19.6242
19.6242
19.6242
19.6242
19.6242
19.6242
19.6242
19.6242
19.6242
19.6242
19.6242
19.6242
19.6242
19.6242
19.6242
19.6242
19.6242
19.6242
19.6242
19.6242
19.6242
19.6242
19.6242
19.6242
19.6242
19.6242
19.6242
19.6242
19.6242
19.6242
19.6242
19.6242
19.6242
19.6242
19.6242
19.6242
19.6242
19.6242
19.6242
19.6242
19.6242
19.6242
19.6242
19.6242
19.6242
19.6242
19.6242
19.6242
19.6242
19.6242
19.6242
19.6242
19.6242
19.6242
19.6242
19.6242
19.6242
19.6242
19.7263
19.6242
19.6242
19.6242
19.6242
19.6242
19.6242
19.6242
19.6242
19.6242
19.6242
19.6242
19.6242
19.6242
19.6242
19.6242
19.6242
19.6242
19.6242
19.6242
19.6242
19.6242
19.6242
19.6242
19.6242
19.6242
19.6242
19.6242
19.6242
19.6242
19.6242
19.6242
19.6242
19.6242
19.6242
19.6242
19.6242
19.6242
19.6242
19.6242
19.6242
19.6242
19.6242
19.6242
19.6242
19.6242
19.6242
19.6242
19.6242
19.6242
19.6242
19.6242
19.6242
19.6242
19.6242
19.6242
19.6242
19.6242
19.6242
19.6242
19.6242
19.6242
19.6242
19.6242
19.6242
19.6242
19.6242
19.6242
19.6242
19.6242
19.6242
19.6242
19.6242
19.6242
19.6242
19.6242
19.6242
19.6242
19.6242


850.114
803.319
762.048
758.523
726.431
709.982
688.616
670.547
660.032
657.923
656.512
642.339
634.365
633.27
629.142
618.226
602.055
601.295
589.101
589.101
588.725
583.317
564.323
564.323
560.997
553.661
549.453
467.008
467.008
466.552
466.552
454.153
435.066
410.228
408.218
407.503
404.613
404.613
404.346
393.288
381.517
381.517
381.517
380.701
371.353
369.925
359.971
358.01
355.02
354.741
354.313
349.764
348.861
348.313
347.256
345.866
345.866
345.866
343.664
343.664
343.664
343.252
341.61
341.497
341.184
340.816
340.072
339.537
339.169
338.235
337.486
337.421
337.024
336.957
336.856
336.785
336.4
336.312
336.283
336.262
336.071
336.103
335.871
335.871
335.871
335.569
335.488
335.469
335.448
335.446
335.396
335.396
335.308
335.302
335.302
335.281
335.28
335.261
335.252
335.247
335.228
335.221
335.215
332.572
331.547
331.547
331.544
331.539
327.891
327.891
323.772
311.737
311.202
311.202
295.512
292.659
292.659
291.194
290.017
289.777
287.064
292.022
286.819
274.932
274.424
272.982
272.982
272.955
272.955
266.063
259.574
259.126
258.744
258.215
257.802
257.802
256.892
256.892
255.327
239.425
239.425
239.172
239.083
229.098
207.511
190.388
157.838
157.838
156.559
156.494
156.468
153.675
153.675
153.675
150.108
150.084
147.291
147.268
147.268
145.459
126.576
130.229
118.764
118.6
110.535
108.178
104.484
99.5362
99.5192
96.9292
96.6515
91.4127
91.4119
87.9603
86.1895
84.9122
81.1988
81.1988
79.7809
79.7809
74.2666
75.1307
74.1547
72.5153
72.5153
70.8872
70.8872
68.5926
67.6586
66.0979
57.1147
57.1094
57.1094
57.108
57.108
57.108
55.0294
55.0287
54.7219
51.2851
51.2835
51.2825
51.2802
51.2802
51.2802
50.4315
50.189
49.9931
48.8091
47.0375
47.037
47.6102
47.1535
47.1535
47.1533
47.1532
46.8691
46.8688
46.3561
46.3561
45.7993
46.0529
45.8219
45.7406
45.7406
45.6553
45.5117
45.1787
45.1639
45.1636
44.986
44.5061
44.5061
44.4538
44.4537
44.4535
44.4534
44.3764
44.3764
44.3764
44.3284
44.3284
44.2705
44.249
44.2462
44.2444
44.2443
44.2179
44.1329
44.1139
44.0487
44.0487
44.0244
44.0101
43.9892
43.9892
43.9892
43.9839
43.973
43.973
43.973
43.966
43.966
43.9645
43.9589
43.9545
43.9511
43.9511
43.9386
43.9369
43.9369
43.9422
43.9336
43.9336
43.9264
43.9264
43.9153
43.9147
43.913
43.913
43.913
43.9104
43.9069
43.9069
43.9069
43.9026
43.9026
43.9016
43.8992
43.8977
43.8961
43.8958
43.8958
43.8946
43.8943
43.8921
43.8921
43.8921
43.8912
43.8912
43.8912
43.8911
43.8911
43.8903
43.8901
43.8898
43.8898
43.8898
43.8896
43.8896
43.8896
43.8891
43.8891
43.8891
43.8891
43.889
43.889
43.889
43.889
43.8889
43.8888
43.8887
43.8887
43.8887
43.8887
43.8886
43.8886
43.8886
43.8886
43.8886
43.8886
43.8886
43.8886
43.8885
43.8885
43.8885
43.8885
43.8885
43.8885
43.8885
43.8885
43.8885
43.8885
43.8885
43.8885
43.8885
43.8885
43.8885
43.8885
43.8885
43.8885
43.8885
43.8885
43.8885
43.8885
43.8885
43.8885
43.8885
43.8885
43.8885
43.8885
43.8885
43.8885
43.8885
43.8885
43.8885
43.8885
43.8885
43.8885
43.8885
43.8885
43.8885
43.8885
43.8885
43.8885
43.8885
43.8885
43.8885
43.8885
43.8885
43.8885
43.8885
43.8885
43.8885
43.8885
43.8885
43.8885
43.8885
43.8885
43.8885
43.8885
43.8885
43.8885
43.8885
43.8885
43.8885
43.8885
43.8885
43.8885
43.8885
43.8885
43.8885
43.8885
43.8885
43.8885
43.8885
43.8885
43.8885
43.8885
43.8885
43.8885
43.8885
43.8885
43.8885
43.8885
43.8885
43.8885
43.8885
43.8885
43.8885
43.8885
43.8885
43.8885
43.8885
43.8885
43.8885
43.8885
43.8885
43.8885
43.8885
43.8885
43.8885
43.8885
43.8885
43.8885
43.8885
43.8885
43.8885
43.8885
43.8885
43.8885
43.8885
43.8885
43.8885
43.8885
43.8885
43.8885
43.8885
43.8885
43.8885
43.8885
43.8885
43.8885
43.8885
43.8885
43.8885
43.8885
43.8885
43.8885
43.8885
43.8885
43.8885
43.8885
43.8885
43.8885
43.8885
43.8885
43.8885
43.8885
43.8885
43.8885
43.8885
43.8885
43.8885
43.8885
43.8885
43.8885
43.8885
43.8885
43.8885
43.8885
43.8885
43.8885
43.8885
43.8885
43.8885
43.8885
43.8885
43.8885
43.8885
43.8885
43.8885
43.8885
43.8885
43.8885
43.8885
43.8885
43.8885
43.8885
43.8885


815.49
773.104
747.431
737.695
733.075
717.95
708.973
707.768
700.447
696.972
694.56
693.602
687.857
677.632
675.332
673.689
673.689
672.911
672.436
669.397
657.82
656.35
652.046
640.757
629.656
629.656
625.99
625.06
606.418
599.231
589.268
590.7
590.7
570.04
560.215
552.037
543.135
525.01
525.01
496.758
477.957
447.917
431.529
422.614
417.754
407.655
375.623
372.532
364.847
359.794
319.786
321.568
288.412
288.412
288.412
261.109
250.121
226.363
209.615
183.162
183.162
187.382
139.388
134.032
132.025
120.592
105.001
105.001
87.6605
82.8696
81.8393
75.9844
72.8476
72.8476
71.1908
70.9156
64.0026
56.0201
56.0201
54.5521
52.8499
47.8649
47.8649
46.8948
44.7503
44.3829
42.9919
42.9919
41.7678
39.1563
36.2192
35.5558
33.9623
32.5861
32.4524
31.4079
31.4079
31.3665
31.229
31.0424
30.7192
30.3545
30.1413
29.6325
29.2021
29.2021
28.6139
28.6139
28.3882
28.2862
28.0477
27.8636
27.7511
27.7511
27.3418
27.3177
27.2285
27.215
26.8988
26.8849
26.7433
26.6665
26.6026
26.5634
26.4907
26.4667
26.4469
26.4342
26.4056
26.4012
26.3787
26.3404
26.2988
26.2234
26.2149
26.0701
26.0598
26.0598
26.0598
26.0595
26.0595
26.0589
26.0179
26.0125
26.0113
26.01
26.01
25.9946
25.9915
25.9774
25.9706
25.9695
25.9695
25.9695
25.9677
25.9555
25.9531
25.9491
25.9491
25.943
25.943
25.9408
25.9403
25.937
25.9367
25.9366
25.9366
25.9365
25.932
25.932
25.9314
25.9337
25.9336
25.9335
25.9283
25.9275
25.9272
25.9259
25.9259
25.9242
25.9242
25.9242
25.9241
25.924
25.9232
25.9228
25.9227
25.9223
25.9223
25.9214
25.9214
25.9211
25.9211
25.9209
25.9209
25.9208
25.9207
25.9201
25.92
25.92
25.92
25.9198
25.9198
25.9198
25.9197
25.9193
25.9193
25.9192
25.9191
25.919
25.919
25.9189
25.9189
25.9189
25.9189
25.9189
25.9188
25.9188
25.9188
25.9187
25.9187
25.9187
25.9187
25.9187
25.9187
25.9187
25.9187
25.9187
25.9187
25.9187
25.9187
25.9186
25.9186
25.9186
25.9186
25.9186
25.9186
25.9186
25.9186
25.9186
25.9186
25.9186
25.9186
25.9186
25.9186
25.9186
25.9186
25.9186
25.9186
25.9186
25.9186
25.9186
25.9186
25.9186
25.9186
25.9186
25.9186
25.9186
25.9186
25.9186
25.9186
25.9186
25.9186
25.9186
25.9186
25.9186
25.9186
25.9186
25.9186
25.9186
25.9186
25.9186
25.9186
25.9186
25.9186
25.9186
25.9186
25.9186
25.9186
25.9186
25.9186
25.9186
25.9186
25.9186
25.9186
25.9186
25.9186
25.9186
25.9186
25.9186
25.9186
25.9186
25.9186
25.9186
25.9186
25.9186
25.9186
25.9186
25.9186
25.9186
25.9186
25.9186
25.9186
25.9186
25.9186
25.9186
25.9186
25.9186
25.9186
25.9186
25.9186
25.9186
25.9186
25.9186
25.9186
25.9186
25.9186
25.9186
25.9186
25.9186
25.9186
25.9186
25.9186
25.9186
25.9186
25.9186
25.9186
25.9186
25.9186
25.9186
25.9186
25.9186
25.9186
25.9186
25.9186
25.9186
25.9186
25.9186
25.9186
25.9186
25.9186
25.9186
25.9186
25.9186
25.9186
25.9186
25.9186
25.9186
25.9186
25.9186
25.9186
25.9186
25.9186
25.9186
25.9186
25.9186
25.9186
25.9186
25.9186
25.9186
25.9186
25.9186
25.9186
25.9186
25.9186
25.9186
25.9186
25.9186
25.9186
25.9186
25.9186
25.9186
25.9186
25.9186
25.9186
25.9186
25.9186
25.9186
25.9186
25.9186
25.9186
25.9186
25.9186
25.9186
25.9186
25.9186
25.9186
25.9186
25.9186
25.9186
25.9186
25.9186
25.9186
25.9186
25.9186
25.9186
25.9186
25.9186
25.9186
25.9186
25.9186
25.9186
25.9186
25.9186
25.9186
25.9186
25.9186
25.9186
25.9186
25.9186
25.9186
25.9186
25.9186
25.9186
25.9186
25.9186
25.9186
25.9186
25.9186
25.9186
25.9186
25.9186
25.9186
25.9186
25.9186
25.9186
25.9186
25.9186
25.9186
25.9186
25.9186
25.9186
25.9186
25.9186
25.9186
25.9186
25.9186
25.9186
25.9186
25.9186
25.9186
25.9186
25.9186
25.9186
25.9186
25.9186
25.9186
25.9186
25.9186
25.9186
25.9186
25.9186
25.9186
25.9186
25.9186
25.9186
25.9186
25.9186
25.9186
25.9186
25.9186
25.9186
25.9186
25.9186
25.9186
25.9186
25.9186
25.9186
25.9186
25.9186
25.9186
25.9186
25.9186
25.9186
25.9186
25.9186
25.9186
25.9186
25.9186
25.9186
25.9186
25.9186
25.9186
25.9186
25.9186
25.9186
25.9186
25.9186
25.9186
25.9186
25.9186
25.9186
25.9186
25.9186
25.9186
25.9186
25.9186
25.9186
25.9186
25.9186


791.824
757.367
745.869
735.247
724.016
716.336
713.609
679.366
679.366
668.429
668.429
666.249
654.635
653.248
647.45
645.532
643.323
630.417
618.072
616.588
611.664
601.614
581.003
565.456
557.927
557.927
539.627
516.367
506.428
491.592
489.466
482.602
482.602
461.223
422.436
422.436
415.93
395.89
364.406
342.399
289.294
305.936
294.451
257.12
247.39
220.489
211.973
209.227
203.396
200.535
160.005
123.906
117.775
115.973
95.574
94.6885
91.5141
74.6818
66.6157
66.6157
66.6157
60.9462
55.8188
55.8188
52.004
52.004
46.8811
44.5772
43.0721
40.4593
37.3658
38.5228
36.7301
36.2073
36.2058
36.1341
36.1341
35.7401
34.3198
34.3198
34.1664
34.1018
32.5738
32.2572
31.5695
30.6618
30.6414
29.9337
29.8505
29.1698
28.7522
28.602
28.3427
28.0688
28.0414
27.9962
27.8661
27.5529
27.424
27.424
26.8943
26.8943
26.8759
26.8715
26.8159
26.6244
26.6244
26.5079
26.5034
26.4704
26.4237
26.367
26.367
26.3593
26.3454
26.3391
26.3391
26.2589
26.2565
26.2483
26.244
26.2067
26.1824
26.1514
26.0987
26.0987
26.0964
26.0558
26.0502
26.0308
26.0308
26.0161
26.015
26.0107
26.0107
26.0084
26.0038
25.9926
25.9915
25.9812
25.9751
25.9683
25.9677
25.9663
25.9655
25.9649
25.9643
25.9609
25.9523
25.9522
25.9519
25.9433
25.9433
25.9386
25.9372
25.9372
25.9368
25.9368
25.9332
25.9299
25.9291
25.9291
25.928
25.928
25.9254
25.9253
25.9248
25.9248
25.9243
25.9243
25.9243
25.9239
25.9239
25.9238
25.9236
25.9224
25.922
25.9212
25.9212
25.921
25.921
25.9207
25.9204
25.9204
25.9204
25.9202
25.92
25.92
25.92
25.9195
25.9193
25.9193
25.9191
25.9191
25.9191
25.9191
25.919
25.919
25.919
25.919
25.919
25.9189
25.9189
25.9188
25.9188
25.9187
25.9187
25.9187
25.9187
25.9187
25.9187
25.9187
25.9187
25.9187
25.9187
25.9187
25.9187
25.9186
25.9186
25.9186
25.9186
25.9186
25.9186
25.9186
25.9186
25.9186
25.9186
25.9186
25.9186
25.9186
25.9186
25.9186
25.9186
25.9186
25.9186
25.9186
25.9186
25.9186
25.9186
25.9186
25.9186
25.9186
25.9186
25.9186
25.9186
25.9186
25.9186
25.9186
25.9186
25.9186
25.9186
25.9186
25.9186
25.9186
25.9186
25.9186
25.9186
25.9186
25.9186
25.9186
25.9186
25.9186
25.9186
25.9186
25.9186
25.9186
25.9186
25.9186
25.9186
25.9186
25.9186
25.9186
25.9186
25.9186
25.9186
25.9186
25.9186
25.9186
25.9186
25.9186
25.9186
25.9186
25.9186
25.9186
25.9186
25.9186
25.9186
25.9186
25.9186
25.9186
25.9186
25.9186
25.9186
25.9186
25.9186
25.9186
25.9186
25.9186
25.9186
25.9186
25.9186
25.9186
25.9186
25.9186
25.9186
25.9186
25.9186
25.9186
25.9186
25.9186
25.9186
25.9186
25.9186
25.9186
25.9186
25.9186
25.9186
25.9186
25.9186
25.9186
25.9186
25.9186
25.9186
25.9186
25.9186
25.9186
25.9186
25.9186
25.9186
25.9186
25.9186
25.9186
25.9186
25.9186
25.9186
25.9186
25.9186
25.9186
25.9186
25.9186
25.9186
25.9186
25.9186
25.9186
25.9186
25.9186
25.9186
25.9186
25.9186
25.9186
25.9186
25.9186
25.9186
25.9186
25.9186
25.9186
25.9186
25.9186
25.9186
25.9186
25.9186
25.9186
25.9186
25.9186
25.9186
25.9186
25.9186
25.9186
25.9186
25.9186
25.9186
25.9186
25.9186
25.9186
25.9186
25.9186
25.9186
25.9186
25.9186
25.9186
25.9186
25.9186
25.9186
25.9186
25.9186
25.9186
25.9186
25.9186
25.9186
25.9186
25.9186
25.9186
25.9186
25.9186
25.9186
25.9186
25.9186
25.9186
25.9186
25.9186
25.9186
25.9186
25.9186
25.9186
25.9186
25.9186
25.9186
25.9186
25.9186
25.9186
25.9186
25.9186
25.9186
25.9186
25.9186
25.9186
25.9186
25.9186
25.9186
25.9186
25.9186
25.9186
25.9186
25.9186
25.9186
25.9186
25.9186
25.9186
25.9186
25.9186
25.9186
25.9186
25.9186
25.9186
25.9186
25.9186
25.9186
25.9186
25.9186
25.9186
25.9186
25.9186
25.9186
25.9186
25.9186
25.9186
25.9186
25.9186
25.9186
25.9186
25.9186
25.9186
25.9186
25.9186
25.9186
25.9186
25.9186
25.9186
25.9186
25.9186
25.9186
25.9186
25.9186
25.9186
25.9186
25.9186
25.9186
25.9186
25.9186
25.9186
25.9186
25.9186
25.9186
25.9186
25.9186
25.9186
25.9186
25.9186
25.9186
25.9186
25.9186
25.9186
25.9186
25.9186
25.9186
25.9186
25.9186
25.9186
25.9186
25.9186
25.9186
25.9186
25.9186
25.9186
25.9186
25.9186
25.9186
25.9186
25.9186
25.9186


876.98
744.822
737.256
729.502
712.82
703.313
667.1
650.327
648.484
641.067
638.781
640.352
631.217
629.826
629.644
625.071
623.714
616.941
597.882
597.114
594.003
591.79
583.923
583.923
577.603
566.313
540.065
539.351
539.351
539.347
512.164
511.616
498.056
498.056
489.518
463.09
430.641
430.593
429.71
429.62
429.62
429.647
405.749
405.594
405.268
392.631
391.388
383.717
361.57
361.541
354.66
354.556
342.039
342.039
342.02
341.922
339.805
338.853
330.295
326.405
326.073
325.554
325.541
325.424
324.338
323.578
322.84
322.476
322.467
322.173
321.793
322.038
320.929
320.474
320.474
320.459
320.366
319.427
319.427
319.378
319.1
318.969
318.773
313.571
306.098
306.098
306.098
305.942
305.815
305.684
303.448
302.76
297.734
297.734
297.62
297.427
297.427
289.746
281.291
279.694
271.436
261.752
261.752
260.668
260.668
257.866
251.87
251.831
251.717
251.716
251.688
249.857
247.998
247.998
247.253
226.436
220.216
220.21
220.201
218.015
218.015
222.74
181.908
175.088
175.085
172.474
172.473
172.473
168.183
142.876
142.876
142.875
142.873
121.049
121.049
118.796
118.796
116.915
116.913
116.913
116.912
148.376
102.167
102.167
102.166
102.166
102.166
102.166
91.212
91.2119
88.5873
80.7577
80.7577
80.7577
80.7575
69.7954
69.7954
69.7954
69.7953
55.6065
55.6064
52.6554
42.6312
40.7811
40.7811
40.781
40.7112
40.7112
40.7111
40.0966
37.0284
39.4724
39.4724
35.5063
34.3191
34.3191
32.2125
32.2125
32.2124
32.2124
31.9012
31.9012
30.8633
30.8633
30.8633
30.6001
30.6001
29.8965
29.8965
29.8965
29.8965
29.6763
29.2075
28.1719
27.2355
27.2355
26.6077
26.6077
26.1445
26.1106
25.8113
25.7297
24.6194
24.6194
24.2057
24.2057
24.2057
24.2057
23.8953
23.8953
23.5479
23.4435
23.4435
23.4435
23.4078
23.2464
23.0934
23.0713
23.0713
23.0713
23.0482
23.0376
23.014
23.0139
23.0139
22.9364
22.7304
22.6541
22.6541
22.6541
22.6541
22.5667
22.5623
22.5039
22.487
22.487
22.3891
22.3891
22.3593
22.3593
22.3593
22.362
22.362
22.362
22.362
22.3564
22.3353
22.2923
22.2923
22.2923
22.2867
22.2994
22.2827
22.2827
22.2827
22.2723
22.2656
22.2656
22.2564
22.2557
22.243
22.243
22.2346
22.2346
22.2307
22.2307
22.2206
22.2204
22.2152
22.2152
22.2152
22.2137
22.2137
22.2136
22.213
22.2123
22.2122
22.21
22.2092
22.2069
22.2043
22.2043
22.2043
22.2035
22.2035
22.2033
22.2024
22.2023
22.2016
22.2014
22.2014
22.2014
22.2011
22.2011
22.2007
22.2007
22.2
22.2
22.1998
22.1997
22.1997
22.1996
22.1996
22.1995
22.1993
22.1993
22.1992
22.1992
22.1989
22.1989
22.1989
22.1989
22.1989
22.1988
22.1987
22.1987
22.1987
22.1986
22.1986
22.1986
22.1986
22.1986
22.1986
22.1986
22.1985
22.1985
22.1985
22.1985
22.1985
22.1985
22.1985
22.1985
22.1985
22.1985
22.1985
22.1985
22.1985
22.1985
22.1985
22.1985
22.1985
22.1985
22.1985
22.1985
22.1985
22.1985
22.1985
22.1985
22.1985
22.1985
22.1985
22.1985
22.1985
22.1985
22.1984
22.1984
22.1984
22.1984
22.1984
22.1984
22.1984
22.2196
22.1984
22.1984
22.1984
22.1984
22.1984
22.1984
22.1984
22.1984
22.1984
22.1984
22.1984
22.1984
22.1984
22.1984
22.1984
22.1984
22.1984
22.1984
22.1984
22.1984
22.1984
22.1984
22.1984
22.1984
22.1984
22.1984
22.1984
22.1984
22.1984
22.1984
22.1984
22.1984
22.1984
22.1984
22.1984
22.1984
22.1984
22.1984
22.1984
22.1984
22.1984
22.1984
22.1984
22.1984
22.1984
22.1984
22.1984
22.1984
22.1984
22.1984
22.1984
22.1984
22.1984
22.1984
22.1984
22.1984
22.1984
22.1984
22.1984
22.1984
22.1984
22.1984
22.1984
22.1984
22.1984
22.1984
22.1984
22.1984
22.1984
22.1984
22.1984
22.1984
22.1984
22.1984
22.1984
22.1984
22.1984
22.1984
22.1984
22.1984
22.1984
22.1984
22.1984
22.1984
22.1984
22.1984
22.1984
22.1984
22.1984
22.1984
22.1984
22.1984
22.1984
22.1984
22.1984
22.1984
22.1984
22.1984
22.1984
22.1984
22.1984
22.1984
22.1984
22.1984
22.1984
22.1984
22.1984
22.1984
22.1984
22.1984
22.1984
22.1984
22.1984
22.1984
22.1984
22.1984
22.1984
22.1984
22.1984
22.1984
22.1984
22.1984
22.1984
22.1984
22.1984
22.1984
22.1984
22.1984
22.1984
22.1984
22.1984
22.1984
22.1984
22.1984
22.1984
22.1984
22.1984
22.1984


