0.0521316
0.0614693
0.064763
0.0651508
0.0658993
0.0689065
0.070915
0.0709672
0.0712802
0.0726587
0.0742714
0.0774871
0.0785565
0.0851868
0.0860068
0.0863454
0.0863578
0.0875222
0.0875222
0.088702
0.0889231
0.095831
0.0971028
0.0971157
0.0993491
0.0995796
0.103026
0.106325
0.136786
0.136786
0.137582
0.13939
0.13939
0.154905
0.164065
0.173778
0.180816
0.211018
0.225302
0.239296
0.255335
0.25963
0.296039
0.300149
0.300149
0.305462
0.345595
0.386029
0.402059
0.454668
0.492621
0.50781
0.516458
0.525681
0.531896
0.551955
0.575265
0.597396
0.664768
0.664768
0.679608
0.67508
0.707586
0.715579
0.729938
0.764764
0.777148
0.825902
0.872644
0.872644
0.878172
0.888672
0.893091
0.900963
0.915541
0.918725
0.928902
0.932477
0.937561
0.938498
0.941894
0.944804
0.946058
0.95795
0.960488
0.96485
0.965223
0.96703
0.970049
0.976775
0.982198
0.982198
0.983416
0.985443
0.98547
0.989044
0.989044
0.989184
0.98966
0.990531
0.991015
0.992094
0.993762
0.993841
0.994249
0.994627
0.995251
0.996637
0.996637
0.997728
0.997733
0.997852
0.997891
0.998225
0.998225
0.99839
0.998658
0.998669
0.998762
0.998777
0.999151
0.999312
0.999321
0.999421
0.999421
0.999442
0.999484
0.999491
0.999618
0.999642
0.999702
0.999721
0.999733
0.999763
0.999763
0.999765
0.999805
0.99981
0.999817
0.999823
0.999874
0.999894
0.999894
0.999894
0.999919
0.999919
0.999924
0.999929
0.999942
0.999942
0.999958
0.999961
0.999967
0.999969
0.999976
0.999978
0.999979
0.99998
0.999985
0.999989
0.999989
0.999989
0.99999
0.999995
0.999995
0.999995
0.999995
0.999995
0.999996
0.999996
0.999996
0.999996
0.999997
0.999997
0.999998
0.999998
0.999998
0.999998
0.999998
0.999999
0.999999
0.999999
0.999999
0.999999
0.999999
0.999999
0.999999
0.999999
0.999999
0.999999
0.999999
1
1
1
1
1
1
1
1
1
1
1
1
1
1
1
1
1
1
1
1
1
1
1
1
1
1
1
1
1
1
1
1
1
1
1
1
1
1
1
1
1
1
1
1
1
1
1
1
1
1
1
1
1
1
1
1
1
1
1
1
1
1
1
1
1
1
1
1
1
1
1
1
1
1
1
1
1
1
1
1
1
1
1
1
1
1
1
1
1
1
1
1
1
1
1
1
1
1
1
1
1
1
1
1
1
1
1
1
1
1
1
1
1
1
1
1
1
1
1
1
1
1
1
1
1
1
1
1
1
1
1
1
1
1
1
1
1
1
1
1
1
1
1
1
1
1
1
1
1
1
1
1
1
1
1
1
1
1
1
1
1
1
1
1
1
1
1
1
1
1
1
1
1
1
1
1
1
1
1
1
1
1
1
1
1
1
1
1
1
1
0.999939
1
1
1
1
1
1
1
1
1
1
1
1
1
1
1
1
1
1
1
1
1
1
1
1
1
1
1
1
1
1
1
1
1
1
1
1
1
1
1
1
1
1
1
1
1
1
1
1
1
1
1
1
1
1
1
1
1
1
1
1
1
1
1
1
1
1
1
1
1
1
1
1
1
1
1
1
1
1
1
1
1
1
1
1
1
1
1
1
1
1
1
1
1
1
1
1
1
1
1
1
1
1
1
1
1
1
1
1
1
1
1
1
1
1
1
1
1
1


0.0505513
0.0528438
0.056453
0.0576908
0.0591456
0.0591456
0.0594832
0.0605474
0.0616187
0.0632216
0.0675912
0.068265
0.0708018
0.0708018
0.0709882
0.0709882
0.0715093
0.0730052
0.0738129
0.0781949
0.0781949
0.080084
0.0820363
0.0852744
0.0875376
0.0911814
0.0922205
0.0980848
0.0997476
0.101748
0.104133
0.104591
0.11124
0.113445
0.113476
0.115023
0.119257
0.124696
0.130068
0.146777
0.176822
0.177096
0.205305
0.220227
0.243535
0.281304
0.30007
0.303634
0.330837
0.33613
0.3439
0.372588
0.403383
0.432883
0.440362
0.45283
0.461623
0.477215
0.484704
0.488998
0.502798
0.515163
0.522731
0.541716
0.543618
0.572621
0.576252
0.576252
0.576252
0.591851
0.59649
0.601907
0.610672
0.611876
0.61976
0.620494
0.620979
0.62838
0.629102
0.629102
0.632796
0.636684
0.636947
0.642848
0.643289
0.647878
0.649688
0.650874
0.652294
0.652294
0.652762
0.655042
0.655042
0.655296
0.655656
0.656702
0.656868
0.656988
0.657892
0.658199
0.658717
0.658743
0.659014
0.659044
0.659539
0.659608
0.659919
0.659943
0.660028
0.660118
0.660389
0.660529
0.660603
0.660631
0.660631
0.660734
0.660801
0.660804
0.660892
0.660909
0.660945
0.694816
0.694816
0.705416
0.70543
0.70543
0.705446
0.709461
0.709461
0.709475
0.716665
0.726859
0.727785
0.727785
0.745523
0.74676
0.746765
0.749084
0.751321
0.751321
0.753707
0.751188
0.752933
0.755439
0.75544
0.757329
0.757329
0.757329
0.759999
0.775825
0.775825
0.775827
0.779916
0.779916
0.789893
0.789893
0.789893
0.791485
0.792547
0.792717
0.792828
0.793299
0.7933
0.794095
0.79602
0.796624
0.796624
0.796914
0.798358
0.802653
0.802653
0.803914
0.804158
0.804805
0.805413
0.806836
0.806981
0.80736
0.80736
0.80736
0.807404
0.807149
0.807695
0.807695
0.80786
0.80786
0.80786
0.807924
0.807924
0.80793
0.80793
0.807911
0.808143
0.808143
0.808143
0.808143
0.808143
0.808173
0.808173
0.808207
0.808207
0.808212
0.808216
0.808216
0.808288
0.808288
0.808302
0.808302
0.808304
0.808344
0.808344
0.808344
0.808349
0.808398
0.808437
0.808536
0.808536
0.808577
0.808622
0.808622
0.808646
0.808664
0.808664
0.808664
0.808664
0.808664
0.808691
0.808691
0.808716
0.808716
0.808716
0.80873
0.808734
0.808734
0.808736
0.808747
0.808747
0.808747
0.808748
0.808748
0.808748
0.808751
0.808759
0.808771
0.808771
0.808771
0.808771
0.808771
0.808771
0.808772
0.808772
0.808777
0.808777
0.808778
0.808781
0.808781
0.808782
0.808782
0.808783
0.808785
0.808785
0.808785
0.808786
0.808786
0.808787
0.808788
0.808788
0.808788
0.808789
0.808789
0.808789
0.80879
0.808791
0.808791
0.808791
0.808791
0.808791
0.808791
0.808791
0.808791
0.808791
0.808791
0.808791
0.808792
0.808792
0.808792
0.808792
0.808792
0.808792
0.808792
0.808792
0.808792
0.808792
0.808792
0.808792
0.808792
0.808792
0.808792
0.808792
0.808792
0.808792
0.808792
0.808792
0.808792
0.808792
0.808793
0.808793
0.808793
0.808793
0.808793
0.808793
0.808793
0.808793
0.808793
0.808793
0.808793
0.808793
0.808793
0.808793
0.808793
0.808793
0.808793
0.808793
0.808793
0.808793
0.808793
0.808793
0.808793
0.808793
0.808793
0.808793
0.808793
0.808793
0.808793
0.808793
0.808793
0.808793
0.808793
0.808793
0.808793
0.808793
0.808793
0.808793
0.808793
0.808793
0.808793
0.808793
0.808793
0.808793
0.808793
0.808793
0.808793
0.808793
0.808793
0.808793
0.808793
0.808793
0.808793
0.808793
0.808793
0.808793
0.808793
0.808793
0.808793
0.808793
0.808793
0.808793
0.808793
0.808793
0.808793
0.808793
0.808793
0.808793
0.808793
0.808793
0.808793
0.808793
0.808793
0.808793
0.808793
0.808793
0.808789
0.808793
0.808793
0.808793
0.808793
0.808793
0.808793
0.808793
0.808793
0.808793
0.808793
0.808793
0.808793
0.808793
0.808793
0.808793
0.808793
0.808793
0.808793
0.808793
0.808793
0.808793
0.808793
0.808793
0.808793
0.808793
0.808793
0.808793
0.808793
0.808793
0.808793
0.808793
0.808793
0.808793
0.808793
0.808793
0.808793
0.808793
0.808793
0.808793
0.808793
0.808793
0.808793
0.808793
0.808793
0.808793
0.808793
0.808793
0.808793
0.808793
0.808793
0.808793
0.808793
0.808793
0.808793
0.808793
0.808793
0.808793
0.808793
0.808793
0.808793
0.808793
0.808793
0.808793
0.808793
0.808793
0.808793
0.808793
0.808793
0.808793
0.808793
0.808793
0.808793
0.808793
0.808793
0.808793
0.808793
0.808793
0.808793
0.808793
0.808793
0.808793
0.808793
0.808793
0.808793
0.808793
0.808793
0.808793
0.808793
0.808793
0.808793
0.808793
0.808793
0.808793
0.808793
0.808793
0.808793
0.808793
0.808793
0.808793
0.808793
0.808793
0.808793
0.808793
0.808793
0.808793
0.808793
0.808793
0.808793
0.808793
0.808793
0.808793
0.808793
0.808793
0.808793
0.808793
0.808793
0.808793
0.808793


0.0452074
0.0484497
0.0498203
0.050541
0.0514616
0.0515586
0.052449
0.0546224
0.0546224
0.0563677
0.0569017
0.0583688
0.0596891
0.0606261
0.0613144
0.0640457
0.0662188
0.0662188
0.067434
0.068677
0.0687772
0.07078
0.0810431
0.0866597
0.0866597
0.0950778
0.0981259
0.102657
0.111134
0.111315
0.111315
0.121914
0.130451
0.137517
0.142771
0.15335
0.16476
0.173886
0.231015
0.231015
0.239303
0.261652
0.269501
0.307976
0.333218
0.345405
0.350112
0.354718
0.368619
0.375425
0.409602
0.414861
0.437631
0.478743
0.478743
0.487524
0.50406
0.51097
0.51484
0.51484
0.546024
0.54576
0.547086
0.559321
0.559321
0.568751
0.574229
0.574469
0.580328
0.585447
0.591161
0.589898
0.590639
0.593314
0.593314
0.594969
0.599284
0.600154
0.602888
0.605805
0.607183
0.610308
0.61084
0.611038
0.611877
0.612725
0.612839
0.613592
0.61434
0.61434
0.614597
0.615112
0.61554
0.615766
0.61583
0.615866
0.616215
0.616664
0.616791
0.616818
0.61691
0.617054
0.617102
0.617358
0.617447
0.617447
0.617574
0.617621
0.617637
0.617659
0.617732
0.617729
0.617805
0.61784
0.617855
0.62065
0.630248
0.63025
0.641036
0.655317
0.655342
0.663096
0.663096
0.664999
0.664999
0.665273
0.665273
0.666182
0.666182
0.668019
0.66802
0.668485
0.668565
0.668647
0.669524
0.669526
0.670086
0.670252
0.671439
0.671978
0.671978
0.673262
0.673936
0.673937
0.67417
0.674728
0.674828
0.675103
0.675103
0.675104
0.675182
0.675477
0.675478
0.675518
0.675569
0.675569
0.675569
0.676059
0.676059
0.676132
0.676434
0.676362
0.676425
0.676425
0.676425
0.676425
0.676522
0.676713
0.676788
0.676788
0.67682
0.676851
0.676852
0.676852
0.676869
0.676883
0.676915
0.676915
0.676945
0.676945
0.676945
0.677004
0.677004
0.677018
0.677055
0.677055
0.677074
0.67709
0.677096
0.677112
0.677112
0.677127
0.677127
0.677132
0.677145
0.677145
0.677182
0.677182
0.677182
0.677182
0.677203
0.677203
0.677203
0.677203
0.67721
0.677211
0.677217
0.677219
0.677221
0.677231
0.677231
0.67723
0.677233
0.677239
0.677239
0.677239
0.677239
0.677239
0.67724
0.67724
0.677242
0.677242
0.677243
0.677245
0.677245
0.677246
0.677246
0.677246
0.677247
0.677247
0.677247
0.677247
0.677248
0.677248
0.677248
0.677248
0.677248
0.67725
0.67725
0.67725
0.67725
0.67725
0.677251
0.677251
0.677251
0.677251
0.677251
0.677251
0.677251
0.677251
0.677251
0.677252
0.677252
0.677252
0.677252
0.677252
0.677252
0.677252
0.677252
0.677252
0.677252
0.677252
0.677252
0.677252
0.677252
0.677252
0.677252
0.677252
0.677252
0.677252
0.677252
0.677252
0.677252
0.677252
0.677252
0.677252
0.677252
0.677252
0.677252
0.677252
0.677252
0.677252
0.677252
0.677252
0.677252
0.677252
0.677252
0.677252
0.677252
0.677252
0.677252
0.677252
0.677252
0.677252
0.677252
0.677252
0.677252
0.677252
0.677252
0.677252
0.677252
0.677252
0.677252
0.677252
0.677252
0.677252
0.677252
0.677252
0.677252
0.677252
0.677252
0.677252
0.677252
0.677252
0.677252
0.677252
0.677252
0.677252
0.677252
0.677252
0.677252
0.677252
0.677252
0.677252
0.677252
0.677252
0.677252
0.677252
0.677252
0.677252
0.677252
0.677252
0.677252
0.677252
0.677252
0.677252
0.677252
0.677252
0.677252
0.677252
0.677252
0.677252
0.677252
0.677252
0.677252
0.677252
0.677252
0.677252
0.677252
0.677252
0.677252
0.677252
0.677252
0.677252
0.677252
0.677252
0.677252
0.677252
0.677252
0.677252
0.677252
0.677252
0.677252
0.677252
0.677252
0.677252
0.677252
0.677252
0.677252
0.677252
0.677252
0.677252
0.677252
0.677252
0.677252
0.677252
0.677252
0.677252
0.677252
0.677252
0.677252
0.677252
0.677252
0.677252
0.677252
0.677252
0.677252
0.677252
0.677252
0.677252
0.677252
0.677252
0.677252
0.677252
0.677252
0.677252
0.677252
0.677252
0.677252
0.677252
0.677252
0.677252
0.677252
0.677252
0.677252
0.677252
0.677252
0.677252
0.677252
0.677252
0.677252
0.677252
0.677252
0.677252
0.677252
0.677252
0.677252
0.677252
0.677252
0.677252
0.677252
0.677252
0.677252
0.677252
0.677252
0.677252
0.677252
0.677252
0.677252
0.677252
0.677252
0.677252
0.677252
0.677252
0.677252
0.677252
0.677252
0.677252
0.677252
0.677252
0.677252
0.677252
0.677252
0.677252
0.677252
0.677252
0.677252
0.677252
0.677252
0.677252
0.677252
0.677252
0.677252
0.677252
0.677252
0.677252
0.677252
0.677252
0.677252
0.677252
0.677252
0.677252
0.677252
0.677252
0.677252
0.677252
0.677252
0.677252
0.677252
0.677252
0.677252
0.677252
0.677252
0.677252
0.677252
0.677252
0.677252
0.677252
0.677252
0.677252
0.677252
0.677252
0.677252
0.677252
0.677252
0.677252
0.677252
0.677252
0.677252
0.677252
0.677252
0.677252
0.677252
0.677252
0.677252
0.677252
0.677252
0.677252
0.677252
0.677252


0.0270396
0.0296898
0.0296898
0.0315564
0.0321417
0.032497
0.0328494
0.0332962
0.0345768
0.0345768
0.0346566
0.0352637
0.0372382
0.0372382
0.0373796
0.0373796
0.0374556
0.0389718
0.0389718
0.0389885
0.0394691
0.0423048
0.0433442
0.0433442
0.0437695
0.0442582
0.0451447
0.045791
0.0472399
0.0486668
0.0520898
0.0492511
0.0564893
0.0566765
0.0625713
0.0625713
0.0727776
0.107321
0.116639
0.118276
0.119292
0.126793
0.127968
0.127968
0.136308
0.137025
0.140764
0.143684
0.153742
0.174106
0.192109
0.193703
0.197719
0.200417
0.217581
0.218027
0.218027
0.232842
0.241001
0.242578
0.248076
0.248076
0.248076
0.269778
0.272415
0.279033
0.280464
0.285814
0.289309
0.305626
0.306614
0.309654
0.337895
0.350277
0.35028
0.351102
0.355371
0.370447
0.372217
0.374267
0.374938
0.36833
0.376637
0.390511
0.395015
0.395058
0.405675
0.405733
0.405831
0.4153
0.430232
0.44184
0.455265
0.455306
0.462354
0.470989
0.471059
0.471059
0.47113
0.47121
0.477324
0.492742
0.504652
0.504749
0.511133
0.517865
0.517865
0.520062
0.521277
0.526332
0.531374
0.531394
0.534278
0.534278
0.534326
0.538976
0.541888
0.542648
0.545226
0.545581
0.545587
0.545942
0.545957
0.548712
0.550766
0.550773
0.551011
0.551378
0.551381
0.552093
0.552097
0.552632
0.553471
0.553474
0.553526
0.553674
0.553738
0.554967
0.554967
0.555047
0.555047
0.555475
0.555476
0.555477
0.555555
0.555559
0.55556
0.555569
0.555809
0.555816
0.555917
0.556016
0.556058
0.556071
0.556072
0.556115
0.556115
0.556115
0.556115
0.556123
0.55613
0.556154
0.556154
0.556236
0.556243
0.556243
0.556245
0.556245
0.556245
0.556246
0.556248
0.556249
0.556262
0.556265
0.556265
0.556277
0.556287
0.556287
0.556291
0.556294
0.556308
0.556308
0.556308
0.556318
0.556318
0.556319
0.556319
0.55632
0.556325
0.55633
0.55633
0.55633
0.55633
0.556333
0.556333
0.556334
0.556334
0.556335
0.556335
0.556335
0.556336
0.556337
0.556338
0.556338
0.556338
0.556338
0.556338
0.556338
0.556339
0.556339
0.556339
0.556339
0.556339
0.556339
0.55634
0.55634
0.55634
0.556341
0.556342
0.556342
0.556342
0.556342
0.556342
0.556342
0.556343
0.556343
0.556343
0.556343
0.556343
0.556343
0.556343
0.556343
0.556343
0.556343
0.556343
0.556343
0.556343
0.556343
0.556343
0.556343
0.556343
0.556343
0.556343
0.556343
0.556343
0.556343
0.556343
0.556343
0.556343
0.556343
0.556343
0.556343
0.556343
0.556343
0.556343
0.556343
0.556343
0.556343
0.556343
0.556343
0.556343
0.556343
0.556343
0.556343
0.556343
0.556343
0.556343
0.556343
0.556343
0.556343
0.556343
0.556343
0.556343
0.556343
0.556343
0.556343
0.556343
0.556343
0.556343
0.556343
0.556343
0.556343
0.556343
0.556343
0.556343
0.556343
0.556343
0.556343
0.556343
0.556343
0.556343
0.556343
0.556343
0.556343
0.556343
0.556343
0.556343
0.556343
0.556343
0.556343
0.556343
0.556343
0.556343
0.556343
0.556343
0.556343
0.556343
0.556343
0.556343
0.556343
0.556343
0.556343
0.556343
0.556343
0.556343
0.556343
0.556343
0.556343
0.556343
0.556343
0.556343
0.556343
0.556343
0.556343
0.556343
0.556343
0.556343
0.556343
0.556343
0.556343
0.556343
0.556343
0.556343
0.556343
0.556343
0.556343
0.556343
0.556343
0.556343
0.556343
0.556343
0.556343
0.556343
0.556343
0.556343
0.556343
0.556343
0.556343
0.556343
0.556343
0.556343
0.556343
0.556343
0.556343
0.556343
0.556343
0.556343
0.556343
0.556343
0.556343
0.556343
0.556295
0.556343
0.556343
0.556343
0.556343
0.556343
0.556343
0.556343
0.556343
0.556343
0.556343
0.556343
0.556343
0.556343
0.556343
0.556343
0.556343
0.556343
0.556343
0.556343
0.556343
0.556343
0.556343
0.556343
0.556343
0.556343
0.556343
0.556343
0.556343
0.556343
0.556343
0.556343
0.556343
0.556343
0.556343
0.556343
0.556343
0.556343
0.556343
0.556343
0.556343
0.556343
0.556343
0.556343
0.556343
0.556343
0.556343
0.556343
0.556343
0.556343
0.556343
0.556343
0.556343
0.556343
0.556343
0.556343
0.556343
0.556343
0.556343
0.556343
0.556343
0.556343
0.556343
0.556343
0.556343
0.556343
0.556343
0.556343
0.556343
0.556343
0.556343
0.556343
0.556343
0.556343
0.556343
0.556343
0.556343
0.556343
0.556343
0.556343
0.556343
0.556343
0.556343
0.556343
0.556343
0.556343
0.556343
0.556343
0.556343
0.556343
0.556343
0.556343
0.556343
0.556343
0.556343
0.556343
0.556343
0.556343
0.556343
0.556343
0.556343
0.556343
0.556343
0.556343
0.556343
0.556343
0.556343
0.556343
0.556343
0.556343
0.556343
0.556343
0.556343
0.556343
0.556343
0.556343
0.556343
0.556343
0.556343
0.556343
0.556343
0.556343
0.556343
0.556343
0.556343
0.556343
0.556343
0.556343
0.556343
0.556343
0.556343
0.556343
0.556343
0.556343
0.556343
0.556343
0.556343
0.556343
0.556343


0.0295892
0.0354861
0.0358253
0.0365427
0.0371089
0.037542
0.0381775
0.0386177
0.0386177
0.0401556
0.0403797
0.0409559
0.0409559
0.041347
0.0414779
0.041479
0.0435145
0.0436944
0.0438943
0.0438968
0.0447475
0.0473289
0.0490072
0.0490072
0.0530167
0.0543884
0.0639255
0.0649394
0.0697151
0.0700717
0.0730147
0.0760148
0.0873413
0.0927514
0.0970593
0.0970809
0.109847
0.110656
0.123921
0.123921
0.132208
0.135942
0.139465
0.159841
0.168457
0.172658
0.180341
0.191911
0.213642
0.233621
0.242217
0.249697
0.282513
0.285531
0.289835
0.291569
0.305756
0.316975
0.316975
0.321917
0.322877
0.341
0.356118
0.356118
0.371217
0.371596
0.372873
0.380104
0.380633
0.384034
0.394865
0.392336
0.394434
0.395125
0.401494
0.40165
0.403084
0.403939
0.40407
0.406639
0.406874
0.407925
0.407925
0.410997
0.422706
0.424348
0.426932
0.430196
0.430606
0.435723
0.43659
0.437103
0.439088
0.44064
0.440899
0.440899
0.443757
0.443877
0.445033
0.446294
0.446317
0.446557
0.446625
0.447483
0.449548
0.449734
0.449874
0.449874
0.449912
0.450103
0.450116
0.450133
0.450219
0.451515
0.451552
0.451576
0.451947
0.451965
0.451965
0.451986
0.451986
0.452479
0.452799
0.452961
0.452976
0.453012
0.453192
0.453192
0.453194
0.453375
0.453375
0.45338
0.453559
0.453563
0.453675
0.453675
0.453724
0.453731
0.453736
0.453761
0.453798
0.453778
0.453789
0.453807
0.453807
0.453913
0.453913
0.453937
0.453964
0.453965
0.453966
0.453972
0.453973
0.453979
0.453996
0.453996
0.454
0.454007
0.454007
0.454008
0.454015
0.454013
0.45402
0.454024
0.454025
0.454025
0.454026
0.454026
0.454028
0.454029
0.454029
0.454031
0.454033
0.454033
0.454033
0.454033
0.454034
0.454035
0.454035
0.454036
0.454036
0.454037
0.454037
0.454037
0.454037
0.454038
0.454038
0.454039
0.454039
0.454039
0.454039
0.454039
0.454039
0.454039
0.454039
0.454039
0.454039
0.45404
0.45404
0.45404
0.45404
0.45404
0.45404
0.45404
0.45404
0.45404
0.45404
0.45404
0.45404
0.45404
0.45404
0.45404
0.45404
0.454041
0.454848
0.454848
0.454848
0.455389
0.455389
0.455389
0.455389
0.455641
0.455641
0.45594
0.45594
0.45594
0.45594
0.456021
0.45629
0.456341
0.456341
0.456341
0.456453
0.456515
0.456515
0.456515
0.456598
0.456611
0.456794
0.456815
0.456858
0.456858
0.456917
0.457167
0.457167
0.457248
0.457248
0.457285
0.457285
0.457315
0.457318
0.457395
0.457395
0.457418
0.457418
0.457478
0.457478
0.457492
0.457492
0.457492
0.457511
0.457522
0.457555
0.457555
0.457555
0.457555
0.457564
0.457567
0.457567
0.457567
0.457567
0.45757
0.45757
0.45757
0.457575
0.457575
0.457575
0.457575
0.457576
0.457579
0.45758
0.457584
0.457584
0.457584
0.457584
0.457587
0.457587
0.457587
0.457587
0.457588
0.457588
0.457589
0.45759
0.45759
0.457591
0.457591
0.457591
0.457591
0.457592
0.457592
0.457593
0.457593
0.457593
0.457594
0.457594
0.457594
0.457594
0.457594
0.457594
0.457594
0.457594
0.457594
0.457594
0.457594
0.457594
0.457594
0.457594
0.457594
0.457594
0.457594
0.457594
0.457594
0.457594
0.457594
0.457594
0.457594
0.457594
0.457594
0.457594
0.457594
0.457594
0.457577
0.457594
0.457594
0.457594
0.457594
0.457594
0.457594
0.457594
0.457594
0.457594
0.457594
0.457594
0.457594
0.457594
0.457594
0.457594
0.457594
0.457594
0.457594
0.457594
0.457594
0.457594
0.457594
0.457594
0.457594
0.457594
0.457594
0.457594
0.457594
0.457594
0.457594
0.457594
0.457594
0.457594
0.457594
0.457594
0.457594
0.457594
0.457594
0.457594
0.457594
0.457594
0.457594
0.457594
0.457594
0.457594
0.457594
0.457594
0.457594
0.457594
0.457594
0.457594
0.457594
0.457594
0.457594
0.457594
0.457594
0.457594
0.457594
0.457594
0.457594
0.457594
0.457594
0.457594
0.458525
0.458525
0.458525
0.468994
0.487342
0.491832
0.493035
0.494496
0.511384
0.511384
0.514568
0.521986
0.529403
0.529752
0.533996
0.538175
0.570863
0.580496
0.580496
0.580895
0.580895
0.584992
0.585012
0.586709
0.586709
0.587739
0.591494
0.594236
0.594236
0.596921
0.596921
0.597543
0.598757
0.600713
0.604825
0.604825
0.605885
0.607535
0.60852
0.60852
0.608697
0.61108
0.611642
0.611642
0.612358
0.613952
0.620185
0.620425
0.620425
0.622445
0.622445
0.622445
0.622445
0.622445
0.622445
0.622445
0.622426
0.622426
0.622431
0.622441
0.62254
0.623452
0.624156
0.624297
0.624393
0.624404
0.624445
0.624797
0.625038
0.625089
0.625101
0.625212
0.625342
0.625355
0.630044
0.630044
0.6315
0.6315
0.6315
0.6315
0.6315
0.6315
0.631599
0.631623
0.631637
0.631641
0.631862
0.631913
0.633247
0.633544
0.63832
0.63952
0.642924
0.643177
0.643574
0.643638
0.643647
0.645025
0.645624
0.645624
0.646089
0.646256
0.646543
0.646695
0.6467


0.01875
0.0205025
0.0212002
0.0213487
0.0217482
0.0224929
0.0237104
0.0239621
0.0242981
0.024625
0.0256597
0.0258872
0.0258872
0.0272689
0.0279321
0.0287603
0.0289912
0.028998
0.0297847
0.029858
0.0318978
0.0316487
0.0316487
0.0328893
0.0331757
0.0346372
0.035742
0.0362117
0.0371184
0.0390445
0.0413297
0.0442364
0.0442364
0.0500431
0.0500431
0.0505635
0.060875
0.060875
0.0759408
0.0759408
0.0774446
0.0887258
0.0986143
0.105818
0.12001
0.127377
0.13862
0.13862
0.156828
0.168462
0.170462
0.183459
0.195104
0.228889
0.249615
0.251322
0.271663
0.294206
0.303121
0.309976
0.31327
0.343341
0.348473
0.380882
0.3851
0.393558
0.393567
0.416933
0.433576
0.449201
0.490538
0.491551
0.492125
0.497135
0.505957
0.514833
0.516851
0.531419
0.561347
0.561511
0.565335
0.565791
0.586083
0.58612
0.58612
0.590717
0.592984
0.599012
0.59912
0.5994
0.6014
0.603298
0.605585
0.605771
0.605815
0.611334
0.611354
0.614793
0.615393
0.615422
0.615433
0.615502
0.617002
0.617027
0.617058
0.617117
0.617124
0.617365
0.617365
0.618637
0.618637
0.618921
0.618969
0.618971
0.618973
0.619319
0.619325
0.619332
0.619384
0.619768
0.619789
0.619908
0.62006
0.620064
0.620064
0.620161
0.620283
0.620283
0.620339
0.62034
0.620367
0.620432
0.620433
0.620449
0.620453
0.620453
0.620472
0.620476
0.620483
0.620506
0.620506
0.620508
0.620511
0.620518
0.620518
0.620518
0.620521
0.620522
0.620522
0.620522
0.620523
0.620523
0.620533
0.620537
0.620537
0.620538
0.620538
0.620538
0.620538
0.620539
0.620542
0.620542
0.620542
0.620543
0.620543
0.620543
0.620544
0.620544
0.620544
0.620545
0.620545
0.620545
0.620545
0.620545
0.620545
0.620545
0.620545
0.620546
0.620546
0.620546
0.620546
0.620546
0.620546
0.620546
0.620546
0.620546
0.620546
0.620546
0.620546
0.620546
0.620546
0.620546
0.620546
0.620546
0.620546
0.620546
0.620546
0.620547
0.620547
0.620547
0.620547
0.620547
0.620547
0.620547
0.620547
0.620547
0.620547
0.620547
0.620547
0.620547
0.620547
0.620547
0.620547
0.620547
0.620547
0.620547
0.620547
0.620547
0.620547
0.620547
0.620547
0.620547
0.620547
0.620547
0.620547
0.620547
0.620547
0.620547
0.620547
0.620547
0.620547
0.620547
0.620547
0.620547
0.620547
0.620547
0.620547
0.620547
0.620547
0.620547
0.620547
0.620547
0.620547
0.620547
0.620547
0.620547
0.620547
0.620547
0.620547
0.620547
0.620547
0.620547
0.620547
0.620547
0.620547
0.620547
0.620547
0.620547
0.620547
0.620547
0.620547
0.620547
0.620547
0.620547
0.620547
0.620547
0.620547
0.620547
0.620547
0.620547
0.620547
0.620547
0.620547
0.620547
0.620547
0.620547
0.620547
0.620547
0.620547
0.620547
0.620547
0.620547
0.620547
0.620547
0.620547
0.620547
0.620547
0.620547
0.620547
0.620547
0.620547
0.620547
0.620547
0.620547
0.620547
0.620547
0.620547
0.620547
0.620547
0.620547
0.620547
0.620547
0.620547
0.620547
0.620547
0.620547
0.620547
0.620547
0.620547
0.620547
0.620547
0.620547
0.620547
0.620547
0.620547
0.620547
0.620547
0.620547
0.620547
0.620547
0.620547
0.620547
0.620547
0.620547
0.620547
0.620547
0.620547
0.620547
0.620547
0.620547
0.620547
0.620547
0.620547
0.620547
0.620547
0.620547
0.620547
0.620547
0.620547
0.620547
0.620547
0.620547
0.620547
0.620547
0.620547
0.620547
0.620547
0.620547
0.620547
0.620547
0.620547
0.620547
0.620547
0.620547
0.620547
0.620547
0.620547
0.620547
0.620547
0.620547
0.620547
0.620547
0.620547
0.620547
0.620547
0.620547
0.620547
0.620547
0.620547
0.620547
0.620547
0.620547
0.620547
0.620547
0.620547
0.620547
0.620547
0.620547
0.620547
0.620547
0.620547
0.620547
0.620547
0.620547
0.620547
0.620547
0.620547
0.620547
0.620547
0.620547
0.620547
0.620547
0.620547
0.620547
0.620547
0.620547
0.620547
0.620547
0.620547
0.620547
0.620547
0.620547
0.620547
0.620547
0.620547
0.620547
0.620547
0.620547
0.620547
0.620547
0.620547
0.620547
0.620547
0.620547
0.620547
0.620547
0.620547
0.620547
0.620547
0.620547
0.620547
0.620547
0.620547
0.620547
0.620547
0.620547
0.620547
0.620547
0.620547
0.620547
0.620547
0.620547
0.620547
0.620547
0.620547
0.620547
0.620547
0.620547
0.620547
0.620547
0.620547
0.620547
0.620547
0.620547
0.620547
0.620547
0.620547
0.620547
0.620547
0.620547
0.620547
0.620547
0.620547
0.620547
0.620547
0.620547
0.620547
0.620547
0.620547
0.620547
0.620547
0.620547
0.620547
0.620547
0.620547
0.620547
0.620547
0.620547
0.620547
0.620547
0.620547
0.620547
0.620547
0.620547
0.620547
0.620547
0.620547
0.620547
0.620547
0.620547
0.620547
0.620547
0.620547
0.620547
0.620547
0.620547
0.620547
0.620547
0.620547
0.620547
0.620547
0.620547
0.620547
0.620547
0.620547
0.620547
0.620547
0.620547
0.620547
0.620547


0.0255528
0.0270684
0.0270684
0.0274859
0.0276729
0.028236
0.0288478
0.0296539
0.0296539
0.0296551
0.0313672
0.0322057
0.0325712
0.0328391
0.0328391
0.0336836
0.0338836
0.0346537
0.0347226
0.0356673
0.036828
0.0369592
0.0376609
0.039036
0.039775
0.0402592
0.0404907
0.0415109
0.0423273
0.0423273
0.043644
0.0443668
0.0456127
0.0488608
0.0505546
0.0532768
0.0558553
0.0559163
0.0623273
0.0643919
0.0643919
0.0643634
0.0675775
0.0687828
0.0734069
0.0737524
0.0808404
0.0816963
0.0886584
0.095726
0.10629
0.116733
0.126948
0.129392
0.129392
0.129785
0.145008
0.148547
0.162289
0.166477
0.166477
0.175279
0.179799
0.188195
0.212054
0.233813
0.246767
0.256202
0.261657
0.287475
0.289345
0.290665
0.302503
0.312431
0.312431
0.319088
0.325736
0.329931
0.332284
0.335957
0.338028
0.348314
0.350205
0.351581
0.351889
0.36434
0.366087
0.366313
0.37307
0.37424
0.377277
0.380172
0.382641
0.382641
0.384577
0.385808
0.385808
0.387841
0.391032
0.391378
0.39181
0.39242
0.393211
0.395176
0.396455
0.396455
0.39652
0.39761
0.39776
0.39776
0.397783
0.397903
0.398126
0.398467
0.398622
0.398806
0.399072
0.399085
0.399435
0.399473
0.399532
0.399573
0.399611
0.399611
0.399697
0.399977
0.400032
0.400133
0.400166
0.400222
0.400222
0.400249
0.400277
0.400298
0.400327
0.400349
0.400375
0.400479
0.400499
0.400542
0.400561
0.4006
0.4006
0.400622
0.400661
0.400674
0.400675
0.400682
0.400685
0.400698
0.400708
0.400708
0.400718
0.400722
0.400724
0.400724
0.400725
0.400725
0.400729
0.400738
0.400738
0.400741
0.400744
0.400744
0.400747
0.400748
0.400748
0.400749
0.400749
0.400751
0.400753
0.400754
0.400756
0.400757
0.400757
0.400758
0.400758
0.400759
0.400759
0.40076
0.40076
0.40076
0.400761
0.400761
0.400761
0.400762
0.400762
0.400762
0.400762
0.400762
0.400762
0.414611
0.414611
0.414611
0.41934
0.41934
0.424476
0.424476
0.424476
0.424476
0.428627
0.428627
0.428627
0.430161
0.430744
0.430744
0.432954
0.43597
0.43597
0.43597
0.43597
0.436869
0.43687
0.437183
0.437183
0.43845
0.440482
0.440482
0.442238
0.44443
0.445411
0.446566
0.446566
0.446566
0.446566
0.446566
0.446566
0.446843
0.44691
0.447763
0.447763
0.447763
0.447908
0.448021
0.448487
0.448487
0.448686
0.449023
0.449492
0.449601
0.449601
0.449601
0.449925
0.449925
0.449925
0.449977
0.45003
0.45003
0.45003
0.45003
0.450036
0.450058
0.450161
0.45019
0.450218
0.450218
0.450218
0.450218
0.450218
0.450266
0.450309
0.450381
0.450383
0.45039
0.45039
0.450422
0.45044
0.450455
0.450455
0.450455
0.450468
0.45047
0.45047
0.450475
0.450483
0.450497
0.450497
0.450506
0.450506
0.457866
0.457866
0.469687
0.469687
0.472883
0.472886
0.485451
0.485455
0.489905
0.493155
0.494874
0.495581
0.503824
0.503825
0.507539
0.51036
0.516424
0.517477
0.521791
0.531716
0.531962
0.537132
0.549844
0.549846
0.549848
0.557726
0.578735
0.578735
0.578735
0.578736
0.578736
0.580646
0.579507
0.582686
0.585279
0.585312
0.589818
0.589819
0.601747
0.609638
0.612104
0.612104
0.613427
0.613427
0.617338
0.617338
0.619352
0.619352
0.619352
0.622298
0.622298
0.622298
0.622298
0.623268
0.623805
0.623805
0.625066
0.630005
0.630271
0.630624
0.635313
0.636831
0.635971
0.639385
0.640744
0.641149
0.64151
0.641611
0.641611
0.643696
0.644309
0.644309
0.647238
0.648271
0.648271
0.648271
0.648271
0.648444
0.648444
0.648857
0.648886
0.648886
0.649426
0.649426
0.649426
0.649659
0.649798
0.649798
0.650256
0.650256
0.650256
0.650333
0.650248
0.650312
0.650335
0.650335
0.650338
0.650343
0.650345
0.650662
0.651045
0.651201
0.651405
0.651904
0.652652
0.653299
0.654492
0.655849
0.65686
0.658152
0.659671
0.660467
0.661466
0.661466
0.661466
0.661475
0.661492
0.661621
0.661891
0.662051
0.662051
0.662145
0.662327
0.662373
0.662373
0.662445
0.662463
0.662463
0.662476
0.662477
0.662639
0.662691
0.662691
0.662729
0.662729
0.662745
0.66275
0.66275
0.66275
0.662752
0.662817
0.662872
0.662883
0.662885
0.662886
0.662886
0.662886
0.662887
0.662889
0.662934
0.662947
0.662947
0.662959
0.663268
0.663268
0.663335
0.663346
0.663346
0.66336
0.663387
0.663411
0.663467
0.663447
0.663464
0.663471
0.663471
0.663471
0.663472
0.663472
0.663473
0.663492
0.663492
0.663487
0.663494
0.663502
0.663502
0.663502
0.663505
0.663521
0.663528
0.663532
0.663546
0.663555
0.663559
0.66356
0.663572
0.663577
0.663585
0.663603
0.663603
0.66362
0.66363
0.663631
0.663631
0.663633
0.663638
0.663706
0.663741
0.663741
0.663741
0.663754
0.663754
0.663737
0.663771
0.663782
0.663782
0.663796
0.663796
0.663799
0.663799
0.663801
0.663801
0.663805
0.663805
0.663809
0.663809
0.663809
0.66381
0.663811
0.663811
0.663811


0.0184719
0.0194321
0.0206438
0.0209204
0.0213718
0.0219414
0.0224121
0.0229231
0.0234201
0.0235418
0.0238021
0.0237179
0.0245325
0.0246806
0.0257981
0.0266828
0.02674
0.0268372
0.027416
0.0279361
0.0279361
0.0284135
0.0286678
0.0288825
0.0289369
0.030644
0.0317262
0.0319655
0.0334801
0.0344662
0.0367634
0.0377879
0.0379515
0.0393751
0.0400396
0.0425947
0.0431463
0.0520344
0.056512
0.0592422
0.0636984
0.0615034
0.0617667
0.0646941
0.0661436
0.0719204
0.0750958
0.092223
0.092223
0.0949448
0.102941
0.118963
0.118963
0.135154
0.157614
0.168684
0.171584
0.173074
0.173074
0.173074
0.177758
0.192214
0.197884
0.199743
0.200538
0.206592
0.212004
0.2441
0.244631
0.257375
0.257375
0.266516
0.272349
0.282329
0.28319
0.288139
0.294681
0.294681
0.308213
0.308213
0.31385
0.314856
0.315716
0.317621
0.319848
0.322199
0.324393
0.324857
0.327388
0.329224
0.330916
0.331658
0.332921
0.332921
0.335084
0.335084
0.335965
0.336466
0.337338
0.337935
0.338533
0.339293
0.339345
0.339393
0.339483
0.339744
0.339744
0.339889
0.340012
0.340274
0.340535
0.340634
0.340811
0.340814
0.341063
0.341149
0.341241
0.341295
0.341398
0.341398
0.34149
0.341456
0.341461
0.341522
0.341599
0.341616
0.341616
0.341642
0.341765
0.341776
0.3418
0.341806
0.341819
0.341831
0.341852
0.341882
0.341886
0.341902
0.341919
0.341919
0.341934
0.341934
0.341935
0.341945
0.341947
0.34196
0.341963
0.341963
0.341971
0.341971
0.341973
0.341974
0.341975
0.341978
0.341979
0.341979
0.341983
0.341985
0.341986
0.341986
0.341986
0.341988
0.341988
0.341989
0.34199
0.34199
0.34199
0.341991
0.341992
0.341993
0.341993
0.341993
0.341993
0.341993
0.341994
0.341994
0.341994
0.341994
0.341994
0.341994
0.341994
0.341995
0.341995
0.341995
0.341995
0.341995
0.341995
0.341995
0.341995
0.341995
0.341995
0.341995
0.341995
0.341996
0.341996
0.341996
0.341996
0.341996
0.341996
0.341996
0.341996
0.341996
0.341996
0.341996
0.341996
0.341996
0.341996
0.341996
0.341996
0.341996
0.341996
0.341996
0.341996
0.341996
0.341996
0.341996
0.341996
0.341996
0.341996
0.341996
0.341996
0.341996
0.341996
0.341996
0.341996
0.341996
0.341996
0.341996
0.341996
0.341996
0.341996
0.341996
0.341996
0.341996
0.341996
0.341996
0.341996
0.341996
0.341996
0.341996
0.341996
0.341996
0.341996
0.341996
0.341996
0.341996
0.341996
0.341996
0.341996
0.341996
0.341996
0.341996
0.341996
0.341996
0.341996
0.341996
0.341996
0.341996
0.341996
0.341996
0.341996
0.341996
0.341996
0.341996
0.341996
0.341996
0.341996
0.341996
0.341996
0.341996
0.341996
0.341996
0.341996
0.341996
0.341996
0.341996
0.341996
0.341996
0.341996
0.341996
0.341996
0.341996
0.341996
0.341996
0.341996
0.341996
0.341996
0.341996
0.341996
0.341996
0.341996
0.341996
0.341996
0.341996
0.341996
0.341996
0.341996
0.341996
0.341996
0.341996
0.341996
0.341996
0.341996
0.341996
0.341996
0.341996
0.341996
0.341996
0.341996
0.341996
0.341996
0.341996
0.341996
0.341996
0.341996
0.341996
0.341996
0.341996
0.341996
0.341996
0.341996
0.341996
0.341996
0.341996
0.341996
0.341996
0.341996
0.341996
0.341996
0.341996
0.341996
0.341996
0.341996
0.341996
0.341996
0.341996
0.341996
0.341996
0.341996
0.341996
0.341996
0.341996
0.341996
0.341996
0.341996
0.341996
0.341996
0.341996
0.341996
0.341996
0.341996
0.341996
0.341996
0.341996
0.341996
0.341996
0.341996
0.341996
0.341996
0.341996
0.341996
0.341996
0.341996
0.341996
0.341996
0.341996
0.341996
0.341996
0.341996
0.341996
0.341996
0.341996
0.341996
0.341996
0.341996
0.341996
0.341996
0.341996
0.341996
0.341996
0.341996
0.341996
0.341996
0.341996
0.341996
0.341996
0.341996
0.341996
0.342262
0.342491
0.342491
0.343567
0.344037
0.344229
0.344243
0.344243
0.344455
0.344455
0.344708
0.344708
0.344708
0.345082
0.345082
0.345364
0.345486
0.345486
0.345524
0.345559
0.345559
0.345597
0.345601
0.34561
0.34561
0.34561
0.34561
0.345617
0.345617
0.345642
0.345696
0.345714
0.345727
0.34574
0.345754
0.345763
0.345872
0.345965
0.345995
0.346017
0.346018
0.346092
0.346276
0.346377
0.346401
0.34643
0.346444
0.346458
0.346458
0.346475
0.346481
0.346483
0.346488
0.3465
0.346512
0.346524
0.346543
0.346554
0.34656
0.34657
0.34657
0.34657
0.346572
0.346572
0.346656
0.346656
0.346656
0.346695
0.346721
0.346721
0.346731
0.346736
0.346736
0.346741
0.346743
0.346748
0.346751
0.346767
0.346767
0.346767
0.346767
0.346767
0.346767
0.34677
0.34677
0.346784
0.346784
0.346784
0.346784
0.346785
0.346785
0.346788
0.34679
0.346794
0.346794
0.346806
0.346806
0.346806
0.346808
0.346808
0.346817
0.346824
0.346824
0.346825
0.346826
0.346827
0.346831
0.346831
0.346833
0.346836
0.346838
0.346841


0.0176184
0.0177682
0.0187376
0.0194414
0.02027
0.020717
0.0207562
0.0220549
0.0224784
0.0232609
0.0233093
0.0237573
0.0238167
0.0241272
0.0248224
0.0255201
0.0257622
0.0263627
0.0277875
0.0278027
0.0278027
0.0296375
0.0313288
0.0328315
0.0328315
0.0328506
0.0328577
0.0357648
0.0360313
0.0394093
0.0420976
0.0437254
0.0444986
0.0458783
0.0458783
0.0500451
0.0507436
0.0520995
0.0567152
0.0597454
0.061554
0.0651121
0.067751
0.0736197
0.0789673
0.0818727
0.082097
0.0998809
0.10389
0.104506
0.109998
0.118486
0.120092
0.122335
0.125743
0.127409
0.127982
0.130976
0.139808
0.140416
0.150002
0.15101
0.152824
0.152824
0.153328
0.153625
0.159143
0.163688
0.166153
0.166153
0.166153
0.171187
0.171187
0.181231
0.181269
0.18137
0.181646
0.181646
0.182036
0.184826
0.184841
0.186301
0.18641
0.186969
0.187608
0.187631
0.187976
0.188459
0.190575
0.190584
0.190651
0.191172
0.191212
0.191212
0.191634
0.19177
0.191797
0.191872
0.192041
0.192215
0.192215
0.192333
0.192441
0.192555
0.192669
0.19267
0.192701
0.192702
0.192705
0.192929
0.193038
0.193117
0.193117
0.193117
0.19312
0.19319
0.193226
0.193226
0.193228
0.19323
0.193257
0.193278
0.193279
0.193294
0.19333
0.19333
0.193337
0.195808
0.195809
0.196196
0.198592
0.202069
0.202069
0.203853
0.204697
0.208201
0.208209
0.208209
0.208675
0.208678
0.20868
0.20868
0.208969
0.209191
0.21016
0.211309
0.213032
0.213928
0.216805
0.217625
0.217625
0.219591
0.220448
0.220448
0.221492
0.221492
0.223314
0.223314
0.224439
0.224439
0.226602
0.222582
0.223521
0.225164
0.226029
0.226029
0.226029
0.227613
0.227613
0.227613
0.227613
0.223692
0.224532
0.227435
0.227435
0.228395
0.228395
0.228395
0.230621
0.230621
0.230621
0.230621
0.230874
0.230874
0.230874
0.230874
0.230874
0.231047
0.231898
0.233546
0.236578
0.228098
0.234045
0.234284
0.234837
0.235178
0.235184
0.235898
0.235898
0.241577
0.244943
0.245169
0.245823
0.246171
0.255009
0.255009
0.255023
0.256616
0.261851
0.261851
0.26227
0.265165
0.265165
0.265392
0.265392
0.265392
0.265753
0.265797
0.26769
0.26769
0.26769
0.270039
0.270041
0.270041
0.270082
0.270153
0.270157
0.270818
0.270831
0.270852
0.271797
0.271807
0.272166
0.272219
0.272224
0.272229
0.273325
0.273661
0.274009
0.27444
0.274586
0.274732
0.275173
0.275173
0.275181
0.275536
0.275553
0.27571
0.275807
0.27585
0.275881
0.275938
0.275939
0.276029
0.276259
0.276291
0.276446
0.276446
0.276461
0.276691
0.276691
0.276706
0.276709
0.276779
0.276792
0.276898
0.276933
0.276961
0.276965
0.276966
0.27697
0.276975
0.276981
0.277007
0.277019
0.277043
0.277103
0.277103
0.277122
0.277122
0.27713
0.27713
0.277136
0.277136
0.277139
0.277143
0.277145
0.277159
0.277159
0.277168
0.277168
0.277172
0.277174
0.277179
0.27718
0.277182
0.277185
0.277185
0.277185
0.277186
0.277191
0.277191
0.277192
0.277193
0.277194
0.277195
0.277196
0.277196
0.277197
0.277197
0.277198
0.277199
0.277199
0.277199
0.277199
0.277199
0.2772
0.2772
0.277201
0.277201
0.277201
0.277201
0.277201
0.277201
0.277202
0.277202
0.277202
0.277202
0.277202
0.277202
0.277203
0.277203
0.277203
0.277203
0.277203
0.277203
0.277203
0.277203
0.277203
0.277203
0.277203
0.277203
0.277203
0.277203
0.277203
0.277203
0.277203
0.277203
0.277203
0.277203
0.277203
0.277203
0.277203
0.277203
0.277203
0.277203
0.277203
0.277203
0.277203
0.277203
0.277203
0.277203
0.277203
0.277203
0.277203
0.277203
0.277203
0.277203
0.277203
0.277203
0.277203
0.277203
0.277203
0.277203
0.277203
0.277203
0.277203
0.277203
0.277203
0.277203
0.277203
0.277203
0.277203
0.277203
0.277203
0.277203
0.277203
0.277203
0.277203
0.277203
0.277203
0.277203
0.277203
0.277203
0.277203
0.277203
0.277203
0.277203
0.277203
0.277203
0.277203
0.277203
0.277203
0.277203
0.277203
0.277203
0.277203
0.277203
0.277203
0.277203
0.277203
0.277203
0.277203
0.277203
0.277203
0.277203
0.277203
0.277203
0.277203
0.277203
0.277203
0.277203
0.277203
0.277203
0.277203
0.277203
0.277203
0.277203
0.277203
0.277203
0.277203
0.277203
0.277203
0.277203
0.277203
0.277203
0.277203
0.277203
0.277203
0.277203
0.277203
0.277203
0.277203
0.277203
0.277203
0.277203
0.277203
0.277203
0.277203
0.277203
0.277203
0.277203
0.277203
0.277203
0.277203
0.277203
0.277203
0.277203
0.277203
0.277203
0.277203
0.277203
0.277203
0.277203
0.277203
0.277203
0.277203
0.277203
0.277203
0.277203
0.277203
0.277203
0.277203
0.277203
0.277203
0.277203
0.277203
0.277203
0.277203
0.277203
0.277203
0.277203
0.277203
0.277203
0.277203
0.277203
0.277203
0.277203
0.277203
0.277203
0.277203
0.277203
0.277203
0.277203
0.277203
0.277203
0.277203
0.277203
0.277203
0.277203


0.0248783
0.0268564
0.0277146
0.0284142
0.0303089
0.0311943
0.0313346
0.0313346
0.0317463
0.0321546
0.0335823
0.033632
0.0344037
0.0344797
0.0346122
0.0353505
0.0357948
0.0357948
0.036329
0.0371585
0.0372905
0.0370217
0.0377984
0.038552
0.0391919
0.0391919
0.0412835
0.0413703
0.0444411
0.0444411
0.0450266
0.0456006
0.0494802
0.0515266
0.0532488
0.054182
0.0565238
0.0631754
0.0674087
0.0742221
0.0744504
0.074601
0.074601
0.0810676
0.0882576
0.0961437
0.107421
0.117584
0.127196
0.12779
0.12863
0.151425
0.157725
0.17543
0.176772
0.188058
0.188058
0.216604
0.24813
0.24813
0.274966
0.275674
0.287195
0.301668
0.302748
0.31225
0.329302
0.344323
0.363944
0.366737
0.375283
0.403717
0.404036
0.409008
0.418369
0.433066
0.434104
0.441011
0.448059
0.458626
0.458626
0.45842
0.463313
0.463313
0.463313
0.46566
0.466703
0.469616
0.46979
0.46979
0.472888
0.474085
0.475843
0.475867
0.476026
0.477225
0.479163
0.479565
0.479603
0.48031
0.480713
0.480942
0.481484
0.481484
0.481733
0.482206
0.482528
0.482692
0.482989
0.483046
0.483226
0.483286
0.483352
0.483571
0.483627
0.483739
0.483779
0.483845
0.483948
0.483995
0.483999
0.484046
0.484125
0.484125
0.484177
0.484193
0.484217
0.484228
0.484242
0.484246
0.484252
0.484264
0.48429
0.4843
0.484307
0.484321
0.48434
0.484345
0.484345
0.484345
0.484349
0.484354
0.484354
0.484357
0.484361
0.484363
0.484365
0.484369
0.48437
0.484371
0.484372
0.484373
0.484375
0.484375
0.484376
0.484376
0.484376
0.484376
0.484376
0.484378
0.484378
0.484378
0.484379
0.484379
0.48438
0.48438
0.48438
0.48438
0.484381
0.484381
0.484381
0.484381
0.484381
0.484381
0.484381
0.484382
0.484382
0.484382
0.484382
0.484382
0.484382
0.484382
0.484382
0.484382
0.484382
0.484382
0.484382
0.484382
0.484382
0.484382
0.484382
0.484382
0.484382
0.484382
0.484382
0.484382
0.484382
0.484382
0.484382
0.484382
0.484382
0.484382
0.484382
0.484382
0.484382
0.484382
0.484382
0.484382
0.484382
0.484382
0.484382
0.484382
0.484382
0.484382
0.484382
0.484382
0.484382
0.484382
0.484382
0.484382
0.484382
0.484382
0.484382
0.484382
0.484382
0.484382
0.484382
0.484382
0.484382
0.484382
0.484382
0.484382
0.484382
0.484382
0.484382
0.484382
0.484382
0.484382
0.484382
0.484382
0.484382
0.484382
0.484382
0.484382
0.484382
0.484382
0.484382
0.484382
0.484382
0.484382
0.484382
0.484382
0.484382
0.484382
0.484382
0.484382
0.484382
0.484382
0.484382
0.484382
0.484382
0.484382
0.484382
0.484382
0.484382
0.484382
0.484382
0.484382
0.484382
0.484382
0.484382
0.484382
0.484382
0.484382
0.484382
0.484382
0.484382
0.484382
0.484382
0.484382
0.484382
0.484382
0.484382
0.484382
0.484382
0.484382
0.484382
0.484382
0.484382
0.484382
0.484382
0.484382
0.484382
0.484382
0.484382
0.484382
0.484382
0.484382
0.484382
0.484382
0.484382
0.484382
0.484382
0.484382
0.484382
0.484382
0.484382
0.484382
0.484382
0.484382
0.484382
0.484382
0.484382
0.484382
0.484382
0.484382
0.484382
0.484382
0.484382
0.484382
0.484382
0.484382
0.484382
0.484382
0.484382
0.484382
0.484382
0.484382
0.484382
0.484382
0.484382
0.484382
0.484382
0.484382
0.484382
0.484382
0.484382
0.484382
0.484382
0.484382
0.484382
0.484382
0.484382
0.485705
0.486727
0.497249
0.511492
0.519825
0.519825
0.523585
0.525234
0.525059
0.525579
0.526647
0.526647
0.526647
0.527756
0.52808
0.528347
0.528803
0.528803
0.531638
0.532853
0.534381
0.535464
0.536757
0.537099
0.537099
0.537151
0.537173
0.537173
0.537179
0.537179
0.537976
0.539403
0.541531
0.544111
0.544111
0.547182
0.547182
0.547182
0.547226
0.547226
0.547491
0.547585
0.547585
0.547956
0.547956
0.548132
0.548132
0.54814
0.547987
0.548138
0.548138
0.548295
0.548295
0.548295
0.548461
0.548493
0.548526
0.548531
0.548569
0.54864
0.548714
0.549302
0.549405
0.549528
0.549528
0.549558
0.54967
0.54971
0.549985
0.549985
0.55089
0.55089
0.55092
0.55092
0.55126
0.551332
0.551333
0.551333
0.551334
0.551336
0.551763
0.551899
0.552301
0.552381
0.552392
0.552407
0.552456
0.552456
0.552563
0.552587
0.552587
0.552602
0.552602
0.552611
0.55262
0.552627
0.552717
0.552738
0.55274
0.552759
0.552759
0.552775
0.552775
0.552775
0.552793
0.552796
0.55284
0.552885
0.552897
0.552901
0.552902
0.552942
0.552977
0.553006
0.553006
0.553015
0.553015
0.553015
0.553025
0.55313
0.553159
0.553166
0.553216
0.553233
0.553238
0.55326
0.55327
0.553273
0.553283
0.553283
0.553283
0.553294
0.553294
0.553294
0.553295
0.5533
0.553313
0.553318
0.553322
0.553349
0.553358
0.553361
0.553363
0.553368
0.553373
0.553385
0.553385
0.553388
0.553402
0.553406
0.553406
0.553439
0.553547
0.553629
0.553677
0.553835
0.554783


0.0179735
0.0187978
0.0204125
0.021022
0.0211388
0.0215354
0.0218891
0.0225885
0.0225996
0.0226077
0.023299
0.0232259
0.0236555
0.0241869
0.0243879
0.024389
0.0252092
0.0256112
0.0258666
0.0262036
0.0272328
0.0272328
0.0275536
0.029272
0.029272
0.0301826
0.0325532
0.0326458
0.0330443
0.0340025
0.0352793
0.0392648
0.0392648
0.0466389
0.0494646
0.0543479
0.0663646
0.0678136
0.0681684
0.0681684
0.0777721
0.0777721
0.0777721
0.0823632
0.0823632
0.0823632
0.0942795
0.0944845
0.10081
0.100931
0.109355
0.113505
0.125159
0.132017
0.150126
0.153623
0.159278
0.160705
0.166563
0.17045
0.173108
0.18135
0.187983
0.204809
0.204809
0.213691
0.219955
0.239682
0.240568
0.255046
0.261136
0.276191
0.276753
0.279081
0.279081
0.279081
0.279218
0.279274
0.30881
0.316113
0.316113
0.312865
0.322218
0.322218
0.322372
0.322372
0.32916
0.330917
0.337127
0.337137
0.339185
0.339337
0.345833
0.355507
0.356577
0.360983
0.360983
0.366678
0.37205
0.37205
0.37984
0.378832
0.380107
0.382555
0.382565
0.383007
0.393054
0.393057
0.393062
0.394272
0.394273
0.392255
0.394258
0.394422
0.395793
0.395793
0.398947
0.398947
0.398951
0.398951
0.398955
0.399428
0.399967
0.399967
0.399969
0.400526
0.40094
0.401139
0.401446
0.401446
0.40166
0.40166
0.401661
0.401668
0.401825
0.401826
0.401826
0.401891
0.401891
0.40203
0.402104
0.402125
0.402125
0.402165
0.402227
0.402227
0.402241
0.40227
0.402274
0.402283
0.402284
0.402347
0.402364
0.4024
0.402422
0.402422
0.402429
0.402429
0.402442
0.402442
0.402451
0.402452
0.402452
0.402452
0.402464
0.402464
0.402464
0.402464
0.402464
0.402465
0.402465
0.402466
0.402469
0.40247
0.402474
0.402474
0.402474
0.402474
0.402476
0.402476
0.402476
0.402476
0.402477
0.402477
0.402477
0.402477
0.402477
0.402477
0.402477
0.402477
0.402477
0.402478
0.402478
0.402478
0.402478
0.402478
0.402478
0.402478
0.402478
0.402478
0.402478
0.402478
0.402478
0.402478
0.402478
0.402478
0.402478
0.402478
0.402478
0.402478
0.402478
0.402478
0.402478
0.402478
0.402478
0.402478
0.402478
0.402478
0.402478
0.402478
0.402478
0.402478
0.402478
0.402478
0.402478
0.402478
0.402478
0.402478
0.402478
0.402478
0.402478
0.402478
0.402478
0.402478
0.402478
0.402478
0.402478
0.402478
0.402478
0.402478
0.402478
0.402478
0.402478
0.402478
0.402478
0.402478
0.402478
0.402478
0.402478
0.402478
0.402478
0.402478
0.402478
0.402478
0.402478
0.402478
0.402478
0.402478
0.402478
0.402478
0.402478
0.402478
0.402478
0.402478
0.402478
0.402478
0.402478
0.402478
0.402478
0.402478
0.402478
0.402478
0.402478
0.402478
0.402478
0.402478
0.402478
0.402478
0.402478
0.402478
0.402478
0.402478
0.402478
0.402478
0.402478
0.402478
0.402478
0.402478
0.402478
0.402478
0.402478
0.402478
0.402478
0.402478
0.402478
0.402478
0.402478
0.402478
0.402478
0.402478
0.402478
0.402478
0.402478
0.402478
0.402478
0.402478
0.402478
0.402478
0.402478
0.402478
0.402478
0.402478
0.402478
0.402478
0.402478
0.402478
0.402478
0.402478
0.402478
0.402478
0.402478
0.402478
0.402478
0.402478
0.402478
0.402478
0.402478
0.402478
0.402478
0.402478
0.402478
0.402478
0.402478
0.402478
0.402478
0.402478
0.402478
0.402478
0.402478
0.402478
0.402478
0.402478
0.402478
0.402478
0.402478
0.402478
0.402478
0.402478
0.402478
0.402478
0.402478
0.402478
0.402478
0.402478
0.402478
0.402478
0.402478
0.402478
0.402478
0.402478
0.402478
0.402478
0.402478
0.402478
0.402478
0.402478
0.402478
0.402478
0.402478
0.402478
0.402478
0.402478
0.402478
0.402478
0.402478
0.402478
0.402478
0.402478
0.402478
0.402478
0.402478
0.402478
0.402478
0.402478
0.402478
0.402478
0.402478
0.402478
0.402478
0.402478
0.402478
0.402478
0.402478
0.402478
0.402478
0.402478
0.402478
0.402478
0.402478
0.402478
0.402478
0.402478
0.402478
0.402478
0.402478
0.402478
0.402478
0.402478
0.402478
0.402478
0.402478
0.402478
0.402478
0.402478
0.402478
0.402478
0.402478
0.402478
0.402478
0.402478
0.402478
0.402478
0.402478
0.402478
0.402478
0.402478
0.402478
0.402478
0.402478
0.402478
0.402478
0.402478
0.402478
0.402478
0.402478
0.402478
0.402478
0.402478
0.402478
0.402478
0.402478
0.402478
0.402478
0.402478
0.402478
0.402478
0.402478
0.402478
0.402478
0.402478
0.402478
0.402478
0.402478
0.402478
0.402478
0.402478
0.402478
0.402478
0.402478
0.402478
0.402478
0.402478
0.402478
0.402478
0.402478
0.402478
0.402478
0.402478
0.402478
0.402478
0.402478
0.402478
0.402478
0.402478
0.402478
0.402478
0.402478
0.402478
0.402478
0.402478
0.402478
0.402478
0.402478
0.402478
0.402478
0.402478
0.402478
0.402478
0.402478
0.402478
0.402478
0.402478
0.402478
0.402478
0.402478
0.402478
0.402478
0.402478
0.402478
0.402478


0.0173087
0.0198327
0.0209332
0.0209332
0.0209332
0.0215425
0.0222871
0.0222871
0.0225683
0.0232422
0.0238009
0.0250141
0.0250869
0.02509
0.025147
0.025447
0.0254806
0.0257668
0.0262377
0.0263033
0.0263417
0.0271186
0.027261
0.0277165
0.0291263
0.029591
0.0316479
0.0323567
0.0348042
0.0354529
0.0354631
0.0354662
0.0354912
0.0355529
0.0382359
0.0386813
0.0401442
0.0405924
0.0413752
0.0416056
0.0433423
0.0450632
0.0463785
0.0463785
0.046556
0.0470254
0.0475706
0.054097
0.0544192
0.0547007
0.0629906
0.0630178
0.0652529
0.0697917
0.0869526
0.0869526
0.089236
0.0942851
0.0962414
0.104181
0.104338
0.112543
0.116136
0.120877
0.137801
0.13917
0.145582
0.152003
0.157688
0.162679
0.192618
0.202572
0.224515
0.224722
0.23063
0.241673
0.24887
0.260572
0.275674
0.279255
0.302797
0.356481
0.356481
0.366836
0.383188
0.398631
0.416046
0.42482
0.454856
0.470149
0.481384
0.511834
0.517087
0.544741
0.549159
0.55266
0.565389
0.573227
0.581879
0.634633
0.675385
0.684115
0.684115
0.685595
0.698661
0.701991
0.71505
0.71505
0.75045
0.750926
0.751263
0.757052
0.761364
0.765883
0.768348
0.772267
0.776345
0.780916
0.780916
0.784637
0.785102
0.7841
0.7841
0.795349
0.795349
0.795497
0.797841
0.797858
0.799428
0.801467
0.802576
0.803323
0.803323
0.803323
0.804142
0.804845
0.804845
0.804954
0.805527
0.805824
0.806826
0.80684
0.80684
0.807335
0.807385
0.807487
0.807643
0.807876
0.808015
0.808015
0.808216
0.808187
0.808204
0.808235
0.808278
0.808312
0.808355
0.808383
0.808451
0.808549
0.808554
0.808557
0.808589
0.808598
0.80861
0.808612
0.808632
0.808637
0.808642
0.808647
0.808664
0.808664
0.808674
0.80868
0.808682
0.808685
0.808685
0.808692
0.808695
0.808699
0.8087
0.808701
0.808702
0.808705
0.808707
0.808709
0.808711
0.808713
0.808714
0.808716
0.808716
0.808719
0.808719
0.80872
0.808721
0.808721
0.808721
0.808723
0.808724
0.808724
0.808724
0.808724
0.808724
0.808724
0.808725
0.808725
0.808725
0.808725
0.808726
0.808726
0.808726
0.808726
0.808726
0.808726
0.808726
0.808726
0.808726
0.808726
0.808726
0.808726
0.808726
0.808726
0.808727
0.808727
0.808727
0.808727
0.808727
0.808727
0.808727
0.808727
0.808727
0.808727
0.808727
0.808727
0.808727
0.808727
0.808727
0.808727
0.808727
0.808727
0.808727
0.808727
0.808727
0.808727
0.808727
0.808727
0.808727
0.808727
0.808727
0.808727
0.808727
0.808727
0.808727
0.808727
0.808727
0.808727
0.808727
0.808727
0.808727
0.808727
0.808727
0.808727
0.808727
0.808727
0.808727
0.808727
0.808727
0.808727
0.808727
0.808727
0.808727
0.808727
0.808727
0.808727
0.808727
0.808727
0.808727
0.808727
0.808727
0.808727
0.808727
0.808727
0.808727
0.808727
0.808727
0.808727
0.808727
0.808727
0.808727
0.808727
0.808727
0.808727
0.808727
0.808727
0.808727
0.808727
0.808727
0.808727
0.808727
0.808727
0.808727
0.808727
0.808727
0.808727
0.808727
0.808727
0.808727
0.808727
0.808727
0.808727
0.808727
0.808727
0.808727
0.808727
0.808727
0.808727
0.808727
0.808727
0.808727
0.808727
0.808727
0.808727
0.808727
0.808727
0.808727
0.808727
0.808727
0.808727
0.808727
0.808727
0.808727
0.808727
0.808727
0.808727
0.808727
0.808727
0.808727
0.808727
0.808727
0.808727
0.808727
0.808727
0.808727
0.808727
0.808727
0.808727
0.808727
0.808727
0.808727
0.808727
0.808727
0.808727
0.808727
0.808727
0.808727
0.808727
0.808727
0.808727
0.808727
0.808727
0.808727
0.808727
0.808727
0.808727
0.808727
0.808727
0.808727
0.808727
0.808727
0.808727
0.808727
0.80852
0.808727
0.808727
0.808727
0.808727
0.808727
0.808727
0.808727
0.808727
0.808727
0.808727
0.808727
0.808727
0.808727
0.808727
0.808727
0.808727
0.808727
0.808727
0.808727
0.808727
0.808727
0.808727
0.808727
0.808727
0.808727
0.808727
0.808727
0.808727
0.808727
0.808727
0.808727
0.808727
0.808727
0.808727
0.808727
0.808727
0.808727
0.808727
0.808727
0.808727
0.808727
0.808727
0.808727
0.808727
0.808727
0.808727
0.808727
0.808727
0.808727
0.808727
0.808727
0.808727
0.808727
0.808727
0.808727
0.808727
0.808727
0.808727
0.808727
0.808727
0.808727
0.808727
0.808727
0.808727
0.808727
0.808727
0.808727
0.808727
0.808727
0.808727
0.808727
0.808727
0.808727
0.808727
0.808727
0.808727
0.808727
0.808727
0.808727
0.808727
0.808727
0.808727
0.808727
0.808727
0.808727
0.808727
0.808727
0.808727
0.808727
0.807405
0.808727
0.808727
0.808727
0.808727
0.808727
0.808727
0.808727
0.808727
0.808727
0.808727
0.808727
0.808727
0.808727
0.808727
0.808727
0.808727
0.808727
0.808727
0.808727
0.808727
0.808727
0.808727
0.808727
0.808727
0.808727
0.808727
0.808727
0.808727
0.808727
0.808727
0.808727
0.808727
0.808727
0.808727
0.808727
0.808727
0.808727
0.808727


0.0175109
0.0189754
0.0194429
0.0203411
0.0216506
0.0217402
0.0217402
0.0219649
0.0222516
0.0225404
0.0232683
0.0237157
0.0237643
0.0237947
0.0241564
0.0243823
0.0247711
0.0249674
0.0251501
0.0258819
0.0259528
0.02678
0.0269285
0.0272453
0.0279579
0.0285546
0.0285967
0.0294277
0.0305926
0.0323255
0.0323255
0.0327369
0.0343219
0.0370337
0.0379328
0.0379328
0.0414919
0.0463767
0.0489111
0.0527497
0.0581984
0.0583413
0.0635681
0.0640665
0.0755393
0.0792172
0.0895714
0.0899294
0.0899294
0.0951004
0.0951004
0.122374
0.125027
0.151463
0.163353
0.181763
0.181763
0.181763
0.196619
0.222787
0.226223
0.230697
0.237423
0.271925
0.304731
0.308638
0.327767
0.330163
0.332358
0.349292
0.356805
0.35896
0.46679
0.46679
0.469412
0.509377
0.511237
0.533105
0.53651
0.549514
0.562115
0.561952
0.563088
0.565896
0.567919
0.595909
0.602651
0.602651
0.606465
0.607902
0.607902
0.620296
0.620296
0.620983
0.620983
0.62376
0.628069
0.6307
0.63095
0.631522
0.631566
0.638435
0.63918
0.639237
0.644992
0.647011
0.64706
0.64706
0.649814
0.649854
0.650682
0.650695
0.652934
0.65298
0.657342
0.657384
0.657405
0.657677
0.657688
0.659782
0.659782
0.660299
0.660693
0.661443
0.662734
0.662739
0.6634
0.663402
0.663645
0.663645
0.66383
0.663841
0.66434
0.664344
0.664488
0.664643
0.664669
0.664669
0.664908
0.664908
0.66496
0.665001
0.665173
0.665173
0.665276
0.665298
0.6653
0.665343
0.665398
0.665548
0.665549
0.665612
0.665612
0.665703
0.665704
0.665747
0.665748
0.665773
0.665843
0.665843
0.665887
0.665884
0.665884
0.665884
0.665885
0.665885
0.665945
0.66595
0.665956
0.665956
0.665956
0.665956
0.665959
0.665961
0.665961
0.665967
0.665967
0.665968
0.66597
0.66597
0.665978
0.665978
0.665978
0.665978
0.665983
0.665984
0.665986
0.665992
0.665992
0.665993
0.665993
0.665993
0.665993
0.665993
0.665994
0.665995
0.665995
0.665998
0.665998
0.665998
0.665999
0.666
0.666
0.666
0.666
0.666
0.666
0.666
0.666001
0.666001
0.666001
0.666001
0.666001
0.666002
0.666002
0.666002
0.666002
0.666002
0.666002
0.666002
0.666002
0.666002
0.666003
0.666003
0.666003
0.666003
0.666003
0.666003
0.666003
0.666003
0.666003
0.666003
0.666003
0.666003
0.666003
0.666003
0.666003
0.666003
0.666003
0.666003
0.666003
0.666003
0.666003
0.666003
0.666003
0.666003
0.666003
0.666003
0.666003
0.666003
0.666003
0.666003
0.666003
0.666003
0.666003
0.666003
0.666003
0.666003
0.666003
0.666003
0.666003
0.666003
0.666003
0.666003
0.666003
0.666003
0.666003
0.666003
0.666003
0.666003
0.666003
0.666003
0.666003
0.666003
0.666003
0.666003
0.666003
0.666003
0.666003
0.666003
0.666003
0.666003
0.666003
0.666003
0.666003
0.666003
0.666003
0.666003
0.666003
0.666003
0.666003
0.666003
0.666003
0.666003
0.666003
0.666003
0.666003
0.666003
0.666003
0.666003
0.666003
0.666003
0.666003
0.666003
0.666003
0.666003
0.666003
0.666003
0.666003
0.666003
0.666003
0.666003
0.666003
0.666003
0.666003
0.666003
0.666003
0.666003
0.666003
0.666003
0.666003
0.666003
0.666003
0.666003
0.666003
0.666003
0.666003
0.666003
0.666003
0.666003
0.666003
0.666003
0.666003
0.666003
0.666003
0.666003
0.666003
0.666003
0.666003
0.666003
0.666003
0.666003
0.666003
0.666003
0.666003
0.666003
0.666003
0.666003
0.666003
0.666003
0.666003
0.666003
0.666003
0.666003
0.666003
0.666003
0.666003
0.666003
0.666003
0.666003
0.666003
0.666003
0.666003
0.666003
0.666003
0.666003
0.666003
0.666003
0.666003
0.666003
0.666003
0.666003
0.666003
0.666003
0.666003
0.666003
0.666003
0.666003
0.666003
0.666003
0.666003
0.666003
0.666003
0.666003
0.666003
0.666003
0.666003
0.666003
0.666003
0.666003
0.666003
0.666003
0.666003
0.666003
0.666003
0.666003
0.666003
0.666003
0.666003
0.666003
0.666003
0.666003
0.666003
0.666003
0.666003
0.666003
0.666003
0.666003
0.666003
0.666003
0.666003
0.666003
0.666003
0.666003
0.666003
0.666003
0.666003
0.666003
0.666003
0.666003
0.666003
0.666003
0.666003
0.666003
0.666003
0.666003
0.666003
0.666003
0.666003
0.666003
0.666003
0.666003
0.666003
0.666003
0.666003
0.666003
0.666003
0.666003
0.666003
0.666003
0.666003
0.666003
0.666003
0.666003
0.666003
0.666003
0.666003
0.666003
0.666003
0.666003
0.666003
0.666003
0.666003
0.666003
0.666003
0.666003
0.666003
0.666003
0.666003
0.666003
0.666003
0.666003
0.666003
0.666003
0.666003
0.666003
0.666003
0.666003
0.666003
0.666003
0.666003
0.666003
0.666003
0.666003
0.666003
0.666003
0.666003
0.666003
0.666003
0.666003
0.666003
0.666003
0.666003
0.666003
0.666003
0.666003
0.666003
0.666003
0.666003
0.666003
0.666003
0.666003
0.666003
0.666003
0.666003
0.666003
0.666003
0.666003
0.666003
0.666003


0.0159123
0.0165501
0.0188769
0.0198521
0.0198521
0.0202093
0.0202789
0.0204246
0.0212324
0.0213835
0.0216075
0.0225839
0.0225839
0.0230387
0.0230387
0.0230392
0.0241097
0.0245434
0.0251112
0.0264231
0.0272167
0.0287253
0.0287253
0.0287253
0.0288677
0.0296388
0.0307387
0.0307387
0.0318761
0.0318761
0.0334276
0.0342293
0.0342293
0.035945
0.0367741
0.0367742
0.0453361
0.0453361
0.0538503
0.0538503
0.0545749
0.0563332
0.0563332
0.0580111
0.061024
0.070599
0.0747672
0.0794091
0.0818434
0.106642
0.108143
0.11555
0.132078
0.133021
0.143795
0.143795
0.147229
0.156203
0.171892
0.175252
0.185958
0.19093
0.196896
0.204805
0.204805
0.217566
0.217862
0.223518
0.223518
0.240469
0.248474
0.254909
0.261032
0.267551
0.272218
0.28173
0.285423
0.290472
0.290696
0.29811
0.303449
0.299761
0.328075
0.33319
0.333727
0.351542
0.352767
0.352795
0.357863
0.35865
0.35865
0.366893
0.367468
0.368115
0.369609
0.369609
0.369609
0.371583
0.371583
0.373147
0.373819
0.37793
0.378024
0.378107
0.378252
0.380485
0.380485
0.380686
0.381187
0.38188
0.382481
0.382644
0.383066
0.383873
0.386251
0.386477
0.38666
0.386694
0.386813
0.387284
0.387303
0.387551
0.387567
0.387574
0.387588
0.387625
0.387638
0.38782
0.387988
0.388088
0.38815
0.388162
0.388167
0.388459
0.388461
0.38853
0.388534
0.388535
0.388541
0.388577
0.388609
0.388621
0.388703
0.388716
0.38875
0.38875
0.38875
0.38875
0.388787
0.388788
0.388789
0.388791
0.388791
0.388792
0.3888
0.388814
0.388814
0.388816
0.388816
0.388826
0.388826
0.388823
0.388826
0.388835
0.388835
0.388835
0.388836
0.388836
0.388841
0.388841
0.388843
0.388843
0.388843
0.388843
0.388844
0.388844
0.388844
0.388845
0.388845
0.388845
0.388845
0.388846
0.388846
0.388847
0.388847
0.388847
0.388847
0.388847
0.388847
0.388848
0.388848
0.388848
0.388848
0.388848
0.388848
0.388848
0.388848
0.388848
0.388848
0.388848
0.388848
0.388848
0.388848
0.388848
0.388848
0.388848
0.388848
0.388848
0.388848
0.388848
0.388848
0.388848
0.388848
0.388848
0.388848
0.388848
0.388848
0.388848
0.388848
0.388848
0.388848
0.388848
0.388848
0.388848
0.388848
0.388848
0.388848
0.388848
0.388848
0.388848
0.388848
0.388849
0.388849
0.388849
0.388849
0.388849
0.388849
0.388849
0.388849
0.388849
0.388849
0.388849
0.388849
0.388849
0.388849
0.388849
0.388849
0.388849
0.388849
0.388849
0.388849
0.388849
0.388849
0.388849
0.388849
0.388849
0.388849
0.388849
0.388849
0.388849
0.388849
0.388849
0.388849
0.388849
0.388849
0.388849
0.388849
0.388849
0.388849
0.388849
0.388849
0.388849
0.388849
0.388849
0.388849
0.388849
0.388849
0.388849
0.388849
0.388849
0.388849
0.388849
0.388849
0.388849
0.388849
0.388849
0.388849
0.388849
0.388849
0.388849
0.388849
0.388849
0.388849
0.403416
0.414901
0.415032
0.42048
0.420803
0.435783
0.435783
0.442754
0.442754
0.442754
0.442754
0.442754
0.442754
0.442754
0.442754
0.442985
0.442985
0.443175
0.443058
0.443163
0.443186
0.44364
0.455796
0.455796
0.455796
0.455796
0.45632
0.464777
0.47192
0.482946
0.504328
0.526781
0.53244
0.550017
0.551052
0.551607
0.55416
0.556139
0.558174
0.56697
0.569386
0.571582
0.571582
0.57359
0.57359
0.57359
0.57892
0.582855
0.592157
0.598645
0.598645
0.605192
0.608937
0.614414
0.614414
0.61921
0.622335
0.624187
0.624187
0.624187
0.624187
0.625337
0.63461
0.63461
0.636082
0.638433
0.638433
0.639836
0.638152
0.646416
0.648171
0.648979
0.648979
0.648979
0.651372
0.651372
0.651398
0.660281
0.660281
0.660874
0.660874
0.660909
0.660909
0.660941
0.660976
0.660976
0.660976
0.66134
0.66134
0.66134
0.661373
0.661456
0.661467
0.661516
0.661932
0.663112
0.664103
0.664467
0.664467
0.664804
0.664983
0.665963
0.665963
0.665963
0.665963
0.667973
0.667973
0.667973
0.668249
0.668249
0.668337
0.668928
0.669094
0.669328
0.669328
0.669837
0.669837
0.669912
0.669912
0.669912
0.670264
0.670264
0.670264
0.670345
0.670378
0.670615
0.670657
0.671071
0.671074
0.671075
0.671091
0.671169
0.671202
0.671226
0.671253
0.671284
0.67136
0.67136
0.67136
0.671374
0.671374
0.671401
0.671401
0.671413
0.671414
0.671513
0.671564
0.671579
0.671602
0.671665
0.671681
0.671681
0.671724
0.671781
0.671835
0.671872
0.671873
0.671875
0.671882
0.671899
0.671929
0.671944
0.671944
0.671944
0.671945
0.671946
0.671946
0.671952
0.671954
0.671958
0.671958
0.671959
0.67196
0.67196
0.671961
0.671962
0.671962
0.671962
0.671961
0.671962
0.671962
0.671962
0.671962
0.671963
0.671966
0.671968
0.671971
0.671981
0.671982
0.671986
0.671986
0.671986
0.671989
0.671993
0.671993
0.671994
0.671994
0.671994
0.671994
0.671995
0.671996
0.671996
0.671996
0.671996
0.671997
0.671997
0.671997


0.0203685
0.0226901
0.0236165
0.0239258
0.0253573
0.025541
0.027027
0.027027
0.0273098
0.0274281
0.0274751
0.0270545
0.0281161
0.0282279
0.0301229
0.0309035
0.0313496
0.0317049
0.0326435
0.0331171
0.0346978
0.0391307
0.0407896
0.0428816
0.0437704
0.044477
0.0463319
0.0577995
0.061431
0.063755
0.0690681
0.0657246
0.0726706
0.0758022
0.0855619
0.0893344
0.0908844
0.104265
0.114517
0.129004
0.129004
0.168504
0.205418
0.226508
0.23572
0.23775
0.258008
0.291894
0.31058
0.362356
0.391477
0.393202
0.460042
0.467904
0.472339
0.473664
0.495056
0.547247
0.565293
0.583064
0.610851
0.63313
0.636745
0.651723
0.683738
0.687157
0.719523
0.722376
0.741362
0.7437
0.775505
0.791199
0.812439
0.814997
0.818677
0.824941
0.833966
0.840193
0.850223
0.859092
0.861283
0.86898
0.875852
0.878396
0.88206
0.896397
0.898211
0.901447
0.906752
0.910751
0.913438
0.914785
0.915562
0.922233
0.922691
0.922928
0.924809
0.924809
0.925259
0.925944
0.92613
0.926509
0.929407
0.931107
0.931212
0.931292
0.93196
0.93196
0.932117
0.932125
0.932533
0.935994
0.937324
0.937375
0.937528
0.937564
0.937959
0.938014
0.938102
0.938666
0.938934
0.939041
0.939283
0.939573
0.939873
0.940013
0.940013
0.940095
0.940095
0.940127
0.940262
0.940598
0.940651
0.940663
0.940663
0.94067
0.940677
0.940699
0.940699
0.940714
0.940728
0.940816
0.940832
0.940832
0.940862
0.940864
0.940876
0.94089
0.940891
0.940893
0.940902
0.940991
0.940991
0.943379
0.943571
0.943571
0.950995
0.950995
0.957857
0.957858
0.957864
0.963521
0.965093
0.965094
0.96545
0.965459
0.968535
0.968535
0.971694
0.976925
0.976928
0.976928
0.978882
0.978882
0.978882
0.979002
0.979173
0.980471
0.980472
0.980568
0.980568
0.981439
0.981917
0.981917
0.983365
0.983365
0.983366
0.984336
0.984337
0.984381
0.98467
0.984821
0.984992
0.984992
0.985005
0.985045
0.985045
0.985319
0.985319
0.985319
0.985333
0.985436
0.985584
0.985756
0.985756
0.985756
0.986011
0.986032
0.986032
0.986032
0.986032
0.986038
0.986082
0.986082
0.986117
0.986174
0.986227
0.98627
0.98627
0.98627
0.986345
0.986375
0.986448
0.986448
0.986448
0.986561
0.986561
0.986561
0.986574
0.986574
0.986597
0.986618
0.986635
0.986635
0.986639
0.98664
0.986654
0.986654
0.986654
0.986675
0.986675
0.986675
0.986675
0.986708
0.986708
0.986716
0.986721
0.986721
0.986726
0.986726
0.986727
0.986728
0.986733
0.986737
0.986737
0.986739
0.986739
0.986741
0.986741
0.986741
0.986742
0.986743
0.986744
0.986744
0.986744
0.986746
0.986747
0.986747
0.986747
0.986747
0.986747
0.986749
0.986749
0.986749
0.986749
0.98675
0.98675
0.98675
0.98675
0.98675
0.98675
0.98675
0.98675
0.98675
0.98675
0.98675
0.98675
0.98675
0.98675
0.98675
0.986751
0.986751
0.986751
0.986751
0.986751
0.986751
0.986751
0.986751
0.986751
0.986751
0.986751
0.986751
0.986751
0.986751
0.986751
0.986751
0.986751
0.986751
0.986751
0.986751
0.986751
0.986751
0.986751
0.986751
0.986751
0.986751
0.986751
0.986751
0.986751
0.986751
0.986751
0.986751
0.986751
0.986751
0.986751
0.986751
0.986751
0.986751
0.986751
0.986751
0.986751
0.986751
0.986751
0.986751
0.986751
0.986751
0.986751
0.986751
0.986751
0.986751
0.986751
0.986751
0.986751
0.986751
0.986751
0.986751
0.986751
0.986751
0.986751
0.986751
0.986751
0.986751
0.986751
0.986751
0.986751
0.986751
0.986751
0.986751
0.986751
0.986751
0.986751
0.986751
0.986751
0.986751
0.986751
0.986751
0.986751
0.986751
0.986751
0.986751
0.986751
0.986751
0.986751
0.986751
0.986751
0.986751
0.986751
0.986751
0.986751
0.986751
0.986751
0.986751
0.986751
0.986751
0.986751
0.986751
0.986751
0.986751
0.986751
0.986751
0.986751
0.986751
0.986751
0.986751
0.986751
0.986751
0.986751
0.986751
0.986751
0.986751
0.986751
0.986751
0.986751
0.986751
0.986751
0.986751
0.986751
0.986751
0.986751
0.986751
0.986751
0.986751
0.986751
0.986751
0.986751
0.986751
0.986751
0.986751
0.986751
0.986751
0.986751
0.986751
0.986751
0.986751
0.986751
0.986751
0.986751
0.986751
0.986751
0.986751
0.986751
0.986661
0.986751
0.986751
0.986751
0.986751
0.986751
0.986751
0.986751
0.986751
0.986751
0.986751
0.986751
0.986751
0.986751
0.986751
0.986751
0.986751
0.986751
0.986751
0.986751
0.986751
0.986751
0.986751
0.986751
0.986751
0.986751
0.986751
0.986751
0.986751
0.986751
0.986751
0.986751
0.986751
0.986751
0.986751
0.986751
0.986751
0.986751
0.986751
0.986751
0.986751
0.986751
0.986751
0.986751
0.986751
0.986751
0.986751
0.986751
0.986751
0.986751
0.986751
0.986751
0.986751
0.986751
0.986751
0.986751
0.986751
0.986751
0.986751
0.986751
0.986751
0.986751
0.986751
0.986751
0.986751
0.986751
0.986751
0.986751
0.986751


0.0235455
0.025909
0.0266402
0.0270071
0.0274561
0.0283837
0.0285752
0.0294935
0.0296866
0.0304023
0.0304742
0.0305872
0.0312257
0.0325459
0.0325861
0.0330879
0.0343498
0.0346377
0.036322
0.0375359
0.0387324
0.0395447
0.040724
0.0424454
0.0449473
0.049944
0.049944
0.0503612
0.0528256
0.0550688
0.0831505
0.0831505
0.0999467
0.101295
0.104546
0.117242
0.146847
0.148014
0.150476
0.185771
0.192084
0.199596
0.236592
0.236592
0.246903
0.254818
0.285359
0.34601
0.34946
0.357005
0.362172
0.376549
0.411392
0.411392
0.415862
0.432245
0.432245
0.438247
0.45298
0.455301
0.462571
0.468204
0.468204
0.473888
0.473888
0.486492
0.486492
0.49149
0.499621
0.502808
0.502808
0.505151
0.508039
0.511207
0.512299
0.514938
0.518579
0.523732
0.526465
0.526532
0.533597
0.53417
0.534454
0.536878
0.537372
0.537372
0.538175
0.5383
0.541416
0.542025
0.542025
0.542389
0.542389
0.542762
0.543362
0.544522
0.544842
0.545279
0.545333
0.546079
0.546098
0.546098
0.546597
0.546677
0.546985
0.547249
0.547254
0.547469
0.547499
0.547562
0.547743
0.547852
0.548034
0.548045
0.54806
0.54806
0.548061
0.548193
0.548208
0.548285
0.548325
0.548349
0.548351
0.548405
0.548429
0.548493
0.548493
0.548494
0.548498
0.548517
0.548534
0.548552
0.548552
0.548557
0.548569
0.54859
0.548596
0.548616
0.548616
0.548616
0.548619
0.548623
0.548626
0.548629
0.54863
0.548633
0.548638
0.548641
0.548642
0.548643
0.548647
0.548647
0.548649
0.548649
0.548649
0.548651
0.548651
0.548652
0.548654
0.548654
0.548655
0.548656
0.548656
0.548657
0.548658
0.548659
0.548659
0.548659
0.548659
0.548659
0.548659
0.54866
0.54866
0.54866
0.54866
0.54866
0.54866
0.54866
0.54866
0.548661
0.548661
0.548661
0.548661
0.548661
0.548661
0.548661
0.548661
0.548661
0.548661
0.548661
0.548661
0.548661
0.548661
0.548661
0.548661
0.548661
0.548661
0.548661
0.548661
0.548661
0.548661
0.548661
0.548661
0.548661
0.548661
0.548661
0.548661
0.548661
0.548661
0.548661
0.548661
0.548661
0.548661
0.548661
0.548661
0.548661
0.548661
0.548661
0.548661
0.548661
0.548661
0.548661
0.555589
0.555589
0.555589
0.570104
0.571167
0.579271
0.587443
0.596345
0.596345
0.596345
0.604386
0.604386
0.604386
0.604386
0.616781
0.619206
0.624359
0.624881
0.624881
0.631888
0.635938
0.64784
0.64784
0.660737
0.672271
0.674009
0.674009
0.679142
0.679142
0.678478
0.682116
0.682116
0.684534
0.685002
0.685328
0.687262
0.687594
0.691687
0.695653
0.695653
0.697076
0.697677
0.698463
0.700117
0.700342
0.700342
0.700342
0.700342
0.700342
0.70107
0.702648
0.702782
0.702782
0.703098
0.703098
0.703098
0.704233
0.704233
0.704859
0.704859
0.704859
0.704859
0.704891
0.705216
0.70553
0.705615
0.705682
0.705853
0.705998
0.705907
0.706289
0.706289
0.706464
0.706798
0.706798
0.707044
0.707144
0.707485
0.707485
0.70751
0.707699
0.707699
0.707751
0.707868
0.707868
0.707886
0.707943
0.707969
0.707969
0.70803
0.70803
0.70806
0.708151
0.708173
0.708173
0.708195
0.708201
0.708242
0.708261
0.708293
0.708299
0.708299
0.708335
0.708366
0.708368
0.708398
0.708401
0.70844
0.70844
0.708444
0.708469
0.708469
0.708469
0.708471
0.708472
0.708472
0.708476
0.708477
0.708491
0.708491
0.708494
0.708496
0.7085
0.708508
0.708509
0.708509
0.70851
0.70851
0.708511
0.708513
0.708513
0.708513
0.708514
0.708514
0.708515
0.708515
0.708515
0.708515
0.708515
0.708516
0.708516
0.708516
0.708516
0.708517
0.708517
0.708517
0.708517
0.708517
0.708518
0.708518
0.708518
0.708518
0.708518
0.708518
0.708518
0.708518
0.708518
0.708518
0.708518
0.708518
0.708518
0.708518
0.708518
0.708518
0.708518
0.708518
0.708518
0.708519
0.708519
0.708519
0.708519
0.708519
0.708519
0.708519
0.708519
0.708519
0.708519
0.708519
0.708519
0.708519
0.708519
0.708519
0.708519
0.708519
0.708519
0.708519
0.708519
0.708519
0.708519
0.708519
0.708519
0.708519
0.708519
0.708519
0.708519
0.708519
0.708519
0.708519
0.708519
0.708519
0.708519
0.708519
0.708519
0.708519
0.708519
0.708519
0.708519
0.708519
0.708519
0.708519
0.708519
0.708519
0.708519
0.708519
0.708519
0.708519
0.708519
0.708519
0.708519
0.708519
0.708519
0.708519
0.708519
0.708519
0.708519
0.708519
0.708519
0.708519
0.708519
0.708519
0.708519
0.708519
0.708519
0.708519
0.708519
0.708519
0.708519
0.708519
0.708519
0.708519
0.708519
0.708519
0.708519
0.708519
0.708519
0.708519
0.708519
0.708519
0.708519
0.708519
0.708519
0.708519
0.708519
0.708519
0.708519
0.708519
0.708519
0.708519
0.708519
0.708519
0.708519
0.708519
0.708519
0.708519
0.708519
0.708519
0.708519
0.708519
0.708519
0.708519
0.708519
0.708519
0.708519
0.708519
0.708519
0.708519
0.708519
0.708519


0.0280312
0.0280621
0.0305933
0.0305933
0.0305933
0.0310497
0.0310519
0.032672
0.0328166
0.0328457
0.0331754
0.0329992
0.0345797
0.0352999
0.0361897
0.0367118
0.0370954
0.0376989
0.0404641
0.0404641
0.0432947
0.0423976
0.0433371
0.0449556
0.0458612
0.0471486
0.0472778
0.0514971
0.0538523
0.0563617
0.0572509
0.0630608
0.0688052
0.072931
0.0732695
0.0740082
0.0753695
0.0835812
0.0867217
0.0920466
0.100756
0.104281
0.106624
0.112089
0.122453
0.127207
0.129764
0.146917
0.147799
0.150116
0.170248
0.174578
0.176825
0.195112
0.225712
0.225712
0.240037
0.240037
0.249728
0.249728
0.25384
0.255981
0.258396
0.262583
0.275418
0.275418
0.275658
0.28192
0.285757
0.291598
0.29326
0.296746
0.297605
0.297605
0.299941
0.299941
0.303588
0.3047
0.308227
0.308227
0.308227
0.308305
0.309148
0.309667
0.311135
0.311831
0.312299
0.312692
0.312817
0.312985
0.313059
0.313347
0.313773
0.313818
0.313959
0.314114
0.314197
0.31425
0.314635
0.314745
0.314815
0.314863
0.314872
0.314944
0.314944
0.315079
0.31509
0.315187
0.315228
0.315259
0.315269
0.315292
0.315391
0.315394
0.315483
0.315487
0.315502
0.315516
0.315522
0.315541
0.315553
0.315566
0.315569
0.315575
0.31558
0.315591
0.315602
0.315609
0.315612
0.315617
0.315621
0.315625
0.315625
0.315634
0.315637
0.315643
0.315645
0.315651
0.315656
0.315657
0.315657
0.315657
0.315658
0.315658
0.315659
0.31566
0.31566
0.315661
0.315663
0.315664
0.315664
0.315665
0.328652
0.338448
0.338448
0.393104
0.393104
0.412426
0.412427
0.412427
0.418629
0.429174
0.430897
0.430897
0.435542
0.435542
0.444697
0.451669
0.451669
0.456816
0.456816
0.456293
0.461578
0.461578
0.461578
0.467611
0.473903
0.479476
0.479476
0.485411
0.485411
0.495989
0.507701
0.507701
0.516765
0.516765
0.523892
0.523892
0.524513
0.527462
0.543398
0.543398
0.543398
0.546337
0.546337
0.546337
0.546958
0.546958
0.553298
0.555967
0.557755
0.559805
0.559805
0.564148
0.564148
0.568451
0.568451
0.568451
0.570055
0.570055
0.570306
0.570011
0.570353
0.570496
0.572157
0.572157
0.572157
0.572157
0.572207
0.572207
0.572207
0.573266
0.574138
0.574138
0.574388
0.574388
0.57517
0.575465
0.576615
0.576615
0.576615
0.57651
0.57651
0.576528
0.576806
0.576806
0.576875
0.57713
0.57713
0.577168
0.577365
0.577712
0.577712
0.577712
0.577712
0.577712
0.577776
0.577846
0.577966
0.577966
0.577966
0.577985
0.577985
0.578039
0.578101
0.578101
0.57811
0.57811
0.578133
0.578158
0.578158
0.578158
0.578165
0.578365
0.578365
0.578365
0.578365
0.578394
0.578394
0.578403
0.57841
0.578424
0.578424
0.578437
0.578437
0.578448
0.578453
0.578453
0.578453
0.578455
0.578456
0.578456
0.578456
0.578461
0.578461
0.578468
0.57847
0.57847
0.578472
0.578475
0.578475
0.578475
0.578475
0.578475
0.578475
0.578475
0.57848
0.57848
0.57848
0.578481
0.578481
0.578482
0.578482
0.578483
0.578484
0.578485
0.578485
0.578485
0.578485
0.578485
0.578485
0.578485
0.578486
0.578486
0.578486
0.578486
0.578487
0.578487
0.578487
0.578487
0.578487
0.578487
0.578487
0.578487
0.578487
0.578487
0.578487
0.578487
0.578487
0.578487
0.578487
0.578488
0.578488
0.578488
0.578488
0.578488
0.578488
0.578488
0.578488
0.578488
0.578488
0.578488
0.578488
0.578488
0.578488
0.578488
0.578488
0.578488
0.578488
0.578488
0.578488
0.578488
0.578488
0.578488
0.578488
0.578488
0.578488
0.578488
0.578488
0.578488
0.578488
0.578488
0.578488
0.578488
0.578488
0.578488
0.578488
0.578488
0.578488
0.578488
0.578488
0.578488
0.578488
0.578488
0.578488
0.578488
0.578488
0.578488
0.578488
0.578488
0.578488
0.578488
0.578488
0.578488
0.578488
0.578488
0.578488
0.578488
0.578488
0.578488
0.578488
0.578488
0.578488
0.578488
0.578488
0.578488
0.578488
0.578488
0.578488
0.578488
0.578488
0.578488
0.578488
0.578488
0.578488
0.578488
0.578488
0.578488
0.578488
0.578488
0.578488
0.578488
0.578488
0.578488
0.578488
0.578488
0.578488
0.578488
0.578488
0.578488
0.578488
0.578488
0.578488
0.578488
0.578488
0.578488
0.578488
0.578488
0.578488
0.578488
0.578488
0.578488
0.578488
0.578488
0.578488
0.578488
0.578488
0.578488
0.578488
0.578488
0.578488
0.578488
0.578488
0.578488
0.578488
0.578488
0.578488
0.578488
0.578488
0.578488
0.578488
0.578488
0.578488
0.578488
0.578488
0.578488
0.578488
0.578488
0.578488
0.578488
0.578488
0.578488
0.578488
0.578488
0.578488
0.578488
0.578488
0.578488
0.578488
0.578488
0.578488
0.578488
0.578488
0.578488
0.578488
0.578488
0.578488
0.578488
0.578488
0.578488
0.578488
0.578488
0.578488
0.578488
0.578488
0.578488
0.578488
0.578488
0.578488
0.578488
0.578488
0.578488
0.578488
0.578488
0.578488
0.578488
0.578488
0.578488
0.578488
0.578488


0.0198664
0.0223754
0.0224214
0.0240772
0.0242385
0.0242385
0.0245813
0.025822
0.0259115
0.0259115
0.0259115
0.0269096
0.0269784
0.0269784
0.0273369
0.0277519
0.0277519
0.0280062
0.0283131
0.02849
0.0299408
0.0302003
0.0314488
0.0327642
0.0338246
0.0378484
0.0378484
0.0379187
0.0387771
0.0392353
0.0393662
0.0414576
0.0435526
0.0454715
0.0602817
0.0603286
0.0604125
0.0606804
0.0640942
0.0679568
0.068996
0.0728458
0.0761099
0.0807187
0.0829779
0.0876371
0.0928356
0.0996059
0.0996059
0.101913
0.102696
0.116264
0.117222
0.122136
0.122683
0.127162
0.147741
0.147741
0.155014
0.155143
0.157202
0.154363
0.156954
0.16497
0.170937
0.171042
0.174613
0.189069
0.199021
0.207356
0.207356
0.239128
0.239219
0.239219
0.240023
0.247025
0.256808
0.265763
0.265787
0.266186
0.272333
0.280193
0.28044
0.28373
0.288861
0.289758
0.301808
0.301823
0.301961
0.306796
0.306859
0.307427
0.307427
0.310566
0.317653
0.317653
0.320342
0.320342
0.325206
0.326184
0.326184
0.327562
0.328815
0.332535
0.333224
0.336025
0.336025
0.336056
0.336662
0.336686
0.337544
0.337585
0.338335
0.339645
0.339661
0.339717
0.340031
0.340043
0.340282
0.340438
0.340563
0.340681
0.341154
0.341498
0.341499
0.342108
0.342114
0.342314
0.342315
0.342315
0.342408
0.34241
0.34241
0.342412
0.342626
0.342626
0.342628
0.342628
0.342672
0.342672
0.342685
0.342689
0.342703
0.342715
0.342759
0.342806
0.342811
0.342835
0.342835
0.342837
0.342837
0.34286
0.342874
0.342874
0.342874
0.342874
0.342874
0.342887
0.342887
0.342887
0.342887
0.342888
0.34289
0.342891
0.342892
0.342892
0.342893
0.342895
0.342895
0.342895
0.342896
0.342897
0.342897
0.342897
0.342897
0.342897
0.342898
0.342898
0.342898
0.342898
0.342898
0.342898
0.342899
0.342899
0.342899
0.342899
0.342899
0.342899
0.342899
0.342899
0.342899
0.342899
0.342899
0.342899
0.342899
0.342899
0.342899
0.342899
0.342899
0.342899
0.342899
0.342899
0.342899
0.342899
0.342899
0.342899
0.342899
0.342899
0.342899
0.342899
0.342899
0.342899
0.342899
0.342899
0.342899
0.342899
0.342899
0.342899
0.342899
0.342899
0.342899
0.342899
0.342899
0.342899
0.3429
0.3429
0.3429
0.3429
0.3429
0.3429
0.3429
0.3429
0.3429
0.3429
0.3429
0.3429
0.3429
0.3429
0.3429
0.3429
0.3429
0.3429
0.3429
0.3429
0.3429
0.3429
0.3429
0.3429
0.3429
0.361468
0.376505
0.379463
0.386945
0.386945
0.398168
0.399067
0.424169
0.428369
0.449182
0.453435
0.458212
0.459853
0.469854
0.475707
0.475707
0.477847
0.483108
0.485506
0.495403
0.497511
0.503902
0.506647
0.510303
0.514962
0.516419
0.516419
0.519514
0.519728
0.519728
0.527273
0.527273
0.553303
0.553303
0.559725
0.564639
0.564639
0.56853
0.569888
0.570094
0.571374
0.57267
0.576352
0.576743
0.576805
0.576837
0.581503
0.58272
0.587592
0.587592
0.587592
0.588512
0.589531
0.593814
0.593951
0.59666
0.597028
0.59732
0.598153
0.600588
0.600588
0.601819
0.601548
0.602275
0.602275
0.602275
0.60242
0.606756
0.606756
0.606987
0.607265
0.607367
0.607238
0.6083
0.608389
0.608801
0.608801
0.608937
0.608937
0.609101
0.61023
0.610883
0.612122
0.61213
0.612928
0.613112
0.613161
0.61468
0.614683
0.616963
0.616963
0.617047
0.616661
0.617175
0.617239
0.617368
0.617724
0.617724
0.617736
0.617922
0.617927
0.618118
0.618112
0.618131
0.618134
0.618134
0.618161
0.619064
0.619064
0.619079
0.619079
0.619084
0.619109
0.619116
0.619137
0.619145
0.619454
0.619795
0.619795
0.619795
0.619869
0.620006
0.620015
0.620062
0.620258
0.620258
0.620262
0.620299
0.620299
0.620356
0.62042
0.620533
0.620515
0.620517
0.620679
0.620877
0.620911
0.620968
0.620971
0.62103
0.62103
0.621078
0.621016
0.621018
0.621068
0.621068
0.621068
0.621082
0.621126
0.621138
0.621141
0.621155
0.62116
0.621161
0.621209
0.621237
0.621245
0.621245
0.62126
0.621286
0.621286
0.621291
0.621312
0.621413
0.621414
0.621414
0.621436
0.621454
0.621454
0.621454
0.621467
0.621467
0.621467
0.621467
0.621467
0.621496
0.621506
0.621506
0.621506
0.621506
0.621519
0.621521
0.621526
0.621536
0.621536
0.621536
0.621536
0.621536
0.621536
0.621539
0.621539
0.621539
0.621539
0.621539
0.621539
0.621541
0.621541
0.621543
0.621543
0.621543
0.621546
0.621548
0.621549
0.62155
0.621551
0.621558
0.621563
0.621563
0.621564
0.621564
0.621564
0.621567
0.621567
0.621567
0.621568
0.62157
0.62157
0.62157
0.62157
0.62157
0.62157
0.62157
0.621573
0.621573
0.621573
0.621573
0.621573
0.621573
0.621574
0.621574
0.621574
0.621574
0.621574
0.621574
0.621574
0.621574
0.621575
0.621575
0.621575
0.621575
0.621575
0.621575
0.621575
0.621575
0.621576
0.621576
0.621576
0.621576
0.621576
0.621576
0.621577


0.033666
0.0341634
0.0368017
0.0376601
0.0384579
0.0396549
0.0398851
0.0407693
0.0409267
0.0421956
0.0437692
0.0440914
0.0472833
0.0474227
0.0479286
0.0488882
0.0499348
0.0504938
0.0524556
0.0541253
0.0541886
0.0594417
0.0630093
0.0647946
0.0737928
0.0737928
0.073922
0.0744104
0.0782626
0.0826509
0.0833097
0.0867824
0.0875883
0.0975723
0.105431
0.130407
0.130407
0.135854
0.136117
0.15536
0.161624
0.149778
0.155237
0.179242
0.186034
0.19889
0.204956
0.219212
0.252179
0.252179
0.283426
0.280816
0.303079
0.314893
0.327829
0.356788
0.374978
0.400115
0.424804
0.478297
0.509714
0.509714
0.531943
0.531943
0.543569
0.580412
0.603306
0.613522
0.629658
0.629658
0.645737
0.662854
0.713912
0.720273
0.726925
0.753951
0.777323
0.777323
0.784066
0.784066
0.800436
0.809516
0.811513
0.814581
0.816029
0.822468
0.826751
0.827958
0.82957
0.830948
0.83797
0.835876
0.845328
0.852545
0.855237
0.857923
0.858527
0.860497
0.860667
0.860667
0.86299
0.864593
0.864593
0.866807
0.867432
0.867432
0.867778
0.867902
0.869243
0.869535
0.86979
0.870916
0.872623
0.874553
0.874553
0.875051
0.875051
0.875377
0.875435
0.87575
0.875998
0.87624
0.876477
0.876582
0.876764
0.877091
0.877143
0.877143
0.87725
0.87726
0.877265
0.87732
0.877346
0.877403
0.877573
0.877762
0.877861
0.877999
0.878016
0.878194
0.8782
0.878213
0.878226
0.878229
0.878229
0.878292
0.878305
0.878305
0.878314
0.878355
0.878385
0.878399
0.878401
0.878416
0.878434
0.878434
0.878438
0.878449
0.878454
0.878462
0.878473
0.878477
0.878486
0.878491
0.878495
0.878498
0.8785
0.878503
0.878505
0.878505
0.87851
0.878519
0.878521
0.878523
0.878525
0.878525
0.878525
0.878525
0.878526
0.878526
0.878529
0.87853
0.878532
0.878533
0.878533
0.878534
0.878535
0.878535
0.878536
0.878536
0.878536
0.878537
0.878537
0.878537
0.878538
0.878538
0.878538
0.878538
0.878538
0.878539
0.878539
0.878539
0.878539
0.878539
0.878539
0.878539
0.878539
0.878539
0.878539
0.878539
0.87854
0.87854
0.87854
0.87854
0.87854
0.87854
0.87854
0.87854
0.87854
0.87854
0.87854
0.87854
0.87854
0.87854
0.87854
0.87854
0.87854
0.87854
0.87854
0.87854
0.87854
0.87854
0.87854
0.87854
0.87854
0.87854
0.87854
0.87854
0.87854
0.87854
0.87854
0.87854
0.87854
0.87854
0.87854
0.87854
0.87854
0.87854
0.87854
0.87854
0.87854
0.87854
0.87854
0.87854
0.87854
0.87854
0.87854
0.87854
0.87854
0.87854
0.87854
0.87854
0.87854
0.87854
0.87854
0.87854
0.87854
0.87854
0.87854
0.87854
0.87854
0.87854
0.87854
0.87854
0.87854
0.87854
0.87854
0.87854
0.87854
0.87854
0.87854
0.87854
0.87854
0.87854
0.87854
0.87854
0.87854
0.87854
0.87854
0.87854
0.87854
0.87854
0.87854
0.87854
0.87854
0.87854
0.87854
0.87854
0.87854
0.87854
0.87854
0.87854
0.87854
0.87854
0.87854
0.87854
0.87854
0.87854
0.87854
0.87854
0.87854
0.87854
0.87854
0.87854
0.87854
0.87854
0.87854
0.87854
0.87854
0.87854
0.87854
0.87854
0.87854
0.87854
0.87854
0.87854
0.87854
0.87854
0.87854
0.87854
0.87854
0.87854
0.87854
0.87854
0.87854
0.87854
0.87854
0.87854
0.87854
0.87854
0.87854
0.87854
0.87854
0.87854
0.87854
0.87854
0.87854
0.87854
0.87854
0.87854
0.87854
0.87854
0.87854
0.87854
0.87854
0.87854
0.87854
0.87854
0.87854
0.87854
0.87854
0.87854
0.87854
0.87854
0.87854
0.87854
0.87854
0.87854
0.87854
0.87854
0.87854
0.87854
0.87854
0.87854
0.87854
0.87854
0.87854
0.87854
0.87854
0.87854
0.87854
0.87854
0.87854
0.87854
0.87854
0.87854
0.87854
0.87854
0.87854
0.87854
0.87854
0.87854
0.87854
0.87854
0.87854
0.87854
0.87854
0.87854
0.87854
0.87854
0.87854
0.87854
0.87854
0.87854
0.87854
0.87854
0.87854
0.87854
0.87854
0.87854
0.87854
0.87854
0.87854
0.87854
0.87854
0.87854
0.87854
0.87854
0.87854
0.87854
0.87854
0.87854
0.87854
0.87854
0.87854
0.87854
0.87854
0.87854
0.87854
0.87854
0.87854
0.87854
0.87854
0.87854
0.87854
0.87854
0.87854
0.87854
0.87854
0.87854
0.87854
0.87854
0.87854
0.87854
0.87854
0.87854
0.87854
0.87854
0.87854
0.87854
0.87854
0.87854
0.87854
0.87854
0.87854
0.87854
0.87854
0.87854
0.87854
0.87854
0.87854
0.87854
0.87854
0.87854
0.87854
0.87854
0.87854
0.87854
0.87854
0.87854
0.87854
0.87854
0.87854
0.87854
0.87854
0.87854
0.87854
0.87854
0.87854
0.87854
0.87854
0.87854
0.87854
0.87854
0.87854
0.87854
0.87854
0.87854
0.87854
0.87854
0.87854
0.87854
0.87854
0.87854
0.87854
0.87854
0.87854
0.87854
0.87854
0.87854


0.0288787
0.0310832
0.0320076
0.032156
0.0323756
0.0333383
0.0334994
0.0341744
0.0345444
0.0349542
0.0349542
0.0349722
0.0352059
0.0355448
0.035732
0.0359495
0.0360503
0.036389
0.036389
0.0369397
0.03771
0.0377636
0.038914
0.0404338
0.0404338
0.0404371
0.0412769
0.0418572
0.0424698
0.0431025
0.0431025
0.0439472
0.0465315
0.0465379
0.0465413
0.046937
0.046937
0.048526
0.051922
0.051922
0.0567361
0.0629498
0.0629498
0.0657544
0.0736666
0.0775161
0.0804843
0.0891552
0.0891552
0.0896722
0.100556
0.0976145
0.114267
0.114267
0.124199
0.162687
0.162687
0.193851
0.194369
0.196626
0.199624
0.189569
0.206646
0.216902
0.227992
0.239596
0.242306
0.254136
0.281566
0.284351
0.291122
0.310198
0.312044
0.326628
0.327809
0.327858
0.348721
0.349958
0.353012
0.35663
0.356852
0.361195
0.363117
0.363117
0.36655
0.370261
0.372208
0.372412
0.372793
0.382049
0.38207
0.384612
0.385529
0.390715
0.392597
0.394567
0.396909
0.404521
0.404597
0.411655
0.411804
0.41171
0.429733
0.429733
0.429733
0.439146
0.440779
0.440781
0.449042
0.456723
0.49293
0.507284
0.52266
0.535265
0.545299
0.549429
0.556762
0.556762
0.557374
0.558359
0.564767
0.568487
0.568487
0.574855
0.58737
0.596733
0.597381
0.600696
0.612426
0.62291
0.631973
0.63121
0.635062
0.637671
0.641064
0.64163
0.644284
0.659801
0.659801
0.659801
0.66255
0.663227
0.663227
0.663783
0.665641
0.665641
0.666329
0.668178
0.669035
0.671419
0.671673
0.672491
0.673656
0.674439
0.674756
0.675977
0.676577
0.676592
0.677479
0.678151
0.679351
0.679487
0.679676
0.679817
0.679911
0.68048
0.680597
0.681081
0.681172
0.681378
0.681545
0.68154
0.681944
0.681944
0.682158
0.682231
0.682501
0.682912
0.683064
0.683089
0.683193
0.683285
0.683315
0.683674
0.683844
0.683877
0.684005
0.684157
0.684187
0.684257
0.684267
0.684263
0.684272
0.684308
0.684308
0.684383
0.684408
0.684432
0.684436
0.684442
0.68447
0.684459
0.684522
0.68454
0.68455
0.684574
0.684577
0.684618
0.684629
0.684644
0.684644
0.68464
0.68467
0.684671
0.684687
0.684702
0.68471
0.684714
0.684729
0.68473
0.684731
0.68473
0.684731
0.684734
0.684743
0.684743
0.684747
0.684748
0.684758
0.684758
0.684762
0.684764
0.684766
0.684767
0.684772
0.684774
0.684778
0.684778
0.684778
0.68478
0.684782
0.684784
0.684785
0.684786
0.684787
0.684788
0.684789
0.684789
0.684789
0.68479
0.684791
0.684792
0.684792
0.684793
0.684793
0.684794
0.684794
0.684794
0.684794
0.684795
0.684795
0.684796
0.684797
0.684797
0.684797
0.684797
0.684797
0.684797
0.684797
0.684797
0.684797
0.684797
0.684797
0.684798
0.684798
0.684798
0.684798
0.684798
0.684798
0.684798
0.684798
0.684798
0.684798
0.684798
0.684798
0.684798
0.684798
0.684798
0.684798
0.684798
0.684798
0.684798
0.684798
0.684798
0.684798
0.684798
0.684798
0.684798
0.684798
0.684798
0.684798
0.684798
0.684798
0.684798
0.684798
0.684798
0.684798
0.684798
0.684798
0.684798
0.684798
0.684798
0.684798
0.684798
0.684798
0.684798
0.684798
0.684798
0.684798
0.684798
0.684798
0.684798
0.684798
0.684798
0.684798
0.684798
0.684798
0.684798
0.684798
0.684798
0.684798
0.684798
0.684798
0.684798
0.684798
0.684798
0.684798
0.684798
0.684798
0.684798
0.684798
0.684798
0.684798
0.684798
0.684798
0.684798
0.684798
0.684798
0.684798
0.684798
0.684798
0.684798
0.684798
0.684798
0.684798
0.684798
0.684798
0.684798
0.684798
0.684798
0.684798
0.684798
0.684798
0.684798
0.684798
0.684798
0.684798
0.684798
0.684798
0.684798
0.684798
0.684798
0.684798
0.684798
0.684798
0.684798
0.684798
0.684798
0.684798
0.684798
0.684798
0.684798
0.684798
0.684798
0.684798
0.684798
0.684798
0.684798
0.684798
0.684798
0.684798
0.684798
0.684798
0.684798
0.684798
0.684798
0.684798
0.684798
0.684798
0.684798
0.684798
0.684798
0.684798
0.684798
0.684798
0.684798
0.684798
0.684798
0.684798
0.684798
0.684798
0.684798
0.684798
0.684798
0.684798
0.684798
0.684798
0.684798
0.684798
0.684798
0.684798
0.684798
0.684798
0.684798
0.684798
0.684798
0.684798
0.684798
0.684798
0.684798
0.684798
0.684798
0.684798
0.684798
0.684798
0.684798
0.684798
0.684798
0.684798
0.684798
0.684798
0.684798
0.684798
0.684798
0.684798
0.684798
0.684798
0.684798
0.684798
0.684798
0.684798
0.684798
0.684798
0.684798
0.684798
0.684798
0.684798
0.684798
0.684798
0.684798
0.684798
0.684798
0.684798
0.684798
0.684798
0.684798
0.684798
0.684798
0.684798
0.684798
0.684798
0.684798
0.684798
0.684798
0.684798
0.684798
0.684798
0.684798
0.684798
0.684798
0.684798
0.684798
0.684798
0.684798
0.684798
0.684798
0.684798
0.684798
0.684798
0.684798
0.684798
0.684798
0.684798
0.684798
0.684798
0.684798
0.684798
0.684798
0.684798
0.684798


