1915.49
1915.49
1915.49
1864.6
1827.69
1804.54
1788.93
1788.93
1777.3
1676.75
1642.76
1598.69
1499.48
1432.11
1375.91
1375.48
1368.14
1345.82
1337.2
1244.11
1167.17
1127.16
1127.16
1118.88
1118.61
953.803
951.62
951.511
929.946
831.027
735.038
734.1
727.664
618.067
584.522
527.864
504.612
456.184
423.084
338.049
337.856
318.543
290.909
284.446
265.593
249.276
218.371
191.325
191.325
179.794
158.714
136.648
135.872
120.318
111.232
101.662
98.9146
93.7551
93.2503
91.1572
90.654
84.5698
78.6926
76.8543
76.0285
73.2155
72.2133
70.8992
67.1672
62.0063
62.0063
61.5692
59.7406
59.1571
59.1571
59.1095
58.6064
56.9512
56.9512
56.2826
55.2831
54.6555
54.0128
53.7131
53.4912
53.2099
53.1404
52.2879
51.8509
51.7899
51.677
51.6256
51.4898
51.4474
50.9473
50.8546
50.7212
50.6933
50.6727
50.6383
50.4862
50.4894
50.4039
50.3735
50.3658
50.2642
50.2082
50.1885
50.1815
50.1441
50.1338
50.1326
50.0959
50.0885
50.0688
50.0688
50.0688
50.0657
50.065
50.0581
50.0502
50.0434
50.0366
50.035
50.035
50.031
50.0307
50.0258
50.0173
50.0173
50.0144
50.0141
50.0129
50.012
50.011
50.0097
50.0095
50.0091
50.0089
50.0077
50.0068
50.0058
50.0052
50.0051
50.0048
50.0043
50.0041
50.0034
50.003
50.0029
50.0024
50.0024
50.0021
50.0018
50.0016
50.0014
50.0013
50.0012
50.001
50.0009
50.0009
50.0009
50.0008
50.0008
50.0007
50.0006
50.0006
50.0005
50.0004
50.0004
50.0003
50.0003
50.0002
50.0002
50.0002
50.0001
50.0001
50.0001
50.0001
50.0001
50.0001
50.0001
50.0001
50.0001
50
50
50
50
50
50
50
50
50
50
50
50
50
50
50
50
50
50
50
50
50
50
50
50
50
50
50
50
50
50
50
50
50
50
50
50
50
50
50
50
50
50
50
50
50
50
50
50
50
50
50
50
50
50
50
50
50
50
50
50
50
50
50
50
50
50
50
50
50
50
50
50
50
50
50
50
50
50
50
50
50
50
50
50
50
50
50
50
50
50
50
50
50
50
50
50
50
50
50
50
50
50
50
50
50
50
50
50
50
50
50
50
50
50
50
50
50
50
50
50
50
50
50
50
50
50
50
50
50
50
50
50
50
50
50
50
50
50
50
50
50
50
50
50
50
50
50
50
50
50
50
50
50
50
50
50
50
50
50
50
50
50
50
50
50
50
50
50.1136
50
50
50
50
50
50
50
50
50
50
50
50
50
50
50
50
50
50
50
50
50
50
50
50
50
50
50
50
50
50
50
50
50
50
50
50
50
50
50
50
50
50
50
50
50
50
50
50
50
50
50
50
50
50
50
50
50
50
50
50
50
50
50
50
50
50
50
50
50
50
50
50
50
50
50
50
50
50
50
50
50
50
50
50
50
50
50
50
50
50
50
50
50
50
50
50
50
50
50
50
50
50
50
50
50
50
50
50
50
50
50
50
50
50
50
50
50
50
50
50
50
50
50
50
50
50
50
50
50
50
50
50
50
50
50
50
50
50
50
50
50
50
50
50
50
50
50
50


1947.54
1874.85
1870
1864.21
1864.21
1804.77
1689.21
1672.79
1637.02
1561.77
1510.61
1470.18
1444.42
1406.96
1406.96
1354.68
1260.58
1232.16
1169.73
1039.34
940.247
973.675
973.675
945.136
790.419
787.616
785.944
785.944
741.921
698.928
694.802
562.039
555.064
522.897
404.913
400.555
400.555
395.316
347.639
308.04
272.688
195.894
195.894
175.606
162.285
162.285
158.129
158.129
126.96
126.96
118.32
113.782
92.7448
92.5519
84.8469
84.8469
81.0748
78.4143
72.9219
72.4607
68.2522
66.134
63.5132
63.4408
63.0724
62.4208
62.4208
59.2609
59.2092
58.2822
57.6778
56.3468
56.0154
54.7145
54.7005
53.4726
53.3662
52.667
52.2053
51.8798
51.6446
51.6446
51.142
51.142
49.1256
48.4925
48.4187
48.3792
48.077
47.5368
47.3136
47.4257
47.0733
47.0663
46.9184
46.8864
46.8165
46.8074
46.7656
46.635
46.6253
46.623
46.5757
46.4661
46.4473
46.4279
46.1313
46.1286
46.1268
46.109
46.1051
46.095
46.065
46.065
46.065
46.065
46.0534
46.0397
46.0396
46.0375
46.0231
46.0065
45.9919
45.9734
45.9625
45.9571
45.9555
45.9539
45.9441
45.944
45.9438
45.9391
45.9337
45.9305
45.9276
45.9267
45.9257
45.9217
45.9179
45.9173
45.9153
45.916
45.9133
45.9132
45.9132
45.9131
45.9129
45.9123
45.9121
45.9112
45.9104
45.9098
45.9096
45.9086
45.9086
45.9085
45.908
45.908
45.9077
45.9077
45.9077
45.9072
45.9072
45.907
45.907
45.907
45.907
45.907
45.907
45.9069
45.9068
45.9068
45.9068
45.9068
45.9067
45.9067
45.9067
45.9067
45.9067
45.9067
45.9067
45.9067
45.9067
45.9066
45.9066
45.9066
45.9066
45.9066
45.9066
45.9066
45.9066
45.9066
45.9066
45.9066
45.9066
45.9066
45.9066
45.9066
45.9066
45.9066
45.9066
45.9066
45.9066
45.9066
45.9066
45.9066
45.9066
45.9066
45.9066
45.9066
45.9066
45.9066
45.9066
45.9066
45.9066
45.9066
45.9066
45.9066
45.9066
45.9066
45.9066
45.9066
45.9066
45.9066
45.9066
45.9066
45.9066
45.9066
45.9066
45.9066
45.9066
45.9066
45.9066
45.9066
45.9066
45.9066
45.9066
45.9066
45.9066
45.9066
45.9066
45.9066
45.9066
45.9066
45.9066
45.9066
45.9066
45.9066
45.9066
45.9066
45.9066
45.9066
45.9066
45.9066
45.9066
45.9066
45.9066
45.9066
45.9066
45.9066
45.9066
45.9066
45.9066
45.9066
45.9066
45.9066
45.9066
45.9066
45.9066
45.9066
45.9066
45.9066
45.9066
45.9066
45.9066
45.9066
45.9066
45.9066
45.9066
45.9066
45.9066
45.9066
45.9066
45.9066
45.9066
45.9066
45.9066
45.9066
45.9066
45.9066
45.9066
45.9066
45.9066
45.9066
45.9066
45.9066
45.9066
45.9066
45.9066
45.9066
45.9066
45.9066
45.9066
45.9066
45.9066
45.9066
45.9066
45.9066
45.9066
45.9066
45.9066
45.9066
45.9066
45.9066
45.9066
45.9066
45.9066
45.9066
45.9066
45.9066
45.9066
45.9066
45.9066
45.9066
45.9066
45.9066
45.9066
45.9066
45.9066
45.9066
45.9066
45.9066
45.9066
45.9066
45.9066
45.9066
45.9066
45.9066
45.9066
45.9066
45.9066
45.9066
45.9066
45.9066
45.9066
45.9066
45.9066
45.9066
45.9066
45.9066
45.9066
45.9066
45.9066
45.9066
45.9066
45.9066
45.9066
45.9066
45.9066
45.9066
45.9066
45.9066
45.9066
45.9066
45.9066
45.9066
45.9066
45.9066
45.9066
45.9066
45.9066
45.9066
45.9066
45.9066
45.9066
45.9066
45.9066
45.9066
45.9066
45.9066
45.9066
45.9066
45.9066
45.9066
45.9066
45.9066
45.9066
45.9066
45.9066
45.9066
45.9066
45.9066
45.9066
45.9066
45.9066
45.9066
45.9066
45.9066
45.9066
45.9066
45.9066
45.9354
45.9066
45.9066
45.9066
45.9066
45.9066
45.9066
45.9066
45.9066
45.9066
45.9066
45.9066
45.9066
45.9066
45.9066
45.9066
45.9066
45.9066
45.9066
45.9066
45.9066
45.9066
45.9066
45.9066
45.9066
45.9066
45.9066
45.9066
45.9066
45.9066
45.9066
45.9066
45.9066
45.9066
45.9066
45.9066
45.9066
45.9066
45.9066
45.9066
45.9066
45.9066
45.9066
45.9066
45.9066
45.9066
45.9066
45.9066
45.9066
45.9066
45.9066
45.9066
45.9066
45.9066
45.9066
45.9066
45.9066
45.9066
45.9066
45.9066
45.9066
45.9066
45.9066
45.9066
45.9066
45.9066
45.9066
45.9066
45.9066
45.9066
45.9066
45.9066
45.9066
45.9066
45.9066
45.9066
45.9066
45.9066
45.9066
45.9066
45.9066
45.9066
45.9066
45.9066
45.9066
45.9066
45.9066
45.9066
45.9066
45.9066
45.9066
45.9066
45.9066
45.9066
45.9066
45.9066
45.9066
45.9066
45.9066


1996.45
1923.59
1913.2
1860.33
1849.85
1830.75
1733.97
1720.32
1649.12
1565.3
1511.5
1399.92
1399.92
1367.49
1301.36
1234.25
1150.72
1150.72
1107.36
1107.36
1072.34
1037.77
925.951
925.857
898.057
897.847
843.477
830.733
700.058
651.429
650.379
599.175
584.875
561.116
527.864
521.557
473.413
468.689
453.395
404.086
385.687
379.953
357.236
295.719
284.392
265.612
233.12
228.057
208.716
204.59
182.769
160.571
144.35
142.736
140.953
137.143
135.837
119.65
119.529
117.156
110.101
104.624
99.2314
99.2314
91.1125
87.7918
87.7918
86.3249
84.1123
83.5552
82.013
76.7558
76.7558
76.7558
76.6434
74.6628
73.9024
72.888
70.0842
70.0481
69.4306
68.8681
68.6872
67.0002
65.7413
63.9933
63.9933
63.5617
63.2773
63.0132
63.0132
62.6113
62.5962
59.8119
59.6291
58.9294
58.9018
58.8765
58.3107
58.2313
58.2178
57.7673
57.7515
57.7396
57.3524
57.2945
56.4844
54.5786
54.5708
54.0911
53.188
53.1507
53.1507
52.9898
52.6837
52.6802
52.6802
52.3873
52.2319
52.229
52.1996
52.2843
52.107
52.107
52.1052
52.0218
52.021
51.8516
51.8516
51.8368
51.8354
51.8348
51.6332
51.6332
51.6322
51.5222
51.5203
51.5203
51.5203
51.5145
51.5145
51.5145
51.494
51.4827
51.4652
51.4652
51.4552
51.4446
51.4386
51.4327
51.4215
51.4164
51.4105
51.4102
51.4038
51.4038
51.4034
51.4033
51.3989
51.3927
51.3927
51.3913
51.3913
51.3899
51.3899
51.3855
51.3855
51.3855
51.3855
51.3852
51.3849
51.387
51.3865
51.3861
51.3842
51.3842
51.3813
51.3813
51.3813
51.3813
51.3808
51.3807
51.3797
51.3797
51.3794
51.3785
51.3785
51.3775
51.3771
51.3771
51.3767
51.3767
51.3764
51.3762
51.3759
51.3759
51.3748
51.3746
51.3746
51.3746
51.3745
51.3745
51.3744
51.3741
51.3741
51.3739
51.3739
51.3739
51.3739
51.3737
51.3737
51.3736
51.3731
51.3731
51.3731
51.373
51.373
51.3729
51.3729
51.3729
51.3728
51.3728
51.3728
51.3728
51.3728
51.3727
51.3727
51.3727
51.3727
51.3727
51.3727
51.3726
51.3726
51.3726
51.3726
51.3726
51.3726
51.3726
51.3726
51.3726
51.3726
51.3726
51.3726
51.3726
51.3726
51.3726
51.3726
51.3726
51.3725
51.3725
51.3725
51.3725
51.3725
51.3725
51.3725
51.3725
51.3725
51.3725
51.3725
51.3725
51.3725
51.3725
51.3725
51.3725
51.3725
51.3725
51.3725
51.3725
51.3725
51.3725
51.3725
51.3725
51.3725
51.3725
51.3725
51.3725
51.3725
51.3725
51.3725
51.3725
51.3725
51.3725
51.3725
51.3725
51.3725
51.3725
51.3725
51.3725
51.3725
51.3725
51.3725
51.3725
51.3725
51.3725
51.3725
51.3725
51.3725
51.3725
51.3725
51.3725
51.3725
51.3725
51.3725
51.3725
51.3725
51.3725
51.3725
51.3725
51.3725
51.3725
51.3725
51.3725
51.3725
51.3725
51.3725
51.3725
51.3725
51.3725
51.3725
51.3725
51.3725
51.3725
51.3725
51.3725
51.3725
51.3725
51.3725
51.3725
51.3725
51.3725
51.3725
51.3725
51.3725
51.3725
51.3725
51.3725
51.3725
51.3725
51.3725
51.3725
51.3725
51.3725
51.3725
51.3725
51.3725
51.3725
51.3725
51.3725
51.3725
51.3725
51.3725
51.3725
51.3725
51.3725
51.3725
51.3725
51.3725
51.3725
51.3725
51.3725
51.3725
51.3725
51.3725
51.3725
51.3725
51.3725
51.3725
51.3725
51.3725
51.3725
51.3725
51.3725
51.3725
51.3725
51.3725
51.3725
51.3725
51.3725
51.3725
51.3725
51.3725
51.3725
51.3725
51.3725
51.3725
51.3725
51.3725
51.3725
51.3725
51.3725
51.3725
51.3725
51.3725
51.3725
51.3725
51.3725
51.3725
51.3725
51.3725
51.3725
51.3725
51.3725
51.3725
51.3725
51.3725
51.3725
51.3725
51.3725
51.3725
51.3725
51.3725
51.3725
51.3725
51.3725
51.3725
51.3725
51.3725
51.3725
51.3725
51.3725
51.3725
51.3725
51.3725
51.3725
51.3725
51.3725
51.3725
51.3725
51.3725
51.3725
51.3725
51.3725
51.3725
51.3725
51.3725
51.3725
51.3725
51.3725
51.3725
51.3725
51.3725
51.3725
51.3725
51.3725
51.3725
51.3725
51.3725
51.3725
51.3725
51.3725
51.3725
51.3725
51.3725
51.3725
51.3725
51.3725
51.3725
51.3725
51.3725
51.3725
51.3725
51.3725
51.3725
51.3725
51.3725
51.3725
51.3725
51.3725
51.3725
51.3725
51.3725
51.3725
51.3725
51.3725
51.3725
51.3725
51.3725
51.3725
51.3725
51.3725
51.3725
51.3725
51.3725
51.3725
51.3725
51.3725
51.3725
51.3725
51.3725
51.3725
51.3725
51.3725
51.3725
51.3725
51.3725
51.3725
51.3725
51.3725
51.3725
51.3725


1941
1913.47
1848.24
1839.66
1772.26
1743.92
1696.91
1696.91
1696.67
1664.73
1589.69
1559.58
1507.83
1459.51
1457.5
1423.28
1261.12
1233.15
1206.8
1169.66
1146.98
1117.23
1081.07
974.718
974.718
955.865
944.618
850.789
850.789
838.456
734.627
736.117
692.992
652.665
518.944
488.159
488.005
427.164
425.162
413.16
381.234
379.251
354.643
324.367
312.96
260.796
245.545
245.545
175.509
149.626
116.988
112.652
109.014
98.079
89.0003
77.3379
73.7574
72.8532
66.3066
66.0133
59.3778
58.3762
55.9674
53.5975
53.1655
52.8098
47.807
45.4076
45.0007
44.8238
43.2359
42.3698
42.3698
41.9471
41.0265
40.9982
40.9353
39.9469
39.7674
39.7538
38.9261
38.7519
38.7519
37.6814
36.9935
36.8581
35.9352
35.8209
34.983
34.983
34.8967
34.8602
34.8602
34.6901
34.2726
34.258
34.1896
34.1896
34.1733
34.0965
33.9558
33.9826
33.8893
33.7836
33.7832
33.7207
33.5659
33.5659
33.5659
33.5637
33.4909
33.482
33.4806
33.4695
33.4446
33.4397
33.4363
33.4263
33.4246
33.4149
33.4037
33.4048
33.4043
33.4017
33.4003
33.3909
33.3907
33.3898
33.3828
33.3719
33.3269
33.8679
33.3631
33.3537
33.1375
33.137
33.137
33.137
33.1207
33.0593
32.3481
32.3481
32.0879
31.4051
31.4051
31.4051
31.2539
31.2539
31.2539
31.2086
31.1675
31.1129
31.1129
31.0833
31.0833
31.0833
31.0458
30.9617
30.9093
30.9093
30.9092
30.9018
30.9018
30.9018
30.8681
30.8182
30.8182
30.8174
30.8174
30.8148
30.7947
30.7991
30.7894
30.7826
30.7826
30.7826
30.7785
30.7709
30.7602
30.7555
30.7555
30.7456
30.7395
30.7273
30.722
30.7188
30.7142
30.7085
30.7061
30.7061
30.7039
30.7039
30.6913
30.688
30.688
30.688
30.6871
30.6854
30.6832
30.6832
30.6815
30.6809
30.6809
30.6794
30.6782
30.6772
30.6772
30.677
30.6759
30.6758
30.6743
30.6743
30.6743
30.674
30.6736
30.6732
30.6732
30.6732
30.6729
30.6729
30.6729
30.6729
30.6729
30.6725
30.6724
30.6724
30.6723
30.6722
30.6722
30.6721
30.6721
30.6721
30.672
30.672
30.672
30.672
30.6719
30.6719
30.6719
30.6719
30.6719
30.6719
30.6719
30.6719
30.6719
30.6719
30.6719
30.6719
30.6718
30.6718
30.6718
30.6718
30.6718
30.6718
30.6718
30.6718
30.6718
30.6718
30.6717
30.6717
30.6717
30.6717
30.6717
30.6717
30.6717
30.6717
30.6717
30.6717
30.6717
30.6717
30.6717
30.6717
30.6717
30.6717
30.6717
30.6717
30.6717
30.6717
30.6717
30.6717
30.6717
30.6717
30.6717
30.6717
30.6717
30.6717
30.6717
30.6717
30.6717
30.6717
30.6717
30.6717
30.6717
30.6717
30.6717
30.6717
30.6717
30.6717
30.6717
30.6717
30.6717
30.6717
30.6717
30.6717
30.6717
30.6717
30.6717
30.6717
30.6717
30.6717
30.6717
30.6717
30.6717
30.6717
30.6717
30.6717
30.6717
30.6717
30.6717
30.6717
30.6717
30.6717
30.6717
30.6717
30.6717
30.6717
30.6717
30.6717
30.6717
30.6717
30.6717
30.6717
30.6717
30.6717
30.6717
30.6717
30.6717
30.6717
30.6717
30.6717
30.6717
30.6717
30.6717
30.6717
30.6717
30.6717
30.6717
30.6717
30.6717
30.6717
30.6717
30.7376
30.6717
30.6717
30.6717
30.6717
30.6717
30.6717
30.6717
30.6717
30.6717
30.6717
30.6717
30.6717
30.6717
30.6717
30.6717
30.6717
30.6717
30.6717
30.6717
30.6717
30.6717
30.6717
30.6717
30.6717
30.6717
30.6717
30.6717
30.6717
30.6717
30.6717
30.6717
30.6717
30.6717
30.6717
30.6717
30.6717
30.6717
30.6717
30.6717
30.6717
30.6717
30.6717
30.6717
30.6717
30.6717
30.6717
30.6717
30.6717
30.6717
30.6717
30.6717
30.6717
30.6717
30.6717
30.6717
30.6717
30.6717
30.6717
30.6717
30.6717
30.6717
30.6717
30.6717
30.6717
30.6717
30.6717
30.6717
30.6717
30.6717
30.6717
30.6717
30.6717
30.6717
30.6717
30.6717
30.6717
30.6717
30.6717
30.6717
30.6717
30.6717
30.6717
30.6717
30.6717
30.6717
30.6717
30.6717
30.6717
30.6717
30.6717
30.6717
30.6717
30.6717
30.6717
30.6717
30.6717
30.6717
30.6717
30.6717
30.6717
30.6717
30.6717
30.6717
30.6717
30.6717
30.6717
30.6717
30.6717
30.6717
30.6717
30.6717
30.6717
30.6717
30.6717
30.6717
30.6717
30.6717
30.6717
30.6717
30.6717
30.6717
30.6717
30.6717
30.6717
30.6717
30.6717
30.6717
30.6717
30.6717
30.6717
30.6717
30.6717
30.6717
30.6717
30.6717
30.6717
30.6717
30.6717
30.6717
30.6717
30.6717
30.6717
30.6717
30.6717
30.6717
30.6717
30.6717
30.6717


1968.44
1902.57
1902.57
1839.94
1706.19
1706.19
1706.18
1574.69
1574.69
1574.62
1398.17
1371.77
1356.77
1351.99
1288.76
1240.73
1154.47
1120.33
1065.35
1041.6
975.566
960.986
920.156
832.152
782.505
782.505
774.42
696.273
619.88
598.584
551.086
500.883
464.139
439.777
320.98
320.98
302.58
299.408
252.691
252.691
252.31
202.457
186.983
165.338
146.149
142.359
133.854
122.863
114.767
102.052
92.7087
93.7738
84.389
82.2708
80.3325
75.0845
73.8684
62.3572
62.3572
58.7596
58.3729
55.9156
55.2768
52.936
52.3052
51.2082
50.1619
46.644
45.8678
45.8678
41.8925
41.5669
41.203
40.6124
40.6124
39.9121
39.2846
38.6067
38.6067
38.3076
37.7682
37.7605
37.3436
37.3249
37.2458
36.9168
36.722
36.496
36.496
36.4279
36.2141
36.0119
35.9704
35.5739
35.5739
35.4703
35.4607
35.4391
35.3758
35.3395
35.2625
35.2486
35.1751
35.1674
35.1659
35.1538
35.1276
35.1229
35.1157
35.0886
35.0754
35.0725
35.0394
35.011
34.9964
34.9706
34.9706
34.9692
34.9628
34.9519
34.9486
34.9486
34.9465
34.9403
34.9361
34.9361
34.9287
34.9262
34.9255
34.9209
34.9203
34.9193
34.9185
34.9151
34.9094
34.9093
34.9091
34.908
34.9075
34.9054
34.904
34.9021
34.902
34.9011
34.8996
34.8991
34.8986
34.8986
34.8973
34.8973
34.8964
34.8962
34.8962
34.8962
34.8959
34.8957
34.8955
34.8953
34.8953
34.8953
34.8953
34.8951
34.8951
34.8951
34.8951
34.8951
34.8951
34.895
34.895
34.895
34.895
34.895
34.895
34.8949
34.8949
34.8949
34.8949
34.8949
34.8949
34.8949
34.8949
34.8949
34.8949
34.8949
34.8949
34.8949
34.8949
34.8948
34.8948
34.8948
34.8948
34.8948
34.8948
34.8948
34.8948
34.8948
34.8948
34.8948
34.8948
34.8948
34.8948
34.8948
34.8948
34.8948
34.8948
34.8948
34.8948
34.8948
34.8948
34.8948
34.8948
34.8948
34.8948
34.8948
34.8948
34.8948
34.8948
34.8948
34.8948
34.8948
34.8948
34.8948
34.8948
34.8948
34.8948
34.8948
34.8948
34.8948
34.8948
34.8948
34.8948
34.8948
34.8948
34.8948
34.8948
34.8948
34.8948
34.8948
34.8948
34.8948
34.8948
34.8948
34.8948
34.8948
34.8948
34.8948
34.8948
34.8948
34.8948
34.8948
34.8948
34.8948
34.8948
34.8948
34.8948
34.8948
34.8948
34.8948
34.8948
34.8948
34.8948
34.8948
34.8948
34.8948
34.8948
34.8948
34.8948
34.8948
34.8948
34.8948
34.8948
34.8948
34.8948
34.8948
34.8948
34.8948
34.8948
34.8948
34.8948
34.8948
34.8948
34.8948
34.8948
34.8948
34.8948
34.8948
34.8948
34.8948
34.8948
34.8948
34.8948
34.8948
34.8948
34.8948
34.8948
34.8948
34.8948
34.8948
34.8948
34.8948
34.8948
34.8948
34.8948
34.8948
34.8948
34.8948
34.8948
34.8948
34.8948
34.8948
34.8948
34.8948
34.8948
34.8948
34.8948
34.8948
34.8948
34.8948
34.8948
34.8948
34.8948
34.8948
34.8948
34.8948
34.8948
34.8948
34.8948
34.8948
34.8948
34.8948
34.8948
34.8948
34.8948
34.8948
34.8948
34.8948
34.8948
34.8948
34.8948
34.8948
34.8948
34.8948
34.8948
34.8948
34.8948
34.8948
34.8948
34.8948
34.8948
34.8948
34.8948
34.8948
34.8948
34.8948
34.8948
34.8948
34.8948
34.8948
34.8948
34.8948
34.8948
34.8948
34.8948
34.8948
34.8948
34.8948
34.8948
34.8948
34.8948
34.8948
34.8948
34.8948
34.8948
34.8948
34.8948
34.8948
34.8948
34.8948
34.8948
34.8948
34.8948
34.8948
34.8948
34.8948
34.8948
34.8948
34.8948
34.8948
34.8948
34.8948
34.8948
34.9741
34.8948
34.8948
34.8948
34.8948
34.8948
34.8948
34.8948
34.8948
34.8948
34.8948
34.8948
34.8948
34.8948
34.8948
34.8948
34.8948
34.8948
34.8948
34.8948
34.8948
34.8948
34.8948
34.8948
34.8948
34.8948
34.8948
34.8948
34.8948
34.8948
34.9981
34.8948
34.8948
34.8948
34.8948
34.8948
34.8948
34.8948
34.8948
34.8948
34.8948
34.8948
34.8948
34.8948
34.8948
34.8948
34.8948
34.8948
34.8948
34.8948
34.8948
34.8948
34.8948
34.8948
34.8948
34.8948
34.8948
34.8948
34.8948
34.8948
34.8948
34.8948
34.8948
34.8948
34.8948
34.8948
34.8948
34.8948
34.8948
34.8948
34.8948
34.8948
34.8948
34.8948
34.8948
34.8948
34.8948
34.8948
34.8948
34.8948
34.8948
34.8948
34.8948
34.8948
34.8948
34.8948
34.8948
34.8948
34.8948
34.8948
34.8948
34.8948
34.8948
34.8948
34.8948
34.8948
34.8948
34.8948
34.8948
34.8948
34.8948
34.8948
34.8948
34.8948
34.8948
34.8948
34.8948
34.8948
34.8948


1928.02
1921.26
1921.26
1888.53
1835.44
1766.84
1725.47
1678.78
1634.89
1513.62
1441.29
1344.96
1297.89
1293.14
1235.1
1235.1
1235.1
1188.5
1083.54
1070.79
1062.52
1022.67
1022.67
950.746
805.852
805.852
764.485
720.631
689.735
689.636
635.29
602.555
596.799
563.406
540.119
493.418
488.973
477.142
384.409
366.793
360.841
291.8
289.203
267.014
238.678
209.541
160.069
156.924
141.239
140.439
132.673
122.313
115.933
114.298
111.313
101.602
97.088
94.1804
92.0831
84.1842
83.6402
82.0175
81.3359
75.2099
75.1796
73.0856
71.2412
70.4676
69.302
69.1007
69.0299
66.856
65.2333
64.1008
62.3206
62.0693
60.9819
60.395
59.425
59.4171
58.8037
58.8037
58.592
58.4133
58.2279
58.04
58.0257
58.0257
57.595
57.4859
57.3567
57.0607
56.9229
56.884
56.8744
56.8288
56.6854
56.6446
56.6306
56.5787
56.5787
56.5449
56.518
56.4925
56.4801
56.4579
56.452
56.4268
56.4268
56.3961
56.3703
56.3714
56.3569
56.3362
56.3089
56.2987
56.2987
56.2923
56.2923
56.2816
56.2796
56.2748
56.2723
56.2723
56.2695
56.2687
56.2629
56.2623
56.2589
56.2584
56.2583
56.2566
56.2558
56.2557
56.255
56.2536
56.2534
56.2533
56.2524
56.2515
56.2514
56.2513
56.2509
56.25
56.25
56.2497
56.2496
56.2493
56.2492
56.2492
56.2488
56.2488
56.2487
56.2485
56.2484
56.2484
56.2484
56.2483
56.2483
56.2482
56.2482
56.2482
56.2482
56.2482
56.2481
56.2481
56.2481
56.2481
56.2481
56.2481
56.2481
56.248
56.248
56.248
56.248
56.248
56.248
56.248
56.248
56.248
56.248
56.248
56.248
56.248
56.248
56.248
56.248
56.248
56.248
56.248
56.248
56.248
56.248
56.248
56.248
56.248
56.248
56.248
56.248
56.248
56.248
56.248
56.248
56.248
56.248
56.248
56.248
56.248
56.248
56.248
56.248
56.248
56.248
56.248
56.248
56.248
56.248
56.248
56.248
56.248
56.248
56.248
56.248
56.248
56.248
56.248
56.248
56.248
56.248
56.248
56.248
56.248
56.248
56.248
56.248
56.248
56.248
56.248
56.248
56.248
56.248
56.248
56.248
56.248
56.248
56.248
56.248
56.248
56.248
56.248
56.248
56.248
56.248
56.248
56.248
56.248
56.248
56.248
56.248
56.248
56.248
56.248
56.248
56.248
56.248
56.248
56.248
56.248
56.248
56.248
56.248
56.248
56.248
56.248
56.248
56.248
56.248
56.248
56.248
56.248
56.248
56.248
56.248
56.248
56.248
56.248
56.248
56.248
56.248
56.248
56.248
56.248
56.248
56.248
56.248
56.248
56.248
56.248
56.248
56.248
56.248
56.248
56.248
56.248
56.248
56.248
56.248
56.248
56.248
56.248
56.248
56.248
56.248
56.248
56.248
56.248
56.248
56.248
56.248
56.248
56.248
56.248
56.248
56.248
56.248
56.248
56.248
56.248
56.248
56.248
56.248
56.248
56.248
56.248
56.248
56.248
56.248
56.248
56.248
56.248
56.248
56.248
56.248
56.248
56.248
56.248
56.248
56.248
56.248
56.248
56.248
56.248
56.248
56.248
56.248
56.248
56.248
56.248
56.248
56.248
56.248
56.248
56.248
56.248
56.248
56.248
56.248
56.248
56.248
56.248
56.248
56.248
56.248
56.248
56.248
56.248
56.248
56.248
56.248
56.248
56.248
56.248
56.248
56.248
56.248
56.248
56.248
56.248
56.248
56.248
56.248
56.248
56.248
56.248
56.248
56.248
56.248
56.248
56.248
56.248
56.248
56.248
56.248
56.248
56.248
56.248
56.248
56.248
56.248
56.248
56.248
56.248
56.248
56.248
56.248
56.248
56.248
56.248
56.248
56.248
56.248
56.248
56.248
56.248
56.248
56.248
56.248
56.248
56.248
56.248
56.248
56.248
56.248
56.248
56.248
56.248
56.248
56.248
56.248
56.248
56.248
56.248
56.248
56.248
56.248
56.248
56.248
56.248
56.248
56.248
56.248
56.248
56.248
56.248
56.248
56.248
56.248
56.248
56.248
56.248
56.248
56.248
56.248
56.248
56.248
56.248
56.248
56.248
56.248
56.248
56.1788
56.0431
56.0376
55.9635
55.4756
55.4756
55.3574
55.2396
54.8644
54.0519
54.0381
53.9771
53.7352
53.4101
53.3344
53.3148
52.9201
52.4817
51.693
51.6808
51.6762
51.4198
51.2918
51.2583
51.1684
51.0107
50.8983
50.8795
50.8795
50.8795


1978.86
1949.76
1922.2
1922.2
1871.22
1839.65
1763.17
1742.3
1633.77
1613.3
1594.94
1441.93
1406.6
1405.97
1388.3
1306.03
1291.06
1254.46
1219.52
1097.21
1084.74
1020.98
966.633
966.633
966.633
932.362
858.221
784.514
769.288
686.884
682.866
640.251
604.435
594.02
567.406
519.722
473.555
461.189
458.881
458.522
373.379
348.739
348.739
321.32
289.358
181.057
168.708
154.227
154.227
148.912
144.815
137.018
136.098
134.847
132.573
109.396
103.548
103.323
96.1418
92.9375
91.9084
76.0494
73.2893
71.4896
69.5852
68.6014
68.0326
67.349
60.7736
52.9057
52.9057
51.1625
51.1331
49.8305
49.2701
47.9682
47.9682
43.666
43.5879
43.4919
42.7455
42.8291
42.6649
42.6649
40.7644
40.637
40.6311
40.5882
40.3273
40.1762
40.1074
40.0699
39.9223
39.9157
39.9157
39.246
38.7765
38.7744
38.6861
38.6861
38.6579
38.4869
38.4831
38.4592
38.4529
38.4462
38.4437
38.4404
38.2481
38.1842
38.0788
38.0788
38.0713
38.0459
38.0459
38.0067
38.0049
37.9825
37.9437
37.9406
37.9104
37.8425
37.8412
37.8111
37.8111
37.8078
37.8077
37.7711
37.7536
37.7487
37.7422
37.7364
37.7363
37.7198
37.7022
37.7021
37.7021
37.6986
37.69
37.6674
37.6674
37.6645
37.6644
37.6615
37.6615
37.6585
37.6544
37.6517
37.6511
37.6464
37.6433
37.6381
37.6381
37.638
37.6375
37.6367
37.6322
37.6319
37.6318
37.6318
37.6304
37.6304
37.6303
37.6303
37.6298
37.6297
37.6297
37.6296
37.6293
37.6279
37.6279
37.6277
37.6277
37.6277
37.6277
37.6275
37.6275
37.6275
37.6271
37.6271
37.6271
37.627
37.627
37.627
37.6269
37.6267
37.6267
37.6266
37.6266
37.6266
37.6266
37.6266
37.6265
37.6265
37.6264
37.6264
37.6264
37.6264
37.6264
37.6264
37.6263
37.6263
37.6263
37.6263
37.6263
37.6262
37.6262
37.6262
37.6262
37.6262
37.6262
37.6262
37.6262
37.6262
37.6262
37.6262
37.6262
37.6262
37.6262
37.6261
37.6261
37.6261
37.6261
37.6261
37.6261
37.6261
37.6261
37.6261
37.6261
37.6261
37.6261
37.6261
37.6261
37.6261
37.6261
37.6261
37.6261
37.6261
37.6261
37.6261
37.6261
37.6261
37.6261
37.6261
37.6261
37.6261
37.6261
37.6261
37.6261
37.6261
37.6261
37.6261
37.6261
37.6261
37.6261
37.6261
37.6261
37.6261
37.6261
37.6261
37.6261
37.6261
37.6261
37.6261
37.6261
37.6261
37.6261
37.6261
37.6261
37.6261
37.6261
37.6261
37.6261
37.6261
37.6261
37.6261
37.6261
37.6261
37.6261
37.6261
37.6261
37.6261
37.6261
37.6261
37.6261
37.6261
37.6261
37.6261
37.6261
37.6261
37.6261
37.6261
37.6261
37.6261
37.6261
37.6261
37.6261
37.6261
37.6261
37.6261
37.6261
37.6261
37.6261
37.6261
37.6261
37.6261
37.6261
37.6261
37.6261
37.6261
37.6261
37.6261
37.6261
37.6261
37.6261
37.6261
37.6261
37.6261
37.6261
37.6261
37.6261
37.6261
37.6261
37.6261
37.6261
37.6261
37.6261
37.6261
37.6261
37.6261
37.6261
37.6261
37.6261
37.6261
37.6261
37.6261
37.6261
37.6261
37.6261
37.6261
37.6261
37.6261
37.6261
37.6261
37.6261
37.6261
37.6261
37.6261
37.6261
37.6261
37.6261
37.6261
37.6261
37.6261
37.6261
37.6261
37.6261
37.6261
37.6261
37.6261
37.6261
37.6261
37.6261
37.6261
37.6261
37.6261
37.6261
37.6261
37.6261
37.6261
37.6261
37.6261
37.6261
37.6261
37.6261
37.6261
37.6261
37.6261
37.6261
37.6261
37.6261
37.6261
37.6261
37.6261
37.6261
37.6261
37.6261
37.6261
37.6261
37.6261
37.6261
37.6261
37.6261
37.6261
37.6261
37.6261
37.6261
37.6261
37.6261
37.6261
37.6261
37.6261
37.6261
37.6261
37.6261
37.6261
37.6261
37.6261
37.6261
37.6261
37.6261
37.6261
37.6261
37.6261
37.6261
37.6261
37.6261
37.6261
37.6261
37.6261
37.6261
37.6261
37.6261
37.6261
37.6261
37.6261
37.6261
37.6261
37.6261
37.6261
37.6261
37.6261
37.6261
37.6261
37.6261
37.6261
37.6261
37.6261
37.6261
37.6261
37.6261
37.6261
37.6261
37.6261
37.6261
37.6261
37.6261
37.6261
37.6261
37.6261
37.6261
37.6261
37.6261
37.6261
37.6261
37.6261
37.6261
36.964
34.823
34.823
33.5577
33.9039
33.0681
32.8388
31.4323
30.7836
30.7302
30.7302
30.7077
30.703
30.703
30.7233
30.6867
30.6828
30.6778
30.6756
30.555
30.4024
29.958
29.8643
29.6153
29.5422
29.4934
29.373
29.3599
29.3541
29.2819
28.8084
28.7668
28.7598
28.7452
28.7471
28.7413
28.7392
28.7365
28.729
28.7228
28.7224
28.7224
28.5479


1952.27
1947.96
1859.55
1855.4
1833.88
1804.44
1775.93
1708.46
1668.87
1668.87
1616.57
1598.96
1568.8
1514.16
1459.76
1402.24
1378.05
1253.8
1246.09
1073.65
1073.65
1074.14
993.521
963.795
869.738
838.556
776.743
776.743
766.45
732.307
719.39
569.685
539.028
508.362
500.288
401.417
391.288
357.021
352.398
335.011
306.815
285.664
283.101
255.5
255.5
241.865
236.445
213.734
200.992
176.749
176.749
163.463
159.891
123.449
120.385
117.99
114.768
102.411
97.7348
92.4992
91.6351
89.7419
84.0878
77.8872
66.5866
66.5866
60.6813
59.8498
59.7474
56.7851
54.6524
52.5906
52.0914
51.2933
51.2933
50.5656
50.4901
49.8027
49.8027
49.597
49.3319
48.102
47.4079
47.2708
47.0036
47.0036
46.8307
46.8153
46.7849
46.71
46.557
46.6643
46.3681
46.2604
46.0705
45.9428
45.9001
45.8872
45.8114
45.788
45.788
45.7126
45.7126
45.6602
45.6098
45.6005
45.6005
45.5944
45.5807
45.5596
45.5449
45.5385
45.5207
45.5165
45.4819
45.4598
45.4488
45.4445
45.4387
45.4383
45.4357
45.4287
45.4171
45.4109
45.4106
45.4105
45.4098
45.4098
45.4073
45.4069
45.4049
45.4046
45.4033
45.4033
45.402
45.4011
45.4003
45.4003
45.3993
45.3985
45.3985
45.3979
45.3978
45.3975
45.3974
45.3968
45.3968
45.3967
45.3962
45.396
45.3959
45.3957
45.3953
45.3953
45.3953
45.395
45.3949
45.3949
45.3948
45.3947
45.3946
45.3945
45.3944
45.3943
45.3943
45.3942
45.3941
45.3941
45.3941
45.3941
45.394
45.394
45.394
45.394
45.394
45.394
45.394
45.394
45.3939
45.3939
45.3939
45.3939
45.3939
45.3939
45.3939
45.3939
45.3939
45.3939
45.3939
45.3939
45.3939
45.3939
45.3939
45.3939
45.3939
45.3939
45.3939
45.3939
45.3939
45.3939
45.3939
45.3939
45.3939
45.3939
45.3939
45.3939
45.3939
45.3939
45.3939
45.3939
45.3939
45.3939
45.3939
45.3939
45.3939
45.3939
45.3939
45.3939
45.3939
45.3939
45.3939
45.3939
45.3939
45.3939
45.3939
45.3939
45.3939
45.3939
45.3939
45.3939
45.3939
45.3939
45.3939
45.3939
45.3939
45.3939
45.3939
45.3939
45.3939
45.3939
45.3939
45.3939
45.3939
45.3939
45.3939
45.3939
45.3939
45.3939
45.3939
45.3939
45.3939
45.3939
45.3939
45.3939
45.3939
45.3939
45.3939
45.3939
45.3939
45.3939
45.3939
45.3939
45.3939
45.3939
45.3939
45.3939
45.3939
45.3939
45.3939
45.3939
45.3939
45.3939
45.3939
45.3939
45.3939
45.3939
45.3939
45.3939
45.3939
45.3939
45.3939
45.3939
45.3939
45.3939
45.3939
45.3939
45.3939
45.3939
45.3939
45.3939
45.3939
45.3939
45.3939
45.3939
45.3939
45.3939
45.3939
45.3939
45.3939
45.3939
45.3939
45.3939
45.3939
45.3939
45.3939
45.3939
45.3939
45.3939
45.3939
45.3939
45.3939
45.3939
45.3939
45.3939
45.3939
45.3939
45.3939
45.3939
45.3939
45.3939
45.3939
45.3939
45.3939
45.3939
45.3939
45.3939
45.3939
45.3939
45.3939
45.3939
45.3939
45.3939
45.3939
45.3939
45.3939
45.3939
45.3939
45.3939
45.3939
45.3939
45.3939
45.3939
45.3939
45.3939
45.3939
45.3939
45.3939
45.3939
45.3939
45.3939
45.3939
45.3953
45.3939
45.3939
45.3939
45.3939
45.3939
45.3939
45.3939
45.3939
45.3939
45.3939
45.3939
45.3939
45.3939
45.3939
45.3939
45.3939
45.3939
45.3939
45.3939
45.3978
45.3939
45.3939
45.3939
45.3939
45.3939
45.3939
45.3939
45.3939
45.3939
45.3939
45.3939
45.3939
45.3939
45.3939
45.3939
45.3939
45.3939
45.3939
45.3939
45.3939
45.3939
45.3939
45.3939
45.3939
45.3939
45.3939
45.3939
45.3939
45.3939
45.3939
45.3939
45.3939
45.3939
45.3939
45.3939
45.3939
45.3939
45.3939
45.3939
45.4011
45.3939
45.3939
45.3939
45.3939
45.3939
45.3939
45.3939
45.3939
45.3939
45.3939
45.3939
45.3939
45.3939
45.3939
45.3939
45.3939
45.3939
45.3939
45.3939
45.3939
45.3939
45.3939
45.3939
45.3939
45.3939
45.3939
45.3939
45.3939
45.3939
45.3939
45.3939
45.3939
45.3939
45.3939
45.3939
45.3939
45.3939
45.3939
45.3939
45.3939
45.3939
45.3939
45.3939
45.3939
45.3939
45.3939
45.3939
45.3939
45.3939
45.3939
45.3939
45.3939
45.3939
45.3939
45.3939
45.3939
45.3939
45.3939
45.3939
45.3939
45.3939
45.3939
45.3939
45.3939
45.3939
45.3939
45.3939
45.3939
45.3939
45.3939
45.3939
45.3939
45.3939
45.3939
45.3939
45.3939
45.3939
45.3939
45.3939
45.3939
45.3939
45.3939
45.3939
45.3939
45.3939
45.3939
45.3939
45.3939


1979.94
1966.17
1923.66
1890.28
1875.21
1835.7
1760.79
1703.81
1637.42
1596.05
1540.48
1491.83
1481.25
1395.69
1395.69
1387.1
1371.48
1354.06
1261.66
1153.1
1141.53
1094.76
1014.03
937.118
929.437
903.113
877.772
877.772
830.837
777.746
711.855
679.59
625.812
550.593
533.681
533.681
484.991
464.597
411.526
402.924
402.924
368.64
366.771
351.955
237.449
214.145
209.808
187.598
178.754
152.473
152.473
143.393
123.592
123.592
109.132
102.831
94.3095
82.5035
74.9705
71.4692
71.4692
70.1426
66.2987
63.2058
62.5217
60.7255
59.1216
56.0262
53.4605
47.2391
44.5858
46.1314
42.0643
42.0643
41.6826
41.0014
39.9739
39.6372
38.641
38.1596
37.2414
36.8522
36.8522
36.8522
36.3968
36.3153
36.267
36.0822
35.9488
35.2064
35.0274
34.8505
34.7797
34.7797
34.6955
34.6955
34.6764
34.5856
34.5486
34.5046
34.4279
34.4136
34.31
34.254
34.2082
34.1932
34.064
34.0376
34.0279
34.0024
33.9456
33.9231
33.9231
33.9111
33.9003
33.8929
33.8848
33.882
33.8651
33.8616
33.8381
33.837
33.8321
33.8288
33.8204
33.8151
33.8039
33.8019
33.7982
33.7962
33.7955
33.7893
33.7893
33.7844
33.7822
33.7811
33.7759
33.767
33.7663
33.7658
33.7647
33.7642
33.7631
33.7629
33.7622
33.7615
33.761
33.7609
33.7599
33.7595
33.7594
33.7593
33.7591
33.7586
33.7586
33.7586
33.7583
33.758
33.758
33.7574
33.7574
33.7574
33.7572
33.757
33.757
33.7569
33.7569
33.7569
33.7568
33.7566
33.7566
33.7566
33.7566
33.7566
33.7566
33.7565
33.7565
33.7565
33.7564
33.7564
33.7564
33.7564
33.7564
33.7564
33.7564
33.7564
33.7564
33.7564
33.7564
33.7564
33.7563
33.7563
33.7563
33.7563
33.7563
33.7563
33.7563
33.7563
33.7563
33.7563
33.7563
33.7563
33.7563
33.7563
33.7563
33.7563
33.7563
33.7563
33.7563
33.7563
33.7563
33.7563
33.7563
33.7563
33.7563
33.7563
33.7563
33.7563
33.7563
33.7563
33.7563
33.7563
33.7563
33.7563
33.7563
33.7563
33.7563
33.7563
33.7563
33.7563
33.7563
33.7563
33.7563
33.7563
33.7563
33.7563
33.7563
33.7563
33.7563
33.7563
33.7563
33.7563
33.7563
33.7563
33.7563
33.7563
33.7563
33.7563
33.7563
33.7563
33.7563
33.7563
33.7563
33.7563
33.7563
33.7563
33.7563
33.7563
33.7563
33.7563
33.7563
33.7563
33.7563
33.7563
33.7563
33.7563
33.7563
33.7563
33.7563
33.7563
33.7563
33.7563
33.7563
33.7563
33.7563
33.7563
33.7563
33.7563
33.7563
33.7563
33.7563
33.7563
33.7563
33.7563
33.7563
33.7563
33.7563
33.7563
33.7563
33.7563
33.7563
33.7563
33.7563
33.7563
33.7563
33.7563
33.7563
33.7563
33.7563
33.7563
33.7563
33.7563
33.7563
33.7563
33.7563
33.7563
33.7563
33.7563
33.7563
33.7563
33.7563
33.7563
33.7563
33.7563
33.7563
33.7563
33.7563
33.7563
33.7563
33.7563
33.7563
33.7563
33.7563
33.7563
33.7563
33.7563
33.7563
33.7563
33.7563
33.7563
33.7563
33.7563
33.7563
33.7563
33.7563
33.7563
33.7563
33.7563
33.7563
33.7563
33.7563
33.7563
33.7563
33.7563
33.7563
33.7563
33.7563
33.7563
33.7563
33.7563
33.7563
33.7614
33.7563
33.7563
33.7563
33.7563
33.7563
33.7563
33.7563
33.7563
33.7563
33.7563
33.7563
33.7563
33.7563
33.7563
33.7563
33.7563
33.7563
33.7563
33.7563
33.7563
33.7563
33.7563
33.7563
33.7563
33.7563
33.7563
33.7563
33.7563
33.7563
33.7563
33.7563
33.7563
33.7563
33.7563
33.7563
33.7563
33.7563
33.7563
33.7563
33.7563
33.7563
33.7563
33.7563
33.7563
33.7563
33.7563
33.7563
33.7563
33.7563
33.7563
33.7563
33.7563
33.7563
33.7563
33.7563
33.7563
33.7563
33.7563
33.7563
33.7709
33.7563
33.7563
33.7563
33.7563
33.7563
33.7563
33.7563
33.7563
33.7563
33.7563
33.7563
33.7563
33.7563
33.7563
33.7563
33.7563
33.7563
33.7563
33.7563
33.7563
33.7563
33.5908
33.4584
33.4453
33.4453
33.3738
33.3738
33.268
33.2422
33.1733
33.025
33.025
33.025
32.5663
32.0353
32.0353
32.0353
32.0353
31.8877
32.4561
32.0901
31.8824
31.8824
31.8824
31.8325
31.8133
31.8133
31.8133
31.8133
31.8167
31.7799
31.7323
31.7323
31.6239
31.6239
31.6172
31.5487
31.5487
31.4092
31.4466
31.3983
31.1716
30.826
30.826
30.7434
30.7434
30.7022
30.7022
30.6405
30.8834
30.6488
30.6015
30.6015
30.5711
30.5711
30.5711
30.5711
30.5711
30.5683
30.5453
30.5285
30.5146
30.5088
30.5063
30.505
30.5039
30.5037
30.4469


1982.43
1968.64
1892.44
1874.35
1853.32
1824.16
1769.69
1757.26
1745.63
1657.33
1650.27
1600.6
1594.41
1570.54
1564.33
1442.24
1365.67
1340.44
1294.3
1261.08
1261.08
1220.94
1116.66
1116.55
1090.2
1053.01
1008.25
848.793
835.233
835.011
688.693
688.693
686.976
670.967
600.352
588.108
587.343
555.649
328.567
315.223
315.223
311.672
254.538
220.826
217.487
201.277
189.963
189.963
186.095
167.516
151.378
134.822
123.933
123.933
105.82
88.0764
85.38
85.38
81.5984
76.8953
69.1392
67.8668
67.8668
61.9607
58.7804
57.7407
57.7407
54.1506
52.7147
52.553
51.6139
50.7842
50.7842
50.7842
49.9078
49.0985
48.4016
48.1382
47.4253
47.1064
47.1064
47.1064
47.009
46.6091
46.6091
46.0671
46.0428
45.9386
45.8026
45.7212
45.7212
45.5668
45.513
45.4146
45.4013
45.1972
45.1083
45.0638
45.0328
45.0328
44.9925
44.9793
44.954
44.9394
44.9394
44.915
44.915
44.8778
44.8595
44.8367
44.8367
44.8284
44.8225
44.8161
44.8056
44.7978
44.7969
44.7925
44.7925
44.7819
44.7819
44.78
44.7753
44.7753
44.772
44.7698
44.7674
44.7662
44.764
44.7628
44.7624
44.7626
44.762
44.7611
44.7611
44.7607
44.7607
44.7602
44.7599
44.7594
44.7589
44.7584
44.7582
44.7581
44.7579
44.7579
44.7576
44.7573
44.7573
44.7573
44.7572
44.7572
44.7571
44.7571
44.757
44.757
44.7569
44.7569
44.7568
44.7568
44.7567
44.7567
44.7567
44.7567
44.7567
44.7567
44.7567
44.7567
44.7566
44.7566
44.7566
44.7566
44.7566
44.7566
44.7566
44.7566
44.7565
44.7565
44.7565
44.7565
44.7565
44.7565
44.7565
44.7565
44.7565
44.7565
44.7565
44.7565
44.7565
44.7565
44.7565
44.7565
44.7565
44.7565
44.7565
44.7565
44.7565
44.7565
44.7565
44.7565
44.7565
44.7565
44.7565
44.7565
44.7565
44.7565
44.7565
44.7565
44.7565
44.7565
44.7565
44.7565
44.7565
44.7565
44.7565
44.7565
44.7565
44.7565
44.7565
44.7565
44.7565
44.7565
44.7565
44.7565
44.7565
44.7565
44.7565
44.7565
44.7565
44.7565
44.7565
44.7565
44.7565
44.7565
44.7565
44.7565
44.7565
44.7565
44.7565
44.7565
44.7565
44.7565
44.7565
44.7565
44.7565
44.7565
44.7565
44.7565
44.7565
44.7565
44.7565
44.7565
44.7565
44.7565
44.7565
44.7565
44.7565
44.7565
44.7565
44.7565
44.7565
44.7565
44.7565
44.7565
44.7565
44.7565
44.7565
44.7565
44.7565
44.7565
44.7565
44.7565
44.7565
44.7565
44.7565
44.7565
44.7565
44.7565
44.7565
44.7565
44.7565
44.7565
44.7565
44.7565
44.7565
44.7565
44.7565
44.7565
44.7565
44.7565
44.7565
44.7565
44.7565
44.7565
44.7565
44.7565
44.7565
44.7565
44.7565
44.7565
44.7565
44.7565
44.7565
44.7565
44.7565
44.7565
44.7565
44.7565
44.7565
44.7565
44.7565
44.7565
44.7565
44.7565
44.7565
44.7565
44.7565
43.4843
43.4843
43.4843
43.4142
43.4142
42.996
42.7335
42.1118
42.1118
41.511
40.736
40.0643
40.0643
39.4441
39.753
37.5867
37.5867
37.5867
37.5867
37.5741
37.1442
36.803
36.803
36.803
36.5164
36.3984
36.3984
36.3625
36.3625
36.3298
36.3298
36.3256
36.2652
36.2142
36.0979
36.0737
36.0329
36.0329
36.0329
35.9658
35.9351
35.9351
35.8685
35.8685
35.8795
35.8649
35.832
35.8315
35.8271
35.8218
35.7785
35.7586
35.7586
35.7586
35.7584
35.7526
35.7526
35.7354
35.7354
35.7217
35.7147
35.7147
35.7145
35.7076
35.7056
35.7025
35.7025
35.7023
35.7023
35.6993
35.6965
35.6965
35.6965
35.6954
35.6957
35.6945
35.6945
35.6938
35.6913
35.6909
35.6901
35.6901
35.6881
35.6881
35.6881
35.6877
35.6877
35.6875
35.6874
35.687
35.687
35.6866
35.686
35.686
35.6861
35.6855
35.6855
35.6854
35.6854
35.6854
35.6853
35.6852
35.6852
35.6852
35.6852
35.6852
35.6852
35.6852
35.685
35.6848
35.6847
35.6847
35.6846
35.6845
35.6846
35.6846
35.6845
35.6845
35.6845
35.6845
35.6844
35.6844
35.6844
35.6844
35.6844
35.6844
35.6844
35.6844
35.6844
35.6844
35.6844
35.6844
35.6844
35.6844
35.6844
35.6844
35.6844
35.6844
35.6844
35.6844
35.6843
35.6843
35.6843
35.6843
35.6843
35.6843
35.6843
35.6843
35.6843
35.6843
35.6843
35.6843
35.6843
35.6843
35.6843
35.6843
35.6843
35.6843
35.6843
35.6843
35.6843
35.6843
35.6843
35.6843
35.6843
35.6843
35.6843
35.6843
35.6843
35.6843
35.6843
35.6843
35.6843
35.6843
35.6843
35.6843
35.6843
35.6843
35.6843
35.6843
35.6843
35.6843
35.6843


1997.01
1933.31
1892.44
1853.28
1824.61
1796.31
1783.97
1717.74
1693.32
1491.15
1485.41
1460.86
1460.86
1352.85
1321.27
1321.03
1319.52
1282.93
1265.07
1081.3
1052.27
1008.46
980.046
970.675
931.436
861.982
769.131
669.122
616.036
603.489
529.767
527.976
523.776
471.964
441.198
424.439
422.656
408.886
346.886
341.453
288.714
289.937
285.123
273.638
246.693
221.327
219.225
216.359
197.341
176.28
173.097
168.481
157.054
148.979
144.715
143.236
127.85
125.355
120.762
117.987
115.11
108.24
101.657
96.7986
90.0682
83.8041
83.8041
80.2692
78.6054
77.7562
77.7216
75.1218
74.1955
68.6244
61.6309
61.6309
60.095
59.6559
59.5269
58.9038
58.0892
56.9711
56.6737
55.9697
55.2105
54.9687
54.5895
54.5035
53.7757
53.0641
52.7689
52.7689
52.7307
52.4889
52.3726
52.1963
51.7683
51.7423
51.4556
51.4477
51.3804
51.2552
51.2412
51.2087
51.2066
51.1868
51.0984
51.072
51.0238
50.9773
50.9767
50.9578
50.9478
50.9377
50.8792
50.8792
50.8627
50.8627
50.8316
50.82
50.8199
50.6326
47.8279
47.8265
47.825
47.7667
47.5567
47.2666
47.2666
47.2664
47.2007
45.8702
45.8698
44.6202
44.6198
44.6198
44.6187
44.5507
44.2608
44.0115
43.6188
42.9085
42.6915
42.6387
42.4791
42.3526
42.3526
42.2784
42.2781
42.2681
42.2011
42.1525
42.0978
42.0574
42.0573
42.0262
41.9162
41.9161
41.7792
41.7791
41.7054
41.6916
41.675
41.6627
41.6627
41.6605
41.6604
41.6279
41.6105
41.6105
41.6105
41.6044
41.5974
41.5974
41.5966
41.5914
41.5695
41.5695
41.5662
41.5535
41.5535
41.5525
41.5453
41.544
41.544
41.5398
41.5192
41.5192
41.5192
41.5192
41.5187
41.5187
41.5184
41.5184
41.5177
41.5121
41.5121
41.5121
41.5092
41.5092
41.5079
41.511
41.5069
41.5069
41.5069
41.5068
41.5058
41.5043
41.5031
41.5031
41.5019
41.5018
41.5012
41.5007
41.5007
41.5004
41.5004
41.5004
41.4994
41.4994
41.499
41.499
41.4986
41.4984
41.4984
41.4983
41.4983
41.4983
41.4983
41.4982
41.4982
41.4981
41.4978
41.4977
41.4977
41.4977
41.4975
41.4975
41.4975
41.4974
41.4974
41.4975
41.4974
41.4974
41.4974
41.4974
41.4974
41.4974
41.4973
41.4973
41.4973
41.4973
41.4973
41.4973
41.4973
41.4973
41.4973
41.4973
41.4973
41.4973
41.4973
41.4973
41.4973
41.4973
41.4973
41.4973
41.4973
41.4973
41.4973
41.4973
41.4973
41.4973
41.4973
41.4973
41.4973
41.4973
41.4973
41.4972
41.4972
41.4972
41.4972
41.4972
41.4972
41.4972
41.4972
41.4972
41.4972
41.4972
41.4972
41.4972
41.4972
41.4972
41.4972
41.4972
41.4972
41.4972
41.4972
41.4972
41.4972
41.4972
41.4972
41.4972
41.4972
41.4972
41.4972
41.4972
41.4972
41.4972
41.4972
41.4972
41.4972
41.4972
41.4972
41.4972
41.4972
41.4972
41.4972
41.4972
41.4972
41.4972
41.4972
41.4972
41.4972
41.4972
41.4972
41.4972
41.4972
41.4972
41.4972
41.4972
41.4972
41.4972
41.4972
41.4972
41.4972
41.4972
41.4972
41.4972
41.4972
41.4972
41.4972
41.4972
41.4972
41.4972
41.4972
41.4972
41.4972
41.4972
41.4972
41.4972
41.4972
41.4979
41.4972
41.4972
41.4972
41.4972
41.4972
41.4972
41.4972
41.4972
41.4972
41.4972
41.4972
41.4972
41.4972
41.4972
41.4972
41.4972
41.4972
41.4972
41.4972
41.4972
41.4972
41.4972
41.4972
41.4972
41.4972
41.4972
41.4972
41.4972
41.4972
41.4972
41.4972
41.4972
41.4972
41.4972
41.4972
41.4972
41.4972
41.4972
41.4972
41.4972
41.4972
41.4972
41.4972
41.4972
41.4972
41.4972
41.4972
41.4972
41.4972
41.4972
41.4972
41.4972
41.4972
41.4972
41.4972
41.4972
41.4972
41.4972
41.4972
41.4972
41.4972
41.4972
41.4972
41.4972
41.4972
41.4972
41.4972
41.4972
41.4972
41.4972
41.4972
41.4972
41.4972
41.4972
41.4972
41.4972
41.4972
41.4972
41.4972
41.4972
41.4972
41.4972
41.4972
41.4972
41.4972
41.4972
41.4972
41.4972
41.4972
41.4972
41.4972
41.4972
41.4972
41.4972
41.4972
41.4972
41.4972
41.4972
41.4972
41.4972
41.4972
41.4972
41.4972
41.4972
41.4972
41.4972
41.4972
41.4972
41.4972
41.4972
41.4972
41.4972
41.4972
41.4972
41.4972
41.4972
41.4972
41.4972
41.4972
41.4972
41.4972
41.4972
41.4972
41.4972
41.4972
41.4972
41.4972
41.4972
41.4972
41.4972
41.4972
41.4972
41.4972
41.4972
41.4972
41.4972
41.4972
41.4972
41.4972
41.4972
41.4972
41.4972
41.4972
41.4972
41.4972
41.4972
41.4972
41.4972


1984.36
1938.91
1912.62
1875.83
1775.92
1774.63
1743.02
1743.02
1693.52
1663.05
1635.53
1533.4
1434.56
1434.56
1402.42
1359.28
1324.89
1281.09
1205.39
1205.39
1150.78
1126.58
1034.96
1031.4
1031.4
988.586
949.378
915.342
871.751
835.636
755.812
735.303
693.005
648.099
640.937
572.694
501.83
495.02
451.876
367.492
352.4
327.476
298.655
272.82
236.693
233.024
227.319
194.274
188.014
163.087
151.035
133.777
120.53
119.134
114.987
90.4909
87.0721
80.2611
77.0917
66.9251
66.919
65.5585
61.5246
61.1451
60.3631
59.5165
57.9731
54.3895
53.8217
50.8487
48.7225
46.8531
46.8531
45.6836
44.7783
43.4517
41.5851
40.5088
40.5088
39.6946
38.7231
38.0623
37.8534
36.8261
36.5311
36.4402
35.753
35.4815
35.3254
35.0587
35.0587
34.8288
34.5205
34.2952
34.2952
34.2772
34.0596
34.022
34.0218
33.7395
33.7388
33.6439
33.5675
33.496
33.4801
33.4123
33.3681
33.3093
33.3049
33.2559
33.2266
33.2001
33.1346
33.1255
33.0801
33.0531
33.0531
33.0229
33.0229
33.0194
33.0102
33.0088
32.9819
32.9776
32.969
32.9685
32.9685
32.9603
32.9522
32.945
32.9372
32.9357
32.9357
32.9264
32.9243
32.9216
32.9188
32.9188
32.9184
32.9161
32.9144
32.9142
32.9129
32.9124
32.9124
32.9109
32.91
32.9097
32.9097
32.9091
32.909
32.9079
32.9076
32.9076
32.9075
32.9071
32.9071
32.9069
32.9067
32.9063
32.9063
32.9063
32.9062
32.9061
32.9061
32.906
32.906
32.9059
32.9059
32.9059
32.9059
32.9058
32.9058
32.9058
32.9058
32.9058
32.9058
32.9057
32.9057
32.9057
32.9057
32.9057
32.9057
32.9057
32.9057
32.9057
32.9057
32.9057
32.9057
32.9057
32.9057
32.9056
32.9056
32.9056
32.9056
32.9056
32.9056
32.9056
32.9056
32.9056
32.9056
32.9056
32.9056
32.9056
32.9056
32.9056
32.9056
32.9056
32.9056
32.9056
32.9056
32.9056
32.9056
32.9056
32.9056
32.9056
32.9056
32.9056
32.9056
32.9056
32.9056
32.9056
32.9056
32.9056
32.9056
32.9056
32.9056
32.9056
32.9056
32.9056
32.9056
32.9056
32.9056
32.9056
32.9056
32.9056
32.9056
32.9056
32.9056
32.9056
32.9056
32.9056
32.9056
32.9056
32.9056
32.9056
32.9056
32.9056
32.9056
32.9056
32.9056
32.9056
32.9056
32.9056
32.9056
32.9056
32.9056
32.9056
32.9056
32.9056
32.9056
32.9056
32.9056
32.9056
32.4614
32.4614
32.4614
32.4051
32.2759
32.0203
31.953
31.4306
31.1707
31.1707
31.1707
31.1707
30.837
30.7862
30.7862
30.7862
30.6633
30.6633
30.4523
30.4193
30.214
30.108
30.108
30.108
30.0963
30.0892
30.0258
30.0184
30.0073
29.9913
29.9839
29.9737
29.9361
29.9361
29.9283
29.9283
29.9276
29.9077
29.9014
29.8848
29.8821
29.8821
29.8663
29.8663
29.8663
29.8591
29.8569
29.8512
29.8491
29.8418
29.8418
29.8396
29.8368
29.8368
29.8348
29.8348
29.8335
29.8332
29.8331
29.8331
29.833
29.833
29.833
29.8323
29.8302
29.8241
29.8241
29.8241
29.8237
29.8237
29.8231
29.8218
29.8213
29.8213
29.8213
29.821
29.8208
29.8208
29.8206
29.8206
29.8205
29.8203
29.8203
29.8201
29.8197
29.8194
29.8193
29.8192
29.819
29.819
29.8189
29.8189
29.8189
29.8187
29.8187
29.8186
29.8186
29.8185
29.8184
29.8184
29.8184
29.8184
29.8183
29.8183
29.8182
29.8182
29.8182
29.8182
29.8182
29.8182
29.8181
29.8181
29.8181
29.8181
29.8181
29.818
29.818
29.818
29.818
29.818
29.818
29.818
29.818
29.818
29.818
29.818
29.818
29.818
29.818
29.818
29.818
29.818
29.818
29.818
29.818
29.818
29.818
29.818
29.818
29.818
29.818
29.818
29.818
29.818
29.818
29.818
29.818
29.818
29.818
29.818
29.818
29.818
29.818
29.818
29.818
29.818
29.818
29.818
29.818
29.818
29.818
29.818
29.818
29.818
29.818
29.818
29.818
29.818
29.818
29.818
29.818
29.818
29.818
29.818
29.818
29.818
29.818
29.818
29.818
29.818
29.818
29.818
29.818
29.818
29.818
29.818
29.818
29.818
29.818
29.818
29.818
29.818
29.818
29.818
29.818
29.818
29.818
29.818
29.818
29.818
29.818
29.818
29.818
29.818
29.818
29.818
29.818
29.818
29.818
29.818
29.818
29.818
29.818
29.818
29.818
29.818
29.818
29.818
29.818
29.818
29.818
29.818
29.818
29.818
29.818
29.818
29.818
29.818
29.818
29.818
29.818
29.818
29.818
29.818
29.818
29.818


1975.89
1958.13
1934.59
1890.74
1855.87
1826.63
1783.29
1749.02
1674.01
1636.23
1636.23
1631.47
1631.29
1583.81
1548.14
1506.41
1506.08
1501.89
1450.36
1359.89
1359.89
1359.24
1332.86
1221.46
1198.34
1192.71
1173.71
1123.21
1064.84
940.523
940.523
937.976
878.665
874.765
778.91
699.702
639.488
628.673
566.495
462.839
442.579
410.55
410.55
353.963
328.419
324.497
265.63
250.895
237.943
221.704
215.593
191.793
188.61
181.35
172.788
172.351
169.863
155.507
144.464
128.93
124.119
124.226
120.542
118.134
107.593
105.394
105.394
104.141
102.056
102.056
100.931
97.5932
94.4419
93.3112
93.2853
91.4693
91.1774
89.2935
87.5496
87.2615
87.1925
86.9296
85.9754
85.5135
84.8833
84.8833
83.6062
83.5301
83.2119
83.154
82.7391
82.6073
82.2715
82.1512
82.0795
81.9404
81.8594
81.8031
81.7601
81.7271
81.6346
81.4924
81.3988
81.3515
81.2848
81.2485
81.1469
81.0628
81.0249
80.9503
80.9345
80.922
80.8906
80.8568
80.8568
80.8062
80.8062
80.8015
80.7957
80.7881
80.7879
80.7857
80.7767
80.7685
80.7602
80.7564
80.7533
80.75
80.748
80.7474
80.746
80.7436
80.7433
80.743
80.7397
80.7389
80.7343
80.7332
80.7312
80.7306
80.7306
80.7297
80.7292
80.7285
80.7276
80.7273
80.7259
80.7258
80.7256
80.7254
80.7253
80.7253
80.725
80.725
80.7245
80.7243
80.7238
80.7234
80.7233
80.7232
80.723
80.723
80.723
80.7229
80.7228
80.7227
80.4575
79.9629
79.9629
79.9629
79.9016
79.3583
79.2027
79.1687
79.167
79.167
71.5541
71.5541
71.5541
71.5541
71.5541
71.8236
71.1772
70.7581
70.3661
70.267
70.267
70.267
69.9026
69.5892
69.4352
69.3485
69.297
69.2644
69.2427
69.2292
69.222
69.2179
69.2158
69.2145
69.2136
69.0893
66.4138
64.2848
63.9347
59.275
59.275
59.275
59.275
56.3617
56.3617
56.3617
56.3617
56.3617
55.6293
54.3432
54.3432
54.3432
53.948
53.948
53.948
54.8856
54.8856
54.2062
53.4265
53.3574
52.7329
52.7329
52.7329
52.1368
52.0827
52.0763
51.9491
51.9491
51.4755
51.3
51.3
50.8879
50.8879
50.8879
50.8663
50.8663
50.8649
50.8426
50.8225
50.8225
50.5459
50.5459
50.3124
50.3124
50.1861
50.1861
50.107
50.0866
50.0866
50.0782
50.0621
50.0621
50.058
50.0321
50.0296
50.0212
49.9626
49.9551
49.9543
49.9493
49.9376
49.9032
49.9032
49.8735
49.8735
49.8735
49.8735
49.8708
49.8701
49.8701
49.869
49.869
49.8595
49.8595
49.8424
49.8424
49.8408
49.8353
49.8349
49.8249
49.8224
49.8224
49.8154
49.8129
49.8129
49.8148
49.8118
49.8118
49.8118
49.8118
49.8118
49.8111
49.8101
49.8101
49.8093
49.8085
49.8081
49.8076
49.8065
49.8065
49.8061
49.8061
49.8061
49.8061
49.8061
49.806
49.8059
49.8059
49.8059
49.8057
49.8057
49.8057
49.8057
49.8057
49.8057
49.8056
49.8054
49.8054
49.8054
49.8054
49.8054
49.2535
49.2535
49.2535
49.2535
49.2535
49.2535
49.2535
49.2535
49.2535
49.1304
49.1304
49.1304
49.1304
49.117
49.117
49.117
49.117
49.117
49.117
49.117
48.8956
48.8772
48.8772
48.8772
48.8772
48.855
48.855
48.855
48.855
48.8484
48.8473
48.8473
48.827
48.8138
48.5516
48.4154
48.4154
48.3899
48.2951
48.2951
48.2951
48.2669
48.2441
48.2441
48.2441
48.2441
48.1466
48.1355
48.1321
48.1321
48.0212
48.0204
47.9081
47.8235
47.744
47.6895
47.1189
47.1189
47.1053
45.9337
45.9315
45.889
45.8818
45.3339
44.6673
44.54
44.123
43.8795
43.6311
43.6311
43.607
43.5937
43.5903
43.5894
43.5544
43.5488
43.3745
43.344
43.3284
43.3151
43.3088
43.2939
43.2857
43.1455
42.9672
42.6423
42.4302
42.3457
42.2401
42.0082
41.8653
41.4072
41.3201
41.1934
41.1467
41.1297
41.0919
41.0553
41.0452
41.0445
41.0395
41.0016
40.968
40.8922
40.8497
40.7428
40.7164
40.7154
40.7022
40.6359
40.5153
40.5153
40.3523
40.2273
40.7409
40.537
40.5294
40.5157
40.5133
40.4424
40.4424
40.4299
40.4208
40.4126
40.4609
40.3882
40.3337
40.3164
40.2202
40.1943
40.1866
40.1543
40.1543
40.1445
40.2713
39.6963
39.5837
39.4261
39.3914
39.3352
39.3352
39.1631
39.0488
38.931
39.0357
39.0024
39.0024
38.9561
38.6895
38.6598
38.4465
38.1511
37.7918
37.785
37.9388
37.8786
37.7348
37.6737
37.6737
37.6542
37.6407
37.6154
37.3525
37.3495
37.426
37.287
37.1314
37.0121
37.0121
37.0031
36.9875
36.9875
36.9297


1950.43
1950.43
1935.4
1836.74
1836.74
1755.01
1743.2
1743.2
1743.2
1659.77
1631.72
1573
1565.94
1534.53
1530.1
1505.61
1438.08
1405.63
1364.09
1265.3
1265.02
1235.83
1210.04
1185.67
1149.47
1115.21
1085.27
1072.46
1022.18
997.789
964
924.984
866.705
846.669
846.669
741.367
640.605
640.605
564.605
564.605
564.605
528.396
528.054
482.635
415.99
407.031
332.53
318.302
318.302
304.731
271.638
244.539
210.653
210.653
206.589
206.589
202.091
162.851
156.259
153.841
136.529
118.527
109.525
96.4835
96.4835
93.08
77.6087
77.0692
73.2841
66.914
66.137
63.1751
58.8366
51.3443
47.8633
47.474
44.3873
44.3778
44.3084
44.3084
41.4564
38.3137
37.4905
36.0457
35.7446
35.4163
35.2155
34.9747
34.9747
34.4338
34.2868
32.9217
31.9447
31.799
31.799
31.4905
30.1511
30.055
29.6459
29.6427
29.4456
29.425
29.211
29.1416
29.1349
29.0013
28.9766
28.864
28.8198
28.7705
28.6773
28.6678
28.587
28.5483
28.3452
28.3452
28.2833
28.2833
28.2285
28.1652
28.1556
28.154
28.0749
28.0692
28.0607
28.0607
28.043
28.0102
27.9848
27.9256
27.9256
27.9117
27.9117
27.8903
27.887
27.8797
27.8796
27.8771
27.8646
27.8622
27.8405
27.8392
27.8379
27.8349
27.8349
27.8304
27.8224
27.8224
27.8203
27.8189
27.8068
27.8068
27.8049
27.8042
27.8015
27.7984
27.7983
27.792
27.7918
27.7905
27.7903
27.7903
27.7865
27.7865
27.7841
27.7831
27.7829
27.7828
27.7793
27.7788
27.7787
27.7789
27.7789
27.7781
27.7769
27.7768
27.7767
27.7765
27.7762
27.776
27.776
27.7759
27.7757
27.7755
27.7755
27.7755
27.7752
27.7752
27.7752
27.7752
27.7748
27.7746
27.7746
27.7746
27.7745
27.7745
27.7744
27.7741
27.7741
27.7741
27.774
27.7738
27.7738
27.7738
27.7738
27.7738
27.7738
27.7738
27.7737
27.7737
27.7737
27.7737
27.7737
27.7737
27.7737
27.7737
27.7737
27.7737
27.7737
27.7736
27.7736
27.7736
27.7736
27.7736
27.7736
27.7736
27.7736
27.7736
27.7736
27.7736
27.7736
27.7736
27.7736
27.7736
27.7736
27.7736
27.7736
27.7736
27.7736
27.7736
27.7736
27.7736
27.7736
27.7736
27.7736
27.7736
27.7736
27.7736
27.7736
27.7736
27.7736
27.7736
27.7736
27.7736
27.7736
27.7736
27.7736
27.7736
27.7736
27.7736
27.7736
27.7736
27.7736
27.7736
27.7736
27.7736
27.7736
27.7736
27.7736
27.7736
27.7736
27.7736
27.7736
27.7736
27.7736
27.7736
27.7736
27.7736
27.7736
27.7736
27.7736
27.7736
27.7736
27.7736
27.7736
27.7736
27.7736
27.7736
27.7736
27.7736
27.7736
27.7736
27.7736
27.7736
27.7736
27.7736
27.7736
27.7736
27.7736
27.7736
27.7736
27.7736
27.7736
27.7736
27.7736
27.7736
27.7736
27.7736
27.7736
27.7736
27.7736
27.7736
27.7736
27.7736
27.7736
27.7736
27.7736
27.7736
27.7736
27.7736
27.7736
27.7736
27.7736
27.7736
27.7736
27.7736
27.7736
27.7736
27.7736
27.7736
27.7736
27.7736
27.7736
27.7736
27.7736
27.7736
27.7736
27.7736
27.7736
27.7736
27.7736
27.7736
27.7736
27.7736
27.7736
27.7736
27.7736
27.7736
27.7736
27.7736
27.7736
27.7736
27.7736
27.7736
27.7736
27.7736
27.7736
27.7736
27.7736
27.7736
27.7736
27.7865
27.7736
27.7736
27.7736
27.7736
27.7736
27.7736
27.7736
27.7736
27.7736
27.7736
27.7736
27.7736
27.7736
27.7736
27.7736
27.7736
27.7736
27.7736
27.7736
27.7736
27.7736
27.7736
27.7736
27.7736
27.7736
27.7736
27.7736
27.7736
27.7736
27.7736
27.7736
27.7736
27.7736
27.7736
27.7736
27.7736
27.7736
27.7736
27.7736
27.7736
27.7736
27.7736
27.7736
27.7736
27.7736
27.7736
27.7736
27.7736
27.7736
27.7736
27.7736
27.7736
27.7736
27.7736
27.7736
27.7736
27.7736
27.7736
27.7736
27.8015
27.7736
27.7736
27.7736
27.7736
27.7736
27.7736
27.7736
27.7736
27.7736
27.7736
27.7736
27.7736
27.7736
27.7736
27.7736
27.7736
27.7736
27.7736
27.7736
27.7736
27.7736
27.7736
27.7736
27.7736
27.7736
27.7736
27.7736
27.7736
27.7736
27.7736
27.7736
27.7736
27.7736
27.7736
27.7736
27.7736
27.7736
27.7736
27.7736
27.7736
27.7736
27.7736
27.7736
27.7736
27.7736
27.7736
27.7736
27.7736
27.7736
27.7736
27.7736
27.7736
27.7736
27.7736
27.7736
27.7736
27.7736
27.7736
27.7736
27.7736
27.7736
27.7736
27.7736
27.7736
27.7736
27.7736
27.7736
27.7736
27.7736
27.7736
27.7736
27.7736
27.7736
27.7736
27.7736
27.7736
27.7736
27.7736


1971.27
1928.95
1919.14
1861.68
1827.66
1715.8
1705.96
1705.96
1676.7
1646.25
1612.64
1585.45
1560.41
1543.12
1468.84
1359.26
1359.26
1342.57
1218.99
1215.66
1215.21
1208.14
1208.14
1150.47
1117.09
996.51
990.776
933.986
890.887
848.275
848.275
837.054
757.572
725.773
633.314
630.931
523.698
484.637
453.871
453.871
423.676
354.473
255.135
239.206
238.008
238.008
210.548
182.334
173.24
172.996
153.673
145.696
142.269
129.759
127.489
122.942
115.697
109.346
108.893
105.914
104.002
100.252
97.1802
97.1317
94.1564
89.9538
89.1676
88.164
86.2917
82.4708
82.2927
80.7597
64.741
64.4267
60.806
60.806
55.506
53.5995
51.9342
51.9342
51.9342
48.4133
47.9481
46.8118
44.411
44.2391
44.2391
44.1827
44.1827
44.1423
44.1027
43.4104
43.3739
43.3739
42.9669
42.8888
42.8703
42.7788
42.4953
41.9937
41.3072
41.1733
41.0712
41.0331
40.6215
40.545
40.0984
40.0984
40.0625
40.0163
39.9949
39.9883
39.8603
39.7338
39.7338
39.7269
39.7221
39.6324
39.6306
39.6254
39.5904
39.5904
39.5904
39.5458
39.5115
39.51
39.4875
39.4607
39.4595
39.4476
39.4162
39.4077
39.3457
39.344
39.344
39.3427
39.338
39.338
39.3338
39.3075
39.3075
39.3059
39.2853
39.2853
39.2852
39.2829
39.2799
39.2796
39.2786
39.2728
39.2727
39.2727
39.2727
39.2687
39.2687
39.2685
39.267
39.2669
39.2642
39.2599
39.2598
39.2595
39.2562
39.2542
39.253
39.2513
39.2508
39.2508
39.2506
39.2502
39.2493
39.2493
39.2491
39.2489
39.2489
39.2488
39.2488
39.2486
39.2482
39.2482
39.2482
39.2479
39.2478
39.2478
39.2478
39.2478
39.2477
39.2476
39.2476
39.2475
39.2475
39.2472
39.2472
39.2472
39.2471
39.2471
39.2471
39.2471
39.2471
39.2471
39.2471
39.247
39.247
39.247
39.247
39.2469
39.2469
39.2469
39.2469
39.2469
39.2469
39.2469
39.2469
39.2469
39.2468
39.2468
39.2468
39.2468
39.2468
39.2468
39.2468
39.2468
39.2468
39.2468
39.2468
39.2468
39.2468
39.2468
39.2468
39.2468
39.2468
39.2468
39.2468
39.2468
39.2468
39.2468
39.2468
39.2468
39.2468
39.2468
39.2468
39.2468
39.2468
39.2468
39.2468
39.2468
39.2468
39.2468
39.2468
39.2468
39.2468
39.2468
39.2468
39.2468
39.2468
39.2468
39.2468
39.2468
39.2468
39.2468
39.2468
39.2468
39.2468
39.2468
39.2468
39.2468
39.2468
39.2468
39.2468
39.2468
39.2468
39.2468
39.2468
39.2468
39.2468
39.2468
39.2468
39.2468
39.2468
39.2468
39.2468
39.2468
39.2468
39.2468
39.2468
39.2468
39.2468
39.2468
39.2468
39.2468
39.2468
39.2468
39.2468
39.2468
39.2468
39.2468
39.2468
39.2468
39.2468
39.2468
39.2468
39.2468
39.2468
39.2468
39.2468
39.2468
39.2468
39.2468
39.2468
39.2468
39.2468
39.2468
39.2468
39.2468
39.2468
39.2468
39.2468
39.2468
39.2468
39.2468
39.2468
39.2468
39.2468
39.2468
39.2468
39.2468
39.2468
39.2468
39.2468
39.2468
39.2468
39.2468
39.2468
39.2468
39.2468
39.2468
39.2468
39.2468
39.2468
39.2468
39.2468
39.2468
39.2468
39.2468
39.2468
39.2468
39.2468
39.2468
39.2468
39.2468
39.2468
39.2468
39.2468
39.2468
39.2468
39.2468
39.2468
39.2468
39.2468
39.2468
39.2468
39.2468
39.2468
39.2468
39.2468
39.2468
39.2468
39.2468
39.2468
39.2468
39.2468
39.2473
39.2468
39.2468
39.2468
39.2468
39.2468
39.2468
39.2468
39.2468
39.2468
39.2468
39.2468
39.2468
39.2468
39.2468
39.2468
39.2468
39.2468
39.2468
39.2468
39.2468
39.2468
39.2468
39.2468
39.2468
39.2468
39.2468
39.2468
39.2468
39.2468
39.2468
39.2468
39.2468
39.2468
39.2468
39.2468
39.2468
39.2468
39.2468
39.2468
39.2468
39.2468
39.2468
39.2468
39.2468
39.2468
39.2468
39.2468
39.2468
39.2468
39.2468
39.2468
39.2468
39.2468
39.2468
39.2468
39.2468
39.2468
39.2468
39.2468
39.2468
39.2468
39.2468
39.2468
39.2468
39.2468
39.2468
39.2468
39.2468
39.2468
39.2468
39.2468
39.2468
39.2468
39.2468
39.2468
39.2468
39.2468
39.2468
39.2468
39.2468
39.2468
39.2468
39.2468
39.2468
39.2468
39.2468
39.2468
39.2468
39.2468
39.2468
39.2468
39.2468
39.2468
39.2468
39.2468
39.2468
39.2468
39.2468
39.2468
39.2468
39.2468
39.2468
39.2468
39.2468
39.2468
39.2468
39.2468
39.2468
39.2468
39.2468
39.2468
39.2468
39.2468
39.2468
39.2468
39.2468
39.2468
39.2468
39.2468
39.2468
39.2468
39.2468
39.2468
39.2468
39.2468
39.2468
39.2468
39.2468


1942.73
1928.72
1887.7
1848.42
1783.02
1773.54
1773.54
1721.27
1706.06
1667.31
1660.47
1577.25
1558.59
1548.73
1499.7
1397.65
1358.06
1313.49
1290.69
1234.08
1121.8
1102.71
991.11
990.554
982.644
959.907
906.661
888.123
856.221
826.278
797.091
752.01
748.508
705.902
665.707
653.65
628.591
558.961
540.656
512.769
494.919
489.049
454.839
454.839
445.549
357.486
293.681
276.218
263.95
263.95
257.209
249.207
235.83
211.148
185.149
151.203
143.314
132.733
110.326
108.787
108.787
99.6241
95.9706
94.8982
90.2114
86.0009
84.7275
77.1413
71.4792
70.6805
70.2505
70.2505
67.6368
61.1139
59.7275
59.7275
59.6902
59.2242
58.9178
56.2786
55.7745
55.4035
54.8015
54.1883
52.8038
52.572
51.5116
51.0306
50.8911
50.5833
50.0577
50.5601
50.1196
50.0522
49.6778
49.4515
49.2115
48.6622
48.4453
48.2182
48.1778
48.2051
47.6757
47.5693
47.5388
47.4721
47.2909
47.2516
47.0307
47.0106
47.0055
46.9563
46.9053
46.8118
46.8118
46.8112
46.7826
46.7628
46.7562
46.7452
46.7381
46.728
46.6382
46.6232
46.6198
46.5996
46.5898
46.5784
46.5671
46.5508
46.5508
46.5493
46.5401
46.5218
46.5188
46.5188
46.5128
46.5115
46.5106
46.5077
46.5001
46.5
46.4997
46.496
46.495
46.4945
46.4939
46.4902
46.4893
46.4891
46.4876
46.4857
46.4855
46.4855
46.4839
46.4836
46.4832
46.4814
46.4803
46.4796
46.4796
46.4801
46.4791
46.4782
46.478
46.4762
46.4759
46.4757
46.4757
46.4752
46.4748
46.4743
46.4743
46.4718
46.4718
46.4718
46.4718
46.4717
46.4715
46.4715
46.4714
46.4714
46.4705
46.4705
46.4705
46.4704
46.4704
46.4699
46.4699
46.4699
46.4696
46.4696
46.4695
46.4695
46.4693
46.4693
46.4692
46.4691
46.4691
46.4691
46.469
46.469
46.469
46.469
46.469
46.469
46.469
46.4689
46.4689
46.4689
46.4689
46.4689
46.4689
46.4688
46.4688
46.4688
46.4688
46.4688
46.4688
46.4687
46.4687
46.4687
46.4687
46.4687
46.4687
46.4687
46.4687
46.4687
46.4687
46.4687
46.4687
46.4687
46.4687
46.4687
46.4687
46.4687
46.4687
46.4687
46.4687
46.4687
46.4686
46.4686
46.4686
46.4686
46.4686
46.4686
46.4686
46.4686
46.4686
46.4686
46.4686
46.4686
46.4686
46.4686
46.4686
46.4686
46.4686
46.4686
46.4686
46.4686
46.4686
46.4686
46.4686
46.4686
46.4686
46.4686
46.4686
46.4686
46.4686
46.4686
46.4686
46.4686
46.4686
46.4686
46.4686
46.4686
46.4686
46.4686
46.4686
46.4686
46.4686
46.4686
46.4686
46.4686
46.3488
46.3488
46.2931
46.111
46.111
46.0938
46.0143
45.924
45.7333
45.7333
45.7333
45.7333
45.603
45.488
45.342
45.342
45.342
45.302
45.2983
45.2965
45.1845
45.1555
45.1503
45.1304
45.1304
45.0689
44.9932
44.9105
44.9105
44.9024
44.7127
44.7127
44.7028
44.6959
44.6452
44.2232
44.1386
43.2567
42.7111
42.057
39.4402
38.518
38.518
38.518
38.433
38.4313
38.0328
37.8877
37.8877
37.8539
37.8539
37.8539
37.8539
37.8098
37.7353
37.6889
37.613
37.3395
37.2027
37.1968
37.1014
36.9377
36.861
36.8454
36.8389
36.8363
36.7411
36.7338
36.7338
36.6601
36.6304
36.6304
36.6067
36.5971
36.5811
36.5573
36.5494
36.5195
36.5195
36.5185
36.5148
36.5
36.498
36.498
36.4974
36.4945
36.4933
36.4933
36.4933
36.4884
36.474
36.4587
36.4559
36.4559
36.4175
36.3971
36.3643
36.3648
36.3596
36.3536
36.3477
36.3178
36.2546
36.2546
36.2301
36.2211
36.136
35.9984
35.5665
35.3482
35.2483
35.2483
35.2483
35.2109
35.1584
35.1349
35.1164
35.0677
35.05
35.0329
35.031
35.0208
35.0208
35.0181
34.9994
34.9994
34.9994
35.2276
35.0168
35.0168
35.0107
35.005
35.0044
34.9715
34.9709
34.961
34.961
34.9535
34.9535
34.9535
34.9535
34.9535
34.952
34.9483
34.9401
34.9204
34.884
34.8058
34.7233
34.7233
34.7233
34.7233
34.6835
34.6738
34.6442
34.6415
34.6415
34.6167
34.6017
34.6017
34.6017
34.6017
34.6
34.5992
34.5989
34.5963
34.5933
34.5915
34.5897
34.5881
34.5843
34.5843
34.583
34.583
34.583
34.5828
34.5793
34.5786
34.5786
34.5784
34.5784
34.5782
34.5765
34.5724
34.5696
34.5691
34.5691
34.5692
34.5692
34.5685
34.5684
34.5683
34.5682
34.568
34.568
34.568
34.5677
34.5676
34.5675
34.5675
34.5672
34.5653
34.5637
34.563
34.557
34.554
34.554
34.5516
34.5497
34.5495
34.5495
34.5484
34.5471
34.547
34.5436
34.5414


1993.18
1932.5
1920.14
1916.81
1861.69
1856.73
1820.5
1735.3
1657.21
1631.2
1617.47
1576.32
1576.32
1500.88
1477.85
1477.64
1469.15
1413.51
1279.76
1250.83
1221.13
1215.53
1171.74
1131.05
1044.24
998.977
940.932
860.242
849.321
795.285
778.448
777.962
710.12
601.954
575.811
529.632
529.623
525.553
506.148
501.738
376.395
351.565
336.722
286.051
278.368
249.578
229.516
177.952
171.041
160.028
146.759
150.461
148.879
132.714
132.714
127.55
119.892
110.808
110.808
109.189
93.4744
96.7712
85.9865
84.0231
83.2746
81.8296
79.422
79.114
79.0746
77.8413
77.8413
76.4653
76.1416
75.4181
74.1576
73.9053
73.2006
73.086
72.5954
72.1527
70.9484
70.9836
70.9109
70.4942
70.4942
70.0089
69.9416
69.7157
69.6964
69.5648
69.4305
68.9178
68.8221
68.761
68.761
68.3597
68.3046
68.2273
67.992
67.992
67.9855
67.9843
67.8267
67.8267
67.8034
67.7854
67.7854
67.7423
67.7423
67.7281
67.7096
67.7006
67.6866
67.6866
67.6818
67.6535
67.6521
67.6515
67.6485
67.6465
67.6283
67.6283
67.6243
67.6243
67.6238
67.6233
67.6212
67.6188
67.6184
67.6168
67.6157
67.614
67.613
67.6126
67.6124
67.6121
67.6108
67.6108
67.6108
67.6107
67.6103
67.6103
67.6099
67.6079
67.6079
67.6078
67.6075
67.6068
67.6061
67.6061
67.606
67.606
67.6058
67.6057
67.6057
67.6056
67.6054
67.6054
67.6054
67.6053
67.6053
67.6053
67.6053
67.6052
67.6052
67.6052
67.6052
67.6052
67.6051
67.6051
67.6051
67.6051
67.6051
67.6051
67.6051
67.6051
67.6051
67.6051
67.6051
67.6051
67.6051
67.6051
67.605
67.605
67.605
67.605
67.605
67.605
67.605
67.605
67.605
67.605
67.605
67.605
67.605
67.605
67.605
67.605
67.605
67.605
67.605
67.605
67.605
67.605
67.605
67.605
67.605
67.605
67.605
65.9203
65.9203
65.7635
63.364
62.9971
62.9971
62.9971
62.9971
62.9971
61.9182
61.8499
61.8499
62.0373
59.6402
58.908
58.908
58.908
58.908
58.8083
58.8083
58.8083
58.8083
58.8083
58.5805
58.5805
58.433
58.433
58.2379
58.1871
58.0213
57.9277
57.9277
57.9067
57.843
57.8314
57.8314
57.8154
57.7783
57.7783
57.6187
57.422
57.3289
57.2824
57.2824
57.1221
56.6383
55.8507
55.5549
54.1945
54.1945
53.8405
51.7623
51.7623
51.7623
51.7623
51.7623
51.3805
51.3723
51.3723
51.3416
51.0907
50.9692
50.9342
50.7156
50.3777
50.0095
49.9437
49.8893
49.8893
49.8893
49.8631
49.8145
49.8145
49.8082
49.7684
49.7684
49.7532
49.7043
49.6878
49.6445
49.6445
49.6327
49.6327
49.6218
49.6053
49.6053
49.5777
49.5777
49.5388
49.4702
49.4064
49.3185
49.2705
49.2673
49.2523
49.2378
49.191
49.1616
49.1568
49.1568
49.1508
49.1508
49.1443
49.1443
48.6261
48.6261
47.6232
47.6232
47.4804
47.4804
47.4804
47.4804
47.2994
47.2994
47.2994
47.1793
46.9796
46.863
46.8525
46.8525
46.5368
46.5368
46.7412
46.546
46.3427
45.8301
45.8301
45.8301
45.7147
45.7147
45.7147
45.7147
45.6512
45.6512
45.534
45.534
45.534
45.5041
45.4807
45.4807
45.4807
45.4679
45.4679
45.4379
45.4362
45.4131
45.4085
45.4085
45.4085
45.3493
45.3493
45.3373
45.3682
45.3471
45.3161
45.3161
45.3109
45.3109
45.3109
45.3109
45.3109
45.3039
45.288
45.2819
45.2253
45.2253
45.2253
45.2217
45.2169
45.1856
45.1701
45.1701
45.1705
45.1705
45.1692
45.1692
45.1603
45.1603
45.1579
45.155
45.155
45.1547
45.1533
45.1533
45.1453
45.1418
45.1418
45.1392
45.1369
45.1343
45.1333
45.1322
45.1304
45.1268
45.1262
45.1262
45.1232
45.1173
45.117
45.1162
45.1134
45.1116
45.1117
45.1075
45.1075
45.1067
45.1067
45.1066
45.1066
45.1064
45.1064
45.1064
45.1065
45.1065
45.1061
45.1059
45.1058
45.1056
45.1056
45.1056
45.1055
45.105
45.1028
45.1028
45.1018
45.1014
45.101
45.1008
45.0978
45.0975
45.0966
45.0966
45.0959
45.0957
45.0951
45.0951
45.0949
45.0946
45.0942
45.0934
45.0931
45.0921
45.0921
45.0919
45.0917
45.0912
45.0911
45.0908
45.0902
45.0902
45.0902
45.0901
45.0898
45.0898
45.0895
45.0895
45.0895
45.0892
45.0889
45.0889
45.0889
45.0885
45.0884
45.0884
45.0884
45.0883
45.0883
45.0882
45.0882
45.0881
45.0876
45.0876
45.0877
45.0876
45.0872
45.0872
45.0872
45.0872
45.0872
45.0872
45.0872
45.0872
45.0871
45.0871
45.0871
45.0871
45.0871
45.087
45.087
45.0869
45.0869


1939.65
1939.65
1920.5
1895.81
1828.25
1828.25
1795.09
1717.54
1713.21
1651.19
1651.19
1646.78
1645.82
1542.72
1484.98
1450.92
1450.92
1428.14
1391.97
1371.39
1276.54
1243.75
1185.63
1180.62
1117.59
1111.83
1006.1
964.582
886.658
886.658
794.955
794.182
742.286
707.109
681.434
586.823
550.574
523.333
417.892
417.892
405.094
343.225
322.897
297.322
275.114
254.733
223.152
223.152
216.86
202.286
195.573
182.621
182.299
162.973
155.19
139.013
130.279
130.221
113.817
113.259
110.502
104.374
102.247
97.7792
94.5725
86.4139
86.4139
82.9018
80.7424
78.8443
77.0282
74.9641
74.6269
73.5526
70.8621
70.5505
70.3888
69.8681
69.7588
68.4379
68.266
68.3348
65.8746
65.8076
65.7525
64.9299
64.9299
64.0045
62.5298
62.3713
62.3713
62.6288
62.2615
62.0352
61.7058
61.6297
61.3762
61.3154
59.4808
59.4808
57.8951
57.7702
57.5406
57.5339
57.4802
56.9831
55.395
55.3722
54.9962
54.7579
54.2218
54.0433
51.8557
51.642
50.4397
47.4544
47.4544
45.5797
45.4568
44.5414
44.5414
43.9506
43.9506
43.7998
43.7278
43.5095
43.2676
43.2415
43.2077
42.5295
42.5295
42.3915
42.3915
42.1042
42.1042
41.8248
41.7296
41.7296
41.3501
41.1892
41.1633
41.1091
41.0108
40.8704
40.836
40.8168
40.796
40.7664
40.7153
40.7122
40.6991
40.7047
40.6864
40.6631
40.599
40.5799
40.5799
40.5787
40.5466
40.5374
40.5202
40.4995
40.4815
40.4743
40.4679
40.4623
40.4591
40.4573
40.4488
40.4403
40.4386
40.438
40.4376
40.4364
40.4323
40.4323
40.425
40.4218
40.4203
40.4144
40.4141
40.4121
40.4061
40.4061
40.3998
40.3985
40.398
40.3964
40.3954
40.3954
40.3949
40.3944
40.3931
40.3914
40.3914
40.3914
40.3911
40.3909
40.3907
40.3899
40.3899
40.3891
40.389
40.389
40.389
40.389
40.3888
40.3887
40.3886
40.3885
40.3885
40.3881
40.3881
40.3881
40.388
40.388
40.388
40.388
40.3879
40.3878
40.3878
40.3878
40.3877
40.3877
40.3877
40.3877
40.3877
40.3877
40.3876
40.3875
40.3875
40.3875
40.3875
40.3875
40.3875
40.3875
40.3874
40.3874
40.3874
40.3874
40.3874
40.3874
40.3874
40.3874
40.3874
40.3874
40.3874
40.3874
40.3874
40.3874
40.3874
40.3873
40.3873
40.3873
40.3873
40.3873
40.3873
40.3873
40.3873
40.3873
40.3873
40.3873
40.3873
40.3873
40.3873
40.3873
40.3873
40.3873
40.3873
40.3873
40.3873
40.3873
40.3873
40.3873
40.3873
40.3873
40.3873
40.3873
40.3873
40.3873
40.3873
40.3873
40.3873
40.3873
40.3873
40.3873
40.3873
40.3873
40.3873
40.3873
40.3873
40.3873
40.3873
40.3873
40.3873
40.3873
40.3873
40.3873
40.3873
40.3873
40.3873
40.3873
40.3873
40.3873
40.3873
40.3873
40.3873
40.3873
40.3873
40.3873
40.3873
40.3873
40.3873
40.3873
40.3873
40.3873
40.3873
40.3873
40.3873
40.3873
40.3873
40.3873
40.3873
40.3873
40.3873
40.3873
40.3873
40.3873
40.3873
40.3873
40.3873
40.3873
40.3873
40.3873
40.3873
40.3873
40.3873
40.3873
40.3873
40.3873
40.3873
40.3873
40.3873
40.3873
40.3873
40.3873
40.3873
40.3873
40.3873
40.3873
40.3873
40.3873
40.3873
40.3873
40.3873
40.3873
40.3873
40.3873
40.3873
40.3873
40.3873
40.3873
40.3873
40.3873
40.3873
40.3873
40.3873
40.3873
40.3873
40.3873
40.3873
40.3873
40.3873
40.3873
40.3873
40.3873
40.3873
40.3873
40.3873
40.3873
40.3873
40.3873
40.3873
40.3873
40.3873
40.3873
40.3873
40.3873
40.3873
40.3873
40.3873
40.3873
40.3873
40.3873
40.3873
40.3873
40.3873
40.3873
40.3873
40.3873
40.3873
40.3873
40.3873
40.3873
40.3873
40.3873
40.3873
40.3873
40.3873
40.3873
40.3873
40.3873
40.3873
40.3873
40.3873
40.3873
40.3873
40.3873
40.3873
40.3873
40.3873
40.3873
40.3873
40.3873
40.3873
40.3873
40.3873
40.3873
40.3873
40.3873
40.3873
40.3873
40.3873
40.3873
40.3873
40.3873
40.3873
40.3873
40.3873
40.3873
40.3873
40.3873
40.3873
40.3873
40.3873
40.3873
40.3873
40.3873
40.3873
40.3873
40.3873
40.3873
40.3873
40.3873
40.3873
40.3873
40.3873
40.3873
40.3873
40.3873
40.3873
40.3873
40.3873
40.3873
40.3873
40.3873
40.3873
40.3873
40.3873
40.3873
40.3873
40.3873
40.3873
40.3873
40.3873
40.3873
40.3873
40.3873
40.3873
40.3873
40.3873
40.3873
40.3873
40.3873
40.3873
40.3873
40.3873
40.3873
40.3873
40.3873
40.3873
40.3873
40.3873
40.3873
40.3873
40.3873
40.3873
40.3873
40.3873
40.3873


1955
1886.63
1874.79
1829.63
1740.66
1724.82
1724.74
1724.74
1659.34
1641.37
1622.82
1578.92
1578.79
1494.41
1494.41
1494.24
1403.01
1368.35
1316.01
1292.79
1288.86
1264.9
1189.1
1170.13
992.021
969.956
963.433
963.163
865.686
834.802
778.011
766.526
723.032
723.032
650.434
634.487
627.541
505.804
480.59
477.979
451.333
423.766
420.466
380.879
371.451
337.509
314.901
253.678
246.906
234.61
229.469
215.827
203.403
189.046
174.638
167.078
147.042
135.124
129.446
126.555
125.301
123.261
119.281
119.281
115.379
111.469
106.594
106.209
104.742
97.7551
95.6153
94.0557
92.4393
90.5605
88.0018
88.0018
87.1564
86.3273
86.1505
85.7673
85.1997
83.8154
82.1971
81.991
81.6409
81.5567
81.517
81.2698
81.0212
80.7813
80.3296
80.1283
80.1242
79.8836
79.8836
79.8074
79.6972
79.6133
79.5096
79.4786
79.4412
79.4386
79.3483
79.3451
79.3128
79.2971
79.236
79.2206
79.2206
79.1863
79.1863
79.1728
79.165
79.1468
79.092
79.0765
79.0702
79.0702
79.0551
79.0438
79.0313
79.0313
79.0313
79.0235
79.0149
78.9998
78.9998
78.9969
78.9941
78.9936
78.9931
78.9886
78.9882
78.985
78.9845
78.9845
78.9823
78.9814
78.9809
78.98
78.9784
78.9775
78.9766
78.9762
78.976
78.9757
78.9754
78.9748
78.9748
78.9739
78.9739
78.9738
78.9736
78.9736
78.9735
78.9735
78.9732
78.9731
78.973
78.9728
78.9727
78.9728
78.9727
78.9724
78.9724
78.9724
78.9723
78.9723
78.9722
78.9721
78.9721
78.972
78.972
78.972
78.972
78.972
78.9719
78.9719
78.9719
78.9719
78.9719
78.9719
78.9719
78.9719
78.9719
78.9719
78.9719
78.9718
78.9718
78.9718
78.9718
78.9718
78.9718
78.9718
78.9718
78.9718
78.9718
78.9718
78.9718
78.9718
78.9718
78.9718
78.9718
78.9718
78.9718
78.9718
78.9718
78.9718
78.9718
78.9718
78.9718
78.9718
78.9718
78.9718
78.9718
78.9718
78.9718
78.9718
78.9718
78.9718
78.9718
78.9718
78.9718
78.9718
78.9718
78.9718
78.9718
78.9718
78.9718
78.9718
78.9718
78.9718
78.9718
78.9718
78.9718
78.9718
78.9718
78.9718
76.3051
75.8048
74.9489
74.9489
74.9489
72.5845
71.6325
71.6325
70.3357
70.3357
69.169
68.695
68.695
68.3247
68.3247
67.8686
67.8686
67.1023
67.1023
66.2295
66.1431
65.2127
64.5038
62.4211
61.9979
61.747
61.0535
60.9307
59.9346
58.75
58.087
58.0587
57.435
57.2919
57.2716
56.5605
56.5605
56.495
56.3392
56.1765
55.8858
55.7745
55.5802
55.5393
55.4363
55.33
55.316
54.9848
54.6591
54.6431
54.5969
54.5443
54.5249
53.7275
53.6473
53.3424
53.3344
53.0606
53.0557
52.9716
52.9703
52.9629
52.7493
52.7378
52.7364
52.5636
52.3781
52.3362
52.2207
52.174
52.1495
52.1455
52.1455
52.1112
52.0488
51.9575
51.9575
51.9239
51.8977
51.8977
51.8767
51.8532
51.849
51.8259
51.8233
51.806
51.806
51.805
51.805
51.8039
51.7965
51.7965
51.7958
51.791
51.7846
51.782
51.7778
51.7704
51.7703
51.7546
51.7288
51.6868
51.6787
51.6755
51.675
51.6718
51.6566
51.6502
51.6221
51.5427
51.5426
51.3425
51.3313
51.2093
51.1836
51.1659
51.1473
51.135
51.135
51.0687
51.038
51.0376
51.0324
51.0197
51.0197
51.0197
51.0161
51.0121
51.0101
51.0077
51.0063
51.0006
51.0006
50.9949
50.9939
50.9883
50.9661
50.9661
50.9661
50.9631
50.9613
50.9613
50.9069
50.8901
50.8901
50.8872
50.8872
50.8872
50.8864
50.8853
50.8853
50.8841
50.8835
50.8833
50.8814
50.8805
50.8756
50.8676
50.8329
50.8322
50.8279
50.8263
50.8262
50.8258
50.825
50.825
50.8239
50.8217
50.8212
50.8212
50.8212
50.8206
50.8206
50.8203
50.8203
50.8201
50.8199
50.8196
50.8193
50.8186
50.8186
50.8184
50.8179
50.816
50.8157
50.8157
50.8143
50.8137
50.8104
50.8102
50.8098
50.809
50.809
50.809
50.809
50.8085
50.8081
50.8078
50.8072
50.8069
50.8066
50.8066
50.8064
50.8063
50.8062
50.8062
50.8062
50.8062
50.8061
50.8061
50.8061
50.806
50.806
50.3084
50.0211
49.923
49.8528
49.8528
49.6954
49.6886
49.6886
49.6613
49.6613
48.8173
48.7291
48.7291
48.6934
48.2018
47.2377
47.2377
47.2377
47.2213
47.1857
46.9909
46.9909
46.647
46.647
46.647
46.5578
46.5578
46.5578
46.3528
46.3476
46.3039
46.3039
46.241
46.222
46.222
46.222
46.1978
46.182
46.1693
46.1656
46.0595
46.0481
46.0481
46.0415
46.0226
46.0226
45.9636
45.8336
45.8115


1977.28
1939.98
1931.01
1886.11
1886.11
1792.51
1750.3
1740.4
1740.4
1700.6
1668.8
1656.65
1539.4
1500.66
1461.96
1434.57
1431.08
1414.5
1369.37
1329.23
1271.47
1284.67
1233.44
1163.62
1096.49
1089.14
1079.19
1047.82
914.624
914.624
891.993
865.409
810.254
731.268
681.667
681.667
659.283
586.28
559.438
528.796
513.824
492.464
412.634
395.558
334.948
306.557
282.82
254.669
206.582
205.909
175.865
167.94
136.051
133.481
130.348
120.744
117.987
102.143
99.2769
89.2668
85.0656
80.6068
80.5086
80.0018
76.851
72.4459
70.8217
70.8217
70.2688
67.2455
66.2775
66.2775
63.5425
62.6869
62.4066
62.2663
61.2338
60.7394
59.6457
59.5427
59.3408
59.0278
51.1612
50.8511
45.5714
45.3124
45.043
43.7904
43.5641
43.539
42.7839
40.9002
39.6043
38.2633
37.5104
35.4758
34.1623
33.9719
33.9719
33.59
33.3648
33.3041
33.2695
33.2695
33.0172
32.8625
32.8471
32.7944
32.6866
32.0253
31.9138
31.9692
31.8795
31.8791
31.8759
31.8759
31.8759
31.8692
31.6364
31.6199
31.6121
31.4618
31.2284
31.2256
31.2089
31.2078
31.062
31.0594
31.0532
31.0264
30.9214
30.9171
30.817
30.8157
30.8157
30.8156
30.7946
30.7909
30.7909
30.7521
30.7507
30.7493
30.741
30.7263
30.7208
30.7141
30.7141
30.6997
30.6994
30.6986
30.6983
30.6915
30.69
30.6891
30.6854
30.6854
30.6854
30.6815
30.6814
30.6812
30.6808
30.6764
30.6763
30.6739
30.6738
30.6737
30.6706
30.6706
30.6652
30.6652
30.6599
30.6586
30.6585
30.6569
30.6545
30.6541
30.6526
30.6516
30.6516
30.6508
30.6508
30.6498
30.6495
30.6484
30.6484
30.6477
30.6466
30.6466
30.6466
30.6466
30.6464
30.6462
30.6462
30.6462
30.646
30.6459
30.6459
30.6453
30.6453
30.6451
30.645
30.6448
30.6448
30.6447
30.6447
30.6447
30.6447
30.6447
30.6447
30.6446
30.6446
30.6446
30.6445
30.6445
30.6445
30.6444
30.6444
30.6444
30.6444
30.6444
30.6443
30.6443
30.6443
30.6443
30.6443
30.6443
30.6443
30.6442
30.6442
30.6442
30.6442
30.6442
30.6442
30.6442
30.6442
30.6442
30.6442
30.6442
30.6442
30.6442
30.6442
30.6442
30.6442
30.6442
30.6442
30.6442
30.6442
30.6442
30.6442
30.6442
30.6442
30.6442
30.6442
30.6442
30.6442
30.6442
30.6442
30.6442
30.6442
30.6442
30.6442
30.6442
30.6442
30.6442
30.6442
30.6442
30.6442
30.6442
30.6442
30.6442
30.6442
30.6442
30.6442
30.6442
30.6442
30.6442
30.6442
30.6442
30.6442
30.6442
30.6442
30.6442
30.6442
30.6442
30.6442
30.6442
30.6442
30.6442
30.6442
30.6442
30.6442
30.6442
30.6442
30.6442
30.6442
30.6442
30.6442
30.6442
30.6442
30.6442
30.6442
30.6442
30.6442
30.6442
30.6442
30.6442
30.6442
30.6442
30.6442
30.6442
30.6442
30.6442
30.6442
30.6442
30.6442
30.6442
30.6442
30.6442
30.6442
30.6442
30.6442
30.6442
30.6442
30.6442
30.6442
30.6442
30.6442
30.6442
30.6442
30.6442
30.6442
30.6442
30.6442
30.6442
30.6442
30.6442
30.6442
30.6442
30.6442
30.6442
30.6442
30.6442
30.6442
30.6442
30.6442
30.6442
30.6442
30.6442
30.6442
28.9749
27.1909
28.1982
27.0258
27.0258
27.0258
26.6923
26.3618
26.3618
26.3618
26.3618
25.9901
25.81
25.7617
25.7617
25.5612
25.537
25.5149
25.5149
25.46
25.4394
25.4285
25.4285
25.4223
25.4048
25.3968
25.3947
25.3947
25.3668
25.3668
25.3238
24.8224
24.6844
24.6844
24.6473
24.6473
24.5616
24.4201
24.4201
24.277
24.237
24.2363
24.1966
24.1926
24.1926
24.1388
24.1388
24.1352
24.1293
24.1293
24.1293
24.1034
24.0899
24.0899
24.0811
24.0811
24.0811
24.0779
24.0735
24.0669
24.042
24.0315
24.0405
24.0366
24.0366
24.0267
24.0263
24.0263
24.0205
24.0199
24.0095
24.0085
24.0085
24.0031
24.0031
24.0017
24.0017
24.0006
23.9998
23.9982
23.9971
23.9971
23.9974
23.997
23.9964
23.9959
23.9937
23.9934
23.9934
23.9928
23.9925
23.9925
23.9924
23.9919
23.9919
23.9919
23.9914
23.9911
23.9911
23.9911
23.9911
23.9911
23.9908
23.9908
23.9908
23.9903
23.9902
23.9902
23.9902
23.9902
23.9901
23.99
23.99
23.99
23.99
23.99
23.9899
23.9899
23.9899
23.9899
23.9899
23.9898
23.9898
23.9897
23.9897
23.9897
23.9897
23.9896
23.9896
23.9896
23.9896
23.9896
23.9895
23.9895
23.9895
23.9895
23.9894
23.9894
23.9894
23.9894
23.9894
23.9894
23.9894
23.9894
23.9894
23.9894
23.9894
23.9894
23.9894
23.9894
23.9894


