0.0261033
0.0261033
0.0261033
0.0268312
0.0273636
0.0277306
0.0279611
0.0279611
0.0281379
0.0299561
0.0305243
0.0312993
0.0336515
0.0353713
0.0365596
0.036573
0.0367416
0.0372757
0.0374917
0.0401949
0.0428561
0.0444343
0.0444343
0.0447392
0.044751
0.0524291
0.0525468
0.0525529
0.0537724
0.0601768
0.0682861
0.068385
0.068922
0.0859365
0.0928829
0.098835
0.105776
0.125766
0.130591
0.152749
0.15281
0.167336
0.177474
0.183442
0.193771
0.213409
0.238027
0.265007
0.265007
0.288143
0.320593
0.36593
0.367997
0.415566
0.452697
0.494186
0.506576
0.533309
0.53623
0.548788
0.551714
0.593837
0.640371
0.653467
0.661676
0.684157
0.694656
0.708501
0.748588
0.806467
0.806467
0.812361
0.837061
0.84521
0.84521
0.845893
0.853164
0.877946
0.877946
0.888381
0.90448
0.914829
0.925766
0.930878
0.934761
0.939784
0.941043
0.95625
0.964329
0.965477
0.967565
0.968538
0.971081
0.971888
0.981442
0.983233
0.985795
0.98634
0.986738
0.98741
0.990391
0.990329
0.992008
0.992601
0.992754
0.994748
0.995854
0.996246
0.996386
0.997128
0.997332
0.997356
0.998086
0.998235
0.998627
0.998627
0.998627
0.998688
0.998702
0.99884
0.998997
0.999133
0.999268
0.9993
0.9993
0.99938
0.999386
0.999484
0.999654
0.999654
0.999712
0.999718
0.999741
0.999761
0.99978
0.999806
0.99981
0.999819
0.999823
0.999846
0.999864
0.999885
0.999895
0.999897
0.999903
0.999913
0.999918
0.999931
0.999941
0.999942
0.999952
0.999953
0.999958
0.999965
0.999969
0.999972
0.999973
0.999976
0.999981
0.999982
0.999982
0.999983
0.999984
0.999984
0.999986
0.999988
0.999989
0.999991
0.999992
0.999992
0.999994
0.999994
0.999996
0.999996
0.999997
0.999998
0.999998
0.999998
0.999998
0.999999
0.999999
0.999999
0.999999
0.999999
0.999999
0.999999
0.999999
0.999999
0.999999
0.999999
0.999999
1
1
1
1
1
1
1
1
1
1
1
1
1
1
1
1
1
1
1
1
1
1
1
1
1
1
1
1
1
1
1
1
1
1
1
1
1
1
1
1
1
1
1
1
1
1
1
1
1
1
1
1
1
1
1
1
1
1
1
1
1
1
1
1
1
1
1
1
1
1
1
1
1
1
1
1
1
1
1
1
1
1
1
1
1
1
1
1
1
1
1
1
1
1
1
1
1
1
1
1
1
1
1
1
1
1
1
1
1
1
1
1
1
1
1
1
1
1
1
1
1
1
1
1
1
1
1
1
1
1
1
1
1
1
1
1
1
1
1
1
1
1
1
1
1
1
1
1
1
1
1
1
1
1
1
1
1
1
1
1
0.997738
1
1
1
1
1
1
1
1
1
0.999999
1
1
1
1
1
1
1
1
1
1
1
1
1
1
1
1
1
1
1
1
1
1
1
1
1
1
1
1
1
1
1
1
1
1
1
1
1
1
1
1
1
1
1
1
1
1
1
1
1
1
1
1
1
1
1
1
1
1
1
1
1
1
1
1
1
1
1
1
1
1
1
1
1
1
1
1
1
1
1
1
1
1
1
1
1
1
1
1
1
1
1
1
1
1
1
1
1
1
1
1
1
1
1
1
1
1
1
1
1
1
1
1
1
1
1
1
1
1
1
1
1
1
1
1
1
1
1
1
1
1
1
1
1
1
1
1
1
1


0.0170815
0.0177435
0.017788
0.0178417
0.0178417
0.0184345
0.0197299
0.0199385
0.0204027
0.0213028
0.0220209
0.0226357
0.0230255
0.0236666
0.0236666
0.0246896
0.0263827
0.0270013
0.0285911
0.0324794
0.0357733
0.0355343
0.0355343
0.0362827
0.0422724
0.0424457
0.0425239
0.0425239
0.0452135
0.0480297
0.0483784
0.0604865
0.0615269
0.0672623
0.0825194
0.0835623
0.0835623
0.0848467
0.0977965
0.118263
0.128766
0.175814
0.175814
0.211341
0.22829
0.22829
0.231423
0.231423
0.273265
0.273265
0.295526
0.303236
0.380443
0.38093
0.407515
0.407515
0.420686
0.434547
0.468487
0.470643
0.494164
0.507808
0.526703
0.527406
0.530135
0.535572
0.535572
0.563982
0.564409
0.572326
0.579099
0.591471
0.595335
0.608477
0.60863
0.622061
0.623341
0.631522
0.637083
0.641133
0.64399
0.64399
0.650268
0.650268
0.677918
0.687571
0.688518
0.689028
0.693808
0.702664
0.706466
0.70432
0.710372
0.710463
0.713062
0.713607
0.714855
0.714974
0.7157
0.718007
0.718134
0.718164
0.719025
0.721028
0.721325
0.721662
0.727221
0.727257
0.72728
0.727618
0.727689
0.727861
0.728433
0.728433
0.728433
0.728433
0.728653
0.728915
0.728916
0.728949
0.729226
0.729538
0.729819
0.730171
0.730378
0.73048
0.730511
0.73054
0.730729
0.730731
0.730734
0.730823
0.730927
0.730985
0.731041
0.731056
0.731073
0.731151
0.731223
0.731236
0.731274
0.731259
0.731312
0.731313
0.731313
0.731317
0.731319
0.73133
0.731335
0.731352
0.731366
0.731378
0.731383
0.731402
0.731403
0.731404
0.731412
0.731412
0.731419
0.731419
0.731419
0.731429
0.731429
0.731432
0.731432
0.731432
0.731433
0.731433
0.731433
0.731434
0.731437
0.731436
0.731437
0.731437
0.731437
0.731438
0.731438
0.731438
0.731438
0.731439
0.731439
0.731439
0.731439
0.731439
0.731439
0.731439
0.731439
0.731439
0.731439
0.731439
0.73144
0.73144
0.73144
0.73144
0.73144
0.73144
0.73144
0.73144
0.73144
0.73144
0.73144
0.73144
0.73144
0.73144
0.73144
0.73144
0.73144
0.73144
0.73144
0.73144
0.73144
0.73144
0.73144
0.73144
0.73144
0.73144
0.73144
0.73144
0.73144
0.73144
0.73144
0.73144
0.73144
0.73144
0.73144
0.73144
0.73144
0.73144
0.73144
0.73144
0.73144
0.73144
0.73144
0.73144
0.73144
0.73144
0.73144
0.73144
0.73144
0.73144
0.73144
0.73144
0.73144
0.73144
0.73144
0.73144
0.73144
0.73144
0.73144
0.73144
0.73144
0.73144
0.73144
0.73144
0.73144
0.73144
0.73144
0.73144
0.73144
0.73144
0.73144
0.73144
0.73144
0.73144
0.73144
0.73144
0.73144
0.73144
0.73144
0.73144
0.73144
0.73144
0.73144
0.73144
0.73144
0.73144
0.73144
0.73144
0.73144
0.73144
0.73144
0.73144
0.73144
0.73144
0.73144
0.73144
0.73144
0.73144
0.73144
0.73144
0.73144
0.73144
0.73144
0.73144
0.73144
0.73144
0.73144
0.73144
0.73144
0.73144
0.73144
0.73144
0.73144
0.73144
0.73144
0.73144
0.73144
0.73144
0.73144
0.73144
0.73144
0.73144
0.73144
0.73144
0.73144
0.73144
0.73144
0.73144
0.73144
0.73144
0.73144
0.73144
0.73144
0.73144
0.73144
0.73144
0.73144
0.73144
0.73144
0.73144
0.73144
0.73144
0.73144
0.73144
0.73144
0.73144
0.73144
0.73144
0.73144
0.73144
0.73144
0.73144
0.73144
0.73144
0.73144
0.73144
0.73144
0.73144
0.73144
0.73144
0.73144
0.73144
0.73144
0.73144
0.73144
0.73144
0.73144
0.73144
0.73144
0.73144
0.73144
0.73144
0.73144
0.73144
0.73144
0.73144
0.73144
0.73144
0.73144
0.73144
0.73144
0.73144
0.73144
0.73144
0.73144
0.73144
0.73144
0.73144
0.73144
0.73144
0.73144
0.73144
0.73144
0.73144
0.73144
0.73144
0.73144
0.73144
0.73144
0.73144
0.73144
0.73144
0.73144
0.73144
0.73144
0.73144
0.73144
0.73144
0.73144
0.73144
0.73144
0.731063
0.73144
0.73144
0.73144
0.73144
0.73144
0.73144
0.73144
0.73144
0.73144
0.73144
0.73144
0.73144
0.73144
0.73144
0.73144
0.73144
0.73144
0.73144
0.73144
0.73144
0.73144
0.73144
0.73144
0.73144
0.73144
0.73144
0.73144
0.73144
0.73144
0.73144
0.73144
0.73144
0.73144
0.73144
0.73144
0.73144
0.73144
0.73144
0.73144
0.73144
0.73144
0.73144
0.73144
0.73144
0.73144
0.73144
0.73144
0.73144
0.73144
0.73144
0.73144
0.73144
0.73144
0.73144
0.73144
0.73144
0.73144
0.73144
0.73144
0.73144
0.73144
0.73144
0.73144
0.73144
0.73144
0.73144
0.73144
0.73144
0.73144
0.73144
0.73144
0.73144
0.73144
0.73144
0.73144
0.73144
0.73144
0.73144
0.73144
0.73144
0.73144
0.73144
0.73144
0.73144
0.73144
0.73144
0.73144
0.73144
0.73144
0.73144
0.73144
0.73144
0.73144
0.73144
0.73144
0.73144
0.73144
0.73144


0.0139628
0.0144946
0.0145707
0.0149831
0.0150669
0.0152247
0.0161108
0.0162527
0.0169496
0.0178058
0.0184667
0.0200334
0.0200334
0.0205377
0.0215399
0.0226924
0.0244165
0.0244165
0.0253959
0.0253959
0.0261755
0.026948
0.0311715
0.0311737
0.0321352
0.0321403
0.0336486
0.0343379
0.0438387
0.0456586
0.0457027
0.0532657
0.0538901
0.0559128
0.061209
0.06286
0.0658103
0.0671346
0.0720325
0.0761717
0.0836889
0.0864533
0.0937282
0.10266
0.10762
0.123793
0.136885
0.139737
0.148225
0.149796
0.174963
0.185476
0.201212
0.202735
0.206585
0.211753
0.214851
0.243276
0.243651
0.24693
0.264931
0.280728
0.292575
0.292575
0.31958
0.327716
0.327716
0.331654
0.338629
0.341686
0.346456
0.367262
0.367262
0.367262
0.367803
0.375854
0.379317
0.384353
0.398151
0.39837
0.40179
0.404891
0.405997
0.415988
0.424113
0.436513
0.436513
0.439602
0.441686
0.443743
0.443743
0.446925
0.44702
0.471824
0.473582
0.480707
0.480882
0.481127
0.487177
0.488056
0.488141
0.493302
0.493402
0.493478
0.49801
0.498657
0.508525
0.534961
0.535011
0.542363
0.55728
0.557889
0.557889
0.560682
0.566122
0.566145
0.566145
0.57151
0.574428
0.574472
0.574998
0.573389
0.576759
0.576759
0.576794
0.5784
0.578405
0.581719
0.581719
0.582012
0.582021
0.582025
0.586063
0.586063
0.586069
0.58831
0.588348
0.588348
0.588348
0.588465
0.588465
0.588465
0.588886
0.589115
0.589475
0.589475
0.589679
0.589899
0.590022
0.590145
0.590375
0.59048
0.590601
0.590608
0.59074
0.59074
0.590747
0.590748
0.590839
0.590969
0.590969
0.590998
0.590998
0.591027
0.591027
0.591118
0.591118
0.591118
0.591118
0.591123
0.591129
0.591086
0.591096
0.591105
0.591144
0.591144
0.591204
0.591204
0.591204
0.591204
0.591215
0.591215
0.591237
0.591237
0.591243
0.591262
0.591262
0.591284
0.591291
0.591291
0.5913
0.591299
0.591305
0.591311
0.591316
0.591316
0.591339
0.591343
0.591343
0.591343
0.591347
0.591347
0.591348
0.591353
0.591355
0.591357
0.591358
0.591358
0.591358
0.591362
0.591362
0.591364
0.591375
0.591375
0.591375
0.591376
0.591376
0.591378
0.591378
0.591379
0.59138
0.591381
0.591381
0.591381
0.591382
0.591382
0.591382
0.591383
0.591383
0.591384
0.591384
0.591385
0.591385
0.591385
0.591385
0.591385
0.591386
0.591386
0.591386
0.591386
0.591386
0.591386
0.591386
0.591386
0.591386
0.591386
0.591386
0.591386
0.591386
0.591386
0.591386
0.591386
0.591386
0.591386
0.591386
0.591386
0.591386
0.591386
0.591386
0.591386
0.591386
0.591386
0.591386
0.591386
0.591387
0.591387
0.591387
0.591387
0.591387
0.591387
0.591387
0.591387
0.591387
0.591387
0.591387
0.591387
0.591387
0.591387
0.591387
0.591387
0.591387
0.591387
0.591387
0.591387
0.591387
0.591387
0.591387
0.591387
0.591387
0.591387
0.591387
0.591387
0.591387
0.591387
0.591387
0.591387
0.591387
0.591387
0.591387
0.591387
0.591387
0.591387
0.591387
0.591387
0.591387
0.591387
0.591387
0.591387
0.591387
0.591387
0.591387
0.591387
0.591387
0.591387
0.591387
0.591387
0.591387
0.591387
0.591387
0.591387
0.591387
0.591387
0.591387
0.591387
0.591387
0.591387
0.591387
0.591387
0.591387
0.591387
0.591387
0.591387
0.591387
0.591387
0.591387
0.591387
0.591387
0.591387
0.591387
0.591387
0.591387
0.591387
0.591387
0.591387
0.591387
0.591387
0.591387
0.591387
0.591387
0.591387
0.591387
0.591387
0.591387
0.591387
0.591387
0.591387
0.591387
0.591387
0.591387
0.591387
0.591387
0.591387
0.591387
0.591387
0.591387
0.591387
0.591387
0.591387
0.591387
0.591387
0.591387
0.591387
0.591387
0.591387
0.591387
0.591387
0.591387
0.591387
0.591387
0.591387
0.591387
0.591387
0.591387
0.591387
0.591387
0.591387
0.591387
0.591387
0.591387
0.591387
0.591387
0.591387
0.591387
0.591387
0.591387
0.591387
0.591387
0.591387
0.591387
0.591387
0.591387
0.591387
0.591387
0.591387
0.591387
0.591387
0.591387
0.591387
0.591387
0.591387
0.591387
0.591386
0.591387
0.591387
0.591387
0.591387
0.591387
0.591387
0.591387
0.591387
0.591387
0.591387
0.591387
0.591387
0.591387
0.591387
0.591387
0.591387
0.591387
0.591387
0.591387
0.591387
0.591387
0.591387
0.591387
0.591387
0.591387
0.591387
0.591387
0.591387
0.591387
0.591387
0.591387
0.591387
0.591387
0.591387
0.591387
0.591387
0.591387
0.591387
0.591387
0.591387
0.591387
0.591387
0.591387
0.591387
0.591387
0.591387
0.591387
0.591387
0.591387
0.591387
0.591387
0.591387
0.591387
0.591387
0.591387
0.591387
0.591387
0.591387
0.591387
0.591387
0.591387
0.591387
0.591387
0.591387
0.591387
0.591387
0.591387
0.591387
0.591387
0.591387
0.591387
0.591387
0.591387
0.591387
0.591387
0.591387
0.591387
0.591387
0.591387
0.591387
0.591387
0.591387
0.591387
0.591387
0.591387
0.591387
0.591387
0.591387


0.0109053
0.0110546
0.0114869
0.0115265
0.0120111
0.0122645
0.0125067
0.0125067
0.012508
0.0126891
0.0132555
0.0135647
0.0141308
0.0144764
0.0144918
0.0148953
0.0172087
0.0174598
0.0177175
0.0181958
0.0184603
0.0188464
0.0196129
0.0217378
0.0217378
0.0220659
0.0223775
0.0245232
0.0245232
0.0248876
0.0285807
0.0285303
0.0301458
0.0319974
0.0410394
0.0445759
0.0445846
0.0504819
0.050809
0.0522158
0.0566384
0.0570488
0.0597627
0.0643825
0.0666741
0.0805229
0.0853151
0.0853151
0.121289
0.141139
0.178675
0.185231
0.191444
0.215446
0.234699
0.269853
0.283039
0.286684
0.314684
0.316064
0.351755
0.357472
0.373273
0.389535
0.392937
0.395437
0.437822
0.462529
0.466028
0.468117
0.48319
0.493328
0.493328
0.498723
0.509603
0.50992
0.510628
0.524053
0.526132
0.526291
0.537939
0.539993
0.539993
0.557246
0.569336
0.571012
0.588397
0.589837
0.606946
0.606946
0.608837
0.609304
0.609304
0.612275
0.621782
0.621971
0.623281
0.623281
0.623493
0.625303
0.628493
0.62771
0.629646
0.632206
0.632212
0.633412
0.637195
0.637195
0.637195
0.637226
0.639011
0.63913
0.639148
0.639367
0.639951
0.640076
0.64016
0.640399
0.640421
0.640651
0.640922
0.640907
0.640914
0.640948
0.640966
0.641204
0.641207
0.64122
0.641397
0.641674
0.642819
0.629437
0.641886
0.642124
0.647704
0.64771
0.64771
0.64771
0.648134
0.649741
0.669383
0.669383
0.677024
0.698395
0.698395
0.698395
0.703397
0.703397
0.703397
0.704915
0.706303
0.708157
0.708157
0.70917
0.70917
0.709171
0.710457
0.713374
0.715207
0.715207
0.715208
0.715468
0.715468
0.715468
0.716656
0.718425
0.718425
0.718455
0.718455
0.718546
0.719262
0.719106
0.719452
0.719693
0.719693
0.719693
0.719843
0.720112
0.720498
0.720667
0.720667
0.721022
0.721241
0.72168
0.72187
0.721988
0.722152
0.72236
0.722445
0.722445
0.722525
0.722525
0.722981
0.723102
0.723102
0.723102
0.723134
0.723195
0.723276
0.723276
0.723338
0.72336
0.72336
0.723412
0.723458
0.723493
0.723493
0.723503
0.723542
0.723545
0.723599
0.7236
0.7236
0.723611
0.723624
0.723638
0.723638
0.723638
0.72365
0.72365
0.72365
0.72365
0.723652
0.723665
0.723668
0.723668
0.723673
0.723675
0.723675
0.723677
0.723679
0.72368
0.723682
0.723682
0.723682
0.723683
0.723685
0.723685
0.723685
0.723685
0.723685
0.723686
0.723686
0.723686
0.723688
0.723688
0.723688
0.723688
0.72369
0.72369
0.72369
0.72369
0.72369
0.72369
0.72369
0.72369
0.723691
0.723692
0.723692
0.723692
0.723693
0.723693
0.723693
0.723693
0.723693
0.723693
0.723693
0.723693
0.723693
0.723693
0.723694
0.723694
0.723694
0.723694
0.723694
0.723694
0.723694
0.723694
0.723694
0.723694
0.723694
0.723694
0.723694
0.723694
0.723694
0.723694
0.723694
0.723694
0.723694
0.723694
0.723694
0.723694
0.723694
0.723694
0.723694
0.723694
0.723694
0.723694
0.723694
0.723694
0.723694
0.723694
0.723694
0.723694
0.723694
0.723694
0.723694
0.723694
0.723694
0.723694
0.723694
0.723694
0.723694
0.723694
0.723694
0.723694
0.723694
0.723694
0.723694
0.723694
0.723694
0.723694
0.723694
0.723694
0.723694
0.723694
0.723694
0.723694
0.723694
0.723694
0.723694
0.723694
0.723694
0.723694
0.723694
0.723694
0.723694
0.723694
0.723694
0.723694
0.723694
0.723694
0.723694
0.723694
0.723694
0.723694
0.723694
0.723694
0.723694
0.723694
0.723694
0.722826
0.723694
0.723694
0.723694
0.723694
0.723694
0.723694
0.723694
0.723694
0.723694
0.723694
0.723694
0.723694
0.723694
0.723694
0.723694
0.723694
0.723694
0.723694
0.723694
0.723694
0.723694
0.723694
0.723694
0.723694
0.723694
0.723694
0.723694
0.723694
0.723694
0.723694
0.723694
0.723694
0.723694
0.723694
0.723694
0.723694
0.723694
0.723694
0.723694
0.723694
0.723694
0.723694
0.723694
0.723694
0.723694
0.723694
0.723694
0.723694
0.723694
0.723694
0.723694
0.723694
0.723694
0.723694
0.723694
0.723694
0.723694
0.723694
0.723694
0.723694
0.723694
0.723694
0.723694
0.723694
0.723694
0.723694
0.723694
0.723694
0.723694
0.723694
0.723694
0.723694
0.723694
0.723694
0.723694
0.723694
0.723694
0.723694
0.723694
0.723694
0.723694
0.723694
0.723694
0.723694
0.723694
0.723694
0.723694
0.723694
0.723694
0.723694
0.723694
0.723694
0.723694
0.723694
0.723694
0.723694
0.723694
0.723694
0.723694
0.723694
0.723694
0.723694
0.723694
0.723694
0.723694
0.723694
0.723694
0.723694
0.723694
0.723694
0.723694
0.723694
0.723694
0.723694
0.723694
0.723694
0.723694
0.723694
0.723694
0.723694
0.723694
0.723694
0.723694
0.723694
0.723694
0.723694
0.723694
0.723694
0.723694
0.723694
0.723694
0.723694
0.723694
0.723694
0.723694
0.723694
0.723694
0.723694
0.723694
0.723694
0.723694
0.723694
0.723694
0.723694
0.723694
0.723694
0.723694
0.723694


0.00770747
0.00797374
0.00797374
0.00824506
0.00889697
0.00889697
0.00889703
0.00963487
0.00963487
0.00963527
0.0110141
0.0111825
0.0112834
0.0113165
0.0119091
0.0122923
0.0131495
0.0135865
0.014338
0.0146202
0.0155956
0.015864
0.0164999
0.0185841
0.0195221
0.0195221
0.0196961
0.0218758
0.0254398
0.0260646
0.0279617
0.0303273
0.033155
0.0355827
0.0476139
0.0476139
0.0511797
0.0515895
0.0633721
0.0633721
0.0634321
0.0759999
0.0831678
0.101353
0.108918
0.11324
0.117797
0.125474
0.135371
0.149549
0.169505
0.161802
0.182732
0.186445
0.192169
0.208103
0.212569
0.249622
0.249622
0.261338
0.263516
0.278694
0.28103
0.299033
0.304362
0.313061
0.32389
0.343569
0.347237
0.347237
0.396295
0.397995
0.399946
0.403229
0.403229
0.415264
0.427698
0.431674
0.431674
0.434741
0.439254
0.443517
0.447944
0.448064
0.449856
0.457211
0.461946
0.463406
0.463406
0.464502
0.469903
0.475191
0.476298
0.485036
0.485036
0.485722
0.485991
0.486471
0.488192
0.489233
0.491461
0.491554
0.492889
0.493116
0.493126
0.49348
0.494252
0.494349
0.494564
0.495173
0.495424
0.495476
0.496447
0.497157
0.497596
0.498273
0.498273
0.498283
0.49834
0.498669
0.498753
0.498753
0.498766
0.498929
0.499054
0.499054
0.499263
0.499341
0.499346
0.499477
0.499495
0.499502
0.499507
0.499612
0.499777
0.499778
0.499779
0.499802
0.499817
0.499881
0.499917
0.499957
0.499958
0.499976
0.500022
0.500036
0.500051
0.500051
0.500086
0.500086
0.500112
0.500115
0.500115
0.500116
0.500123
0.500128
0.500135
0.500141
0.500141
0.500141
0.500142
0.500144
0.500144
0.500144
0.500144
0.500145
0.500145
0.500147
0.500147
0.500148
0.500148
0.500148
0.500148
0.500149
0.500149
0.500149
0.500149
0.500149
0.50015
0.50015
0.500151
0.500151
0.500151
0.500151
0.500151
0.500151
0.500151
0.500151
0.500151
0.500151
0.500151
0.500152
0.500152
0.500152
0.500152
0.500152
0.500152
0.500152
0.500152
0.500152
0.500152
0.500152
0.500152
0.500152
0.500152
0.500152
0.500152
0.500152
0.500152
0.500152
0.500152
0.500152
0.500152
0.500152
0.500152
0.500152
0.500152
0.500152
0.500152
0.500152
0.500152
0.500152
0.500152
0.500152
0.500152
0.500152
0.500152
0.500152
0.500152
0.500152
0.500152
0.500152
0.500152
0.500152
0.500152
0.500152
0.500152
0.500152
0.500152
0.500152
0.500152
0.500152
0.500152
0.500152
0.500152
0.500152
0.500152
0.500152
0.500152
0.500152
0.500152
0.500152
0.500152
0.500152
0.500152
0.500152
0.500152
0.500152
0.500152
0.500152
0.500152
0.500152
0.500152
0.500152
0.500152
0.500152
0.500152
0.500152
0.500152
0.500152
0.500152
0.500152
0.500152
0.500152
0.500152
0.500152
0.500152
0.500152
0.500152
0.500152
0.500152
0.500152
0.500152
0.500152
0.500152
0.500152
0.500152
0.500152
0.500152
0.500152
0.500152
0.500152
0.500152
0.500152
0.500152
0.500152
0.500152
0.500152
0.500152
0.500152
0.500152
0.500152
0.500152
0.500152
0.500152
0.500152
0.500152
0.500152
0.500152
0.500152
0.500152
0.500152
0.500152
0.500152
0.500152
0.500152
0.500152
0.500152
0.500152
0.500152
0.500152
0.500152
0.500152
0.500152
0.500152
0.500152
0.500152
0.500152
0.500152
0.500152
0.500152
0.500152
0.500152
0.500152
0.500152
0.500152
0.500152
0.500152
0.500152
0.500152
0.500152
0.500152
0.500152
0.500152
0.500152
0.500152
0.500152
0.500152
0.500152
0.500152
0.500152
0.500152
0.500152
0.500152
0.500152
0.500152
0.500152
0.500152
0.500152
0.500152
0.500152
0.500152
0.500152
0.500152
0.500152
0.500152
0.500152
0.500152
0.500152
0.500152
0.500152
0.500152
0.500152
0.500152
0.500152
0.500152
0.500152
0.500152
0.500152
0.500152
0.500152
0.500152
0.500152
0.500152
0.500152
0.500152
0.500152
0.500152
0.500152
0.500152
0.500152
0.497929
0.500152
0.500152
0.500152
0.500152
0.500152
0.500152
0.500152
0.500152
0.500152
0.500152
0.500152
0.500152
0.500152
0.500152
0.500152
0.500152
0.500152
0.500152
0.500152
0.500152
0.500152
0.500152
0.500152
0.500152
0.500152
0.500152
0.500152
0.500152
0.500152
0.497024
0.500152
0.500152
0.500152
0.500152
0.500152
0.500152
0.500152
0.500152
0.500152
0.500152
0.500152
0.500152
0.500152
0.500152
0.500152
0.500152
0.500152
0.500152
0.500152
0.500152
0.500152
0.500152
0.500152
0.500152
0.500152
0.500152
0.500152
0.500152
0.500152
0.500152
0.500152
0.500152
0.500152
0.500152
0.500152
0.500152
0.500152
0.500152
0.500152
0.500152
0.500152
0.500152
0.500152
0.500152
0.500152
0.500152
0.500152
0.500152
0.500152
0.500152
0.500152
0.500152
0.500152
0.500152
0.500152
0.500152
0.500152
0.500152
0.500152
0.500152
0.500152
0.500152
0.500152
0.500152
0.500152
0.500152
0.500152
0.500152
0.500152
0.500152
0.500152
0.500152
0.500152
0.500152
0.500152
0.500152
0.500152
0.500152


0.00787105
0.00789775
0.00789775
0.00803242
0.008265
0.0086027
0.00879563
0.00904105
0.0092786
0.0100861
0.0105368
0.0112932
0.0116878
0.0117308
0.0122829
0.0122829
0.0122829
0.0127751
0.0140471
0.0141976
0.014299
0.0148333
0.0148333
0.0160375
0.0189452
0.0189452
0.0198608
0.0212328
0.0221958
0.0221985
0.0240447
0.0255334
0.0258496
0.0277766
0.0292516
0.0339114
0.034076
0.0355857
0.0457145
0.0494594
0.0514607
0.0583016
0.0590169
0.0658552
0.0769049
0.0819875
0.103407
0.107303
0.113891
0.114955
0.119686
0.127564
0.133507
0.136094
0.139082
0.151207
0.157712
0.163849
0.168845
0.181336
0.182729
0.186078
0.187917
0.20207
0.202159
0.208042
0.213787
0.215875
0.219989
0.220546
0.220806
0.227773
0.233
0.236957
0.24347
0.24449
0.248755
0.251189
0.255286
0.25532
0.257968
0.257968
0.258903
0.259694
0.26052
0.261363
0.261427
0.261427
0.263383
0.263882
0.264476
0.265849
0.266492
0.266674
0.266719
0.266933
0.267609
0.267803
0.267869
0.268115
0.268115
0.268275
0.268402
0.268524
0.268583
0.268689
0.268717
0.268837
0.268837
0.268984
0.269107
0.269101
0.26917
0.26927
0.2694
0.269449
0.269449
0.26948
0.26948
0.269531
0.269541
0.269564
0.269576
0.269576
0.269589
0.269593
0.269621
0.269624
0.26964
0.269643
0.269643
0.269651
0.269655
0.269656
0.269659
0.269666
0.269667
0.269667
0.269671
0.269676
0.269676
0.269677
0.269679
0.269683
0.269683
0.269684
0.269685
0.269686
0.269687
0.269687
0.269689
0.269689
0.269689
0.26969
0.269691
0.269691
0.269691
0.269691
0.269691
0.269692
0.269692
0.269692
0.269692
0.269692
0.269692
0.269692
0.269692
0.269692
0.269692
0.269692
0.269692
0.269692
0.269692
0.269693
0.269693
0.269693
0.269693
0.269693
0.269693
0.269693
0.269693
0.269693
0.269693
0.269693
0.269693
0.269693
0.269693
0.269693
0.269693
0.269693
0.269693
0.269693
0.269693
0.269693
0.269693
0.269693
0.269693
0.269693
0.269693
0.269693
0.269693
0.269693
0.269693
0.269693
0.269693
0.269693
0.269693
0.269693
0.269693
0.269693
0.269693
0.269693
0.269693
0.269693
0.269693
0.269693
0.269693
0.269693
0.269693
0.269693
0.269693
0.269693
0.269693
0.269693
0.269693
0.269693
0.269693
0.269693
0.269693
0.269693
0.269693
0.269693
0.269693
0.269693
0.269693
0.269693
0.269693
0.269693
0.269693
0.269693
0.269693
0.269693
0.269693
0.269693
0.269693
0.269693
0.269693
0.269693
0.269693
0.269693
0.269693
0.269693
0.269693
0.269693
0.269693
0.269693
0.269693
0.269693
0.269693
0.269693
0.269693
0.269693
0.269693
0.269693
0.269693
0.269693
0.269693
0.269693
0.269693
0.269693
0.269693
0.269693
0.269693
0.269693
0.269693
0.269693
0.269693
0.269693
0.269693
0.269693
0.269693
0.269693
0.269693
0.269693
0.269693
0.269693
0.269693
0.269693
0.269693
0.269693
0.269693
0.269693
0.269693
0.269693
0.269693
0.269693
0.269693
0.269693
0.269693
0.269693
0.269693
0.269693
0.269693
0.269693
0.269693
0.269693
0.269693
0.269693
0.269693
0.269693
0.269693
0.269693
0.269693
0.269693
0.269693
0.269693
0.269693
0.269693
0.269693
0.269693
0.269693
0.269693
0.269693
0.269693
0.269693
0.269693
0.269693
0.269693
0.269693
0.269693
0.269693
0.269693
0.269693
0.269693
0.269693
0.269693
0.269693
0.269693
0.269693
0.269693
0.269693
0.269693
0.269693
0.269693
0.269693
0.269693
0.269693
0.269693
0.269693
0.269693
0.269693
0.269693
0.269693
0.269693
0.269693
0.269693
0.269693
0.269693
0.269693
0.269693
0.269693
0.269693
0.269693
0.269693
0.269693
0.269693
0.269693
0.269693
0.269693
0.269693
0.269693
0.269693
0.269693
0.269693
0.269693
0.269693
0.269693
0.269693
0.269693
0.269693
0.269693
0.269693
0.269693
0.269693
0.269693
0.269693
0.269693
0.269693
0.269693
0.269693
0.269693
0.269693
0.269693
0.269693
0.269693
0.269693
0.269693
0.269693
0.269693
0.269693
0.269693
0.269693
0.269693
0.269693
0.269693
0.269693
0.269693
0.269693
0.269693
0.269693
0.269693
0.269693
0.269693
0.269693
0.269693
0.269693
0.269693
0.269693
0.269693
0.269693
0.269693
0.269693
0.269693
0.269693
0.269693
0.269693
0.269693
0.269693
0.269693
0.269693
0.269693
0.269693
0.269693
0.269693
0.269693
0.269693
0.269693
0.269693
0.269693
0.269693
0.269693
0.269693
0.269693
0.269693
0.269693
0.269693
0.269693
0.269693
0.269693
0.269693
0.269693
0.269693
0.269693
0.269693
0.269693
0.269693
0.269693
0.269693
0.269693
0.269693
0.269693
0.269693
0.269693
0.269693
0.269693
0.269693
0.269693
0.269693
0.269693
0.269693
0.270023
0.270675
0.270702
0.271061
0.273474
0.273474
0.274071
0.274671
0.276619
0.28066
0.280732
0.281045
0.282302
0.284019
0.284422
0.284527
0.286651
0.289076
0.293632
0.293699
0.293723
0.295126
0.295841
0.296028
0.29654
0.297437
0.298107
0.298221
0.298221
0.298221


0.00696723
0.0070681
0.00718025
0.00718025
0.00735744
0.00749418
0.00780012
0.00789327
0.00844688
0.00854275
0.00865142
0.00963883
0.00984159
0.00984544
0.00995391
0.0106643
0.010765
0.0110824
0.0114937
0.0125923
0.0127618
0.0137962
0.0145967
0.0145967
0.0145967
0.0150393
0.0170324
0.0184689
0.0190818
0.0223603
0.0224299
0.0232992
0.0252859
0.0259411
0.0277423
0.0316761
0.0343161
0.0347378
0.0348206
0.0348829
0.042554
0.0446324
0.0446324
0.0506832
0.0586568
0.0890393
0.107602
0.111312
0.111312
0.112921
0.121923
0.124588
0.126902
0.130252
0.137031
0.148089
0.159251
0.160114
0.167892
0.179874
0.185195
0.198551
0.214013
0.224402
0.239544
0.241019
0.246153
0.252764
0.272585
0.299105
0.299105
0.304122
0.304491
0.32233
0.331036
0.335117
0.335117
0.354657
0.355134
0.356765
0.360206
0.358781
0.3616
0.3616
0.37176
0.374028
0.374135
0.374908
0.376582
0.37841
0.378764
0.379457
0.380698
0.380733
0.380733
0.384328
0.387322
0.387334
0.387953
0.387953
0.388251
0.389231
0.389302
0.389502
0.389619
0.389746
0.389793
0.389856
0.391019
0.391409
0.392039
0.392039
0.392181
0.392332
0.392332
0.392566
0.3926
0.392746
0.392978
0.393036
0.393218
0.39362
0.393645
0.393843
0.393843
0.393864
0.393865
0.394087
0.394199
0.394229
0.394274
0.394309
0.394311
0.394416
0.394524
0.394524
0.394524
0.394548
0.394602
0.39474
0.39474
0.394759
0.394761
0.394778
0.394779
0.394798
0.394823
0.39484
0.394844
0.394873
0.394893
0.394925
0.394925
0.394926
0.394929
0.394934
0.394962
0.394964
0.394965
0.394965
0.394974
0.394974
0.394974
0.394974
0.394978
0.394978
0.394978
0.394979
0.394981
0.39499
0.39499
0.394991
0.394991
0.394991
0.394991
0.394992
0.394992
0.394992
0.394994
0.394994
0.394995
0.394995
0.394995
0.394995
0.394996
0.394997
0.394997
0.394997
0.394998
0.394998
0.394998
0.394998
0.394998
0.394998
0.394999
0.394999
0.394999
0.394999
0.394999
0.394999
0.394999
0.395
0.395
0.395
0.395
0.395
0.395
0.395
0.395
0.395
0.395
0.395
0.395
0.395
0.395
0.395
0.395
0.395
0.395
0.395001
0.395001
0.395001
0.395001
0.395001
0.395001
0.395001
0.395001
0.395001
0.395001
0.395001
0.395001
0.395001
0.395001
0.395001
0.395001
0.395001
0.395001
0.395001
0.395001
0.395001
0.395001
0.395001
0.395001
0.395001
0.395001
0.395001
0.395001
0.395001
0.395001
0.395001
0.395001
0.395001
0.395001
0.395001
0.395001
0.395001
0.395001
0.395001
0.395001
0.395001
0.395001
0.395001
0.395001
0.395001
0.395001
0.395001
0.395001
0.395001
0.395001
0.395001
0.395001
0.395001
0.395001
0.395001
0.395001
0.395001
0.395001
0.395001
0.395001
0.395001
0.395001
0.395001
0.395001
0.395001
0.395001
0.395001
0.395001
0.395001
0.395001
0.395001
0.395001
0.395001
0.395001
0.395001
0.395001
0.395001
0.395001
0.395001
0.395001
0.395001
0.395001
0.395001
0.395001
0.395001
0.395001
0.395001
0.395001
0.395001
0.395001
0.395001
0.395001
0.395001
0.395001
0.395001
0.395001
0.395001
0.395001
0.395001
0.395001
0.395001
0.395001
0.395001
0.395001
0.395001
0.395001
0.395001
0.395001
0.395001
0.395001
0.395001
0.395001
0.395001
0.395001
0.395001
0.395001
0.395001
0.395001
0.395001
0.395001
0.395001
0.395001
0.395001
0.395001
0.395001
0.395001
0.395001
0.395001
0.395001
0.395001
0.395001
0.395001
0.395001
0.395001
0.395001
0.395001
0.395001
0.395001
0.395001
0.395001
0.395001
0.395001
0.395001
0.395001
0.395001
0.395001
0.395001
0.395001
0.395001
0.395001
0.395001
0.395001
0.395001
0.395001
0.395001
0.395001
0.395001
0.395001
0.395001
0.395001
0.395001
0.395001
0.395001
0.395001
0.395001
0.395001
0.395001
0.395001
0.395001
0.395001
0.395001
0.395001
0.395001
0.395001
0.395001
0.395001
0.395001
0.395001
0.395001
0.395001
0.395001
0.395001
0.395001
0.395001
0.395001
0.395001
0.395001
0.395001
0.395001
0.395001
0.395001
0.395001
0.395001
0.395001
0.395001
0.395001
0.395001
0.395001
0.395001
0.395001
0.395001
0.395001
0.395001
0.395001
0.395001
0.395001
0.395001
0.395001
0.395001
0.395001
0.395001
0.395001
0.395001
0.395001
0.395001
0.395001
0.395001
0.395001
0.395001
0.395001
0.395001
0.395001
0.395001
0.395001
0.395001
0.395001
0.395001
0.395001
0.395001
0.395001
0.395001
0.395001
0.395001
0.395001
0.395001
0.395001
0.395001
0.395001
0.399185
0.414439
0.414439
0.424936
0.421938
0.429349
0.43149
0.445778
0.453123
0.45375
0.45375
0.454016
0.454072
0.454072
0.453832
0.454265
0.454311
0.454371
0.454396
0.455838
0.457691
0.463273
0.464487
0.467779
0.468765
0.469427
0.471078
0.47126
0.47134
0.472343
0.479154
0.479771
0.479875
0.480093
0.480065
0.480152
0.480182
0.480224
0.480335
0.480428
0.480434
0.480434
0.483074


0.0103671
0.0103858
0.0108087
0.0108352
0.0109763
0.0111803
0.0113584
0.0118097
0.012122
0.012122
0.0125401
0.0127099
0.012904
0.0134018
0.0140394
0.0145085
0.0148004
0.0163626
0.0164976
0.0187828
0.0187828
0.0187755
0.0205204
0.0210143
0.0231141
0.0240917
0.0263008
0.0263008
0.0265697
0.0282167
0.0289304
0.0400048
0.0430007
0.0474041
0.0477083
0.0635277
0.068002
0.070125
0.0724555
0.0793462
0.0832532
0.102422
0.102664
0.115659
0.115659
0.12612
0.137175
0.140416
0.156815
0.161891
0.161891
0.202961
0.222953
0.242744
0.265829
0.288037
0.289665
0.30304
0.313535
0.330657
0.332511
0.359105
0.408239
0.414758
0.430806
0.430806
0.464069
0.473138
0.475675
0.500387
0.505813
0.533003
0.549063
0.559723
0.559723
0.578256
0.581116
0.583194
0.583194
0.584482
0.587833
0.593721
0.596093
0.601437
0.606384
0.606384
0.606995
0.607619
0.608863
0.611949
0.614685
0.614519
0.615579
0.618036
0.619345
0.621441
0.622207
0.622281
0.622561
0.622648
0.622648
0.623969
0.623969
0.624645
0.624833
0.625236
0.625236
0.625501
0.625553
0.626217
0.626285
0.626566
0.626633
0.62665
0.626793
0.626895
0.627079
0.627219
0.62724
0.627259
0.627268
0.627328
0.627464
0.627587
0.627601
0.627604
0.627635
0.627635
0.627674
0.627694
0.627717
0.627731
0.627754
0.627754
0.62778
0.627783
0.627801
0.627801
0.627804
0.627812
0.627812
0.627821
0.627822
0.627828
0.627829
0.627833
0.627833
0.627834
0.627843
0.627844
0.627845
0.627847
0.627848
0.62785
0.627851
0.627852
0.627852
0.627854
0.627856
0.627857
0.627857
0.627858
0.627858
0.627859
0.627859
0.62786
0.62786
0.627861
0.627861
0.627861
0.627861
0.627861
0.627862
0.627862
0.627862
0.627862
0.627862
0.627862
0.627862
0.627862
0.627862
0.627862
0.627863
0.627863
0.627863
0.627863
0.627863
0.627863
0.627863
0.627863
0.627863
0.627863
0.627863
0.627863
0.627863
0.627863
0.627863
0.627863
0.627863
0.627863
0.627863
0.627863
0.627863
0.627863
0.627863
0.627863
0.627863
0.627863
0.627863
0.627863
0.627863
0.627863
0.627863
0.627863
0.627863
0.627863
0.627863
0.627863
0.627863
0.627863
0.627863
0.627863
0.627863
0.627863
0.627863
0.627863
0.627863
0.627863
0.627863
0.627863
0.627863
0.627863
0.627863
0.627863
0.627863
0.627863
0.627863
0.627863
0.627863
0.627863
0.627863
0.627863
0.627863
0.627863
0.627863
0.627863
0.627863
0.627863
0.627863
0.627863
0.627863
0.627863
0.627863
0.627863
0.627863
0.627863
0.627863
0.627863
0.627863
0.627863
0.627863
0.627863
0.627863
0.627863
0.627863
0.627863
0.627863
0.627863
0.627863
0.627863
0.627863
0.627863
0.627863
0.627863
0.627863
0.627863
0.627863
0.627863
0.627863
0.627863
0.627863
0.627863
0.627863
0.627863
0.627863
0.627863
0.627863
0.627863
0.627863
0.627863
0.627863
0.627863
0.627863
0.627863
0.627863
0.627863
0.627863
0.627863
0.627863
0.627863
0.627863
0.627863
0.627863
0.627863
0.627863
0.627863
0.627863
0.627863
0.627863
0.627863
0.627863
0.627863
0.627863
0.627863
0.627863
0.627863
0.627863
0.627863
0.627863
0.627863
0.627863
0.627863
0.627863
0.627863
0.627863
0.627863
0.627863
0.627863
0.627863
0.627863
0.627863
0.627863
0.627863
0.627863
0.627863
0.627863
0.627863
0.627863
0.627863
0.627863
0.627863
0.627863
0.627863
0.627863
0.627863
0.627863
0.627863
0.627863
0.627863
0.627863
0.627863
0.627799
0.627863
0.627863
0.627863
0.627863
0.627863
0.627863
0.627863
0.627863
0.627863
0.627863
0.627863
0.627863
0.627863
0.627863
0.627863
0.627863
0.627863
0.627863
0.627863
0.627848
0.627863
0.627863
0.627863
0.627863
0.627863
0.627863
0.627863
0.627863
0.627863
0.627863
0.627863
0.627863
0.627863
0.627863
0.627863
0.627863
0.627863
0.627863
0.627863
0.627863
0.627863
0.627863
0.627863
0.627863
0.627863
0.627863
0.627863
0.627863
0.627863
0.627863
0.627863
0.627863
0.627863
0.627863
0.627863
0.627863
0.627863
0.627863
0.627863
0.627836
0.627863
0.627863
0.627863
0.627863
0.627863
0.627863
0.627863
0.627863
0.627863
0.627863
0.627863
0.627863
0.627863
0.627863
0.627863
0.627863
0.627863
0.627863
0.627863
0.627863
0.627863
0.627863
0.627863
0.627863
0.627863
0.627863
0.627863
0.627863
0.627863
0.627863
0.627863
0.627863
0.627863
0.627863
0.627863
0.627863
0.627863
0.627863
0.627863
0.627863
0.627863
0.627863
0.627863
0.627863
0.627863
0.627863
0.627863
0.627863
0.627863
0.627863
0.627863
0.627863
0.627863
0.627863
0.627863
0.627863
0.627863
0.627863
0.627863
0.627863
0.627863
0.627863
0.627863
0.627863
0.627863
0.627863
0.627863
0.627863
0.627863
0.627863
0.627863
0.627863
0.627863
0.627863
0.627863
0.627863
0.627863
0.627863
0.627863
0.627863
0.627863
0.627863
0.627863
0.627863
0.627863
0.627863
0.627863
0.627863


0.00926555
0.00933292
0.00947995
0.00960516
0.00969618
0.00985701
0.0103453
0.0106412
0.0110945
0.0114358
0.0117475
0.012217
0.0122818
0.0129527
0.0129527
0.0130474
0.013168
0.0133125
0.0143586
0.015688
0.0158158
0.0165621
0.0180589
0.0195482
0.0196633
0.0201903
0.0206987
0.0206987
0.0221996
0.0232893
0.025285
0.0263616
0.0288017
0.0339012
0.034591
0.034591
0.0375338
0.0388205
0.0446175
0.0452928
0.0452928
0.049011
0.0492137
0.0510116
0.0757638
0.0859128
0.0871527
0.0955547
0.100687
0.118277
0.118277
0.125118
0.145734
0.145734
0.164225
0.175169
0.191627
0.217887
0.239077
0.250945
0.250945
0.255484
0.270451
0.283621
0.286613
0.295179
0.303276
0.319844
0.33512
0.381151
0.408154
0.398282
0.430753
0.430753
0.434719
0.442816
0.453962
0.457313
0.470537
0.47507
0.48953
0.493372
0.493372
0.493372
0.499207
0.500059
0.500774
0.502738
0.5043
0.517387
0.520648
0.523225
0.524008
0.524008
0.524948
0.524948
0.525309
0.52677
0.527187
0.528027
0.529503
0.529803
0.531357
0.53234
0.533079
0.533349
0.535516
0.535819
0.536012
0.536421
0.537553
0.537813
0.537813
0.538014
0.53814
0.538238
0.538401
0.538434
0.538715
0.538756
0.53922
0.539195
0.539278
0.539337
0.539436
0.539542
0.539767
0.539791
0.539834
0.539873
0.539881
0.53998
0.53998
0.540051
0.540094
0.540107
0.54021
0.540385
0.540393
0.540404
0.540426
0.540433
0.54045
0.540452
0.540468
0.540482
0.540491
0.540493
0.540506
0.540514
0.540517
0.540519
0.540521
0.540529
0.54053
0.54053
0.540533
0.54054
0.54054
0.540549
0.54055
0.54055
0.540553
0.540557
0.540557
0.540558
0.540558
0.540559
0.54056
0.540564
0.540564
0.540563
0.540563
0.540564
0.540564
0.540565
0.540565
0.540566
0.540566
0.540566
0.540566
0.540566
0.540567
0.540567
0.540567
0.540567
0.540567
0.540567
0.540568
0.540568
0.540568
0.540568
0.540568
0.540568
0.540568
0.540568
0.540568
0.540568
0.540568
0.540568
0.540568
0.540568
0.540568
0.540569
0.540569
0.540569
0.540569
0.540569
0.540569
0.540569
0.540569
0.540569
0.540569
0.540569
0.540569
0.540569
0.540569
0.540569
0.540569
0.540569
0.540569
0.540569
0.540569
0.540569
0.540569
0.540569
0.540569
0.540569
0.540569
0.540569
0.540569
0.540569
0.540569
0.540569
0.540569
0.540569
0.540569
0.540569
0.540569
0.540569
0.540569
0.540569
0.540569
0.540569
0.540569
0.540569
0.540569
0.540569
0.540569
0.540569
0.540569
0.540569
0.540569
0.540569
0.540569
0.540569
0.540569
0.540569
0.540569
0.540569
0.540569
0.540569
0.540569
0.540569
0.540569
0.540569
0.540569
0.540569
0.540569
0.540569
0.540569
0.540569
0.540569
0.540569
0.540569
0.540569
0.540569
0.540569
0.540569
0.540569
0.540569
0.540569
0.540569
0.540569
0.540569
0.540569
0.540569
0.540569
0.540569
0.540569
0.540569
0.540569
0.540569
0.540569
0.540569
0.540569
0.540569
0.540569
0.540569
0.540569
0.540569
0.540569
0.540569
0.540569
0.540569
0.540569
0.540569
0.540569
0.540569
0.540569
0.540569
0.540569
0.540569
0.540569
0.540569
0.540569
0.540569
0.540569
0.540569
0.540569
0.540569
0.540569
0.540569
0.540569
0.540569
0.540569
0.540569
0.540569
0.540569
0.540569
0.540569
0.540569
0.540569
0.540569
0.540569
0.540569
0.540569
0.540569
0.540569
0.540569
0.540569
0.540569
0.540569
0.540569
0.540569
0.540569
0.540569
0.540569
0.540569
0.540569
0.540569
0.540465
0.540569
0.540569
0.540569
0.540569
0.540569
0.540569
0.540569
0.540569
0.540569
0.540569
0.540569
0.540569
0.540569
0.540569
0.540569
0.540569
0.540569
0.540569
0.540569
0.540569
0.540569
0.540569
0.540569
0.540569
0.540569
0.540569
0.540569
0.540569
0.540569
0.540569
0.540569
0.540569
0.540569
0.540569
0.540569
0.540569
0.540569
0.540569
0.540569
0.540569
0.540569
0.540569
0.540569
0.540569
0.540569
0.540569
0.540569
0.540569
0.540569
0.540569
0.540569
0.540569
0.540569
0.540569
0.540569
0.540569
0.540569
0.540569
0.540569
0.540272
0.540569
0.540569
0.540569
0.540569
0.540569
0.540569
0.540569
0.540569
0.540569
0.540569
0.540569
0.540569
0.540569
0.540569
0.540569
0.540569
0.540569
0.540569
0.540569
0.540569
0.540569
0.542521
0.544111
0.54427
0.54427
0.545141
0.545141
0.546444
0.546764
0.547625
0.549501
0.549501
0.549501
0.555536
0.562984
0.562984
0.562984
0.562984
0.565148
0.557039
0.562191
0.565228
0.565228
0.565228
0.565969
0.566256
0.566256
0.566256
0.566256
0.566207
0.566757
0.567476
0.567476
0.569128
0.569128
0.569232
0.570289
0.570289
0.572475
0.571886
0.572648
0.576299
0.582096
0.582096
0.583526
0.583526
0.584245
0.584245
0.58533
0.581113
0.585183
0.586021
0.586021
0.586562
0.586562
0.586562
0.586562
0.586562
0.586613
0.587024
0.587326
0.587575
0.58768
0.587725
0.587749
0.587769
0.587773
0.5888


0.00989774
0.00999165
0.010524
0.0105854
0.0106606
0.0107694
0.0112322
0.0112806
0.0113283
0.0121288
0.0121585
0.0123834
0.0124514
0.0126075
0.0126386
0.0135135
0.0141955
0.0145382
0.0152139
0.0157295
0.0157295
0.016132
0.0184132
0.0184141
0.0190107
0.0193673
0.0198425
0.0227343
0.023017
0.0230243
0.0301474
0.0301474
0.0301847
0.0305483
0.0326608
0.0335915
0.0336191
0.0363161
0.0580269
0.0607745
0.0607745
0.0613918
0.0790719
0.0988191
0.0994501
0.108919
0.112201
0.112201
0.115323
0.122862
0.138938
0.151931
0.175648
0.175648
0.189741
0.228912
0.233091
0.233091
0.241372
0.251489
0.278809
0.287714
0.287714
0.308763
0.324316
0.330709
0.330709
0.351506
0.360943
0.362081
0.368888
0.37489
0.37489
0.37489
0.38149
0.387536
0.393048
0.395224
0.401132
0.403845
0.403845
0.403845
0.404682
0.408159
0.408159
0.412972
0.413193
0.414124
0.41536
0.416093
0.416093
0.417528
0.418018
0.41894
0.41906
0.420966
0.421823
0.422255
0.422538
0.422538
0.422922
0.423043
0.423286
0.423429
0.423429
0.423664
0.423664
0.424029
0.424197
0.424416
0.424416
0.424492
0.424549
0.424611
0.424714
0.424788
0.424797
0.42484
0.42484
0.424941
0.424941
0.424959
0.425003
0.425003
0.425034
0.425055
0.425078
0.425089
0.425111
0.425122
0.425126
0.425124
0.42513
0.425138
0.425138
0.425142
0.425142
0.425147
0.425149
0.425154
0.425159
0.425164
0.425165
0.425167
0.425168
0.425169
0.425171
0.425174
0.425175
0.425175
0.425175
0.425175
0.425176
0.425176
0.425177
0.425177
0.425178
0.425178
0.425179
0.425179
0.42518
0.42518
0.42518
0.42518
0.42518
0.42518
0.42518
0.42518
0.425181
0.425181
0.425181
0.425181
0.425181
0.425181
0.425181
0.425181
0.425181
0.425182
0.425182
0.425182
0.425182
0.425182
0.425182
0.425182
0.425182
0.425182
0.425182
0.425182
0.425182
0.425182
0.425182
0.425182
0.425182
0.425182
0.425182
0.425182
0.425182
0.425182
0.425182
0.425182
0.425182
0.425182
0.425182
0.425182
0.425182
0.425182
0.425182
0.425182
0.425182
0.425182
0.425182
0.425182
0.425182
0.425182
0.425182
0.425182
0.425182
0.425182
0.425182
0.425182
0.425182
0.425182
0.425182
0.425182
0.425182
0.425182
0.425182
0.425182
0.425182
0.425182
0.425182
0.425182
0.425182
0.425182
0.425182
0.425182
0.425182
0.425182
0.425182
0.425182
0.425182
0.425182
0.425182
0.425182
0.425182
0.425182
0.425182
0.425182
0.425182
0.425182
0.425182
0.425182
0.425182
0.425182
0.425182
0.425182
0.425182
0.425182
0.425182
0.425182
0.425182
0.425182
0.425182
0.425182
0.425182
0.425182
0.425182
0.425182
0.425182
0.425182
0.425182
0.425182
0.425182
0.425182
0.425182
0.425182
0.425182
0.425182
0.425182
0.425182
0.425182
0.425182
0.425182
0.425182
0.425182
0.425182
0.425182
0.425182
0.425182
0.425182
0.425182
0.425182
0.425182
0.425182
0.425182
0.425182
0.425182
0.425182
0.425182
0.425182
0.425182
0.425182
0.425182
0.425182
0.425182
0.425182
0.425182
0.425182
0.425182
0.425182
0.425182
0.425182
0.425182
0.425182
0.425182
0.425182
0.425182
0.438745
0.438745
0.438745
0.439551
0.439551
0.444511
0.447757
0.455883
0.455883
0.464383
0.47642
0.487981
0.487981
0.499735
0.493741
0.542929
0.542929
0.542929
0.542929
0.543272
0.555481
0.565906
0.565906
0.565906
0.576582
0.579221
0.579221
0.580453
0.580453
0.581587
0.581587
0.581733
0.583848
0.585653
0.589845
0.590731
0.592234
0.592234
0.592234
0.594737
0.595893
0.595893
0.598429
0.598429
0.598005
0.598564
0.59983
0.599851
0.600021
0.600225
0.601912
0.602692
0.602692
0.602692
0.6027
0.602929
0.602929
0.603604
0.603604
0.604145
0.604423
0.604424
0.604431
0.604705
0.604783
0.604909
0.604909
0.604917
0.604917
0.605036
0.605146
0.605146
0.605146
0.605192
0.60518
0.605225
0.605225
0.605253
0.605353
0.605371
0.6054
0.6054
0.605482
0.605482
0.605482
0.605499
0.605499
0.605506
0.60551
0.605524
0.605524
0.605542
0.605567
0.605567
0.605562
0.605584
0.605584
0.605588
0.605588
0.605591
0.605595
0.605595
0.605595
0.605595
0.605595
0.605595
0.605596
0.605598
0.605604
0.605615
0.605617
0.605618
0.605623
0.605623
0.605623
0.605623
0.605623
0.605625
0.605626
0.605627
0.605627
0.605628
0.605629
0.605629
0.605628
0.605629
0.605629
0.605629
0.605629
0.605629
0.60563
0.60563
0.60563
0.60563
0.60563
0.605631
0.605631
0.605631
0.605631
0.605631
0.605631
0.605631
0.605631
0.605631
0.605631
0.605632
0.605632
0.605632
0.605632
0.605632
0.605632
0.605632
0.605632
0.605632
0.605632
0.605632
0.605632
0.605632
0.605632
0.605632
0.605632
0.605632
0.605632
0.605632
0.605632
0.605632
0.605632
0.605632
0.605632
0.605632
0.605632
0.605632
0.605632
0.605632
0.605632
0.605632
0.605632
0.605632
0.605632
0.605632
0.605632
0.605632
0.605632


0.0102083
0.0105741
0.0107196
0.010901
0.0110939
0.0112957
0.0113472
0.0118229
0.0119825
0.0140437
0.0140735
0.0142106
0.0142106
0.0157784
0.0159712
0.0159756
0.0159853
0.0166141
0.0167338
0.0216798
0.0218999
0.0222727
0.0235167
0.0236037
0.0253278
0.0287524
0.0309634
0.0383703
0.0393535
0.0412033
0.0476006
0.0565529
0.0566465
0.0627093
0.0636495
0.0714836
0.072455
0.0729389
0.0799435
0.0835991
0.0904167
0.0894716
0.0924841
0.0935424
0.0971549
0.117107
0.119934
0.120364
0.133243
0.140689
0.146785
0.151483
0.155451
0.158258
0.168344
0.168911
0.184731
0.192583
0.195076
0.204881
0.206604
0.224503
0.230871
0.250555
0.256984
0.27982
0.27982
0.287218
0.299542
0.301095
0.301367
0.303018
0.310361
0.32188
0.340981
0.340981
0.350396
0.353546
0.354739
0.357207
0.360054
0.365701
0.368574
0.37168
0.37572
0.376672
0.378402
0.379103
0.38356
0.386643
0.38797
0.38797
0.388361
0.389951
0.390488
0.391324
0.39337
0.393638
0.395142
0.395224
0.395584
0.396279
0.39635
0.396688
0.396698
0.396798
0.397293
0.397568
0.397873
0.39811
0.398117
0.398285
0.398339
0.398393
0.398696
0.398696
0.398808
0.398808
0.39898
0.399078
0.399079
0.400068
0.416627
0.416642
0.416657
0.417046
0.418471
0.420475
0.420475
0.420477
0.420939
0.430936
0.43094
0.441611
0.441615
0.441616
0.441627
0.442248
0.44495
0.44734
0.451241
0.45875
0.461169
0.461767
0.463598
0.465073
0.465073
0.46595
0.465952
0.466072
0.466869
0.467453
0.468115
0.468606
0.468606
0.468986
0.470341
0.470342
0.472054
0.472055
0.472988
0.473165
0.473376
0.473534
0.473534
0.473561
0.473562
0.473979
0.474203
0.474203
0.474203
0.474282
0.474372
0.474372
0.474382
0.47445
0.474733
0.474733
0.474775
0.474939
0.474939
0.474952
0.475046
0.475063
0.475063
0.475117
0.475386
0.475386
0.475386
0.475386
0.475392
0.475392
0.475396
0.475396
0.475405
0.475478
0.475478
0.475478
0.475516
0.475516
0.475532
0.475492
0.475546
0.475546
0.475546
0.475547
0.47556
0.47558
0.475596
0.475596
0.475611
0.475613
0.47562
0.475627
0.475627
0.47563
0.47563
0.47563
0.475644
0.475644
0.475649
0.475649
0.475654
0.475657
0.475657
0.475658
0.475658
0.475659
0.475659
0.47566
0.47566
0.47566
0.475665
0.475666
0.475666
0.475666
0.475669
0.475669
0.475669
0.47567
0.47567
0.475669
0.475669
0.475669
0.47567
0.47567
0.47567
0.47567
0.475671
0.475671
0.475671
0.475671
0.475671
0.475671
0.475671
0.475671
0.475672
0.475672
0.475672
0.475672
0.475672
0.475672
0.475672
0.475672
0.475672
0.475672
0.475672
0.475672
0.475672
0.475672
0.475672
0.475672
0.475672
0.475672
0.475672
0.475672
0.475672
0.475672
0.475672
0.475672
0.475672
0.475672
0.475672
0.475672
0.475672
0.475672
0.475672
0.475672
0.475672
0.475672
0.475672
0.475672
0.475672
0.475672
0.475672
0.475672
0.475672
0.475672
0.475672
0.475672
0.475672
0.475672
0.475672
0.475672
0.475672
0.475672
0.475672
0.475672
0.475672
0.475672
0.475672
0.475672
0.475672
0.475672
0.475672
0.475672
0.475672
0.475672
0.475672
0.475672
0.475672
0.475672
0.475672
0.475672
0.475672
0.475672
0.475672
0.475672
0.475672
0.475672
0.475672
0.475672
0.475672
0.475672
0.475672
0.475672
0.475672
0.475672
0.475672
0.475672
0.475672
0.475672
0.475672
0.475672
0.475672
0.475672
0.475672
0.475672
0.475672
0.475672
0.475672
0.475665
0.475672
0.475672
0.475672
0.475672
0.475672
0.475672
0.475672
0.475672
0.475672
0.475672
0.475672
0.475672
0.475672
0.475672
0.475672
0.475672
0.475672
0.475672
0.475672
0.475672
0.475672
0.475672
0.475672
0.475672
0.475672
0.475672
0.475672
0.475672
0.475672
0.475672
0.475672
0.475672
0.475672
0.475672
0.475672
0.475672
0.475672
0.475672
0.475672
0.475672
0.475672
0.475672
0.475672
0.475672
0.475672
0.475672
0.475672
0.475672
0.475672
0.475672
0.475672
0.475672
0.475672
0.475672
0.475672
0.475672
0.475672
0.475672
0.475672
0.475672
0.475672
0.475672
0.475672
0.475672
0.475672
0.475672
0.475672
0.475672
0.475672
0.475672
0.475672
0.475672
0.475672
0.475672
0.475672
0.475672
0.475672
0.475672
0.475672
0.475672
0.475672
0.475672
0.475672
0.475672
0.475672
0.475672
0.475672
0.475672
0.475672
0.475672
0.475672
0.475672
0.475672
0.475672
0.475672
0.475672
0.475672
0.475672
0.475672
0.475672
0.475672
0.475672
0.475672
0.475672
0.475672
0.475672
0.475672
0.475672
0.475672
0.475672
0.475672
0.475672
0.475672
0.475672
0.475672
0.475672
0.475672
0.475672
0.475672
0.475672
0.475672
0.475672
0.475672
0.475672
0.475672
0.475672
0.475672
0.475672
0.475672
0.475672
0.475672
0.475672
0.475672
0.475672
0.475672
0.475672
0.475672
0.475672
0.475672
0.475672
0.475672
0.475672
0.475672
0.475672
0.475672
0.475672
0.475672
0.475672


0.00732535
0.00752848
0.00766509
0.00776876
0.00823264
0.00823676
0.00840889
0.00840889
0.00858072
0.00878367
0.00894774
0.00937388
0.0101771
0.0101771
0.0103495
0.0107759
0.011028
0.0115392
0.0122675
0.0122675
0.0128697
0.013305
0.0152353
0.0152604
0.0152604
0.0155994
0.0159445
0.0168919
0.0180062
0.0184867
0.0208441
0.0218914
0.0230132
0.0245264
0.0248891
0.0266973
0.0316412
0.0318448
0.0336489
0.0476706
0.0526062
0.0538462
0.0556953
0.0617706
0.0657327
0.0663479
0.0691673
0.0756057
0.0791155
0.0909804
0.0995452
0.108568
0.121906
0.122868
0.126704
0.158317
0.163972
0.181377
0.187327
0.214576
0.214599
0.219405
0.234208
0.235616
0.238196
0.242416
0.250916
0.27456
0.276721
0.289712
0.310838
0.324787
0.324787
0.335722
0.34001
0.357807
0.387068
0.398866
0.398866
0.418256
0.423698
0.442386
0.448572
0.480702
0.482414
0.485661
0.503237
0.504881
0.51187
0.521347
0.521347
0.524406
0.540084
0.55245
0.55245
0.553472
0.563951
0.565926
0.565927
0.582794
0.582838
0.589202
0.589682
0.592876
0.592977
0.593406
0.596485
0.599124
0.599152
0.600931
0.603031
0.605333
0.607464
0.608138
0.611512
0.611685
0.611685
0.613223
0.613223
0.613492
0.614121
0.614192
0.614865
0.614892
0.615547
0.61555
0.61555
0.616083
0.616582
0.616973
0.617265
0.617375
0.617375
0.618051
0.618156
0.61836
0.618542
0.618542
0.618545
0.618631
0.618746
0.618763
0.618859
0.618896
0.618896
0.618984
0.619045
0.619046
0.61905
0.61907
0.61907
0.61914
0.619159
0.61916
0.619164
0.61919
0.619191
0.619201
0.619211
0.619244
0.619244
0.619244
0.619244
0.619252
0.619253
0.619259
0.619262
0.619263
0.619269
0.619269
0.619269
0.619269
0.61927
0.619273
0.619273
0.619275
0.619275
0.619275
0.619275
0.619277
0.619277
0.619278
0.619279
0.619279
0.619279
0.61928
0.61928
0.61928
0.61928
0.619281
0.619281
0.619281
0.619281
0.619281
0.619281
0.619281
0.619281
0.619281
0.619282
0.619282
0.619282
0.619282
0.619282
0.619282
0.619282
0.619282
0.619282
0.619282
0.619282
0.619282
0.619282
0.619282
0.619282
0.619282
0.619282
0.619282
0.619282
0.619282
0.619282
0.619282
0.619282
0.619282
0.619282
0.619282
0.619282
0.619282
0.619282
0.619282
0.619282
0.619282
0.619282
0.619282
0.619282
0.619282
0.619282
0.619282
0.619282
0.619282
0.619282
0.619282
0.619282
0.619282
0.619282
0.619282
0.619282
0.619282
0.619282
0.619282
0.619282
0.619282
0.619282
0.619282
0.619282
0.619282
0.619282
0.619282
0.619282
0.619282
0.619282
0.619282
0.619282
0.619282
0.619282
0.619282
0.622187
0.622187
0.622187
0.622561
0.623428
0.625167
0.625631
0.629312
0.6312
0.6312
0.6312
0.6312
0.633681
0.634065
0.634065
0.634065
0.634999
0.634999
0.636625
0.636881
0.638494
0.639338
0.639338
0.639338
0.639431
0.639488
0.639997
0.640056
0.640146
0.640275
0.640335
0.640417
0.640721
0.640721
0.640785
0.640785
0.64079
0.640951
0.641003
0.641138
0.64116
0.64116
0.641289
0.641289
0.641289
0.641347
0.641365
0.641412
0.641429
0.641489
0.641489
0.641506
0.641529
0.641529
0.641546
0.641546
0.641557
0.641559
0.64156
0.64156
0.64156
0.641561
0.641561
0.641566
0.641583
0.641633
0.641633
0.641633
0.641636
0.641636
0.641641
0.641652
0.641656
0.641656
0.641656
0.641659
0.641661
0.64166
0.641662
0.641662
0.641663
0.641665
0.641665
0.641666
0.641669
0.641672
0.641673
0.641673
0.641675
0.641675
0.641676
0.641676
0.641676
0.641677
0.641677
0.641678
0.641679
0.641679
0.64168
0.64168
0.64168
0.64168
0.641681
0.641681
0.641682
0.641682
0.641682
0.641682
0.641682
0.641682
0.641682
0.641682
0.641683
0.641683
0.641683
0.641683
0.641683
0.641683
0.641683
0.641683
0.641683
0.641683
0.641683
0.641683
0.641683
0.641683
0.641683
0.641683
0.641683
0.641683
0.641683
0.641683
0.641683
0.641683
0.641683
0.641683
0.641683
0.641683
0.641683
0.641683
0.641683
0.641683
0.641683
0.641683
0.641683
0.641683
0.641683
0.641683
0.641683
0.641683
0.641683
0.641683
0.641683
0.641683
0.641683
0.641683
0.641683
0.641683
0.641683
0.641683
0.641683
0.641683
0.641683
0.641683
0.641683
0.641683
0.641683
0.641683
0.641683
0.641683
0.641683
0.641683
0.641683
0.641683
0.641683
0.641683
0.641683
0.641683
0.641683
0.641683
0.641683
0.641683
0.641683
0.641683
0.641683
0.641683
0.641683
0.641683
0.641683
0.641683
0.641683
0.641683
0.641683
0.641683
0.641683
0.641683
0.641683
0.641683
0.641683
0.641683
0.641683
0.641683
0.641683
0.641683
0.641683
0.641683
0.641683
0.641683
0.641683
0.641683
0.641683
0.641683
0.641683
0.641683
0.641683
0.641683
0.641683
0.641683
0.641683
0.641683
0.641683
0.641683
0.641683
0.641683
0.641683
0.641683
0.641683
0.641683
0.641683
0.641683
0.641683
0.641683
0.641683
0.641683
0.641683
0.641683


0.0108646
0.0109427
0.0111042
0.0114274
0.0116023
0.0117801
0.0121448
0.012321
0.0129904
0.0132343
0.0132343
0.0132846
0.0132856
0.0135818
0.0139788
0.0142695
0.0142733
0.0143212
0.0149085
0.0159665
0.0159665
0.0159743
0.016204
0.0176827
0.0179409
0.0180089
0.0182403
0.0189726
0.0199244
0.0225746
0.0225746
0.0226349
0.0241444
0.0242539
0.0272361
0.0303827
0.0337793
0.0342177
0.0380259
0.0462574
0.048094
0.0516836
0.0516836
0.0600071
0.0656278
0.0662639
0.0808932
0.0849164
0.0895403
0.0958105
0.0988668
0.110611
0.112484
0.117125
0.122773
0.123085
0.124914
0.136421
0.147416
0.164619
0.17098
0.170776
0.17629
0.179696
0.197461
0.201336
0.201336
0.203705
0.207935
0.207935
0.21023
0.217897
0.224899
0.227699
0.227758
0.232683
0.233532
0.238206
0.243672
0.244626
0.244857
0.245533
0.248429
0.249589
0.25175
0.25175
0.25569
0.255889
0.256728
0.256881
0.258266
0.25865
0.259701
0.260028
0.260302
0.260835
0.261149
0.261319
0.261436
0.261564
0.261817
0.262327
0.262694
0.262824
0.263063
0.263179
0.263472
0.263805
0.26391
0.264117
0.264179
0.264229
0.264337
0.264472
0.264472
0.264663
0.264663
0.264676
0.264696
0.264717
0.264718
0.264724
0.26475
0.264783
0.26481
0.264826
0.264835
0.264848
0.264856
0.264858
0.264862
0.264871
0.264873
0.264874
0.264883
0.264886
0.2649
0.264903
0.26491
0.264913
0.264913
0.264915
0.264917
0.264919
0.264923
0.264923
0.264929
0.264929
0.264929
0.26493
0.264931
0.264931
0.264932
0.264932
0.264933
0.264934
0.264936
0.264938
0.264938
0.264938
0.264939
0.264939
0.264939
0.264939
0.26494
0.26494
0.265683
0.267092
0.267092
0.267092
0.267269
0.268855
0.269316
0.269418
0.269423
0.269423
0.296541
0.296541
0.296541
0.296541
0.296541
0.2954
0.298162
0.300003
0.301762
0.302213
0.302213
0.302213
0.30389
0.305359
0.30609
0.306505
0.306751
0.306908
0.307013
0.307078
0.307113
0.307132
0.307142
0.307149
0.307153
0.307755
0.321786
0.334652
0.336935
0.373072
0.373072
0.373072
0.373072
0.402909
0.402909
0.402909
0.402909
0.402909
0.411605
0.428301
0.428301
0.428301
0.433839
0.433839
0.433839
0.421023
0.421023
0.430198
0.44147
0.442509
0.452236
0.452236
0.452236
0.462103
0.46303
0.46314
0.465338
0.465338
0.473786
0.477027
0.477027
0.484881
0.484881
0.484881
0.485303
0.485303
0.48533
0.485766
0.48616
0.48616
0.491675
0.491675
0.496466
0.496466
0.499112
0.499112
0.500787
0.501222
0.501222
0.501401
0.501745
0.501745
0.501833
0.50239
0.502443
0.502623
0.503887
0.50405
0.504067
0.504175
0.504429
0.505176
0.505176
0.505825
0.505825
0.505825
0.505825
0.505884
0.5059
0.5059
0.505924
0.505924
0.506132
0.506132
0.506508
0.506508
0.506541
0.506663
0.506672
0.50689
0.506946
0.506946
0.507101
0.507155
0.507155
0.507112
0.507179
0.507179
0.507179
0.507179
0.507179
0.507195
0.507216
0.507216
0.507235
0.507251
0.50726
0.507272
0.507297
0.507297
0.507304
0.507304
0.507304
0.507305
0.507305
0.507306
0.50731
0.50731
0.50731
0.507313
0.507313
0.507313
0.507314
0.507314
0.507314
0.507317
0.50732
0.50732
0.50732
0.50732
0.50732
0.519893
0.519893
0.519893
0.519893
0.519893
0.519893
0.519893
0.519893
0.519893
0.522813
0.522813
0.522813
0.522813
0.523134
0.523134
0.523134
0.523134
0.523134
0.523134
0.523134
0.528506
0.528961
0.528961
0.528961
0.528961
0.529506
0.529506
0.529506
0.529506
0.529671
0.529697
0.529697
0.530202
0.530528
0.537152
0.540681
0.540681
0.541349
0.543848
0.543848
0.543848
0.544596
0.545206
0.545206
0.545206
0.545206
0.547825
0.548127
0.548218
0.548218
0.551245
0.551268
0.554378
0.556752
0.559008
0.560567
0.563697
0.563697
0.564091
0.569126
0.569189
0.570172
0.570382
0.573561
0.576612
0.577229
0.579733
0.581524
0.583114
0.583114
0.583239
0.583308
0.583386
0.583412
0.583585
0.583615
0.588307
0.588466
0.588547
0.588617
0.588649
0.588727
0.58877
0.589507
0.594443
0.599371
0.600517
0.600979
0.602573
0.605523
0.607164
0.610198
0.610947
0.611831
0.612205
0.612389
0.612679
0.612939
0.613023
0.613045
0.613087
0.613319
0.613523
0.613981
0.614239
0.614888
0.615051
0.615058
0.615139
0.615804
0.619704
0.619704
0.624884
0.628908
0.612159
0.618503
0.618549
0.618634
0.618648
0.620952
0.620952
0.621029
0.621085
0.621135
0.619574
0.621828
0.623627
0.623733
0.6249
0.625061
0.625109
0.626102
0.626102
0.626163
0.621643
0.626285
0.630016
0.631045
0.632209
0.632579
0.632579
0.633722
0.634491
0.635289
0.63161
0.632712
0.632712
0.633028
0.635108
0.635315
0.641093
0.643195
0.645822
0.646055
0.642894
0.64447
0.647737
0.648677
0.648677
0.648823
0.648924
0.649241
0.65842
0.658463
0.655409
0.657034
0.660108
0.66308
0.66308
0.663407
0.663526
0.663526
0.664476


0.0142326
0.0142326
0.0143512
0.0151656
0.0151656
0.0158079
0.0159108
0.0159108
0.0159108
0.016713
0.0170042
0.017672
0.0177441
0.0180814
0.0181339
0.0184187
0.0193087
0.0197312
0.0203666
0.0222434
0.0222473
0.0228626
0.0233376
0.0237059
0.0244434
0.0254146
0.0259415
0.0263397
0.0273931
0.0281898
0.0294458
0.03038
0.0331472
0.0337245
0.0337245
0.0386286
0.0437451
0.0437451
0.0497621
0.0497621
0.0497621
0.0526162
0.0526538
0.057549
0.067298
0.0689848
0.0835341
0.0871164
0.0871164
0.0910045
0.102749
0.113469
0.132733
0.132733
0.135973
0.135973
0.138445
0.1704
0.177501
0.180247
0.206783
0.234576
0.256058
0.287428
0.287428
0.298138
0.359152
0.36133
0.3837
0.414787
0.420014
0.443666
0.478916
0.54259
0.589977
0.593655
0.631348
0.631513
0.632722
0.632722
0.669972
0.727105
0.744641
0.770759
0.777881
0.785781
0.789757
0.794644
0.794644
0.806439
0.810173
0.842863
0.868064
0.872018
0.872018
0.880641
0.919743
0.922644
0.935431
0.935531
0.941825
0.94247
0.949285
0.951569
0.951785
0.956233
0.957067
0.960835
0.962351
0.963958
0.967183
0.967493
0.97031
0.971678
0.978823
0.978823
0.981048
0.981048
0.98305
0.985379
0.985698
0.985749
0.988703
0.988891
0.989173
0.989173
0.989818
0.991058
0.992019
0.994259
0.994259
0.994754
0.994754
0.995561
0.995669
0.99595
0.995953
0.996039
0.99652
0.9966
0.997439
0.997491
0.997542
0.997645
0.997645
0.997812
0.998116
0.998116
0.998192
0.998243
0.998717
0.998717
0.998789
0.998812
0.998917
0.999041
0.999042
0.999289
0.999296
0.999344
0.99935
0.99935
0.999501
0.999501
0.999592
0.999631
0.999639
0.999641
0.999779
0.999799
0.9998
0.999796
0.999796
0.999824
0.999874
0.999878
0.999879
0.999888
0.999899
0.999906
0.999906
0.99991
0.99992
0.999925
0.999925
0.999925
0.999936
0.999936
0.999938
0.999938
0.999954
0.999962
0.999962
0.999962
0.999964
0.999964
0.999967
0.999981
0.999981
0.999981
0.999986
0.99999
0.99999
0.99999
0.999992
0.999992
0.999993
0.999993
0.999995
0.999995
0.999995
0.999996
0.999996
0.999996
0.999997
0.999997
0.999997
0.999998
0.999998
0.999998
0.999998
0.999998
0.999998
0.999999
0.999999
0.999999
0.999999
0.999999
0.999999
0.999999
0.999999
0.999999
0.999999
1
1
1
1
1
1
1
1
1
1
1
1
1
1
1
1
1
1
1
1
1
1
1
1
1
1
1
1
1
1
1
1
1
1
1
1
1
1
1
1
1
1
1
1
1
1
1
1
1
1
1
1
1
1
1
1
1
1
1
1
1
1
1
1
1
1
1
1
1
1
1
1
1
1
1
1
1
1
1
1
1
1
1
1
1
1
1
1
1
1
1
1
1
1
1
1
1
1
1
1
1
1
1
1
1
1
1
1
1
1
1
1
1
1
1
1
1
1
1
1
1
1
1
1
1
1
1
1
0.99957
1
1
1
1
1
1
1
1
1
1
1
1
1
1
1
1
1
1
1
1
1
1
1
1
1
1
1
1
1
1
1
1
1
1
1
1
1
1
1
1
1
1
1
1
1
1
1
1
1
1
1
1
1
1
1
1
1
1
1
0.999072
1
1
1
1
1
1
1
1
1
1
1
1
1
1
1
1
1
1
1
1
1
1
1
1
1
1
1
1
1
1
1
1
1
1
1
1
1
1
1
1
1
1
1
1
1
1
1
1
1
1
1
1
1
1
1
1
1
1
1
1
1
1
1
1
1
1
1
1
1
1
1
1
1
1
1
1
1
1


0.0131874
0.0134894
0.0135422
0.0138922
0.0141427
0.0149578
0.0150497
0.0150497
0.0153346
0.0156518
0.0159415
0.0162054
0.0164444
0.0166296
0.0175563
0.0190862
0.0190862
0.0192746
0.021303
0.0213484
0.021358
0.0213135
0.0213135
0.0224363
0.0232272
0.025994
0.0261753
0.0277591
0.0294624
0.0305627
0.0305627
0.0310536
0.0351291
0.0361653
0.0404911
0.0406484
0.0506813
0.0535723
0.0575359
0.0575359
0.0618809
0.0739218
0.100492
0.107714
0.108194
0.108194
0.121862
0.140629
0.148136
0.148331
0.167699
0.179412
0.185263
0.211121
0.213507
0.218687
0.228785
0.249928
0.250589
0.258629
0.261649
0.28
0.285213
0.28548
0.291366
0.302875
0.307609
0.314045
0.318245
0.329979
0.331221
0.335288
0.398698
0.401054
0.422426
0.422426
0.462187
0.479767
0.495398
0.495398
0.495398
0.537339
0.543507
0.560509
0.602199
0.603679
0.603679
0.604169
0.604169
0.60463
0.60498
0.619049
0.61937
0.61937
0.625805
0.626503
0.626903
0.627728
0.63361
0.644874
0.661546
0.664947
0.66743
0.667776
0.67785
0.679924
0.69173
0.69173
0.692481
0.693589
0.694206
0.694266
0.697954
0.701481
0.701481
0.701686
0.70173
0.70429
0.704307
0.704355
0.705371
0.705371
0.705371
0.706719
0.707711
0.707724
0.708413
0.709223
0.709234
0.709598
0.710566
0.710817
0.712737
0.712753
0.712753
0.712765
0.712913
0.712913
0.713035
0.713855
0.713855
0.713896
0.714538
0.714538
0.714539
0.714613
0.714698
0.714702
0.714733
0.714912
0.714913
0.714914
0.714914
0.715034
0.715035
0.715041
0.715087
0.715087
0.715169
0.715306
0.715306
0.715318
0.715419
0.715484
0.71552
0.715573
0.715589
0.715591
0.715596
0.715608
0.715636
0.715636
0.715641
0.715649
0.715649
0.715652
0.715653
0.715659
0.71567
0.71567
0.71567
0.715678
0.715683
0.715683
0.715683
0.715684
0.715685
0.71569
0.71569
0.715694
0.715694
0.715701
0.715701
0.715701
0.715705
0.715705
0.715705
0.715706
0.715706
0.715706
0.715706
0.715707
0.715707
0.715708
0.715709
0.71571
0.71571
0.71571
0.71571
0.715711
0.715711
0.715711
0.715711
0.715711
0.715713
0.715713
0.715713
0.715713
0.715713
0.715713
0.715713
0.715713
0.715713
0.715713
0.715713
0.715713
0.715714
0.715714
0.715714
0.715714
0.715714
0.715714
0.715714
0.715714
0.715714
0.715714
0.715714
0.715714
0.715714
0.715714
0.715714
0.715714
0.715714
0.715714
0.715714
0.715714
0.715714
0.715714
0.715714
0.715714
0.715714
0.715714
0.715714
0.715714
0.715714
0.715714
0.715714
0.715714
0.715714
0.715714
0.715714
0.715714
0.715714
0.715714
0.715714
0.715714
0.715714
0.715714
0.715714
0.715714
0.715714
0.715714
0.715714
0.715714
0.715714
0.715714
0.715714
0.715714
0.715714
0.715714
0.715714
0.715714
0.715714
0.715714
0.715714
0.715714
0.715714
0.715714
0.715714
0.715714
0.715714
0.715714
0.715714
0.715714
0.715714
0.715714
0.715714
0.715714
0.715714
0.715714
0.715714
0.715714
0.715714
0.715714
0.715714
0.715714
0.715714
0.715714
0.715714
0.715714
0.715714
0.715714
0.715714
0.715714
0.715714
0.715714
0.715714
0.715714
0.715714
0.715714
0.715714
0.715714
0.715714
0.715714
0.715714
0.715714
0.715714
0.715714
0.715714
0.715714
0.715714
0.715714
0.715714
0.715714
0.715714
0.715714
0.715714
0.715714
0.715714
0.715714
0.715714
0.715714
0.715714
0.715714
0.715714
0.715714
0.715714
0.715714
0.715714
0.715714
0.715714
0.715714
0.715714
0.715714
0.715714
0.715714
0.715714
0.715714
0.715714
0.715714
0.715714
0.715714
0.715714
0.715714
0.715714
0.715714
0.715714
0.715714
0.715714
0.715714
0.715714
0.715709
0.715714
0.715714
0.715714
0.715714
0.715714
0.715714
0.715714
0.715714
0.715714
0.715714
0.715714
0.715714
0.715714
0.715714
0.715714
0.715714
0.715714
0.715714
0.715714
0.715714
0.715714
0.715714
0.715714
0.715714
0.715714
0.715714
0.715714
0.715714
0.715714
0.715714
0.715714
0.715714
0.715714
0.715714
0.715714
0.715714
0.715714
0.715714
0.715714
0.715714
0.715714
0.715714
0.715714
0.715714
0.715714
0.715714
0.715714
0.715714
0.715714
0.715714
0.715714
0.715714
0.715714
0.715714
0.715714
0.715714
0.715714
0.715714
0.715714
0.715714
0.715714
0.715714
0.715714
0.715714
0.715714
0.715714
0.715714
0.715714
0.715714
0.715714
0.715714
0.715714
0.715714
0.715714
0.715714
0.715714
0.715714
0.715714
0.715714
0.715714
0.715714
0.715714
0.715714
0.715714
0.715714
0.715714
0.715714
0.715714
0.715714
0.715714
0.715714
0.715714
0.715714
0.715714
0.715714
0.715714
0.715714
0.715714
0.715714
0.715714
0.715714
0.715714
0.715714
0.715714
0.715714
0.715714
0.715714
0.715714
0.715714
0.715714
0.715714
0.715714
0.715714
0.715714
0.715714
0.715714
0.715714
0.715714
0.715714
0.715714
0.715714
0.715714
0.715714
0.715714
0.715714
0.715714
0.715714
0.715714


0.0169923
0.0171222
0.0175208
0.0178644
0.0185149
0.0186192
0.0186192
0.0192009
0.0193596
0.0197906
0.0198733
0.020955
0.0211887
0.0213296
0.0220009
0.0236651
0.0243074
0.0251219
0.025565
0.0267604
0.0295106
0.029923
0.0337658
0.0337806
0.0340359
0.0347229
0.0364697
0.037322
0.0386906
0.040343
0.0415823
0.0438766
0.0440855
0.0468534
0.0501789
0.0509281
0.0528767
0.0590754
0.0610272
0.064518
0.0670977
0.0677928
0.0735674
0.0735674
0.0748032
0.0923772
0.116413
0.121718
0.126679
0.126679
0.130838
0.136704
0.143168
0.163798
0.185789
0.235395
0.249336
0.261482
0.306248
0.312314
0.312314
0.341042
0.353264
0.357309
0.385501
0.402772
0.410802
0.45422
0.517643
0.520657
0.52571
0.52571
0.541968
0.590908
0.608986
0.608986
0.609192
0.618452
0.624783
0.640391
0.648532
0.650929
0.654926
0.665369
0.677371
0.682777
0.692128
0.703905
0.70744
0.715444
0.722671
0.718842
0.727805
0.72833
0.732239
0.738356
0.741501
0.748161
0.753706
0.755605
0.756821
0.755998
0.763265
0.764186
0.76512
0.766334
0.768948
0.769294
0.771557
0.772178
0.772224
0.773758
0.774215
0.775343
0.775343
0.775362
0.775734
0.776354
0.776561
0.776661
0.776885
0.776999
0.77826
0.778397
0.778505
0.778995
0.779084
0.779188
0.779543
0.779692
0.779692
0.779721
0.779949
0.780165
0.780193
0.780193
0.780269
0.78031
0.780339
0.780366
0.780485
0.780522
0.780526
0.78061
0.78062
0.780624
0.780644
0.780681
0.780711
0.780717
0.780754
0.780778
0.780787
0.780787
0.780811
0.780819
0.780833
0.780857
0.780867
0.780888
0.780888
0.780887
0.780898
0.780907
0.780912
0.780929
0.780938
0.780944
0.780945
0.780952
0.780957
0.780966
0.780966
0.780988
0.780988
0.780989
0.78099
0.78099
0.780994
0.780994
0.780995
0.780995
0.781004
0.781005
0.781005
0.781006
0.781006
0.781011
0.781011
0.781012
0.781014
0.781014
0.781016
0.781016
0.781018
0.781018
0.781019
0.78102
0.78102
0.78102
0.781021
0.781021
0.781021
0.781021
0.781021
0.781021
0.781022
0.781022
0.781022
0.781022
0.781023
0.781023
0.781023
0.781024
0.781024
0.781024
0.781024
0.781024
0.781024
0.781024
0.781024
0.781025
0.781025
0.781025
0.781025
0.781025
0.781025
0.781025
0.781025
0.781025
0.781025
0.781025
0.781025
0.781025
0.781025
0.781025
0.781025
0.781025
0.781025
0.781025
0.781025
0.781025
0.781026
0.781026
0.781026
0.781026
0.781026
0.781026
0.781026
0.781026
0.781026
0.781026
0.781026
0.781026
0.781026
0.781026
0.781026
0.781026
0.781026
0.781026
0.781026
0.781026
0.781026
0.781026
0.781026
0.781026
0.781026
0.781026
0.781026
0.781026
0.781026
0.781026
0.781026
0.781026
0.781026
0.781026
0.781026
0.781026
0.781026
0.781026
0.781026
0.781026
0.781026
0.781026
0.782126
0.782126
0.782641
0.784335
0.784335
0.784496
0.785244
0.786097
0.787916
0.787916
0.787916
0.787916
0.789172
0.79029
0.791722
0.791722
0.791722
0.792116
0.792153
0.792171
0.793283
0.793571
0.793624
0.793823
0.793823
0.794438
0.7952
0.796037
0.796037
0.79612
0.798059
0.798059
0.79816
0.798231
0.798755
0.803181
0.804085
0.813831
0.82018
0.828139
0.864373
0.879125
0.879125
0.879125
0.880546
0.880575
0.887378
0.889917
0.889917
0.890513
0.890513
0.890513
0.890513
0.891293
0.892619
0.893448
0.894813
0.899814
0.902363
0.902473
0.90427
0.907393
0.908873
0.909175
0.909301
0.909352
0.911207
0.91135
0.91135
0.9128
0.913387
0.913387
0.913855
0.914046
0.914365
0.914838
0.914995
0.915592
0.915592
0.915612
0.915687
0.915983
0.916022
0.916022
0.916035
0.916093
0.916118
0.916118
0.916118
0.916216
0.916504
0.916812
0.916868
0.916869
0.917642
0.918056
0.91872
0.918711
0.918816
0.918939
0.919057
0.919667
0.920959
0.920959
0.921463
0.921649
0.923407
0.926283
0.935572
0.94042
0.942676
0.942676
0.942676
0.943526
0.944726
0.945265
0.945689
0.946813
0.947223
0.947619
0.947662
0.947901
0.947901
0.947963
0.948398
0.948398
0.948398
0.941387
0.947993
0.947993
0.948135
0.948267
0.94828
0.949048
0.949062
0.949294
0.949294
0.94947
0.94947
0.94947
0.94947
0.94947
0.949504
0.94959
0.949783
0.950244
0.951102
0.952952
0.95492
0.95492
0.95492
0.95492
0.955875
0.95611
0.956824
0.956888
0.956888
0.957489
0.957853
0.957853
0.957853
0.957853
0.957894
0.957915
0.957922
0.957986
0.958057
0.958102
0.958144
0.958185
0.958276
0.958276
0.958309
0.958309
0.958309
0.958313
0.958398
0.958416
0.958416
0.958421
0.958421
0.958424
0.958466
0.958565
0.958634
0.958647
0.958647
0.958644
0.958644
0.95866
0.958664
0.958666
0.958668
0.958672
0.958672
0.958672
0.95868
0.958683
0.958684
0.958685
0.958693
0.958738
0.958777
0.958796
0.958942
0.959015
0.959015
0.959072
0.959119
0.959124
0.959124
0.95915
0.959183
0.959186
0.959269
0.959322


0.0145467
0.0150073
0.0151127
0.0151364
0.0155852
0.0156309
0.015929
0.0166841
0.0174703
0.0177576
0.0179024
0.0183953
0.0183953
0.0193593
0.0196292
0.0196322
0.019736
0.0204827
0.0226341
0.0231447
0.0237227
0.0238282
0.0247529
0.0256984
0.0277271
0.0290101
0.0310611
0.0339709
0.0343919
0.0364903
0.0373886
0.0374089
0.0412006
0.0497667
0.0533307
0.0563955
0.0563962
0.0570367
0.0604808
0.061329
0.082283
0.0867712
0.0926936
0.103369
0.107401
0.123539
0.130539
0.163888
0.172254
0.188498
0.204714
0.201287
0.204686
0.222046
0.222046
0.234592
0.245669
0.262786
0.262786
0.266355
0.310067
0.299417
0.336962
0.344557
0.347651
0.35384
0.364803
0.366146
0.36632
0.372394
0.372394
0.379091
0.380629
0.384243
0.391136
0.392359
0.396359
0.396924
0.399734
0.402442
0.410129
0.409954
0.410316
0.412703
0.412703
0.415919
0.416383
0.417952
0.41805
0.418719
0.419662
0.423325
0.423923
0.42434
0.42434
0.427301
0.42767
0.428155
0.429906
0.429906
0.429939
0.429902
0.431083
0.431083
0.431262
0.431388
0.431388
0.431703
0.431703
0.431777
0.43192
0.43198
0.432088
0.432088
0.432113
0.432324
0.432335
0.432338
0.432361
0.432371
0.432512
0.432513
0.432533
0.432533
0.432536
0.432538
0.432552
0.432568
0.43257
0.432582
0.432591
0.432604
0.432611
0.432614
0.432615
0.432616
0.432626
0.432626
0.432626
0.432627
0.432629
0.432629
0.432632
0.432647
0.432647
0.432648
0.43265
0.432655
0.432661
0.432661
0.432661
0.432661
0.432663
0.432663
0.432664
0.432664
0.432665
0.432666
0.432666
0.432666
0.432666
0.432666
0.432667
0.432667
0.432667
0.432667
0.432667
0.432667
0.432668
0.432668
0.432668
0.432668
0.432668
0.432668
0.432668
0.432668
0.432668
0.432668
0.432668
0.432668
0.432668
0.432668
0.432668
0.432668
0.432668
0.432668
0.432668
0.432668
0.432668
0.432668
0.432668
0.432668
0.432668
0.432668
0.432668
0.432668
0.432668
0.432668
0.432668
0.432668
0.432668
0.432668
0.432668
0.432668
0.432668
0.432668
0.432668
0.432668
0.432668
0.441815
0.441815
0.442713
0.457565
0.460037
0.460037
0.460037
0.460037
0.460037
0.467659
0.468159
0.468159
0.466791
0.485697
0.492141
0.492141
0.492141
0.492141
0.493045
0.493045
0.493045
0.493045
0.493045
0.495138
0.495138
0.496511
0.496511
0.498352
0.498836
0.500428
0.501336
0.501336
0.50154
0.502162
0.502276
0.502276
0.502433
0.502798
0.502798
0.504379
0.506354
0.5073
0.507776
0.507776
0.509426
0.514538
0.523301
0.526743
0.543748
0.543748
0.548518
0.579951
0.579951
0.579951
0.579951
0.579951
0.586453
0.586595
0.586595
0.587131
0.591562
0.59375
0.594386
0.598408
0.604814
0.612064
0.613391
0.614496
0.614496
0.614496
0.61503
0.616024
0.616024
0.616155
0.616974
0.616974
0.617288
0.618302
0.618645
0.61955
0.61955
0.619795
0.619795
0.620024
0.620372
0.620372
0.620951
0.620951
0.621774
0.623233
0.624599
0.6265
0.627545
0.627615
0.627942
0.628261
0.629288
0.629937
0.630044
0.630044
0.630176
0.630176
0.63032
0.63032
0.642158
0.642158
0.667283
0.667283
0.671122
0.671122
0.671122
0.671122
0.676092
0.676092
0.676092
0.679456
0.685166
0.688568
0.688877
0.688877
0.698381
0.698381
0.692183
0.698097
0.704427
0.721209
0.721209
0.721209
0.725159
0.725159
0.725159
0.725159
0.727361
0.727361
0.731477
0.731477
0.731477
0.732539
0.733374
0.733374
0.733374
0.733832
0.733832
0.734909
0.734968
0.7358
0.735967
0.735967
0.735967
0.738112
0.738112
0.738549
0.737424
0.73819
0.739322
0.739322
0.739514
0.739514
0.739514
0.739514
0.739514
0.739769
0.740353
0.740577
0.742669
0.742669
0.742669
0.742801
0.742979
0.744145
0.744724
0.744724
0.744707
0.744707
0.744757
0.744757
0.745091
0.745091
0.745181
0.745289
0.745289
0.745301
0.745352
0.745352
0.745653
0.745785
0.745785
0.745884
0.74597
0.746065
0.746105
0.746147
0.746213
0.746348
0.746371
0.746371
0.746485
0.746708
0.746717
0.746747
0.746854
0.746922
0.747044
0.747077
0.747077
0.747107
0.747107
0.747111
0.747111
0.747117
0.747117
0.747117
0.747113
0.747114
0.747127
0.747138
0.74714
0.747147
0.747149
0.747149
0.747153
0.74717
0.747252
0.747252
0.74729
0.747305
0.747321
0.747328
0.747442
0.747455
0.747488
0.747489
0.747514
0.747523
0.747545
0.747546
0.747551
0.747563
0.74758
0.747609
0.747622
0.747658
0.747657
0.747664
0.747675
0.747694
0.747696
0.747708
0.747728
0.74773
0.74773
0.747734
0.747744
0.747744
0.747755
0.747755
0.747755
0.747768
0.747778
0.747778
0.747778
0.747793
0.747798
0.747799
0.747799
0.747802
0.747802
0.747807
0.747807
0.74781
0.747829
0.747829
0.747823
0.747828
0.747842
0.747845
0.747845
0.747845
0.747845
0.747845
0.747845
0.747845
0.747847
0.747848
0.747849
0.747849
0.747849
0.74785
0.74785
0.747854
0.747857


0.014346
0.014346
0.0144577
0.0146428
0.0151614
0.0151614
0.0154042
0.0162519
0.0162828
0.0168634
0.0168634
0.0168991
0.0169067
0.0179459
0.018802
0.0193745
0.0193745
0.01979
0.0203028
0.0207247
0.0222956
0.0226688
0.0237327
0.023867
0.0257349
0.0259334
0.0299519
0.0306241
0.0326814
0.0326814
0.0351976
0.0359952
0.0387447
0.0399875
0.041971
0.0472754
0.0512837
0.0535485
0.0738049
0.0738049
0.0749418
0.0824823
0.0862025
0.0924614
0.0999403
0.108164
0.125938
0.125938
0.13049
0.138125
0.14438
0.151903
0.152117
0.169686
0.178437
0.201612
0.212081
0.212159
0.241904
0.242966
0.249308
0.265976
0.272743
0.286297
0.295879
0.323998
0.323998
0.341055
0.352144
0.357852
0.367434
0.381769
0.384279
0.391377
0.408715
0.409798
0.410367
0.414909
0.415296
0.425144
0.425843
0.425592
0.451071
0.451317
0.45152
0.460378
0.460378
0.470885
0.490306
0.490901
0.490901
0.487233
0.489957
0.493211
0.498058
0.498349
0.50217
0.502404
0.510204
0.510204
0.517349
0.51927
0.522206
0.522237
0.523082
0.525427
0.533399
0.533759
0.539798
0.541063
0.543976
0.546861
0.575946
0.580016
0.587296
0.628842
0.628842
0.642832
0.645606
0.667443
0.667443
0.676155
0.676155
0.677403
0.678003
0.683681
0.685722
0.686078
0.686367
0.701637
0.701637
0.702841
0.702841
0.705956
0.705956
0.71079
0.712786
0.712786
0.716291
0.720092
0.720361
0.720991
0.723566
0.724905
0.725883
0.726404
0.726604
0.727479
0.727972
0.728064
0.72819
0.728169
0.728487
0.729178
0.7298
0.73017
0.73017
0.730206
0.730518
0.730792
0.730961
0.731302
0.731482
0.731699
0.731762
0.731928
0.732024
0.732041
0.732297
0.73238
0.732432
0.732438
0.73245
0.732475
0.732552
0.732552
0.732673
0.732704
0.732726
0.732801
0.732808
0.732823
0.732889
0.732889
0.732964
0.733004
0.733018
0.733039
0.733057
0.733057
0.733069
0.733073
0.733085
0.733103
0.733103
0.733104
0.733111
0.733118
0.733123
0.733131
0.733131
0.733139
0.733142
0.733142
0.733142
0.733142
0.733144
0.733145
0.733147
0.733149
0.733149
0.733154
0.733155
0.733156
0.733157
0.733158
0.733158
0.733158
0.733159
0.733161
0.733162
0.733162
0.733162
0.733163
0.733163
0.733163
0.733163
0.733163
0.733164
0.733165
0.733165
0.733165
0.733165
0.733165
0.733166
0.733166
0.733166
0.733166
0.733166
0.733166
0.733166
0.733167
0.733167
0.733167
0.733167
0.733167
0.733167
0.733167
0.733167
0.733167
0.733167
0.733167
0.733167
0.733167
0.733168
0.733168
0.733168
0.733168
0.733168
0.733168
0.733168
0.733168
0.733168
0.733168
0.733168
0.733168
0.733168
0.733168
0.733168
0.733168
0.733168
0.733168
0.733168
0.733168
0.733168
0.733168
0.733168
0.733168
0.733168
0.733168
0.733168
0.733168
0.733168
0.733168
0.733168
0.733168
0.733168
0.733168
0.733168
0.733168
0.733168
0.733168
0.733168
0.733168
0.733168
0.733168
0.733168
0.733168
0.733168
0.733168
0.733168
0.733168
0.733168
0.733168
0.733168
0.733168
0.733168
0.733168
0.733168
0.733168
0.733168
0.733168
0.733168
0.733168
0.733168
0.733168
0.733168
0.733168
0.733168
0.733168
0.733168
0.733168
0.733168
0.733168
0.733168
0.733168
0.733168
0.733168
0.733168
0.733168
0.733168
0.733168
0.733168
0.733168
0.733168
0.733168
0.733168
0.733168
0.733168
0.733168
0.733168
0.733168
0.733168
0.733168
0.733168
0.733168
0.733168
0.733168
0.733168
0.733168
0.733168
0.733168
0.733168
0.733168
0.733168
0.733168
0.733168
0.733168
0.733168
0.733168
0.733168
0.733168
0.733168
0.733168
0.733168
0.733168
0.733168
0.733168
0.733168
0.733168
0.733168
0.733168
0.733168
0.733168
0.733168
0.733168
0.733168
0.733168
0.733168
0.733168
0.733168
0.733168
0.733168
0.733168
0.733168
0.733168
0.733168
0.733168
0.733168
0.733168
0.733168
0.733168
0.733168
0.733168
0.733168
0.733168
0.733168
0.733168
0.733168
0.733168
0.733168
0.733168
0.733168
0.733168
0.733168
0.733168
0.733168
0.733168
0.733168
0.733168
0.733168
0.733168
0.733168
0.733168
0.733168
0.733168
0.733168
0.733168
0.733168
0.733168
0.733168
0.733168
0.733168
0.733168
0.733168
0.733168
0.733168
0.733168
0.733168
0.733168
0.733168
0.733168
0.733168
0.733168
0.733168
0.733168
0.733168
0.733168
0.733168
0.733168
0.733168
0.733168
0.733168
0.733168
0.733168
0.733168
0.733168
0.733168
0.733168
0.733168
0.733168
0.733168
0.733168
0.733168
0.733168
0.733168
0.733168
0.733168
0.733168
0.733168
0.733168
0.733168
0.733168
0.733168
0.733168
0.733168
0.733168
0.733168
0.733168
0.733168
0.733168
0.733168
0.733168
0.733168
0.733168
0.733168
0.733168
0.733168
0.733168
0.733168
0.733168
0.733168
0.733168
0.733168
0.733168
0.733168
0.733168
0.733168
0.733168
0.733168
0.733168
0.733168
0.733168
0.733168
0.733168
0.733168
0.733168
0.733168
0.733168
0.733168


0.0110996
0.0114583
0.0115259
0.0118335
0.0124614
0.0125614
0.012562
0.012562
0.0130344
0.0131874
0.0133245
0.0137341
0.0137351
0.0145587
0.0145587
0.0145607
0.0154579
0.0159138
0.0167009
0.0169304
0.0169708
0.0174129
0.0182824
0.0186351
0.0219736
0.0223885
0.0225648
0.0225701
0.0252988
0.0265229
0.0285984
0.0289083
0.0305459
0.0305459
0.0342582
0.0348606
0.0351405
0.0447199
0.0473792
0.0477832
0.0495598
0.054588
0.0548342
0.0583847
0.0605037
0.0648041
0.0710759
0.0856951
0.0885244
0.0943727
0.097246
0.101642
0.106737
0.11686
0.127164
0.132851
0.147766
0.160638
0.169108
0.172563
0.1747
0.176729
0.181969
0.181969
0.188581
0.194767
0.202856
0.203651
0.206296
0.220988
0.22581
0.229994
0.23375
0.23895
0.246602
0.246602
0.249421
0.252312
0.252746
0.253731
0.255167
0.260024
0.265249
0.265976
0.267394
0.267621
0.267728
0.268581
0.269413
0.270352
0.272225
0.272817
0.272834
0.27372
0.27372
0.274038
0.274344
0.274661
0.274951
0.27506
0.275225
0.275236
0.275542
0.275551
0.275665
0.275724
0.27596
0.276028
0.276028
0.27618
0.27618
0.276225
0.276247
0.276328
0.276519
0.276576
0.276594
0.276594
0.276661
0.276693
0.276748
0.276748
0.276748
0.276775
0.276813
0.276875
0.276875
0.276883
0.276891
0.276893
0.276895
0.276911
0.276912
0.276924
0.276926
0.276926
0.276935
0.276938
0.276939
0.276943
0.276948
0.276952
0.276956
0.276957
0.276958
0.27696
0.276961
0.276964
0.276964
0.276967
0.276967
0.276968
0.276968
0.276968
0.276969
0.276969
0.27697
0.276971
0.276971
0.276972
0.276972
0.276972
0.276972
0.276973
0.276973
0.276973
0.276974
0.276974
0.276974
0.276974
0.276975
0.276975
0.276975
0.276975
0.276975
0.276975
0.276975
0.276975
0.276975
0.276975
0.276975
0.276976
0.276976
0.276976
0.276976
0.276976
0.276976
0.276976
0.276976
0.276976
0.276976
0.276976
0.276976
0.276976
0.276976
0.276976
0.276976
0.276976
0.276976
0.276976
0.276976
0.276976
0.276976
0.276976
0.276976
0.276976
0.276976
0.276976
0.276976
0.276976
0.276976
0.276976
0.276976
0.276976
0.276976
0.276976
0.276976
0.276976
0.276976
0.276976
0.276976
0.276976
0.276976
0.276976
0.276976
0.276976
0.276976
0.276976
0.276976
0.276976
0.276976
0.276976
0.276976
0.276976
0.276976
0.276976
0.276976
0.276976
0.284978
0.286589
0.289435
0.289435
0.289435
0.297931
0.301644
0.301644
0.307003
0.307003
0.312152
0.314339
0.314339
0.316088
0.316088
0.318293
0.318293
0.32213
0.32213
0.32641
0.326806
0.331734
0.335722
0.348262
0.350998
0.352185
0.356761
0.357352
0.364544
0.373565
0.379067
0.379204
0.384431
0.385965
0.386064
0.392137
0.392137
0.392459
0.393941
0.395509
0.398118
0.399223
0.401031
0.401398
0.402422
0.403349
0.403423
0.406825
0.410313
0.410393
0.410896
0.41147
0.411567
0.420595
0.421538
0.425191
0.425231
0.428598
0.428622
0.429673
0.429689
0.429725
0.432431
0.432571
0.432578
0.434803
0.437237
0.437775
0.439293
0.439921
0.44025
0.44027
0.44027
0.440733
0.441548
0.442793
0.442793
0.443256
0.443609
0.443609
0.443886
0.444204
0.444239
0.444568
0.444601
0.444831
0.444831
0.444836
0.444836
0.444851
0.444947
0.444947
0.444957
0.445024
0.445113
0.445145
0.4452
0.445304
0.445305
0.445524
0.445885
0.446474
0.446588
0.44663
0.446637
0.446682
0.446895
0.446986
0.447383
0.448515
0.448515
0.451406
0.451569
0.453361
0.45374
0.454003
0.45428
0.454462
0.454462
0.455452
0.455912
0.455918
0.455997
0.456188
0.456188
0.456188
0.456241
0.456302
0.456331
0.456368
0.456388
0.456475
0.456475
0.456561
0.456577
0.45666
0.456997
0.456997
0.456997
0.457041
0.457069
0.457069
0.457896
0.458151
0.458151
0.458195
0.458195
0.458195
0.458208
0.458224
0.458224
0.458243
0.458252
0.458254
0.458284
0.458298
0.458372
0.458495
0.459026
0.459037
0.459102
0.459127
0.459128
0.459134
0.459146
0.459148
0.459164
0.459197
0.459205
0.459205
0.459205
0.459214
0.459215
0.459218
0.45922
0.459222
0.459225
0.45923
0.459234
0.459246
0.459246
0.459248
0.459256
0.459285
0.459289
0.459289
0.459311
0.45932
0.459371
0.459375
0.459381
0.459393
0.459393
0.459392
0.459392
0.4594
0.459406
0.459411
0.45942
0.459424
0.459429
0.459429
0.459432
0.459434
0.459435
0.459435
0.459436
0.459436
0.459437
0.459437
0.459437
0.459438
0.459439
0.46729
0.472011
0.473656
0.474842
0.474842
0.477537
0.477655
0.477655
0.478127
0.478127
0.493442
0.495128
0.495128
0.495813
0.505559
0.526382
0.526382
0.526382
0.526756
0.527576
0.532115
0.532115
0.540405
0.540405
0.540405
0.542616
0.542616
0.542616
0.547792
0.547927
0.54905
0.54905
0.550677
0.55117
0.55117
0.55117
0.551799
0.552213
0.552546
0.552643
0.555444
0.555747
0.555747
0.555924
0.556428
0.556428
0.558011
0.561543
0.562151


0.0105628
0.0107529
0.0108107
0.0110662
0.0110662
0.0117742
0.0119918
0.0120458
0.0120458
0.0122756
0.0125068
0.0125844
0.0135846
0.0139452
0.0142687
0.014544
0.014574
0.0147329
0.0152768
0.0157491
0.0163548
0.0162246
0.0168532
0.0178791
0.019117
0.0192206
0.0194349
0.0201671
0.0227199
0.0227199
0.0232566
0.0240192
0.0256982
0.028485
0.0310116
0.0310116
0.0318251
0.0355422
0.0375786
0.0395946
0.0408822
0.0431775
0.0502873
0.0526576
0.0628774
0.0677325
0.0735125
0.0815904
0.100851
0.101227
0.119225
0.126421
0.154708
0.157034
0.161726
0.172221
0.175898
0.207205
0.214491
0.240522
0.255912
0.278925
0.279108
0.280241
0.29557
0.327861
0.332635
0.332635
0.335152
0.366179
0.377866
0.377866
0.417092
0.41902
0.423605
0.423929
0.432756
0.433947
0.436683
0.438554
0.442288
0.450691
0.476072
0.478288
0.502921
0.508159
0.513779
0.521208
0.522591
0.523126
0.530933
0.550888
0.560727
0.572972
0.582459
0.603692
0.623276
0.625742
0.625742
0.631424
0.634921
0.636441
0.637312
0.637312
0.64132
0.6437
0.644091
0.644853
0.646676
0.657376
0.659252
0.658432
0.659856
0.659867
0.65995
0.65995
0.65995
0.660121
0.66389
0.664317
0.664521
0.667138
0.671095
0.671146
0.671548
0.671579
0.674188
0.674255
0.674378
0.674878
0.676735
0.676847
0.67864
0.678673
0.678673
0.678675
0.679091
0.679157
0.679157
0.679866
0.679903
0.67994
0.680098
0.680365
0.680469
0.680595
0.680595
0.680857
0.680866
0.680887
0.680894
0.681018
0.681045
0.681067
0.681134
0.681134
0.681134
0.681206
0.68121
0.681213
0.681222
0.681301
0.681305
0.681349
0.681351
0.681353
0.681411
0.681413
0.681513
0.681513
0.681611
0.681636
0.681636
0.681666
0.681712
0.681719
0.681747
0.681765
0.681765
0.681778
0.681779
0.681797
0.681803
0.681823
0.681823
0.681836
0.681857
0.681857
0.681857
0.681857
0.68186
0.681864
0.681864
0.681864
0.681868
0.68187
0.68187
0.68188
0.68188
0.681884
0.681886
0.68189
0.68189
0.681891
0.681891
0.681891
0.681891
0.681892
0.681893
0.681893
0.681893
0.681894
0.681896
0.681896
0.681896
0.681897
0.681898
0.681898
0.681898
0.681898
0.681899
0.681899
0.6819
0.6819
0.6819
0.6819
0.6819
0.6819
0.6819
0.6819
0.681901
0.681901
0.681901
0.681901
0.681901
0.681901
0.681901
0.681901
0.681901
0.681901
0.681901
0.681901
0.681901
0.681901
0.681901
0.681901
0.681901
0.681901
0.681901
0.681901
0.681902
0.681902
0.681902
0.681902
0.681902
0.681902
0.681902
0.681902
0.681902
0.681902
0.681902
0.681902
0.681902
0.681902
0.681902
0.681902
0.681902
0.681902
0.681902
0.681902
0.681902
0.681902
0.681902
0.681902
0.681902
0.681902
0.681902
0.681902
0.681902
0.681902
0.681902
0.681902
0.681902
0.681902
0.681902
0.681902
0.681902
0.681902
0.681902
0.681902
0.681902
0.681902
0.681902
0.681902
0.681902
0.681902
0.681902
0.681902
0.681902
0.681902
0.681902
0.681902
0.681902
0.681902
0.681902
0.681902
0.681902
0.681902
0.681902
0.681902
0.681902
0.681902
0.681902
0.681902
0.681902
0.681902
0.681902
0.681902
0.681902
0.681902
0.681902
0.681902
0.681902
0.681902
0.681902
0.681902
0.681902
0.681902
0.681902
0.681902
0.681902
0.681902
0.681902
0.681902
0.681902
0.681902
0.681902
0.681902
0.681902
0.681902
0.681902
0.681902
0.681902
0.681902
0.681902
0.681902
0.681902
0.681902
0.681902
0.716337
0.763728
0.735371
0.768836
0.768836
0.768836
0.779603
0.790904
0.790904
0.790904
0.790904
0.804444
0.811347
0.813235
0.813235
0.821273
0.822263
0.823173
0.823173
0.825449
0.826311
0.826764
0.826764
0.827025
0.827762
0.8281
0.828187
0.828187
0.829367
0.829367
0.831202
0.853778
0.860409
0.860409
0.862226
0.862226
0.866476
0.873664
0.873664
0.881162
0.883298
0.883339
0.88548
0.885698
0.885698
0.888631
0.888631
0.888828
0.889152
0.889152
0.889152
0.890583
0.891332
0.891332
0.89182
0.89182
0.89182
0.891994
0.892238
0.892609
0.894003
0.894593
0.894087
0.894303
0.894303
0.894864
0.894885
0.894885
0.895211
0.895244
0.895831
0.895886
0.895886
0.896191
0.896191
0.896275
0.896275
0.896335
0.896381
0.896469
0.896532
0.896532
0.896513
0.896541
0.896575
0.8966
0.896725
0.896742
0.896742
0.896779
0.896793
0.896793
0.896797
0.896826
0.896826
0.896827
0.896856
0.896871
0.896871
0.896872
0.896873
0.896873
0.89689
0.89689
0.89689
0.896917
0.896922
0.896922
0.896922
0.896926
0.896932
0.896933
0.896936
0.896936
0.896936
0.896938
0.896939
0.896939
0.896943
0.896943
0.896944
0.896945
0.896945
0.896951
0.896951
0.896951
0.896953
0.896956
0.896957
0.896957
0.896958
0.896958
0.896965
0.896965
0.896966
0.896966
0.896968
0.896968
0.896968
0.896968
0.896968
0.896968
0.896969
0.896969
0.896969
0.896969
0.89697
0.896971
0.896971
0.896972
0.896972


