0.0412318
0.0426296
0.0464385
0.0500753
0.0532401
0.054237
0.0568785
0.0578432
0.0578432
0.060875
0.0612375
0.0571799
0.0602814
0.0628864
0.0650693
0.0650693
0.0680117
0.0692288
0.0710934
0.0728704
0.0749878
0.0763519
0.0763519
0.0776863
0.0801382
0.0801382
0.080804
0.080804
0.0826865
0.0832607
0.0882374
0.0947457
0.0986481
0.114717
0.114717
0.119608
0.125311
0.135214
0.149843
0.149843
0.149843
0.158299
0.194765
0.206578
0.211243
0.2211
0.237742
0.251538
0.26897
0.310112
0.311187
0.324407
0.337178
0.348139
0.402942
0.41736
0.451525
0.451525
0.498646
0.563147
0.563147
0.562999
0.617233
0.639114
0.647344
0.656102
0.665758
0.6873
0.742736
0.742736
0.767382
0.782221
0.785956
0.805299
0.854844
0.865848
0.865975
0.878063
0.885866
0.904228
0.92455
0.928394
0.932812
0.955322
0.955322
0.955322
0.963525
0.969564
0.969564
0.969564
0.974376
0.975529
0.978805
0.979509
0.984978
0.985481
0.987683
0.987683
0.990177
0.990974
0.991682
0.991929
0.991929
0.992724
0.992838
0.993638
0.99438
0.994508
0.994979
0.996128
0.996584
0.997313
0.997313
0.998109
0.998109
0.99823
0.998423
0.99874
0.998825
0.998929
0.998999
0.999146
0.999182
0.999327
0.999495
0.999573
0.999578
0.999668
0.999733
0.999733
0.99974
0.999803
0.999812
0.999835
0.999892
0.999907
0.999911
0.999921
0.999922
0.999923
0.999929
0.999939
0.999941
0.99995
0.999953
0.999958
0.99996
0.99996
0.999964
0.999968
0.999978
0.999982
0.999982
0.999982
0.999984
0.999987
0.999988
0.999988
0.999991
0.999992
0.999992
0.999992
0.999995
0.999996
0.999996
0.999996
0.999996
0.999997
0.999997
0.999998
0.999998
0.999998
0.999998
0.999998
0.999998
0.999998
0.999998
0.999999
0.999999
0.999999
0.999999
0.999999
0.999999
0.999999
0.999999
0.999999
0.999999
1
1
1
1
1
1
1
1
1
1
1
1
1
1
1
1
1
1
1
1
1
1
1
1
1
1
1
1
1
1
1
1
1
1
1
1
1
1
1
1
1
1
1
1
1
1
1
1
1
1
1
1
1
1
1
1
1
1
1
1
1
1
1
1
1
1
1
1
1
1
1
1
1
1
1
1
1
1
1
1
1
1
1
1
1
1
1
1
1
1
1
1
1
1
1
1
1
1
1
1
1
1
1
1
1
1
1
1
1
1
1
1
1
1
1
1
1
1
1
1
1
1
1
1
1
1
1
1
1
1
1
1
1
1
1
1
1
1
1
1
1
1
1
1
1
1
1
1
1
1
1
1
1
1
1
1
1
1
1
1
1
1
1
1
1
1
1
1
1
1
1
1
1
1
1
1
1
1
1
1
1
1
1
1
1
1
1
1
1
1
1
1
1
1
1
1
1
1
1
1
1
1
1
1
1
1
1
1
1
1
1
1
1
1
1
1
1
1
1
1
1
1
1
1
1
1
1
1
1
1
1
1
1
1
1
1
1
1
1
1
1
1
1
1
1
1
1
1
1
1
1
1
1
1
1
1
1
1
1
1
1
1
1
1
1
1
1
1
1
1
1
1
1
1
1
1
1
1
1
1
1
1
1
1
1
1
1
1
1
1
1
1
1
1
1
1
1
1
1
1
1
1
1
1
1
1
1
1
1
1
1
1
1


0.0117847
0.0122826
0.0122826
0.0128304
0.0129841
0.0136941
0.0140868
0.0143046
0.0143046
0.0147364
0.0147732
0.0145168
0.0147218
0.0147225
0.0152135
0.0154637
0.0161051
0.0165731
0.0165746
0.0170195
0.0172884
0.0177216
0.0183545
0.0187658
0.0196961
0.0205049
0.0222729
0.0234272
0.0237399
0.0243455
0.0250284
0.0257906
0.0257906
0.0300984
0.0301104
0.0314243
0.0327903
0.034894
0.0406854
0.0443296
0.045213
0.0452296
0.0517119
0.053747
0.0613099
0.0635722
0.0636258
0.0669205
0.0726929
0.0752525
0.0770692
0.0796818
0.0960992
0.0960992
0.10251
0.103002
0.106816
0.120114
0.124665
0.124784
0.135963
0.138051
0.144837
0.156375
0.161553
0.161553
0.166465
0.169935
0.17267
0.175152
0.177349
0.182481
0.182897
0.185794
0.187834
0.189261
0.193301
0.196902
0.198724
0.200718
0.201331
0.201515
0.205767
0.206245
0.207221
0.210251
0.213971
0.213971
0.215242
0.215764
0.215764
0.217209
0.217299
0.217924
0.218134
0.218661
0.218889
0.219418
0.219418
0.219943
0.220041
0.2201
0.220507
0.220544
0.220544
0.2206
0.220821
0.220931
0.22095
0.221033
0.22114
0.221223
0.221321
0.22133
0.221423
0.221435
0.221497
0.221552
0.221589
0.221628
0.221685
0.221717
0.221744
0.221744
0.221751
0.221757
0.221764
0.221772
0.221788
0.221797
0.221798
0.221809
0.22181
0.221812
0.221815
0.221823
0.221825
0.221828
0.221836
0.221839
0.221839
0.221843
0.221843
0.221846
0.221849
0.221851
0.221853
0.221853
0.221853
0.221854
0.221855
0.221856
0.221856
0.221857
0.221857
0.221858
0.22186
0.22186
0.22186
0.22186
0.22186
0.221861
0.221861
0.221861
0.221861
0.221861
0.221862
0.221862
0.221862
0.221862
0.221862
0.221862
0.221862
0.221862
0.221862
0.221862
0.221862
0.221862
0.221863
0.221863
0.221863
0.221863
0.221863
0.221863
0.221863
0.221863
0.221863
0.221863
0.221863
0.221863
0.221863
0.221863
0.221863
0.221863
0.221863
0.221863
0.221863
0.221863
0.221863
0.221863
0.221863
0.221863
0.221863
0.221863
0.221863
0.221863
0.221863
0.221863
0.221863
0.221863
0.221863
0.221863
0.221863
0.221863
0.221863
0.221863
0.221863
0.221863
0.221863
0.221863
0.221863
0.221863
0.221863
0.221863
0.221863
0.221863
0.221863
0.221863
0.221863
0.221863
0.221863
0.221863
0.221863
0.221863
0.221863
0.221863
0.221863
0.221863
0.221863
0.221863
0.221863
0.221863
0.221863
0.221863
0.221863
0.221863
0.221863
0.221863
0.221863
0.221863
0.221863
0.221863
0.221863
0.221863
0.221863
0.221863
0.221863
0.221863
0.221863
0.221863
0.221863
0.221863
0.221863
0.221863
0.221863
0.221863
0.221863
0.221863
0.221863
0.221863
0.221863
0.221863
0.221863
0.221863
0.221863
0.221863
0.221863
0.221863
0.221863
0.221863
0.221863
0.221863
0.221863
0.221863
0.221863
0.221863
0.221863
0.221863
0.221863
0.221863
0.221863
0.221863
0.221863
0.221863
0.221863
0.221863
0.221863
0.221863
0.221863
0.221863
0.221863
0.221863
0.221863
0.221863
0.221863
0.221863
0.221863
0.221863
0.221863
0.221863
0.221863
0.221863
0.221863
0.221863
0.221863
0.221863
0.221863
0.221863
0.221863
0.221863
0.221863
0.221863
0.221863
0.221863
0.221863
0.221863
0.221863
0.221863
0.221863
0.221863
0.221863
0.221863
0.221863
0.221863
0.221863
0.221863
0.221863
0.221863
0.221863
0.221863
0.221863
0.221863
0.221863
0.221863
0.221863
0.221863
0.221863
0.221863
0.221863
0.221863
0.221863
0.221863
0.221863
0.221863
0.221863
0.221863
0.221863
0.221863
0.221863
0.221863
0.221863
0.221863
0.221863
0.221863
0.221863
0.221863
0.221863
0.221863
0.221863
0.221863
0.221863
0.221863
0.221863
0.221863
0.221863
0.221863
0.221863
0.221863
0.221863
0.221863
0.221863
0.221863
0.221863
0.221863
0.221863
0.221863
0.221863
0.221863
0.221863
0.221863
0.221863
0.221863
0.221863
0.221863
0.221863
0.221863
0.221863
0.221863
0.221863
0.221863
0.221863
0.221863
0.221863
0.221863
0.221863
0.221863
0.221863
0.221863
0.221863
0.221863
0.221863
0.221863
0.221863
0.221863
0.221863
0.221863
0.221863
0.221863
0.221863
0.221863
0.221863
0.221863
0.221863
0.221863
0.221863
0.221863
0.221863
0.221863
0.221863
0.221863
0.221863
0.221863
0.221863
0.221863
0.221863
0.221863
0.221863
0.221863
0.221863
0.221863
0.221863
0.221863
0.221863
0.221863
0.221863
0.221863
0.221863
0.221863
0.221863
0.221863
0.221863
0.221863
0.221863
0.221863
0.221863
0.221863
0.221863
0.221863
0.221863
0.221863
0.221863
0.221863
0.221863
0.221863
0.221863
0.221863
0.221863
0.221863
0.221863
0.221863
0.221863
0.221863
0.221863
0.221863
0.221863
0.221863
0.221863
0.221863
0.221863
0.221863
0.221863
0.221863
0.221863
0.221863
0.221863
0.221863
0.221863
0.221863
0.221863
0.221863
0.221863
0.221863
0.221863
0.221863
0.221863
0.221863
0.221863
0.221863
0.221863
0.221863


0.00961912
0.00989313
0.0109608
0.0113215
0.0119714
0.0141387
0.014384
0.0143881
0.014998
0.0150056
0.01576
0.0158628
0.016391
0.016391
0.0166002
0.0170063
0.0174581
0.0177269
0.0180948
0.0180948
0.0190011
0.0193704
0.0197436
0.0197506
0.0198103
0.0211632
0.0218571
0.0218891
0.0225345
0.0231682
0.0237172
0.0262385
0.0263322
0.0296695
0.0328141
0.0364936
0.0373989
0.0375579
0.0385301
0.0418336
0.0464359
0.0464359
0.0491174
0.057295
0.061422
0.0684091
0.0686492
0.0687755
0.0782583
0.0790898
0.0847416
0.0974597
0.100913
0.101334
0.123351
0.129407
0.138607
0.138607
0.143227
0.145195
0.157588
0.201857
0.202459
0.204766
0.21407
0.255175
0.256133
0.272818
0.276916
0.299886
0.300655
0.312213
0.314316
0.357312
0.368144
0.370018
0.407908
0.426677
0.426953
0.432028
0.432162
0.442516
0.442516
0.442545
0.450628
0.451834
0.476488
0.476699
0.477065
0.482455
0.492591
0.499583
0.499583
0.506563
0.508031
0.50811
0.518661
0.518695
0.522678
0.522692
0.522761
0.525904
0.526739
0.535533
0.540113
0.541038
0.542049
0.544235
0.546166
0.547148
0.548366
0.548786
0.548789
0.550586
0.55289
0.553391
0.553616
0.553802
0.554043
0.554062
0.554442
0.554442
0.554443
0.554699
0.555145
0.555486
0.555486
0.555788
0.555788
0.555922
0.555931
0.555953
0.556002
0.556291
0.556329
0.556547
0.556547
0.556547
0.556673
0.556756
0.556815
0.556815
0.556823
0.556879
0.556879
0.556879
0.556952
0.556952
0.556952
0.557
0.557004
0.557004
0.557036
0.557037
0.557047
0.557063
0.557063
0.557063
0.557067
0.557083
0.557083
0.557098
0.557104
0.557118
0.557118
0.557124
0.557124
0.557125
0.557127
0.557127
0.557128
0.55713
0.557131
0.557131
0.557132
0.557132
0.557132
0.557134
0.557134
0.557134
0.557134
0.557135
0.557136
0.557136
0.557136
0.557136
0.557136
0.557137
0.557137
0.557138
0.557138
0.557138
0.557138
0.557138
0.557139
0.557139
0.557139
0.557139
0.557139
0.557139
0.557139
0.557139
0.557139
0.557139
0.557139
0.557139
0.557139
0.55714
0.55714
0.55714
0.55714
0.55714
0.55714
0.55714
0.55714
0.55714
0.55714
0.55714
0.55714
0.55714
0.55714
0.55714
0.55714
0.55714
0.55714
0.55714
0.55714
0.55714
0.55714
0.55714
0.55714
0.55714
0.55714
0.55714
0.55714
0.55714
0.55714
0.55714
0.55714
0.55714
0.55714
0.55714
0.55714
0.55714
0.55714
0.55714
0.55714
0.55714
0.55714
0.55714
0.557242
0.557242
0.557325
0.557325
0.55832
0.55832
0.558563
0.558597
0.558597
0.558657
0.558735
0.558809
0.559311
0.559404
0.559404
0.559477
0.559477
0.559487
0.55976
0.55976
0.56
0.560016
0.560247
0.560326
0.560384
0.560384
0.560589
0.561028
0.562354
0.563719
0.565353
0.565503
0.565903
0.56674
0.568569
0.568569
0.569113
0.569113
0.569722
0.569722
0.569722
0.570019
0.570019
0.570019
0.570019
0.570019
0.570197
0.570197
0.570366
0.570366
0.570366
0.570366
0.570366
0.57043
0.57043
0.570454
0.57054
0.57054
0.570544
0.570544
0.570586
0.570586
0.570626
0.570642
0.570658
0.570698
0.570702
0.570702
0.570702
0.57071
0.570724
0.570748
0.570748
0.570757
0.570791
0.570799
0.570799
0.570802
0.570802
0.570827
0.570827
0.570827
0.570834
0.570834
0.570836
0.570836
0.570838
0.570838
0.570839
0.57084
0.570841
0.570841
0.570841
0.570842
0.570843
0.570844
0.570845
0.570845
0.57085
0.57085
0.570851
0.570851
0.570851
0.570852
0.570854
0.570854
0.570854
0.570855
0.570855
0.570856
0.570856
0.570856
0.570858
0.570858
0.570858
0.570858
0.570858
0.570858
0.570858
0.570858
0.570859
0.570859
0.570859
0.570859
0.570859
0.570859
0.570859
0.570859
0.570859
0.570859
0.57086
0.57086
0.57086
0.57086
0.57086
0.57086
0.57086
0.57086
0.57086
0.57086
0.57086
0.57086
0.57086
0.57086
0.57086
0.57086
0.57086
0.57086
0.57086
0.57086
0.57086
0.57086
0.57086
0.57086
0.57086
0.57086
0.57086
0.57086
0.57086
0.57086
0.57086
0.57086
0.57086
0.57086
0.57086
0.57086
0.57086
0.57086
0.57086
0.57086
0.57086
0.57086
0.57086
0.57086
0.57086
0.57086
0.57086
0.57086
0.57086
0.57086
0.57086
0.57086
0.57086
0.57086
0.57086
0.57086
0.57086
0.57086
0.57086
0.57086
0.57086
0.57086
0.57086
0.57086
0.57086
0.57086
0.57086
0.57086
0.57086
0.57086
0.57086
0.57086
0.57086
0.57086
0.57086
0.57086
0.57086
0.57086
0.57086
0.57086
0.57086
0.57086
0.57086
0.57086
0.57086
0.57086
0.57086
0.57086
0.57086
0.57086
0.57086
0.57086
0.57086
0.57086
0.57086
0.57086
0.57086
0.57086
0.57086
0.57086
0.57086
0.57086
0.57086
0.57086
0.57086
0.57086
0.57086
0.57086
0.57086
0.57086
0.57086
0.57086
0.57086
0.57086
0.57086
0.57086
0.57086
0.57086
0.57086
0.57086


0.00769217
0.00792661
0.00837969
0.00854711
0.00872616
0.00881262
0.00893925
0.0092229
0.00945027
0.00981506
0.0103493
0.0106177
0.0106177
0.0109934
0.0114088
0.0118363
0.0121116
0.0123782
0.0128114
0.0129008
0.0132723
0.0133532
0.0141982
0.0141982
0.0141982
0.0141982
0.0143042
0.0153616
0.0154954
0.0165596
0.016585
0.017065
0.0173112
0.0196933
0.020025
0.0216516
0.0226073
0.0275505
0.0276174
0.0278832
0.0296901
0.0324122
0.0348161
0.0363773
0.038393
0.0397061
0.0401353
0.0434162
0.0437457
0.05168
0.0614186
0.067725
0.0708998
0.0736235
0.0806137
0.0824018
0.108068
0.108068
0.138426
0.139886
0.149718
0.150587
0.153653
0.181422
0.181422
0.190508
0.19841
0.205702
0.209161
0.212375
0.229659
0.255911
0.26023
0.262317
0.285872
0.312963
0.313417
0.323445
0.327459
0.337153
0.356645
0.3755
0.398524
0.399026
0.420169
0.420169
0.433629
0.459806
0.470113
0.473155
0.477705
0.478585
0.483864
0.484478
0.497664
0.497664
0.503626
0.503769
0.512289
0.515226
0.52931
0.52931
0.529384
0.536174
0.536245
0.536256
0.537275
0.537277
0.541914
0.542595
0.542603
0.543554
0.544827
0.546919
0.546919
0.546923
0.547259
0.547818
0.547821
0.547954
0.548914
0.548742
0.5488
0.550088
0.550088
0.550091
0.550091
0.550105
0.550112
0.550183
0.550653
0.550653
0.550653
0.550655
0.5507
0.550726
0.550726
0.550842
0.550963
0.550964
0.550996
0.550996
0.551026
0.551044
0.551045
0.551069
0.551074
0.551144
0.551144
0.551199
0.551199
0.551199
0.551238
0.551261
0.551275
0.551277
0.55128
0.551285
0.551292
0.551298
0.551316
0.5513
0.551316
0.551324
0.551326
0.551326
0.551327
0.551337
0.551337
0.551338
0.551338
0.551342
0.551347
0.551347
0.551347
0.551347
0.551348
0.551351
0.551352
0.551352
0.551352
0.551352
0.551352
0.551352
0.551352
0.551352
0.551354
0.551355
0.551355
0.551356
0.551356
0.551357
0.551357
0.551357
0.551357
0.551358
0.551358
0.551358
0.551358
0.551358
0.551359
0.551358
0.551358
0.551358
0.551359
0.551359
0.551359
0.551359
0.551359
0.551359
0.551359
0.551359
0.551359
0.551359
0.551359
0.551359
0.551359
0.551359
0.551359
0.551359
0.551359
0.551359
0.551359
0.551359
0.551359
0.551359
0.551359
0.551359
0.551359
0.551359
0.551359
0.551359
0.551359
0.551359
0.551359
0.551359
0.551359
0.551359
0.551359
0.551359
0.555215
0.555215
0.562202
0.562202
0.569431
0.571742
0.579848
0.579848
0.579848
0.583619
0.583619
0.585075
0.585075
0.586755
0.589754
0.589754
0.589856
0.590759
0.591413
0.594411
0.594411
0.594411
0.594411
0.594411
0.595002
0.598602
0.599448
0.599448
0.599448
0.599866
0.60006
0.600391
0.60118
0.60178
0.603103
0.604341
0.606126
0.606719
0.607198
0.608205
0.609658
0.609962
0.610973
0.611244
0.612058
0.612256
0.6128
0.613222
0.614624
0.614688
0.614812
0.614996
0.614996
0.615332
0.615332
0.615373
0.615457
0.61554
0.615921
0.616257
0.616478
0.616965
0.617386
0.617726
0.617726
0.617804
0.617804
0.617848
0.617858
0.617858
0.617871
0.617871
0.617875
0.617875
0.617875
0.617907
0.617928
0.617932
0.617932
0.617938
0.617943
0.617944
0.617953
0.617954
0.617955
0.61796
0.617964
0.617966
0.617968
0.61797
0.617972
0.617973
0.617973
0.617976
0.617977
0.617978
0.617979
0.617985
0.618009
0.618088
0.618181
0.618314
0.618533
0.620918
0.624665
0.629307
0.64792
0.687672
0.687672
0.689186
0.689186
0.689076
0.689076
0.689534
0.690161
0.690899
0.690899
0.692865
0.699977
0.705237
0.708075
0.707319
0.707319
0.707503
0.707503
0.707526
0.707863
0.708791
0.710867
0.71184
0.712889
0.713588
0.716097
0.71712
0.717357
0.719641
0.721104
0.721796
0.723444
0.723444
0.725111
0.725111
0.725806
0.726666
0.72695
0.72695
0.72695
0.727533
0.727892
0.728435
0.728435
0.728558
0.728867
0.728867
0.72945
0.72945
0.730042
0.730173
0.730205
0.730205
0.730205
0.730205
0.730244
0.730244
0.730279
0.73036
0.730395
0.730406
0.730434
0.730447
0.730459
0.730485
0.730557
0.73067
0.730741
0.73084
0.730876
0.730876
0.730931
0.730931
0.730931
0.730931
0.730941
0.730943
0.730944
0.730945
0.730958
0.730969
0.730969
0.73097
0.731102
0.731394
0.731464
0.731533
0.731602
0.731602
0.731677
0.731752
0.731763
0.731763
0.731774
0.731776
0.731776
0.731788
0.731788
0.731793
0.731793
0.731793
0.731793
0.731793
0.731793
0.731794
0.731794
0.731794
0.731796
0.731796
0.731796
0.731796
0.731796
0.731796
0.731796
0.731796
0.731797
0.731797
0.731797
0.731797
0.731797
0.731797
0.731797
0.731797
0.731797
0.731797
0.731797
0.731798
0.731798
0.731798
0.731835
0.731835
0.731895
0.731971
0.73213
0.735864
0.735864
0.735864
0.736732
0.736957
0.736957
0.73698
0.737202
0.737202
0.737233
0.737259
0.73729
0.737337
0.737337
0.737337
0.73736
0.73736
0.737375
0.737379


0.00744675
0.00799433
0.00835508
0.00835508
0.00844036
0.00905095
0.00922768
0.00935583
0.00966131
0.00966158
0.00976582
0.0101285
0.0103904
0.0106835
0.0107937
0.0111997
0.0112046
0.011334
0.0118497
0.0118497
0.0121698
0.0123601
0.0123731
0.0126124
0.0127961
0.013209
0.0134187
0.0134201
0.0137209
0.014282
0.0153131
0.0153131
0.0170926
0.0181177
0.0182671
0.0192663
0.0192663
0.0201172
0.0201172
0.0205623
0.0221016
0.0221425
0.024387
0.0263604
0.0272412
0.0310707
0.0324559
0.0397627
0.0436431
0.0440083
0.0492604
0.0547813
0.0569449
0.05966
0.0710023
0.0710023
0.0768862
0.082082
0.0872315
0.105371
0.105449
0.107674
0.113823
0.1393
0.148555
0.158601
0.158601
0.16671
0.169079
0.195795
0.198531
0.203333
0.216414
0.232717
0.239716
0.239716
0.243091
0.249017
0.258456
0.259486
0.268153
0.268979
0.273124
0.273374
0.278278
0.27928
0.308112
0.315505
0.318469
0.322551
0.327021
0.337591
0.337929
0.3403
0.34191
0.34418
0.361473
0.364886
0.364886
0.365171
0.366411
0.36673
0.366764
0.368858
0.368858
0.370138
0.370138
0.371974
0.373819
0.377719
0.377719
0.377646
0.380998
0.38113
0.38113
0.383427
0.383427
0.38435
0.384389
0.384953
0.385311
0.385591
0.386601
0.387153
0.387187
0.387508
0.387551
0.387615
0.389327
0.389338
0.389338
0.389349
0.389352
0.38947
0.389484
0.389652
0.389679
0.3897
0.389824
0.38985
0.38985
0.389893
0.389926
0.390087
0.390133
0.390133
0.390178
0.390179
0.390193
0.390193
0.390207
0.390264
0.390264
0.390284
0.390285
0.390309
0.390346
0.390346
0.390379
0.39038
0.390392
0.390428
0.390428
0.390442
0.390466
0.390467
0.390478
0.390478
0.390478
0.390504
0.390504
0.390504
0.390512
0.390517
0.390517
0.390517
0.390517
0.390525
0.390534
0.390548
0.39055
0.390547
0.390548
0.390548
0.390551
0.390552
0.390554
0.390554
0.390554
0.390557
0.390557
0.390559
0.39056
0.390561
0.390562
0.390562
0.390562
0.390565
0.390565
0.390566
0.390566
0.390566
0.390567
0.390567
0.390569
0.390569
0.390569
0.390569
0.39057
0.39057
0.39057
0.39057
0.39057
0.39057
0.390571
0.390571
0.390571
0.390571
0.390571
0.390571
0.390571
0.390571
0.390571
0.390571
0.390572
0.390572
0.390572
0.390572
0.390572
0.390572
0.390572
0.390572
0.390572
0.390572
0.390572
0.390572
0.390572
0.390572
0.390572
0.390572
0.390572
0.390572
0.390572
0.390572
0.390572
0.390572
0.390572
0.390572
0.390572
0.390572
0.390572
0.390572
0.390572
0.390572
0.390572
0.390572
0.390572
0.390572
0.390572
0.390572
0.390572
0.390572
0.390572
0.390572
0.390572
0.390572
0.390572
0.390572
0.390572
0.390572
0.390572
0.390572
0.390572
0.390572
0.390572
0.390572
0.390572
0.390572
0.390572
0.390572
0.390572
0.390572
0.390572
0.390572
0.390572
0.390572
0.390572
0.390572
0.390572
0.390572
0.390572
0.390572
0.390572
0.390572
0.390572
0.390572
0.390572
0.390572
0.390572
0.390572
0.390572
0.390572
0.390572
0.390572
0.390572
0.390572
0.390572
0.390572
0.390572
0.390572
0.390572
0.390572
0.390572
0.390572
0.390572
0.390572
0.390572
0.390572
0.390572
0.390572
0.390572
0.390572
0.390572
0.390572
0.390572
0.390572
0.390572
0.390572
0.390572
0.390572
0.390572
0.390572
0.390572
0.390572
0.390572
0.390572
0.390572
0.390572
0.390572
0.390572
0.390572
0.390572
0.390572
0.390572
0.390572
0.390572
0.390572
0.390572
0.390572
0.390572
0.390572
0.390572
0.390572
0.390572
0.390572
0.390572
0.390572
0.390572
0.390572
0.390572
0.390572
0.390572
0.390572
0.390572
0.390572
0.390572
0.390572
0.390572
0.390572
0.390572
0.390572
0.390572
0.390572
0.390572
0.390572
0.390572
0.390572
0.390572
0.390572
0.390572
0.390572
0.390572
0.390572
0.390572
0.390572
0.390572
0.390572
0.390572
0.390572
0.390572
0.390572
0.390572
0.390572
0.390572
0.390572
0.390572
0.390572
0.390572
0.390572
0.390572
0.390572
0.390572
0.390572
0.390572
0.390572
0.390572
0.390572
0.390572
0.390572
0.390572
0.390572
0.390572
0.390572
0.390572
0.390572
0.390572
0.390572
0.390572
0.390572
0.390572
0.390572
0.390572
0.390572
0.390572
0.390572
0.390572
0.390572
0.390572
0.390572
0.390572
0.390572
0.390572
0.390572
0.390572
0.390572
0.390572
0.390572
0.390572
0.390572
0.390572
0.390572
0.390572
0.390572
0.390572
0.390572
0.390572
0.390572
0.390572
0.390572
0.390572
0.390572
0.390572
0.390572
0.390572
0.390572
0.390572
0.390572
0.390572
0.390572
0.390572
0.390572
0.390572
0.390572
0.390572
0.390572
0.390572
0.390572
0.390572
0.390572
0.390572
0.390572
0.390572
0.390572
0.390572
0.390572
0.390572
0.390572
0.390572
0.390572
0.390572
0.390572
0.390572
0.390572
0.390572
0.390572
0.390572
0.390572
0.390572
0.390572
0.390572
0.390572
0.390572
0.390572
0.390572
0.390572
0.390572
0.390572
0.390572
0.390572
0.390572


0.00784575
0.00896291
0.00898014
0.00913123
0.00960868
0.00960868
0.00989797
0.0101969
0.0101969
0.0105977
0.0110182
0.011113
0.0111956
0.0113604
0.0113604
0.0115413
0.0115413
0.0115428
0.0116417
0.0117314
0.0117592
0.0120581
0.0121134
0.0122767
0.0123022
0.0128016
0.0135556
0.0135556
0.013945
0.0142652
0.0142847
0.0142813
0.0152215
0.0162205
0.0164129
0.0164129
0.0164258
0.0172914
0.0183143
0.0191455
0.0194376
0.0194795
0.0195934
0.0241573
0.0241573
0.0243824
0.0259653
0.0260255
0.0260255
0.0269893
0.0273543
0.0276947
0.0284497
0.0294377
0.0302765
0.0302765
0.0334095
0.0334095
0.0335741
0.0381975
0.0382723
0.0382172
0.0404689
0.043066
0.044182
0.0441847
0.0449057
0.0462132
0.0496387
0.0504452
0.0515682
0.0467688
0.0477961
0.0482102
0.0482102
0.0507347
0.0542073
0.0550961
0.0555574
0.0555574
0.0564545
0.0579482
0.0604097
0.0604097
0.0629646
0.0629646
0.064382
0.0673231
0.0676224
0.0714553
0.0715233
0.0713397
0.0714098
0.0718777
0.0722194
0.0722194
0.07421
0.07421
0.0748651
0.0755281
0.0755281
0.0759348
0.078616
0.078616
0.0790875
0.0790875
0.0791482
0.0791482
0.0791482
0.079278
0.0793189
0.0795863
0.0795863
0.0796794
0.0798118
0.0798118
0.0801076
0.0801076
0.0801304
0.0801977
0.0801977
0.0746395
0.0754863
0.0755481
0.0755994
0.0758154
0.0758873
0.0761507
0.0761507
0.0761507
0.0761509
0.0752731
0.0757973
0.0758473
0.0758549
0.0758898
0.0758898
0.0758994
0.0759001
0.0759205
0.0759205
0.0759256
0.0759285
0.0759471
0.0759886
0.0759993
0.0760148
0.0760152
0.0760511
0.0760511
0.076058
0.0761089
0.0761089
0.0761097
0.0761118
0.0771218
0.0771264
0.0771306
0.0771306
0.0771306
0.0771308
0.0759319
0.0761007
0.0761058
0.076113
0.0761143
0.0761201
0.0761201
0.0761675
0.0765036
0.0765036
0.0765041
0.0765047
0.0765049
0.0765588
0.0765588
0.0766052
0.0766055
0.0766055
0.0766057
0.0766057
0.0755943
0.0762804
0.0762969
0.0762971
0.0763075
0.0763132
0.0763133
0.076327
0.0763274
0.0763276
0.0763273
0.0763348
0.0763349
0.0763349
0.076335
0.0763361
0.0763361
0.0763361
0.0763366
0.0763367
0.0763378
0.0763378
0.0763416
0.0763416
0.0763655
0.0763655
0.076376
0.0763819
0.0763848
0.0763961
0.0763961
0.0763961
0.0763961
0.0763961
0.0763962
0.0763978
0.0764002
0.0764051
0.0764101
0.0764101
0.0764153
0.0764153
0.0764153
0.0764153
0.0764153
0.0764153
0.0764153
0.0764159
0.0764159
0.0764159
0.0764172
0.076418
0.0764409
0.0764409
0.0770614
0.0770614
0.0770614
0.0770614
0.0770614
0.0770614
0.0770614
0.0770614
0.0770614
0.0770614
0.0770614
0.0770614
0.0770614
0.0770614
0.0770614
0.0770614
0.0755611
0.076422
0.076422
0.076422
0.076422
0.076422
0.076422
0.0764221
0.0764223
0.0764791
0.0764791
0.0766616
0.0766616
0.0766616
0.0766616
0.0766616
0.0766616
0.0766616
0.0766616
0.0766616
0.076009
0.0764231
0.0764231
0.0764232
0.0764239
0.0764239
0.0764239
0.0764239
0.0764239
0.0764239
0.0764236
0.0764236
0.0764238
0.076424
0.076424
0.0764241
0.0764241
0.0764241
0.0764242
0.0764242
0.0764242
0.0764242
0.0764242
0.0764242
0.0764242
0.0764242
0.0764242
0.0764242
0.0764242
0.0764242
0.0764242
0.0764243
0.0764243
0.0764243
0.0764244
0.0764244
0.0764244
0.0764244
0.0767573
0.0767573
0.0767573
0.0767573
0.0767573
0.0767573
0.0767573
0.0767573
0.0767573
0.0767573
0.0767573
0.0767573
0.0758299
0.0764248
0.0764248
0.0764248
0.0764248
0.0764248
0.0764248
0.0764248
0.0764248
0.0786136
0.0786136
0.0786136
0.0786136
0.0786136
0.0786136
0.0786136
0.0786136
0.0786136
0.0786136
0.0786136
0.0777049
0.0785364
0.0791219
0.0791219
0.0791219
0.0791219
0.0791219
0.0791219
0.0791219
0.0791219
0.0791219
0.0791219
0.0791219
0.0791219
0.0791219
0.0791219
0.0791219
0.0791219
0.0791219
0.0791219
0.0791219
0.0791219
0.0791219
0.0791219
0.0791219
0.0791219
0.0791219
0.0791219
0.0791219
0.0791219
0.0791219
0.0791219
0.0791219
0.0791219
0.0791219
0.0791219
0.0791219
0.0791219
0.0791219
0.0791219
0.0791219
0.0791219
0.0791219
0.0791219
0.0791219
0.0791219
0.0791219
0.0791219
0.0791219
0.0791219
0.0758628
0.076425
0.0766906
0.0766906
0.0766906
0.0766906
0.0766906
0.0766906
0.0766906
0.0766906
0.0780213
0.0780214
0.0780214
0.0780214
0.0780214
0.0780214
0.0780214
0.0780214
0.0780214
0.0780214
0.076178
0.076425
0.076425
0.0770299
0.0770299
0.0770299
0.0771238
0.0771238
0.0771238
0.0771238
0.0756451
0.076425
0.0765216
0.0765216
0.0772167
0.0772167
0.0772167
0.0772167
0.0772167
0.0772719
0.0754902
0.0764605
0.0764605
0.0764605
0.0764605
0.0765413
0.0765812
0.0765812
0.0765812
0.0765812
0.076559
0.0767947
0.0767947
0.0767947
0.0767947
0.0768994
0.0768994
0.0768994
0.0768994
0.0768994
0.0768994
0.0768994
0.0768994
0.0768994
0.0768994
0.0768994
0.0768994
0.0768994
0.0768994
0.0768994
0.0766975
0.0766975
0.0766975
0.0772907
0.0772907
0.0772907
0.0772907
0.0772907
0.0777535
0.0782245
0.0782245
0.0782245
0.0782245
0.0782245
0.0782245
0.0782245
0.0782245
0.0785767
0.0785767
0.0785767
0.0777223
0.078231
0.078231
0.078231
0.078231
0.078231
0.078231
0.078231
0.078231
0.078231
0.0779327
0.0779758
0.0790089
0.0790089
0.0790089
0.0790089
0.0792936
0.0792936
0.0792936


0.00960095
0.00975957
0.00993373
0.0106239
0.0106239
0.0111347
0.0111347
0.0112572
0.0118553
0.0121676
0.0122058
0.0125444
0.0126775
0.0129471
0.0135229
0.0135258
0.0136178
0.0136178
0.013966
0.013966
0.0141036
0.0148339
0.0149544
0.0154801
0.0156572
0.0159152
0.0159152
0.0165402
0.0168172
0.0171972
0.0171972
0.0171972
0.0183065
0.018554
0.0191045
0.0191717
0.0196675
0.0197152
0.0197271
0.0199596
0.020374
0.0233854
0.0253785
0.0261336
0.0325827
0.0325827
0.0383519
0.0383519
0.0425388
0.043437
0.0448168
0.0486101
0.0515381
0.0528261
0.0557124
0.0637358
0.0682836
0.0682836
0.0719543
0.0724023
0.0738929
0.0778492
0.0830268
0.0868041
0.087994
0.0881107
0.0920308
0.097207
0.1024
0.104797
0.107863
0.11255
0.116273
0.119509
0.119509
0.123393
0.123806
0.125257
0.126437
0.126609
0.129024
0.129828
0.12996
0.132287
0.133133
0.133177
0.133349
0.134674
0.134739
0.136522
0.137155
0.137519
0.137519
0.138008
0.138531
0.138575
0.138773
0.138787
0.139323
0.139381
0.140156
0.140196
0.14038
0.140406
0.140625
0.140664
0.140779
0.140779
0.140909
0.141077
0.141145
0.141199
0.141301
0.141322
0.141354
0.141455
0.141458
0.141464
0.141475
0.141517
0.141517
0.141534
0.141576
0.141617
0.141629
0.141635
0.141635
0.141647
0.141657
0.141661
0.141665
0.141665
0.141668
0.141675
0.141676
0.141679
0.141684
0.141689
0.141691
0.141697
0.141697
0.141698
0.141699
0.141702
0.141707
0.141707
0.141709
0.141709
0.141711
0.141711
0.141712
0.141714
0.141714
0.141715
0.141715
0.141716
0.141717
0.141717
0.141717
0.143474
0.143474
0.144842
0.144842
0.144843
0.144843
0.144843
0.144843
0.145154
0.147921
0.147921
0.149621
0.15062
0.154834
0.154834
0.154834
0.155946
0.156292
0.157799
0.158477
0.167228
0.167228
0.167228
0.167228
0.171086
0.171086
0.172134
0.173603
0.173603
0.175086
0.175187
0.175187
0.175227
0.175282
0.175282
0.175614
0.175796
0.175796
0.176088
0.176151
0.176151
0.17638
0.176475
0.1765
0.176947
0.177639
0.177639
0.177639
0.178403
0.178554
0.178554
0.178578
0.178709
0.178763
0.179285
0.179498
0.179517
0.179582
0.179582
0.179582
0.179588
0.179648
0.179648
0.179652
0.179652
0.179658
0.179771
0.179771
0.179771
0.179771
0.179771
0.179771
0.179799
0.179811
0.179813
0.179813
0.179813
0.179813
0.179815
0.179826
0.179826
0.179829
0.179833
0.179856
0.179859
0.179895
0.179905
0.179905
0.179905
0.179922
0.179946
0.179946
0.17995
0.179962
0.179963
0.179966
0.179966
0.179979
0.179979
0.179979
0.179999
0.179999
0.180003
0.180003
0.180017
0.180017
0.180017
0.180017
0.180017
0.180024
0.180025
0.180026
0.180027
0.180027
0.180028
0.180028
0.180028
0.180028
0.18003
0.180031
0.180031
0.180031
0.180032
0.180032
0.180032
0.180032
0.180033
0.180037
0.18004
0.18004
0.18004
0.180041
0.18004
0.180043
0.180043
0.180043
0.180044
0.180044
0.180044
0.180044
0.180044
0.180045
0.180045
0.180045
0.180045
0.180045
0.180045
0.180045
0.180046
0.180046
0.180046
0.180046
0.180046
0.180046
0.180046
0.180046
0.180046
0.180046
0.180046
0.180046
0.180046
0.180046
0.180046
0.180046
0.180046
0.180046
0.180046
0.180046
0.180046
0.180046
0.180046
0.180046
0.180046
0.180046
0.180046
0.180046
0.180046
0.180047
0.180047
0.180047
0.180047
0.180047
0.180047
0.180047
0.180047
0.180047
0.180047
0.180047
0.180047
0.180047
0.180047
0.180047
0.180047
0.180047
0.180047
0.180047
0.180047
0.180047
0.180047
0.180047
0.180047
0.180047
0.180047
0.180047
0.180047
0.180047
0.180047
0.180047
0.180047
0.180047
0.180047
0.180047
0.180047
0.180047
0.180047
0.180047
0.180047
0.180047
0.180047
0.180047
0.180047
0.180047
0.180047
0.180047
0.180047
0.180047
0.180047
0.180047
0.180047
0.180047
0.180047
0.180047
0.180047
0.180047
0.180047
0.180047
0.180047
0.180047
0.180047
0.180047
0.180047
0.180047
0.180047
0.180047
0.180047
0.180047
0.180047
0.180047
0.180047
0.180047
0.180047
0.180047
0.180047
0.180047
0.180047
0.180047
0.180047
0.180047
0.180047
0.180047
0.180047
0.180047
0.180047
0.180047
0.180047
0.180047
0.180047
0.180047
0.180047
0.180047
0.180047
0.180047
0.180047
0.180047
0.180047
0.180047
0.180047
0.180047
0.180047
0.180047
0.180047
0.180047
0.180047
0.180047
0.180047
0.180047
0.180047
0.180047
0.180047
0.180047
0.180047
0.180047
0.180047
0.180047
0.180047
0.180047
0.180047
0.180047
0.180047
0.180047
0.180047
0.180047
0.180047
0.180047
0.180047
0.180047
0.180047
0.180047
0.180047
0.180047
0.180047
0.180047
0.180047
0.180047
0.180047
0.180047
0.180047
0.180047
0.180047
0.180047
0.180047
0.180047
0.180047
0.180047
0.180047
0.180047
0.180047
0.180047
0.180047
0.180047
0.180047
0.180047
0.180047
0.180047
0.180047
0.180047
0.180047
0.180047
0.180047
0.180047
0.180047


0.0112972
0.0126298
0.012782
0.0135579
0.0147523
0.0147523
0.0151101
0.0160789
0.0163135
0.0163777
0.0164649
0.016217
0.016445
0.0171406
0.0172138
0.0173573
0.0175253
0.0178424
0.0179362
0.0180186
0.0185659
0.0197511
0.0199507
0.0201398
0.0211105
0.0218692
0.0228222
0.0228786
0.0238473
0.0238473
0.0247675
0.0250804
0.0262535
0.0268108
0.0271794
0.0285289
0.0295438
0.0315926
0.033741
0.033741
0.0363468
0.0377844
0.0388027
0.0390548
0.0438166
0.0455973
0.0485562
0.0516223
0.0523575
0.05548
0.0572838
0.0676986
0.070665
0.0771434
0.0786245
0.0815646
0.096166
0.0973958
0.105009
0.111412
0.12462
0.127021
0.132503
0.135404
0.135404
0.142312
0.146906
0.154544
0.157374
0.16357
0.18924
0.181437
0.194355
0.194379
0.208867
0.212029
0.216658
0.238218
0.239308
0.24003
0.248742
0.263079
0.264304
0.266386
0.266386
0.277635
0.287362
0.289366
0.289366
0.293864
0.294968
0.295546
0.297027
0.299818
0.304172
0.305424
0.308282
0.309237
0.309237
0.309611
0.314012
0.3148
0.314867
0.314915
0.316678
0.316877
0.318487
0.318487
0.319869
0.319925
0.321131
0.320906
0.321176
0.32141
0.321922
0.322363
0.322687
0.322723
0.322731
0.322998
0.323302
0.32346
0.323578
0.323599
0.323599
0.323605
0.32362
0.323868
0.323868
0.324156
0.32418
0.324163
0.32422
0.324242
0.324317
0.324414
0.324414
0.324425
0.324429
0.324448
0.324458
0.324501
0.324545
0.324564
0.324566
0.324579
0.324583
0.324598
0.324598
0.324599
0.324614
0.324614
0.324614
0.324615
0.324617
0.324618
0.324619
0.324622
0.324622
0.324624
0.324625
0.324625
0.324627
0.324628
0.324629
0.324631
0.324632
0.324633
0.324633
0.324633
0.324634
0.324634
0.324635
0.324635
0.324636
0.324636
0.324636
0.324636
0.324636
0.324636
0.324636
0.324636
0.324636
0.324636
0.324637
0.324637
0.324637
0.324637
0.324637
0.324637
0.324637
0.324637
0.324637
0.324637
0.324637
0.324637
0.324637
0.324637
0.324637
0.324637
0.324637
0.324637
0.324637
0.324637
0.324637
0.324637
0.324637
0.324637
0.324637
0.324637
0.324637
0.324637
0.324637
0.324637
0.324637
0.324637
0.324637
0.324637
0.324637
0.324637
0.324637
0.324637
0.324637
0.324637
0.324637
0.324637
0.324637
0.324637
0.324637
0.324637
0.324637
0.324637
0.324637
0.324637
0.324637
0.324637
0.324637
0.324637
0.324637
0.324637
0.324637
0.324637
0.324637
0.324637
0.324637
0.324637
0.324637
0.324637
0.324637
0.324637
0.324637
0.324637
0.324637
0.324637
0.324637
0.324637
0.324637
0.324637
0.324637
0.324637
0.324637
0.324637
0.324637
0.324637
0.324637
0.324637
0.324637
0.324637
0.324637
0.324637
0.324637
0.324637
0.324637
0.324637
0.324637
0.324637
0.324637
0.324637
0.324637
0.324637
0.324637
0.324637
0.324637
0.324637
0.324637
0.324637
0.324637
0.324637
0.324637
0.324637
0.324637
0.324637
0.324637
0.324637
0.324637
0.324637
0.324637
0.324637
0.324637
0.324637
0.324637
0.324637
0.324637
0.324637
0.324637
0.324637
0.324637
0.324637
0.324637
0.324637
0.324637
0.324637
0.324637
0.324637
0.324637
0.324637
0.324637
0.324637
0.324637
0.324637
0.324637
0.324637
0.324637
0.324637
0.324637
0.324637
0.324637
0.324637
0.324637
0.324637
0.324637
0.324637
0.324637
0.324637
0.324637
0.324637
0.324637
0.324637
0.324637
0.324637
0.324637
0.324637
0.324637
0.324637
0.324637
0.324637
0.324637
0.324637
0.324637
0.324637
0.324637
0.324637
0.324637
0.324637
0.324637
0.324637
0.324637
0.324637
0.324637
0.324637
0.324637
0.324637
0.324637
0.324637
0.324637
0.324637
0.324637
0.324637
0.324637
0.324637
0.324637
0.324637
0.324637
0.324637
0.324637
0.324637
0.324637
0.324637
0.324637
0.324637
0.324637
0.324637
0.324637
0.324637
0.324637
0.324637
0.324637
0.324637
0.324637
0.324637
0.324637
0.324637
0.324637
0.324637
0.324637
0.324637
0.324637
0.324637
0.324637
0.324637
0.324637
0.324637
0.324637
0.324637
0.324637
0.324637
0.324637
0.324637
0.324637
0.324637
0.324637
0.324637
0.324637
0.324637
0.324637
0.324637
0.324637
0.324637
0.324637
0.324637
0.324637
0.324637
0.324637
0.324637
0.324637
0.324637
0.324637
0.324637
0.324637
0.324637
0.324637
0.324637
0.324637
0.324637
0.324637
0.324637
0.324637
0.324637
0.324637
0.324637
0.324637
0.324637
0.324637
0.324637
0.324637
0.324637
0.324637
0.324637
0.324637
0.324637
0.324637
0.324637
0.324637
0.324637
0.324637
0.324637
0.324637
0.324637
0.324637
0.324637
0.324637
0.324637
0.324637
0.324637
0.324637
0.324637
0.324637
0.324637
0.324637
0.324637
0.324637
0.324637
0.324637
0.324637
0.324637
0.324637
0.324637
0.324637
0.324637
0.324637
0.324637
0.324637
0.324637
0.324637
0.324637
0.324637
0.324637
0.324637
0.324637
0.324637
0.324637
0.324637
0.324637
0.324637
0.324637
0.324637
0.324637
0.324637
0.324637
0.324637


0.0112307
0.0118059
0.0130626
0.0131289
0.0137027
0.0137027
0.0141922
0.0141922
0.014775
0.014775
0.0151257
0.0156503
0.0158581
0.0160016
0.0161572
0.0168192
0.0177647
0.0178175
0.0178175
0.0181905
0.0187693
0.0189364
0.0196176
0.0201271
0.0201689
0.0203972
0.0206265
0.0206312
0.0206341
0.022194
0.0230956
0.0231091
0.0241358
0.0253275
0.0256329
0.0261935
0.0265874
0.0286293
0.0316647
0.0316647
0.0317627
0.037456
0.041708
0.0433256
0.0444162
0.0531985
0.0553008
0.0611058
0.0638225
0.0694638
0.0745551
0.0751561
0.0762154
0.0843146
0.0921389
0.0922667
0.102745
0.12446
0.133369
0.135201
0.135201
0.157614
0.174645
0.176975
0.176975
0.205494
0.212555
0.214305
0.226463
0.226463
0.234818
0.244618
0.255574
0.273374
0.27848
0.283049
0.286478
0.291749
0.318366
0.325865
0.397219
0.397338
0.40125
0.407501
0.424541
0.424658
0.424769
0.425269
0.442085
0.454631
0.465064
0.466608
0.477037
0.480396
0.480421
0.486265
0.493602
0.505171
0.513501
0.530665
0.530819
0.530877
0.533105
0.533105
0.539571
0.539606
0.540714
0.540773
0.541555
0.54243
0.542437
0.546707
0.546707
0.547411
0.547413
0.547784
0.550366
0.550954
0.553245
0.558156
0.558187
0.558302
0.558312
0.558478
0.558479
0.558993
0.559411
0.561638
0.561649
0.561649
0.56218
0.562369
0.562369
0.562478
0.563158
0.563158
0.563189
0.563203
0.563312
0.563371
0.563592
0.563593
0.56362
0.56362
0.56362
0.563632
0.563647
0.563892
0.564034
0.564036
0.564036
0.564015
0.564016
0.564055
0.564121
0.564122
0.564123
0.564178
0.564196
0.564196
0.564197
0.564205
0.564243
0.564249
0.564251
0.564251
0.564261
0.564261
0.564265
0.564268
0.564281
0.564281
0.564285
0.564288
0.5643
0.5643
0.5643
0.564303
0.564306
0.564306
0.564311
0.564311
0.564312
0.564314
0.564314
0.564315
0.564319
0.564319
0.56432
0.564322
0.564322
0.564322
0.564324
0.564324
0.564324
0.564324
0.564325
0.564325
0.564327
0.564327
0.564327
0.564327
0.564327
0.564327
0.564328
0.564329
0.564329
0.564329
0.564329
0.56433
0.56433
0.56433
0.56433
0.56433
0.56433
0.56433
0.56433
0.56433
0.56433
0.564331
0.564331
0.564331
0.564331
0.564331
0.564331
0.564331
0.564331
0.564331
0.564331
0.564331
0.564331
0.564331
0.564331
0.564331
0.564331
0.564331
0.564331
0.564331
0.564331
0.564331
0.564331
0.564331
0.564331
0.564331
0.564331
0.564331
0.564331
0.564331
0.564331
0.564331
0.564331
0.564331
0.564331
0.564331
0.564331
0.564331
0.564331
0.564331
0.564331
0.564331
0.564331
0.564331
0.564331
0.564331
0.564331
0.564331
0.564331
0.564331
0.564331
0.564331
0.564331
0.564331
0.564331
0.564331
0.564331
0.564331
0.564331
0.564331
0.564331
0.564331
0.564331
0.564331
0.564331
0.564331
0.564331
0.564331
0.564331
0.564331
0.564331
0.564331
0.564331
0.564331
0.564331
0.564331
0.564331
0.564331
0.564331
0.564331
0.564331
0.564331
0.564331
0.564331
0.564331
0.564331
0.564331
0.564331
0.564331
0.564331
0.564331
0.564331
0.564331
0.564331
0.564331
0.564331
0.564331
0.564331
0.564331
0.564331
0.564331
0.564331
0.564331
0.564331
0.564331
0.564331
0.564331
0.564331
0.564331
0.564331
0.564331
0.564331
0.564331
0.564331
0.564331
0.564331
0.564331
0.564331
0.564331
0.564331
0.564331
0.564331
0.564331
0.564331
0.564331
0.564331
0.564331
0.564331
0.564331
0.564331
0.564331
0.564331
0.564331
0.564331
0.564331
0.564331
0.564331
0.564331
0.564331
0.564331
0.564331
0.564331
0.564331
0.564331
0.564331
0.564331
0.564331
0.564331
0.564331
0.564331
0.564331
0.564331
0.564331
0.564331
0.564331
0.564331
0.564331
0.564331
0.564331
0.564331
0.564331
0.564331
0.564331
0.564331
0.564331
0.564331
0.564331
0.564331
0.564331
0.564331
0.564331
0.564331
0.564331
0.564331
0.564331
0.564331
0.564331
0.564331
0.564331
0.564331
0.564331
0.564331
0.564331
0.564331
0.564331
0.564331
0.564331
0.564331
0.564331
0.564331
0.564331
0.564331
0.564331
0.564331
0.564331
0.564331
0.564331
0.564331
0.564331
0.564331
0.564331
0.564331
0.564331
0.564331
0.564331
0.564331
0.564331
0.564331
0.564331
0.564331
0.564331
0.564331
0.564331
0.564331
0.564331
0.564331
0.564331
0.564331
0.564331
0.564331
0.564331
0.564331
0.564331
0.564331
0.564331
0.564331
0.564331
0.564331
0.564331
0.564331
0.564331
0.564331
0.564331
0.564331
0.564331
0.564331
0.564331
0.564331
0.564331
0.564331
0.564331
0.564331
0.564331
0.564331
0.564331
0.564331
0.564331
0.564331
0.564331
0.564331
0.564331
0.564331
0.564331
0.564331
0.564331
0.564331
0.564331
0.564331
0.564331
0.564331
0.564331
0.564331
0.564331
0.564331
0.564331
0.564331
0.564331
0.564331
0.564331
0.564331
0.564331
0.564331
0.564331
0.564331
0.564331
0.564331
0.564331
0.564331
0.564331
0.564331
0.564331
0.564331


0.0105246
0.0117284
0.0123513
0.0126233
0.0136449
0.0137527
0.0141863
0.0145561
0.0145826
0.0145826
0.0146045
0.0144842
0.0147781
0.0148957
0.0148989
0.0151802
0.015755
0.0157704
0.0157704
0.0158997
0.0158997
0.0159546
0.0160162
0.0160278
0.0163949
0.0164291
0.0164291
0.0165054
0.0167917
0.0168177
0.0168177
0.0169112
0.0170182
0.0170182
0.0170222
0.0173936
0.0176713
0.0183531
0.0183531
0.0187059
0.0188087
0.0188614
0.0192817
0.0192817
0.0193806
0.0193806
0.0197945
0.0197945
0.0197945
0.0198862
0.0199935
0.0194449
0.0207929
0.0207929
0.0209683
0.0218672
0.023259
0.0257021
0.0257048
0.0258262
0.02585
0.0259037
0.0268031
0.0309202
0.0314458
0.0322633
0.0328942
0.033078
0.0339624
0.0388418
0.0388418
0.0421223
0.0421223
0.0421223
0.0429201
0.0429201
0.0469357
0.0487845
0.0541282
0.0541282
0.0551522
0.0551524
0.0551524
0.0569055
0.0602555
0.0602555
0.0602555
0.0608135
0.0611095
0.0614963
0.0618474
0.0616512
0.0617968
0.0619431
0.0621355
0.0628256
0.0633125
0.0644719
0.0764632
0.0765979
0.0792226
0.0818381
0.0985504
0.0985504
0.108344
0.108344
0.113998
0.113998
0.131151
0.131151
0.131151
0.13046
0.137788
0.138419
0.161664
0.176819
0.177152
0.19377
0.202936
0.202936
0.202936
0.213644
0.214393
0.214393
0.219472
0.221631
0.231721
0.23263
0.233467
0.23692
0.23692
0.23692
0.241974
0.261419
0.264828
0.27637
0.27637
0.279026
0.279026
0.279026
0.281121
0.281121
0.289046
0.292009
0.292178
0.292231
0.299089
0.299089
0.302492
0.302765
0.302765
0.303683
0.305181
0.307156
0.307156
0.307156
0.318419
0.318548
0.318548
0.318678
0.321962
0.321974
0.322515
0.322515
0.323663
0.324759
0.324759
0.32649
0.32649
0.326739
0.327374
0.327705
0.328772
0.329013
0.329013
0.329041
0.329624
0.329681
0.329932
0.329949
0.32995
0.329665
0.329676
0.330398
0.330398
0.330398
0.33066
0.33066
0.330666
0.33067
0.33074
0.330758
0.330764
0.330764
0.330764
0.330824
0.330871
0.331009
0.336371
0.336371
0.336635
0.335798
0.337765
0.340381
0.340381
0.34356
0.343599
0.343623
0.343623
0.34518
0.346595
0.349133
0.349139
0.365307
0.365307
0.366475
0.373446
0.373448
0.373599
0.374145
0.375091
0.38167
0.382594
0.383427
0.398759
0.438212
0.438212
0.448053
0.452924
0.457422
0.458792
0.461629
0.472756
0.480316
0.483487
0.508893
0.542723
0.542723
0.560039
0.562528
0.580511
0.598181
0.598181
0.598182
0.60775
0.623241
0.623241
0.635284
0.646083
0.663201
0.663201
0.692399
0.708218
0.708364
0.708364
0.729867
0.752563
0.752563
0.754379
0.759689
0.759689
0.759689
0.772173
0.772173
0.772173
0.774866
0.774866
0.775869
0.778537
0.786527
0.787021
0.791803
0.796893
0.80005
0.80005
0.800601
0.803529
0.804744
0.804744
0.807402
0.808029
0.808029
0.809087
0.809087
0.812982
0.812982
0.81445
0.814819
0.814819
0.814915
0.815136
0.814583
0.815006
0.815006
0.815589
0.815999
0.815999
0.816945
0.816945
0.817025
0.817025
0.817684
0.817977
0.817999
0.817999
0.817999
0.818068
0.818299
0.818318
0.818533
0.818533
0.818652
0.818785
0.819027
0.819027
0.819123
0.819279
0.819279
0.819319
0.819394
0.819394
0.819396
0.819396
0.819421
0.819494
0.819494
0.819494
0.819498
0.819498
0.819508
0.819526
0.819526
0.819526
0.819535
0.819545
0.819566
0.819567
0.819573
0.819589
0.819589
0.819594
0.819594
0.819595
0.819602
0.819602
0.819602
0.819605
0.819607
0.819607
0.819607
0.819609
0.819611
0.819611
0.819612
0.819613
0.819613
0.819615
0.819618
0.819618
0.819618
0.81962
0.819621
0.819622
0.819623
0.819623
0.819624
0.819624
0.819624
0.819624
0.819625
0.819625
0.819625
0.819625
0.819625
0.819625
0.819626
0.819626
0.819626
0.819626
0.819626
0.819626
0.819626
0.819626
0.819626
0.819626
0.819626
0.819626
0.819626
0.819626
0.819626
0.819626
0.819626
0.819626
0.819626
0.819626
0.819627
0.819627
0.819627
0.819627
0.819627
0.819627
0.819627
0.819627
0.819627
0.819627
0.819627
0.819627
0.819627
0.819627
0.819627
0.819627
0.819627
0.819627
0.819627
0.819627
0.819627
0.819627
0.819627
0.819627
0.819627
0.819627
0.819627
0.819627
0.819627
0.819627
0.819627
0.819627
0.819627
0.819627
0.819627
0.819627
0.819627
0.819627
0.819627
0.819627
0.819627
0.819627
0.819627
0.819627
0.819627
0.819627
0.819627
0.819627
0.819627
0.819627
0.819627
0.819627
0.819627
0.819627
0.819627
0.819627
0.819627
0.819627
0.819627
0.819627
0.819627
0.819627
0.819627
0.819627
0.819627
0.819627
0.819627
0.819627
0.819627
0.819627
0.819627
0.819627
0.819627
0.819627
0.819627
0.819627
0.819627
0.819627
0.819627
0.819627
0.819627
0.819627
0.819627
0.819627
0.819627
0.819627
0.819627
0.819627
0.819627
0.819627
0.819627
0.819627
0.819627
0.819627
0.819627
0.819627
0.819627
0.819627
0.819627
0.819627
0.819627
0.819627
0.819627
0.819627
0.819627


0.0108317
0.0109099
0.0112877
0.0121628
0.0124191
0.0127464
0.0132574
0.0134198
0.0135425
0.0137257
0.013772
0.0141025
0.0141357
0.0146299
0.0152137
0.0160619
0.0165251
0.0165251
0.0172527
0.0176755
0.017894
0.0203266
0.0203266
0.0204826
0.0207336
0.0207336
0.0219001
0.022082
0.0235712
0.025812
0.025812
0.0269073
0.0270404
0.0289178
0.0313602
0.0398018
0.0409374
0.0415401
0.0457538
0.0512921
0.0517448
0.0558134
0.0561447
0.0561447
0.0584218
0.0652651
0.0683389
0.0725216
0.0891698
0.0912911
0.0945342
0.0981836
0.0999868
0.102982
0.119208
0.122338
0.129942
0.130718
0.158817
0.158817
0.163045
0.15929
0.185733
0.205661
0.205661
0.208472
0.209006
0.221741
0.222725
0.241016
0.242819
0.243122
0.251205
0.251747
0.255234
0.255234
0.256359
0.280793
0.281151
0.286985
0.286985
0.287049
0.293595
0.293619
0.29628
0.298114
0.299405
0.304587
0.311052
0.311409
0.311431
0.311504
0.312893
0.312904
0.314665
0.317686
0.317686
0.319332
0.320348
0.322909
0.324083
0.324756
0.325936
0.327009
0.327772
0.328307
0.329281
0.329544
0.330103
0.330382
0.331775
0.332635
0.332635
0.333339
0.333339
0.33371
0.334692
0.334706
0.335321
0.337002
0.337002
0.337308
0.337853
0.338045
0.3385
0.338631
0.338636
0.339004
0.339074
0.339099
0.340156
0.340198
0.340201
0.34025
0.340261
0.340386
0.340895
0.340934
0.340961
0.340962
0.340976
0.340989
0.341018
0.341043
0.341082
0.3411
0.341169
0.341181
0.341213
0.341213
0.34122
0.34122
0.341222
0.341283
0.341284
0.341309
0.341322
0.341322
0.341362
0.341362
0.341369
0.34136
0.341371
0.341383
0.341409
0.34141
0.341422
0.341422
0.341422
0.341422
0.341427
0.341431
0.341432
0.341432
0.341433
0.341435
0.341438
0.341438
0.341438
0.34144
0.341444
0.341444
0.341444
0.341445
0.341445
0.341448
0.341448
0.341448
0.34145
0.34145
0.34145
0.341451
0.341451
0.341451
0.341451
0.341453
0.341456
0.341456
0.341456
0.341459
0.341459
0.341459
0.341459
0.341459
0.34146
0.34146
0.341461
0.341461
0.341461
0.341461
0.341462
0.341462
0.341462
0.341462
0.341462
0.341463
0.341463
0.341463
0.341463
0.341463
0.341463
0.341463
0.341463
0.341463
0.341463
0.341463
0.341463
0.341463
0.341463
0.341463
0.341463
0.341463
0.341463
0.341463
0.341463
0.341463
0.341463
0.341463
0.341463
0.341463
0.341463
0.341463
0.341463
0.341463
0.341463
0.341463
0.341463
0.341463
0.341463
0.341463
0.341463
0.341463
0.341463
0.341463
0.341463
0.341463
0.341463
0.341463
0.341463
0.341463
0.341463
0.341463
0.341463
0.341463
0.341463
0.341463
0.341463
0.341463
0.341463
0.341463
0.341463
0.341463
0.341463
0.341463
0.341463
0.341463
0.341463
0.341463
0.341463
0.341463
0.341463
0.341463
0.341463
0.341463
0.341463
0.341463
0.341463
0.341463
0.341463
0.341463
0.341463
0.341463
0.341463
0.341463
0.341463
0.341463
0.341463
0.341463
0.341463
0.341463
0.341463
0.341463
0.341463
0.341463
0.341463
0.341463
0.341463
0.341463
0.341463
0.341463
0.341463
0.341463
0.341463
0.341463
0.341463
0.341463
0.341463
0.341463
0.341463
0.341463
0.341463
0.341463
0.341463
0.341463
0.341463
0.341463
0.341463
0.341463
0.341463
0.341463
0.341463
0.341463
0.341463
0.341463
0.341463
0.341463
0.341463
0.341463
0.341463
0.341463
0.341463
0.341463
0.341463
0.341463
0.341463
0.341463
0.341463
0.341463
0.341463
0.341463
0.341463
0.341463
0.341463
0.341463
0.341463
0.341463
0.341463
0.341463
0.341463
0.341463
0.341463
0.341463
0.341463
0.341463
0.341463
0.341463
0.341463
0.341463
0.341463
0.341463
0.341463
0.341463
0.341463
0.341463
0.341463
0.341463
0.341463
0.341463
0.341463
0.341463
0.341463
0.341463
0.341463
0.341463
0.341463
0.341463
0.341463
0.341463
0.341463
0.341463
0.341463
0.341463
0.341463
0.341463
0.341463
0.341463
0.341463
0.341463
0.341463
0.341463
0.341463
0.341463
0.341463
0.341463
0.341463
0.341463
0.341463
0.341463
0.341463
0.341463
0.341463
0.341463
0.341463
0.341463
0.341463
0.341463
0.341463
0.341463
0.341463
0.341463
0.341463
0.341463
0.341463
0.341463
0.341463
0.341463
0.341463
0.341463
0.341463
0.341463
0.341463
0.341463
0.344078
0.349763
0.353673
0.363735
0.369014
0.384543
0.395448
0.401632
0.401632
0.401917
0.407216
0.408831
0.410169
0.411196
0.416286
0.416286
0.418552
0.420553
0.421882
0.422591
0.422808
0.422808
0.423104
0.423168
0.426755
0.431541
0.45605
0.483741
0.483741
0.483741
0.483741
0.487898
0.489868
0.490254
0.490576
0.497422
0.505479
0.52671
0.528243
0.558726
0.558726
0.561788
0.564476
0.566028
0.566028
0.568391
0.568391
0.568391
0.568451
0.570073
0.570263
0.570263
0.570263
0.571866
0.57223
0.573149
0.573189
0.573189
0.574556
0.575162
0.575177
0.575215
0.57527
0.57527
0.575365
0.575387
0.575392
0.575446


0.0106222
0.0114816
0.0117304
0.0123385
0.0130272
0.01364
0.0137799
0.0141481
0.0143006
0.0145232
0.0145232
0.0144858
0.0148915
0.0149363
0.015171
0.0153852
0.0154523
0.0163996
0.0163996
0.0164443
0.0169308
0.0169408
0.0173473
0.0176483
0.0176483
0.0182001
0.0193031
0.0195016
0.0195016
0.0197789
0.0199574
0.0228822
0.0228822
0.0248941
0.025813
0.0278361
0.0326276
0.0402738
0.0412741
0.0412741
0.0445815
0.0460375
0.0465574
0.0519182
0.0521803
0.0525768
0.0574743
0.057766
0.0582306
0.0808884
0.0847112
0.101014
0.106803
0.107149
0.107149
0.108111
0.110357
0.110357
0.113975
0.114977
0.142516
0.15075
0.155873
0.159409
0.183609
0.186804
0.19999
0.21491
0.215763
0.233386
0.233386
0.265029
0.272684
0.289601
0.292234
0.299699
0.307171
0.307175
0.312068
0.315589
0.321263
0.326411
0.339335
0.344213
0.345306
0.352989
0.355935
0.357655
0.357655
0.358743
0.359104
0.362323
0.369721
0.369721
0.372356
0.373096
0.373851
0.373871
0.374481
0.375843
0.376488
0.377544
0.378609
0.380588
0.380974
0.381508
0.382726
0.38416
0.38416
0.385047
0.38581
0.385735
0.386126
0.386675
0.386675
0.387497
0.387497
0.388156
0.388162
0.388175
0.388215
0.38822
0.388253
0.388565
0.388565
0.388578
0.388823
0.388858
0.388928
0.388967
0.388984
0.389088
0.389088
0.389089
0.389153
0.389231
0.389309
0.389327
0.389328
0.389388
0.389388
0.389385
0.38939
0.38941
0.389411
0.389421
0.389448
0.389449
0.389466
0.389466
0.389469
0.38947
0.389474
0.38948
0.389482
0.389486
0.389493
0.389494
0.389494
0.389501
0.389503
0.389506
0.389509
0.38951
0.38951
0.389511
0.389512
0.389512
0.389513
0.389513
0.389513
0.389513
0.389514
0.389515
0.389515
0.389516
0.389516
0.389516
0.389516
0.389516
0.389517
0.389517
0.389517
0.389517
0.389517
0.389517
0.389517
0.389518
0.389518
0.389518
0.389518
0.389518
0.389518
0.389518
0.389518
0.389518
0.389518
0.389518
0.389518
0.389518
0.389518
0.389518
0.389518
0.389518
0.389518
0.389518
0.389518
0.389518
0.389518
0.389518
0.389518
0.389518
0.389518
0.389518
0.389518
0.389518
0.389518
0.389518
0.389518
0.389518
0.389518
0.389518
0.389518
0.389518
0.389518
0.389518
0.389518
0.389518
0.389518
0.389518
0.389518
0.389518
0.389518
0.389518
0.389518
0.389518
0.389518
0.389518
0.389518
0.389518
0.389518
0.389518
0.389518
0.389518
0.389518
0.389518
0.389518
0.389518
0.389518
0.389518
0.389518
0.389518
0.389518
0.389518
0.389518
0.389518
0.389518
0.389518
0.389518
0.389518
0.389518
0.389518
0.389518
0.389518
0.389518
0.389518
0.389518
0.389518
0.389518
0.389518
0.389518
0.389518
0.389518
0.389518
0.389518
0.389518
0.389518
0.389518
0.389518
0.389518
0.389518
0.389518
0.389518
0.389518
0.389518
0.389518
0.389518
0.389518
0.389518
0.389518
0.389518
0.389518
0.389518
0.389518
0.389518
0.389518
0.389518
0.389518
0.389518
0.389518
0.389518
0.389518
0.389518
0.389518
0.389518
0.389518
0.389518
0.389518
0.389518
0.389518
0.389518
0.389518
0.389518
0.389518
0.389518
0.389518
0.389518
0.389518
0.389518
0.389518
0.389518
0.389518
0.389518
0.389518
0.389518
0.389518
0.389518
0.389518
0.389518
0.389518
0.389518
0.389518
0.389518
0.389518
0.389518
0.389518
0.389518
0.389518
0.389518
0.389518
0.389518
0.389518
0.389518
0.389518
0.389518
0.389518
0.389518
0.389518
0.389518
0.389518
0.389518
0.389518
0.389518
0.389518
0.389518
0.389518
0.389518
0.389518
0.389518
0.389518
0.389518
0.389518
0.389518
0.389518
0.389518
0.389518
0.389518
0.389518
0.389518
0.389518
0.389518
0.389518
0.389518
0.389518
0.389518
0.389518
0.389518
0.389518
0.389518
0.389518
0.389518
0.389518
0.389518
0.389518
0.389518
0.389518
0.389518
0.389518
0.389518
0.389518
0.389518
0.389518
0.389518
0.389518
0.389518
0.389518
0.389518
0.389518
0.389518
0.389518
0.389518
0.389518
0.389518
0.389518
0.389518
0.389518
0.389518
0.389518
0.389518
0.389518
0.389518
0.389518
0.389518
0.389518
0.389518
0.389518
0.389518
0.389518
0.389518
0.389518
0.389518
0.389482
0.389518
0.389518
0.389518
0.389518
0.389518
0.389518
0.389518
0.389518
0.389518
0.389518
0.389518
0.389518
0.389518
0.389518
0.389518
0.389518
0.389518
0.389518
0.389518
0.389518
0.389518
0.389518
0.389518
0.389518
0.389518
0.389518
0.389518
0.389518
0.389518
0.389518
0.389518
0.389518
0.389518
0.389518
0.389518
0.389518
0.389518
0.389518
0.389518
0.389518
0.389518
0.389518
0.389518
0.389518
0.389518
0.389518
0.389518
0.389518
0.389518
0.389518
0.389518
0.389518
0.389518
0.389518
0.389518
0.389518
0.389518
0.389518
0.389518
0.389518
0.389518
0.389518
0.389518
0.389518
0.389518
0.389518
0.389518
0.389518
0.389518
0.389518
0.389518
0.389518
0.389518
0.389518
0.389518
0.389518
0.389518
0.389518


0.0117958
0.0125411
0.0127462
0.0132709
0.0136121
0.0141058
0.014407
0.0155569
0.0155569
0.0155569
0.0155623
0.0156842
0.0160313
0.0163999
0.0164007
0.016504
0.0180893
0.0180893
0.0183036
0.0190717
0.0192039
0.0193294
0.0194719
0.0197933
0.0198666
0.0199047
0.0205889
0.0205889
0.020988
0.0224391
0.0227813
0.0244062
0.0244062
0.0272757
0.0277932
0.028658
0.0307531
0.0333083
0.0336885
0.036813
0.0414823
0.0452881
0.0469281
0.051778
0.0560333
0.0575111
0.0645209
0.0795851
0.0797713
0.0857773
0.0907432
0.11257
0.123656
0.12539
0.12905
0.138456
0.138456
0.146069
0.154001
0.178435
0.185837
0.174738
0.182273
0.195799
0.201689
0.206724
0.210768
0.229539
0.229539
0.249152
0.254473
0.256465
0.261567
0.262204
0.262969
0.267973
0.277526
0.285824
0.290935
0.299048
0.301398
0.302449
0.305337
0.314872
0.315022
0.315332
0.315332
0.318858
0.320192
0.320495
0.320616
0.320765
0.321772
0.324015
0.324015
0.324126
0.324607
0.324761
0.325217
0.325217
0.325366
0.325986
0.326502
0.326612
0.327382
0.327939
0.328017
0.328347
0.328394
0.328517
0.328653
0.328815
0.328833
0.328978
0.328989
0.329034
0.329122
0.329145
0.329344
0.329436
0.329475
0.329569
0.329605
0.329636
0.329658
0.32967
0.32967
0.329718
0.329718
0.32974
0.329741
0.329746
0.329757
0.329764
0.329771
0.329775
0.329788
0.329788
0.329789
0.329791
0.329795
0.3298
0.329803
0.329805
0.329809
0.329815
0.329817
0.329819
0.329822
0.329822
0.329822
0.329823
0.329823
0.329824
0.329825
0.329825
0.329826
0.329827
0.329827
0.329828
0.329829
0.329829
0.329829
0.32983
0.32983
0.32983
0.32983
0.329831
0.329831
0.329831
0.329831
0.329831
0.329831
0.329832
0.329832
0.329832
0.329832
0.329832
0.329832
0.329832
0.329832
0.329832
0.329832
0.329832
0.329832
0.329832
0.329832
0.329832
0.329832
0.329832
0.329832
0.329832
0.329832
0.329832
0.329832
0.329832
0.329832
0.329832
0.329832
0.329832
0.329832
0.329832
0.329832
0.329832
0.329832
0.329832
0.329832
0.329832
0.329832
0.329832
0.329832
0.329832
0.329832
0.329832
0.329832
0.329832
0.329832
0.329832
0.329832
0.329832
0.329832
0.329832
0.329832
0.329832
0.329832
0.329832
0.329832
0.329832
0.329832
0.329832
0.329832
0.329832
0.329832
0.329832
0.329832
0.329832
0.329832
0.329832
0.329832
0.329832
0.329832
0.329832
0.329832
0.329832
0.329832
0.329832
0.329832
0.329832
0.329832
0.329832
0.329832
0.329832
0.329832
0.329832
0.329832
0.329832
0.329832
0.329832
0.329832
0.329832
0.329832
0.329832
0.329832
0.329832
0.329832
0.329832
0.329832
0.329832
0.329832
0.329832
0.329832
0.329832
0.329832
0.329832
0.329832
0.329832
0.329832
0.329832
0.329832
0.329832
0.329832
0.329832
0.329832
0.329832
0.329832
0.329832
0.329832
0.329832
0.329832
0.329832
0.329832
0.329832
0.329832
0.329832
0.329832
0.329832
0.329832
0.329832
0.329832
0.329832
0.329832
0.329832
0.329832
0.329832
0.329832
0.329832
0.329832
0.329832
0.329832
0.329832
0.329832
0.329832
0.329832
0.329832
0.329832
0.329832
0.329832
0.329832
0.329832
0.329832
0.329832
0.329832
0.329832
0.329832
0.329832
0.329832
0.329832
0.329832
0.329832
0.329832
0.329832
0.329832
0.329832
0.329832
0.329832
0.329832
0.329832
0.329832
0.329832
0.329832
0.329832
0.329832
0.329832
0.329832
0.329832
0.329832
0.329832
0.329832
0.329832
0.329832
0.329832
0.329832
0.329832
0.329832
0.329832
0.329832
0.329832
0.329832
0.329832
0.329832
0.329832
0.329832
0.329832
0.329832
0.329832
0.329832
0.329832
0.329832
0.329832
0.329832
0.329832
0.329832
0.329832
0.329832
0.329832
0.329832
0.329832
0.329832
0.329832
0.329832
0.329832
0.329832
0.329832
0.329832
0.329832
0.329832
0.329832
0.329832
0.329832
0.329832
0.329832
0.329832
0.329832
0.329832
0.329832
0.329832
0.329832
0.329832
0.329832
0.329832
0.329832
0.329516
0.329832
0.329832
0.329832
0.329832
0.329832
0.329832
0.329832
0.329832
0.329832
0.329832
0.329832
0.329832
0.329832
0.329832
0.329832
0.329832
0.329832
0.329832
0.329832
0.329832
0.329832
0.329832
0.329832
0.329832
0.329832
0.329832
0.329832
0.329832
0.329832
0.329583
0.329832
0.329832
0.329832
0.329832
0.329832
0.329832
0.329832
0.329832
0.329832
0.329832
0.329832
0.329832
0.329832
0.329832
0.329832
0.329832
0.329832
0.329832
0.329832
0.329295
0.329832
0.329832
0.329832
0.329832
0.329832
0.329832
0.329832
0.329832
0.329832
0.329832
0.329832
0.329832
0.329832
0.329832
0.329832
0.329832
0.329832
0.329832
0.329832
0.329832
0.329832
0.329832
0.329832
0.329832
0.329832
0.329832
0.329832
0.329832
0.329832
0.329832
0.329832
0.329832
0.329832
0.329832
0.329832
0.329832
0.329832
0.329832
0.329832
0.329832
0.329832
0.329832
0.329832
0.329832
0.329832
0.329832
0.329832
0.329832


0.0113096
0.0113829
0.0126755
0.0128277
0.0134829
0.0136216
0.0142257
0.0142406
0.0144572
0.0144572
0.0158763
0.0157537
0.0159304
0.0166462
0.0167767
0.0172624
0.0178092
0.0183623
0.0185293
0.0185942
0.0203851
0.0215368
0.0215368
0.0227828
0.0233898
0.0249544
0.0312302
0.031241
0.0321042
0.0344066
0.0344324
0.0408241
0.0494122
0.0524411
0.0544825
0.067804
0.0703929
0.072571
0.081006
0.0884113
0.0897019
0.0969244
0.0974934
0.100867
0.110264
0.110264
0.115916
0.125872
0.130883
0.134582
0.137275
0.136103
0.146408
0.150547
0.153097
0.15736
0.15736
0.16656
0.168897
0.17113
0.17113
0.1786
0.185384
0.188884
0.194335
0.19817
0.19817
0.198319
0.202824
0.203027
0.203462
0.204837
0.208949
0.209393
0.210437
0.212442
0.215591
0.216281
0.216281
0.216639
0.217152
0.217594
0.218107
0.218164
0.218385
0.218559
0.219135
0.219135
0.219367
0.219447
0.220034
0.2201
0.220327
0.220423
0.22068
0.22068
0.220745
0.220799
0.221034
0.221212
0.221222
0.221251
0.22129
0.221409
0.221428
0.221559
0.221629
0.221629
0.221663
0.221693
0.221704
0.221704
0.221746
0.221751
0.221769
0.221775
0.221792
0.221798
0.221802
0.221805
0.221819
0.22182
0.22182
0.22182
0.221825
0.22183
0.221831
0.221831
0.221836
0.221845
0.221845
0.221846
0.221848
0.221849
0.221849
0.221851
0.221853
0.221853
0.221856
0.221857
0.221857
0.221857
0.221858
0.221859
0.221859
0.221859
0.221859
0.22186
0.22186
0.22186
0.22186
0.22186
0.221861
0.221861
0.221861
0.221861
0.221861
0.221861
0.221862
0.221862
0.221862
0.221862
0.221862
0.221862
0.221862
0.221862
0.221863
0.221863
0.221863
0.221863
0.221863
0.221863
0.221863
0.221863
0.221863
0.221863
0.221863
0.221863
0.221863
0.221863
0.221863
0.221863
0.221863
0.221863
0.221863
0.221863
0.221863
0.221863
0.221863
0.221863
0.221863
0.221863
0.221863
0.221863
0.221863
0.221863
0.221863
0.221863
0.221863
0.221863
0.221863
0.221863
0.221863
0.221863
0.221863
0.221863
0.221863
0.221863
0.221863
0.221863
0.221863
0.221863
0.221863
0.221863
0.221863
0.221863
0.221863
0.221863
0.221863
0.221863
0.221863
0.221863
0.221863
0.221863
0.221863
0.221863
0.221863
0.221863
0.221863
0.221863
0.233981
0.223813
0.239175
0.239175
0.239175
0.239175
0.239175
0.239175
0.239175
0.239175
0.239175
0.239175
0.243036
0.252341
0.252341
0.252341
0.252341
0.252341
0.258712
0.261671
0.261671
0.268957
0.271114
0.275047
0.276476
0.278719
0.281899
0.284294
0.290952
0.295321
0.298462
0.305047
0.308388
0.308388
0.312117
0.312117
0.315603
0.321207
0.32521
0.327644
0.332256
0.339148
0.339148
0.339857
0.339857
0.340471
0.340471
0.341164
0.341164
0.342033
0.34303
0.342362
0.343408
0.344722
0.346329
0.348324
0.348893
0.348893
0.349563
0.349874
0.351106
0.352209
0.352778
0.354251
0.355758
0.359383
0.363179
0.368795
0.371866
0.373369
0.375281
0.378372
0.379761
0.379761
0.379916
0.380504
0.381093
0.381742
0.381742
0.381742
0.381742
0.381999
0.382025
0.382201
0.38291
0.383211
0.383631
0.384612
0.384867
0.384867
0.384921
0.386018
0.386018
0.386305
0.386515
0.387199
0.388961
0.393516
0.395387
0.400949
0.401976
0.401976
0.402041
0.402203
0.402555
0.402756
0.402756
0.402756
0.402756
0.402756
0.402848
0.402913
0.403008
0.403164
0.403164
0.403181
0.40329
0.403458
0.403638
0.403991
0.404833
0.406542
0.412181
0.435245
0.455639
0.466936
0.468584
0.468584
0.480034
0.484991
0.501475
0.504787
0.505482
0.505524
0.505524
0.506845
0.508102
0.508286
0.508355
0.508462
0.508462
0.508462
0.508473
0.50854
0.50854
0.508562
0.508585
0.508585
0.508607
0.508617
0.508626
0.50863
0.508636
0.508794
0.50913
0.511378
0.51826
0.518751
0.518751
0.518988
0.519348
0.519624
0.519669
0.519709
0.519709
0.519812
0.519828
0.519828
0.519832
0.519842
0.51985
0.519847
0.519865
0.519865
0.519871
0.519879
0.519882
0.519882
0.519883
0.519886
0.519886
0.519888
0.519894
0.519904
0.519918
0.519952
0.520015
0.52036
0.520722
0.521155
0.521155
0.521075
0.521132
0.521139
0.521141
0.521152
0.521158
0.52116
0.521168
0.521182
0.521241
0.521252
0.521252
0.521268
0.521268
0.521273
0.521279
0.521341
0.521476
0.52176
0.522102
0.524021
0.525448
0.527915
0.52801
0.528116
0.528544
0.52861
0.528662
0.528702
0.549861
0.550101
0.550101
0.560519
0.563143
0.572454
0.581306
0.581306
0.581306
0.58241
0.58241
0.584843
0.584843
0.585394
0.58639
0.58639
0.586443
0.586815
0.587378
0.587422
0.587422
0.58775
0.588358
0.588358
0.588358
0.588389
0.588389
0.588493
0.589795
0.590029
0.590029
0.59034
0.590707
0.59183
0.59183
0.592836
0.592836
0.594898
0.59607
0.59657
0.597036
0.599573
0.599608
0.599608
0.599608
0.600019
0.600019
0.60008
0.600318
0.600578


0.0103397
0.0103397
0.0106139
0.011175
0.0114565
0.0116212
0.0120829
0.0121371
0.0130446
0.0130598
0.0130608
0.0138055
0.0141909
0.0151311
0.0152156
0.0159818
0.0162173
0.016576
0.0167099
0.0167107
0.0167113
0.0170654
0.0171714
0.0173547
0.0183357
0.0186445
0.018726
0.0211752
0.0222028
0.0235139
0.0237675
0.0239984
0.0248035
0.0250919
0.0274667
0.0275487
0.0280709
0.0289871
0.0326292
0.0403552
0.0403552
0.0413247
0.043809
0.044947
0.0525632
0.0598167
0.074368
0.081723
0.0941056
0.100969
0.100969
0.10493
0.123368
0.19655
0.206848
0.214883
0.24713
0.263433
0.303799
0.318171
0.328518
0.339664
0.346212
0.390407
0.401833
0.411885
0.445253
0.44677
0.489534
0.537927
0.55044
0.584408
0.58514
0.604769
0.630109
0.651029
0.651029
0.664814
0.715558
0.740531
0.740531
0.789324
0.821089
0.821089
0.830035
0.841658
0.852431
0.874445
0.887165
0.887165
0.900903
0.90986
0.918746
0.925822
0.930993
0.933357
0.940458
0.951025
0.962319
0.96502
0.965618
0.965618
0.971143
0.972094
0.974251
0.975912
0.980922
0.981072
0.984923
0.987355
0.987355
0.98816
0.988421
0.989324
0.989942
0.990016
0.990223
0.990955
0.99159
0.993076
0.993826
0.994087
0.994143
0.994452
0.995033
0.995627
0.996456
0.996456
0.996456
0.996478
0.996677
0.997039
0.99807
0.998143
0.998239
0.998403
0.998886
0.998886
0.998917
0.998975
0.999018
0.999102
0.999114
0.999226
0.999318
0.999437
0.999437
0.999469
0.999525
0.999578
0.999657
0.999664
0.99973
0.999768
0.99981
0.999823
0.999873
0.99988
0.999883
0.999891
0.999892
0.999892
0.999895
0.99992
0.999921
0.99994
0.999946
0.999948
0.999957
0.999958
0.999959
0.999964
0.999969
0.999974
0.999976
0.999977
0.999978
0.999986
0.999988
0.999988
0.999989
0.99999
0.999991
0.999991
0.999992
0.999992
0.999992
0.999993
0.999993
0.999993
0.999995
0.999995
0.999996
0.999997
0.999997
0.999997
0.999997
0.999997
0.999998
0.999998
0.999998
0.999998
0.999999
0.999999
0.999999
0.999999
0.999999
0.999999
0.999999
0.999999
0.999999
0.999999
1
1
1
1
1
1
1
1
1
1
1
1
1
1
1
1
1
1
1
1
1
1
1
1
1
1
1
1
1
1
1
1
1
1
1
1
1
1
1
1
1
1
1
1
1
1
1
1
1
1
1
1
1
1
1
1
1
1
1
1
1
1
1
1
1
1
1
1
1
1
1
1
1
1
1
1
1
1
1
1
1
1
1
1
1
1
1
1
1
1
1
1
1
1
1
1
1
1
1
1
1
1
1
1
1
1
1
1
1
1
1
1
1
1
1
1
1
1
1
1
1
1
1
1
1
1
1
1
1
1
1
1
1
1
1
1
1
1
1
1
1
1
1
1
1
1
1
1
1
1
1
1
1
1
1
1
1
1
1
0.999994
1
1
1
1
1
1
1
1
1
1
1
1
1
1
1
1
1
1
1
1
1
1
1
1
1
1
1
1
1
1
1
1
1
1
1
1
1
1
1
0.999813
1
1
1
1
1
1
1
1
1
1
1
1
1
1
1
1
1
1
1
1
1
1
1
1
1
1
1
1
1
1
1
1
1
1
1
1
1
1
1
1
1
1
1
1
1
1
1
1
1
1
1
1
1
1
1
1
1
1
1
1
1
1
1
1
1
1
1
1
1
1
1
1
1
1
1
1
1
1
1
1
1
1
1
1
1
1
1
1


0.00804316
0.00821182
0.0084782
0.00865946
0.00931346
0.00966136
0.0100674
0.0100674
0.0100674
0.0100965
0.0106081
0.0106737
0.0112093
0.0116062
0.0116778
0.011713
0.0121377
0.0121377
0.0127264
0.0128924
0.0134262
0.0137107
0.0142897
0.0143592
0.0147738
0.0163818
0.0171697
0.0175739
0.0183259
0.018718
0.0193086
0.0194178
0.0209774
0.0224563
0.0225867
0.0229671
0.0238521
0.0242084
0.0288469
0.0382622
0.0405169
0.0405169
0.0406964
0.0420091
0.0422304
0.0462541
0.047238
0.0622771
0.0622771
0.0629703
0.0636528
0.0740391
0.0921071
0.0921071
0.124067
0.127192
0.130049
0.135177
0.161152
0.164905
0.18614
0.187869
0.209311
0.209311
0.217699
0.270072
0.292055
0.300523
0.312705
0.366929
0.373918
0.361661
0.403678
0.431726
0.468961
0.488465
0.500331
0.503548
0.524312
0.540618
0.543141
0.570005
0.576342
0.615088
0.64503
0.649442
0.65052
0.659371
0.665483
0.665692
0.669296
0.684774
0.695184
0.702863
0.70501
0.705464
0.710785
0.71451
0.714768
0.717924
0.719082
0.719342
0.721796
0.721796
0.722839
0.724103
0.725279
0.725606
0.726013
0.727075
0.728403
0.730686
0.731377
0.732485
0.732754
0.73399
0.734088
0.73415
0.73474
0.735228
0.735365
0.73589
0.735913
0.736128
0.736309
0.736428
0.736523
0.736561
0.736761
0.736763
0.736882
0.736943
0.737006
0.737078
0.737082
0.737182
0.737198
0.737248
0.737323
0.737348
0.737411
0.737453
0.737457
0.737466
0.73748
0.737536
0.737538
0.737539
0.737545
0.737556
0.737557
0.737554
0.73757
0.737572
0.737573
0.737573
0.737582
0.737587
0.737604
0.737605
0.737606
0.737606
0.737614
0.737617
0.737619
0.737624
0.737629
0.737629
0.737629
0.737629
0.737631
0.737632
0.737633
0.737637
0.737637
0.737638
0.737639
0.737639
0.737639
0.737639
0.73764
0.737641
0.737641
0.737642
0.737643
0.737643
0.737643
0.737643
0.737643
0.737643
0.737643
0.737643
0.737643
0.737643
0.737643
0.737644
0.737644
0.737644
0.737644
0.737644
0.737644
0.737644
0.737644
0.737644
0.737644
0.737644
0.737644
0.737644
0.737644
0.737644
0.737644
0.737644
0.737644
0.737645
0.737645
0.737645
0.737645
0.737645
0.737645
0.737645
0.737645
0.737645
0.737645
0.737645
0.737645
0.737645
0.737645
0.737645
0.737645
0.737645
0.737645
0.737645
0.737645
0.737645
0.737645
0.737645
0.737645
0.737645
0.737645
0.737645
0.737645
0.737645
0.737645
0.737645
0.737645
0.737645
0.737645
0.737645
0.737645
0.737645
0.737645
0.737645
0.737645
0.737645
0.737645
0.737645
0.737645
0.737645
0.737645
0.737645
0.737645
0.737645
0.737645
0.737645
0.737645
0.737645
0.737645
0.737645
0.737645
0.737645
0.737645
0.737645
0.737645
0.737645
0.737645
0.737645
0.737645
0.737645
0.737645
0.737645
0.737645
0.737645
0.737645
0.737645
0.737645
0.737645
0.737645
0.737645
0.737645
0.737645
0.737645
0.737645
0.737645
0.737645
0.737645
0.737645
0.737645
0.737645
0.737645
0.737645
0.737645
0.737645
0.737645
0.737645
0.737645
0.737645
0.737645
0.737645
0.737645
0.737645
0.737645
0.737645
0.737645
0.737645
0.737645
0.737645
0.737645
0.737645
0.737645
0.737645
0.737645
0.737645
0.737645
0.737645
0.737645
0.737645
0.737645
0.737645
0.737645
0.737645
0.737645
0.737645
0.737645
0.737645
0.737645
0.737645
0.737645
0.737645
0.737645
0.737645
0.737645
0.737645
0.737645
0.737645
0.737645
0.737645
0.737645
0.737645
0.737645
0.737645
0.737645
0.737645
0.737645
0.737645
0.737645
0.737645
0.737645
0.737645
0.737645
0.737645
0.737645
0.735797
0.737645
0.737645
0.737645
0.737645
0.737645
0.737645
0.737645
0.737645
0.737645
0.737645
0.737645
0.737645
0.737645
0.737645
0.737645
0.737645
0.737645
0.737645
0.737645
0.737645
0.737645
0.737645
0.737645
0.737645
0.737645
0.737645
0.737645
0.737645
0.737645
0.737645
0.737645
0.737645
0.737645
0.737645
0.737645
0.737645
0.737645
0.737645
0.737645
0.737645
0.737645
0.737645
0.737645
0.737645
0.737645
0.737645
0.737645
0.737645
0.737645
0.737645
0.737645
0.737645
0.737645
0.737645
0.737645
0.737645
0.737645
0.737645
0.737645
0.737645
0.737645
0.737645
0.737645
0.737645
0.737645
0.737645
0.737645
0.737645
0.737645
0.737645
0.737645
0.737645
0.737645
0.737645
0.737645
0.737645
0.737645
0.737645
0.737645
0.737645
0.737645
0.737645
0.737645
0.737645
0.737645
0.737645
0.737645
0.737645
0.737645
0.737645
0.737645
0.737645
0.737645
0.737645
0.737645
0.737645
0.737645
0.737645
0.737645
0.737645
0.737645
0.737645
0.737645
0.737645
0.737645
0.737645
0.737645
0.737645
0.737645
0.737645
0.737645
0.737645
0.737645
0.737645
0.737645
0.737645
0.737645
0.737645
0.737645
0.737645
0.737645
0.737645
0.737645
0.737645
0.737645
0.737645
0.737645
0.737645
0.737645
0.737645
0.737645
0.737645
0.737645
0.737645
0.737645
0.737645
0.737645
0.737645


0.00757572
0.00865222
0.00876937
0.00876937
0.00923108
0.00948989
0.00961457
0.00965189
0.00977574
0.00988983
0.0104463
0.0105769
0.0105769
0.0106067
0.0106067
0.0106955
0.0111482
0.0111851
0.0117762
0.0117762
0.011891
0.0121662
0.0127398
0.0136624
0.0136624
0.0139186
0.0142579
0.0148592
0.0148592
0.0155977
0.0156468
0.0158939
0.0172663
0.0176697
0.0176697
0.0185364
0.0196229
0.0196229
0.0202232
0.0204238
0.021289
0.0223505
0.0290014
0.0295144
0.0300611
0.0320727
0.033457
0.0347643
0.0435112
0.0446996
0.0511656
0.051154
0.051154
0.0639042
0.0639042
0.0665125
0.0668269
0.070648
0.0829372
0.0829372
0.0829372
0.0856475
0.0922196
0.0961414
0.0962709
0.101068
0.104411
0.109358
0.1106
0.115821
0.115821
0.120873
0.124278
0.127502
0.1338
0.1338
0.136003
0.141258
0.141258
0.142964
0.144515
0.145885
0.147705
0.150831
0.158763
0.158763
0.159007
0.160169
0.162916
0.16325
0.16479
0.164961
0.165933
0.166594
0.169586
0.170283
0.170283
0.171049
0.171372
0.172606
0.173341
0.173561
0.173619
0.173801
0.173819
0.173933
0.174145
0.174243
0.174611
0.174696
0.174943
0.175001
0.175353
0.175489
0.175573
0.175573
0.175583
0.175616
0.175656
0.175732
0.175756
0.175855
0.17601
0.176046
0.176129
0.176162
0.176166
0.176182
0.17623
0.176247
0.176255
0.176289
0.176289
0.17629
0.176297
0.176309
0.17631
0.176314
0.176314
0.176319
0.176321
0.176327
0.176339
0.17634
0.176344
0.176349
0.17635
0.176351
0.176351
0.176354
0.176355
0.176359
0.17636
0.176362
0.176363
0.176363
0.176364
0.176365
0.176366
0.176368
0.176368
0.176367
0.176368
0.176369
0.176369
0.176369
0.176369
0.176369
0.17637
0.17637
0.176371
0.176371
0.176372
0.176372
0.176372
0.176372
0.176372
0.176372
0.176372
0.176372
0.176372
0.176372
0.176372
0.176372
0.176372
0.176372
0.176372
0.176372
0.176372
0.176373
0.176373
0.176373
0.176373
0.176373
0.176373
0.176373
0.176373
0.176373
0.176373
0.176373
0.176373
0.176373
0.176373
0.176373
0.176373
0.176373
0.176373
0.176373
0.176373
0.176373
0.176373
0.176373
0.176373
0.176373
0.176373
0.176373
0.176373
0.176373
0.176373
0.176373
0.176373
0.176373
0.176373
0.176373
0.176373
0.176373
0.176373
0.176373
0.176373
0.176373
0.176373
0.176373
0.176373
0.176373
0.176373
0.176373
0.176373
0.176373
0.176373
0.176373
0.176373
0.176373
0.176373
0.176373
0.176373
0.176373
0.176373
0.176373
0.176373
0.176373
0.176373
0.176373
0.176373
0.176373
0.176373
0.176373
0.176373
0.176373
0.176373
0.176373
0.176373
0.176373
0.176373
0.176373
0.176373
0.176373
0.176373
0.176373
0.176373
0.176373
0.176373
0.176373
0.176373
0.176373
0.176373
0.176373
0.176373
0.176373
0.176373
0.176373
0.176373
0.176373
0.176373
0.176373
0.176373
0.176373
0.176373
0.176373
0.176373
0.176373
0.176373
0.176373
0.176373
0.176373
0.176373
0.176373
0.176373
0.176373
0.176373
0.176373
0.176373
0.176373
0.176373
0.176373
0.176373
0.176373
0.176373
0.176373
0.176373
0.176373
0.176373
0.176373
0.176373
0.176373
0.176373
0.176373
0.176373
0.176373
0.176373
0.176373
0.176373
0.176373
0.176373
0.176373
0.176373
0.176373
0.176373
0.176373
0.176373
0.176373
0.176373
0.176373
0.176373
0.176373
0.176373
0.176373
0.176373
0.176373
0.176373
0.176373
0.176373
0.176373
0.176373
0.176373
0.176373
0.176373
0.176373
0.176373
0.176373
0.176373
0.176373
0.176373
0.176373
0.176373
0.176373
0.176373
0.176373
0.176373
0.176373
0.176373
0.176373
0.176373
0.176373
0.176373
0.176373
0.176373
0.176373
0.176373
0.176373
0.176373
0.176373
0.176373
0.176373
0.176373
0.176373
0.176373
0.176373
0.176373
0.176373
0.176373
0.176373
0.176373
0.176373
0.176373
0.176373
0.176373
0.176373
0.176373
0.176373
0.176373
0.176373
0.176373
0.176373
0.176373
0.176373
0.176373
0.176373
0.176373
0.176373
0.176373
0.176373
0.176373
0.176373
0.176373
0.176373
0.176373
0.176373
0.176373
0.176373
0.176373
0.176373
0.176373
0.176373
0.176373
0.176373
0.176373
0.176373
0.176373
0.176373
0.176373
0.176373
0.176373
0.176373
0.176373
0.176373
0.176373
0.176373
0.176373
0.176373
0.176373
0.176373
0.176373
0.176373
0.176373
0.176373
0.176373
0.176373
0.176373
0.176373
0.176373
0.176373
0.176373
0.176373
0.176373
0.176373
0.176373
0.176373
0.176373
0.176373
0.176373
0.176373
0.176373
0.176373
0.176373
0.176373
0.176373
0.176373
0.176373
0.176373
0.176373
0.176373
0.176208
0.176373
0.176373
0.176373
0.176373
0.176373
0.176373
0.176373
0.176373
0.176373
0.176373
0.176373
0.176373
0.176373
0.176373
0.176373
0.176373
0.176373
0.176373
0.176373
0.176373
0.176373
0.176373
0.176373
0.176373
0.176373
0.176373
0.176373
0.176373
0.176373
0.176373
0.176373
0.176373
0.176373
0.176373
0.176373
0.176373
0.176373
0.176373


0.0074653
0.00819264
0.00930909
0.00945842
0.00958079
0.0096546
0.0101991
0.0101991
0.0102076
0.0103129
0.0106296
0.0108836
0.0109242
0.0109242
0.0113764
0.0115849
0.0116255
0.0118853
0.0120631
0.0120631
0.0121303
0.0122292
0.0123464
0.013272
0.0132984
0.0136471
0.0138845
0.0139437
0.0139524
0.0141634
0.0150863
0.017252
0.0186509
0.0193398
0.0193398
0.0193398
0.0193601
0.0193601
0.019599
0.0211826
0.0217584
0.0235172
0.0238594
0.0243119
0.0252149
0.0252149
0.0257268
0.0276042
0.0277992
0.0277992
0.0289478
0.0281174
0.0311408
0.0311408
0.0311408
0.0334727
0.0343277
0.0409811
0.0409811
0.0409811
0.0419128
0.0426556
0.0426556
0.0429303
0.0452958
0.0453754
0.0468233
0.0489115
0.0502946
0.0502946
0.0502946
0.0515689
0.0518023
0.0522473
0.0530282
0.0530282
0.0535465
0.054473
0.054473
0.0557404
0.0577708
0.0577708
0.0577708
0.0580687
0.0587947
0.0588482
0.0588482
0.0590902
0.059386
0.059386
0.0596727
0.0597862
0.0598388
0.0600583
0.0605397
0.0605397
0.0608348
0.0608348
0.0611831
0.0611831
0.061346
0.0621997
0.0621997
0.0621997
0.0621997
0.0623312
0.0623312
0.0623923
0.0623923
0.0623923
0.0623923
0.0611039
0.0611385
0.0617474
0.0617474
0.0617772
0.0618066
0.0619672
0.0619972
0.0619972
0.0619972
0.0619901
0.0619946
0.0620246
0.0620246
0.0620367
0.0620425
0.0620565
0.062059
0.0620653
0.0620706
0.0620698
0.0620741
0.0620823
0.0620823
0.0620823
0.0620823
0.0620856
0.0620878
0.0620878
0.0620893
0.0616066
0.0616083
0.0616091
0.0616092
0.0616104
0.0616118
0.0616124
0.0616124
0.0616143
0.0619824
0.0619825
0.0619846
0.0619858
0.0619858
0.0619858
0.0619862
0.0619862
0.0619862
0.0619867
0.0619867
0.0619868
0.061987
0.0619872
0.0619872
0.0619873
0.0619882
0.0619882
0.0619885
0.0619885
0.0619885
0.0619885
0.0619886
0.0619887
0.0623331
0.0623332
0.0623333
0.0623334
0.0623334
0.0623334
0.0623334
0.0623334
0.0623335
0.0623335
0.0623335
0.0623335
0.0623335
0.0623336
0.0623336
0.0623336
0.0623337
0.0623337
0.0623337
0.0623337
0.0623337
0.0623337
0.0623337
0.0623337
0.0623337
0.0623337
0.0623337
0.0623338
0.0623338
0.0623338
0.0623338
0.0623338
0.0623338
0.0623338
0.0623338
0.0623338
0.0623338
0.0623338
0.0623338
0.0623338
0.0623338
0.0623338
0.0623338
0.0623338
0.0623338
0.0623338
0.0623338
0.0602826
0.0612409
0.0612694
0.0612897
0.0613011
0.0613217
0.0613356
0.0613395
0.0613406
0.0613826
0.0614006
0.0614435
0.0614448
0.061527
0.0616524
0.0617691
0.0618003
0.0618003
0.0618628
0.0618727
0.061902
0.061997
0.0620959
0.0620959
0.0621347
0.0621347
0.0621645
0.0621886
0.06222
0.0622231
0.0622231
0.0622231
0.0622231
0.0622231
0.0622295
0.0622295
0.0622295
0.0622295
0.062245
0.062245
0.0622455
0.0622598
0.0622634
0.0623399
0.0625414
0.0625746
0.062713
0.062933
0.0631561
0.0631561
0.0633728
0.0633728
0.0633728
0.0633776
0.0634466
0.0636715
0.0636715
0.0638498
0.0638498
0.0640256
0.063799
0.0642937
0.0642937
0.0645505
0.0645505
0.0645505
0.06464
0.06464
0.064945
0.065502
0.0658271
0.0661381
0.0664074
0.0666912
0.0669997
0.0672023
0.0673941
0.067498
0.0676339
0.067754
0.0678532
0.0679421
0.0679773
0.0679921
0.068008
0.0680143
0.0680145
0.0680145
0.0680251
0.0680296
0.0680573
0.0680688
0.0680704
0.0680875
0.0680892
0.0681178
0.0681427
0.0681434
0.0681466
0.0681471
0.0681528
0.0681588
0.068168
0.0682093
0.0682325
0.0683027
0.0685321
0.0687161
0.0691378
0.0693965
0.0695242
0.0697159
0.069859
0.0699395
0.0699709
0.070003
0.0703536
0.0707138
0.0712329
0.0721486
0.0725475
0.072711
0.0727834
0.0731595
0.0734304
0.0736102
0.073934
0.0742373
0.0745241
0.0749512
0.0752178
0.0755164
0.076249
0.0771346
0.0778492
0.0778504
0.079596
0.0810768
0.0828998
0.082901
0.0862392
0.0862416
0.0862431
0.0863515
0.0863532
0.0863557
0.0865844
0.0865862
0.0867908
0.0869762
0.0869773
0.0872672
0.0873215
0.0874672
0.0874688
0.0874699
0.0878159
0.0878185
0.0878204
0.0878249
0.0879553
0.0879941
0.0879956
0.0879973
0.0880248
0.0880273
0.0880467
0.0880503
0.0880956
0.0881332
0.0881617
0.0881835
0.0881918
0.0884258
0.0884499
0.0884544
0.0884851
0.0885029
0.0885253
0.0885706
0.0886007
0.0886432
0.0887534
0.0888531
0.0888543
0.0891505
0.0891521
0.0893273
0.0894083
0.0894465
0.0896944
0.0900859
0.090423
0.0910522
0.0942972
0.0954948
0.0955227
0.0955829
0.0956809
0.0957121
0.0957422
0.0957699
0.0957844
0.0957963
0.0957999
0.0958166
0.0958229
0.0958268
0.0958512
0.0958531
0.095847
0.0958666
0.096358
0.0965209
0.0965523
0.0967194
0.0967217
0.09675
0.0968282
0.0968295
0.096846
0.0968678
0.0968797
0.096884
0.0968878
0.0968902
0.0968983
0.0969651
0.0969891
0.0973515
0.0973685
0.0974991
0.0975001
0.0976138
0.0976172
0.0976616
0.101165
0.101166
0.101195
0.101196
0.101317
0.101318
0.102476
0.103155
0.106679
0.107356
0.115588
0.12323
0.123231
0.123951
0.11921
0.120135
0.124157
0.124157
0.124157
0.134671
0.134671
0.135034
0.135128
0.13551
0.133489
0.13363
0.138215
0.138215
0.138271
0.138271
0.138344
0.138403
0.138464
0.138483
0.13848
0.139559
0.142821
0.143206
0.143233
0.143366
0.143434
0.143446
0.143475


0.00990264
0.00990264
0.0104497
0.0106352
0.0107567
0.0107567
0.0117175
0.0119114
0.0119204
0.0122907
0.0122907
0.0123059
0.0123102
0.0123115
0.0126167
0.0126167
0.0126167
0.012891
0.0133527
0.0143892
0.0143892
0.014675
0.0152897
0.0152897
0.0154028
0.0171175
0.0171175
0.0176239
0.0181055
0.0181055
0.0186118
0.0197902
0.0198124
0.0217963
0.0235108
0.0235108
0.0254416
0.0265743
0.0322488
0.0333371
0.036333
0.0427467
0.0446748
0.0446748
0.0461811
0.047398
0.0518292
0.0541439
0.0642879
0.0717804
0.0740884
0.0745721
0.0798069
0.0849666
0.0988857
0.111372
0.129677
0.146597
0.155178
0.164012
0.168161
0.169139
0.186277
0.186277
0.207277
0.211352
0.211592
0.244765
0.274237
0.274436
0.278049
0.278591
0.288253
0.304139
0.305777
0.332526
0.335026
0.355846
0.355846
0.359979
0.372507
0.362482
0.377788
0.392571
0.393215
0.393576
0.398274
0.40651
0.41298
0.419767
0.435853
0.441324
0.441777
0.446495
0.447597
0.451884
0.453068
0.456927
0.458155
0.462848
0.466953
0.467824
0.473075
0.473075
0.475576
0.475803
0.476027
0.476217
0.479716
0.48006
0.48233
0.484274
0.486996
0.486996
0.487059
0.488585
0.492883
0.493677
0.493727
0.49376
0.493777
0.495279
0.496804
0.498225
0.498237
0.498252
0.499799
0.499799
0.500358
0.500368
0.501101
0.501096
0.501108
0.501805
0.501809
0.501815
0.502371
0.502519
0.502521
0.502672
0.502824
0.502878
0.502878
0.502882
0.503187
0.503454
0.503463
0.503463
0.503519
0.503593
0.503636
0.503733
0.503735
0.503736
0.503768
0.503805
0.50384
0.503869
0.50387
0.503882
0.503883
0.503846
0.503939
0.503939
0.503986
0.503987
0.504008
0.504052
0.504052
0.504121
0.504169
0.504169
0.504198
0.504198
0.504198
0.504221
0.504223
0.504267
0.504326
0.504326
0.504378
0.504378
0.504378
0.5044
0.5044
0.5044
0.504406
0.504411
0.504411
0.504413
0.504422
0.50445
0.50446
0.504471
0.504489
0.504489
0.50451
0.50451
0.504513
0.504513
0.504516
0.504516
0.504525
0.504525
0.504526
0.50453
0.504537
0.504537
0.504537
0.504539
0.50454
0.50454
0.504541
0.504541
0.504541
0.504541
0.504541
0.504542
0.504542
0.504542
0.504542
0.504542
0.504543
0.504543
0.504543
0.504543
0.504543
0.504543
0.504543
0.504543
0.504543
0.504543
0.504543
0.504543
0.504543
0.504543
0.504543
0.504543
0.504543
0.504543
0.504543
0.504543
0.504543
0.504543
0.504543
0.504543
0.504543
0.504543
0.504543
0.504543
0.504543
0.504543
0.504543
0.504543
0.504543
0.504543
0.504543
0.504543
0.504543
0.504543
0.504543
0.504543
0.504543
0.504543
0.504543
0.504543
0.504543
0.504543
0.504543
0.504543
0.504543
0.504543
0.504543
0.504543
0.504543
0.504543
0.504543
0.504543
0.504543
0.504543
0.504543
0.504543
0.504543
0.504543
0.504543
0.504543
0.504543
0.504543
0.504543
0.504543
0.504543
0.504543
0.504543
0.504543
0.504543
0.504543
0.504543
0.504543
0.504543
0.504543
0.504543
0.504543
0.504543
0.504543
0.504543
0.504543
0.504543
0.504543
0.504543
0.504543
0.504543
0.504543
0.504543
0.504543
0.504543
0.504543
0.504543
0.504543
0.504543
0.504543
0.504543
0.504543
0.504543
0.504543
0.504543
0.504543
0.504543
0.504543
0.504543
0.504543
0.504543
0.504543
0.504543
0.504543
0.504543
0.504543
0.504543
0.504543
0.504543
0.504543
0.504543
0.504543
0.504543
0.504543
0.504543
0.504543
0.504543
0.504543
0.504543
0.504543
0.504543
0.504543
0.504543
0.504543
0.504543
0.504543
0.504543
0.504543
0.504543
0.504543
0.504543
0.496655
0.504542
0.504543
0.504543
0.504543
0.504543
0.504543
0.504543
0.504543
0.504543
0.504543
0.504543
0.504543
0.504543
0.504543
0.504543
0.504543
0.504543
0.504543
0.504543
0.504543
0.504543
0.504543
0.504543
0.504543
0.504543
0.504543
0.504543
0.504543
0.504543
0.504543
0.504543
0.504543
0.504543
0.504543
0.504543
0.504543
0.504543
0.504543
0.504543
0.504543
0.504543
0.504543
0.504543
0.504543
0.504543
0.504543
0.504543
0.504543
0.504543
0.504543
0.504543
0.504543
0.504543
0.504543
0.504543
0.504543
0.504543
0.504543
0.504543
0.504543
0.504543
0.504543
0.504543
0.504543
0.504543
0.504543
0.504543
0.504543
0.504543
0.504543
0.504543
0.504543
0.504543
0.504543
0.504543
0.504543
0.504543
0.504543
0.504543
0.504543
0.504543
0.504543
0.504543
0.504543
0.504543
0.504543
0.504543
0.504543
0.504543
0.504543
0.504543
0.504543
0.504543
0.504543
0.504543
0.504543
0.504543
0.504543
0.504543
0.504543
0.504543
0.504543
0.504543
0.504543
0.504543
0.504543
0.504543
0.504543
0.504543
0.504543
0.504543
0.504543
0.504543
0.504543
0.504543
0.504543
0.504543
0.504543
0.504543
0.504543
0.504543
0.504543
0.504543
0.504543
0.504543
0.504543
0.504543
0.504543
0.504543
0.504543
0.504543
0.504543
0.504543
0.504543
0.504543
0.504543
0.504543
0.504543


0.0115785
0.0125245
0.0133798
0.0133798
0.0138955
0.0146617
0.0146617
0.0146624
0.0148162
0.0150596
0.0150596
0.015103
0.0152004
0.0159208
0.0159208
0.0159208
0.0162721
0.0165571
0.0165571
0.0166743
0.0168115
0.0164547
0.0166038
0.0166038
0.0166246
0.0166246
0.0169288
0.0170341
0.0172659
0.0173845
0.0178107
0.0183699
0.018399
0.0184729
0.0184729
0.0184749
0.0185026
0.0185134
0.0185439
0.0185473
0.0185815
0.0179675
0.0192294
0.0202922
0.0202922
0.0207203
0.0209188
0.0214378
0.0218858
0.0218858
0.0277397
0.0277397
0.0300055
0.0310643
0.031126
0.0322121
0.0337197
0.0341972
0.0341972
0.0344123
0.0351708
0.0363711
0.037726
0.0423079
0.0438376
0.0447844
0.0491745
0.0491745
0.0507156
0.0510479
0.0512771
0.0557412
0.0558746
0.0562339
0.0577486
0.0577486
0.0611108
0.0611108
0.0632105
0.0632105
0.0642103
0.0642103
0.0648361
0.0651301
0.0651301
0.0659375
0.0666897
0.0674602
0.0681592
0.0688891
0.0688891
0.0675535
0.0679705
0.068991
0.0694463
0.0698534
0.0698534
0.0700087
0.0705757
0.0705757
0.0707822
0.0706644
0.0710586
0.0710586
0.0712697
0.0713224
0.0713224
0.0715073
0.0716146
0.0718167
0.0719634
0.0719634
0.0720167
0.0720167
0.072037
0.072037
0.0720542
0.0720876
0.0721109
0.0721109
0.0721272
0.0724799
0.072481
0.0724829
0.0724848
0.0725192
0.073206
0.0735008
0.0735008
0.0735243
0.075103
0.0768598
0.0768634
0.0785883
0.0785883
0.0804585
0.0806883
0.0819277
0.0840802
0.0844587
0.0845163
0.0845164
0.0850409
0.0850409
0.0867874
0.0903116
0.0919519
0.102501
0.102501
0.102711
0.102712
0.107656
0.117661
0.117661
0.117661
0.119525
0.120975
0.122288
0.125516
0.125516
0.126239
0.126239
0.142255
0.143603
0.143603
0.144776
0.146089
0.146545
0.148549
0.150894
0.150894
0.153131
0.155214
0.156112
0.156681
0.156681
0.156681
0.157072
0.15785
0.159968
0.162077
0.162533
0.166577
0.166577
0.167569
0.167569
0.167812
0.167812
0.168519
0.169517
0.169517
0.169517
0.169938
0.170143
0.170177
0.170364
0.170997
0.170997
0.171482
0.171553
0.171553
0.17193
0.172037
0.17216
0.172466
0.172466
0.172468
0.172555
0.172555
0.172555
0.172595
0.172595
0.17282
0.172842
0.172878
0.172878
0.172955
0.172971
0.172982
0.173035
0.174184
0.176174
0.176455
0.176471
0.181533
0.189394
0.192296
0.192339
0.192458
0.194248
0.194819
0.196224
0.198737
0.202178
0.20218
0.202183
0.202186
0.204049
0.206445
0.208666
0.208761
0.209151
0.209151
0.210174
0.210176
0.210177
0.210181
0.210937
0.212053
0.212054
0.21219
0.211672
0.214561
0.215152
0.215153
0.215755
0.215961
0.216208
0.21777
0.218495
0.218642
0.218785
0.218786
0.218786
0.218786
0.219296
0.219653
0.219863
0.220048
0.220048
0.220167
0.220407
0.220408
0.220487
0.220716
0.22085
0.220905
0.221097
0.221375
0.221456
0.221456
0.221417
0.221432
0.221433
0.221522
0.221536
0.221537
0.221537
0.221542
0.221542
0.221576
0.221619
0.221619
0.221655
0.221655
0.221655
0.221703
0.221703
0.221713
0.221728
0.221729
0.221729
0.221735
0.221735
0.221738
0.221738
0.221749
0.221749
0.221749
0.221758
0.221767
0.221767
0.221773
0.221773
0.221773
0.221773
0.221774
0.221774
0.221778
0.221783
0.221784
0.221784
0.221785
0.221785
0.221785
0.221786
0.221788
0.221828
0.221828
0.221828
0.221836
0.221843
0.221843
0.221844
0.221844
0.221844
0.221849
0.221851
0.221853
0.221853
0.221855
0.221855
0.221858
0.221858
0.221858
0.221858
0.221858
0.221859
0.221859
0.221859
0.221859
0.22186
0.22186
0.221861
0.221861
0.221861
0.221861
0.221861
0.221862
0.221862
0.221862
0.221862
0.221862
0.221862
0.221862
0.221862
0.221862
0.221862
0.221862
0.221862
0.221862
0.221862
0.221862
0.221862
0.221862
0.221862
0.221862
0.221862
0.221862
0.221862
0.221862
0.221862
0.221863
0.221863
0.221863
0.221863
0.221863
0.221863
0.221863
0.221863
0.221863
0.221863
0.221863
0.221863
0.221863
0.221863
0.221863
0.221863
0.221863
0.221863
0.221863
0.221863
0.221863
0.221863
0.221863
0.221863
0.221863
0.221863
0.221863
0.221863
0.221863
0.221863
0.221863
0.221863
0.221863
0.221863
0.221863
0.221863
0.221863
0.221863
0.221863
0.221863
0.221863
0.221863
0.221863
0.221863
0.221863
0.221863
0.221863
0.221863
0.227687
0.235622
0.250919
0.250919
0.250919
0.250919
0.250919
0.254159
0.254159
0.257339
0.257339
0.259165
0.259605
0.261366
0.262491
0.262491
0.263125
0.263125
0.263859
0.263859
0.263859
0.263796
0.264258
0.264875
0.2665
0.268221
0.272171
0.272171
0.272171
0.274967
0.275187
0.275187
0.278527
0.280978
0.284679
0.28695
0.288536
0.288633
0.288633
0.303642
0.303642
0.299387
0.300787
0.305767
0.306343
0.306343
0.309745
0.309745
0.309745
0.311911
0.311911
0.312041
0.312158
0.312736
0.312736
0.312736
0.312774
0.313688
0.314569
0.314569
0.314753
0.314653
0.314756
0.315336
0.316047
0.316059
0.316133
0.316133
0.31661
0.316618


