0.0413526
0.0484768
0.05284
0.0531908
0.0551742
0.0570289
0.0573476
0.0578838
0.0595219
0.0596683
0.0596683
0.061926
0.0620987
0.0636462
0.0636462
0.0661724
0.0669813
0.0698774
0.070649
0.070765
0.0730039
0.076367
0.0767808
0.0811095
0.0811095
0.0820597
0.0827457
0.0842971
0.0940504
0.0993454
0.102271
0.109361
0.112703
0.115947
0.115947
0.121686
0.122089
0.144278
0.14487
0.149437
0.167704
0.177082
0.200338
0.21528
0.257402
0.268588
0.287108
0.310212
0.314822
0.404473
0.404473
0.429101
0.461448
0.475874
0.506565
0.549461
0.55264
0.603563
0.620605
0.63994
0.690952
0.720256
0.730202
0.730202
0.759216
0.773928
0.823106
0.823106
0.828017
0.84036
0.850069
0.850069
0.864656
0.903115
0.903115
0.911727
0.911727
0.915718
0.916101
0.919193
0.93111
0.945004
0.94562
0.950342
0.954048
0.960223
0.96886
0.970758
0.97207
0.972466
0.97797
0.979615
0.981607
0.983062
0.983117
0.985869
0.986164
0.989206
0.992279
0.992735
0.992844
0.993912
0.995551
0.995551
0.995553
0.996277
0.996724
0.996724
0.996876
0.996989
0.997305
0.997595
0.99767
0.998343
0.998384
0.998786
0.998786
0.999066
0.999066
0.999155
0.999217
0.999217
0.99939
0.999607
0.999621
0.999636
0.999745
0.999785
0.999789
0.999789
0.999817
0.999826
0.999852
0.999862
0.999867
0.999871
0.999871
0.999879
0.999908
0.999931
0.999931
0.999933
0.999948
0.999952
0.99996
0.999961
0.999962
0.999972
0.999972
0.999972
0.999973
0.999974
0.999979
0.999979
0.99998
0.999981
0.999982
0.999988
0.999989
0.999992
0.999992
0.999993
0.999994
0.999995
0.999995
0.999996
0.999996
0.999996
0.999996
0.999997
0.999998
0.999998
0.999998
0.999999
0.999999
0.999999
0.999999
0.999999
0.999999
0.999999
0.999999
0.999999
0.999999
1
1
1
1
1
1
1
1
1
1
1
1
1
1
1
1
1
1
1
1
1
1
1
1
1
1
1
1
1
1
1
1
1
1
1
1
1
1
1
1
1
1
1
1
1
1
1
1
1
1
1
1
1
1
1
1
1
1
1
1
1
1
1
1
1
1
1
1
1
1
1
1
1
1
1
1
1
1
1
1
1
1
1
1
1
1
1
1
1
1
1
1
1
1
1
1
1
1
1
1
1
1
1
1
1
1
1
1
1
1
1
1
1
1
1
1
1
1
1
1
1
1
1
1
1
1
1
1
1
1
1
1
1
1
1
1
1
1
1
1
1
1
1
1
1
1
1
1
1
1
1
1
1
1
1
1
1
1
0.999999
1
1
1
1
1
1
1
1
1
1
1
1
1
1
1
1
1
1
1
1
1
1
1
1
1
1
1
1
1
1
1
1
1
1
1
1
1
1
1
1
1
1
1
1
1
1
1
1
1
1
1
1
1
1
1
1
1
1
1
1
1
1
1
1
1
1
1
1
1
1
1
1
1
1
1
1
1
1
1
1
1
1
1
1
1
1
1
1
1
1
1
1
1
1
1
1
1
1
1
1
1
1
1
1
1
1
1
1
1
1
1
1
1
1
1
1
1
1
1
1
1
1
1
1
1
1
1
1
1
1
1
1
1
1
1
1
1
1
1
1
1
1
1
1
1
1
1
1
1
1
1
1
1
1
1
1
1
1


0.0146832
0.0153456
0.0166941
0.0167765
0.0182623
0.019163
0.0196942
0.0198178
0.0198178
0.019825
0.0205991
0.0213192
0.0213643
0.0216838
0.0216838
0.02199
0.0231202
0.0246604
0.0246604
0.0247967
0.0247967
0.025468
0.025468
0.0261794
0.0268958
0.0269114
0.0305432
0.0305432
0.0321011
0.0321011
0.0334798
0.0337104
0.036455
0.036517
0.038585
0.0444762
0.0446178
0.0470704
0.0470704
0.058578
0.0608918
0.0655241
0.0670423
0.0711047
0.0728538
0.0736005
0.0804749
0.0922267
0.0975879
0.101994
0.12125
0.121168
0.131531
0.167165
0.167165
0.188566
0.241201
0.256214
0.257217
0.270094
0.288181
0.304358
0.315751
0.334447
0.34889
0.384745
0.395688
0.426697
0.467602
0.477751
0.507474
0.507474
0.560271
0.565703
0.635186
0.649208
0.657342
0.694628
0.730145
0.732849
0.735775
0.756089
0.766676
0.766676
0.774904
0.783723
0.791654
0.811744
0.833022
0.843088
0.847895
0.857932
0.8719
0.880555
0.882884
0.882884
0.888177
0.892801
0.896681
0.901461
0.905904
0.906421
0.911162
0.911886
0.916042
0.920131
0.924177
0.92775
0.92886
0.9307
0.933166
0.936476
0.936629
0.936859
0.937452
0.938129
0.938884
0.938928
0.940352
0.940704
0.941172
0.941476
0.943559
0.944085
0.944176
0.944209
0.944417
0.944472
0.944949
0.945928
0.946245
0.946692
0.946776
0.946883
0.94689
0.947369
0.947403
0.947686
0.947726
0.947754
0.947805
0.947825
0.947973
0.94806
0.948142
0.948185
0.948208
0.948214
0.948267
0.948335
0.948335
0.948364
0.948375
0.948473
0.948475
0.948505
0.948532
0.948532
0.948538
0.948544
0.948558
0.948557
0.948603
0.948606
0.948639
0.948641
0.948657
0.948674
0.948688
0.948694
0.948695
0.948698
0.948698
0.948699
0.9487
0.948703
0.948703
0.948707
0.948711
0.948714
0.948717
0.948717
0.948717
0.948717
0.948717
0.948719
0.948719
0.94872
0.948721
0.948721
0.948723
0.948723
0.948724
0.948724
0.948726
0.948726
0.948726
0.948726
0.948726
0.948726
0.948728
0.948728
0.948728
0.948729
0.948729
0.948729
0.948729
0.94873
0.94873
0.94873
0.94873
0.94873
0.94873
0.94873
0.94873
0.94873
0.94873
0.94873
0.94873
0.94873
0.94873
0.94873
0.94873
0.94873
0.94873
0.94873
0.94873
0.94873
0.94873
0.94873
0.94873
0.94873
0.94873
0.94873
0.948731
0.948731
0.948731
0.948731
0.948731
0.948731
0.948731
0.948731
0.948731
0.948731
0.948731
0.948731
0.948731
0.948731
0.948731
0.948731
0.948731
0.948731
0.948731
0.948731
0.948731
0.948731
0.948731
0.948731
0.948731
0.948731
0.948731
0.948731
0.948731
0.948731
0.948731
0.948731
0.948731
0.948731
0.948731
0.948731
0.948731
0.948731
0.948731
0.948731
0.948731
0.948731
0.948731
0.948731
0.948731
0.948731
0.948731
0.948731
0.948731
0.948731
0.948731
0.948731
0.948731
0.948731
0.948731
0.948731
0.948731
0.948731
0.948731
0.948731
0.948731
0.948731
0.948731
0.948731
0.948731
0.948731
0.948731
0.948731
0.948731
0.948731
0.948731
0.948731
0.948731
0.948731
0.948731
0.948731
0.948731
0.948731
0.948731
0.948731
0.948731
0.948731
0.948731
0.948731
0.948731
0.948731
0.948731
0.948731
0.948731
0.948731
0.948731
0.948731
0.948731
0.948731
0.948731
0.948731
0.948731
0.948731
0.948731
0.948731
0.948731
0.948731
0.948731
0.948731
0.948731
0.948731
0.948731
0.948731
0.948731
0.948731
0.948731
0.948731
0.948731
0.948731
0.948731
0.948731
0.948731
0.948731
0.948731
0.948731
0.948731
0.948731
0.948731
0.948731
0.948731
0.948731
0.948731
0.948731
0.948731
0.948731
0.948731
0.948731
0.948731
0.948731
0.948731
0.948731
0.948731
0.948731
0.948731
0.948731
0.948731
0.948731
0.948731
0.948731
0.948731
0.948731
0.948731
0.948731
0.948731
0.948731
0.948731
0.948731
0.948731
0.948731
0.948731
0.948731
0.948731
0.948731
0.948731
0.948731
0.948731
0.948731
0.948731
0.948731
0.948731
0.948731
0.948731
0.948731
0.948731
0.948731
0.948731
0.948731
0.948731
0.948731
0.948731
0.948731
0.948731
0.948731
0.948731
0.948731
0.948731
0.948731
0.948731
0.948731
0.948731
0.948731
0.948731
0.948731
0.948731
0.948731
0.948731
0.948731
0.948731
0.948731
0.948731
0.948731
0.948731
0.948731
0.948731
0.948731
0.948731
0.948731
0.948731
0.948731
0.948731
0.948731
0.948731
0.948731
0.948731
0.948731
0.948731
0.948731
0.948731
0.948731
0.948731
0.948731
0.948731
0.948731
0.948731
0.948731
0.948731
0.948731
0.948731
0.948731
0.948731
0.948731
0.948731
0.948731
0.948731
0.948731
0.948731
0.948731
0.948731
0.948731
0.948731
0.948731
0.948731
0.948731
0.948731
0.948731
0.948731
0.948731
0.948731
0.948731
0.948731
0.948731
0.948731
0.948731
0.948731
0.948731
0.948731
0.948731
0.948731
0.948731
0.948731
0.948731
0.948731
0.948731
0.948731
0.948731
0.948731
0.948731
0.948731
0.948731
0.948731
0.948731


0.0157845
0.0170658
0.0175715
0.0175715
0.0183849
0.0192499
0.0198621
0.0204656
0.0211143
0.0218029
0.0219331
0.0223957
0.0224838
0.0226072
0.0240296
0.0245126
0.0260151
0.0263664
0.0263673
0.0265939
0.0283234
0.0289352
0.031096
0.0317355
0.0337654
0.0337654
0.0360047
0.0360561
0.0365022
0.0373016
0.0396745
0.0418225
0.0459221
0.0511216
0.051879
0.0526913
0.0618262
0.0618262
0.0653054
0.066318
0.0673923
0.0685412
0.0803807
0.0929953
0.100107
0.107089
0.108001
0.124331
0.12803
0.129674
0.137061
0.151864
0.162505
0.176577
0.193494
0.203013
0.214479
0.2556
0.296796
0.322978
0.329006
0.343594
0.355999
0.382104
0.448016
0.486514
0.486514
0.4973
0.524614
0.570457
0.584224
0.594807
0.598874
0.601513
0.659828
0.702013
0.705397
0.707542
0.707654
0.709444
0.736698
0.749425
0.798887
0.798887
0.816372
0.816372
0.825847
0.825847
0.846502
0.855081
0.860372
0.886036
0.886036
0.901371
0.908856
0.918934
0.922455
0.928985
0.942772
0.947076
0.950408
0.950875
0.966856
0.968249
0.968274
0.974585
0.976184
0.978788
0.979472
0.979893
0.980182
0.983629
0.98383
0.984153
0.985501
0.986296
0.986591
0.990666
0.990666
0.991649
0.99223
0.992907
0.992907
0.992907
0.994473
0.9946
0.994823
0.995338
0.995536
0.996837
0.996837
0.996916
0.997152
0.997244
0.997594
0.997623
0.997689
0.998383
0.998431
0.998573
0.998598
0.998692
0.998692
0.99875
0.99875
0.998805
0.998851
0.999072
0.999414
0.999554
0.99956
0.999567
0.999567
0.999686
0.999686
0.999712
0.999715
0.999761
0.999769
0.999772
0.999772
0.999802
0.999818
0.999822
0.999827
0.999857
0.999857
0.999857
0.999864
0.999915
0.999917
0.999917
0.999925
0.999925
0.999938
0.999938
0.99995
0.999957
0.999961
0.999963
0.999963
0.999965
0.999969
0.999973
0.999973
0.999975
0.999975
0.999975
0.99998
0.999982
0.999988
0.999988
0.99999
0.999991
0.999992
0.999992
0.999993
0.999993
0.999993
0.999994
0.999994
0.999994
0.999995
0.999996
0.999996
0.999996
0.999997
0.999997
0.999997
0.999997
0.999997
0.999998
0.999998
0.999998
0.999998
0.999998
0.999999
0.999999
0.999999
0.999999
0.999999
0.999999
0.999999
1
1
1
1
1
1
1
1
1
1
1
1
1
1
1
1
1
1
1
1
1
1
1
1
1
1
1
1
1
1
1
1
1
1
1
1
1
1
1
1
1
1
1
1
1
1
1
1
1
1
1
1
1
1
1
1
1
1
1
1
1
1
1
1
1
1
1
1
1
1
1
1
1
1
1
1
1
1
1
1
1
1
1
1
1
1
1
1
1
1
1
1
1
1
1
1
1
1
1
1
1
1
1
1
1
1
1
1
1
1
1
1
1
1
1
1
1
1
1
1
1
1
1
1
1
1
1
1
1
1
1
1
1
1
1
1
1
1
1
1
1
1
1
1
1
1
1
1
1
1
1
1
1
1
1
1
1
1
1
1
1
1
1
1
1
1
1
1
1
1
1
1
1
1
1
1
1
1
1
1
1
1
1
1
1
1
1
1
1
1
1
1
1
1
1
1
1
1
1
1
1
1
1
1
1
1
1
1
1
1
1
1
1
1
1
1
1
1
1
1
1
1
1
1
1
1
1
1
1
1
1
1
1
1
1
1
1
1
1
1
1
1
1
1
1
1
1
1
1
1
1
1
1
1
1
1
1
1
1
1
1
1
1
1
1
1
1
1
1
1
1
1
1
1
1
1
1


0.0184938
0.0186943
0.0187291
0.0191336
0.0202004
0.0203575
0.0209734
0.0209734
0.0224338
0.0234932
0.0237816
0.025484
0.0267314
0.0269306
0.0269306
0.0273508
0.027715
0.028626
0.0293595
0.0293595
0.0306263
0.0309442
0.0335526
0.0346893
0.0360098
0.0360098
0.0389976
0.0389976
0.0393289
0.0393289
0.0401664
0.0421679
0.0429649
0.0431797
0.0493516
0.0521529
0.0546576
0.0773532
0.0773532
0.080936
0.0853179
0.0879854
0.0879854
0.0885401
0.0886606
0.100679
0.104778
0.11264
0.11264
0.118884
0.129724
0.1338
0.1338
0.144673
0.160852
0.168561
0.186413
0.194486
0.199381
0.219262
0.220758
0.23927
0.243839
0.252236
0.253436
0.261951
0.271909
0.330764
0.335476
0.348158
0.355098
0.355098
0.370138
0.384658
0.385368
0.385767
0.441441
0.442099
0.442099
0.4433
0.459569
0.488538
0.501937
0.502773
0.505423
0.505423
0.509273
0.534725
0.574989
0.574989
0.577315
0.564428
0.584853
0.596967
0.643457
0.645183
0.648132
0.665801
0.671164
0.680569
0.690808
0.690808
0.700755
0.700803
0.730649
0.731275
0.733028
0.734101
0.741025
0.747443
0.755408
0.755161
0.755161
0.757725
0.757725
0.762847
0.763258
0.777336
0.783378
0.784451
0.785083
0.785264
0.785264
0.786742
0.792284
0.792284
0.792472
0.79309
0.793294
0.793294
0.793711
0.796077
0.79614
0.798163
0.798163
0.798244
0.798623
0.799488
0.799509
0.799642
0.800563
0.80052
0.800963
0.801287
0.801507
0.801894
0.801939
0.801939
0.80212
0.80212
0.802172
0.80223
0.802486
0.802644
0.802745
0.802745
0.802835
0.802848
0.802883
0.802883
0.80303
0.803026
0.803185
0.803683
0.803886
0.803889
0.803895
0.804208
0.804381
0.804468
0.804512
0.804538
0.80471
0.804716
0.804716
0.804983
0.804985
0.804988
0.805007
0.805007
0.805008
0.805254
0.805259
0.805259
0.805325
0.805326
0.805326
0.805336
0.805399
0.8054
0.805442
0.805442
0.805464
0.805524
0.805538
0.805539
0.805539
0.805539
0.80554
0.805542
0.805554
0.805563
0.805564
0.80557
0.80557
0.805572
0.805577
0.805597
0.805597
0.805597
0.805601
0.805601
0.805604
0.805605
0.805605
0.805612
0.805612
0.805614
0.805614
0.805615
0.805616
0.805616
0.805621
0.805625
0.805625
0.805625
0.805625
0.805626
0.805626
0.805626
0.805626
0.805626
0.805626
0.805626
0.805626
0.805627
0.805628
0.805628
0.805629
0.805629
0.80563
0.80563
0.805631
0.805631
0.805631
0.805632
0.805632
0.805632
0.805632
0.805632
0.805632
0.805632
0.805632
0.805632
0.805632
0.805633
0.805633
0.805633
0.805633
0.805633
0.805633
0.805633
0.805633
0.805634
0.805634
0.805634
0.805634
0.805634
0.805634
0.805634
0.805634
0.805634
0.805634
0.805634
0.805634
0.805634
0.805634
0.805634
0.805634
0.805634
0.805634
0.805634
0.805634
0.805634
0.805634
0.805634
0.805634
0.805634
0.805634
0.805634
0.805634
0.805634
0.805634
0.805634
0.805634
0.805634
0.805634
0.805634
0.805634
0.805634
0.805634
0.805634
0.805634
0.805634
0.805634
0.805634
0.805634
0.805634
0.805634
0.805634
0.805634
0.805634
0.805634
0.805634
0.805634
0.805634
0.805634
0.805634
0.805634
0.805634
0.805634
0.805634
0.805634
0.805634
0.805634
0.805634
0.805634
0.805634
0.805634
0.805634
0.805634
0.805634
0.805634
0.805634
0.805634
0.805634
0.805634
0.805634
0.805634
0.805634
0.805634
0.805634
0.805634
0.805634
0.805634
0.805634
0.805634
0.805634
0.805634
0.805634
0.805634
0.805634
0.805634
0.805634
0.805634
0.805634
0.805634
0.805634
0.805634
0.805634
0.805634
0.805634
0.805634
0.805634
0.805634
0.805634
0.805634
0.805634
0.805634
0.805634
0.805634
0.805634
0.839946
0.847535
0.847535
0.847535
0.866242
0.868958
0.868958
0.868958
0.874882
0.881965
0.886693
0.886693
0.900566
0.900566
0.90192
0.916356
0.926804
0.92708
0.92708
0.926146
0.931651
0.931651
0.931651
0.950148
0.950148
0.950984
0.950984
0.950984
0.951466
0.952104
0.953399
0.953399
0.95401
0.954716
0.955062
0.95599
0.957523
0.95987
0.960104
0.960104
0.96699
0.969901
0.971111
0.974577
0.978917
0.978917
0.979722
0.981797
0.986978
0.988824
0.988824
0.988824
0.989271
0.989401
0.990555
0.990555
0.991118
0.992104
0.992331
0.99262
0.992685
0.992931
0.992999
0.993363
0.993363
0.993509
0.993672
0.99391
0.993962
0.994412
0.994502
0.994739
0.994739
0.994869
0.995314
0.995363
0.995545
0.99575
0.99575
0.995742
0.995767
0.995789
0.995791
0.995821
0.998516
0.998938
0.998978
0.998978
0.998978
0.999077
0.999077
0.999267
0.999267
0.999327
0.999327
0.999327
0.999327
0.999333
0.999344
0.999422
0.999437
0.999437
0.999506
0.999604
0.999715
0.999715
0.999715
0.999715
0.999744
0.999723
0.999736
0.999774
0.999795
0.999795
0.99985
0.99985
0.999875
0.999875
0.999875
0.999897
0.999909
0.999917
0.999931
0.999941
0.999956
0.999973
0.999973
0.999976


0.0171846
0.017827
0.0187077
0.0191196
0.0224256
0.0224413
0.0231852
0.023629
0.023629
0.0246018
0.0246018
0.0246027
0.0251929
0.0251929
0.0259301
0.0269967
0.0280711
0.0280711
0.0280806
0.0282513
0.028299
0.028296
0.0289301
0.0289301
0.0290584
0.0301575
0.0317586
0.0320287
0.0325162
0.0329561
0.0355392
0.0345313
0.0350349
0.0365409
0.0379775
0.0414699
0.0420313
0.0421934
0.0479111
0.0483258
0.050859
0.0558323
0.0558323
0.0618056
0.0638255
0.0686174
0.07026
0.0714281
0.0834196
0.0888248
0.108794
0.10561
0.119474
0.127348
0.129262
0.157365
0.157365
0.166287
0.183915
0.196063
0.225241
0.228215
0.255757
0.255757
0.258289
0.260251
0.297828
0.32391
0.367293
0.419532
0.450104
0.450104
0.480126
0.484813
0.491936
0.500901
0.527761
0.556738
0.626168
0.626168
0.665819
0.674411
0.674411
0.674411
0.709568
0.709568
0.743771
0.767602
0.781947
0.785795
0.816663
0.813995
0.821069
0.833744
0.854751
0.860331
0.867306
0.885999
0.895875
0.899509
0.910198
0.926757
0.926757
0.933308
0.93534
0.942617
0.942617
0.942617
0.942817
0.946758
0.954165
0.961514
0.961514
0.974858
0.976273
0.976273
0.976273
0.977728
0.980535
0.980838
0.980838
0.981219
0.98367
0.985016
0.985761
0.987089
0.989174
0.991648
0.992003
0.992944
0.993045
0.995043
0.99519
0.995582
0.99578
0.996407
0.996407
0.996774
0.997588
0.997588
0.99776
0.998133
0.998213
0.998317
0.99847
0.998639
0.998646
0.99875
0.99875
0.998996
0.99912
0.999223
0.999272
0.999293
0.999351
0.999584
0.999624
0.999684
0.999693
0.999693
0.9997
0.99975
0.99976
0.9998
0.99981
0.999822
0.999838
0.999838
0.99987
0.999871
0.999883
0.999897
0.999898
0.999915
0.99992
0.999928
0.999935
0.999936
0.999948
0.999955
0.99996
0.99996
0.999968
0.999973
0.999974
0.999974
0.999979
0.999979
0.99998
0.99998
0.999983
0.999984
0.999985
0.999986
0.999986
0.999987
0.999989
0.99999
0.999991
0.999992
0.999993
0.999993
0.999993
0.999993
0.999994
0.999994
0.999994
0.999995
0.999996
0.999997
0.999997
0.999997
0.999998
0.999998
0.999998
0.999998
0.999999
0.999999
0.999999
0.999999
0.999999
0.999999
0.999999
0.999999
0.999999
0.999999
1
1
1
1
1
1
1
1
1
1
1
1
1
1
1
1
1
1
1
1
1
1
1
1
1
1
1
1
1
1
1
1
1
1
1
1
1
1
1
1
1
1
1
1
1
1
1
1
1
1
1
1
1
1
1
1
1
1
1
1
1
1
1
1
1
1
1
1
1
1
1
1
1
1
1
1
1
1
1
1
1
1
1
1
1
1
1
1
1
1
1
1
1
1
1
1
1
1
1
1
1
1
1
1
1
1
1
1
1
1
1
1
1
1
1
1
1
1
1
1
1
1
1
1
1
1
1
1
1
1
1
1
1
1
1
1
1
1
1
1
1
1
1
1
1
1
1
1
1
1
1
1
1
1
1
1
1
1
1
1
1
1
1
1
1
1
1
1
1
1
1
1
1
1
1
1
1
1
1
1
1
1
1
1
1
1
1
1
1
1
1
1
1
1
1
1
1
1
1
1
1
1
1
1
1
1
1
1
1
1
1
1
1
1
1
1
1
1
1
1
1
1
1
1
1
0.999999
1
1
1
1
1
1
1
1
1
1
1
1
1
1
1
1
1
1
1
1
1
1
1
1
1
1
1
1
1
1
1
1
1
1
1
1
1
1
1
1
1
1
1
1
1
1
1
1


0.0158521
0.0166042
0.0166042
0.0167722
0.0168129
0.0172611
0.0180097
0.0182157
0.0186002
0.0197602
0.0204207
0.0203232
0.020765
0.020765
0.0209454
0.0220204
0.0220218
0.0231171
0.0232266
0.0242534
0.0246755
0.0255952
0.0268425
0.0277443
0.028235
0.0292847
0.0304328
0.0309191
0.0313075
0.0334781
0.034711
0.0355567
0.0367679
0.0367679
0.0370157
0.0418316
0.0429784
0.0432914
0.0462258
0.0527022
0.0574423
0.0596731
0.0657723
0.0686072
0.0693601
0.0779192
0.0916864
0.0943299
0.103802
0.111142
0.144728
0.145127
0.146384
0.186413
0.186413
0.213998
0.249957
0.249957
0.304463
0.335986
0.347514
0.365781
0.37271
0.420304
0.432342
0.43733
0.472301
0.483136
0.49443
0.520778
0.520778
0.539643
0.554421
0.566316
0.567276
0.577753
0.580143
0.591389
0.596449
0.596449
0.596795
0.603906
0.608666
0.620643
0.625807
0.626019
0.628769
0.634443
0.637959
0.639272
0.644537
0.65032
0.65557
0.65557
0.65662
0.658393
0.660311
0.662842
0.663367
0.665925
0.666235
0.665355
0.667561
0.668962
0.67076
0.670868
0.671775
0.672486
0.672486
0.67284
0.673065
0.673277
0.67379
0.67379
0.674417
0.675523
0.675523
0.675569
0.675593
0.676529
0.676529
0.676562
0.676808
0.677007
0.677248
0.677874
0.678334
0.678765
0.678817
0.678817
0.678859
0.678994
0.678994
0.679131
0.679284
0.67934
0.679406
0.679527
0.679643
0.679646
0.679689
0.679767
0.679773
0.679796
0.679843
0.679849
0.679862
0.67989
0.67989
0.679917
0.679937
0.679944
0.679951
0.679976
0.679976
0.679976
0.680005
0.68001
0.68001
0.680033
0.680037
0.680035
0.680043
0.680043
0.680049
0.68005
0.68005
0.680055
0.680058
0.680059
0.680059
0.68006
0.680062
0.680064
0.680064
0.680065
0.680065
0.680066
0.680068
0.680069
0.680069
0.680069
0.680069
0.68007
0.68007
0.680071
0.680071
0.680072
0.680072
0.680072
0.680072
0.680073
0.680073
0.680073
0.680073
0.680073
0.680073
0.680073
0.680073
0.680073
0.680073
0.680073
0.680074
0.680074
0.680074
0.680074
0.680074
0.680074
0.680074
0.680074
0.680074
0.680074
0.680074
0.680074
0.680074
0.680074
0.680074
0.680074
0.680074
0.680074
0.680074
0.680074
0.680074
0.680074
0.680074
0.680074
0.680074
0.680074
0.680074
0.680074
0.680074
0.680074
0.680074
0.680074
0.680074
0.680074
0.680074
0.680074
0.680074
0.680074
0.680074
0.680074
0.680074
0.680074
0.680074
0.680074
0.680074
0.680074
0.680074
0.680074
0.680074
0.680074
0.680074
0.680074
0.680074
0.680074
0.680074
0.680074
0.680074
0.680074
0.680074
0.680074
0.680074
0.680074
0.680074
0.680074
0.680074
0.680074
0.680074
0.680074
0.680074
0.680074
0.680074
0.680074
0.680074
0.680074
0.680074
0.680074
0.680074
0.680074
0.680074
0.680074
0.680074
0.680074
0.680074
0.680074
0.680074
0.680074
0.680074
0.680074
0.680074
0.680074
0.680074
0.680074
0.680074
0.680074
0.680074
0.680074
0.680074
0.680074
0.680074
0.680074
0.680074
0.680074
0.680074
0.680074
0.680074
0.680074
0.680074
0.680074
0.680074
0.680074
0.680074
0.680074
0.680074
0.680074
0.680074
0.680074
0.680074
0.680074
0.680074
0.680074
0.680074
0.680074
0.680074
0.680074
0.680074
0.680074
0.680074
0.680074
0.680074
0.680074
0.680074
0.680074
0.680074
0.680074
0.680074
0.680074
0.680074
0.680074
0.680074
0.680074
0.680074
0.680074
0.680074
0.680074
0.680074
0.680074
0.680074
0.680074
0.680074
0.680074
0.680074
0.680074
0.680074
0.680074
0.680074
0.680074
0.680074
0.680074
0.680074
0.680074
0.680074
0.680074
0.680074
0.680074
0.680074
0.680074
0.680074
0.680074
0.680074
0.680074
0.680074
0.680074
0.680074
0.680074
0.680074
0.680074
0.680074
0.680074
0.680074
0.680074
0.680074
0.680074
0.680074
0.680074
0.680074
0.680074
0.680074
0.680074
0.680074
0.680074
0.680074
0.680074
0.680074
0.680074
0.680074
0.680074
0.680074
0.680074
0.680074
0.680074
0.680074
0.680074
0.680074
0.680074
0.680074
0.680074
0.680074
0.680074
0.680074
0.680074
0.680074
0.680074
0.680074
0.680074
0.680074
0.680074
0.680074
0.680074
0.680074
0.680074
0.680074
0.680074
0.680074
0.680074
0.680074
0.680074
0.680074
0.680074
0.680587
0.680587
0.705809
0.705809
0.705809
0.721399
0.721399
0.723746
0.737447
0.737447
0.737447
0.742386
0.742386
0.742386
0.744865
0.755998
0.757468
0.76734
0.769955
0.77019
0.772458
0.778229
0.779345
0.782158
0.785873
0.794563
0.794563
0.797007
0.798143
0.798143
0.798143
0.797445
0.800143
0.800514
0.800924
0.800924
0.801742
0.809956
0.809956
0.811489
0.814362
0.815451
0.820763
0.829907
0.834018
0.837346
0.847013
0.854599
0.854599
0.855951
0.855951
0.855658
0.856164
0.856689
0.856718
0.857191
0.858467
0.868076
0.870616
0.881249
0.889651
0.892375
0.892375
0.892375
0.895133
0.904604
0.906984
0.914492
0.914492
0.914492


0.0111789
0.0128067
0.0128519
0.013899
0.0141974
0.0141974
0.0147403
0.0151543
0.0154418
0.0155733
0.0164041
0.0164041
0.0167598
0.0167598
0.0173949
0.0174351
0.0177644
0.0179841
0.0185527
0.0192387
0.0203767
0.0204361
0.0204513
0.0204876
0.0213793
0.0228641
0.0244788
0.0244788
0.0244828
0.0268441
0.0294719
0.0294719
0.0294719
0.0296571
0.0297627
0.0322855
0.03383
0.0339265
0.0349751
0.035188
0.0438188
0.0439035
0.0441712
0.0461984
0.0552126
0.0552126
0.0553104
0.0599253
0.0636864
0.0670383
0.0717911
0.0748188
0.079082
0.10294
0.107974
0.107985
0.10882
0.110498
0.121988
0.124088
0.124927
0.152332
0.178668
0.179304
0.214167
0.214167
0.219661
0.222902
0.244048
0.265463
0.268204
0.292207
0.292207
0.347643
0.352312
0.352312
0.381879
0.395172
0.42663
0.430516
0.430516
0.4517
0.454111
0.458563
0.460675
0.466703
0.478288
0.500898
0.513065
0.51362
0.514987
0.520137
0.525415
0.525415
0.531826
0.531826
0.542507
0.547803
0.551772
0.568347
0.568605
0.571149
0.571886
0.573125
0.575363
0.576308
0.581678
0.582364
0.583198
0.586058
0.590469
0.592353
0.592404
0.594733
0.595754
0.596068
0.598552
0.606933
0.609573
0.609573
0.609871
0.611547
0.614477
0.614841
0.617027
0.617049
0.617159
0.620551
0.620551
0.620625
0.620907
0.622793
0.622793
0.622793
0.622795
0.623531
0.623973
0.624076
0.624296
0.624627
0.626169
0.626169
0.626299
0.626502
0.6266
0.626684
0.62673
0.627163
0.627163
0.627409
0.627413
0.627654
0.627847
0.628158
0.628158
0.628253
0.6289
0.628902
0.628904
0.628911
0.629044
0.629079
0.62908
0.629215
0.629218
0.629316
0.629316
0.629372
0.629379
0.629399
0.629399
0.629399
0.629433
0.629446
0.629455
0.62946
0.629466
0.62947
0.62947
0.629479
0.629497
0.629495
0.629507
0.629507
0.629507
0.629512
0.629518
0.629522
0.629526
0.62953
0.629533
0.629532
0.629533
0.629533
0.629535
0.629537
0.629537
0.629537
0.62954
0.62954
0.629541
0.629541
0.629541
0.629541
0.629542
0.629542
0.629543
0.629543
0.629543
0.629544
0.629544
0.629544
0.6325
0.633855
0.634586
0.639087
0.639087
0.640001
0.640001
0.640001
0.640689
0.640689
0.640689
0.640689
0.641
0.643696
0.643696
0.643792
0.644272
0.644361
0.644361
0.648381
0.648381
0.651066
0.653765
0.653765
0.653829
0.655539
0.655836
0.657054
0.657676
0.657676
0.658844
0.658844
0.658844
0.658844
0.659427
0.659427
0.659427
0.659476
0.659476
0.659476
0.660091
0.660103
0.660103
0.660103
0.660244
0.660542
0.660542
0.660542
0.66071
0.660663
0.660681
0.660702
0.660828
0.660848
0.66085
0.660863
0.660998
0.660998
0.661084
0.661084
0.661208
0.661212
0.661272
0.661278
0.661334
0.661334
0.661334
0.661334
0.661337
0.661339
0.661339
0.661355
0.661355
0.661366
0.661381
0.661385
0.661385
0.66139
0.66139
0.661393
0.661399
0.661399
0.6614
0.6614
0.661402
0.661419
0.661422
0.661425
0.661425
0.661426
0.66143
0.66143
0.66143
0.661431
0.661431
0.661436
0.661436
0.661437
0.66144
0.66144
0.66144
0.66144
0.661441
0.661441
0.661442
0.661442
0.661442
0.661442
0.661442
0.661443
0.661443
0.661443
0.661444
0.661444
0.661444
0.661444
0.661444
0.661444
0.661444
0.661444
0.661444
0.661444
0.661444
0.661444
0.661445
0.661445
0.661445
0.661445
0.661445
0.661445
0.661445
0.661445
0.661445
0.661445
0.661445
0.661445
0.661445
0.661445
0.661445
0.661445
0.661445
0.661445
0.661445
0.661445
0.661445
0.661445
0.661445
0.661445
0.661445
0.661445
0.661445
0.661445
0.661445
0.661445
0.661445
0.661445
0.661445
0.661445
0.661445
0.661445
0.661445
0.661445
0.661445
0.661445
0.661445
0.661445
0.661445
0.661445
0.661445
0.661445
0.661445
0.661445
0.661445
0.661445
0.661445
0.661445
0.661445
0.661445
0.661445
0.661445
0.661445
0.661445
0.661445
0.661445
0.661445
0.661445
0.661445
0.661445
0.661445
0.660609
0.661445
0.661445
0.661445
0.661445
0.661445
0.661445
0.661445
0.661445
0.661445
0.661445
0.661445
0.661445
0.661445
0.661445
0.661445
0.661445
0.661445
0.661445
0.661445
0.661445
0.661445
0.661445
0.661445
0.661445
0.661445
0.661445
0.661445
0.661445
0.661445
0.661445
0.661445
0.661445
0.661445
0.661445
0.661445
0.661445
0.661445
0.661445
0.661445
0.661445
0.661445
0.661445
0.661445
0.661445
0.661445
0.661445
0.661445
0.661445
0.661445
0.661445
0.661445
0.661445
0.661445
0.661445
0.661445
0.661445
0.661445
0.661445
0.661445
0.661438
0.661445
0.661445
0.661445
0.661445
0.661445
0.661445
0.661445
0.661445
0.661445
0.661445
0.661445
0.661445
0.661445
0.661445
0.661445
0.661445
0.661445
0.661445
0.661445
0.661445
0.661445
0.661445
0.661445
0.661445
0.661445
0.661445
0.661445
0.661445
0.661445
0.661445
0.661445
0.661445
0.661445
0.661445
0.661445
0.661445
0.661445
0.661445


0.0179634
0.018001
0.018504
0.0194533
0.0199307
0.0216879
0.0216879
0.0221816
0.023053
0.0238083
0.0238723
0.0240847
0.0242926
0.0242965
0.02483
0.0261999
0.0261999
0.0263705
0.0267869
0.0280379
0.0292405
0.0293412
0.0302689
0.0303133
0.031963
0.0323291
0.0324231
0.0336452
0.0343291
0.0350815
0.0357709
0.0378453
0.0380878
0.0411698
0.0437343
0.0454085
0.0460052
0.0460455
0.0499446
0.0506096
0.0506096
0.0630317
0.0633172
0.0634294
0.0648237
0.0727534
0.073004
0.0756179
0.0756179
0.0765865
0.0863824
0.0863115
0.0904334
0.0953802
0.110616
0.123617
0.131817
0.132801
0.145016
0.145016
0.149249
0.154924
0.157329
0.160383
0.168089
0.175134
0.177231
0.187215
0.190746
0.193997
0.195456
0.198695
0.202065
0.213457
0.218903
0.225997
0.225997
0.227592
0.22943
0.231639
0.240063
0.240514
0.243884
0.245757
0.249402
0.262678
0.268308
0.268308
0.268308
0.268797
0.271448
0.275479
0.276293
0.278392
0.283354
0.284703
0.284703
0.28551
0.292024
0.29461
0.295411
0.29785
0.300454
0.300454
0.301382
0.303864
0.303921
0.305098
0.305103
0.305232
0.306194
0.306722
0.306738
0.306738
0.307548
0.308352
0.308539
0.30891
0.30891
0.309331
0.309485
0.309487
0.309917
0.310059
0.310132
0.310141
0.310198
0.310279
0.310385
0.310392
0.310537
0.310902
0.310991
0.311133
0.311136
0.31115
0.311154
0.311154
0.311154
0.311187
0.311281
0.311398
0.311417
0.311487
0.311513
0.311601
0.311602
0.311603
0.311603
0.311616
0.311674
0.311675
0.31175
0.311763
0.311767
0.311857
0.311857
0.311866
0.311866
0.311867
0.311867
0.311888
0.311888
0.31189
0.311898
0.311901
0.31194
0.311944
0.311944
0.311947
0.311947
0.311952
0.311952
0.311953
0.311956
0.311956
0.311957
0.311957
0.311957
0.311962
0.311962
0.311963
0.311966
0.311968
0.311968
0.31197
0.311972
0.311972
0.311972
0.311972
0.311974
0.311975
0.311975
0.311975
0.311975
0.311975
0.311977
0.311977
0.311977
0.311977
0.311978
0.311978
0.311978
0.311978
0.311978
0.311979
0.311979
0.311979
0.311979
0.311979
0.311979
0.311979
0.31198
0.31198
0.31198
0.31198
0.31198
0.31198
0.31198
0.31198
0.31198
0.31198
0.31198
0.31198
0.31198
0.31198
0.31198
0.31198
0.31198
0.31198
0.31198
0.31198
0.31198
0.31198
0.31198
0.31198
0.31198
0.31198
0.31198
0.31198
0.31198
0.31198
0.31198
0.31198
0.31198
0.31198
0.31198
0.31198
0.31198
0.31198
0.31198
0.31198
0.31198
0.31198
0.31198
0.31198
0.31198
0.31198
0.31198
0.31198
0.31198
0.31198
0.31198
0.31198
0.31198
0.31198
0.31198
0.31198
0.31198
0.31198
0.31198
0.31198
0.31198
0.31198
0.31198
0.31198
0.31198
0.31198
0.31198
0.31198
0.31198
0.31198
0.31198
0.31198
0.31198
0.31198
0.31198
0.31198
0.31198
0.31198
0.31198
0.31198
0.31198
0.31198
0.31198
0.31198
0.31198
0.31198
0.31198
0.31198
0.31198
0.31198
0.31198
0.31198
0.31198
0.31198
0.31198
0.31198
0.31198
0.31198
0.31198
0.31198
0.31198
0.31198
0.31198
0.31198
0.31198
0.31198
0.31198
0.31198
0.31198
0.31198
0.31198
0.31198
0.31198
0.31198
0.31198
0.31198
0.31198
0.31198
0.31198
0.31198
0.31198
0.31198
0.31198
0.31198
0.31198
0.31198
0.31198
0.31198
0.31198
0.31198
0.31198
0.31198
0.31198
0.31198
0.31198
0.31198
0.31198
0.31198
0.31198
0.31198
0.31198
0.31198
0.31198
0.31198
0.31198
0.31198
0.31198
0.31198
0.31198
0.31198
0.31198
0.31198
0.31198
0.31198
0.31198
0.31198
0.31198
0.31198
0.31198
0.31198
0.31198
0.31198
0.31198
0.31198
0.31198
0.31198
0.31198
0.31198
0.31198
0.31198
0.31198
0.31198
0.31198
0.31198
0.31198
0.31198
0.31198
0.31198
0.31198
0.31198
0.31198
0.31198
0.31198
0.31198
0.31198
0.31198
0.31198
0.31198
0.31198
0.31198
0.31198
0.31198
0.31198
0.31198
0.31198
0.31198
0.31198
0.31198
0.31198
0.31198
0.31198
0.31198
0.31198
0.31198
0.31198
0.31198
0.31198
0.31198
0.31198
0.31198
0.31198
0.31198
0.31198
0.31198
0.31198
0.31198
0.31198
0.31198
0.31198
0.31198
0.31198
0.31198
0.31198
0.31198
0.31198
0.31198
0.31198
0.31198
0.31198
0.31198
0.31198
0.31198
0.31198
0.31198
0.31198
0.31198
0.31198
0.31198
0.31198
0.31198
0.31198
0.31198
0.31198
0.31198
0.31198
0.31198
0.31198
0.31198
0.31198
0.31198
0.31198
0.31198
0.31198
0.31198
0.31198
0.31198
0.31198
0.31198
0.31198
0.31198
0.31198
0.31198
0.31198
0.31198
0.31198
0.31198
0.31198
0.31198
0.31198
0.31198
0.31198
0.31198
0.31198
0.31198
0.31198
0.31198
0.31198
0.31198
0.31198
0.31198
0.31198
0.31198
0.31198
0.31198
0.31198
0.31198
0.31198
0.31198


0.0172856
0.0187063
0.0193187
0.0199381
0.0204582
0.0220788
0.0228003
0.0228003
0.0228289
0.0242396
0.0249431
0.0262344
0.0262363
0.0264934
0.0276039
0.0296999
0.0306314
0.0306314
0.0306461
0.0312174
0.0320289
0.0321318
0.0324384
0.0324421
0.0334828
0.0334828
0.0338965
0.0396726
0.0445527
0.0445527
0.0471047
0.0507096
0.0514351
0.0550713
0.0641461
0.0648569
0.0732046
0.0732046
0.0877948
0.093801
0.10719
0.112482
0.125276
0.125762
0.136101
0.157747
0.166252
0.178626
0.179758
0.179821
0.196229
0.205118
0.230054
0.230054
0.243033
0.284063
0.284134
0.289597
0.296946
0.344888
0.344888
0.354784
0.368214
0.392613
0.396913
0.409572
0.483326
0.486091
0.488564
0.489198
0.512619
0.50644
0.508329
0.524703
0.526182
0.529519
0.540771
0.55419
0.561744
0.566681
0.572488
0.581632
0.581632
0.593739
0.605514
0.605969
0.606622
0.609184
0.615269
0.622037
0.623522
0.625486
0.626488
0.627439
0.628259
0.63278
0.637113
0.644978
0.647227
0.647227
0.647375
0.649271
0.651451
0.651932
0.652818
0.655253
0.655343
0.655647
0.655784
0.655882
0.656244
0.65626
0.656383
0.6564
0.656833
0.656954
0.656954
0.657269
0.657269
0.657517
0.657524
0.657556
0.657605
0.657676
0.657713
0.657811
0.657817
0.657962
0.657962
0.658115
0.658115
0.658116
0.658169
0.658169
0.658171
0.65818
0.65818
0.658188
0.658201
0.658205
0.658215
0.658231
0.658236
0.658251
0.658262
0.658262
0.658271
0.658273
0.658275
0.658289
0.658289
0.65829
0.65829
0.658291
0.658295
0.658296
0.658296
0.658296
0.658298
0.658302
0.658303
0.658304
0.658304
0.658304
0.658304
0.658305
0.658305
0.658305
0.658306
0.658308
0.658308
0.658309
0.658309
0.658309
0.658309
0.658309
0.658309
0.658309
0.65831
0.65831
0.65831
0.65831
0.65831
0.65831
0.65831
0.65831
0.65831
0.65831
0.65831
0.65831
0.65831
0.65831
0.65831
0.65831
0.65831
0.65831
0.65831
0.65831
0.658311
0.658311
0.658311
0.658311
0.658311
0.658311
0.658311
0.658311
0.658311
0.658311
0.658311
0.658311
0.658311
0.658311
0.658311
0.658311
0.658311
0.658311
0.658311
0.658311
0.658311
0.658311
0.658311
0.658311
0.658311
0.658311
0.658311
0.658311
0.658311
0.658311
0.658311
0.658311
0.658311
0.658311
0.658311
0.658311
0.658311
0.658311
0.658311
0.658311
0.658311
0.658311
0.658311
0.658311
0.658311
0.658311
0.658311
0.658311
0.658311
0.658311
0.658311
0.658311
0.658311
0.658311
0.658311
0.658311
0.658311
0.658311
0.658311
0.658311
0.658311
0.658311
0.658311
0.658311
0.658311
0.658311
0.658311
0.658311
0.658311
0.658311
0.658311
0.658311
0.658311
0.658311
0.658311
0.658311
0.658311
0.658311
0.658311
0.658311
0.658311
0.658311
0.658311
0.658311
0.658311
0.658311
0.658311
0.658311
0.658311
0.658311
0.658311
0.658311
0.658311
0.658311
0.658311
0.658311
0.658311
0.658311
0.658311
0.658311
0.658311
0.658311
0.658311
0.658311
0.658311
0.658311
0.658311
0.658311
0.658311
0.658311
0.658311
0.658311
0.658311
0.658311
0.658311
0.658311
0.658311
0.658311
0.658311
0.658311
0.658311
0.658311
0.658311
0.658311
0.658311
0.658311
0.658311
0.658311
0.658311
0.658311
0.658311
0.658311
0.658311
0.658311
0.658311
0.658311
0.658311
0.658311
0.658311
0.658311
0.658311
0.658311
0.658311
0.658311
0.658311
0.658311
0.658311
0.658311
0.658311
0.658311
0.658311
0.658311
0.658311
0.658311
0.658311
0.658311
0.658311
0.658311
0.658311
0.658311
0.658311
0.658311
0.658311
0.658311
0.658311
0.658311
0.658311
0.658311
0.658311
0.658311
0.658311
0.658311
0.658311
0.658311
0.658311
0.658311
0.658311
0.658311
0.658311
0.658311
0.658311
0.658311
0.658311
0.658295
0.658311
0.658311
0.658311
0.658311
0.658311
0.658311
0.658311
0.658311
0.658311
0.657906
0.658311
0.658311
0.658311
0.658311
0.658311
0.658311
0.658311
0.658311
0.658311
0.658311
0.658311
0.658311
0.658311
0.658311
0.658311
0.658311
0.658311
0.658311
0.658311
0.658311
0.658311
0.658311
0.658311
0.658311
0.658311
0.658311
0.658311
0.658311
0.658311
0.658311
0.658311
0.658311
0.658311
0.658311
0.658311
0.658311
0.658311
0.658311
0.658311
0.658311
0.658311
0.658311
0.658311
0.658311
0.658311
0.658311
0.658311
0.658311
0.658311
0.658311
0.658311
0.658311
0.658311
0.658311
0.658311
0.658311
0.658311
0.658311
0.658311
0.658311
0.658311
0.658311
0.658311
0.658311
0.658311
0.658311
0.658311
0.658311
0.658311
0.658311
0.658311
0.658311
0.658311
0.658311
0.658311
0.658311
0.658311
0.658311
0.658311
0.658311
0.658311
0.658311
0.658311
0.658311
0.658311
0.658311
0.658311
0.658311
0.658311
0.658311
0.658311
0.658311
0.658311
0.658311
0.658311
0.658311
0.658311
0.658311
0.658311
0.658311
0.658311
0.658311
0.658311
0.658311
0.658311
0.658311
0.658311
0.658311


0.016473
0.0164849
0.0178165
0.0187365
0.0187414
0.0193052
0.0193243
0.0202711
0.0207932
0.0208301
0.0209222
0.0206582
0.0219741
0.0221525
0.022177
0.0224361
0.0232962
0.0234125
0.0244172
0.0249289
0.0251288
0.0256374
0.0269542
0.0282212
0.0286457
0.0288021
0.0305175
0.0319331
0.0322989
0.0327058
0.0327058
0.0342934
0.0345538
0.0353038
0.0427803
0.0427803
0.0434039
0.0439516
0.0444702
0.0446697
0.0449252
0.0525604
0.0545939
0.0558419
0.0626349
0.0667992
0.0670187
0.0688452
0.0695934
0.0748276
0.0822962
0.0822962
0.0823285
0.106205
0.107012
0.146156
0.146229
0.149923
0.150139
0.150168
0.157295
0.193283
0.193365
0.196517
0.208389
0.213131
0.217271
0.220129
0.228625
0.257863
0.298979
0.298979
0.304352
0.305771
0.350385
0.350632
0.374707
0.400972
0.434017
0.434017
0.453516
0.466657
0.47245
0.477371
0.486236
0.486494
0.500848
0.51114
0.52149
0.526833
0.529711
0.532787
0.546731
0.547113
0.553488
0.557051
0.572503
0.572947
0.578387
0.588533
0.594222
0.596797
0.604121
0.604134
0.605312
0.60895
0.609534
0.611368
0.614745
0.617957
0.617957
0.617274
0.61767
0.618478
0.620116
0.621788
0.62194
0.623083
0.623499
0.624208
0.624887
0.625462
0.62587
0.626774
0.626774
0.637259
0.638086
0.647151
0.647197
0.650663
0.665046
0.665727
0.673577
0.675166
0.683893
0.691048
0.691072
0.692137
0.70651
0.711564
0.711575
0.716004
0.716051
0.719383
0.71951
0.7201
0.7201
0.720135
0.723188
0.723205
0.723397
0.723419
0.724159
0.724171
0.726986
0.727374
0.730883
0.730911
0.734113
0.734121
0.734137
0.73648
0.736514
0.736901
0.738448
0.738448
0.7393
0.739457
0.739568
0.740395
0.740499
0.740436
0.741381
0.74139
0.741434
0.741557
0.741557
0.741594
0.741976
0.741976
0.742062
0.742062
0.742084
0.742085
0.742189
0.742392
0.742433
0.742499
0.742518
0.742527
0.742757
0.742757
0.742766
0.742767
0.742783
0.742804
0.74291
0.742911
0.742911
0.742998
0.743067
0.743067
0.743091
0.7431
0.743101
0.743101
0.743102
0.743106
0.743114
0.743115
0.743119
0.743119
0.743126
0.743126
0.743129
0.743129
0.743144
0.743144
0.74315
0.743153
0.743153
0.743151
0.743154
0.743157
0.743157
0.743157
0.743157
0.743159
0.743163
0.743165
0.743167
0.743167
0.743167
0.743167
0.743171
0.743171
0.743175
0.743175
0.743175
0.743175
0.743176
0.743176
0.743176
0.743176
0.743177
0.743178
0.743178
0.743179
0.743179
0.743179
0.743179
0.74318
0.74318
0.74318
0.74318
0.74318
0.74318
0.74318
0.74318
0.74318
0.74318
0.74318
0.74318
0.74318
0.74318
0.743181
0.743181
0.743181
0.743181
0.743181
0.743181
0.743181
0.743181
0.743181
0.743181
0.743181
0.743181
0.743181
0.743181
0.743181
0.743181
0.743181
0.743181
0.743181
0.743181
0.743181
0.743181
0.743181
0.743181
0.743181
0.743181
0.743181
0.743181
0.743181
0.743181
0.743181
0.743181
0.743181
0.743181
0.743181
0.743181
0.743181
0.743181
0.743181
0.743181
0.743181
0.743181
0.743181
0.743181
0.743181
0.743181
0.743181
0.743181
0.743181
0.743181
0.743181
0.743181
0.743181
0.743181
0.743181
0.743181
0.743181
0.743181
0.743181
0.743181
0.743181
0.743181
0.743181
0.743181
0.743181
0.743181
0.743181
0.743181
0.743181
0.743181
0.743181
0.743181
0.743181
0.743181
0.743181
0.743181
0.743181
0.743181
0.743181
0.743181
0.743181
0.743181
0.743181
0.743181
0.743181
0.743181
0.743181
0.743181
0.743181
0.743181
0.743181
0.743181
0.743181
0.743181
0.743181
0.743181
0.743181
0.743181
0.743181
0.743181
0.743181
0.743181
0.743181
0.743181
0.743181
0.743181
0.743181
0.743181
0.743181
0.743181
0.743181
0.743181
0.743181
0.743181
0.743181
0.743181
0.743181
0.743181
0.743181
0.743181
0.743181
0.743181
0.743181
0.743181
0.743181
0.743181
0.743181
0.743181
0.743181
0.743181
0.743181
0.743181
0.743181
0.743181
0.743181
0.743181
0.743181
0.743181
0.743181
0.743181
0.743181
0.743181
0.743181
0.743181
0.743181
0.743181
0.743181
0.743181
0.743181
0.743181
0.743181
0.743181
0.743181
0.743181
0.743181
0.743181
0.743181
0.743181
0.743181
0.743181
0.743181
0.743181
0.743181
0.743181
0.743181
0.743181
0.743181
0.743181
0.743181
0.743181
0.743181
0.743181
0.743181
0.743181
0.743181
0.743181
0.743181
0.743181
0.743181
0.743181
0.743181
0.743181
0.743181
0.743181
0.743181
0.743181
0.743181
0.743181
0.743181
0.743181
0.743181
0.743181
0.743181
0.743181
0.743181
0.743181
0.743181
0.743181
0.743181
0.743181
0.743181
0.743181
0.743181
0.743181
0.743181
0.743181
0.743181
0.743181
0.743181
0.743181
0.743181
0.743181
0.743181
0.743181
0.743181
0.743181
0.743181
0.743181
0.743181
0.743181
0.743181
0.743181
0.743181
0.743181
0.743181
0.743181
0.743181
0.743181
0.743181
0.743181
0.743181
0.743181
0.743181
0.743181
0.743181


0.0111257
0.0112364
0.0113935
0.0119698
0.0120662
0.0128201
0.0128803
0.0131573
0.0132542
0.0138928
0.0144272
0.0144855
0.0148389
0.0153623
0.0160187
0.0160539
0.0163239
0.0164649
0.016752
0.0169192
0.0172045
0.0178304
0.0178304
0.0178316
0.018435
0.0185894
0.0186
0.0192308
0.0196888
0.0197693
0.0201256
0.0208313
0.0208909
0.0213367
0.0237194
0.0242162
0.0242162
0.025206
0.0264619
0.0264619
0.0282824
0.0298542
0.0317138
0.0322619
0.0345895
0.0371027
0.0443579
0.0573256
0.057995
0.057995
0.0587166
0.0592657
0.061034
0.0738277
0.0782707
0.0784108
0.0839584
0.0839584
0.097638
0.0976673
0.109164
0.113536
0.117844
0.122745
0.135696
0.149193
0.151385
0.175887
0.177542
0.200036
0.20768
0.217739
0.217739
0.236827
0.23803
0.238498
0.248053
0.258427
0.269496
0.273203
0.283417
0.285759
0.293274
0.299159
0.32718
0.33861
0.34162
0.347881
0.347881
0.350356
0.356933
0.362044
0.369277
0.37357
0.375034
0.375085
0.379909
0.380231
0.381697
0.381978
0.384115
0.384765
0.384825
0.388608
0.388608
0.388967
0.389101
0.390301
0.391244
0.391802
0.391893
0.392276
0.392352
0.3924
0.392447
0.392697
0.392966
0.393641
0.393641
0.393706
0.393881
0.394081
0.394085
0.394314
0.394337
0.394448
0.394568
0.394595
0.394626
0.394725
0.394736
0.394757
0.394824
0.394835
0.394901
0.394904
0.394915
0.394943
0.394961
0.394984
0.395036
0.395036
0.395064
0.395092
0.395094
0.395094
0.395104
0.395104
0.395106
0.395106
0.395113
0.395108
0.395113
0.395117
0.395117
0.395123
0.395125
0.395128
0.395129
0.395131
0.395132
0.395137
0.395137
0.395138
0.395138
0.395139
0.395139
0.395142
0.395142
0.395142
0.395145
0.395145
0.395146
0.395146
0.395146
0.395147
0.395148
0.395148
0.39515
0.39515
0.39515
0.395151
0.395151
0.395151
0.395151
0.395151
0.395152
0.395152
0.395153
0.395153
0.395153
0.395153
0.395153
0.395153
0.395153
0.395153
0.395153
0.395153
0.395153
0.395153
0.395153
0.395154
0.395154
0.395154
0.395154
0.395154
0.395154
0.395154
0.395154
0.395154
0.395154
0.395154
0.395154
0.395154
0.395154
0.395154
0.395154
0.395154
0.395154
0.395154
0.395154
0.395154
0.395154
0.395154
0.395154
0.395154
0.395154
0.395154
0.395154
0.395154
0.395154
0.395154
0.395154
0.395154
0.395154
0.395154
0.395154
0.395154
0.395154
0.395154
0.395154
0.395154
0.395154
0.395154
0.395154
0.395154
0.395154
0.395154
0.395154
0.395154
0.395154
0.395154
0.395154
0.395154
0.395154
0.395154
0.395154
0.395154
0.395154
0.395154
0.395154
0.395154
0.395154
0.395154
0.395154
0.395154
0.395154
0.395154
0.395154
0.395154
0.395154
0.395154
0.395154
0.395154
0.395154
0.395154
0.395154
0.395154
0.395154
0.395154
0.395154
0.395154
0.395154
0.395154
0.395154
0.395154
0.395154
0.395154
0.395154
0.395154
0.395154
0.395154
0.395154
0.395154
0.395154
0.395154
0.395154
0.395154
0.395154
0.395154
0.395154
0.395154
0.395154
0.395154
0.395154
0.395154
0.395154
0.395154
0.395154
0.395154
0.395154
0.395154
0.395154
0.395154
0.395154
0.395154
0.395154
0.395154
0.395154
0.395154
0.395154
0.395154
0.395154
0.395154
0.395154
0.395154
0.395154
0.395154
0.395154
0.395154
0.395154
0.395154
0.395154
0.395154
0.395154
0.395154
0.395154
0.395154
0.395154
0.395154
0.395154
0.395154
0.395154
0.395154
0.395154
0.395154
0.395154
0.395154
0.395154
0.395154
0.395154
0.395154
0.395154
0.395154
0.395154
0.395154
0.395154
0.395154
0.395154
0.395154
0.395154
0.395154
0.395154
0.395154
0.395154
0.395154
0.395154
0.395154
0.395154
0.395154
0.395154
0.395154
0.395154
0.395154
0.395154
0.395154
0.395154
0.395154
0.395154
0.395154
0.395154
0.395154
0.395154
0.395154
0.395154
0.395154
0.395154
0.395154
0.395154
0.395154
0.395154
0.395154
0.395154
0.395154
0.395154
0.395154
0.395154
0.395154
0.395154
0.395154
0.395154
0.395154
0.395154
0.395154
0.395154
0.395154
0.395154
0.395154
0.395154
0.395154
0.395154
0.395154
0.395154
0.395154
0.395154
0.395154
0.395154
0.395154
0.395154
0.395154
0.395154
0.395154
0.395154
0.395154
0.395154
0.395154
0.395154
0.395154
0.395154
0.395154
0.395154
0.395154
0.395154
0.395154
0.395154
0.395154
0.395154
0.395154
0.395154
0.395154
0.395154
0.395154
0.395154
0.395154
0.395154
0.395154
0.395154
0.395154
0.395154
0.395154
0.395154
0.395154
0.395154
0.395154
0.395154
0.395154
0.395154
0.395154
0.395154
0.395154
0.395154
0.395154
0.395154
0.395154
0.395154
0.395154
0.395154
0.395154
0.395154
0.395154
0.395154
0.395154
0.395154
0.395154
0.395154
0.395154
0.395154
0.395154
0.395154
0.395154
0.395154
0.395154
0.395154
0.395154
0.395154
0.395154
0.395154
0.395154
0.395154
0.395154
0.395154
0.395154
0.395154
0.395154
0.395154
0.395154
0.395154
0.395154
0.395154
0.395154


0.0150589
0.017395
0.0181262
0.0190471
0.0191769
0.01978
0.0216003
0.023372
0.023372
0.0256013
0.0259861
0.026483
0.0268917
0.0292981
0.0301682
0.0301682
0.0301699
0.0315684
0.0328344
0.0334675
0.0338587
0.0351336
0.0364161
0.0364161
0.0429931
0.0449504
0.0472447
0.0503491
0.0505621
0.056511
0.0579404
0.0578973
0.0583629
0.0599754
0.0632648
0.0733395
0.0740332
0.0804502
0.0916592
0.0957685
0.104932
0.102615
0.110763
0.110839
0.111177
0.124418
0.133685
0.133685
0.134472
0.151964
0.171492
0.171492
0.178049
0.190869
0.210956
0.212213
0.221727
0.22699
0.235669
0.273944
0.294855
0.303096
0.349502
0.351232
0.355486
0.356217
0.358969
0.364584
0.36775
0.397988
0.419979
0.425137
0.436175
0.437081
0.441027
0.457365
0.480885
0.486217
0.49247
0.49247
0.49247
0.502969
0.515145
0.515562
0.523734
0.531093
0.541122
0.549195
0.550601
0.559558
0.576354
0.567072
0.567258
0.580587
0.580764
0.580898
0.580994
0.582927
0.592147
0.593765
0.595327
0.597125
0.597125
0.597125
0.597206
0.606187
0.609644
0.61221
0.612795
0.616092
0.616949
0.618605
0.619187
0.619826
0.619826
0.619835
0.621397
0.624274
0.624608
0.624615
0.625929
0.626099
0.626481
0.626483
0.627026
0.628116
0.628502
0.629872
0.629872
0.630695
0.632112
0.632638
0.632642
0.632642
0.632684
0.633107
0.633169
0.633354
0.633354
0.633531
0.633976
0.63399
0.634111
0.634328
0.634328
0.634328
0.634794
0.634794
0.634794
0.634796
0.634836
0.635034
0.635063
0.635072
0.635078
0.635078
0.635097
0.635146
0.635146
0.635269
0.635286
0.63529
0.635316
0.635316
0.635321
0.63537
0.63537
0.63537
0.635393
0.635393
0.635398
0.635412
0.635426
0.635429
0.635433
0.635433
0.635437
0.635441
0.635441
0.635443
0.635443
0.635445
0.635446
0.635449
0.63545
0.635453
0.635453
0.635456
0.635456
0.635458
0.63546
0.63546
0.63546
0.635461
0.635461
0.635461
0.635462
0.635463
0.635463
0.635464
0.635464
0.635464
0.635465
0.635465
0.635465
0.635466
0.635466
0.635466
0.635466
0.635466
0.635466
0.635467
0.635467
0.635467
0.635467
0.635467
0.635467
0.635468
0.635468
0.635468
0.635468
0.635468
0.635468
0.635468
0.635468
0.635468
0.635468
0.635468
0.635468
0.635468
0.635468
0.635468
0.635468
0.635468
0.635468
0.635468
0.635468
0.635468
0.635468
0.635468
0.635468
0.635468
0.635468
0.635468
0.635468
0.635468
0.635468
0.635468
0.635468
0.635468
0.635468
0.635468
0.635468
0.635468
0.635468
0.635468
0.635468
0.635468
0.635468
0.635468
0.635468
0.635468
0.635468
0.635468
0.635468
0.635468
0.635468
0.635468
0.635468
0.635468
0.635468
0.635468
0.635468
0.635468
0.635468
0.635468
0.635468
0.635468
0.635468
0.635468
0.635468
0.635468
0.635468
0.635468
0.635468
0.635468
0.635468
0.635468
0.635468
0.635468
0.635468
0.635468
0.635468
0.635468
0.635468
0.635468
0.635468
0.635468
0.635468
0.635468
0.635468
0.635468
0.635468
0.635468
0.635468
0.635468
0.635468
0.635468
0.635468
0.635468
0.635468
0.635468
0.635468
0.635468
0.635468
0.635468
0.635468
0.635468
0.635468
0.635468
0.635468
0.635468
0.635468
0.635468
0.635468
0.635468
0.635468
0.635468
0.635468
0.635468
0.635468
0.635468
0.635468
0.635468
0.635468
0.635468
0.635468
0.635468
0.635468
0.635468
0.635468
0.635468
0.635468
0.635468
0.635468
0.635468
0.635468
0.635468
0.635468
0.635468
0.635468
0.635468
0.635468
0.635468
0.635468
0.635468
0.635468
0.635468
0.635468
0.635468
0.635468
0.635468
0.635468
0.635468
0.635468
0.635468
0.635468
0.635468
0.635468
0.635468
0.635468
0.635468
0.635468
0.635468
0.635468
0.635468
0.635468
0.635468
0.635468
0.635468
0.635468
0.635468
0.635468
0.635468
0.635468
0.635468
0.635468
0.635468
0.635468
0.635468
0.635468
0.635468
0.635468
0.635468
0.635468
0.635468
0.635468
0.635468
0.635468
0.635468
0.635468
0.635468
0.635468
0.635468
0.635468
0.635468
0.635468
0.635468
0.635468
0.635468
0.635468
0.635468
0.635468
0.635468
0.635468
0.635468
0.635468
0.635468
0.635468
0.635468
0.635468
0.635468
0.635468
0.635468
0.635468
0.635468
0.635468
0.635468
0.635468
0.635468
0.635468
0.635468
0.635468
0.635468
0.635468
0.635468
0.635468
0.635468
0.635468
0.635468
0.635468
0.635468
0.635468
0.635468
0.635468
0.635468
0.635468
0.635468
0.635468
0.635468
0.635468
0.635468
0.635468
0.635468
0.635468
0.635468
0.635468
0.635468
0.635468
0.635468
0.635468
0.635468
0.635468
0.635468
0.635468
0.635468
0.635468
0.635468
0.635468
0.635468
0.635468
0.624976
0.634449
0.635464
0.635468
0.635468
0.635468
0.635468
0.635468
0.635468
0.635468
0.635468
0.635468
0.635468
0.635468
0.635468
0.635468
0.635468
0.635468
0.635468
0.635468
0.635468
0.635468
0.635468
0.635468
0.635468
0.635468
0.635468
0.635468
0.635468


0.0133012
0.0141151
0.0149371
0.0155345
0.0156479
0.0156551
0.016123
0.0163684
0.0171973
0.0173504
0.017742
0.0177781
0.0177882
0.0179553
0.0179553
0.0183264
0.0187886
0.0188317
0.0192001
0.0193429
0.0198158
0.0192995
0.0207071
0.0207071
0.0210872
0.0211807
0.0219805
0.0220562
0.022248
0.0233664
0.0246148
0.0252782
0.028112
0.0293939
0.0297782
0.0316771
0.0317257
0.0345274
0.0371994
0.0376174
0.0415779
0.0430354
0.0466267
0.0528659
0.0528659
0.0595604
0.0598893
0.0612636
0.0653697
0.0658794
0.106018
0.106018
0.111559
0.125998
0.136538
0.145203
0.177413
0.182716
0.210304
0.210304
0.218224
0.23259
0.245358
0.253871
0.274515
0.304443
0.313049
0.317309
0.362581
0.396581
0.398253
0.406083
0.413362
0.427065
0.437685
0.448978
0.450917
0.52522
0.52522
0.528381
0.532251
0.559641
0.563427
0.58327
0.584824
0.584824
0.602828
0.607401
0.620668
0.636147
0.636414
0.638038
0.660872
0.660872
0.661725
0.679635
0.681054
0.691179
0.692116
0.699219
0.700007
0.702648
0.702648
0.703665
0.705026
0.709359
0.709359
0.714182
0.71431
0.71514
0.723522
0.723522
0.727229
0.727763
0.727996
0.728155
0.729881
0.731221
0.733479
0.733517
0.733877
0.73391
0.734372
0.734498
0.734915
0.734971
0.735897
0.735914
0.735914
0.735955
0.736329
0.736329
0.736344
0.736344
0.736616
0.736984
0.736991
0.737088
0.737143
0.737185
0.737266
0.737267
0.737304
0.737328
0.737595
0.737596
0.737645
0.737701
0.737745
0.737747
0.737755
0.737916
0.737921
0.737921
0.737988
0.737988
0.738041
0.738042
0.738042
0.738068
0.738078
0.738085
0.738102
0.738102
0.738102
0.738103
0.738116
0.738116
0.738119
0.738133
0.738133
0.738145
0.738149
0.73815
0.738154
0.738156
0.738162
0.738166
0.738167
0.738169
0.738171
0.738172
0.738174
0.738175
0.738177
0.738177
0.738177
0.738177
0.73818
0.738181
0.738181
0.738181
0.738181
0.738182
0.738183
0.738185
0.738186
0.738186
0.738188
0.738188
0.738188
0.738189
0.738189
0.738189
0.73819
0.738191
0.738191
0.738191
0.738191
0.738192
0.738192
0.738192
0.738192
0.738192
0.738192
0.738192
0.738192
0.738192
0.738192
0.738192
0.738192
0.738192
0.738192
0.738193
0.738193
0.738193
0.738193
0.738193
0.738193
0.738193
0.738193
0.738193
0.738193
0.738193
0.738193
0.738193
0.738193
0.738193
0.738193
0.738193
0.738193
0.738193
0.738193
0.738193
0.738193
0.738193
0.738193
0.738193
0.738193
0.738193
0.738193
0.738193
0.738193
0.738193
0.738193
0.738193
0.738193
0.738193
0.738193
0.738193
0.738193
0.738193
0.738193
0.738193
0.738193
0.738193
0.738193
0.738193
0.738193
0.738193
0.738193
0.738193
0.738193
0.738193
0.738193
0.738193
0.738193
0.738193
0.738193
0.738193
0.738193
0.738193
0.738193
0.738193
0.738193
0.738193
0.738193
0.738193
0.738193
0.738193
0.738193
0.738193
0.738193
0.738193
0.738193
0.738193
0.738193
0.738193
0.738193
0.738193
0.738193
0.738193
0.738193
0.738193
0.738193
0.738193
0.738193
0.738193
0.738193
0.738193
0.738193
0.738193
0.738193
0.738193
0.738193
0.738193
0.738193
0.738193
0.738193
0.738193
0.738193
0.738193
0.738193
0.738193
0.738193
0.738193
0.738193
0.738193
0.738193
0.738193
0.738193
0.738193
0.738193
0.738193
0.738193
0.738193
0.738193
0.738193
0.738193
0.738193
0.738193
0.738193
0.738193
0.738193
0.738193
0.738193
0.738193
0.738193
0.738193
0.738193
0.738193
0.738193
0.738193
0.738193
0.738193
0.738193
0.738193
0.738193
0.738193
0.738193
0.738193
0.738193
0.738193
0.738193
0.738193
0.738193
0.738193
0.738193
0.738193
0.738193
0.738193
0.738183
0.738193
0.738193
0.738193
0.738193
0.738193
0.738193
0.738193
0.738193
0.738193
0.738193
0.738193
0.738193
0.738193
0.738193
0.738193
0.738193
0.738193
0.738193
0.738193
0.738193
0.738193
0.738193
0.738193
0.738193
0.738193
0.738193
0.738193
0.738193
0.738193
0.738193
0.738193
0.738193
0.738193
0.738193
0.738193
0.738193
0.738193
0.738193
0.738193
0.738193
0.738193
0.738193
0.738193
0.738193
0.738193
0.738193
0.738193
0.738193
0.738193
0.738193
0.738193
0.738193
0.738193
0.738193
0.738193
0.738193
0.738193
0.738193
0.738193
0.738193
0.738193
0.738193
0.738193
0.738193
0.738193
0.738193
0.738193
0.738193
0.738193
0.738193
0.738193
0.738193
0.738193
0.738193
0.738193
0.738193
0.738193
0.738193
0.738193
0.738193
0.738193
0.738193
0.738193
0.738193
0.738193
0.738193
0.738193
0.738193
0.738193
0.738193
0.738193
0.738193
0.738193
0.738193
0.738193
0.738193
0.738193
0.738193
0.738193
0.738193
0.738193
0.738193
0.738193
0.738193
0.738193
0.738193
0.738193
0.738193
0.738193
0.738193
0.738193
0.738193
0.738193
0.738193
0.738193
0.738193
0.738193
0.738193
0.738193
0.738193
0.738193
0.738193
0.738193
0.738193
0.738193
0.738193
0.738193
0.738193


0.00959446
0.00967038
0.0101432
0.0110917
0.0110917
0.0113392
0.0116755
0.0118026
0.0119572
0.0128254
0.0128254
0.0135203
0.0137084
0.0140894
0.0144198
0.0146865
0.0149677
0.0149684
0.0150546
0.0150834
0.0152515
0.015308
0.0157301
0.0162345
0.0162345
0.0164024
0.0166941
0.016922
0.0170593
0.0182156
0.0190631
0.0190631
0.0194338
0.0197764
0.0211756
0.021604
0.022574
0.0245041
0.0245216
0.0247622
0.0338827
0.0342734
0.0342734
0.0348183
0.0454491
0.0454491
0.045958
0.0467361
0.0467361
0.0468922
0.0473255
0.0503421
0.0562423
0.0651536
0.0662406
0.0739393
0.0744428
0.0745863
0.0779572
0.0838829
0.0921661
0.0950359
0.0979935
0.10178
0.108783
0.114838
0.11839
0.119781
0.126344
0.131757
0.137577
0.138143
0.142007
0.151701
0.15793
0.161423
0.166106
0.166106
0.166303
0.168558
0.170164
0.170054
0.170574
0.17389
0.17389
0.177862
0.178614
0.178815
0.179883
0.180161
0.183528
0.184875
0.186374
0.186429
0.186725
0.18677
0.18679
0.187176
0.18734
0.187733
0.188126
0.188322
0.188467
0.1888
0.188836
0.189341
0.189402
0.189806
0.189845
0.18989
0.189937
0.190398
0.190398
0.190398
0.190445
0.190637
0.190643
0.190701
0.190824
0.190845
0.190862
0.190875
0.190892
0.190956
0.190956
0.190967
0.191029
0.191035
0.191041
0.19106
0.191072
0.191093
0.191114
0.191119
0.191153
0.191169
0.191175
0.191183
0.191183
0.191183
0.191203
0.191209
0.19121
0.191211
0.191213
0.191218
0.191219
0.191222
0.191223
0.191223
0.191223
0.191226
0.191232
0.191233
0.191234
0.191234
0.191234
0.191235
0.191235
0.191235
0.191236
0.191236
0.191237
0.191237
0.191238
0.191238
0.191238
0.191239
0.191239
0.191239
0.191239
0.191239
0.191239
0.191239
0.191239
0.191239
0.191239
0.19124
0.19124
0.19124
0.19124
0.19124
0.19124
0.19124
0.19124
0.19124
0.19124
0.19124
0.19124
0.19124
0.19124
0.19124
0.19124
0.19124
0.19124
0.19124
0.19124
0.19124
0.19124
0.19124
0.19124
0.19124
0.19124
0.191241
0.191241
0.191241
0.191241
0.191241
0.191241
0.191241
0.191241
0.191241
0.191241
0.191241
0.191241
0.191241
0.191241
0.191241
0.191241
0.191241
0.191241
0.191241
0.191241
0.191241
0.191241
0.191241
0.191241
0.191241
0.191241
0.191241
0.191241
0.191241
0.191241
0.191241
0.191241
0.191241
0.191241
0.191241
0.191241
0.191241
0.191241
0.191241
0.191241
0.191241
0.191241
0.191241
0.191241
0.191241
0.191241
0.191241
0.191241
0.191241
0.191241
0.191241
0.191241
0.191241
0.191241
0.191241
0.191241
0.191241
0.191241
0.191241
0.191241
0.191241
0.191241
0.191241
0.191241
0.191241
0.191241
0.191241
0.191241
0.191241
0.191241
0.191241
0.191241
0.191241
0.191241
0.191241
0.191241
0.191241
0.191241
0.191241
0.191241
0.191241
0.191241
0.191241
0.191241
0.191241
0.191241
0.191241
0.191241
0.191241
0.191241
0.191241
0.191241
0.191241
0.191241
0.191241
0.191241
0.191241
0.191241
0.191241
0.191241
0.191241
0.191241
0.191241
0.191241
0.191241
0.191241
0.191241
0.191241
0.191241
0.191241
0.191241
0.191241
0.191241
0.191241
0.191241
0.191241
0.191241
0.191241
0.191241
0.191241
0.191241
0.191241
0.191241
0.191241
0.191241
0.191241
0.191241
0.191241
0.191241
0.191241
0.191241
0.191241
0.191241
0.191241
0.191241
0.191241
0.191241
0.191241
0.191241
0.191241
0.191241
0.191241
0.191241
0.191241
0.191241
0.191241
0.191241
0.191241
0.191241
0.191241
0.191241
0.191241
0.191241
0.191241
0.191241
0.191241
0.191241
0.191241
0.191241
0.191241
0.191241
0.191241
0.191241
0.191241
0.191241
0.191241
0.191241
0.191241
0.191241
0.191241
0.191241
0.191241
0.191241
0.191241
0.191241
0.191241
0.191241
0.191241
0.191241
0.191241
0.191241
0.191241
0.191241
0.191241
0.191241
0.191241
0.191241
0.191241
0.191241
0.191241
0.191241
0.191241
0.191241
0.191241
0.191241
0.191241
0.191241
0.191241
0.191241
0.191241
0.191241
0.191241
0.191241
0.191241
0.191241
0.191241
0.191241
0.191241
0.191241
0.191241
0.191241
0.191241
0.191241
0.191241
0.191241
0.191241
0.191241
0.191241
0.191241
0.191241
0.191241
0.191241
0.191241
0.191241
0.191241
0.191241
0.191241
0.191241
0.191241
0.191241
0.191241
0.191241
0.191241
0.191241
0.191241
0.191241
0.191241
0.191241
0.191241
0.191241
0.191241
0.191241
0.191241
0.191241
0.191241
0.191241
0.191241
0.191241
0.191241
0.191241
0.191241
0.191241
0.191241
0.191241
0.191241
0.191241
0.191241
0.191241
0.191241
0.191241
0.191241
0.191241
0.191241
0.191241
0.191241
0.191241
0.191241
0.191241
0.191241
0.191241
0.191241
0.191241
0.191241
0.191241
0.191241
0.191241
0.191241
0.191241
0.191241
0.191241
0.191241
0.191241
0.191241
0.191241
0.191241
0.191241
0.191241
0.191241
0.191241
0.191241
0.191241
0.191241
0.191241
0.191241
0.191241
0.191241
0.191241


0.00889578
0.00936564
0.0096153
0.00966532
0.0101319
0.0105845
0.0105845
0.0106736
0.0110348
0.0115951
0.0116244
0.0120134
0.012319
0.0123574
0.0129086
0.0130481
0.0130482
0.0130482
0.0132362
0.0133386
0.0135329
0.0137831
0.0137831
0.014162
0.0143182
0.0146003
0.0149011
0.0155225
0.0162509
0.0162526
0.0184332
0.0194528
0.0203543
0.0216246
0.0227138
0.0276053
0.0276053
0.0291846
0.0293852
0.0295234
0.0301222
0.034747
0.0373994
0.038035
0.0414072
0.0414072
0.0496242
0.0496242
0.0504325
0.057033
0.0576206
0.062133
0.063114
0.0857927
0.0888777
0.0888777
0.0907205
0.099287
0.100753
0.108853
0.108853
0.129287
0.13221
0.144856
0.148738
0.151174
0.153905
0.156609
0.162109
0.164672
0.164672
0.166664
0.169819
0.179049
0.182301
0.183883
0.189905
0.190086
0.1946
0.196439
0.204896
0.205096
0.206834
0.206834
0.210986
0.211022
0.211095
0.21305
0.213508
0.213511
0.214756
0.217998
0.218145
0.219076
0.219076
0.220384
0.220525
0.221016
0.221483
0.222621
0.223235
0.223663
0.223714
0.223954
0.224327
0.224588
0.224759
0.22489
0.224941
0.224941
0.225002
0.225161
0.22523
0.225346
0.22541
0.225442
0.225456
0.225473
0.225518
0.225586
0.225586
0.225588
0.225596
0.225601
0.225605
0.225674
0.225681
0.225722
0.225738
0.225749
0.225752
0.225779
0.225781
0.225784
0.225784
0.225793
0.225798
0.225799
0.225802
0.225802
0.225807
0.225807
0.225808
0.225809
0.225813
0.225813
0.225815
0.225819
0.225819
0.22582
0.22582
0.225821
0.225821
0.225821
0.225822
0.225822
0.225823
0.225823
0.225823
0.225824
0.225825
0.225825
0.225825
0.225825
0.225826
0.225826
0.225827
0.225827
0.225827
0.225827
0.225827
0.225827
0.225827
0.225827
0.225827
0.225827
0.225827
0.225827
0.225827
0.225827
0.225827
0.225827
0.225827
0.225827
0.225827
0.225827
0.225827
0.225827
0.225827
0.225827
0.225827
0.225827
0.225827
0.225827
0.225827
0.225827
0.225827
0.225827
0.225827
0.225827
0.225827
0.225827
0.225827
0.225827
0.225827
0.225827
0.225827
0.225827
0.225827
0.225827
0.225827
0.225827
0.225827
0.225827
0.225827
0.225827
0.225827
0.225827
0.225827
0.225827
0.225827
0.225827
0.225827
0.225827
0.225827
0.225827
0.225827
0.225827
0.225827
0.225827
0.225827
0.225827
0.225827
0.225827
0.225827
0.225827
0.225827
0.225827
0.225827
0.225827
0.225827
0.225827
0.225827
0.225827
0.225827
0.225827
0.225827
0.225827
0.225827
0.225827
0.225827
0.225827
0.225827
0.225827
0.225827
0.225827
0.225827
0.225827
0.225827
0.225827
0.225827
0.225827
0.225827
0.225827
0.225827
0.225827
0.225827
0.225827
0.225827
0.225827
0.225827
0.225827
0.225827
0.225827
0.225827
0.225827
0.225827
0.225827
0.225827
0.225827
0.225827
0.225827
0.225827
0.225827
0.225827
0.225827
0.225827
0.225827
0.225827
0.225827
0.225827
0.226733
0.228116
0.228116
0.23144
0.23144
0.23144
0.23144
0.232201
0.232201
0.253746
0.253746
0.253746
0.255012
0.255012
0.259535
0.259535
0.26582
0.26582
0.275823
0.275823
0.275823
0.275823
0.275823
0.292678
0.334194
0.334194
0.339133
0.339133
0.341318
0.341918
0.342025
0.342025
0.347193
0.349249
0.364107
0.402676
0.4122
0.4122
0.416014
0.418174
0.424829
0.424829
0.428761
0.428761
0.433109
0.439767
0.439767
0.439909
0.439909
0.442391
0.442471
0.443629
0.44391
0.44391
0.44391
0.444488
0.445005
0.467304
0.472567
0.472567
0.472567
0.473217
0.473616
0.474476
0.474476
0.474476
0.475367
0.4758
0.476253
0.476363
0.476385
0.476426
0.476426
0.476426
0.476761
0.476761
0.477364
0.477364
0.477364
0.477392
0.477707
0.477923
0.478838
0.478868
0.478973
0.481183
0.481859
0.481859
0.484899
0.486302
0.487096
0.487096
0.487701
0.490327
0.492561
0.49569
0.49569
0.499279
0.502149
0.505315
0.503713
0.50513
0.50513
0.509619
0.509863
0.509863
0.513171
0.513274
0.513274
0.513931
0.514043
0.514043
0.514309
0.514522
0.515024
0.515621
0.516418
0.516418
0.517451
0.517451
0.518016
0.518698
0.519371
0.519371
0.519371
0.519592
0.519592
0.519605
0.520431
0.520431
0.521894
0.522312
0.522312
0.522372
0.522786
0.522901
0.522901
0.523001
0.523134
0.523568
0.523248
0.523248
0.523651
0.523784
0.523809
0.523812
0.523812
0.52391
0.52391
0.52397
0.523909
0.523984
0.524027
0.524311
0.524502
0.524518
0.524675
0.52486
0.52486
0.52486
0.525053
0.525332
0.525607
0.525607
0.525763
0.52577
0.525893
0.525893
0.525893
0.525893
0.526237
0.526237
0.526282
0.526282
0.526282
0.526282
0.526282
0.526283
0.526323
0.526358
0.526363
0.526363
0.526363
0.526407
0.526407
0.526407
0.526453
0.526453
0.526453
0.526457
0.526529
0.526529
0.526551
0.526553
0.526553
0.526556
0.526585
0.526585
0.526592
0.526592
0.526594
0.526599
0.5266
0.526601
0.526613
0.526613
0.526633
0.526644
0.526715


0.0108121
0.0114183
0.0118573
0.0120927
0.013126
0.013126
0.0134493
0.0141993
0.0155194
0.0156765
0.0161901
0.0163841
0.0168277
0.0168334
0.017125
0.0175196
0.0175196
0.0180444
0.0191275
0.0193445
0.0209317
0.0212748
0.0212748
0.0214848
0.0222327
0.0232642
0.0239883
0.0243091
0.0251154
0.025913
0.0283638
0.0292327
0.0327233
0.033155
0.0379762
0.0398301
0.0499771
0.0605534
0.0605534
0.0695019
0.0771624
0.0819218
0.0901724
0.0902132
0.0957111
0.0965016
0.102747
0.10734
0.115012
0.119588
0.121824
0.132224
0.133425
0.139337
0.15418
0.155713
0.175434
0.177445
0.198983
0.253014
0.259902
0.302633
0.302633
0.316054
0.325463
0.325463
0.333369
0.333369
0.355958
0.361143
0.386424
0.38709
0.394848
0.394848
0.411206
0.411206
0.414822
0.425263
0.453351
0.468777
0.490818
0.500608
0.502796
0.502796
0.503912
0.510799
0.521821
0.522209
0.540432
0.540432
0.540883
0.562178
0.577092
0.577092
0.602738
0.60282
0.60367
0.608274
0.612799
0.612799
0.612799
0.619806
0.625187
0.625215
0.625777
0.625824
0.63064
0.64449
0.644603
0.646023
0.64637
0.647086
0.64749
0.64749
0.655088
0.65522
0.65522
0.656277
0.65634
0.657442
0.657442
0.658884
0.658884
0.659647
0.659654
0.659671
0.660596
0.660626
0.660689
0.661158
0.661437
0.661461
0.661462
0.662107
0.662228
0.662315
0.66242
0.662664
0.663127
0.663127
0.663221
0.663459
0.663461
0.663513
0.663714
0.663716
0.663722
0.663723
0.663748
0.66381
0.663813
0.66393
0.66393
0.663932
0.663953
0.663955
0.663998
0.663998
0.664047
0.664048
0.664074
0.664077
0.66413
0.664131
0.664131
0.664169
0.664169
0.664169
0.664213
0.664215
0.664215
0.664224
0.664232
0.664255
0.664255
0.664262
0.66427
0.664272
0.664272
0.664272
0.664272
0.664273
0.664276
0.664287
0.664289
0.664289
0.664289
0.664289
0.66429
0.66429
0.664292
0.664294
0.664294
0.664294
0.664296
0.664296
0.664296
0.664296
0.664297
0.664297
0.664298
0.664298
0.664298
0.664298
0.664298
0.664298
0.664298
0.664299
0.664299
0.664299
0.664299
0.664299
0.664299
0.664299
0.664299
0.6643
0.6643
0.6643
0.6643
0.6643
0.6643
0.6643
0.6643
0.6643
0.6643
0.6643
0.6643
0.6643
0.6643
0.6643
0.6643
0.6643
0.6643
0.6643
0.6643
0.6643
0.6643
0.6643
0.6643
0.6643
0.6643
0.6643
0.6643
0.6643
0.6643
0.6643
0.6643
0.6643
0.6643
0.6643
0.6643
0.6643
0.6643
0.6643
0.6643
0.6643
0.6643
0.6643
0.6643
0.6643
0.6643
0.6643
0.6643
0.6643
0.6643
0.6643
0.6643
0.6643
0.6643
0.6643
0.6643
0.6643
0.6643
0.6643
0.6643
0.6643
0.6643
0.6643
0.6643
0.6643
0.6643
0.6643
0.6643
0.6643
0.6643
0.6643
0.6643
0.6643
0.6643
0.6643
0.6643
0.6643
0.6643
0.6643
0.6643
0.6643
0.6643
0.6643
0.6643
0.6643
0.6643
0.6643
0.6643
0.6643
0.6643
0.6643
0.6643
0.6643
0.6643
0.6643
0.6643
0.6643
0.6643
0.6643
0.6643
0.6643
0.6643
0.6643
0.6643
0.6643
0.6643
0.6643
0.6643
0.6643
0.6643
0.6643
0.6643
0.6643
0.6643
0.6643
0.6643
0.6643
0.6643
0.6643
0.6643
0.6643
0.6643
0.6643
0.6643
0.6643
0.6643
0.6643
0.6643
0.6643
0.6643
0.6643
0.6643
0.6643
0.6643
0.6643
0.6643
0.6643
0.6643
0.6643
0.6643
0.6643
0.6643
0.6643
0.6643
0.6643
0.6643
0.6643
0.6643
0.6643
0.6643
0.6643
0.6643
0.6643
0.6643
0.6643
0.6643
0.6643
0.6643
0.6643
0.6643
0.6643
0.6643
0.6643
0.6643
0.6643
0.6643
0.6643
0.6643
0.6643
0.6643
0.6643
0.6643
0.6643
0.6643
0.6643
0.6643
0.6643
0.6643
0.6643
0.6643
0.6643
0.6643
0.6643
0.6643
0.6643
0.6643
0.6643
0.6643
0.6643
0.6643
0.6643
0.6643
0.6643
0.6643
0.6643
0.6643
0.6643
0.6643
0.6643
0.6643
0.6643
0.6643
0.6643
0.6643
0.6643
0.6643
0.6643
0.6643
0.6643
0.6643
0.6643
0.6643
0.6643
0.6643
0.6643
0.6643
0.6643
0.6643
0.6643
0.6643
0.6643
0.6643
0.6643
0.6643
0.6643
0.6643
0.6643
0.6643
0.6643
0.6643
0.6643
0.6643
0.6643
0.6643
0.6643
0.6643
0.6643
0.6643
0.6643
0.6643
0.6643
0.6643
0.6643
0.6643
0.6643
0.6643
0.6643
0.6643
0.6643
0.6643
0.6643
0.6643
0.6643
0.6643
0.6643
0.6643
0.6643
0.6643
0.6643
0.6643
0.6643
0.6643
0.6643
0.6643
0.6643
0.6643
0.6643
0.6643
0.6643
0.6643
0.6643
0.6643
0.6643
0.6643
0.6643
0.6643
0.6643
0.6643
0.6643
0.6643
0.6643
0.6643
0.6643
0.6643
0.6643


0.0112468
0.0117164
0.0122353
0.0126362
0.0127603
0.0135577
0.0136175
0.0151639
0.0151639
0.0151639
0.0159305
0.0159305
0.0159504
0.0166265
0.0166265
0.0166265
0.0166265
0.0169679
0.0176649
0.0180937
0.0186098
0.019037
0.0196685
0.0205306
0.0214112
0.0238129
0.0238129
0.024044
0.0243477
0.0264453
0.0291831
0.0330375
0.0330375
0.0340195
0.0359902
0.0359902
0.0417932
0.0439695
0.0469934
0.0488778
0.0624243
0.0624243
0.0624243
0.064169
0.0678269
0.0743351
0.0743351
0.0754129
0.0799743
0.0881892
0.107111
0.103503
0.145218
0.156293
0.156293
0.156787
0.170667
0.170926
0.173914
0.218262
0.239943
0.239943
0.252414
0.252414
0.270156
0.285987
0.289761
0.306369
0.358704
0.360225
0.360225
0.361795
0.373739
0.382023
0.382336
0.383918
0.385219
0.391039
0.402392
0.407052
0.415096
0.436593
0.438128
0.438646
0.459927
0.459927
0.462396
0.467546
0.467546
0.467613
0.472923
0.474851
0.475172
0.47519
0.48046
0.484301
0.487878
0.487878
0.488151
0.488151
0.488442
0.490143
0.490456
0.495145
0.495145
0.495354
0.496832
0.499292
0.499592
0.499592
0.499592
0.500367
0.500825
0.500848
0.501366
0.501401
0.501414
0.501662
0.501851
0.502141
0.502195
0.50224
0.502671
0.502718
0.502718
0.502804
0.502824
0.502927
0.502934
0.503229
0.503229
0.503206
0.503501
0.503582
0.503584
0.503612
0.503631
0.503641
0.503652
0.503671
0.503681
0.503692
0.503708
0.503753
0.503763
0.503763
0.503776
0.503778
0.50378
0.503787
0.503788
0.503795
0.503796
0.503798
0.503802
0.503804
0.503815
0.503815
0.503816
0.503818
0.503824
0.503824
0.503824
0.503824
0.503825
0.503825
0.503826
0.503827
0.50383
0.50383
0.503833
0.503833
0.503833
0.503834
0.503834
0.503834
0.503834
0.503834
0.503835
0.503835
0.503835
0.503835
0.503835
0.503835
0.503836
0.503836
0.503836
0.503836
0.503836
0.503836
0.503836
0.503836
0.503837
0.503837
0.503837
0.503837
0.503837
0.503837
0.503837
0.503837
0.503837
0.503837
0.503837
0.503837
0.503837
0.503837
0.503837
0.503837
0.503837
0.503837
0.503837
0.503837
0.503837
0.503837
0.503837
0.503837
0.503837
0.503837
0.503837
0.503837
0.503837
0.503837
0.503837
0.503837
0.503837
0.503837
0.503837
0.503837
0.503837
0.503837
0.503837
0.503837
0.503837
0.503837
0.503837
0.503837
0.503837
0.503837
0.503837
0.503837
0.503837
0.503837
0.503837
0.503837
0.503837
0.503837
0.503837
0.503837
0.503837
0.503837
0.503837
0.503837
0.503837
0.503837
0.503837
0.503837
0.503837
0.503837
0.503837
0.503837
0.503837
0.503837
0.503837
0.503837
0.503837
0.503837
0.503837
0.503837
0.503837
0.503837
0.503837
0.503837
0.503837
0.503837
0.503837
0.503837
0.503837
0.503837
0.503837
0.503837
0.503837
0.503837
0.503837
0.503837
0.503837
0.503837
0.503837
0.503837
0.503837
0.503837
0.503837
0.503837
0.503837
0.503837
0.503837
0.503837
0.503837
0.503837
0.503837
0.503837
0.503837
0.503837
0.503837
0.503837
0.503837
0.503837
0.503837
0.503837
0.503837
0.503837
0.503837
0.503837
0.503837
0.503837
0.503837
0.503837
0.503837
0.503837
0.503837
0.503837
0.503837
0.503837
0.503837
0.503837
0.503837
0.503837
0.503837
0.503837
0.503837
0.503837
0.503837
0.503837
0.503837
0.503837
0.503837
0.503837
0.503837
0.503837
0.503837
0.503837
0.503837
0.503837
0.503837
0.503837
0.503837
0.503837
0.503837
0.503837
0.503837
0.503837
0.503837
0.500704
0.503837
0.503837
0.503837
0.503837
0.503837
0.503837
0.503837
0.503837
0.503837
0.503837
0.503837
0.503837
0.503837
0.503837
0.503837
0.503837
0.503837
0.503837
0.503837
0.503837
0.503837
0.503837
0.503837
0.503837
0.503837
0.503837
0.503837
0.503837
0.503837
0.503837
0.503837
0.503837
0.503837
0.503837
0.503837
0.503837
0.503837
0.503837
0.503837
0.503837
0.503837
0.503837
0.503837
0.503837
0.503837
0.503837
0.503837
0.503837
0.503837
0.503837
0.503837
0.503837
0.503837
0.503837
0.503837
0.503837
0.503837
0.503837
0.503837
0.503837
0.503837
0.503837
0.503837
0.503837
0.503837
0.503837
0.503837
0.503837
0.503837
0.503837
0.503837
0.503837
0.503837
0.503837
0.503837
0.503837
0.503837
0.503837
0.503837
0.503837
0.503837
0.503837
0.503837
0.503837
0.503837
0.503837
0.503837
0.503837
0.503837
0.503837
0.503837
0.503837
0.503837
0.503837
0.503837
0.503837
0.503837
0.503837
0.503837
0.503837
0.503837
0.503837
0.503837
0.503837
0.503837
0.503837
0.503837
0.503837
0.503837
0.503837
0.503837
0.503837
0.503837
0.503837
0.503837
0.503837
0.503837
0.503837
0.503837
0.503837
0.503837
0.503837
0.503837
0.503837
0.503837
0.503837
0.503837
0.503837
0.503837
0.503837
0.503837
0.503837
0.503837
0.503837
0.503837
0.503837
0.503837
0.503837
0.503837
0.503837
0.503837
0.503837
0.503837
0.503837
0.503837
0.503837
0.503837
0.503837


0.0107183
0.0110984
0.0110984
0.0114989
0.0114989
0.0114995
0.0117075
0.0119288
0.0119491
0.0119491
0.0121026
0.0122293
0.0122875
0.0124139
0.0133902
0.0135079
0.0135982
0.0137731
0.0140606
0.0140967
0.0141226
0.0143693
0.0149644
0.0149686
0.0151551
0.0152671
0.0161724
0.0161744
0.0161905
0.0165326
0.017395
0.0185284
0.0186072
0.0186695
0.0186695
0.0187649
0.0197383
0.0199625
0.0201525
0.0220659
0.0220791
0.022953
0.0268607
0.0276304
0.0316785
0.0371363
0.0371363
0.038091
0.039521
0.0409552
0.0409552
0.0444753
0.0483182
0.0486486
0.0486486
0.05264
0.062125
0.0681994
0.0757894
0.0757894
0.0761265
0.0792175
0.0836674
0.0867986
0.0927418
0.0933836
0.0949316
0.100056
0.113489
0.113629
0.11535
0.114259
0.11708
0.118181
0.123637
0.123811
0.141449
0.147296
0.152356
0.169054
0.170167
0.168581
0.171038
0.172996
0.184584
0.185507
0.196828
0.196883
0.196883
0.197254
0.203987
0.20494
0.205172
0.217281
0.217281
0.221731
0.221731
0.221731
0.221901
0.226503
0.227397
0.238335
0.23843
0.238472
0.238572
0.241919
0.244594
0.244741
0.248216
0.249198
0.24925
0.249731
0.250368
0.25091
0.25091
0.251138
0.25127
0.251609
0.251866
0.252056
0.252066
0.25273
0.252905
0.253019
0.253069
0.253318
0.253404
0.253415
0.253722
0.254082
0.254082
0.254098
0.254161
0.254227
0.254227
0.254245
0.254274
0.254274
0.254337
0.254354
0.254357
0.254369
0.254404
0.254438
0.254448
0.254468
0.254483
0.254483
0.254483
0.254506
0.254507
0.254499
0.254533
0.254551
0.254575
0.254575
0.254575
0.25458
0.25458
0.25459
0.2546
0.2546
0.254601
0.254601
0.254606
0.254609
0.254609
0.254613
0.254614
0.25462
0.25462
0.25462
0.25462
0.254622
0.254623
0.254625
0.254625
0.254625
0.254625
0.254626
0.254626
0.254626
0.254626
0.254627
0.254627
0.254628
0.254628
0.254628
0.254628
0.254628
0.254628
0.254628
0.254628
0.254629
0.254629
0.254629
0.254629
0.254629
0.254629
0.254629
0.254629
0.254629
0.254629
0.254629
0.254629
0.254629
0.25463
0.25463
0.25463
0.25463
0.25463
0.25463
0.25463
0.25463
0.25463
0.25463
0.25463
0.25463
0.25463
0.25463
0.25463
0.25463
0.25463
0.25463
0.25463
0.25463
0.25463
0.25463
0.25463
0.25463
0.25463
0.25463
0.25463
0.25463
0.25463
0.25463
0.25463
0.25463
0.25463
0.25463
0.25463
0.25463
0.25463
0.25463
0.25463
0.25463
0.25463
0.255154
0.255154
0.256033
0.260019
0.263147
0.266762
0.27207
0.275042
0.276419
0.276419
0.278597
0.278597
0.285308
0.305517
0.29078
0.317116
0.317116
0.317572
0.317572
0.317572
0.317639
0.317759
0.319145
0.319145
0.319079
0.319845
0.321198
0.321561
0.321635
0.321772
0.323406
0.323653
0.324255
0.324257
0.323145
0.324291
0.324536
0.324536
0.324536
0.324588
0.324799
0.327971
0.329226
0.329226
0.334347
0.334347
0.336234
0.347056
0.350215
0.35804
0.375534
0.375944
0.377255
0.377255
0.377289
0.381192
0.384965
0.384965
0.387628
0.387628
0.392634
0.392634
0.392634
0.394839
0.397137
0.397645
0.397645
0.399679
0.399679
0.400345
0.401942
0.401944
0.406212
0.408035
0.408035
0.414926
0.418087
0.418087
0.422002
0.42409
0.42409
0.424954
0.427416
0.427416
0.421926
0.421926
0.427652
0.427652
0.427652
0.432261
0.434143
0.434387
0.434387
0.434637
0.435299
0.435299
0.435299
0.436419
0.436419
0.436419
0.436419
0.436419
0.436709
0.436709
0.438121
0.438121
0.438548
0.438548
0.438548
0.438731
0.438731
0.438731
0.438731
0.438731
0.439267
0.439267
0.439537
0.439537
0.439759
0.439941
0.44015
0.44015
0.440153
0.440153
0.440153
0.440153
0.440245
0.440255
0.440255
0.440317
0.44034
0.44034
0.44034
0.440558
0.440558
0.440558
0.440662
0.440662
0.440662
0.440686
0.440718
0.440834
0.440834
0.440874
0.441014
0.441037
0.441072
0.441072
0.441139
0.441139
0.441144
0.441144
0.441144
0.441258
0.441258
0.441258
0.441258
0.441285
0.4413
0.441386
0.44149
0.44149
0.44149
0.441517
0.441538
0.441538
0.441538
0.441538
0.441538
0.441538
0.441538
0.441538
0.441553
0.441553
0.441533
0.441533
0.441535
0.441557
0.441557
0.441557
0.441624
0.441624
0.441624
0.441638
0.441643
0.441643
0.441643
0.441653
0.441653
0.441653
0.441653
0.441658
0.441658
0.441659
0.441627
0.44168
0.44168
0.44168
0.44168
0.44168
0.441691
0.441691
0.441691
0.441691
0.441684
0.441697
0.441697
0.441697
0.441713
0.441713
0.441714
0.441719
0.441719
0.441719
0.441713
0.441713
0.441713
0.441722
0.441722
0.441732
0.441732
0.441732
0.441738
0.441738
0.441739
0.441739
0.441739
0.441746
0.441746
0.441748
0.441748
0.441748
0.441748
0.44175
0.441752
0.441752
0.441752
0.441756
0.441758
0.441758
0.441758
0.441758
0.441758
0.441758
0.441758
0.441759
0.441759
0.441759
0.441759
0.441759
0.441759
0.44176
0.441763


0.0102868
0.0105116
0.0105521
0.0114054
0.0114054
0.0118442
0.0118442
0.0120756
0.0121069
0.0124848
0.0126937
0.0129528
0.0131576
0.0134174
0.0137671
0.013842
0.0141574
0.0142498
0.0142498
0.0143109
0.0146829
0.0150661
0.0152566
0.0152588
0.0154006
0.0154481
0.0159287
0.0161162
0.0166046
0.0166046
0.0179544
0.0176195
0.0182333
0.0188318
0.0210078
0.0221367
0.0265101
0.0265101
0.0304162
0.0324405
0.0331571
0.0339683
0.035821
0.0384018
0.0384018
0.0384018
0.0410623
0.0481127
0.0498327
0.0514627
0.0693803
0.0766418
0.0809743
0.0853331
0.0889822
0.088985
0.099452
0.108264
0.108264
0.116806
0.11779
0.118152
0.123319
0.125276
0.133642
0.137806
0.149892
0.155249
0.1608
0.1608
0.174894
0.178585
0.179743
0.19053
0.193122
0.19632
0.206188
0.210006
0.217192
0.219186
0.231603
0.230542
0.233818
0.238458
0.238458
0.239257
0.239495
0.241317
0.244854
0.246713
0.247317
0.248186
0.248186
0.252312
0.252362
0.254049
0.256602
0.257212
0.257679
0.260261
0.260435
0.260504
0.261101
0.261174
0.262247
0.262523
0.262551
0.262822
0.262996
0.263215
0.263274
0.263396
0.26371
0.264476
0.264476
0.264502
0.264649
0.264757
0.264953
0.264953
0.265262
0.265216
0.265303
0.265406
0.265459
0.265466
0.265466
0.265618
0.265618
0.265682
0.265718
0.265719
0.265727
0.265748
0.265798
0.265842
0.265867
0.265874
0.265877
0.265881
0.265926
0.265922
0.265922
0.265947
0.26595
0.26596
0.265962
0.265964
0.265973
0.265973
0.265973
0.265988
0.265991
0.26601
0.266011
0.266011
0.266011
0.266012
0.266016
0.266018
0.26602
0.266023
0.266024
0.266025
0.266026
0.266026
0.266028
0.266029
0.266031
0.266031
0.266031
0.266032
0.266033
0.266033
0.266033
0.266033
0.266033
0.266034
0.266034
0.266034
0.266034
0.266034
0.266034
0.266035
0.266035
0.266035
0.266035
0.266035
0.266035
0.266035
0.266035
0.266035
0.266035
0.266035
0.266035
0.266035
0.266035
0.266036
0.266036
0.266036
0.266036
0.266036
0.266036
0.266036
0.266036
0.266036
0.266036
0.266036
0.266036
0.266036
0.266036
0.266036
0.266036
0.266036
0.266036
0.266036
0.266036
0.266036
0.266036
0.266036
0.266036
0.266036
0.266036
0.266036
0.266036
0.266036
0.266036
0.266036
0.266036
0.266036
0.266036
0.272314
0.281448
0.299003
0.299003
0.299003
0.301716
0.304942
0.312545
0.319494
0.319881
0.319881
0.319881
0.320656
0.321869
0.321869
0.324919
0.324919
0.324919
0.328367
0.33127
0.33453
0.335228
0.335228
0.337711
0.337711
0.341131
0.341131
0.347355
0.347355
0.350776
0.349762
0.349762
0.349762
0.353431
0.353431
0.353471
0.353471
0.355257
0.355257
0.355257
0.355227
0.355383
0.355383
0.356381
0.356381
0.356381
0.356507
0.358224
0.358447
0.358883
0.360577
0.360577
0.360577
0.360577
0.360653
0.360653
0.361235
0.361327
0.361327
0.361401
0.361442
0.361595
0.361605
0.361605
0.361605
0.362111
0.362111
0.362111
0.362219
0.362346
0.362346
0.362361
0.362372
0.362372
0.362442
0.362442
0.362516
0.362516
0.362516
0.36253
0.362548
0.362576
0.36261
0.362672
0.362672
0.362683
0.362705
0.362705
0.362705
0.362729
0.36273
0.36273
0.362774
0.362777
0.362777
0.362777
0.362777
0.362778
0.362779
0.362779
0.362785
0.362798
0.362798
0.362804
0.362807
0.362811
0.362811
0.362815
0.36282
0.362825
0.362825
0.362827
0.362827
0.362827
0.362832
0.362832
0.362832
0.362832
0.362832
0.362834
0.362834
0.362835
0.362835
0.362836
0.362837
0.362837
0.362839
0.362839
0.362839
0.362839
0.36284
0.362842
0.362842
0.362842
0.362842
0.362842
0.362843
0.362843
0.362843
0.362843
0.362843
0.362843
0.362843
0.362843
0.362843
0.362843
0.362844
0.362844
0.362844
0.362844
0.362844
0.362844
0.362844
0.362844
0.362844
0.362844
0.362844
0.362844
0.362844
0.362844
0.362844
0.362844
0.362844
0.362844
0.362844
0.362844
0.362844
0.362844
0.362844
0.362844
0.362844
0.362844
0.362844
0.362845
0.362845
0.362845
0.362845
0.362845
0.362845
0.362845
0.362845
0.362845
0.362845
0.362845
0.362845
0.362845
0.362845
0.362845
0.362845
0.362845
0.362845
0.362845
0.362845
0.362845
0.362845
0.362845
0.362845
0.362845
0.362845
0.362845
0.362845
0.362845
0.362845
0.362845
0.362845
0.362845
0.362845
0.362845
0.362845
0.362845
0.362795
0.362845
0.362845
0.362845
0.362845
0.362845
0.362845
0.362845
0.362845
0.362845
0.362845
0.362845
0.362845
0.362845
0.362845
0.362845
0.362845
0.362845
0.362845
0.362845
0.362845
0.362845
0.362845
0.362845
0.362845
0.362845
0.362845
0.362845
0.362845
0.362845
0.362845
0.362845
0.362845
0.362845
0.362845
0.362845
0.362845
0.362845
0.362845
0.362845
0.362845
0.362845
0.362845
0.362845
0.362845
0.362845
0.362845
0.362845
0.362845
0.362845
0.362845
0.362845
0.362845
0.362845
0.362845
0.362845
0.362845
0.362845
0.362845


0.0188984
0.0197133
0.0202188
0.0209703
0.0215794
0.0222085
0.0228651
0.0236054
0.0238325
0.0238348
0.0238381
0.0238381
0.0241413
0.024347
0.0243583
0.0249077
0.0252608
0.0270323
0.0271159
0.0271159
0.0274189
0.0274965
0.0274965
0.027976
0.0281949
0.0281949
0.0290835
0.0298203
0.0310865
0.0315201
0.0330091
0.0342638
0.0342638
0.0380535
0.0380535
0.0403054
0.0405577
0.0411687
0.0444768
0.0486756
0.0503983
0.0526683
0.0582993
0.0644899
0.067634
0.0700504
0.0883602
0.0883602
0.0903204
0.109524
0.109957
0.116175
0.128964
0.133319
0.138412
0.146819
0.153389
0.153882
0.160746
0.169027
0.182149
0.178203
0.193308
0.201903
0.205887
0.212346
0.259905
0.259905
0.267162
0.288348
0.294756
0.327898
0.327898
0.327902
0.343559
0.343559
0.371097
0.37138
0.382514
0.391197
0.391408
0.395618
0.409888
0.410839
0.412218
0.412487
0.413708
0.413762
0.418324
0.423316
0.423316
0.423411
0.427202
0.430465
0.431416
0.433978
0.438678
0.438686
0.44035
0.44035
0.443546
0.44373
0.443734
0.443765
0.444255
0.444405
0.444411
0.444942
0.446134
0.446158
0.447112
0.447681
0.447681
0.44786
0.448542
0.448841
0.448841
0.448864
0.449046
0.44919
0.449238
0.449481
0.449505
0.449505
0.449505
0.44955
0.449551
0.449631
0.449843
0.450043
0.450176
0.450213
0.450219
0.450232
0.450254
0.450345
0.450345
0.450374
0.450389
0.450428
0.450428
0.450434
0.450434
0.45045
0.450456
0.450467
0.450505
0.450533
0.450547
0.450563
0.450565
0.450577
0.450579
0.45058
0.450583
0.450584
0.450586
0.450591
0.450595
0.450595
0.450603
0.450607
0.450607
0.450611
0.450612
0.450612
0.450615
0.450617
0.450618
0.450618
0.450618
0.450618
0.450618
0.450618
0.450619
0.450619
0.450619
0.45062
0.450621
0.450622
0.450622
0.450622
0.450623
0.450623
0.450623
0.450623
0.450624
0.450624
0.450624
0.450624
0.450624
0.450624
0.450625
0.450625
0.450625
0.450625
0.450625
0.450625
0.450625
0.450625
0.450625
0.450625
0.450625
0.450625
0.450626
0.450626
0.450626
0.450626
0.450626
0.450626
0.450626
0.450626
0.450626
0.450626
0.450626
0.450626
0.450626
0.450626
0.450626
0.450626
0.450626
0.450626
0.450626
0.450626
0.450626
0.450626
0.450626
0.450626
0.450626
0.450626
0.450626
0.450626
0.450626
0.450626
0.450626
0.450626
0.450626
0.450626
0.450626
0.450626
0.450626
0.450626
0.450626
0.450626
0.450626
0.450626
0.450626
0.450626
0.450626
0.450626
0.450626
0.450626
0.450626
0.450626
0.450626
0.450626
0.450626
0.450626
0.450626
0.450626
0.450626
0.450626
0.450626
0.450626
0.450626
0.450626
0.450626
0.450626
0.450626
0.450626
0.450626
0.450626
0.450626
0.450626
0.450626
0.450626
0.450626
0.450626
0.450626
0.450626
0.450626
0.450626
0.450626
0.450626
0.450626
0.450626
0.450626
0.450626
0.450626
0.450626
0.450626
0.450626
0.450626
0.450626
0.450626
0.450626
0.450626
0.450626
0.450626
0.450626
0.450626
0.450626
0.450626
0.450626
0.450626
0.450626
0.450626
0.450626
0.450626
0.450626
0.450626
0.450626
0.450626
0.450626
0.450626
0.450626
0.450626
0.450626
0.450626
0.450626
0.450626
0.450626
0.450626
0.450626
0.450626
0.450626
0.450626
0.450626
0.450626
0.450626
0.450626
0.450626
0.450626
0.450626
0.450626
0.450626
0.450626
0.450626
0.450626
0.450626
0.450626
0.450626
0.450626
0.450626
0.450626
0.450626
0.450626
0.450626
0.450626
0.450626
0.450626
0.450626
0.450626
0.450626
0.450626
0.450626
0.450626
0.450626
0.450626
0.450626
0.450626
0.450626
0.450626
0.450626
0.450626
0.450626
0.450626
0.450626
0.450626
0.450626
0.450626
0.450626
0.450626
0.450626
0.450626
0.450626
0.450626
0.450626
0.450626
0.450626
0.450626
0.455282
0.465434
0.465434
0.481557
0.481557
0.481557
0.481557
0.481557
0.481557
0.481557
0.493994
0.494852
0.501343
0.501431
0.505551
0.507144
0.508825
0.508825
0.510901
0.510901
0.511077
0.511905
0.511905
0.517433
0.519567
0.527473
0.545494
0.560333
0.560333
0.562485
0.565376
0.574491
0.590314
0.595553
0.597274
0.597836
0.597955
0.598913
0.598913
0.602924
0.602924
0.603945
0.608879
0.611343
0.611343
0.617936
0.619165
0.621055
0.621502
0.621502
0.626501
0.630702
0.636639
0.644915
0.644915
0.650434
0.650829
0.653827
0.658424
0.658424
0.66077
0.66077
0.662957
0.66296
0.66296
0.672476
0.672476
0.672476
0.672476
0.672476
0.672476
0.672476
0.672539
0.674279
0.682944
0.682944
0.686547
0.686547
0.689582
0.696238
0.693858
0.694649
0.696848
0.699724
0.705579
0.705637
0.7097
0.710195
0.710195
0.712223
0.711602
0.713086
0.713881
0.714783
0.714791
0.714791
0.714966
0.715977
0.717522
0.718747
0.718437
0.71896
0.719862
0.7204
0.7204
0.7204
0.720563
0.720563
0.720681
0.720707
0.72071
0.721649
0.721649
0.721846
0.721846
0.721846
0.721846
0.721925
0.721939


