1196.98
1147.54
1028.18
896.405
896.405
871.961
845.274
812.458
812.458
804.513
786.757
739.57
726.573
704.215
690.724
690.644
688.677
688.677
670.85
645.479
644.775
616.446
612.317
579.537
577.111
539.35
538.217
529.99
488.706
452.683
443.758
428.766
428.766
417.069
411.254
369.315
358.693
342.246
334.885
333.522
297.207
288.841
275.418
234.949
233.472
214.644
204.338
189.677
188.772
186.099
162.96
159.928
155.135
142.108
128.378
127.373
127.313
123.005
105.449
99.8879
96.6458
93.6292
93.6292
78.1723
73.0756
69.8363
68.4823
67.6086
62.6782
62.3548
61.6544
57.9731
57.9731
57.3122
56.7475
55.7692
55.6169
54.5129
54.4026
52.6245
52.6245
52.3587
52.2996
52.2573
52.0995
52.0516
51.8249
51.674
51.5681
51.2762
51.1373
51.1885
50.799
50.7574
50.6535
50.6526
50.4115
50.4079
50.3849
50.3147
50.3147
50.2624
50.2498
50.2343
50.2259
50.2159
50.1986
50.1806
50.1454
50.1245
50.1168
50.0985
50.0966
50.081
50.0762
50.0691
50.0647
50.0641
50.0481
50.0444
50.0401
50.0395
50.0323
50.0293
50.0273
50.0255
50.0231
50.0231
50.018
50.0175
50.0162
50.016
50.0135
50.0126
50.0124
50.011
50.011
50.0069
50.0069
50.0069
50.0052
50.0056
50.0042
50.004
50.0038
50.0038
50.0036
50.0032
50.0032
50.0032
50.0022
50.0019
50.0019
50.0017
50.0015
50.0014
50.0012
50.001
50.001
50.0009
50.0008
50.0008
50.0007
50.0006
50.0005
50.0004
50.0004
50.0004
50.0004
50.0003
50.0002
50.0002
50.0002
50.0002
50.0002
50.0002
50.0001
50.0001
50.0001
50.0001
50.0001
50.0001
50.0001
50.0001
50.0001
50
50
50
50
50
50
50
50
50
50
50
50
50
50
50
50
50
50
50
50
50
50
50
50
50
50
50
50
50
50
50
50
50
50
50
50
50
50
50
50
50
50
50
50
50
50
50
50
50
50
50
50
50
50
50
50
50
50
50
50
50
50
50
50
50
50
50
50
50
50
50
50
50
50
50
50
50
50
50
50
50
50
50
50
50
50
50
50
50
50
50
50
50
50
50
50
50
50
50
50
50
50
50
50
50
50
50
50
50
50
50
50
50
50
50
50
50
50
50
50
50
50
50
50
50
50
50
50
50
50
50
50
50
50
50
50
50
50
50
50
50
50
50
50
50
50
50
50
50
50
50
50
50
50
50
50
50
50
50
50
50
50
50
50
50
50
50
50
50
50
50
50
50
50
50
50
50
50
50
50
50
50
50
50
50
50
50
50
50
50
50
50
50
50
50
50
50
50
50
50
50
50
50
50
50
50
50.0024
50
50
50
50
50
50
50
50
50
50
50
50
50
50
50
50
50
50
50
50
50
50
50
50
50
50
50
50
50
50
50
50
50
50
50
50
50
50
50
50
50
50
50
50
50
50
50
50
50
50
50
50
50
50
50
50
50
50
50
50
50
50
50
50
50
50
50
50
50
50
50
50
50
50
50
50
50
50
50
50
50
50
50
50
50
50
50
50
50
50
50
50
50
50
50
50
50
50
50
50
50
50
50
50
50
50
50
50


1020.97
930.67
849.304
829.091
792.309
758.615
741.821
729.999
722.544
670.968
644.73
644.73
620.258
605.381
600.755
594.452
575.58
573.833
555.135
544.251
511.191
501.032
487.482
478.649
467.613
456.002
420.948
401.302
384.483
379.596
358.684
342.116
334.562
306.351
306.247
296.733
271.703
237.691
215.059
192.461
192.461
192.895
166.511
166.511
157.738
151.081
134.959
132.867
126.604
120.725
109.215
96.3252
92.0007
89.9118
89.9118
85.7207
85.4934
83.9269
81.3828
80.9864
76.817
77.2273
67.3346
65.373
62.6947
60.578
56.3023
56.0662
54.5374
54.3592
53.4685
51.8134
48.5212
46.1306
46.1306
45.6478
43.2137
42.7712
42.3408
42.3408
40.9807
39.5687
38.9264
38.9264
38.7602
38.2958
37.9907
37.373
37.3439
36.8723
36.8409
36.7032
36.648
36.3364
35.765
35.7576
35.6194
35.2858
35.2536
35.02
34.9868
34.8632
34.8346
34.7932
34.6677
34.5638
34.5489
34.4934
34.4637
34.4637
34.4144
34.384
34.3748
34.3489
34.3422
34.3264
34.3174
34.2855
34.2467
34.2467
34.2322
34.2133
34.1932
34.185
34.1805
34.1718
34.167
34.16
34.1562
34.1496
34.1392
34.1404
34.1342
34.1326
34.1314
34.1241
34.124
34.1234
34.1189
34.1164
34.1159
34.1137
34.1133
34.1117
34.1117
34.1111
34.1098
34.1089
34.1075
34.1074
34.107
34.1065
34.1059
34.1054
34.105
34.1046
34.1035
34.1032
34.1032
34.1032
34.103
34.1029
34.1026
34.1024
34.1023
34.1023
34.1022
34.1022
34.1022
34.1021
34.1021
34.1018
34.1017
34.1017
34.1017
34.1016
34.1016
34.1016
34.1015
34.1015
34.1015
34.1015
34.1014
34.1014
34.1014
34.1014
34.1014
34.1014
34.1014
34.1014
34.1013
34.1013
34.1013
34.1013
34.1013
34.1013
34.1013
34.1013
34.1013
34.1013
34.1013
34.1013
34.1013
34.1013
34.1013
34.1013
34.1013
34.1013
34.1013
34.1013
34.1013
34.1013
34.1013
34.1013
34.1013
34.1013
34.1013
34.1013
34.1013
34.1013
34.1013
34.1013
34.1013
34.1013
34.1013
34.1013
34.1013
34.1013
34.1013
34.1013
34.1013
34.1013
34.1013
34.1013
34.1013
34.1013
34.1013
34.1013
34.1013
34.1013
34.1013
34.1013
34.1013
34.1013
34.1013
34.1013
34.1013
34.1013
34.1013
34.1013
34.1013
34.1013
34.1013
34.1013
34.1013
34.1013
34.1013
34.1013
34.1013
34.1013
34.1013
34.1013
34.1013
34.1013
34.1013
34.1013
34.1013
34.1013
34.1013
34.1013
34.1013
34.1013
34.1013
34.1013
34.1013
34.1013
34.1013
34.1013
34.1013
34.1013
34.1013
34.1013
34.1013
34.1013
34.1013
34.1013
34.1013
34.1013
34.1013
34.1013
34.1013
34.1013
34.1013
34.1013
34.1013
34.1013
34.1013
34.1013
34.1013
34.1013
34.1013
34.1013
34.1013
34.1013
34.1013
34.1013
34.1013
34.1013
34.1013
34.1013
34.1013
34.1013
34.1013
34.1013
34.1013
34.1013
34.1013
34.1013
34.1013
34.1013
34.1013
34.1013
34.1013
34.1013
34.1013
34.1013
34.1013
34.1013
34.1013
34.1013
34.1013
34.1013
34.1013
34.1013
34.1013
34.1013
34.1013
34.1013
34.1013
34.1013
34.1013
34.1013
34.1013
34.1013
34.1013
34.1013
34.1013
34.1013
34.1013
34.1013
34.1013
34.1013
34.1013
34.1013
34.1013
34.1013
34.1013
34.1013
34.1013
34.1013
34.1013
34.1023
34.1013
34.1013
34.1013
34.1013
34.1013
34.1013
34.1013
34.1013
34.1013
34.1013
34.1013
34.1013
34.1013
34.1013
34.1013
34.1013
34.1013
34.1013
34.1013
34.1013
34.1013
34.1013
34.1013
34.1013
34.1013
34.1013
34.1013
34.1013
34.1013
34.1013
34.1013
34.1013
34.1013
34.1013
34.1013
34.1013
34.1013
34.1013
34.1013
34.1013
34.1013
34.1013
34.1013
34.1013
34.1013
34.1013
34.1013
34.1013
34.1013
34.1013
34.1013
34.1013
34.1013
34.1013
34.1013
34.1013
34.1013
34.1013
34.1013
34.1013
34.1013
34.1013
34.1013
34.1013
34.1013
34.1013
34.1013
34.1013
34.1013
34.1013
34.1013
34.1013
34.1013
34.1013
34.1013
34.1013
34.1013
34.1013
34.1013
34.1013
34.1013
34.1013
34.1013
34.1013
34.1013
34.1013
34.1013
34.1013
34.1013
34.1013
34.1013
34.1013
34.1013
34.1013
34.1013
34.1013
34.1013
34.1013
34.1013
34.1013
34.1013
34.1013
34.1013
34.1013
34.1013
34.1013
34.1013
34.1013
34.1013
34.1013
34.1013
34.1013
34.1013
34.1013
34.1013
34.1013
34.1013
34.1013
34.1013
34.1013
34.1013
34.1013
34.1013
34.1013
34.1013
34.1013
34.1013
34.1013
34.1013
34.1013
34.1013
34.1013
34.1013
34.1013
34.1013
34.1013
34.1013
34.1013


980.868
972.994
926.506
811.574
811.574
810.203
796.958
763.515
763.515
745.774
737.434
702.288
702.187
695.265
684.979
660.528
643.007
633.522
629.471
611.23
605.92
603.067
587.039
574.107
574.107
558.779
555.713
555.544
540.635
540.357
525.728
495.322
495.322
495.322
479.045
478.667
473.544
459.889
449.35
441.203
434.487
424.595
413.963
410.056
405.816
393.721
385.732
369.086
360.988
358.368
352.335
349.686
336.654
330.036
323.575
316.549
289.715
261.943
258.475
258.053
256.254
252.053
240.704
225.401
225.239
213.852
197.951
195.595
174.097
150.664
149.147
120.35
119.475
118.203
114.708
103.182
101.707
92.8487
90.5357
90.5357
85.6519
85.356
85.3087
84.6807
78.4555
74.3345
74.1822
66.6393
63.3434
63.3434
60.6029
60.4812
60.4591
59.9904
57.1279
54.8435
54.8316
54.7615
54.6131
54.4688
53.9505
53.7536
53.6451
53.4843
53.3462
52.9078
52.6753
52.6734
52.6341
52.6341
51.9969
51.9944
51.7836
51.7743
51.7379
51.7339
51.6967
51.5492
51.3651
51.3643
51.3643
51.3669
51.3655
51.3625
51.331
51.3273
51.3257
51.2798
51.2735
51.262
51.262
51.2294
51.1794
51.1639
51.1639
51.1636
51.1507
51.1506
51.1452
51.1341
51.1324
51.1289
51.1254
51.1199
51.1196
51.1195
51.1184
51.1122
51.1113
51.1109
51.1094
51.1066
51.106
51.1057
51.1055
51.1053
51.1031
51.1031
51.1031
51.1023
51.1023
51.1016
51.1015
51.1011
51.1011
51.1007
51.1004
51.1004
51.1002
51.1002
51.1001
51.1002
51.1
51.0999
51.0999
51.0998
51.0998
51.0998
51.0996
51.0996
51.0996
51.0995
51.0995
51.0995
51.0995
51.0995
51.0994
51.0994
51.0994
51.0994
51.0994
51.0994
51.0994
51.0994
51.0994
51.0994
51.0994
51.0994
51.0994
51.0994
51.0994
51.0993
51.0993
51.0993
51.0993
51.0993
51.0993
51.0993
51.0993
51.0993
51.0993
51.0993
51.0993
51.0993
51.0993
51.0993
51.0993
51.0993
51.0993
51.0993
51.0993
51.0993
51.0993
51.0993
51.0993
51.0993
51.0993
51.0993
51.0993
51.0993
51.0993
51.0993
51.0993
51.0993
51.0993
51.0993
51.0993
51.0993
51.0993
51.0993
51.0993
51.0993
51.0993
51.0993
51.0993
51.0993
51.0993
51.0993
51.0993
51.0993
51.0993
51.0993
51.0993
51.0993
51.0993
51.0993
51.0993
51.0993
51.0993
51.0993
51.0993
51.0993
51.0993
51.0993
51.0993
51.0993
51.0993
51.0993
51.0993
51.0993
51.0993
51.0993
51.0993
51.0993
51.0993
51.0993
51.0993
51.0993
51.0993
51.0993
51.0993
51.0993
51.0993
51.0993
51.0993
51.0993
51.0993
51.0993
51.0993
51.0993
51.0993
51.0993
51.0993
51.0993
51.0993
51.0993
51.0993
51.0993
51.0993
51.0993
51.0993
51.0993
51.0993
51.0993
51.0993
51.0993
51.0993
51.0993
51.0993
51.0993
51.0993
51.0993
51.0993
51.0993
51.0993
51.0993
51.0993
51.0993
51.0993
51.0993
51.0993
51.0993
51.0993
51.0993
51.0993
51.0993
51.0993
51.0993
51.0993
51.0993
50.5712
50.555
50.4866
50.4866
50.4187
50.1252
50.1252
50.1252
50.1252
50.0868
50.0868
50.0444
49.9635
49.9222
49.8499
49.815
49.7216
49.6887
49.6404
49.5943
49.5943
49.5472
49.526
49.5117
49.4749
49.391
49.3515
49.3489
49.3398
49.3001
49.2923
49.2735
49.2203
49.1488
49.1419
49.1415
49.1241
49.1241
49.1241
49.1144
49.0624
49.0968
49.025
49.0017
48.9532
48.9532
48.9532
48.9482
48.8929
48.8929
48.8929
48.87
48.87
48.87
48.8666
48.8666
48.8308
48.8308
48.8308
48.815
48.815
48.8126
48.8063
48.8063
48.77
48.7691
48.7691
48.7642
48.7626
48.7626
48.7572
48.7632
48.7593
48.7593
48.7593
48.7537
48.7446
48.7335
48.7304
48.7304
48.7218
48.7174
48.7159
48.7159
48.7145
48.714
48.714
48.7137
48.7137
48.7131
48.7129
48.7129
48.7125
48.7116
48.7102
48.7052
48.6946
48.6846
48.6746
48.6732
48.6691
48.6562
48.652
48.652
48.6511
48.6508
48.6507
48.6504
48.6502
48.6492
48.6492
48.648
48.6479
48.6471
48.6471
48.6467
48.6467
48.6446
48.6419
48.6401
48.6345
48.6346
48.6346
48.6346
48.6346
48.6344
48.6343
48.6343
48.6342
48.634
48.6339
48.6333
48.6315
48.6268
48.6259
48.6259
48.6259
48.6239
48.6237
48.6237
48.6235
48.6231
48.6223
48.622
48.622
48.6216
48.6212
48.6212
48.6212
48.6212
48.6212
48.6211
48.621
48.6195
48.6195
48.6189
48.618
48.618
48.6165
48.6164
48.6158
48.6165
48.6163
48.6159
48.6159
48.6158
48.6158
48.6158
48.6157
48.6155


898.184
898.184
848.128
848.128
836.319
772.836
749.705
747.231
701.405
671.614
666.482
602.721
596.245
582.158
582.158
557.134
536.087
536.009
515.149
515.149
515.137
496.838
440.866
420.069
418.716
416.026
405.407
392.151
370.773
366.753
334.934
317.189
307.941
304.75
269.955
261.625
261.378
238.615
221.058
200.395
191.589
171.007
167.588
167.185
160.709
146.349
140.024
133.123
130.299
130.299
129.785
123.752
116.628
101.355
101.126
98.1785
94.2382
82.3741
79.0944
74.5701
72.332
69.4871
66.7508
65.879
61.5442
60.2993
57.5747
57.0633
52.5197
52.5197
52.4091
49.3325
49.3047
47.5784
44.5756
44.5756
43.3767
42.6743
42.3499
41.4749
40.5438
40.5438
40.4058
40.1383
39.8579
39.8579
39.6648
39.0439
38.7192
38.1882
37.7556
37.5624
37.3118
37.1599
37.1127
37.1127
37.0655
36.9943
36.9638
36.8945
36.8546
36.8145
36.7708
36.7137
36.707
36.6476
36.6476
36.6432
36.6139
36.6124
36.5997
36.5906
36.5562
36.5299
36.5293
36.5217
36.4976
36.4976
36.4946
36.4901
36.4854
36.4729
36.4714
36.4689
36.4644
36.4634
36.4608
36.4606
36.4588
36.4586
36.4553
36.4518
36.4507
36.4488
36.4475
36.4467
36.4452
36.4436
36.4427
36.4426
36.442
36.4415
36.4409
36.4403
36.4389
36.4388
36.4388
36.4386
36.4386
36.4381
36.438
36.4379
36.4378
36.4373
36.4371
36.4371
36.4371
36.4371
36.437
36.4369
36.4368
36.4365
36.4364
36.4364
36.4363
36.4362
36.4362
36.4362
36.4362
36.4362
36.4362
36.4361
36.4361
36.4361
36.436
36.436
36.436
36.436
36.436
36.436
36.436
36.4359
36.4359
36.4359
36.4359
36.4359
36.4359
36.4359
36.4359
36.4359
36.4359
36.4359
36.4359
36.4359
36.4359
36.4359
36.4359
36.4359
36.4359
36.4359
36.4359
36.4359
36.4359
36.4359
36.4359
36.4359
36.4359
36.4359
36.4359
36.4359
36.4359
36.4359
36.4359
36.4359
36.4359
36.4359
36.4359
36.4359
36.4359
36.4359
36.4359
36.4359
36.4359
36.4359
36.4359
36.4359
36.4359
36.4359
36.4359
36.4359
36.4359
36.4359
36.4359
36.4359
36.4359
36.4359
36.4359
36.4359
36.4359
36.4359
36.4359
36.4359
36.4359
36.4359
36.4359
36.4359
36.4359
36.4359
36.4359
36.4359
36.4359
36.4359
36.4359
36.4359
36.4359
36.4359
36.4359
36.4359
36.4359
36.4359
36.4359
36.4359
36.4359
36.4359
36.4359
36.4359
36.4359
36.4359
36.4359
36.4359
36.4359
36.4359
36.4359
36.4359
36.4359
36.4359
36.4359
36.4359
36.4359
36.4359
36.4359
36.4359
36.4359
36.4359
36.4359
36.4359
36.4359
36.4359
36.4359
36.4359
36.4359
36.4359
36.4359
36.4359
36.4359
36.4359
36.4359
36.4359
36.4359
36.4359
36.4359
36.4359
36.4359
36.4359
36.4359
36.4359
36.4359
36.4359
36.4359
36.4359
36.4359
36.4359
36.4359
36.4359
36.4359
36.4359
36.4359
36.4359
36.4359
36.4359
36.4359
36.4359
36.4359
36.4359
36.4359
36.4359
36.4359
36.4359
36.4359
36.4359
36.4359
36.4359
36.4359
36.4359
36.4359
36.4359
36.4359
36.4359
36.4359
36.4359
36.4359
36.4692
36.4359
36.4359
36.4359
36.4359
36.4359
36.4359
36.4359
36.4359
36.4359
36.4359
36.4359
36.4359
36.4359
36.4359
36.4359
36.4359
36.4359
36.4359
36.4359
36.4359
36.4359
36.4359
36.4359
36.4359
36.4359
36.4359
36.4359
36.4359
36.4359
36.4359
36.4359
36.4359
36.4359
36.4359
36.4359
36.4359
36.4359
36.4359
36.4359
36.4359
36.4359
36.4359
36.4359
36.4359
36.4359
36.4359
36.4359
36.4359
36.4359
36.4359
36.4359
36.4359
36.4359
36.4359
36.4359
36.4359
36.4359
36.4359
36.4359
36.4359
36.4359
36.4359
36.4359
36.4359
36.4359
36.4359
36.4359
36.4359
36.4359
36.4359
36.4359
36.4359
36.4359
36.4359
36.4359
36.4359
36.4359
36.4359
36.4359
36.4359
36.4359
36.4359
36.4359
36.4359
36.4359
36.4359
36.4359
36.4359
36.4359
36.4359
36.4359
36.4359
36.4359
36.4359
36.4359
36.4359
36.4359
36.4359
36.4359
36.4359
36.4359
36.4359
36.4359
36.4359
36.4359
36.4359
36.4359
36.4359
36.4359
36.4359
36.4359
36.4359
36.4359
36.4359
36.4359
36.4359
36.4359
36.4359
36.4359
36.4359
36.4359
36.4359
36.4359
36.4359
36.4359
36.4359
36.4359
36.4359
36.4359
36.4359
36.4359
36.4359
36.4359
36.4359
36.4359
36.4359
36.4359
36.4359
36.4359
36.4359
36.4359
36.4359
36.4359
36.4359
36.4359
36.4359
36.4359
36.4359
36.4359
36.4359
36.4359
36.4359
36.4359
36.4359
36.4359
36.4359
36.4359
36.4359


1036.07
938.928
885.22
735.338
735.338
735.338
664.888
664.888
659.139
641.057
640.203
637.712
603.349
595.764
595.737
584.32
577.016
567.481
557.687
551.556
525.175
521.252
497.466
473.292
421.538
421.538
415.462
415.462
398.6
331.025
331.025
307.535
260.943
260.943
246.854
234.92
229.674
224.603
213.647
208.546
204.259
173.658
164.049
137.67
134.115
123.278
123.278
105.471
101.019
95.9101
88.2083
88.2083
87.0671
86.9269
79.7138
77.1285
72.7309
70.2102
70.2102
69.4733
67.2303
63.7999
62.1481
61.5941
56.5884
56.4545
56.3648
53.9086
52.0859
49.0219
48.7026
48.8515
48.1205
46.254
46.254
46.0544
45.5623
44.921
44.2262
43.8131
43.3781
43.6681
43.5369
43.4879
42.7235
42.7235
42.5073
42.4302
42.267
42.1008
42.0048
42.0175
41.8061
41.592
41.4559
41.3007
41.2662
41.2662
41.1961
41.1468
41.0221
40.9773
40.914
40.8881
40.8371
40.7368
40.7058
40.6757
40.6738
40.6368
40.6368
40.5801
40.5602
40.5085
40.5085
40.4742
40.454
40.4473
40.4438
40.3992
40.3992
40.3942
40.3805
40.3788
40.3702
40.3667
40.3598
40.3437
40.3437
40.3377
40.3355
40.336
40.3262
40.324
40.3213
40.3166
40.3162
40.3159
40.3142
40.312
40.3094
40.3075
40.306
40.3052
40.3037
40.2981
40.2979
40.2977
40.2971
40.2951
40.2944
40.2941
40.2941
40.2932
40.2929
40.2923
40.292
40.2909
40.2908
40.2905
40.2904
40.2901
40.2901
40.29
40.2895
40.2892
40.2892
40.2885
40.2883
40.2883
40.2883
40.2882
40.2881
40.2879
40.2879
40.2877
40.2877
40.2876
40.2875
40.2875
40.2874
40.2874
40.2874
40.2873
40.2873
40.2872
40.2872
40.2872
40.2871
40.2871
40.2871
40.2871
40.2871
40.287
40.287
40.287
40.287
40.287
40.287
40.287
40.287
40.287
40.2869
40.2869
40.2869
40.2869
40.2869
40.2869
40.2869
40.2869
40.2869
40.2869
40.2869
40.2869
40.2869
40.2869
40.2869
40.2869
40.2869
40.2869
40.2869
40.2869
40.2869
40.2869
40.2869
40.2869
40.2869
40.2869
40.2869
40.2869
40.2869
40.2869
40.2869
40.2869
40.2869
40.2869
40.2869
40.2869
40.2869
40.2869
40.2869
40.2869
40.2869
40.2869
40.2869
40.2869
40.2869
40.2869
40.2869
40.2869
40.2869
40.2869
40.2869
40.2869
40.2869
40.2869
40.2869
40.2869
40.2869
40.2869
40.2869
40.2869
40.2869
40.2869
40.2869
40.2869
40.2869
40.2869
40.2869
40.2869
40.2869
40.2869
40.2869
40.2869
40.2869
40.2869
40.2869
40.2869
40.2869
40.2869
40.2869
40.2869
40.2869
40.2869
40.2869
40.2869
40.2869
40.2869
40.2869
40.2869
40.2869
40.2869
40.2869
40.2869
40.2869
40.2869
40.2869
40.2869
40.2869
40.2869
40.2869
40.2869
40.2869
40.2869
40.2869
40.2869
40.2869
40.2869
40.2869
40.2869
40.2869
40.2869
40.2869
40.2869
40.2869
40.2869
40.2869
40.2869
40.2869
40.2869
40.2869
40.2869
40.2869
40.2869
40.2869
40.2869
40.2869
40.2869
40.2869
40.2869
40.2869
40.2869
40.2869
40.2869
40.2869
40.2869
40.2869
40.2869
40.2869
40.2869
40.2869
40.2869
40.2869
40.2869
40.2869
40.2869
40.2869
40.2869
40.2869
40.2869
40.2869
40.2869
40.2869
40.2869
40.2869
40.2869
40.2869
40.2869
40.2869
40.2869
40.2869
40.2869
40.2869
40.2869
40.2869
40.2869
40.2869
40.2869
40.2869
40.2869
40.2869
40.313
40.2869
40.2869
40.2869
40.2869
40.2869
40.2869
40.2869
40.2869
40.2869
40.2869
40.2869
40.2869
40.2869
40.2869
40.2869
40.2869
40.2869
40.2869
40.2869
40.2869
40.2869
40.2869
40.2869
40.2869
40.2869
40.2869
40.2869
40.2869
40.2869
40.2869
40.2869
40.2869
40.2869
40.2869
40.2869
40.2869
40.2869
40.2869
40.2869
40.2869
40.2869
40.2869
40.2869
40.2869
40.2869
40.2869
40.2869
40.2869
40.2869
40.2869
40.2869
40.2869
40.2869
40.2869
40.2869
40.2869
40.2869
40.2869
40.2869
40.2869
40.2869
40.2869
40.2869
40.2869
40.2869
40.2869
40.2869
40.2869
40.2869
40.2869
40.2869
40.2869
40.2869
40.2869
40.2869
40.2869
40.2869
40.2869
40.2869
40.2869
40.2869
40.2869
40.2869
40.2869
40.2869
40.2869
40.2869
40.2869
40.2869
40.3079
40.2869
40.2869
40.2869
40.2869
40.2869
40.2869
40.2869
40.2869
40.2869
40.2869
40.2869
40.2869
40.2869
40.2869
40.2869
40.2869
40.2869
40.2869
40.2869
40.2869
40.2869
40.2869
40.2869
40.2869
40.2869
40.2869
40.2869
40.2869
40.2869
40.2869
40.2869
40.2869
40.2869
40.2869
40.2869
40.2869
40.2869
40.2869


1029.86
972.927
958.553
874.755
865.235
822.273
796.309
742.69
742.69
742.69
741.187
724.788
709.201
696.983
660.217
651.669
625.026
604.111
588.011
579.377
566.912
562.803
533.563
533.563
522.561
514.548
507.617
503.835
502.901
479.574
452.92
451.272
434.262
434.262
427.596
418.975
413.698
412.403
383.757
383.757
375.571
374.819
364.199
360.645
344.742
344.742
315.021
292.055
286.944
286.944
283.719
299.532
288.442
277.05
272.67
269.767
268.307
244.685
240.672
235.226
231.025
211.237
210.32
206.86
205.746
202.413
202.341
150.314
150.3
148.942
139.691
105.037
99.447
87.1449
87.1449
87.0088
73.4876
73.141
62.8111
56.4882
56.2456
51.9163
46.3031
46.3031
46.2412
45.6218
42.8726
41.0668
40.6495
40.6097
39.804
38.4868
37.0803
37.0803
35.9757
34.8
34.8
34.7816
33.9274
33.9274
33.9274
33.7443
33.682
33.6803
33.5091
33.1081
32.8662
32.8543
32.8543
32.8038
32.7969
32.7969
32.532
32.5228
32.5193
32.4269
32.4269
32.4269
32.3474
32.3141
32.2782
32.2457
32.2055
32.1962
32.1701
32.1424
32.1408
32.1378
32.128
32.1208
32.1191
32.1181
32.113
32.1033
32.095
32.095
32.0857
32.0846
32.0838
32.0732
32.0731
32.0722
32.0719
32.0707
32.0699
32.0676
32.0662
32.0641
32.0641
32.0631
32.0621
32.062
32.0618
32.0618
32.0609
32.0604
32.06
32.0595
32.0594
32.0593
32.0592
32.0592
32.059
32.0587
32.0584
32.0578
32.0578
32.0578
32.0577
32.0577
32.0577
32.0577
32.0575
32.0575
32.0574
32.0574
32.0574
32.0573
32.0573
32.0572
32.0572
32.0571
32.0571
32.0571
32.0571
32.0571
32.057
32.057
32.057
32.057
32.057
32.057
32.057
32.057
32.0569
32.0569
32.0569
32.0569
32.0569
32.0569
32.0569
32.0569
32.0569
32.0569
32.0569
32.0569
32.0569
32.0569
32.0569
32.0569
32.0569
32.0569
32.0569
32.0569
32.0569
32.0569
32.0569
32.0569
32.0569
32.0569
32.0569
32.0569
32.0569
32.0569
32.0569
32.0569
32.0569
32.0569
32.0569
32.0569
32.0569
32.0569
32.0569
32.0569
32.0569
32.0569
32.0569
32.0569
32.0569
32.0569
32.0569
32.0569
32.0569
32.0569
32.0569
32.0569
32.0569
32.0569
32.0569
32.0569
32.0569
32.0569
32.0569
32.0569
32.0569
32.0569
32.0569
32.0569
32.0569
32.0569
32.0569
32.0569
32.0569
32.0569
32.0569
32.0569
32.0569
32.0569
32.0569
32.0569
32.0569
32.0569
32.0569
32.0569
32.0569
32.0569
32.0569
32.0569
32.0569
32.0569
32.0569
32.0569
32.0569
32.0569
32.0569
32.0569
32.0569
32.0569
32.0569
32.0569
32.0569
32.0569
32.0569
32.0569
32.0569
32.0569
32.0569
32.0569
32.0569
32.0569
32.0569
32.0569
32.0569
32.0569
32.0569
32.0569
32.0569
32.0569
32.0569
32.0569
32.0569
32.0569
32.0569
32.0569
32.0569
32.0569
32.0569
32.0569
32.0569
32.0569
32.0569
32.0569
32.0569
32.0569
32.0569
32.0569
32.0569
32.0569
32.0569
32.0569
32.0569
32.0569
32.0569
32.0569
32.0569
32.0569
32.0569
32.0569
32.0569
32.0569
32.0569
32.0569
32.0569
32.0569
32.0569
32.0569
32.0569
32.0569
32.0569
32.0569
32.0569
32.0569
32.0569
32.0569
32.0569
32.0569
32.0569
32.0569
32.0569
32.0569
32.0569
32.0569
32.0569
32.0569
32.0569
32.0569
32.0569
32.0569
32.0569
32.0569
32.0569
32.0606
32.0569
32.0569
32.0569
32.0569
32.0569
32.0569
32.0569
32.0569
32.0569
32.0569
32.0569
32.0569
32.0569
32.0569
32.0569
32.0569
32.0569
32.0569
32.0569
32.0569
32.0569
32.0569
32.0569
32.0569
32.0569
32.0569
32.0569
32.0569
32.0569
32.0569
32.0569
32.0569
32.0569
32.0569
32.0569
32.0569
32.0569
32.0569
32.0569
32.0569
32.0569
32.0569
32.0569
32.0569
32.0569
32.0569
32.0569
32.0569
32.0569
32.0569
32.0569
32.0569
32.0569
32.0569
32.0569
32.0569
32.0569
32.0569
32.0569
32.0569
32.0569
32.0569
32.0569
32.0569
32.0569
32.0569
32.0569
32.0569
32.0569
32.0569
32.0569
32.0569
32.0569
32.0569
32.0569
32.0569
32.0569
32.0569
32.0569
32.0569
32.0569
32.0569
32.0569
32.0569
32.0569
32.0569
32.0569
32.0569
32.0569
32.0569
32.0569
32.0569
32.0569
32.0569
32.0569
32.0569
32.0569
32.0569
32.0569
32.0569
32.0569
32.0569
32.0569
32.0569
32.0569
32.0569
32.0569
32.0569
32.0569
32.0569
32.0569
32.0569
32.0569
32.0569
32.0569
32.0569
32.0569
32.0569
32.0569
32.0569
32.0569
32.0569
32.0569
32.0569
32.0569
32.0569
32.0569
32.0569


909.125
902.495
871.806
866.188
826.229
821.105
796.289
775.894
743.245
720.528
718.875
717.947
699.749
683.393
677.106
671.427
648.192
623.592
623.592
582.569
540.229
517.06
510.354
510.354
493.462
493.462
493.462
489.689
415.961
410.973
368.969
349.965
324.674
272.353
256.677
256.327
250.651
223.87
223.87
188.432
171.003
169.473
151.085
151.065
132.427
131.96
123.526
118.801
116.073
105.85
104.102
103.508
101.739
91.3456
91.0548
84.6861
80.6786
73.2983
73.2983
67.5623
67.5623
66.6912
65.1233
65.1233
63.8303
63.4989
62.9872
61.6913
61.2891
61.2075
59.0907
58.1169
57.4759
57.4759
56.7983
56.7983
55.5929
55.4923
54.9761
54.9567
54.9061
54.4162
54.1415
53.5299
53.5057
53.3597
53.1755
52.9449
52.8823
52.669
52.5885
52.5243
52.3817
52.3601
52.344
52.2767
52.229
52.2129
52.2107
52.1891
52.1855
52.177
52.1142
52.1031
52.0993
52.0876
52.0831
52.0666
52.0637
52.0626
52.0568
52.0538
52.0472
52.0456
52.042
52.0412
52.0385
52.0385
52.0312
52.0284
52.0262
52.025
52.022
52.022
52.0217
52.0211
52.0203
52.0186
52.0185
52.0185
52.0183
52.0174
52.0165
52.0162
52.0156
52.0155
52.0153
52.015
52.0144
52.0141
52.014
52.0139
52.0137
52.0136
52.0136
52.0135
52.0134
52.0134
52.0134
52.0133
52.0133
52.0133
52.0132
52.0131
52.013
52.013
52.013
52.013
52.0129
52.0129
52.0129
52.0129
52.0128
52.0128
52.0128
52.0128
52.0128
52.0128
52.0128
52.0128
52.0127
52.0127
52.0127
52.0127
52.0127
52.0127
52.0127
52.0127
52.0127
52.0127
52.0127
52.0127
52.0127
52.0127
52.0127
52.0127
52.0127
52.0127
52.0127
52.0127
52.0127
52.0127
52.0127
52.0127
52.0127
52.0127
52.0127
52.0127
52.0127
52.0127
52.0127
52.0127
52.0127
52.0127
52.0127
52.0127
52.0127
52.0127
52.0127
52.0127
52.0127
52.0127
52.0127
52.0127
52.0127
52.0127
52.0127
52.0127
52.0127
52.0127
52.0127
52.0127
52.0127
52.0127
52.0127
52.0127
52.0127
52.0127
52.0127
52.0127
52.0127
52.0127
52.0127
52.0127
52.0127
52.0127
52.0127
52.0127
52.0127
52.0127
52.0127
52.0127
52.0127
52.0127
52.0127
52.0127
52.0127
52.0127
52.0127
52.0127
52.0127
52.0127
52.0127
52.0127
52.0127
52.0127
52.0127
52.0127
52.0127
52.0127
52.0127
52.0127
52.0127
52.0127
52.0127
52.0127
52.0127
52.0127
52.0127
52.0127
52.0127
52.0127
52.0127
52.0127
52.0127
52.0127
52.0127
52.0127
52.0127
52.0127
52.0127
52.0127
52.0127
52.0127
52.0127
52.0127
52.0127
52.0127
52.0127
52.0127
52.0127
52.0127
52.0127
52.0127
52.0127
52.0127
52.0127
52.0127
52.0127
52.0127
52.0127
52.0127
52.0127
52.0127
52.0127
52.0127
52.0127
52.0127
52.0127
52.0127
52.0127
52.0127
52.0127
52.0127
52.0127
52.0127
52.0127
52.0127
52.0127
52.0127
52.0127
52.0127
52.0127
52.0127
52.0127
52.0127
52.0127
52.0127
52.0127
52.0127
52.0127
52.0127
52.0127
52.0127
52.0127
52.0127
52.0127
52.0127
52.0127
52.0127
52.0127
52.0127
52.0127
52.0127
52.0127
52.0127
52.0127
52.0127
52.0127
52.0127
52.0127
52.0127
52.0127
52.0127
52.0127
52.0127
52.0127
52.0127
52.0127
52.0127
52.0127
52.0506
52.0127
52.0127
52.0127
52.0127
52.0127
52.0127
52.0127
52.0127
52.0127
52.0343
52.0127
52.0127
52.0127
52.0127
52.0127
52.0127
52.0127
52.0127
52.0127
52.0127
52.0127
52.0127
52.0127
52.0127
52.0127
52.0127
52.0127
52.0127
52.0127
52.0127
52.0127
52.0127
52.0127
52.0127
52.0127
52.0127
52.0127
52.0127
52.0127
52.0127
52.0127
52.0127
52.0127
52.0127
52.0127
52.0127
52.0127
52.0127
52.0127
52.0127
52.0127
52.0127
52.0127
52.0127
52.0127
52.0127
52.0127
52.0127
52.0127
52.0127
52.0127
52.0127
52.0127
52.0127
52.0127
52.0127
52.0127
52.0127
52.0127
52.0127
52.0127
52.0127
52.0127
52.0127
52.0127
52.0127
52.0127
52.0127
52.0127
52.0127
52.0127
52.0127
52.0127
52.0127
52.0127
52.0127
52.0127
52.0127
52.0127
52.0127
52.0127
52.0127
52.0127
52.0127
52.0127
52.0127
52.0127
52.0127
52.0127
52.0127
52.0127
52.0127
52.0127
52.0127
52.0127
52.0127
52.0127
52.0127
52.0127
52.0127
52.0127
52.0127
52.0127
52.0127
52.0127
52.0127
52.0127
52.0127
52.0127
52.0127
52.0127
52.0127
52.0127
52.0127
52.0127
52.0127
52.0127
52.0127
52.0127
52.0127
52.0127
52.0127
52.0127
52.0127
52.0127
52.0127
52.0127
52.0127


1053
907.13
817.51
805.736
723.424
709.901
704.562
684.525
645.457
630.79
616.288
604.92
588.965
572.685
572.685
545.125
525.917
512.419
503.134
492.894
479.505
454.401
443.877
440.908
420.003
390.096
375.954
353.814
349.613
298.863
275.333
269.33
250.932
214.909
186.602
175.917
175.917
155.994
155.994
155.639
149.867
138.389
126.415
118.055
107.34
105.198
100.607
83.4213
75.5068
68.7659
62.2489
62.7372
60.4937
56.9796
56.6306
49.993
49.993
49.8971
46.9862
44.6919
42.3394
40.7661
40.7661
40.7661
39.6061
38.6191
38.4582
38.2436
37.0981
36.1641
36.1641
35.5414
35.3495
34.508
34.508
34.3854
34.3722
34.1911
33.7708
33.7135
33.4824
33.2776
33.0259
32.8041
32.7358
32.7358
32.7358
32.5749
32.5629
32.5626
32.5585
32.5349
32.4738
32.4696
32.4434
32.4164
32.412
32.3969
32.3866
32.365
32.3548
32.3482
32.3329
32.3067
32.3067
32.2977
32.2977
32.2901
32.2883
32.2874
32.2856
32.2822
32.2797
32.2728
32.2727
32.271
32.2686
32.2659
32.2632
32.2617
32.2616
32.2608
32.2605
32.2597
32.2573
32.2564
32.2551
32.2539
32.2537
32.2531
32.2523
32.2512
32.2507
32.25
32.2495
32.2494
32.2494
32.2491
32.2489
32.2488
32.2487
32.2484
32.2484
32.248
32.248
32.2478
32.2477
32.2477
32.2476
32.2475
32.2474
32.2474
32.2474
32.2473
32.2473
32.2472
32.2472
32.2472
32.2471
32.2471
32.2471
32.2471
32.247
32.247
32.247
32.247
32.247
32.247
32.247
32.247
32.247
32.247
32.247
32.247
32.247
32.247
32.247
32.247
32.247
32.247
32.247
32.247
32.247
32.247
32.247
32.247
32.247
32.247
32.247
32.247
32.247
32.247
32.247
32.247
32.247
32.247
32.247
32.247
32.247
32.247
32.247
32.247
32.247
32.247
32.247
32.247
32.247
32.247
32.247
32.247
32.247
32.247
32.247
32.247
32.247
32.247
32.247
32.247
32.247
32.247
32.247
32.247
32.247
32.247
32.247
32.247
32.247
32.247
32.247
32.247
32.247
32.247
32.247
32.247
32.247
32.247
32.247
32.247
32.247
32.247
32.247
32.247
32.247
32.247
32.247
32.247
32.247
32.247
32.247
32.247
32.247
32.247
32.247
32.247
32.247
32.247
32.247
32.247
32.247
32.247
32.247
32.247
32.247
32.247
32.247
32.247
32.247
32.247
32.247
32.247
32.247
32.247
32.247
32.247
32.247
32.247
32.247
32.247
32.247
32.247
32.247
32.247
32.247
32.247
32.247
32.247
32.247
32.247
32.247
32.247
32.247
32.247
32.247
32.247
32.247
32.247
32.247
32.247
32.247
32.247
32.247
32.247
32.247
32.247
32.247
32.247
32.247
32.247
32.247
32.247
32.247
32.247
32.247
32.247
32.247
32.247
32.247
32.247
32.247
32.247
32.247
32.247
32.247
32.247
32.247
32.247
32.247
32.247
32.247
32.247
32.247
32.247
32.247
32.247
32.247
32.247
32.247
32.247
32.247
32.247
32.247
32.247
32.247
32.247
32.247
32.247
32.247
32.247
32.247
32.247
32.247
32.247
32.247
32.247
32.247
32.247
32.247
32.247
32.247
32.247
32.247
32.247
32.247
32.247
32.247
32.247
32.247
32.247
32.247
32.247
32.247
32.247
32.247
32.247
32.247
32.247
32.247
32.247
32.247
32.247
32.247
32.247
32.247
32.247
32.247
32.247
32.247
32.247
32.247
32.247
32.247
32.247
32.247
32.247
32.247
32.247
32.247
32.247
32.247
32.247
32.247
32.247
32.247
32.247
32.247
32.247
32.247
32.247
32.247
32.247
32.247
32.247
32.247
32.247
32.247
32.247
32.247
32.247
32.247
32.247
32.247
32.247
32.247
32.247
32.247
32.247
32.247
32.247
32.247
32.247
32.247
32.247
32.247
32.247
32.247
32.247
32.247
32.247
32.247
32.247
32.247
32.247
32.247
32.247
32.247
32.247
32.247
32.247
32.247
32.247
32.247
32.247
32.247
32.247
32.247
32.247
32.247
32.247
32.247
32.247
32.247
32.247
32.247
32.247
32.247
32.247
32.247
32.247
32.247
32.247
32.247
32.247
32.247
32.247
32.247
32.247
32.247
32.247
32.247
32.247
32.247
32.247
32.247
32.247
32.247
32.247
32.247
32.247
32.247
32.247
32.247
32.247
32.247
32.247
32.247
32.247
32.247
32.247
32.247
32.247


1002.82
907.832
818.589
818.589
812.495
792.531
761.243
721.599
714.108
710.192
681.182
650.699
632.539
628.224
603.429
595.383
556.481
553.17
539.967
535.782
516.112
503.508
468.393
447.968
425.924
399.431
399.282
395.793
393.834
367.838
323.936
309.606
297.694
294.121
261.409
243.783
209.69
200.37
195.29
189.897
185.521
176.049
164.595
164.595
118.148
115.108
114.303
114.303
102.415
101.877
100.299
101.551
97.2187
89.3717
87.3965
86.5269
84.1806
83.7098
79.8471
79.8471
79.1878
78.4704
77.7298
77.2119
76.1686
75.5018
74.7779
73.7241
72.9747
72.9147
72.9147
72.0727
72.0203
71.4983
70.7042
70.4772
70.1755
70.1755
70.1288
70.0299
70.0299
69.895
69.7923
69.4915
69.4725
69.4186
69.3472
69.3219
69.1875
69.051
68.9948
68.9624
68.9373
68.9373
68.9373
68.8962
68.8825
68.8586
68.8572
68.7999
68.7999
68.7934
68.7934
68.7866
68.7674
68.7612
68.7606
68.759
68.7461
68.7438
68.7363
68.7352
68.7294
68.7265
68.723
68.7188
68.7143
68.7121
68.7116
68.7092
68.7079
68.7064
68.7064
68.7059
68.7054
68.704
68.7028
68.7028
68.7009
68.7008
68.7
68.7004
68.6999
68.699
68.6987
68.6986
68.6985
68.6983
68.6983
68.6982
68.6978
68.6976
68.6976
68.6976
68.6976
68.6975
68.6974
68.6974
68.6973
68.6973
68.6973
68.6972
68.6972
68.6971
68.6971
68.6971
68.697
68.697
68.697
68.697
68.6969
68.6969
68.6969
68.6969
68.6969
68.6969
68.6969
68.6968
68.6968
68.6968
68.6968
68.6968
68.6968
68.6968
68.6968
68.6968
68.6968
68.6968
68.6968
68.6968
68.6968
68.6968
68.6968
68.6968
68.6968
68.6968
68.6968
68.6968
68.6968
68.6968
68.6967
68.6967
68.6967
68.6967
68.6967
68.6967
68.6967
68.6967
68.6967
68.6967
68.6967
68.6967
68.6967
68.6967
68.6967
68.6967
68.6967
68.6967
68.6967
68.6967
68.6967
68.6967
68.6967
68.6967
68.6967
68.6967
68.6967
68.6967
68.6967
68.6967
68.6967
68.6967
68.6967
68.6967
68.6967
68.6967
68.6967
68.6967
68.6967
68.6967
68.6967
68.6967
68.6967
68.6967
68.6967
68.6967
68.6967
68.6967
68.6967
68.6967
68.6967
68.6967
68.6967
68.6967
68.6967
68.6967
68.6967
68.6967
68.6967
68.6967
68.6967
68.6967
68.6967
68.6967
68.6967
68.6967
68.6967
68.6967
68.6967
68.6967
68.6967
68.6967
68.6967
68.6967
68.6967
68.6967
68.6967
68.6967
68.6967
68.6967
68.6967
68.6967
68.6967
65.2514
65.2514
65.2514
63.0303
60.74
60.3427
59.9119
59.9073
58.6531
58.6531
58.2926
58.2926
58.1147
58.1147
58.1147
57.9604
57.9604
57.9604
57.5225
57.5225
57.0874
57.0874
56.8023
56.6409
56.5836
56.5659
56.0412
53.8511
52.7759
52.5121
52.5121
52.4708
51.7882
51.4864
51.4864
51.4864
51.4864
51.4294
51.6758
51.5578
51.2851
51.2383
51.2383
51.1992
51.153
51.153
51.153
51.1235
51.0657
51.0657
50.8754
50.7355
50.7246
50.54
50.423
50.423
50.366
50.3466
50.3274
50.2982
50.2935
50.2935
50.2831
50.2793
50.2779
50.2774
50.2773
50.2772
50.2772
50.2165
50.2157
50.2157
50.2022
50.2022
50.2022
50.2022
50.1823
50.1789
50.1886
50.179
50.179
50.1702
50.0027
49.8973
49.8973
49.8973
49.8973
49.881
50.395
50.2969
50.2856
49.7202
49.7202
49.7117
49.7117
49.7117
49.7117
49.7117
49.7117
49.7117
49.7081
49.7081
49.6808
49.6808
49.4761
49.3881
49.3881
49.3881
49.39
49.369
49.2989
49.2989
49.2989
49.2796
49.2796
49.2505
49.2505
49.2505
49.244
49.244
49.244
49.244
49.244
49.2149
49.2128
49.2128
49.1814
49.1569
49.1392
49.1338
49.1338
49.1338
49.1338
49.1338
49.0928
49.0928
49.0789
49.0789
49.0661
49.0382
48.9553
48.9553
48.9505
48.9505
48.94
48.94
48.9194
48.9194
48.9351
48.9351
48.9034
48.9034
48.9034
48.9034
48.8914
48.8748
48.8493
48.8393
48.8194
48.8064
48.7973
48.7821
48.7785
48.7745
48.7548
48.7503
48.7489
48.747
48.747
48.7456
48.7355
48.7355
48.7347
48.7347
48.7312
48.7267
48.7267
48.7267
48.7223
48.72
48.7139
48.7139
48.7023
48.7023
48.7023
48.6995
48.6995
48.6995
48.7017
48.6924
48.6924
48.6924
48.6924
48.6924
48.6924
48.6924
48.692
48.692
48.6922
48.6922
48.6922
48.6885
48.6885
48.6885
48.6885
48.6847
48.6715
48.6714
48.6736
48.6722
48.6712
48.6686
48.6677
48.6677
48.6677
48.6661
48.6652
48.6649
48.6649
48.6649
48.6649
48.6649
48.6649
48.662
48.662
48.662
48.6606


995.867
990.511
860.506
811.143
811.143
804.746
786.977
735.942
735.942
707.815
707.815
701.339
688.441
650.477
650.477
645.799
609.62
609.62
580.282
574.144
521.106
517.27
517.27
464.753
462.617
455.782
455.169
412.738
406.655
393.318
373.942
354.282
322.764
299.891
266.726
266.726
261.694
243.522
233.888
208.215
196.011
195.66
137.249
135.073
131.637
125.588
125.588
114.396
112.709
102.269
96.9975
82.1502
77.8716
72.7233
72.7233
71.1841
67.2424
63.38
63.0803
63.0803
60.6248
59.463
58.6441
55.21
54.9645
54.1966
50.8388
50.8388
47.7712
45.9992
45.8606
45.9827
44.8459
43.9505
42.5184
42.3864
40.9192
39.6685
38.4178
38.3966
38.1151
38.1151
38.0994
37.7554
37.7554
37.6133
37.1404
36.9547
36.2585
36.1578
35.8813
35.6533
35.6079
35.5925
35.4716
35.1979
35.176
35.0051
35.0051
34.9506
34.9506
34.8455
34.8455
34.8261
34.7847
34.6241
34.5652
34.5072
34.5072
34.4573
34.4525
34.4263
34.3849
34.3735
34.3261
34.3249
34.3002
34.2965
34.2948
34.2948
34.267
34.2662
34.2512
34.2437
34.2345
34.2345
34.2326
34.2216
34.2209
34.2102
34.2048
34.2033
34.2005
34.2005
34.1963
34.1963
34.1937
34.1937
34.1934
34.1924
34.1852
34.1854
34.182
34.182
34.1796
34.1789
34.1789
34.1784
34.1784
34.178
34.1775
34.1775
34.1775
34.1774
34.1773
34.1772
34.1768
34.1767
34.1767
34.1764
34.1763
34.1756
34.1754
34.1754
34.1754
34.1753
34.1746
34.1746
34.1744
34.1744
34.1743
34.1742
34.1742
34.1742
34.1741
34.1741
34.1741
34.174
34.174
34.1739
34.1739
34.1739
34.1739
34.1739
34.1739
34.1738
34.1738
34.1738
34.1738
34.1738
34.1738
34.1738
34.1738
34.1738
34.1737
34.1737
34.1737
34.1737
34.1737
34.1737
34.1737
34.1737
34.1737
34.1737
34.1737
34.1737
34.1737
34.1737
34.1737
34.1737
34.1737
34.1737
34.1737
34.1737
34.1737
34.1737
34.1737
34.1737
34.1737
34.1737
34.1737
34.1737
34.1737
34.1737
34.1737
34.1737
34.1737
34.1737
34.1737
34.1737
34.1737
34.1737
34.1737
34.1737
34.1737
34.1737
34.1737
34.1737
34.1737
34.1737
34.1737
34.1737
34.1737
34.1737
34.1737
34.1737
34.1737
34.1737
34.1737
34.1737
34.1737
34.1737
34.1737
34.1737
34.1737
34.1737
34.1737
34.1737
34.1737
34.1737
34.1737
34.1737
34.1737
34.1737
34.1737
34.1737
34.1737
34.1737
34.1737
34.1737
34.1737
34.1737
34.1737
34.1737
34.1737
34.1737
34.1737
34.1737
34.1737
34.1737
34.1737
34.1737
34.1737
34.1737
34.1737
34.1737
34.1737
34.1737
34.1737
34.1737
34.1737
34.1737
34.1737
34.1737
34.1737
34.1737
34.1737
34.1737
34.1737
34.1737
34.1737
34.1737
34.1737
34.1737
34.1737
34.1737
34.1737
34.1737
34.1737
34.1737
34.1737
34.1737
34.1737
34.1737
34.1737
34.1737
34.1737
34.1737
34.1737
34.1737
34.1737
34.1737
34.1737
34.1737
34.1737
34.1737
34.1737
34.1737
34.1737
34.1737
34.1737
34.1737
34.1737
34.1737
34.1737
34.1737
34.1737
34.1737
34.1737
34.1737
34.1737
34.1737
34.1737
34.1737
34.1737
34.1737
34.1737
34.1737
34.1737
34.1737
34.1737
34.1737
34.1737
34.1737
34.1737
34.1737
34.1737
34.1737
34.1737
34.1737
34.1737
34.1737
34.1737
34.1737
34.1737
34.1737
34.1737
34.1737
34.1737
34.1737
34.1737
34.1737
34.1737
34.1737
34.1737
34.1737
34.1737
34.1737
34.1737
34.1737
34.1737
34.1737
34.1737
34.1737
34.1737
34.1737
34.1737
34.1737
34.1737
34.1737
34.1737
34.1737
34.1737
34.1737
34.1737
34.1737
34.1737
34.1737
34.1737
34.1737
34.1737
34.1737
34.1737
34.1737
34.1737
34.1737
34.1737
34.1737
34.1737
34.1737
34.1737
34.1737
34.1737
34.1737
34.1737
34.1737
34.1737
34.1737
34.1737
34.1737
34.1737
34.1786
34.1737
34.1737
34.1737
34.1737
34.1737
34.1737
34.1737
34.1737
34.1737
34.1737
34.1737
34.1737
34.1737
34.1737
34.1737
34.1737
34.1737
34.1737
34.1737
34.1738
34.1737
34.1737
34.1737
34.1737
34.1737
34.1737
34.1737
34.1737
34.1737
34.1737
34.1737
34.1737
34.1737
34.1737
34.1737
34.1737
34.1737
34.1737
34.1737
34.1737
34.1737
34.1737
34.1737
34.1737
34.1737
34.1737
34.1737
34.1737
34.1737
34.1737
34.1737
34.1737
34.1737
34.1737
34.1737
34.1737
34.1737
34.1737
34.1737
34.1737
34.1737
34.1737
34.1737
34.1737
34.1737
34.1737
34.1737
34.1737
34.1737
34.1737
34.1737
34.1737
34.1737
34.1737
34.1737
34.1737
34.1737
34.1737


988.766
980.174
868.672
846.756
815.077
769.248
769.248
729.456
719.592
663.546
653.015
650.053
613.802
610.782
585.523
579.673
579.673
561.531
538.839
527.992
525.398
492.001
492.001
471.215
444.221
439.132
439.132
438.817
383.675
358.073
351.683
342.68
337.875
303.067
298.175
287.783
275.122
262.647
249.714
249.714
223.337
204.985
187.602
181.338
178.595
166.197
163.945
137.6
136.157
134.274
130.467
121.602
116.351
114.938
112.642
102.199
90.975
61.6401
59.9813
56.9389
56.9389
53.5605
53.5605
52.9085
52.6906
46.8222
40.3948
39.123
38.4218
38.4218
36.9969
35.2059
33.9399
32.5021
31.9943
31.3702
28.2156
28.0584
28.0584
26.0663
25.6408
24.6317
24.3351
23.9281
23.9203
21.3271
21.1423
21.1423
19.9462
19.8733
19.7492
19.6211
19.5952
18.913
18.6256
18.403
18.0537
17.6579
17.5089
17.4709
17.4527
17.4469
17.1158
16.6614
16.6614
16.3616
16.3158
16.1957
16.1489
16.1464
16.1248
16.0983
16.0864
15.9165
15.913
15.8961
15.8905
15.872
15.8453
15.8341
15.8048
15.777
15.7392
15.6926
15.6917
15.6875
15.658
15.6526
15.624
15.6126
15.6126
15.6028
15.5967
15.5863
15.584
15.5786
15.5745
15.5603
15.5603
15.5594
15.5589
15.5581
15.5539
15.5531
15.5412
15.5403
15.5382
15.5362
15.5356
15.5354
15.5349
15.5348
15.5336
15.5321
15.5321
15.532
15.5318
15.5306
15.5296
15.5285
15.5276
15.5269
15.5269
15.5267
15.5267
15.5257
15.5257
15.5248
15.5248
15.5248
15.5238
15.5236
15.5236
15.5233
15.5232
15.523
15.523
15.5228
15.5228
15.5228
15.5225
15.5224
15.5224
15.5224
15.5224
15.5223
15.5222
15.5222
15.5222
15.5222
15.5222
15.5221
15.5221
15.5221
15.5221
15.5221
15.5221
15.5221
15.5221
15.5221
15.522
15.522
15.522
15.522
15.522
15.522
15.522
15.522
15.522
15.522
15.522
15.522
15.522
15.522
15.522
15.522
15.522
15.522
15.522
15.522
15.522
15.522
15.522
15.522
15.522
15.522
15.522
15.522
15.522
15.522
15.522
15.522
15.522
15.522
15.522
15.522
15.522
15.522
15.522
15.522
15.522
15.522
15.522
15.522
15.522
15.522
15.522
15.522
15.522
15.522
15.522
15.522
15.522
15.522
15.522
15.522
15.522
15.522
15.522
15.522
15.522
15.522
15.522
15.522
15.522
15.522
15.522
15.522
15.522
15.522
15.522
15.522
15.522
15.522
15.522
15.522
15.522
15.522
15.522
15.522
15.522
15.522
15.522
15.522
15.522
15.522
15.522
15.522
15.522
15.522
15.522
15.522
15.522
15.522
15.522
15.522
15.522
15.522
15.522
15.522
15.522
15.522
15.522
15.522
15.522
15.522
15.522
15.522
15.522
15.522
15.522
15.522
15.522
15.522
15.522
15.522
15.522
15.522
15.522
15.522
15.522
15.522
15.522
15.522
15.522
15.522
15.522
15.522
15.522
15.522
15.522
15.522
15.522
15.522
15.522
15.522
15.522
15.522
15.522
15.522
15.522
15.522
15.522
15.522
15.522
15.522
15.522
15.522
15.522
15.522
15.522
15.522
15.522
15.522
15.522
15.522
15.522
15.522
15.522
15.522
15.522
15.522
15.522
15.522
15.522
15.522
15.522
15.522
15.522
15.522
15.522
15.522
15.522
15.522
15.522
15.522
15.522
15.522
15.522
15.522
15.522
15.522
15.522
15.522
15.522
15.522
15.522
15.522
15.522
15.522
15.522
15.522
15.522
15.522
15.522
15.522
15.522
15.522
15.522
15.522
15.522
15.522
15.522
15.522
15.522
15.522
15.522
15.522
15.522
15.522
15.522
15.522
15.522
15.522
15.522
15.522
15.522
15.522
15.522
15.522
15.522
15.522
15.522
15.522
15.522
15.522
15.522
15.522
15.522
15.522
15.522
15.522
15.522
15.522
15.522
15.522
15.522
15.522
15.522
15.522
15.522
15.522
15.522
15.522
15.522
15.522
15.522
15.522
15.522
15.522
15.522
15.522
15.522
15.522
15.522
15.522
15.522
15.522
15.522
15.522
15.522
15.522
15.522
15.522
15.522
15.522
15.522
15.522
15.522
15.522
15.522
15.522
15.522
15.522
15.522
15.522
15.522
15.522
15.522
15.522
15.522
15.522
15.522
15.522
15.522
15.522
15.522
15.522
15.522
15.522
15.522
15.522
15.522
15.522
15.522
15.522
15.522
15.522
15.522
15.522


997.302
956.662
932.075
888.572
864.427
834.015
812.531
793.994
776.985
715.951
709.19
693.672
691.778
667.427
659.801
654.363
630.34
630.34
604.91
604.91
589.82
582.444
575.508
571.572
538.983
532.32
514.532
514.522
500.672
500.672
474.925
467.452
466.576
461.556
457.089
430.91
409.661
406.891
392.875
389.479
384.812
383.942
374.353
353.403
318.379
314.508
314.412
289.08
281.542
268.694
262.216
245.558
220.327
196.031
196.031
196.031
184.867
156.778
153.254
137.642
134.028
131.708
125.023
124.763
117.912
115.328
110.572
105.444
93.9511
89.691
88.9638
79.7464
79.5208
77.6852
75.7748
74.8061
73.4732
72.1445
71.4078
70.3147
68.5807
65.6422
65.6173
63.2519
62.8881
62.8413
62.2348
62.2307
61.8177
60.5314
60.4769
60.061
59.8789
59.6364
59.5387
59.1428
58.7842
58.5659
58.3656
57.9822
57.9618
57.8871
57.6414
57.4661
57.46
57.3964
57.2219
57.2016
57.1996
57.104
57.0526
57.0482
56.8434
56.7385
56.7371
56.7019
56.6931
56.6891
56.6839
56.5949
56.5887
56.5871
56.57
56.5318
56.5254
56.5152
56.508
56.5021
56.4973
56.4888
56.4834
56.4783
56.4682
56.4659
56.46
56.4593
56.459
56.4529
56.4524
56.4487
56.4451
56.4388
56.437
56.4346
56.4341
56.4328
56.4328
56.4325
56.4325
56.4317
56.4316
56.4314
56.4313
56.4311
56.431
56.4309
56.4304
56.4299
56.4299
56.4296
56.4293
56.4292
56.4291
56.429
56.4285
56.4285
56.4285
56.4284
56.4284
56.4282
56.4282
56.4282
56.428
56.4279
56.4279
56.4278
56.4278
56.4277
56.4276
56.4276
56.4276
56.4276
56.4276
56.4275
56.4275
56.4274
56.4274
56.4274
56.4274
56.4274
56.4274
56.4274
56.4274
56.4273
56.4273
56.4273
56.4273
56.4273
56.4273
56.4273
56.4273
56.4273
56.4273
56.4273
56.4273
56.4273
56.4273
56.4273
56.4273
56.4273
56.4273
56.4273
56.4272
56.4272
56.4272
56.4272
56.4272
56.4272
56.4272
56.4272
56.4272
56.4272
56.4272
56.4272
56.4272
56.4272
56.4272
56.4272
56.4272
56.4272
56.4272
56.4272
56.4272
56.4272
56.4272
56.4272
56.4272
56.4272
56.4272
56.4272
56.4272
56.4272
56.4272
56.4272
56.4272
56.4272
56.4272
56.4272
56.4272
56.4272
56.4272
56.4272
56.4272
56.4272
56.4272
56.4272
56.4272
56.4272
56.4272
56.4272
56.4272
56.4272
56.4272
56.4272
56.4272
56.4272
56.4272
56.4272
56.4272
56.4272
56.4272
56.4272
56.4272
56.4272
56.4272
56.4272
56.4272
56.4272
56.4272
56.4272
56.4272
56.4272
56.4272
56.4272
56.4272
56.4272
56.4272
56.4272
56.4272
56.4272
56.4272
56.4272
56.4272
56.4272
56.4272
56.4272
56.4272
56.4272
56.4272
56.4272
56.4272
56.4272
56.4272
56.4272
56.4272
56.4272
56.4272
56.4272
56.4272
56.4272
56.4272
56.4272
56.4272
56.4272
56.4272
56.4272
56.4272
56.4272
56.4272
56.4272
56.4272
56.4272
56.4272
56.4272
56.4272
56.4272
56.4272
56.4272
56.4272
56.4272
56.4272
56.4272
56.4272
56.4272
56.4272
56.4272
56.4272
56.4272
56.4272
56.4272
56.4272
56.4272
56.4272
56.4272
56.4272
56.4272
56.4272
56.4272
56.4272
56.4272
56.4272
56.4272
56.4272
56.4272
56.4272
56.4272
56.4272
56.4272
56.4272
56.4272
56.4272
56.4272
56.4272
56.4272
56.4272
56.4272
56.4272
56.4272
56.4272
56.4272
56.4272
56.4272
56.4272
52.7301
52.7301
48.1779
45.0823
45.0823
43.7395
37.2777
36.8113
36.8113
36.8113
35.5329
33.9538
32.0599
32.0599
32.0599
30.5625
30.5625
30.5625
28.7682
28.3007
28.1077
28.1077
28.0705
28.0705
28.0705
28.0705
27.9916
27.5123
27.3137
27.2715
25.9884
23.9192
23.9192
23.8007
23.7536
23.7536
23.7536
23.5398
23.5183
23.5183
23.5183
23.4774
23.3833
23.1419
23.1419
23.0191
22.7959
22.7171
22.5147
22.387
22.3102
22.2176
22.1503
22.1315
22.1118
22.1118
22.0967
22.0917
21.9593
21.6216
21.6216
21.3666
21.2621
21.2621
21.2223
21.2205
21.2205
21.2205
21.1525
21.1525
21.1477
21.1477
21.0772
21.0772
21.0772
21.0731
20.9912
20.9304
20.862
20.8242
20.8115
20.7846
20.7846
20.7642
20.7642
20.7589
20.7589
20.7267
20.7144
20.6946
20.6937
20.6827
20.6399
20.6399
20.6399
20.5949
20.5949
20.5516
20.5636
20.5549
20.5549
20.5501
20.5501
20.5283
20.5232
20.502
20.4486
20.4486
20.4744
20.4744
20.4531
20.4531
20.4531
20.4531
20.4474
20.4371
20.4238
20.4238
20.4348
20.4199
20.4136
20.3798
20.3798
20.3798
20.3798
20.3791
20.3791


1007.43
879.579
874.303
827.37
815.314
801.471
763.236
758.281
699.195
685.135
685.135
661.411
658.055
657.866
644.98
633.04
607.678
549.094
539.758
527.817
527.817
513.871
509.353
501.716
460.268
439.558
424.27
419.429
384.475
375.04
351.041
333.247
320.403
280.145
280.145
235.721
225.333
225.333
215.567
198.473
179.475
173.021
165.989
152.075
134.973
134.973
126.942
113.211
103.117
95.1938
94.7306
94.7306
88.4145
81.8994
81.6548
77.1709
74.6394
69.3932
64.1551
63.1177
62.9099
61.0347
60.8411
58.4839
58.0978
56.905
56.905
55.9851
54.4154
54.4154
53.2306
53.2306
53.1148
53.1148
52.1336
52.1336
51.7777
51.3995
51.1472
50.5386
50.36
50.2047
49.8171
49.7404
49.7404
49.3593
49.2123
49.0548
48.9951
48.7313
48.649
48.6072
48.5318
48.4849
48.4294
48.3831
48.3508
48.2645
48.2474
48.2252
48.2252
48.0837
48.0837
48.034
47.9704
47.9704
47.9643
47.9469
47.9342
47.8981
47.8914
47.8687
47.864
47.832
47.826
47.8201
47.8183
47.8134
47.8009
47.7998
47.7926
47.7871
47.7823
47.7692
47.7689
47.7689
47.7683
47.763
47.7616
47.7582
47.7553
47.7533
47.7533
47.7513
47.7511
47.7496
47.7488
47.7469
47.7462
47.7462
47.7436
46.3842
46.3842
42.308
42.308
42.308
41.1384
41.1384
38.8738
38.8734
37.6715
39.5948
38.7285
37.0725
36.7376
36.057
35.2781
34.3613
34.3613
32.9043
32.9043
32.7091
32.1067
31.7141
31.4469
31.4469
31.0403
31.0403
31.0403
31.0403
31.0403
30.8161
30.7491
30.3951
30.3951
30.3784
30.3784
30.3763
30.3254
30.2822
30.1947
30.1947
30.1947
30.1767
30.1271
30.1271
30.1039
30.063
30.063
30.063
30.0317
30.0198
30.0198
29.9773
29.9773
29.9681
29.9592
29.9305
29.928
29.928
29.928
29.9157
29.9127
29.9127
29.9093
29.902
29.902
29.8975
29.8897
29.8852
29.8814
29.8791
29.8791
29.8759
29.8759
29.8759
29.8664
29.8642
29.8618
29.8618
29.8618
29.8593
29.8575
29.8575
29.8557
29.8557
29.8557
29.8543
29.8543
29.8525
29.8521
29.8508
29.8505
29.8505
29.8505
29.8503
29.85
29.8499
29.8498
29.8498
29.8494
29.8494
29.849
29.8489
29.8486
29.8486
29.8486
29.8486
29.8484
29.8484
29.8483
29.8482
29.8482
29.8482
29.8482
29.8481
29.848
29.848
29.848
29.848
29.848
29.848
29.848
29.848
29.848
29.848
29.848
29.848
29.848
29.848
29.848
29.8479
29.8479
29.8479
29.8479
29.8479
29.8479
29.8479
29.8479
29.8479
29.8479
29.8479
29.8479
29.8479
29.8479
29.8479
29.8479
29.8479
29.8479
29.8479
29.8479
29.8479
29.8479
29.8479
29.8479
29.8479
29.8479
29.8479
29.8479
29.8479
29.8479
29.8479
29.8479
29.8479
29.8479
29.8479
29.8479
29.8479
29.8479
29.8479
29.8479
29.8479
29.8479
29.8479
29.8479
29.8479
29.8479
29.8479
29.8479
29.8479
29.8479
29.8479
29.8479
29.8479
29.8479
29.8479
29.8479
29.8479
29.8479
29.8479
29.8479
29.8479
29.8479
29.8479
29.8479
29.8479
29.8479
29.8479
29.8479
29.8479
29.8479
29.8479
29.8479
29.8479
29.8479
29.8479
29.8479
29.8479
29.8479
29.8479
29.8479
29.8479
29.8479
29.8479
29.8479
29.8479
29.8479
29.8479
29.8479
29.8479
29.8479
29.8479
29.8479
29.8479
29.8479
29.8479
29.8479
29.8479
29.8479
29.8479
29.8479
29.8479
29.8479
29.8479
29.8479
29.8479
29.8479
29.8479
29.8479
29.8479
29.8479
29.8479
29.8479
29.8479
29.8479
29.8479
29.8479
29.8479
29.8479
29.8479
29.8479
29.8479
29.8479
29.8479
29.8479
29.8479
29.8479
29.8479
29.8479
29.8479
29.8479
29.8479
29.8479
29.8479
29.8479
29.8479
29.8479
29.8479
29.8479
29.8479
29.8479
29.8479
29.8479
29.8479
29.8479
29.8479
29.8479
29.8479
29.8479
29.8479
29.8479
29.8479
29.8479
29.8479
29.8479
29.8479
29.8479
29.8479
29.8479
29.8479
29.8479
29.8479
29.8479
29.8479
29.8479
29.8479
29.8479
29.8479
29.8479
29.8479
29.8479
29.8479
29.8479
29.8479
29.8479
29.8479
29.8479
29.8479
29.8479
29.8479
29.8479
29.8479
29.8479
29.8479
29.8479
29.8479
29.8479
29.8479
29.8479
29.8479
29.8479
29.8479
29.8479
29.8479
29.8479
29.8479
29.8479
29.8479
29.8479
29.8479
29.8479
29.8479
29.8479
29.8479
29.8479
29.8479
29.8479
29.8479
29.8479
29.8479
29.8479
29.8479
29.8479
29.8479
29.8479
29.8479
29.8479
29.8479
29.8479
29.8479
29.8479
29.8479
29.8479
29.8479
29.8479
29.8479
29.8479
29.8479
29.8479
29.8479


933.561
914.213
871.423
871.423
824.161
777.377
725.738
725.738
697.527
693.562
691.845
691.568
677.271
624.24
606.276
595.966
561.645
561.645
549.627
493.499
493.499
491.153
481.283
453.717
436.016
430.845
424.591
424.311
424.311
397.86
397.843
375.155
356.371
329.46
328.966
311.806
289.72
280.779
217.193
167.582
161.32
165.822
156.175
153.312
152.639
134.107
94.5934
94.5934
94.0396
92.4365
82.6497
83.037
80.4094
72.6406
71.1439
66.5845
62.4335
61.8617
54.2737
50.4042
50.0644
48.8965
44.6508
44.3015
42.6438
38.1512
37.9897
35.9681
34.592
33.5904
33.1371
33.1354
32.1575
31.8964
31.8579
30.223
30.223
29.0132
28.8189
28.7731
28.0025
27.4099
27.3097
26.8448
26.8169
26.7015
26.6406
26.5518
26.2096
26.0795
25.982
25.8621
25.7696
25.6824
25.6557
25.6058
25.5849
25.5605
25.5122
25.4363
25.4083
25.3124
25.2071
25.1922
25.1821
25.1688
25.1364
25.1333
25.1247
25.1141
25.0689
25.0332
25.0332
25.0251
25.0249
25.0249
25.0157
24.9973
24.9888
24.9815
24.9797
24.9781
24.9735
24.9674
24.9658
24.9637
24.9625
24.9599
24.9561
24.9561
24.9538
24.954
24.951
24.9508
24.949
24.9487
24.9487
24.9482
24.9482
24.9464
24.9463
24.9454
24.9449
24.9444
24.9442
24.9435
24.9429
24.9429
24.9428
24.9425
24.9424
24.9423
24.9421
24.9416
24.9414
24.9413
24.9412
24.9411
24.9411
24.9409
24.9408
24.9407
24.9406
24.9406
24.9404
24.9403
24.9402
24.9402
24.9401
24.9401
24.9401
24.9401
24.94
24.94
24.94
24.94
24.94
24.9399
24.9399
24.9399
24.9399
24.9399
24.9399
24.9399
24.9398
24.9398
24.9398
24.9398
24.9398
24.9398
24.9398
24.9398
24.9398
24.9398
24.9398
24.9398
24.9398
24.9398
24.9398
24.9398
24.9398
24.9398
24.9398
24.9398
24.9398
24.9398
24.9398
24.9398
24.9398
24.9398
24.9398
24.9398
24.9398
24.9398
24.9398
24.9398
24.9398
24.9398
24.9398
24.9398
24.9398
24.9398
24.9398
24.9398
24.9398
24.9398
24.9398
24.9398
24.9398
24.9398
24.9398
24.9398
24.9398
24.9398
24.9398
24.9398
24.9398
24.9398
24.9398
24.9398
24.9398
24.9398
24.9398
24.9398
24.9398
24.9398
24.9398
24.9398
24.9398
24.9398
24.9398
24.9398
24.9398
24.9398
24.9398
24.9398
24.9398
24.9398
24.9398
24.9398
24.9398
24.9398
24.9398
24.9398
24.9398
24.9398
24.9398
24.9398
24.9398
24.9398
24.9398
24.9398
24.9398
24.9398
24.9398
24.9398
24.9398
24.9398
24.9398
24.9398
24.9398
24.9398
24.9398
24.9398
24.9398
24.9398
24.9398
24.9398
24.9398
24.9398
24.9398
24.9398
24.9398
24.9398
24.9398
24.9398
24.9398
24.9398
24.9398
24.9398
24.9398
24.9398
24.9398
24.9398
24.9398
24.9398
24.9398
24.9398
24.9398
24.9398
24.9398
24.9398
24.9398
24.9398
24.9398
24.9398
24.9398
24.9398
24.9398
24.9398
24.9398
24.9398
24.9398
24.9398
24.9398
24.9398
24.9398
24.9398
24.9398
24.9398
24.9398
24.9398
24.9398
24.9398
24.9398
24.9398
24.9398
24.9398
24.9398
24.9398
24.9398
24.9398
24.9398
24.9398
24.9398
24.9398
24.9398
24.9398
24.9398
24.9398
24.9398
24.9398
24.9398
24.9398
24.9398
24.9398
24.9398
24.9398
24.9398
24.9398
24.9398
24.9398
24.9398
24.9398
24.9398
24.9398
24.9398
24.9398
24.9398
24.9398
24.9398
24.9398
24.9398
24.6002
24.6002
24.5763
24.5763
24.2122
23.6192
21.3715
21.3715
21.3715
20.781
20.781
20.781
20.3941
20.1041
19.0817
18.817
18.817
18.5665
18.2618
17.964
17.8386
17.1875
17.144
16.7154
16.7139
16.6535
16.6051
16.4241
16.4241
16.3145
16.1206
15.9779
15.9343
15.8951
15.8089
15.8089
15.6955
15.6583
15.6109
15.6109
15.6025
15.5511
15.5511
15.5189
15.5189
15.4018
15.4018
15.3176
15.3176
15.3176
15.3176
15.3176
15.3119
15.3
15.27
15.27
15.2697
15.2285
15.2689
15.2441
15.2392
15.2392
15.2053
15.2053
15.2053
15.205
15.1882
15.1882
15.1749
15.1749
15.1749
15.1714
15.1669
15.1669
15.1514
15.151
15.151
15.151
15.1418
15.1418
15.1382
15.1382
15.1382
15.1313
15.1313
15.1312
15.1312
15.1293
15.1319
15.1315
15.1315
15.1293
15.1293
15.1292
15.1286
15.1282
15.1279
15.1275
15.1272
15.127
15.1265
15.1265
15.1265
15.1265
15.1261
15.1255
15.1255
15.1254
15.1256
15.1254
15.1253
15.1253
15.1251
15.1249
15.1249
15.1249
15.1249
15.1249
15.1247
15.1247
15.1247
15.1246
15.1246
15.1245
15.1245
15.1245
15.1245


1033.94
936.503
923.186
819.131
819.131
781.88
719.758
687.702
669.618
626.677
623.664
610.456
592.699
575.105
557.809
542.355
542.355
531.191
497.815
489.156
489.156
481.609
475.6
441.132
396.107
373.192
319.815
319.815
300.376
300.376
299.624
274.828
270.563
214.618
204.812
200.341
175.009
163.161
140.271
135.692
111.463
109.052
104.544
96.6595
94.3101
90.4819
83.955
75.8313
72.7984
68.0498
57.5155
56.8206
50.1286
49.9104
48.8739
42.3536
41.2525
39.7023
39.1775
35.3887
34.9458
34.15
34.0542
34.0542
33.722
30.8866
29.5828
28.4536
27.4375
27.1822
26.838
26.5053
26.0289
26.0289
25.8109
25.598
25.598
25.3663
25.2396
24.8847
24.7747
24.777
24.6467
24.4557
24.3855
23.9918
23.9677
23.849
23.8483
23.7973
23.7531
23.7177
23.6799
23.633
23.6107
23.6107
23.5903
23.5781
23.5576
23.5162
23.4882
23.4809
23.4745
23.4446
23.4374
23.4314
23.4269
23.3865
23.3811
23.3708
23.3608
23.3569
23.35
23.3496
23.3465
23.3409
23.3377
23.3348
23.3293
23.3275
23.3267
23.3255
23.3242
23.3233
23.3224
23.3224
23.3208
23.3195
23.319
23.3185
23.3182
23.317
23.3161
23.3161
23.3161
23.3154
23.3144
23.3144
23.314
23.3137
23.3136
23.3134
23.3131
23.313
23.3128
23.3128
23.3126
23.3122
23.3122
23.3121
23.312
23.312
23.3119
23.3118
23.3118
23.3117
23.3117
23.3117
23.3116
23.3116
23.3115
23.3115
23.3115
23.3115
23.3115
23.3114
23.3114
23.3114
23.3114
23.3114
23.3114
23.3114
23.3113
23.3113
23.3113
23.3113
23.3113
23.3113
23.3113
23.3113
23.3113
23.3113
23.3113
23.3113
23.3113
23.3113
23.3113
23.3113
23.3113
23.3113
23.3113
23.3113
23.3113
23.3113
23.3113
23.3113
23.3113
23.3113
23.3113
23.3113
23.3113
23.3113
23.3113
23.3113
23.3113
23.3113
23.3113
23.3113
23.3113
23.3113
23.3113
23.3113
23.3113
23.3113
23.3113
23.3113
23.3113
23.3113
23.3113
23.3113
23.3113
23.3113
23.3113
23.3113
23.3113
23.3113
23.3113
23.3113
23.3113
23.3113
23.3113
23.3113
23.3113
23.3113
23.3113
23.3113
23.3113
23.3113
23.3113
23.3113
23.3113
23.3113
23.3113
23.3113
23.3113
23.3113
23.3113
23.3113
23.3113
23.3113
23.3113
23.3113
23.3113
23.3113
23.3113
23.3113
23.3113
23.3113
23.3113
23.3113
23.3113
23.3113
23.3113
23.3113
23.3113
23.3113
23.3113
23.3113
23.3113
23.3113
23.3113
23.3113
23.3113
23.3113
23.3113
23.3113
23.3113
23.3113
23.3113
23.3113
23.3113
23.3113
23.3113
23.3113
23.3113
23.3113
23.3113
23.3113
23.3113
23.3113
23.3113
23.3113
23.3113
23.3113
23.3113
23.3113
23.3113
23.3113
23.3113
23.3113
23.3113
23.3113
23.3113
23.3113
23.3113
23.3113
23.3113
23.3113
23.3113
23.3113
23.3113
23.3113
23.3113
23.3113
23.3113
23.3113
23.3113
23.3113
23.3113
23.3113
23.3113
23.3113
23.3113
23.3113
23.3113
23.3113
23.3113
23.3113
23.3113
23.3113
23.3113
23.3113
23.3113
23.3113
23.3113
23.3113
23.3113
23.3113
23.3113
23.3113
23.3113
23.3113
23.3113
23.3113
23.3113
23.3113
23.3113
23.3113
23.3113
23.3113
23.3113
23.3113
23.3113
23.3113
23.3113
23.3113
23.3113
23.3113
23.3113
23.3113
23.3113
23.3113
23.3113
23.3113
23.3113
23.3113
23.3113
23.3113
23.3113
23.3113
23.3113
23.3113
23.3113
23.3113
23.3113
23.3113
23.3113
23.3113
23.3113
23.3113
23.3113
23.3113
23.3113
23.3113
23.3113
23.3113
23.3113
23.3113
23.3113
23.3113
23.3113
23.3113
23.3113
23.3113
23.3113
23.3113
23.3113
23.3113
23.3113
23.3113
23.3113
23.3113
23.3113
23.3113
23.3113
23.3113
23.3113
23.3113
23.3113
23.3113
23.3113
23.3113
23.3113
23.3113
23.3113
23.3113
23.3113
23.3113
23.3113
23.3113
23.3113
23.3113
23.3113
23.3113
23.3113
23.3113
23.3113
23.3113
23.3113
23.3113
23.3113
23.3113
23.3113
23.3113
23.3113
23.3113
23.3113
23.3113
23.3113
23.3113
23.3113
23.3113
23.3113
23.3113
23.3113
23.3113
23.3113
23.3113
23.3113
23.3113
23.3113
23.3113
23.3113
23.3113
23.3113
23.3113
23.3113
23.3113
23.3113
23.3113
23.3113
23.3113
23.3113
23.3113
23.3113
23.3113
23.3113
23.3113
23.3113
23.3113
23.3113
23.3113
23.3113
23.3113
23.3113
23.3113
23.3113
23.3113
23.3113
23.3113
23.3113
23.3113
23.3113
23.3113
23.3113
23.3113
23.3113
23.3113
23.3113
23.3113
23.3113
23.3113
23.3113
23.3113
23.3113
23.3113
23.3113
23.3113
23.3113
23.3113


974.562
959.983
909.197
861.399
773.233
732.113
726.605
703.343
690.365
661.093
617.983
624.373
614.733
614.035
582.261
574.153
572.723
571.975
557.066
513.784
508.457
476.928
474.509
467.507
444.232
428.657
428.657
425.808
412.963
401.867
385.034
383.48
356.93
345.143
345.143
301.458
251.811
245.559
244.856
244.856
192.128
185.942
184.842
184.08
159.206
152.468
138.863
120.268
104.112
103.649
103.649
91.2771
82.3564
81.1667
80.9208
79.8026
75.9263
71.7611
67.247
63.5002
61.1063
57.8575
54.8507
53.7818
53.7818
53.4848
49.2676
46.5016
46.1282
41.4996
41.4996
39.0354
38.2736
38.2736
37.9873
36.1318
36.0631
35.5735
35.1302
35.0128
34.0924
33.9452
33.6592
33.4896
33.2869
33.1345
32.9993
32.3287
32.2687
32.2687
32.1881
32.0829
32.0212
31.9756
31.9551
31.7431
31.6426
31.541
31.541
31.5126
31.4716
31.3466
31.3274
31.3003
31.2313
31.1553
31.1254
31.0288
31.0257
31.0209
31.0185
30.9906
30.9758
30.9683
30.9244
30.8994
30.8919
30.8856
30.8854
30.8853
30.8853
30.8842
30.8823
30.8816
30.8776
30.8772
30.8772
30.8767
30.8758
30.8753
30.8711
30.8689
30.8677
30.867
30.8657
30.8649
30.8636
30.8633
30.8632
30.8624
30.8622
30.8625
30.8621
30.861
30.8607
30.8607
30.8601
30.8598
30.8596
30.8593
30.859
30.8588
30.8586
30.8586
30.8584
30.8583
30.8582
30.8582
30.8582
30.858
30.858
30.858
30.858
30.8579
30.8578
30.8578
30.8578
30.8578
30.8577
30.8577
30.8577
30.8577
30.8577
30.8576
30.8576
30.8576
30.8576
30.8576
30.8576
30.8576
30.8576
30.8576
30.8576
30.8576
30.8576
30.8576
30.8576
30.8576
30.8576
30.8576
30.8576
30.8576
30.8576
30.8576
30.8576
30.8576
30.8576
30.8576
30.8576
30.8576
30.8576
30.8576
30.8576
30.8576
30.8576
30.8576
30.8576
30.8576
30.8576
30.8576
30.8576
30.8576
30.8576
30.8576
30.8576
30.8576
30.8576
30.8576
30.8576
30.8576
30.8576
30.8576
30.8576
30.8576
30.8576
30.8576
30.8576
30.8576
30.8576
30.8576
30.8576
30.8576
30.8576
30.8576
30.8576
30.8576
30.8576
30.8576
30.8576
30.8576
30.8576
30.8576
30.8576
30.8576
30.8576
30.8576
30.8576
30.8576
30.8576
30.8576
30.8576
30.8576
30.8576
30.8576
30.8576
30.8576
30.8576
30.8576
30.8576
30.8576
30.8576
30.8576
30.8576
30.8576
30.8576
30.8576
30.8576
30.8576
30.8576
30.8576
30.8576
30.8576
30.8576
30.8576
30.8576
30.8576
30.8576
30.8576
30.8576
30.8576
30.8576
30.8576
30.8576
30.8576
30.8576
30.8576
30.8576
30.8576
30.8576
30.8576
30.8576
30.8576
30.8576
30.8576
30.8576
30.8576
30.8576
30.8576
30.8576
30.8576
30.8576
30.8576
30.8576
30.8576
30.8576
30.8576
30.8576
30.8576
30.8576
30.8576
30.8576
30.8576
30.8576
30.8576
30.8576
30.8576
30.8576
30.8576
30.8576
30.8576
30.8576
30.8576
30.8576
30.8576
30.8576
30.8576
30.8576
30.8576
30.8576
30.8576
30.8576
30.8742
30.8576
30.8576
30.8576
30.8576
30.8576
30.8576
30.8576
30.8576
30.8576
30.8576
30.8576
30.8576
30.8576
30.8576
30.8576
30.8576
30.8576
30.8576
30.8576
30.8576
30.8576
30.8576
30.8576
30.8576
30.8576
30.8576
30.8576
30.8576
30.8576
30.8576
30.8576
30.8576
30.8576
30.8576
30.8576
30.8576
30.8576
30.8576
30.8576
30.8576
30.8576
30.8576
30.8576
30.8576
30.8576
30.8576
30.8576
30.8576
30.8576
30.867
30.8576
30.8576
30.8576
30.8576
30.8576
30.8576
30.8576
30.8576
30.8576
30.8576
30.8576
30.8576
30.8576
30.8576
30.8576
30.8576
30.8576
30.8576
30.8576
30.8576
30.8576
30.8576
30.8576
30.8576
30.8576
30.8576
30.8576
30.8576
30.8576
30.8576
30.8576
30.8576
30.8576
30.8576
30.8576
30.8576
30.8576
30.8576
30.8576
30.8576
30.8576
30.8576
30.8576
30.8576
30.8576
30.8576
30.8576
30.8576
30.8576
30.8576
30.8576
30.8576
30.8576
30.8576
30.8576
30.8576
30.8576
30.8576
30.8576
30.8576
30.8576
30.8576
30.8576
30.8576
30.8576
30.8576
30.8576
30.8576
30.8576
30.8576
30.8576
30.8576
30.8576
30.8576
30.8576
30.8576
30.8576
30.8576
30.8576
30.8576
30.8576
30.8576
30.8576
30.8576
30.8576
30.8576
30.8576
30.8576
30.8576
30.8576
30.8576
30.8576
30.8576
30.8576
30.8576
30.8576
30.8576
30.8576
30.8576
30.8576
30.8576
30.8576
30.8576
30.8576
30.8576
30.8576
30.8576
30.8576
30.8576
30.8576
30.8576
30.8576
30.8576
30.8576
30.8576
30.8576
30.8576
30.8576


936.363
935.347
863.919
825.722
825.402
801.354
801.195
723.793
717.924
701.516
694.065
658.298
628.459
593.227
578.498
567.605
549.619
542.818
524.697
506.33
489.39
504.003
489.171
484.777
483.276
430.118
398.397
398.397
364.436
364.436
363.482
351.543
330.778
324.076
309.355
298.732
298.656
292.029
235.621
228.437
209.422
208.147
207.439
175.495
157.199
157.199
140.274
132.44
130.251
130.251
122.313
105.942
102.596
100.068
95.2896
92.9276
79.4257
78.0739
74.9133
71.0313
68.1464
67.6958
60.6663
56.4669
56.4669
55.0885
51.296
48.1619
46.7828
44.549
44.5298
44.197
44.01
42.4482
41.5709
40.5832
40.2834
39.6821
39.6821
36.2726
35.8802
35.0941
35.0941
34.0359
34.0119
33.9409
33.8477
33.088
32.8255
32.2316
32.2316
31.8068
31.7789
31.7789
31.718
31.7023
31.6149
31.5285
31.4045
31.1857
31.1834
31.1699
31.0544
31.0452
30.8979
30.8816
30.8355
30.8345
30.7754
30.7211
30.6721
30.6932
30.6437
30.6358
30.604
30.5721
30.5152
30.5123
30.4979
30.4883
30.4869
30.4839
30.4839
30.4725
30.4557
30.4464
30.4314
30.4272
30.426
30.4252
30.42
30.4155
30.4124
30.4075
30.4071
30.4056
30.4005
30.4001
30.3998
30.3972
30.3947
30.3941
30.3938
30.3919
30.3888
30.3871
30.3862
30.3859
30.3859
30.3852
30.3848
30.3847
30.3845
30.3843
30.3839
30.3836
30.3834
30.3833
30.3831
30.383
30.383
30.3828
30.3826
30.3826
30.3826
30.3825
30.3825
30.3824
30.3824
30.3823
30.3823
30.3823
30.3823
30.3822
30.3822
30.3822
30.3822
30.3822
30.3822
30.3822
30.3821
30.3821
30.3821
30.3821
30.3821
30.3821
30.3821
30.3821
30.3821
30.3821
30.3821
30.3821
30.3821
30.3821
30.3821
30.3821
30.3821
30.3821
30.382
30.382
30.382
30.382
30.382
30.382
30.382
30.382
30.382
30.382
30.382
30.382
30.382
30.382
30.382
30.382
30.382
30.382
30.382
30.382
30.382
30.382
30.382
30.382
30.382
30.382
30.382
30.382
30.382
30.382
30.382
30.382
30.382
30.382
30.382
30.382
30.382
30.382
30.382
30.382
30.382
30.382
30.382
30.382
30.382
30.382
30.382
30.382
30.382
30.382
30.382
30.382
30.382
30.382
30.382
30.382
30.382
30.382
30.382
30.382
30.382
30.382
30.382
30.382
30.382
30.382
30.382
30.382
30.382
30.382
30.382
30.382
30.382
30.382
30.382
30.382
30.382
30.382
30.382
30.382
30.382
30.382
30.382
30.382
30.382
30.382
30.382
30.382
30.382
30.382
30.382
30.382
30.382
30.382
30.382
30.382
30.382
30.382
30.382
30.382
30.382
30.382
30.382
30.382
30.382
30.382
30.382
30.382
30.382
30.382
30.382
30.382
30.382
30.382
30.382
30.382
30.382
30.382
30.382
30.382
30.382
30.382
30.382
30.382
30.382
30.382
30.382
30.382
30.382
30.382
30.382
30.382
30.382
30.382
30.382
30.382
30.382
30.382
30.382
30.382
30.382
30.382
30.382
30.382
30.382
30.382
30.382
30.382
30.382
30.382
30.382
30.382
30.382
30.382
30.382
30.382
30.382
30.382
30.382
30.382
30.382
30.382
30.382
30.382
30.382
30.382
30.382
30.382
30.382
30.382
30.382
30.382
30.382
30.382
30.382
30.382
30.382
30.382
30.382
30.382
30.382
30.382
30.382
30.4439
30.382
30.382
30.382
30.382
30.382
30.382
30.382
30.382
30.382
30.382
30.382
30.382
30.382
30.382
30.382
30.382
30.382
30.382
30.382
30.4003
30.382
30.382
30.382
30.382
30.382
30.382
30.382
30.382
30.382
30.3846
30.382
30.382
30.382
30.382
30.382
30.382
30.382
30.382
30.382
30.382
30.382
30.382
30.382
30.382
30.382
30.382
30.382
30.382
30.382
30.382
30.382
30.382
30.382
30.382
30.382
30.382
30.382
30.382
30.382
30.382
30.382
30.382
30.382
30.382
30.382
30.382
30.382
30.382
30.382
30.382
30.382
30.382
30.382
30.382
30.382
30.382
30.382
30.382
30.382
30.382
30.382
30.382
30.382
30.382
30.382
30.382
30.382
30.382
30.382
30.382
30.382
30.382
30.382
30.382
30.382
30.382
30.382
30.382
30.382
30.382
30.382
30.382
30.382
30.382
30.382
30.382
30.382
30.382
30.382
30.382
30.382
30.382
30.382
30.382
30.382
30.382
30.382
30.382


933.373
932.35
888.177
864.695
827.968
821.228
780.582
734.523
730.495
730.495
709.821
689.619
689.619
681.249
681.249
678.128
652.602
623.379
623.379
614.75
611.651
612.656
604.664
587.147
569.577
563.174
560.933
536.875
517.195
517.075
515.864
484.685
482.604
462.554
462.554
450.95
445.894
430.587
408.417
405.097
395.528
380.369
367.297
354.07
346.873
318.118
301.806
293.417
276.526
268.745
250.524
226.983
214.926
189.337
189.337
176.598
164.129
148.46
137.587
130.979
128.447
123.32
114.2
113.383
106.297
106.297
100.453
92.1641
87.53
77.7262
76.6582
74.8059
74.1694
72.2178
68.9634
68.9634
60.4608
60.3178
57.0608
50.9857
49.8126
48.4922
47.6314
47.2612
46.9146
44.3066
43.9424
41.7316
41.7316
40.8205
40.6265
40.3236
39.6314
37.5854
35.7442
35.7442
35.6696
35.6696
35.4643
35.4401
35.4228
34.7974
34.7974
34.7426
34.3499
34.3499
34.252
34.2341
33.9986
33.9275
33.9244
33.9131
33.8555
33.6226
33.615
33.4781
33.3632
33.3632
33.3448
33.2277
33.2261
33.1927
33.1097
33.1097
33.1048
33.0942
33.0636
33.0456
33.0342
33.0015
32.9954
32.92
32.8136
32.8119
32.7966
32.7802
32.7799
32.7783
32.7577
32.7577
32.7364
32.7321
32.724
32.7085
32.6939
32.6937
32.6913
32.6814
32.6751
32.6631
32.6532
32.6532
32.6523
32.6495
32.646
32.6432
32.6404
32.6404
32.6362
32.6362
32.6334
32.6334
32.6331
32.633
32.6329
32.6326
32.6311
32.6282
32.6268
32.6261
32.6261
32.6252
32.6251
32.6251
32.6248
32.6235
32.6235
32.6229
32.6229
32.6229
32.6227
32.6225
32.6221
32.6217
32.6217
32.6213
32.6208
32.6208
32.6206
32.6206
32.6206
32.6206
32.6204
32.6204
32.6204
32.6204
32.6204
32.6203
32.6203
32.6202
32.6202
32.6202
32.6201
32.6201
32.6201
32.6201
32.6201
32.62
32.62
32.62
32.62
32.6199
32.6199
32.6199
32.6199
32.6199
32.6199
32.6199
32.6199
32.6199
32.6199
32.6199
32.6199
32.6199
32.6199
32.6199
32.6199
32.6199
32.6199
32.6199
32.6199
32.6199
32.6199
32.6199
32.6199
32.6199
32.6199
32.6199
32.6199
32.6199
32.6199
32.6199
32.6198
32.6198
32.6198
32.6198
32.6198
32.6198
32.6198
32.6198
32.6198
32.6198
32.6198
32.6198
32.6198
32.6198
32.6198
32.6198
32.6198
32.6198
32.6198
32.6198
32.6198
32.6198
32.6198
32.6198
32.6198
32.6198
32.6198
32.6198
32.6198
32.6198
32.6198
32.6198
32.6198
32.6198
32.6198
32.6198
32.6198
32.6198
32.6198
32.6198
32.6198
32.6198
32.6198
32.6198
32.6198
32.6198
32.6198
32.6198
32.6198
32.6198
32.6198
32.6198
32.6198
32.6198
32.6198
32.6198
32.6198
32.6198
32.6198
32.6198
32.6198
32.6198
32.6198
32.6198
32.6198
32.6198
32.6198
32.6198
32.6198
32.6198
32.6198
32.6198
32.6198
32.6198
32.6198
32.6198
32.6198
32.6198
32.6198
32.6198
32.6198
32.6198
32.6198
32.6198
32.6198
32.6198
32.6198
32.6198
32.6198
32.6198
32.6198
32.6198
32.6198
32.6198
32.6198
32.6198
32.6198
32.6198
32.6198
32.6198
32.6198
32.6198
32.6198
32.6198
32.6198
32.6198
32.6198
32.6198
32.6198
32.6198
32.6198
32.6198
32.6198
32.6198
32.6198
32.6198
32.6198
32.6198
32.6198
32.6198
32.6198
32.6198
32.6198
32.6198
32.6198
32.6198
32.6198
32.6198
32.6198
32.6198
32.6198
32.6198
32.6198
32.6198
32.6198
32.6198
32.6198
32.6198
32.6198
32.6198
32.6198
32.6198
32.6198
32.6198
32.6198
32.6198
32.6198
32.6198
32.6198
32.6198
32.6198
32.6198
32.6198
32.6198
32.6198
32.6198
32.6198
32.6198
32.6198
32.6198
32.6198
32.6198
32.6198
32.6198
32.6198
32.6198
32.6198
32.6198
32.6198
32.6198
32.6198
32.6198
32.6198
32.6198
32.6198
32.6198
32.6198
32.6198
32.6198
32.6198
32.6198
32.6198
32.6198
32.6198
32.6198
32.6198
32.6198
32.6198
32.6198
32.6198
32.6198
32.6198
32.6198
32.6198
32.6198
32.6198
32.6198
32.6198
32.6198
32.6198
32.6198
32.6198
32.6198
32.6198
32.6198
32.6198
32.6198
32.6198
32.6198
32.6198
32.6198
32.6198
32.6198
32.6198
32.6198
32.6198
32.6198
32.6198
32.6198
32.6198
32.6198
32.6198
32.6198
32.6198
32.6198
32.6198
32.6198
32.6198
32.6198
32.6198
32.6198
32.6198
32.6198
32.6198
32.6198
32.6198
32.6198
32.6198
32.6198
32.6198
32.6198
32.6198
32.6198
32.6198
32.6198
32.6198
32.6198
32.6198
32.6198
32.6198
32.6198
32.6198
32.6198
32.6198
32.6198
32.6198
32.6198
32.6198


1044.36
992.561
904.316
887.917
882.903
866.15
818.033
763.74
709.688
676.807
636.655
639.075
620.32
620.32
593.209
588.12
558.539
558.539
558.528
521.142
515.619
488.36
487.335
438.653
435.388
435.388
411.834
411.834
409.452
360.556
360.556
359.955
335.313
244.201
231.644
231.644
231.644
215.074
193.812
163.911
162.513
162.675
140.818
136.353
126.542
123.303
111.921
108.074
107.888
102.156
98.5244
98.5244
94.1105
92.9233
88.1353
81.6242
76.8962
74.4381
74.1688
73.1275
69.777
68.4143
65.7101
64.9037
63.9625
63.7066
61.8036
60.5404
60.5404
60.0862
58.393
57.7519
57.7519
57.7519
56.1911
55.6771
55.4614
55.2817
55.1908
55.0598
54.9765
54.1564
54.154
54.0988
53.7893
53.734
53.5728
53.3102
53.2907
53.2258
53.007
52.8867
52.8655
52.8533
52.8147
52.7994
52.7833
52.757
52.7414
52.7336
52.6151
52.5817
52.544
52.543
52.5272
52.5033
52.4958
52.4664
52.4621
52.4573
52.4417
52.4388
52.431
52.4273
52.4261
52.4046
52.4015
52.3993
52.391
52.3899
52.3868
52.3816
52.3807
52.3773
52.3773
52.3739
52.3739
52.3728
52.371
52.3701
52.3649
52.3655
52.3645
52.3634
52.3625
52.3623
52.3595
52.3586
52.3577
52.3576
52.3565
52.356
52.3556
52.3548
52.3546
52.3541
52.3541
52.354
52.3537
52.3536
52.3535
52.3533
52.3531
52.3531
52.353
52.353
52.353
52.3529
52.3528
52.3527
52.3527
52.3526
52.3526
52.3526
52.3525
52.3525
52.3525
52.3525
52.3525
52.3525
52.3525
52.3525
52.3525
52.3525
52.3524
52.3524
52.3524
52.3524
52.3524
52.3524
52.3524
52.3524
52.3524
52.3524
52.3524
52.3524
52.3524
52.3524
52.3524
52.3524
52.3524
52.3524
52.3524
52.3524
52.3524
52.3524
52.3524
52.3524
52.3524
52.3524
52.3524
52.3524
52.3524
52.3524
52.3524
52.3524
52.3524
52.3524
52.3524
52.3524
52.3524
52.3524
52.3524
52.3524
52.3524
52.3524
52.3524
52.3524
52.3524
52.3524
52.3524
52.3524
52.3524
52.3524
52.3524
52.3524
52.3524
52.3524
52.3524
52.3524
52.3524
52.3524
52.3524
52.3524
52.3524
52.3524
52.3524
52.3524
52.3524
52.3524
52.3524
52.3524
52.3524
52.3524
50.1827
49.4798
49.4798
48.2691
46.401
42.0288
40.5374
39.1195
39.1195
39.1195
39.1195
38.4076
38.4076
38.4076
38.1726
36.9717
36.9717
36.9717
36.386
36.386
36.386
36.1502
36.1348
36.1348
36.1348
36.0845
36.0845
35.828
35.828
35.828
35.8086
35.8086
35.7529
35.7529
35.6909
35.5782
35.4656
35.3838
35.1237
34.9369
34.8301
34.8301
34.7629
34.7429
34.6478
34.6478
34.5978
34.5978
34.5745
34.5743
34.5709
34.5709
34.5627
34.5607
34.5607
34.5569
34.5569
34.5438
34.5438
34.4951
34.4951
34.4951
34.2993
34.2979
34.2979
34.2979
34.2979
34.2814
34.2748
34.2748
34.2375
34.2375
34.2267
34.2267
34.2021
34.1835
34.166
34.1652
34.134
34.134
34.12
34.1016
34.1016
34.0922
34.0922
34.0922
34.0618
34.0503
34.0503
34.0455
34.0455
34.0346
34.0346
34.0346
34.0336
34.0336
34.0336
34.0339
34.0307
34.0294
34.0294
34.0196
34.0196
34.0142
34.0142
34.0142
34.012
34.01
34.0098
34.0098
34.0094
34.0094
34.0088
34.0088
34.0086
34.0076
34.0076
34.0065
34.0065
34.0059
34.0058
34.0053
34.0053
34.0022
34.0022
34.0007
34.0002
34.0002
34.0002
33.9994
33.9994
33.9994
33.9992
33.9988
33.9988
33.9986
33.9984
33.9986
33.9983
33.9972
33.9972
33.9971
33.9967
33.9967
33.9967
33.9965
33.9965
33.9964
33.9962
33.9962
33.9962
33.996
33.996
33.9959
33.9959
33.9959
33.9959
33.996
33.996
33.9959
33.9959
33.9959
33.9957
33.9957
33.9956
33.9956
33.9956
33.9955
33.9955
33.9955
33.9955
33.9955
33.9955
33.9955
33.9955
33.9955
33.9954
33.9954
33.9954
33.9954
33.9954
33.9954
33.9954
33.9954
33.9954
33.9954
33.9954
33.9954
33.9954
33.9954
33.9954
33.9954
33.9953
33.9953
33.9953
33.9953
33.9953
33.9953
33.9953
33.9953
33.9953
33.9953
33.9953
33.9953
33.9953
33.9953
33.9953
33.9953
33.9953
33.9953
33.9953
33.9953
33.9953
33.9953
33.9953
33.9953
33.9953
33.9953
33.9953
33.9953
33.9953
33.9953
33.9953
33.9953
33.9953
33.9953
33.9953
33.9953
33.9953
33.9953
33.9953
33.9953
33.9953
33.9953
33.9953
33.9953
33.9953
33.9953
33.9953
33.9953
33.9953
33.9953
33.9953
33.9953
33.9953
33.9953
33.9953
33.9953
33.9953
33.9953
33.9953
33.9953
33.9953
33.9953
33.9953
33.9953


1007.91
952.291
937.352
849.534
800.446
787.619
733.314
733.314
688.987
681.175
670.903
643.869
642.965
615.492
592.751
592.751
579.545
548.319
529.355
529.355
526.437
494.652
481.377
476.624
474.169
402.05
361.095
341.799
326.001
301.785
301.785
284.473
271.793
241.771
229.586
226.263
211.219
206.477
195.641
178.817
178.817
167.434
160.737
144.869
125.304
118.774
105.492
105.492
88.9603
88.9603
88.9603
83.6844
78.0661
72.3679
67.5815
63.0066
63.0066
61.8827
59.4594
56.437
49.6977
48.0167
48.0167
47.8526
45.1198
44.8049
43.7102
42.5622
42.0574
41.5188
40.4148
40.4148
39.3991
39.3991
38.8047
37.9396
37.5239
37.0717
36.5433
36.5327
36.3708
36.2842
36.1976
35.8153
35.733
35.3684
35.3005
35.1106
35.1106
35.0628
34.9142
34.9248
34.9248
34.896
34.6568
34.6568
34.6533
34.4807
34.3338
34.3338
34.225
34.1987
34.1905
34.1576
34.1525
34.082
34.082
34.082
34.0639
34.031
33.9857
33.9823
33.9737
33.9641
33.9469
33.9121
33.9121
33.9078
33.8992
33.8992
33.8842
33.8753
33.868
33.8624
33.8338
33.8332
33.8332
33.8305
33.8264
33.8199
33.8187
33.8038
33.7927
33.7927
33.7927
33.7914
33.7899
33.7872
33.7868
33.7865
33.7852
33.7815
33.7813
33.7795
33.7795
33.778
33.7735
33.7734
33.772
33.7718
33.7718
33.7706
33.7706
33.7694
33.7692
33.7688
33.7686
33.7674
33.7672
33.767
33.7664
33.7661
33.7661
33.766
33.766
33.7657
33.7657
33.7657
33.7655
33.7654
33.7653
33.7647
33.7647
33.7647
33.7646
33.7646
33.7646
33.7645
33.7643
33.7643
33.7643
33.7643
33.7642
33.7641
33.764
33.764
33.764
33.764
33.7639
33.7639
33.7639
33.7638
33.7637
33.7637
33.7637
33.7637
33.7636
33.7636
33.7636
33.7636
33.7636
33.7636
33.7636
33.7636
33.7636
33.7636
33.7636
33.7636
33.7636
33.7636
33.7636
33.7636
33.7636
33.7636
33.7636
33.7636
33.7636
33.7636
33.7636
33.7636
33.7636
33.7636
33.7636
33.7636
33.7636
33.7636
33.7636
33.7636
33.7636
33.7636
33.7636
33.7636
33.7636
33.7636
33.7636
33.7636
33.7636
33.7636
33.7636
33.7636
33.7636
33.7636
33.7636
33.7636
33.7636
33.7636
33.7636
33.7636
33.7636
33.7636
33.7636
33.7636
33.7636
33.7636
33.7636
33.7636
33.7636
33.7636
33.7636
33.7636
33.7636
33.7636
33.7636
33.7636
33.7151
33.7151
33.7151
33.7151
33.7151
33.697
33.697
33.7602
33.6843
33.4974
33.3557
33.0466
32.988
32.988
32.831
32.5472
32.5472
32.5472
32.5248
32.477
32.477
32.477
32.477
32.448
32.4117
32.4117
32.4117
32.3653
32.3653
32.362
32.3616
32.3616
32.3616
32.3217
32.3159
32.3139
32.2922
32.2922
32.2922
32.2778
32.2768
32.2768
32.2768
32.2477
32.2405
32.2393
32.2355
32.235
32.2329
32.2268
32.2257
32.2154
32.2055
32.2055
32.2055
32.2055
32.193
32.1907
32.1907
32.189
32.1872
32.1872
32.1872
32.1849
32.1832
32.1831
32.1823
32.1811
32.1781
32.178
32.1766
32.1766
32.1765
32.1763
32.1757
32.1757
32.1754
32.1749
32.1733
32.1729
32.1729
32.1726
32.1725
32.1725
32.1723
32.1723
32.1722
32.1718
32.1717
32.1717
32.1716
32.1714
32.1714
32.1714
32.1713
32.1713
32.1712
32.1713
32.1712
32.1712
32.1712
32.1712
32.1711
32.1711
32.1711
32.171
32.171
32.171
32.171
32.171
32.171
32.171
32.171
32.171
32.171
32.1709
32.1709
32.171
32.1709
32.1709
32.1709
32.1709
32.1709
32.1709
32.1709
32.1709
32.1709
32.1709
32.1709
32.1709
32.1709
32.1709
32.1709
32.1709
32.1709
32.1709
32.1709
32.1709
32.1709
32.1709
32.1709
32.1709
32.1709
32.1709
32.1709
32.1709
32.1709
32.1709
32.1709
32.1709
32.1709
32.1709
32.1709
32.1709
32.1709
32.1709
32.1709
32.1709
32.1709
32.1709
32.1709
32.1709
32.1709
32.1709
32.1709
32.1709
32.1709
32.1709
32.1709
32.1709
32.1709
32.1709
32.1709
32.1709
32.1709
32.1709
32.1709
32.1709
32.1709
32.1709
32.1709
32.1709
32.1709
32.1709
32.1709
32.1709
32.1709
32.1709
32.1709
32.1709
32.1709
32.1709
32.1709
32.1709
32.1709
32.1709
32.1709
32.1709
32.1709
32.1709
32.1709
32.1709
32.1709
32.1709
32.1709
32.1709
32.1709
32.1709
32.1709
32.1709
32.1709
32.1709
32.1709
32.1709
32.1709
32.1709
32.1709
32.1709
32.1709
32.1709
32.1709
32.1709
32.1709
32.1709
32.1709
32.1709
32.1709
32.1709
32.1709
32.1709
32.1709
32.1709
32.1709
32.1709
32.1709
32.1709


