1216.26
1181.52
1081.85
1000.33
939.485
923.155
879.173
865.061
865.061
822.858
817.586
875.319
829.819
798.136
769.827
769.827
738.637
724.035
703.648
686.16
667.465
656.188
656.188
644.722
623.979
623.979
618.803
618.803
604.842
600.568
566.869
531.344
513.858
445.71
445.71
423.202
408.319
372.508
344.2
344.2
344.2
326.018
275.789
251.177
247.463
240.444
225.592
208.17
190.464
166.774
166.377
157.166
152.791
146.277
132.533
125.282
115.639
115.639
108.865
90.8676
90.8676
90.9
81.81
78.643
77.7872
76.5775
75.6233
73.6682
68.4268
68.4268
66.6361
64.9719
64.6434
63.1299
58.8238
58.1001
58.0902
57.3214
56.8497
55.5771
54.2032
53.9974
53.7282
52.397
52.397
52.397
51.9281
51.5943
51.5943
51.5943
51.3294
51.2709
51.0936
51.0579
50.7674
50.7421
50.6276
50.6276
50.4981
50.4572
50.4211
50.4086
50.4086
50.3678
50.362
50.3211
50.2834
50.2769
50.2531
50.1947
50.1717
50.1349
50.1349
50.0948
50.0948
50.0887
50.079
50.0631
50.0589
50.0536
50.0501
50.0427
50.0409
50.0337
50.0253
50.0213
50.0211
50.0166
50.0133
50.0133
50.013
50.0098
50.0094
50.0083
50.0054
50.0047
50.0045
50.0039
50.0039
50.0039
50.0035
50.003
50.003
50.0025
50.0023
50.0021
50.002
50.002
50.0018
50.0016
50.0011
50.0009
50.0009
50.0009
50.0008
50.0006
50.0006
50.0006
50.0004
50.0004
50.0004
50.0004
50.0003
50.0002
50.0002
50.0002
50.0002
50.0002
50.0001
50.0001
50.0001
50.0001
50.0001
50.0001
50.0001
50.0001
50.0001
50.0001
50.0001
50.0001
50.0001
50
50
50
50
50
50
50
50
50
50
50
50
50
50
50
50
50
50
50
50
50
50
50
50
50
50
50
50
50
50
50
50
50
50
50
50
50
50
50
50
50
50
50
50
50
50
50
50
50
50
50
50
50
50
50
50
50
50
50
50
50
50
50
50
50
50
50
50
50
50
50
50
50
50
50
50
50
50
50
50
50
50
50
50
50
50
50
50
50
50
50
50
50
50
50
50
50
50
50
50
50
50
50
50
50
50
50
50
50
50
50
50
50
50
50
50
50
50
50
50
50
50
50
50
50
50
50
50
50
50
50
50
50
50
50
50
50
50
50
50
50
50
50
50
50
50
50
50
50
50
50
50
50
50
50
50
50
50
50
50
50
50
50
50
50
50
50
50
50
50
50
50
50
50
50
50
50
50
50
50
50
50
50
50
50
50
50
50
50
50
50
50
50
50
50
50
50
50
50
50
50
50
50
50
50
50
50
50
50
50
50
50
50
50
50
50
50
50
50
50
50
50
50
50
50
50
50
50
50
50
50
50
50
50
50
50
50
50
50
50
50
50
50
50
50
50
50
50
50
50
50
50
50
50
50
50
50
50
50
50
50
50
50
50
50
50
50
50
50
50
50
50
50
50
50
50
50
50
50
50
50
50
50
50
50
50
50
50
50
50
50
50
50
50
50
50
50
50
50
50
50
50
50
50
50
50
50
50
50
50
50
50
50
50
50
50
50
50
50


1039.34
993.805
993.805
951.668
939.96
892.457
867.913
853.718
853.718
828.053
826.004
840.77
828.871
828.833
802.25
789.106
758.772
736.337
736.273
717.19
705.818
688.921
664.926
650.885
619.574
595.707
554.379
530.128
521.173
506.709
490.224
474.676
474.676
412.455
412.241
391.258
375.069
357.042
302.383
275.267
269.997
269.895
240.87
229.299
201.813
193.111
192.972
185.042
168.033
162.446
159.004
153.279
128.582
128.582
122.25
121.445
115.777
103.048
98.482
98.4017
90.8396
89.159
85.821
78.4386
76.291
76.291
73.7911
72.5326
71.2622
70.4153
69.6177
67.2993
67.1199
65.974
65.3534
64.7833
63.2647
62.0543
61.495
60.9347
60.7666
60.7052
59.3844
59.2365
58.9773
58.087
57.0359
57.0359
56.6987
56.5609
56.5609
56.1785
56.1551
55.9942
55.9406
55.8054
55.7474
55.6129
55.6129
55.4802
55.4553
55.4406
55.3382
55.3288
55.3288
55.3148
55.2595
55.232
55.2272
55.2065
55.1797
55.1591
55.1347
55.1324
55.1092
55.1063
55.0909
55.0772
55.068
55.0584
55.0441
55.0362
55.0295
55.0295
55.0277
55.0263
55.0245
55.0225
55.0187
55.0164
55.0161
55.0134
55.013
55.0127
55.0118
55.0099
55.0094
55.0086
55.0067
55.006
55.006
55.005
55.0048
55.0041
55.0034
55.003
55.0025
55.0025
55.0024
55.0022
55.0018
55.0018
55.0016
55.0014
55.0014
55.0012
55.0008
55.0008
55.0008
55.0006
55.0006
55.0006
55.0005
55.0003
55.0003
55.0003
55.0003
55.0003
55.0003
55.0002
55.0002
55.0002
55.0002
55.0002
55.0001
55.0001
55.0001
55.0001
55.0001
55.0001
55.0001
55.0001
55.0001
55.0001
55.0001
55
55
55
55
55
55
55
55
55
55
55
55
55
55
55
55
55
55
55
55
55
55
55
55
55
55
55
55
55
55
55
55
55
55
55
55
55
55
55
55
55
55
55
55
55
55
55
55
55
55
55
55
55
55
55
55
55
55
55
55
55
55
55
55
55
55
55
55
55
55
55
55
55
55
55
55
55
55
55
55
55
55
55
55
55
55
55
55
55
55
55
55
55
55
55
55
55
55
55
55
55
55
55
55
55
55
55
55
55
55
55
55
55
55
55
55
55
55
55
55
55
55
55
55
55
55
55
55
55
55
55
55
55
55
55
55
55
55
55
55
55
55
55
55
55
55
55
55
55
55
55
55
55
55
55
55
55
55
55
55
55
55
55
55
55
55
55
55
55
55
55
55
55
55
55
55
55
55
55
55
55
55
55
55
55
55
55
55
55
55
55
55
55
55
55
55
55
55
55
55
55
55
55
55
55
55
55
55
55
55
55
55
55
55
55
55
55
55
55
55
55
55
55
55
55
55
55
55
55
55
55
55
55
55
55
55
55
55
55
55
55
55
55
55
55
55
55
55
55
55
55
55
55
55
55
55
55
55
55
55
55
55
55
55
55
55
55
55
55
55
55
55
55
55
55
55
55
55
55
55
55
55
55
55
55
55
55
55
55
55
55
55
55
55
55
55
55
55
55
55
55
55
55
55
55
55
55
55
55
55
55
55
55
55
55


1143.91
1110.41
1003.51
974.74
917.572
777.048
763.584
763.362
732.671
732.285
699.886
694.756
674.407
674.407
664.577
650.971
633.345
623.596
609.054
609.054
581.218
572.101
559.33
559.159
557.209
521.563
503.547
502.741
487.996
474.905
463.582
422.248
420.444
375.685
347.144
324.456
311.37
310.561
305.774
269.514
250.409
250.409
230.741
191.71
179.818
160.627
160.043
159.749
142.062
140.224
130.089
118.985
112.819
112.138
95.7774
93.2433
87.8376
87.8376
86.379
84.7213
81.3189
74.0442
73.3623
72.5841
71.1314
66.8082
65.8348
64.8141
64.5866
62.7261
61.991
61.4928
61.2287
59.1662
58.8523
58.8002
57.5928
56.9351
56.6897
56.5178
56.3998
55.8842
55.8842
55.8588
55.6922
55.6121
55.1215
54.9407
54.935
54.8523
54.6448
54.5453
54.5453
54.4354
54.4155
54.3485
54.2095
54.1806
54.1227
54.1103
54.0526
54.0131
53.9909
53.8818
53.8254
53.8141
53.7872
53.7618
53.728
53.7092
53.6926
53.681
53.6787
53.6494
53.6115
53.6059
53.6034
53.5978
53.5944
53.5939
53.5868
53.5868
53.586
53.5817
53.5768
53.5694
53.5694
53.5661
53.5657
53.5642
53.5638
53.5629
53.5624
53.5592
53.5582
53.555
53.555
53.5549
53.5534
53.5523
53.5516
53.5514
53.5512
53.5505
53.5505
53.5504
53.5496
53.5494
53.5492
53.5486
53.5485
53.5485
53.548
53.548
53.5478
53.5475
53.5475
53.5475
53.5474
53.5473
53.5473
53.5471
53.547
53.5468
53.5468
53.5467
53.5467
53.5467
53.5467
53.5467
53.5467
53.5466
53.5466
53.5466
53.5466
53.5466
53.5466
53.5465
53.5465
53.5465
53.5465
53.5465
53.5465
53.5465
53.5465
53.5465
53.5465
53.5465
53.5465
53.5465
53.5465
53.5465
53.5465
53.5465
53.5465
53.5465
53.5465
53.5465
53.5465
53.5465
53.5465
53.5465
53.5465
53.5465
53.5465
53.5465
53.5465
53.5465
53.5465
53.5465
53.5465
53.5465
53.5465
53.5465
53.5465
53.5465
53.5465
53.5465
53.5465
53.5465
53.5465
53.5465
53.5465
53.5465
53.5465
53.5465
53.5465
53.5465
53.5465
53.5465
53.5465
53.5465
53.5465
53.5465
53.5465
53.5465
53.5465
53.5465
53.5465
53.5465
53.5465
53.5465
53.5465
53.5465
53.5465
53.5465
53.5465
53.5465
53.5465
53.5465
53.4603
53.4603
53.3916
53.3916
52.5736
52.5736
52.3783
52.3512
52.3512
52.3032
52.2416
52.1826
51.7873
51.715
51.715
51.6583
51.6583
51.6505
51.4394
51.4394
51.2556
51.2437
51.068
51.0086
50.9649
50.9649
50.8108
50.4848
49.5279
48.5847
47.5069
47.4111
47.1562
46.6338
45.5365
45.5365
45.2214
45.2214
44.8742
44.8742
44.8742
44.7076
44.7076
44.7076
44.7076
44.7076
44.6081
44.6081
44.5141
44.5141
44.5141
44.5141
44.5141
44.4785
44.4785
44.4652
44.4178
44.4178
44.4152
44.4152
44.3924
44.3924
44.3704
44.3615
44.3528
44.3307
44.3286
44.3286
44.3286
44.3238
44.3165
44.303
44.303
44.2983
44.2799
44.2755
44.2755
44.2739
44.2739
44.26
44.26
44.26
44.256
44.256
44.2552
44.2552
44.254
44.254
44.2533
44.253
44.2525
44.2522
44.2522
44.2519
44.251
44.2507
44.2502
44.2502
44.2472
44.2472
44.2468
44.2466
44.2466
44.2462
44.2453
44.245
44.245
44.2448
44.2448
44.2443
44.2443
44.2441
44.2432
44.2432
44.2432
44.2432
44.2432
44.2428
44.2427
44.2427
44.2426
44.2425
44.2425
44.2424
44.2423
44.2423
44.2423
44.2423
44.2423
44.2422
44.242
44.242
44.2419
44.2419
44.2419
44.2419
44.2419
44.2419
44.2419
44.2418
44.2418
44.2418
44.2418
44.2418
44.2418
44.2418
44.2418
44.2418
44.2418
44.2418
44.2417
44.2417
44.2417
44.2417
44.2417
44.2417
44.2417
44.2417
44.2417
44.2417
44.2417
44.2417
44.2417
44.2417
44.2417
44.2417
44.2417
44.2417
44.2417
44.2417
44.2417
44.2417
44.2417
44.2417
44.2417
44.2417
44.2417
44.2417
44.2417
44.2417
44.2417
44.2417
44.2417
44.2417
44.2417
44.2417
44.2417
44.2417
44.2417
44.2417
44.2417
44.2417
44.2417
44.2417
44.2417
44.2417
44.2417
44.2417
44.2417
44.2417
44.2417
44.2417
44.2417
44.2417
44.2417
44.2417
44.2417
44.2417
44.2417
44.2417
44.2417
44.2417
44.2417
44.2417
44.2417
44.2417
44.2417
44.2417
44.2417
44.2417
44.2417
44.2417
44.2417
44.2417
44.2417
44.2417
44.2417
44.2417
44.2417
44.2417
44.2417
44.2417
44.2417
44.2417
44.2417
44.2417
44.2417
44.2417
44.2417
44.2417
44.2417
44.2417
44.2417
44.2417
44.2417
44.2417
44.2417
44.2417
44.2417
44.2417


1332.37
1295.2
1223.54
1198.86
1174.23
1162.83
1146.27
1111.39
1084.29
1045.84
991.947
966.046
966.046
932.128
898.586
865.932
847.32
829.81
800.356
794.656
772.095
767.537
721.682
721.682
721.682
721.682
716.347
667.093
661.498
620.11
619.067
602.437
593.755
521.945
512.448
479.127
462.253
373.488
372.461
368.482
346.532
317.447
297.937
282.787
267.242
258.06
255.342
236.804
234.817
198.51
168.545
156.631
147.065
140.568
131.248
127.293
104.358
104.358
92.6561
90.184
86.7771
85.4461
83.9394
77.863
77.863
76.3543
75.352
74.573
73.9261
72.7384
71.3129
69.0528
68.7734
67.7729
65.5498
64.46
63.933
63.5838
63.451
62.2903
61.731
59.6509
59.1327
58.6124
57.9581
57.9581
57.7151
57.2379
56.8199
56.776
56.7114
56.6662
56.5628
56.4787
56.2238
56.2238
55.9791
55.8388
55.7343
55.6991
55.5286
55.5286
55.4556
55.3706
55.3011
55.2909
55.2798
55.2778
55.1969
55.1698
55.1616
55.144
55.1282
55.0961
55.0961
55.0923
55.0829
55.077
55.0738
55.0661
55.0456
55.0474
55.0468
55.0315
55.0315
55.029
55.0288
55.0284
55.0221
55.0213
55.0144
55.0144
55.014
55.0123
55.0118
55.0113
55.0113
55.0095
55.0083
55.0073
55.007
55.0066
55.0062
55.0061
55.0053
55.005
55.005
55.0036
55.0036
55.003
55.0029
55.0026
55.0019
55.0017
55.0015
55.0015
55.0014
55.0012
55.0011
55.001
55.0008
55.001
55.0007
55.0006
55.0005
55.0005
55.0005
55.0003
55.0003
55.0003
55.0003
55.0003
55.0002
55.0002
55.0002
55.0002
55.0002
55.0001
55.0001
55.0001
55.0001
55.0001
55.0001
55.0001
55.0001
55.0001
55.0001
55.0001
55.0001
55
55
55
55
55
55
55
55
55
55
55
55
55
55
55
55
55
55
55
55
55
55
55
55
55
55
55
55
55
55
55
55
55
55
55
55
55
55
55
55
55
55
55
55
55
55
55
55
55
55
55
51.5166
51.5166
46.3057
46.3057
42.0178
40.8294
37.2044
37.2044
37.2044
35.7577
35.7577
35.2336
35.2336
34.6503
33.6639
33.6639
33.6314
33.3477
33.1458
32.2561
32.2561
32.2561
32.2561
32.2561
32.0872
31.1027
30.8817
30.8817
30.8817
30.774
30.7241
30.6397
30.4409
30.2914
29.9687
29.6738
29.2608
29.1266
29.0195
28.7971
28.4834
28.4189
28.2066
28.1504
27.983
27.9428
27.8327
27.7481
27.4714
27.4588
27.4348
27.3991
27.3991
27.3341
27.3341
27.3262
27.3101
27.2942
27.2213
27.1575
27.1156
27.024
26.9455
26.8824
26.8824
26.8682
26.8682
26.86
26.8581
26.8581
26.8557
26.8557
26.8551
26.8551
26.8551
26.8491
26.8452
26.8445
26.8445
26.8433
26.8425
26.8422
26.8406
26.8404
26.8402
26.8393
26.8387
26.8382
26.8379
26.8374
26.8372
26.837
26.837
26.8365
26.8362
26.836
26.8359
26.8348
26.8304
26.8159
26.7988
26.7744
26.7344
26.3081
25.6713
24.9336
22.441
18.7727
18.7727
18.6635
18.6635
18.6714
18.6714
18.6387
18.5941
18.5421
18.5421
18.4052
17.9329
17.6046
17.4344
17.4793
17.4793
17.4683
17.4683
17.4669
17.4469
17.3921
17.2713
17.2155
17.1559
17.1166
16.9773
16.9215
16.9086
16.786
16.7089
16.6727
16.5876
16.5876
16.5027
16.5027
16.4677
16.4246
16.4104
16.4104
16.4104
16.3815
16.3638
16.3371
16.3371
16.331
16.3159
16.3159
16.2874
16.2874
16.2587
16.2524
16.2509
16.2509
16.2509
16.2509
16.2489
16.2489
16.2473
16.2434
16.2417
16.2411
16.2398
16.2392
16.2386
16.2371
16.2338
16.2284
16.225
16.2203
16.2185
16.2185
16.2159
16.2159
16.2159
16.2159
16.2154
16.2153
16.2152
16.2152
16.2146
16.2141
16.2141
16.214
16.2077
16.1937
16.1903
16.187
16.1837
16.1837
16.1802
16.1766
16.176
16.176
16.1755
16.1754
16.1754
16.1748
16.1748
16.1746
16.1746
16.1746
16.1746
16.1746
16.1746
16.1746
16.1746
16.1746
16.1745
16.1745
16.1745
16.1745
16.1745
16.1745
16.1745
16.1745
16.1744
16.1744
16.1744
16.1744
16.1744
16.1744
16.1744
16.1744
16.1744
16.1744
16.1744
16.1744
16.1744
16.1744
16.1726
16.1726
16.1698
16.1661
16.1586
15.9839
15.9839
15.9839
15.944
15.9338
15.9338
15.9327
15.9226
15.9226
15.9212
15.92
15.9186
15.9165
15.9165
15.9165
15.9154
15.9154
15.9148
15.9145


1343.09
1250.95
1197.52
1197.52
1186.07
1104.91
1083.85
1068.86
1036.21
1036.18
1024.49
987.507
963.88
940.017
929.206
893.651
893.237
882.602
844.195
844.195
821.764
809.098
808.234
793.261
781.954
757.326
745.233
745.155
728.887
700.206
653.442
653.442
590.59
563.999
557.873
522.205
522.205
497.857
497.857
486.486
452.882
452.096
410.683
379.633
367.323
325.178
309.019
254.267
237.17
234.347
217.316
183.152
177.154
169.11
142.702
142.702
133.884
124.439
119.183
101.384
101.258
97.8741
91.1594
80.248
71.5091
67.2309
67.2309
64.9918
63.4205
55.7597
55.3398
54.011
51.1245
49.0594
46.2406
46.2406
45.0457
43.702
41.9302
41.8364
39.5594
39.3623
38.9961
38.9373
37.8353
37.721
35.5334
34.5447
34.3676
33.9766
33.6579
33.0204
32.9562
32.7714
32.5208
32.3779
31.5784
31.3124
31.3124
31.2614
31.2078
31.1631
31.1617
31.0176
31.0176
30.8902
30.8902
30.7702
30.6982
30.4198
30.4198
30.451
30.3202
30.2976
30.2976
30.1966
30.1966
30.1426
30.1361
30.1049
30.0649
30.0527
30.011
29.9881
29.9824
29.9711
29.9637
29.9615
29.9006
29.8988
29.8988
29.8969
29.8964
29.8923
29.8899
29.8833
29.8808
29.88
29.8757
29.8739
29.8739
29.8724
29.8703
29.8629
29.8613
29.8613
29.8594
29.8593
29.8586
29.8586
29.8577
29.8558
29.8558
29.8551
29.8548
29.854
29.8527
29.8527
29.8515
29.8513
29.8509
29.8494
29.8494
29.8489
29.848
29.848
29.8476
29.8476
29.8476
29.8467
29.8467
29.8467
29.8464
29.8462
29.8462
29.8462
29.8462
29.8459
29.8456
29.8451
29.845
29.8451
29.8451
29.8451
29.845
29.845
29.8449
29.8449
29.8449
29.8448
29.8448
29.8447
29.8447
29.8446
29.8446
29.8446
29.8446
29.8445
29.8445
29.8445
29.8445
29.8445
29.8444
29.8444
29.8444
29.8443
29.8443
29.8443
29.8443
29.8443
29.8443
29.8443
29.8443
29.8443
29.8443
29.8443
29.8443
29.8443
29.8443
29.8443
29.8443
29.8443
29.8443
29.8443
29.8443
29.8443
29.8443
29.8443
29.8442
29.8442
29.8442
29.8442
29.8442
29.8442
29.8442
29.8442
29.8442
29.8442
29.8442
29.8442
29.8442
29.8442
29.8442
29.8442
29.8442
29.8442
29.8442
29.8442
29.8442
29.8442
29.8442
29.8442
29.8442
29.8442
29.8442
29.8442
29.8442
29.8442
29.8442
29.8442
29.8442
29.8442
29.8442
29.8442
29.8442
29.8442
29.8442
29.8442
29.8442
29.8442
29.8442
29.8442
29.8442
29.8442
29.8442
29.8442
29.8442
29.8442
29.8442
29.8442
29.8442
29.8442
29.8442
29.8442
29.8442
29.8442
29.8442
29.8442
29.8442
29.8442
29.8442
29.8442
29.8442
29.8442
29.8442
29.8442
29.8442
29.8442
29.8442
29.8442
29.8442
29.8442
29.8442
29.8442
29.8442
29.8442
29.8442
29.8442
29.8442
29.8442
29.8442
29.8442
29.8442
29.8442
29.8442
29.8442
29.8442
29.8442
29.8442
29.8442
29.8442
29.8442
29.8442
29.8442
29.8442
29.8442
29.8442
29.8442
29.8442
29.8442
29.8442
29.8442
29.8442
29.8442
29.8442
29.8442
29.8442
29.8442
29.8442
29.8442
29.8442
29.8442
29.8442
29.8442
29.8442
29.8442
29.8442
29.8442
29.8442
29.8442
29.8442
29.8442
29.8442
29.8442
29.8442
29.8442
29.8442
29.8442
29.8442
29.8442
29.8442
29.8442
29.8442
29.8442
29.8442
29.8442
29.8442
29.8442
29.8442
29.8442
29.8442
29.8442
29.8442
29.8442
29.8442
29.8442
29.8442
29.8442
29.8442
29.8442
29.8442
29.8442
29.8442
29.8442
29.8442
29.8442
29.8442
29.8442
29.8442
29.8442
29.8442
29.8442
29.8442
29.8442
29.8442
29.8442
29.8442
29.8442
29.8442
29.8442
29.8442
29.8442
29.8442
29.8442
29.8442
29.8442
29.8442
29.8442
29.8442
29.8442
29.8442
29.8442
29.8442
29.8442
29.8442
29.8442
29.8442
29.8442
29.8442
29.8442
29.8442
29.8442
29.8442
29.8442
29.8442
29.8442
29.8442
29.8442
29.8442
29.8442
29.8442
29.8442
29.8442
29.8442
29.8442
29.8442
29.8442
29.8442
29.8442
29.8442
29.8442
29.8443
29.8442
29.8442
29.8442
29.8442
29.8442
29.8442
29.8442
29.8442
29.8442
29.8442
29.8442
29.8442
29.8442
29.8442
29.8442
29.8442
29.8442
29.8442
29.8442
29.8442
29.8442
29.8442
29.8442
29.8442
29.8442
29.8442
29.8442
29.8442
29.8442
29.8442
29.8442
29.8442
29.8442
29.8442
29.8442
29.8442
29.8442
29.8442
29.8442
29.8442
29.8442
29.8442
29.8442
29.8442
29.8442
29.8442
29.8442
29.8442
29.8442
29.8442
29.8442
29.8442
29.8442
29.8442
29.8442
29.8442
29.8442
29.8442


1309.2
1148.66
1146.74
1125.29
1074.51
1074.51
1048.66
1011.43
1011.43
973.603
935.937
929.188
923.472
912.519
912.519
901.144
901.144
901.047
895.094
887.156
885.526
866.352
863.37
853.986
851.588
811.881
772.291
772.291
744.478
728.92
728.141
728.276
685.387
651.369
644.985
644.985
644.634
604.263
569.642
551.344
545.542
544.734
542.567
452.586
452.586
450.096
434.458
432.587
432.587
424.422
418.453
413.076
406.607
399.964
393.955
393.955
377.608
377.608
374.863
357.655
355.568
357.101
350.586
295.682
286.152
286.145
284.349
281.289
274.291
272.827
270.889
462.726
447.213
446.593
446.593
443.063
438.819
437.831
437.332
437.332
436.388
464.463
430.288
430.288
376.664
376.664
375.502
373.269
360.997
358.397
358.354
358.471
358.426
358.13
357.916
357.916
356.715
356.715
356.335
355.958
355.958
355.731
276.321
276.321
276.06
276.06
276.027
276.027
276.027
275.956
275.934
275.789
275.789
275.739
275.667
275.667
275.509
275.509
275.497
275.461
275.461
534.602
464.735
464.703
461.244
453.537
453.499
437.254
437.254
437.254
437.254
500.971
460.819
457.422
457.418
457.399
457.399
457.394
457.394
456.653
456.653
456.65
456.649
456.271
453.434
453.428
452.612
452.612
450.727
450.727
450.723
447.33
447.33
447.33
447.329
390.104
390.102
390.1
390.1
390.1
390.1
460.173
448.857
448.519
448.037
448.037
447.655
447.655
444.556
423.836
423.836
423.836
423.835
423.835
420.716
420.716
418.064
418.064
418.064
418.064
418.064
485.699
437.486
436.459
436.459
435.812
435.478
435.478
434.637
434.637
434.636
434.637
434.181
434.181
434.181
434.181
434.114
434.114
434.114
434.082
434.082
434.013
434.013
433.783
433.783
432.319
432.319
431.681
431.319
431.145
430.455
430.455
430.455
430.455
430.455
430.455
430.353
430.212
429.914
429.615
429.615
429.301
429.301
429.301
429.301
429.301
429.301
429.301
429.265
429.265
429.265
429.187
429.142
427.766
427.766
393.922
393.922
393.922
393.922
393.922
393.922
393.922
393.922
393.922
393.922
393.922
393.922
393.922
393.922
393.922
393.922
488.462
428.898
428.898
428.898
428.898
428.898
428.898
428.892
428.881
425.502
425.502
415.017
415.017
415.017
415.017
415.017
415.017
415.017
415.017
415.017
455.383
428.836
428.836
428.827
428.788
428.788
428.788
428.788
428.788
428.788
428.801
428.801
428.792
428.78
428.78
428.772
428.772
428.772
428.769
428.769
428.768
428.768
428.768
428.768
428.768
428.768
428.768
428.765
428.765
428.765
428.769
428.761
428.76
428.76
428.758
428.758
428.758
428.755
409.744
409.744
409.744
409.744
409.744
409.744
409.744
409.744
409.744
409.744
409.744
409.744
468.008
428.732
428.732
428.732
428.732
428.732
428.732
428.732
428.732
330.34
330.34
330.34
330.34
330.34
330.34
330.34
330.34
330.34
330.34
330.34
364.498
332.963
314.168
314.168
314.168
314.168
314.168
314.168
314.168
314.168
314.168
314.168
314.168
314.168
314.168
314.168
314.168
314.168
314.168
314.168
314.168
314.168
314.168
314.168
314.168
314.168
314.168
314.168
314.168
314.168
314.168
314.168
314.168
314.168
314.168
314.168
314.168
314.168
314.168
314.168
314.168
314.168
314.168
314.168
314.168
314.168
314.168
314.168
314.168
314.168
465.63
428.719
413.405
413.405
413.405
413.405
413.405
413.405
413.405
413.405
351.736
351.736
351.736
351.736
351.736
351.736
351.736
351.736
351.736
351.736
444.122
428.719
428.719
395.499
395.499
395.499
390.836
390.836
390.836
390.836
481.867
428.719
423.005
423.005
386.348
386.348
386.348
386.348
386.348
383.733
494.177
426.604
426.604
426.604
426.604
421.86
419.566
419.566
419.566
419.566
420.839
407.722
407.722
407.722
407.722
402.178
402.178
402.178
402.178
402.178
402.178
402.178
402.178
402.178
402.178
402.178
402.178
402.178
402.178
402.178
413.024
413.024
413.024
382.85
382.85
382.85
382.85
382.85
362.469
344.055
344.055
344.055
344.055
344.055
344.055
344.055
344.055
331.59
331.59
331.59
363.766
343.816
343.816
343.816
343.816
343.816
343.816
343.816
343.816
343.816
355.208
353.512
317.607
317.607
317.607
317.607
309.102
309.102
309.102


1144.14
1125.42
1105.78
1039.59
1039.59
987.037
987.037
976.861
929.498
903.487
900.839
877.084
868.695
850.639
815.948
815.792
810.993
810.993
791.484
791.484
784.958
751.707
744.037
724.098
717.995
704.961
704.961
685.621
677.821
667.796
667.796
667.796
642.323
637.296
625.758
621.837
608.102
605.466
605.147
601.232
591.039
534.404
506.55
494.998
438.59
438.59
392.996
392.996
369.98
345.403
314.901
289.573
273.21
255.947
242.338
188.559
181.939
181.939
177.484
176.985
175.388
156.885
147.198
136.337
135.281
134.965
125.957
116.099
108.447
105.925
102.743
98.7617
95.8334
92.6435
92.6435
89.7083
89.3526
88.2244
87.3422
87.2048
85.4313
84.8964
84.8196
83.2302
82.6504
82.6255
82.5093
81.6373
81.6003
80.4947
80.1126
79.9043
79.9043
79.6102
79.3039
79.279
79.163
79.1547
78.8428
78.8108
78.3674
78.3452
78.2422
78.2274
78.1046
78.0836
78.0197
78.0197
77.9474
77.8539
77.8165
77.7867
77.7302
77.7187
77.7014
77.6456
77.6441
77.641
77.6349
77.6118
77.6118
77.6024
77.5794
77.5566
77.5501
77.5471
77.5471
77.5402
77.5348
77.5325
77.5305
77.5305
77.5291
77.525
77.5246
77.5226
77.52
77.5175
77.5164
77.513
77.513
77.5124
77.5116
77.5105
77.5077
77.5076
77.5067
77.5063
77.5056
77.5054
77.5047
77.5037
77.5036
77.5034
77.5031
77.5027
77.5023
77.5021
77.502
76.5647
76.5646
75.8651
75.8651
75.8649
75.8649
75.8649
75.8646
75.7095
74.3823
74.3822
73.6131
73.1764
71.4489
71.4489
71.4489
71.0216
70.8909
70.3338
70.0893
67.2435
67.2435
67.2435
67.2435
66.1467
66.1467
65.863
65.4754
65.4754
65.0952
65.0698
65.0698
65.0595
65.0457
65.0457
64.9624
64.9168
64.9168
64.8442
64.8287
64.8287
64.7721
64.7487
64.7424
64.633
64.4652
64.4652
64.4652
64.2826
64.2469
64.2469
64.2412
64.2102
64.1975
64.0749
64.0252
64.0209
64.0058
64.0058
64.0058
64.0043
63.9904
63.9904
63.9894
63.9894
63.9881
63.962
63.962
63.962
63.962
63.962
63.962
63.9555
63.9525
63.9521
63.9521
63.9521
63.9521
63.9518
63.9492
63.9492
63.9485
63.9475
63.9423
63.9414
63.9331
63.931
63.931
63.931
63.9269
63.9215
63.9215
63.9205
63.9177
63.9174
63.9169
63.9169
63.9138
63.9138
63.9138
63.9092
63.9092
63.9083
63.9083
63.9051
63.9051
63.9051
63.9051
63.905
63.9035
63.9033
63.903
63.9028
63.9027
63.9026
63.9026
63.9025
63.9025
63.9021
63.9017
63.9017
63.9017
63.9017
63.9015
63.9015
63.9015
63.9013
63.9004
63.8997
63.8997
63.8997
63.8995
63.8997
63.8991
63.8991
63.899
63.8989
63.8989
63.8989
63.8988
63.8988
63.8987
63.8986
63.8985
63.8985
63.8985
63.8985
63.8985
63.8985
63.8985
63.8984
63.8984
63.8984
63.8984
63.8984
63.8984
63.8984
63.8984
63.8984
63.8984
63.8984
63.8984
63.8984
63.8984
63.8984
63.8984
63.8984
63.8984
63.8984
63.8983
63.8983
63.8983
63.8983
63.8983
63.8983
63.8983
63.8983
63.8982
63.8982
63.8982
63.8982
63.8982
63.8982
63.8982
63.8982
63.8982
63.8982
63.8982
63.8982
63.8982
63.8982
63.8982
63.8982
63.8982
63.8982
63.8981
63.8981
63.8981
63.8981
63.8981
63.8981
63.8981
63.8981
63.8981
63.8981
63.8981
63.8981
63.8981
63.8981
63.8981
63.8981
63.8981
63.8981
63.8981
63.8981
63.8981
63.8981
63.8981
63.8981
63.8981
63.8981
63.8981
63.8981
63.8981
63.8981
63.8981
63.8981
63.8981
63.8981
63.8981
63.8981
63.8981
63.8981
63.8981
63.8981
63.8981
63.8981
63.8981
63.8981
63.8981
63.8981
63.8981
63.8981
63.8981
63.8981
63.8981
63.8981
63.8981
63.8981
63.8981
63.8981
63.8981
63.8981
63.8981
63.8981
63.8981
63.8981
63.8981
63.8981
63.8981
63.8981
63.8981
63.8981
63.8981
63.8981
63.8981
63.8981
63.8981
63.8981
63.8981
63.8981
63.8981
63.8981
63.8981
63.8981
63.8981
63.8981
63.8981
63.8981
63.8981
63.8981
63.8981
63.8981
63.8981
63.8981
63.8981
63.8981
63.8981
63.8981
63.8981
63.8981
63.8981
63.8981
63.8981
63.8981
63.8981
63.8981
63.8981
63.8981
63.8981
63.8981
63.8981
63.8981
63.8981
63.8981
63.8981
63.8981
63.8981
63.8981
63.8981
63.8981
63.8981
63.8981
63.8981
63.8981
63.8981
63.8981
63.8981
63.8981
63.8981
63.8981
63.8981
63.8981
63.8981
63.8981
63.8981
63.8981
63.8981
63.8981
63.8981
63.8981
63.8981
63.8981
63.8981
63.8981
63.8981
63.8981
63.8981
63.8981
63.8981
63.8981


1080.25
967.07
955.237
900.167
829.43
829.43
808.307
758.931
748.272
745.452
741.345
753.579
742.814
712.256
709.371
703.399
696.417
684.418
680.658
677.419
657.311
619.094
612.383
606.392
580.83
561.051
535.132
533.89
512.585
512.585
495.648
488.531
468.304
458.608
452.81
428.427
413.044
386.263
361.833
361.833
338.493
323.705
314.61
312.591
281.39
272.704
252.451
236.399
233.066
219.949
213.168
180.593
172.68
159.304
156.808
151.253
129.993
128.802
118.572
111.778
99.3956
97.6566
92.6992
90.442
90.442
85.7675
83.0992
79.0161
77.6925
74.924
66.8001
67.8464
63.8291
63.8187
60.1488
59.5184
58.4246
54.611
54.2007
54.1016
52.3758
50.2445
49.8363
49.614
49.614
46.949
46.0197
45.8404
45.8404
45.2582
45.1646
45.0046
44.7395
44.4448
44.0976
43.9218
43.5898
43.4965
43.4965
43.398
42.8542
42.7618
42.7446
42.7326
42.6
42.5494
42.3916
42.3916
42.2953
42.2812
42.1983
42.1959
42.128
42.112
42.0377
42.0077
41.9842
41.9752
41.9732
41.9488
41.9207
41.9016
41.8909
41.8857
41.8857
41.8842
41.8832
41.8633
41.8633
41.837
41.8311
41.8293
41.8249
41.8202
41.8127
41.8041
41.8041
41.8014
41.8009
41.7976
41.797
41.7934
41.788
41.7852
41.7847
41.7817
41.7815
41.7805
41.7805
41.7802
41.7784
41.7784
41.7783
41.7782
41.778
41.7777
41.7776
41.7771
41.7769
41.7765
41.7764
41.7764
41.7762
41.7761
41.7759
41.7756
41.7755
41.7754
41.7754
41.7754
41.7753
41.7753
41.7751
41.7751
41.775
41.775
41.775
41.775
41.775
41.775
41.775
41.7749
41.7749
41.7749
41.7749
41.7749
41.7749
41.7749
41.7749
41.7749
41.7749
41.7749
41.7749
41.7749
41.7749
41.7749
41.7749
41.7749
41.7748
41.7748
41.7748
41.7748
41.7748
41.7748
41.7748
41.7748
41.7748
41.7748
41.7748
41.7748
41.7748
41.7748
41.7748
41.7748
41.7748
41.7748
41.7748
41.7748
41.7748
41.7748
41.7748
41.7748
41.7748
41.7748
41.7748
41.7748
41.7748
41.7748
41.7748
41.7748
41.7748
41.7748
41.7748
41.7748
41.7748
41.7748
41.7748
41.7748
41.7748
41.7748
41.7748
41.7748
41.7748
41.7748
41.7748
41.7748
41.7748
41.7748
41.7748
41.7748
41.7748
41.7748
41.7748
41.7748
41.7748
41.7748
41.7748
41.7748
41.7748
41.7748
41.7748
41.7748
41.7748
41.7748
41.7748
41.7748
41.7748
41.7748
41.7748
41.7748
41.7748
41.7748
41.7748
41.7748
41.7748
41.7748
41.7748
41.7748
41.7748
41.7748
41.7748
41.7748
41.7748
41.7748
41.7748
41.7748
41.7748
41.7748
41.7748
41.7748
41.7748
41.7748
41.7748
41.7748
41.7748
41.7748
41.7748
41.7748
41.7748
41.7748
41.7748
41.7748
41.7748
41.7748
41.7748
41.7748
41.7748
41.7748
41.7748
41.7748
41.7748
41.7748
41.7748
41.7748
41.7748
41.7748
41.7748
41.7748
41.7748
41.7748
41.7748
41.7748
41.7748
41.7748
41.7748
41.7748
41.7748
41.7748
41.7748
41.7748
41.7748
41.7748
41.7748
41.7748
41.7748
41.7748
41.7748
41.7748
41.7748
41.7748
41.7748
41.7748
41.7748
41.7748
41.7748
41.7748
41.7748
41.7748
41.7748
41.7748
41.7748
41.7748
41.7748
41.7748
41.7748
41.7748
41.7748
41.7748
41.7748
41.7748
41.7748
41.7748
41.7748
41.7748
41.7748
41.7748
41.7748
41.7748
41.7748
41.7748
41.7748
41.7748
41.7748
41.7748
41.7748
41.7748
41.7748
41.7748
41.7748
41.7748
41.7748
41.7748
41.7748
41.7748
41.7748
41.7748
41.7748
41.7748
41.7748
41.7748
41.7748
41.7748
41.7748
41.7748
41.7748
41.7748
41.7748
41.7748
41.7748
41.7748
41.7748
41.7748
41.7748
41.7748
41.7748
41.7748
41.7748
41.7748
41.7748
41.7748
41.7748
41.7748
41.7748
41.7748
41.7748
41.7748
41.7748
41.7748
41.7748
41.7748
41.7748
41.7748
41.7748
41.7748
41.7748
41.7748
41.7748
41.7748
41.7748
41.7748
41.7748
41.7748
41.7748
41.7748
41.7748
41.7748
41.7748
41.7748
41.7748
41.7748
41.7748
41.7748
41.7748
41.7748
41.7748
41.7748
41.7748
41.7748
41.7748
41.7748
41.7748
41.7748
41.7748
41.7748
41.7748
41.7748
41.7748
41.7748
41.7748
41.7748
41.7748
41.7748
41.7748
41.7748
41.7748
41.7748
41.7748
41.7748
41.7748
41.7748
41.7748
41.7748
41.7748
41.7748
41.7748
41.7748
41.7748
41.7748
41.7748
41.7748
41.7748
41.7748
41.7748
41.7748
41.7748
41.7748
41.7748
41.7748
41.7748
41.7748
41.7748
41.7748
41.7748
41.7748
41.7748
41.7748
41.7748
41.7748
41.7748
41.7748


978.019
930.589
843.707
838.946
801.613
801.613
774.107
774.107
743.788
743.788
726.372
703.611
693.551
686.968
680.029
653.173
618.869
616.925
616.925
604.928
587.12
581.682
560.284
547.163
545.906
539.259
533.762
533.628
533.559
501.585
484.592
484.219
468.27
447.531
440.047
433.36
424.313
403.577
380.287
380.287
379.651
344.871
309.519
289.946
275.739
245.843
225.802
198.903
194.545
179.214
170.276
174.853
173.83
161.788
156.633
156.238
137.552
116.154
101.084
99.6844
99.6844
78.3053
68.6186
68.1236
68.1236
56.1434
53.3754
53.0733
50.036
50.036
47.6216
45.8112
43.343
40.2945
39.6048
39.0507
38.5922
38.0083
34.5093
33.7066
28.628
28.6155
28.216
27.914
27.165
27.1533
27.1423
27.0928
26.4444
26.0049
25.6713
25.5689
25.2595
25.1471
25.1447
24.9835
24.7781
24.4776
24.2785
23.8921
23.8772
23.8715
23.8237
23.8237
23.6862
23.6828
23.6564
23.6508
23.6353
23.6166
23.6159
23.5336
23.5336
23.5176
23.5173
23.5095
23.4593
23.4482
23.4044
23.3141
23.3111
23.309
23.3081
23.3049
23.3047
23.2936
23.2861
23.2455
23.2445
23.2445
23.2346
23.2313
23.2313
23.2288
23.2166
23.2166
23.2161
23.2158
23.2137
23.2126
23.2087
23.2086
23.2081
23.2081
23.2081
23.2078
23.2076
23.2032
23.2007
23.2006
23.2006
23.2009
23.2009
23.2002
23.199
23.199
23.199
23.198
23.1977
23.1977
23.1976
23.1975
23.1968
23.1967
23.1967
23.1967
23.1965
23.1965
23.1964
23.1964
23.1961
23.1961
23.196
23.196
23.1958
23.1958
23.1958
23.1957
23.1957
23.1957
23.1956
23.1956
23.1956
23.1955
23.1955
23.1955
23.1954
23.1954
23.1954
23.1954
23.1954
23.1954
23.1954
23.1953
23.1953
23.1953
23.1953
23.1953
23.1953
23.1953
23.1953
23.1953
23.1953
23.1953
23.1953
23.1953
23.1953
23.1953
23.1953
23.1953
23.1953
23.1952
23.1952
23.1952
23.1952
23.1952
23.1952
23.1952
23.1952
23.1952
23.1952
23.1952
23.1952
23.1952
23.1952
23.1952
23.1952
23.1952
23.1952
23.1952
23.1952
23.1952
23.1952
23.1952
23.1952
23.1952
23.1952
23.1952
23.1952
23.1952
23.1952
23.1952
23.1952
23.1952
23.1952
23.1952
23.1952
23.1952
23.1952
23.1952
23.1952
23.1952
23.1952
23.1952
23.1952
23.1952
23.1952
23.1952
23.1952
23.1952
23.1952
23.1952
23.1952
23.1952
23.1952
23.1952
23.1952
23.1952
23.1952
23.1952
23.1952
23.1952
23.1952
23.1952
23.1952
23.1952
23.1952
23.1952
23.1952
23.1952
23.1952
23.1952
23.1952
23.1952
23.1952
23.1952
23.1952
23.1952
23.1952
23.1952
23.1952
23.1952
23.1952
23.1952
23.1952
23.1952
23.1952
23.1952
23.1952
23.1952
23.1952
23.1952
23.1952
23.1952
23.1952
23.1952
23.1952
23.1952
23.1952
23.1952
23.1952
23.1952
23.1952
23.1952
23.1952
23.1952
23.1952
23.1952
23.1952
23.1952
23.1952
23.1952
23.1952
23.1952
23.1952
23.1952
23.1952
23.1952
23.1952
23.1952
23.1952
23.1952
23.1952
23.1952
23.1952
23.1952
23.1952
23.1952
23.1952
23.1952
23.1952
23.1952
23.1952
23.1952
23.1952
23.1952
23.1952
23.1952
23.1952
23.1952
23.1952
23.1952
23.1952
23.1952
23.1952
23.1952
23.1952
23.1952
23.1952
23.1952
23.1952
23.1952
23.1952
23.1952
23.1952
23.1952
23.1952
23.1952
23.1952
23.1952
23.1952
23.1952
23.1952
23.1952
23.1952
23.1952
23.1952
23.1952
23.1952
23.1952
23.1952
23.1952
23.1952
23.1952
23.1952
23.1952
23.1952
23.1952
23.1952
23.1952
23.1952
23.1952
23.1952
23.1952
23.1952
23.1952
23.1952
23.1952
23.1952
23.1952
23.1952
23.1952
23.1952
23.1952
23.1952
23.1952
23.1952
23.1952
23.1952
23.1952
23.1952
23.1952
23.1952
23.1952
23.1952
23.1952
23.1952
23.1952
23.1952
23.1952
23.1952
23.1952
23.1952
23.1952
23.1952
23.1952
23.1952
23.1952
23.1952
23.1952
23.1952
23.1952
23.1952
23.1952
23.1952
23.1952
23.1952
23.1952
23.1952
23.1952
23.1952
23.1952
23.1952
23.1952
23.1952
23.1952
23.1952
23.1952
23.1952
23.1952
23.1952
23.1952
23.1952
23.1952
23.1952
23.1952
23.1952
23.1952
23.1952
23.1952
23.1952
23.1952
23.1952
23.1952
23.1952
23.1952
23.1952
23.1952
23.1952
23.1952
23.1952
23.1952
23.1952
23.1952
23.1952
23.1952
23.1952
23.1952
23.1952
23.1952
23.1952
23.1952
23.1952
23.1952
23.1952
23.1952
23.1952
23.1952
23.1952
23.1952
23.1952
23.1952
23.1952
23.1952
23.1952
23.1952
23.1952
23.1952
23.1952
23.1952


975.466
874.504
832.507
812.788
751.867
745.599
722.287
704.305
703.078
703.078
702.076
707.536
693.958
688.195
688.052
675.729
650.382
649.752
649.752
644.567
644.567
642.297
639.884
639.412
625.589
624.204
624.204
621.238
610.641
609.647
609.647
606.425
602.567
602.567
602.434
590.518
582.226
559.446
559.446
549.971
547.335
546.161
536.066
536.066
533.806
533.806
524.788
524.788
524.788
522.882
520.69
548.944
515.075
515.075
512.055
498.333
480.859
456.932
456.829
455.694
454.804
454.359
447.292
415.193
412.572
408.727
405.935
405.149
401.525
385.33
385.33
377.085
377.085
377.085
375.318
375.318
367.536
364.476
357.023
357.023
355.79
355.784
355.784
353.794
350.367
350.367
350.367
349.838
349.563
349.207
348.889
355.986
354.894
354.763
347.846
347.238
346.819
345.849
335.966
331.362
329.957
324.713
316.274
316.274
312.31
312.31
310.923
310.923
307.501
307.501
307.501
307.62
303.301
303.204
300.188
298.672
298.642
297.271
296.616
296.616
296.616
332.049
304.735
304.735
301.338
300.124
299.579
299.532
299.49
293.185
293.185
293.185
292.941
292.093
291.958
291.525
291.525
291.431
291.431
291.431
291.358
291.358
291.091
290.995
285.842
284.273
284.059
284.059
283.956
276.113
276.113
288.201
279.895
277.397
277.397
277.397
277.083
273.494
273.494
273.49
273.403
273.403
273.389
273.389
267.302
267.274
267.274
267.229
267.229
267.223
251.985
251.977
251.949
246.496
246.496
246.495
237.909
237.907
237.901
237.9
237.9
241.281
241.04
232.318
232.318
232.318
232.311
232.311
232.311
232.311
232.309
232.309
232.309
232.309
232.309
232.307
231.379
229.017
159.376
159.376
157.05
165.021
148.35
130.763
130.763
114.561
114.444
114.444
114.444
108.005
102.796
94.6692
94.6691
64.0321
64.0321
62.6437
55.5757
55.5756
55.4441
54.9706
54.1708
49.2793
48.6769
48.1458
40.3738
29.613
29.613
27.9582
27.2299
26.6027
26.4202
26.0525
24.742
23.9553
23.6469
21.5487
19.4965
19.4965
18.6695
18.5603
17.8334
17.2106
17.2106
17.2105
16.9051
16.4515
16.4515
16.1297
15.8612
15.4703
15.4703
14.8863
14.6065
14.6041
14.6041
14.2587
13.9313
13.9313
13.9066
13.8355
13.8355
13.8355
13.6749
13.6749
13.6749
13.6414
13.6414
13.6291
13.5964
13.5009
13.4951
13.4396
13.3817
13.3465
13.3465
13.3404
13.3081
13.2949
13.2949
13.2661
13.2593
13.2593
13.248
13.248
13.2067
13.2067
13.1913
13.1874
13.1874
13.1864
13.1841
13.1899
13.1855
13.1855
13.1794
13.1751
13.1751
13.1653
13.1653
13.1645
13.1645
13.1577
13.1547
13.1544
13.1544
13.1544
13.1537
13.1513
13.1511
13.1489
13.1489
13.1477
13.1463
13.1438
13.1438
13.1429
13.1413
13.1413
13.1408
13.1401
13.1401
13.1401
13.1401
13.1398
13.139
13.139
13.139
13.139
13.139
13.1389
13.1387
13.1387
13.1387
13.1386
13.1385
13.1383
13.1383
13.1382
13.1381
13.1381
13.138
13.138
13.138
13.1379
13.1379
13.1379
13.1379
13.1379
13.1379
13.1379
13.1379
13.1378
13.1378
13.1378
13.1378
13.1378
13.1378
13.1378
13.1378
13.1378
13.1378
13.1378
13.1377
13.1377
13.1377
13.1377
13.1377
13.1377
13.1377
13.1377
13.1377
13.1377
13.1377
13.1377
13.1377
13.1377
13.1377
13.1377
13.1377
13.1377
13.1377
13.1377
13.1377
13.1377
13.1377
13.1377
13.1377
13.1377
13.1377
13.1377
13.1377
13.1377
13.1377
13.1377
13.1377
13.1377
13.1377
13.1377
13.1377
13.1377
13.1377
13.1377
13.1377
13.1377
13.1377
13.1377
13.1377
13.1377
13.1377
13.1377
13.1377
13.1377
13.1377
13.1377
13.1377
13.1377
13.1377
13.1377
13.1377
13.1377
13.1377
13.1377
13.1377
13.1377
13.1377
13.1377
13.1377
13.1377
13.1377
13.1377
13.1377
13.1377
13.1377
13.1377
13.1377
13.1377
13.1377
13.1377
13.1377
13.1377
13.1377
13.1377
13.1377
13.1377
13.1377
13.1377
13.1377
13.1377
13.1377
13.1377
13.1377
13.1377
13.1377
13.1377
13.1377
13.1377
13.1377
13.1377
13.1377
13.1377
13.1377
13.1377
13.1377
13.1377
13.1377
13.1377
13.1377
13.1377
13.1377
13.1377
13.1377
13.1377
13.1377
13.1377
13.1377
13.1377
13.1377
13.1377
13.1377
13.1377
13.1377
13.1377
13.1377
13.1377
13.1377
13.1377
13.1377
13.1377
13.1377
13.1377
13.1377
13.1377
13.1377
13.1377
13.1377
13.1377
13.1377
13.1377
13.1377
13.1377


923.949
917.001
886.075
824.902
810.006
788.501
755.098
745.472
739.04
729.846
727.594
712.16
710.259
684.095
658.268
627.575
607.226
607.226
584.081
567.895
561.141
500.925
500.925
495.982
488.487
488.487
463.194
460.211
427.967
389.015
389.015
371.815
370.068
346.754
319.961
255.614
250.278
247.294
222.722
205.841
203.004
191.849
189.952
189.952
182.358
159.934
150.882
144.995
128.234
122.276
114.597
109.447
107.625
102.679
94.6637
92.036
85.8637
85.6034
78.5414
78.5414
74.0333
74.7634
69.5685
67.2518
67.2518
66.2829
65.7431
64.5775
63.6113
62.1457
61.5745
61.2913
60.2517
59.7641
59.5472
59.5472
59.1392
57.8158
57.5033
57.1784
57.1784
57.1239
56.8311
56.811
56.5549
56.4112
56.3074
56.0765
55.777
55.7634
55.745
55.6829
55.6165
55.6075
55.5328
55.1616
55.1616
53.8299
53.0883
51.226
50.424
50.668
49.882
49.8437
49.766
49.6527
49.0307
48.8662
48.8465
48.6972
47.966
47.3806
47.3806
46.9776
46.9776
46.8146
46.2716
46.2711
46.043
45.5833
45.5833
45.5575
45.2833
45.2766
45.0427
44.9778
44.9777
44.8086
44.8062
44.8053
44.2878
44.2864
44.2863
44.2846
44.28
44.2186
43.9915
43.9731
43.9601
43.96
43.9535
43.9474
43.9366
43.925
43.9062
43.9027
43.8731
43.8727
43.8572
43.8572
43.8565
43.8565
43.8555
43.8294
43.8293
43.8191
43.8135
43.8135
43.7947
43.7947
43.7916
43.7968
43.7919
43.786
43.7737
43.7737
43.7682
43.7682
43.7682
43.7682
43.7657
43.7641
43.764
43.764
43.7635
43.7624
43.7613
43.7613
43.7613
43.7603
43.7585
43.7585
43.7585
43.7582
43.7582
43.757
43.757
43.7568
43.7562
43.7562
43.7559
43.7557
43.7557
43.7556
43.7556
43.7548
43.7535
43.7535
43.7535
43.7518
43.7518
43.752
43.752
43.752
43.7515
43.7515
43.7512
43.7511
43.751
43.7509
43.7508
43.7508
43.7506
43.7504
43.7504
43.7503
43.7503
43.7503
43.7502
43.7502
43.7502
43.7502
43.7502
43.7502
43.7502
43.7501
43.7501
43.7501
43.7501
43.7501
43.7501
43.7501
43.7501
43.7501
43.7501
43.7501
43.7501
43.7501
43.75
43.75
43.75
43.75
43.75
43.75
43.75
43.75
43.75
43.75
43.75
43.75
43.75
43.75
43.75
43.75
43.75
43.75
43.75
43.75
43.75
43.75
43.75
43.75
43.75
43.75
43.75
43.75
43.75
43.75
43.75
43.75
43.75
43.75
43.75
43.75
43.75
43.75
43.75
43.75
43.75
43.75
43.75
43.75
43.75
43.75
43.75
43.75
43.75
43.75
43.75
43.75
43.75
43.75
43.75
43.75
43.75
43.75
43.75
43.75
43.75
43.75
43.75
43.75
43.75
43.75
43.75
43.75
43.75
43.75
43.75
43.75
43.75
43.75
43.75
43.75
43.75
43.75
43.75
43.75
43.75
43.75
43.75
43.75
43.75
43.75
43.75
43.75
43.75
43.75
43.75
43.75
43.75
43.75
43.75
43.75
43.75
43.75
43.75
43.75
43.75
43.75
43.75
43.75
43.75
43.75
43.75
43.75
43.75
43.75
43.75
43.75
43.75
43.75
43.75
43.75
43.75
43.75
43.75
43.75
43.75
43.75
43.75
43.75
43.75
43.75
43.75
43.75
43.75
43.75
43.75
43.75
43.75
43.75
43.75
43.75
43.75
43.75
43.75
43.75
43.75
43.75
43.75
43.75
43.75
43.75
43.75
43.75
43.75
43.75
43.75
43.75
43.75
43.75
43.75
43.75
43.75
43.75
43.75
43.75
43.75
43.75
43.75
43.75
43.75
43.75
43.75
43.75
43.75
43.75
43.75
43.75
43.75
43.75
43.75
43.75
43.75
43.75
43.75
43.75
43.75
43.75
43.75
43.75
43.75
43.75
43.75
43.75
43.75
43.75
43.75
43.75
43.75
43.75
42.5516
40.2137
38.7877
35.6588
34.2687
30.9156
29.0526
28.1321
28.1321
28.0918
27.3718
27.1631
26.9939
26.8662
26.2594
26.2594
26.0026
25.7822
25.639
25.5636
25.5406
25.5406
25.5095
25.5028
25.1345
24.6684
22.6554
20.9337
20.9337
20.9337
20.9337
20.7128
20.611
20.5913
20.5749
20.237
19.8644
18.9942
18.9369
17.923
17.923
17.8328
17.7552
17.711
17.711
17.6446
17.6446
17.6446
17.6429
17.598
17.5928
17.5928
17.5928
17.5489
17.539
17.5141
17.513
17.513
17.4763
17.4601
17.4597
17.4587
17.4572
17.4572
17.4547
17.4541
17.454
17.4525


964.649
893.383
874.07
830.659
787.852
753.356
744.942
724.405
716.995
705.601
705.601
707.414
688.087
686.043
675.457
666.007
663.106
625.599
625.599
624.017
607.003
606.422
593.222
584.015
584.015
566.653
538.025
533.719
533.719
525.678
519.897
461.631
461.631
434.779
420.164
396.267
355.565
325.267
304.942
304.942
292.276
287.473
278.725
264.275
260.318
258.161
246.549
242.602
236.647
196.671
188.931
181.6
167.818
165.466
165.466
165.154
150.564
150.564
141.086
138.125
118.519
106.201
105.336
97.6293
94.3675
87.5617
86.1904
76.085
74.8591
73.4919
73.4919
70.6468
66.0168
65.2264
62.3175
62.0027
60.6031
60.5993
59.7105
56.5087
55.9747
55.335
50.5915
50.4319
49.715
48.9875
48.5595
48.5079
48.5079
48.4756
48.3889
47.6008
46.7081
46.7081
46.6351
46.2166
46.1959
46.1852
45.8472
45.8001
45.6185
45.6298
45.3421
45.229
45.2188
45.2047
45.151
45.0951
45.0951
45.0525
44.9021
44.9417
44.8895
44.8755
44.8755
44.8222
44.8222
44.7802
44.7773
44.7705
44.7695
44.7668
44.766
44.753
44.753
44.7461
44.7382
44.7197
44.7179
44.7113
44.7109
44.7019
44.7019
44.7013
44.6959
44.6918
44.6876
44.6872
44.6866
44.6839
44.6839
44.6805
44.6802
44.6797
44.6792
44.6768
44.6762
44.6757
44.6747
44.6747
44.6739
44.673
44.6728
44.6722
44.6714
44.6697
44.6695
44.6695
44.6695
44.669
44.6684
44.6681
44.668
44.6679
44.6679
44.6677
44.6677
44.6674
44.6672
44.6671
44.6671
44.6671
44.6671
44.667
44.667
44.6667
44.6667
44.6666
44.6666
44.6666
44.6665
44.6664
44.6664
44.6663
44.6663
44.6663
44.6663
44.6662
44.6662
44.6662
44.6662
44.6661
44.6661
44.6661
44.6661
44.6661
44.6661
44.6661
44.6661
44.6661
44.6661
44.6661
44.6661
44.666
44.666
44.666
44.666
44.666
44.666
44.666
44.666
44.666
44.666
44.666
44.666
44.666
44.666
44.666
44.666
44.666
44.666
44.666
44.666
44.666
44.666
44.666
44.666
44.666
44.666
44.666
44.666
44.666
44.666
44.666
44.666
44.666
44.666
44.666
44.666
44.666
44.666
44.666
44.666
44.666
44.666
44.666
44.666
44.666
44.666
44.666
44.666
44.666
44.666
44.666
44.666
44.666
44.666
44.666
44.666
44.666
44.666
44.666
44.666
44.666
44.666
44.666
44.666
44.666
44.666
44.666
44.666
44.666
44.666
44.666
44.666
44.666
44.666
44.666
44.666
44.666
44.666
44.666
44.666
44.666
44.666
44.666
44.666
44.666
44.666
44.666
44.666
44.666
44.666
44.666
44.666
44.666
44.666
44.666
44.666
44.666
44.666
44.666
44.666
44.666
44.666
44.666
44.666
44.666
44.666
44.666
44.666
44.666
44.666
44.666
44.666
44.666
44.666
44.666
44.666
44.666
44.666
44.666
44.666
44.666
44.666
44.666
44.666
44.666
44.666
44.666
44.666
44.666
44.666
44.666
44.666
44.666
44.666
44.666
44.666
44.666
44.666
44.666
44.666
44.666
44.666
44.666
44.666
44.666
44.666
44.666
44.666
44.666
44.666
44.666
44.666
44.666
44.666
44.666
44.666
44.666
44.666
44.666
44.666
44.666
44.666
44.666
44.666
44.666
44.666
44.666
44.666
44.666
44.666
44.666
44.666
44.666
44.666
44.666
44.666
44.666
44.666
44.666
44.666
44.666
44.666
44.666
44.666
44.666
44.666
44.666
44.666
44.666
44.666
44.666
44.666
44.666
44.666
44.666
44.666
44.666
44.666
44.666
44.666
44.666
44.666
44.666
44.666
44.666
44.666
44.666
44.666
44.666
44.666
44.666
44.666
44.666
44.666
44.666
44.666
44.666
44.666
44.6853
44.666
44.666
44.666
44.666
44.666
44.666
44.666
44.666
44.666
44.666
44.666
44.666
44.666
44.666
44.666
44.666
44.666
44.666
44.666
44.666
44.666
44.666
44.666
44.666
44.666
44.666
44.666
44.666
44.666
44.666
44.666
44.666
44.666
44.666
44.666
44.666
44.666
44.666
44.666
44.666
44.666
44.666
44.666
44.666
44.666
44.666
44.666
44.666
44.666
44.666
44.666
44.666
44.666
44.666
44.666
44.666
44.666
44.666
44.666
44.666
44.666
44.666
44.666
44.666
44.666
44.666
44.666
44.666
44.666
44.666
44.666
44.666
44.666
44.666
44.666
44.666
44.666
44.666


932.424
877.362
862.261
827.696
807.092
778.687
762.982
706.147
706.147
706.147
705.905
700.587
685.337
669.736
669.704
665.498
609.803
609.803
601.776
580.635
575.882
571.542
566.986
558.293
556.538
555.609
538.397
538.397
530.077
496.768
490.737
455.796
455.796
416.082
405.237
389.13
359.602
337.654
333.719
306.909
278.105
251.599
245.753
224.992
214.968
205.239
183.85
163.648
162.771
150.892
139.137
127.519
101.346
98.864
96.4659
85.9022
85.9022
82.337
77.9416
69.9383
68.6113
69.337
67.061
64.1892
60.4777
57.7735
56.4488
52.0523
52.0523
48.2633
47.7192
47.0273
45.3872
45.1945
44.9668
44.2996
43.173
41.8928
41.4672
40.6113
40.4449
40.5362
39.964
39.1016
39.0649
38.9892
38.9892
38.7716
38.6911
38.6174
38.5884
38.5527
38.4001
38.2288
38.2288
38.2025
38.1744
38.1379
38.0305
38.0305
38.0143
37.9666
37.9211
37.9023
37.858
37.8081
37.7899
37.7513
37.7486
37.7358
37.728
37.6919
37.6877
37.6739
37.6733
37.6707
37.6653
37.6599
37.6403
37.6269
37.6247
37.6194
37.6165
37.6141
37.609
37.6083
37.6083
37.6046
37.6046
37.6024
37.6022
37.6011
37.6005
37.6001
37.5993
37.599
37.5974
37.5974
37.5972
37.5971
37.5966
37.596
37.5958
37.5956
37.5953
37.5949
37.5947
37.5945
37.5942
37.5942
37.5942
37.594
37.5939
37.5938
37.5937
37.5937
37.5936
37.5934
37.5933
37.5931
37.5931
37.5931
37.593
37.593
37.593
37.593
37.5929
37.5929
37.5929
37.5929
37.5929
37.5928
37.5928
37.5928
37.5928
37.5928
37.5928
37.5928
37.5928
37.5928
37.5927
37.5927
37.5927
37.5927
37.5927
37.5927
37.5927
37.5927
37.5927
37.5927
37.5927
37.5927
37.5927
37.5927
37.5927
37.5927
37.5927
37.5927
37.5927
37.5927
37.5927
37.5927
37.5927
37.5927
37.5927
37.5927
37.5927
37.5927
37.5927
37.5927
37.5927
37.5927
37.5927
37.5927
37.5927
37.5927
37.5927
37.5927
37.5927
37.5927
37.5927
37.5927
37.5927
37.5927
37.5927
37.5927
37.5927
37.5927
37.5927
37.5927
37.5927
37.5927
37.5927
37.5927
37.5927
37.5927
37.5927
37.5927
37.5927
37.5927
37.5927
37.5927
37.5927
37.5927
37.5927
37.5927
37.5927
37.5927
37.5927
37.5927
37.5927
37.5927
37.5927
37.5927
37.5927
37.5927
37.5927
37.5927
37.5927
37.5927
37.5927
37.5927
37.5927
37.5927
37.5927
37.5927
37.5927
37.5927
37.5927
37.5927
37.5927
37.5927
37.5927
37.5927
37.5927
37.5927
37.5927
37.5927
37.5927
37.5927
37.5927
37.5927
37.5927
37.5927
37.5927
37.5927
37.5927
37.5927
37.5927
37.5927
37.5927
37.5927
37.5927
37.5927
37.5927
37.5927
37.5927
37.5927
37.5927
37.5927
37.5927
37.5927
37.5927
37.5927
37.5927
37.5927
37.5927
37.5927
37.5927
37.5927
37.5927
37.5927
37.5927
37.5927
37.5927
37.5927
37.5927
37.5927
37.5927
37.5927
37.5927
37.5927
37.5927
37.5927
37.5927
37.5927
37.5927
37.5927
37.5927
37.5927
37.5927
37.5927
37.5927
37.5927
37.5927
37.5927
37.5927
37.5927
37.5927
37.5927
37.5927
37.5927
37.5927
37.5927
37.5927
37.5927
37.5927
37.5927
37.5927
37.5927
37.5927
37.5927
37.5927
37.5927
37.5927
37.5927
37.5927
37.5927
37.5927
37.5927
37.5927
37.5927
37.5927
37.5927
37.5927
37.5927
37.5927
37.5927
37.5927
37.5927
37.5927
37.5927
37.5927
37.5927
37.5927
37.5927
37.5927
37.5927
37.5927
37.5927
37.5927
37.5927
37.5927
37.5927
37.5927
37.5927
37.5927
37.5927
37.5927
37.5927
37.5927
37.5927
37.5927
37.5927
37.5927
37.5927
37.5927
37.5927
37.5927
37.5927
37.5927
37.6105
37.5927
37.5927
37.5927
37.5927
37.5927
37.5927
37.5927
37.5927
37.5927
37.5927
37.5927
37.5927
37.5927
37.5927
37.5927
37.5927
37.5927
37.5927
37.5927
37.5927
37.5927
37.5927
37.5927
37.5927
37.5927
37.5927
37.5927
37.5927
37.5927
37.6067
37.5927
37.5927
37.5927
37.5927
37.5927
37.5927
37.5927
37.5927
37.5927
37.5927
37.5927
37.5927
37.5927
37.5927
37.5927
37.5927
37.5927
37.5927
37.5927
37.717
37.5927
37.5927
37.5927
37.5927
37.5927
37.5927
37.5927
37.5927
37.5927
37.5927
37.5927
37.5927
37.5927
37.5927
37.5927
37.5927
37.5927
37.5927
37.5927
37.5927
37.5927
37.5927
37.5927
37.5927
37.5927
37.5927
37.5927
37.5927
37.5927
37.5927
37.5927
37.5927
37.5927
37.5927
37.5927
37.5927
37.5927
37.5927
37.5927
37.5927
37.5927
37.5927
37.5927
37.5927
37.5927
37.5927
37.5927
37.5927


1079.66
1072.39
963.702
951.648
905.807
896.135
858.754
857.795
844.292
844.292
768.664
774.586
766.033
733.459
728.062
709.303
688.628
665.527
659.112
656.948
604.817
578.178
578.178
555.341
535.003
508.64
430.578
430.298
410.7
367.624
367.435
323.411
292.56
270.434
249.901
216.38
213.102
210.595
165.327
158.163
153.504
138.654
138.223
130.013
123.863
123.863
120.87
104.184
101.911
99.3289
97.4323
97.8904
88.1351
86.2634
84.6791
81.0775
81.0775
75.5087
74.0565
73.1334
73.1334
69.2323
66.3489
65.3113
63.1287
61.8697
61.8697
61.8293
60.3339
60.279
60.1355
59.7238
58.4512
58.3348
58.0279
57.4631
56.6041
56.4271
56.4271
56.332
56.1974
56.0828
55.9491
55.9347
55.878
55.8341
55.6864
55.6864
55.6275
55.6073
55.4577
55.4414
55.3842
55.36
55.2952
55.2952
55.279
55.2655
55.2065
55.1619
55.1593
55.1522
55.1425
55.1129
55.1082
55.0754
55.0581
55.0581
55.0496
55.0421
55.0394
55.0395
55.029
55.0277
55.0233
55.0219
55.0177
55.016
55.015
55.0145
55.0109
55.0106
55.0106
55.0106
55.0094
55.008
55.008
55.008
55.0066
55.0045
55.0043
55.0041
55.0036
55.0034
55.0033
55.0029
55.0025
55.0024
55.0017
55.0015
55.0014
55.0014
55.0013
55.001
55.001
55.001
55.0009
55.0008
55.0008
55.0007
55.0006
55.0006
55.0005
55.0005
55.0005
55.0004
55.0004
55.0004
55.0003
55.0003
55.0002
55.0002
55.0002
55.0001
55.0001
55.0001
55.0001
55.0001
55.0001
55.0001
55.0001
55.0001
55.0001
55.0001
55.0001
55
55
55
55
55
55
55
55
55
55
55
55
55
55
55
55
55
55
55
55
55
55
55
55
55
55
55
55
55
55
55
55
55
55
55
55
55
55
55
55
55
55
55
55
55
55
55
55
55
55
55
55
55
55
55
52.2918
54.5248
51.2877
51.2877
51.2877
51.2877
51.2877
51.2877
51.2877
51.2877
51.2877
51.2877
50.5923
49.0728
49.0728
49.0728
49.0728
49.0728
48.1428
47.7376
47.7376
46.8046
46.5446
46.0882
45.9278
45.6814
45.3432
45.0968
44.4459
44.0444
43.7673
43.2154
42.9496
42.9496
42.6631
42.6631
42.4049
42.0077
41.7367
41.5768
41.2834
40.8672
40.8672
40.8258
40.8258
40.7901
40.7901
40.7502
40.7502
40.7003
40.6436
40.6816
40.6222
40.5485
40.4594
40.3505
40.3198
40.3198
40.2838
40.2671
40.2016
40.1436
40.1138
40.0375
39.9603
39.7785
39.5937
39.3303
39.1911
39.1242
39.0401
38.9067
38.8478
38.8478
38.8412
38.8165
38.7918
38.7648
38.7648
38.7648
38.7648
38.7541
38.753
38.7457
38.7164
38.704
38.6867
38.6466
38.6363
38.6363
38.6341
38.5896
38.5896
38.5781
38.5697
38.5422
38.4722
38.2954
38.2244
38.0187
37.9816
37.9816
37.9793
37.9734
37.9608
37.9536
37.9536
37.9536
37.9536
37.9536
37.9503
37.948
37.9446
37.939
37.939
37.9384
37.9345
37.9285
37.9221
37.9095
37.8797
37.8197
37.6265
36.9064
36.3499
36.069
36.0295
36.0295
35.765
35.6554
35.3112
35.2455
35.2319
35.2311
35.2311
35.2053
35.1809
35.1773
35.176
35.1739
35.1739
35.1739
35.1737
35.1724
35.1724
35.172
35.1715
35.1715
35.1711
35.1709
35.1707
35.1707
35.1706
35.1675
35.161
35.118
34.9893
34.9803
34.9803
34.976
34.9694
34.9643
34.9635
34.9628
34.9628
34.9609
34.9606
34.9606
34.9605
34.9603
34.9602
34.9603
34.9599
34.9599
34.9598
34.9597
34.9596
34.9596
34.9596
34.9595
34.9595
34.9595
34.9594
34.9592
34.959
34.9583
34.9572
34.9509
34.9443
34.9365
34.9365
34.9379
34.9369
34.9368
34.9367
34.9365
34.9364
34.9364
34.9362
34.936
34.9349
34.9347
34.9347
34.9344
34.9344
34.9343
34.9342
34.9331
34.9307
34.9255
34.9193
34.8849
34.8595
34.8159
34.8142
34.8124
34.8049
34.8037
34.8028
34.8021
34.4501
34.4463
34.4463
34.2854
34.246
34.1099
33.9855
33.9855
33.9855
33.9703
33.9703
33.9371
33.9371
33.9296
33.9161
33.9161
33.9154
33.9104
33.9029
33.9022
33.9022
33.8979
33.8897
33.8897
33.8897
33.8893
33.8893
33.8879
33.8705
33.8674
33.8674
33.8633
33.8584
33.8436
33.8436
33.8303
33.8303
33.8034
33.7881
33.7817
33.7756
33.743
33.7426
33.7426
33.7426
33.7374
33.7374
33.7366
33.7335
33.7302


1062.26
1062.26
1035.4
983.159
960.389
948.029
911.813
907.284
843.548
842.482
842.422
796.145
773.974
726.547
722.286
687.437
677.266
662.625
657.413
657.383
657.359
644.207
640.006
633.629
599.023
589.325
586.824
519.062
494.895
467.713
462.409
457.801
442.816
437.772
402.193
400.805
392.361
379.072
342.17
272.222
272.222
265.798
251.018
244.381
209.918
187.667
156.162
143.862
117.691
109.069
109.069
104.765
91.8292
63.0754
57.3117
53.8032
44.626
42.3217
38.3348
35.711
34.6198
33.333
32.4623
29.1699
28.5316
27.514
26.1401
25.9968
22.7949
20.4636
20.0489
18.7977
18.7749
18.1626
17.4722
16.9146
16.9146
16.5631
15.3507
14.8374
14.8374
13.9789
13.3859
13.3859
13.2449
13.0532
12.885
12.5658
12.3807
12.3807
12.1935
12.0718
11.9556
11.8634
11.7979
11.7678
11.6794
11.5493
11.4134
11.3816
11.3745
11.3745
11.3102
11.299
11.2738
11.2546
11.197
11.1953
11.1519
11.1242
11.1242
11.1151
11.1122
11.1021
11.0952
11.0944
11.0921
11.084
11.0768
11.0601
11.0517
11.0488
11.0482
11.0448
11.0383
11.0317
11.0225
11.0225
11.0225
11.0222
11.02
11.016
11.0046
11.0038
11.0027
11.0009
10.9956
10.9956
10.9953
10.9946
10.9942
10.9932
10.9931
10.9919
10.9909
10.9896
10.9896
10.9892
10.9886
10.988
10.9871
10.9871
10.9863
10.9859
10.9854
10.9853
10.9848
10.9847
10.9846
10.9846
10.9845
10.9845
10.9845
10.9842
10.9842
10.984
10.9839
10.9839
10.9838
10.9838
10.9838
10.9837
10.9837
10.9836
10.9836
10.9836
10.9836
10.9835
10.9835
10.9835
10.9835
10.9835
10.9835
10.9835
10.9834
10.9834
10.9834
10.9834
10.9834
10.9834
10.9834
10.9834
10.9834
10.9834
10.9834
10.9834
10.9834
10.9834
10.9834
10.9834
10.9834
10.9834
10.9834
10.9834
10.9834
10.9834
10.9834
10.9834
10.9834
10.9834
10.9834
10.9834
10.9834
10.9834
10.9834
10.9834
10.9834
10.9834
10.9834
10.9834
10.9834
10.9834
10.9834
10.9834
10.9834
10.9834
10.9834
10.9834
10.9834
10.9834
10.9834
10.9834
10.9834
10.9834
10.9834
10.9834
10.9834
10.9834
10.9834
10.9834
10.9834
10.9834
10.9834
10.9834
10.9834
10.9834
10.9834
10.9834
10.9834
10.9834
10.9834
10.9834
10.9834
10.9834
10.9834
10.9834
10.9834
10.9834
10.9834
10.9834
10.9834
10.9834
10.9834
10.9834
10.9834
10.9834
10.9834
10.9834
10.9834
10.9834
10.9834
10.9834
10.9834
10.9834
10.9834
10.9834
10.9834
10.9834
10.9834
10.9834
10.9834
10.9834
10.9834
10.9834
10.9834
10.9834
10.9834
10.9834
10.9834
10.9834
10.9834
10.9834
10.9834
10.9834
10.9834
10.9834
10.9834
10.9834
10.9834
10.9834
10.9834
10.9834
10.9834
10.9834
10.9834
10.9834
10.9834
10.9834
10.9834
10.9834
10.9834
10.9834
10.9834
10.9834
10.9834
10.9834
10.9834
10.9834
10.9834
10.9834
10.9834
10.9834
10.9834
10.9834
10.9834
10.9834
10.9834
10.9834
10.9834
10.9834
10.9834
10.9834
10.9834
10.9834
10.9834
10.9834
10.9834
10.9834
10.9834
10.9834
10.9834
10.9834
10.9834
10.9834
10.9834
10.9834
10.9834
10.9834
10.9834
10.9834
10.9834
10.9834
10.9834
10.9834
10.9834
10.9834
10.9834
10.9834
10.9834
10.9834
10.9834
10.9834
10.9834
10.9834
10.9834
10.9834
10.9834
10.9834
10.9834
10.9834
10.9834
10.9834
10.9834
10.9834
10.9834
10.9834
10.9834
10.9834
10.9834
10.9834
10.9834
10.9834
10.9834
10.9834
10.9834
10.9834
10.9834
10.9834
10.9834
10.9834
10.9834
10.9834
10.9834
10.9834
10.9834
10.9834
10.9834
10.9834
10.9834
10.9834
10.9834
10.9834
10.9834
10.9834
10.9834
10.9834
10.9834
10.9834
10.9834
10.9834
10.9834
10.9854
10.9834
10.9834
10.9834
10.9834
10.9834
10.9834
10.9834
10.9834
10.9834
10.9834
10.9834
10.9834
10.9834
10.9834
10.9834
10.9834
10.9834
10.9834
10.9834
10.9834
10.9834
10.9834
10.9834
10.9834
10.9834
10.9834
10.9834
10.9834
10.9834
10.9834
10.9834
10.9834
10.9834
10.9834
10.9834
10.9834
10.9834
10.9834
10.9834
10.9834
10.9834
10.9834
10.9834
10.9834
10.9834
10.9834
10.9834
10.9834
10.9834
10.9834
10.9834
10.9834
10.9834
10.9834
10.9834
10.9834
10.9834
10.9834
10.9834
10.9834
10.9834
10.9834
10.9834
10.9834
10.9834
10.9834
10.9834
10.9834
10.9834
10.9834
10.9834
10.9834
10.9834
10.9834
10.9834
10.9834
10.9834
10.9834
10.9834
10.9834
10.9834
10.9834
10.9834
10.9834
10.9834
10.9834
10.9834
10.9834


1275.32
1247.95
1209.06
1183.28
1100.2
1061.67
1017.88
1017.88
1017.88
1014.93
966.616
960.387
915.045
882.909
877.439
874.797
844.299
844.299
806.157
795.163
764.206
747.375
718.674
715.526
697.27
626.138
596.914
583.875
561.65
548.51
530.775
527.889
489.107
459.258
456.163
447.561
433.204
425.68
358.031
268.602
252.899
252.899
251.797
244.05
242.716
221.527
217.005
168.551
168.551
167.127
164.677
138.394
111.925
111.925
83.1591
80.815
78.8759
75.8129
64.6418
62.7932
55.0476
54.5434
49.2176
49.2176
47.498
38.3459
35.4266
34.2511
32.8385
28.2757
27.6298
28.8003
25.8944
24.2393
22.8811
22.3025
21.9855
21.9036
20.9657
19.9404
19.8515
19.1447
18.9859
18.2975
17.7712
17.5369
17.4811
17.3596
17.2137
17.2031
17.0859
16.8904
16.7596
16.622
16.522
16.5001
16.4074
16.3312
16.3282
16.2937
16.2705
16.2582
16.1959
16.1959
16.1847
16.1637
16.1297
16.1262
16.1181
16.0994
16.0853
16.0302
16.023
16.0115
15.9991
15.9863
15.9818
15.979
15.9658
15.9519
15.9457
15.9371
15.9361
15.9338
15.9314
15.9295
15.9252
15.9235
15.9205
15.9204
15.9192
15.9185
15.9159
15.9143
15.9143
15.9119
15.9118
15.9113
15.9094
15.9085
15.9078
15.9059
15.9059
15.9058
15.9056
15.9045
15.9044
15.9044
15.9041
15.9039
15.9038
15.9039
15.9037
15.9036
15.9036
15.9036
15.9034
15.9034
15.9032
15.9031
15.9031
15.9031
15.903
15.903
15.9029
15.9029
15.9028
15.9028
15.9028
15.9027
15.9027
15.9027
15.9027
15.9026
15.9026
15.9026
15.9026
15.9026
15.9026
15.9026
15.9026
15.9026
15.9026
15.9025
15.9025
15.9025
15.9025
15.9025
15.9025
15.9025
15.9025
15.9025
15.9025
15.9025
15.9025
15.9025
15.9025
15.9025
15.9025
15.9025
15.9025
15.9025
15.9025
15.9025
15.9025
15.9025
15.9025
15.9025
15.9025
15.9025
15.9025
15.9025
15.9025
15.9025
15.9025
15.9025
15.9025
15.9025
15.9025
15.9025
15.9025
15.9025
15.9025
15.9025
15.9025
15.9025
15.9025
15.9025
15.9025
15.9025
15.9025
15.9025
15.9025
15.9025
15.9025
15.9025
15.9025
15.9025
15.9025
15.9025
15.9025
15.9025
15.9025
15.9025
15.9025
15.9025
15.9025
15.9025
15.9025
15.9025
15.9025
15.9025
15.9025
15.9025
15.9025
15.9025
15.9025
15.9025
15.9025
15.9025
15.9025
15.9025
15.9025
15.9025
15.9025
15.9025
15.9025
15.9025
15.9025
15.9025
15.9025
15.9025
15.9025
15.9025
15.9025
15.9025
15.9025
15.9025
15.9025
15.9025
15.9025
15.9025
15.9025
15.9025
15.9025
15.9025
15.9025
15.9025
15.9025
15.9025
15.9025
15.9025
15.9025
15.9025
15.9025
15.9025
15.9025
15.9025
15.9025
15.9025
15.9025
15.9025
15.9025
15.9025
15.9025
15.9025
15.9025
15.9025
15.9025
15.9025
15.9025
15.9025
15.9025
15.9025
15.9025
15.9025
15.9025
15.9025
15.9025
15.9025
15.9025
15.9025
15.9025
15.9025
15.9025
15.9025
15.9025
15.9025
15.9025
15.9025
15.9025
15.9025
15.9025
15.9025
15.9025
15.9025
15.9025
15.9025
15.9025
15.9025
15.9025
15.9025
15.9025
15.9025
15.9025
15.9025
15.9025
15.9025
15.9025
15.9025
15.9025
15.9025
15.9025
15.9025
15.9025
15.9025
15.9025
15.9025
15.9025
15.9025
15.9025
15.9215
15.9025
15.9025
15.9025
15.9025
15.9025
15.9025
15.9025
15.9025
15.9025
15.9025
15.9025
15.9025
15.9025
15.9025
15.9025
15.9025
15.9025
15.9025
15.9025
15.9025
15.9025
15.9025
15.9025
15.9025
15.9025
15.9025
15.9025
15.9025
15.9025
15.9025
15.9025
15.9025
15.9025
15.9025
15.9025
15.9025
15.9025
15.9025
15.9025
15.9025
15.9025
15.9025
15.9025
15.9025
15.9025
15.9025
15.9025
15.9025
15.9025
15.9025
15.9025
15.9025
15.9025
15.9025
15.9025
15.9025
15.9025
15.9025
15.9025
15.9025
15.9025
15.9025
15.9025
15.9025
15.9025
15.9025
15.9025
15.9025
15.9025
15.9025
15.9025
15.9025
15.9025
15.9025
15.9025
15.9025
15.9025
15.9025
15.9025
15.9025
15.9025
15.9025
15.9025
15.9025
15.9025
15.9025
15.9025
15.9025
15.9025
15.9025
15.9025
15.9025
15.9025
15.9025
15.9025
15.9025
15.9025
15.9025
15.9025
15.9025
15.9025
15.9025
15.9025
15.9025
15.9025
15.9025
15.9025
15.9025
15.9025
15.9025
15.9025
15.9025
15.9025
15.9025
15.9025
15.9025
15.9025
15.9025
15.9025
15.9025
15.9025
15.9025
15.9025
15.9025
15.9025
15.9025
15.9025
15.9025
15.9025
15.9025
15.9025
15.9025
15.9025
15.9025
15.9025
15.9025
15.9025
15.9025


1320.34
1157.17
1140.83
1140.83
1083.49
1055.45
1040.83
1036.6
1023.67
1012.59
964.94
950.895
950.895
947.799
947.799
938.782
901.661
898.233
856.562
856.562
846.786
826.95
789.703
738.198
738.198
722.208
702.882
677.889
677.889
642.676
640.457
631.399
579.179
566.381
566.381
539.906
512.025
512.025
495.356
490.119
469.775
448.67
369.281
358.723
350.191
318.679
309.166
293.639
237.341
228.631
197.288
201.34
201.34
167.087
167.087
157.851
156.703
145.889
132.078
132.078
132.078
127.14
120.066
115.667
115.367
105.72
102.624
98.7419
98.1109
93.7301
93.7301
90.7381
88.4637
87.2771
84.2914
84.2914
83.255
80.9989
80.9989
80.3108
79.9066
79.1217
77.0777
76.3139
73.248
73.248
73.0022
71.8632
71.0775
70.7623
70.2912
70.1331
69.531
69.4028
68.8109
68.1918
68.1918
68.0525
67.7712
67.3407
67.2108
67.1861
67.1366
67.0056
67.0024
66.9102
66.8732
66.8286
66.7649
66.7501
66.7075
66.6742
66.5983
66.5616
66.5451
66.5451
66.5433
66.5151
66.4996
66.4866
66.4747
66.4498
66.384
66.3779
66.356
66.3461
66.3427
66.3293
66.305
66.302
66.2959
66.2901
66.2901
66.2889
66.2852
66.2762
66.276
66.2753
66.2752
66.2745
66.2737
66.2688
66.2647
66.2636
66.261
66.2594
66.2592
66.2587
66.2586
66.2581
66.2576
66.2561
66.2558
66.2547
66.2545
66.2545
66.2538
66.2534
66.253
66.2523
66.2523
66.2523
66.252
66.2517
66.2516
66.2516
66.2515
66.2515
66.2511
66.251
66.251
66.2506
66.2505
66.2505
66.2505
66.2504
66.2503
66.2503
66.2503
66.2503
66.2502
66.2502
66.2502
66.2502
66.2502
66.2501
66.2501
66.2501
66.2501
66.2501
66.2501
66.2501
66.2501
66.2501
66.25
66.25
66.25
66.25
66.25
66.25
66.25
66.25
66.25
66.25
66.25
66.25
66.25
66.25
66.25
66.25
66.25
66.25
66.25
66.25
66.25
66.25
66.25
66.25
66.25
66.25
66.25
66.25
66.25
66.25
66.25
66.25
66.25
66.25
66.25
66.25
66.25
66.25
66.25
66.25
66.25
66.25
66.25
66.25
66.25
66.25
66.25
66.25
66.25
66.25
66.25
66.25
66.25
66.25
66.25
66.25
66.25
66.25
66.25
66.25
66.25
66.25
66.25
66.25
66.25
66.25
66.25
66.25
66.25
66.25
66.25
66.25
66.25
66.25
66.25
66.25
66.25
66.25
66.25
66.25
66.25
66.25
66.25
66.25
66.25
66.25
66.25
66.25
66.25
66.25
66.25
66.25
66.25
66.25
66.25
66.25
66.25
66.25
66.25
66.25
66.25
66.25
66.25
66.25
66.25
66.25
66.25
66.25
66.25
66.25
66.25
66.25
66.25
66.25
66.25
66.25
66.25
66.25
66.25
66.25
66.25
66.25
66.25
66.25
66.25
66.25
66.25
66.25
66.25
66.25
66.25
66.25
66.25
66.25
66.25
66.25
66.25
66.25
66.25
66.25
66.25
66.25
66.25
66.25
66.25
66.25
66.25
66.25
66.25
66.25
66.25
66.25
66.25
66.25
66.25
66.25
66.25
66.25
66.25
66.25
66.25
66.25
66.25
66.25
66.25
66.25
66.25
66.25
66.25
66.25
66.25
66.25
66.25
66.25
66.25
66.25
66.25
66.25
66.25
66.25
66.25
66.25
66.25
66.25
66.25
66.25
66.25
66.25
66.25
66.25
66.25
66.25
66.25
66.25
66.25
66.25
66.25
66.25
66.25
66.25
66.25
66.25
66.25
66.25
66.25
66.25
66.25
66.25
66.25
66.25
66.25
66.25
66.25
66.25
66.25
66.25
66.25
66.25
66.25
66.25
66.25
66.25
66.25
66.25
66.25
66.25
66.25
66.25
66.25
66.25
66.25
66.25
66.25
66.25
66.25
66.25
66.25
66.25
66.25
66.25
66.25
66.25
66.25
66.25
66.25
66.25
66.25
66.25
66.25
66.25
66.25
66.25
66.25
66.25
66.25
66.25
66.25
66.25
66.25
66.25
66.25
66.25
66.25
66.25
66.25
66.25
66.25
66.2778
66.25
66.25
66.25
66.25
66.25
66.25
66.25
66.25
66.25
66.25
66.25
66.25
66.25
66.25
66.25
66.25
66.25
66.25
66.25
66.25
66.25
66.25
66.25
66.25
66.25
66.25
66.25
66.25
66.25
66.25
66.25
66.25
66.25
66.25
66.25
66.25
66.25
66.25


1375.79
1252.2
1110.5
1096.17
1085.02
1078.53
1013.5
1013.5
1012.49
1003.97
979.686
958.336
953.709
953.709
907.35
888.361
884.84
863.444
849.897
849.897
844.989
840.155
831.889
776.372
774.584
752.352
739.253
735.857
735.43
723.804
679.667
607.34
575.352
562.34
562.34
562.34
561.979
561.979
557.823
533.904
526.509
507.182
503.9
499.764
492.136
492.136
488.144
475.23
474.025
474.025
467.367
472.107
456.439
456.439
456.439
446.832
443.725
424.948
424.948
424.948
422.895
421.336
421.336
420.776
416.289
416.148
413.678
410.418
408.434
408.434
408.434
406.715
406.411
405.84
404.865
404.865
404.236
402.384
402.384
382.13
379.959
379.959
379.959
379.656
378.931
378.878
378.878
378.641
378.355
378.355
378.08
377.973
377.923
377.716
377.269
377.269
376.999
376.999
376.684
376.684
376.538
356.308
356.308
356.308
356.308
356.193
356.193
356.139
356.139
356.139
356.139
414.517
414.486
385.008
385.008
384.982
384.956
384.817
384.791
384.791
384.791
384.797
384.793
384.767
384.767
384.757
384.752
384.74
384.737
384.732
384.727
384.728
384.724
384.717
384.717
384.717
384.717
384.714
384.713
384.713
384.711
407.692
407.691
407.69
407.69
407.689
407.688
407.687
407.687
407.685
389.914
389.914
389.912
389.911
389.911
389.911
389.91
389.91
389.91
389.91
389.91
389.91
389.91
389.91
389.91
389.909
389.909
389.909
389.908
389.908
389.908
389.908
389.908
389.908
374.799
374.798
374.798
374.798
374.798
374.798
374.798
374.798
374.798
374.798
374.798
374.798
374.798
374.798
374.798
374.798
374.798
374.798
374.798
374.798
374.798
374.798
374.798
374.798
374.798
374.798
374.798
374.798
374.798
374.798
374.798
374.798
374.798
374.798
374.798
374.798
374.798
374.798
374.798
374.798
374.798
374.798
374.798
374.798
374.798
374.798
374.798
491.474
428.1
426.492
425.351
424.714
423.571
422.802
422.591
422.531
420.231
419.252
416.945
416.877
412.539
406.111
400.332
398.818
398.818
395.821
395.351
393.969
389.562
385.091
385.091
383.369
383.369
382.057
381.003
379.641
379.506
379.506
379.506
379.506
379.506
379.23
379.23
379.23
379.23
378.567
378.567
378.546
377.932
377.777
374.544
366.315
364.999
359.627
351.451
343.585
343.585
336.326
336.326
336.326
336.168
333.933
326.882
326.882
321.535
321.535
316.456
323.037
309.066
309.066
302.356
302.356
302.356
300.098
300.098
294.686
294.213
294.457
293.678
293.458
293.228
292.98
292.819
291.531
291.414
290.308
290.055
289.546
288.665
288.46
288.448
288.436
288.431
288.431
288.431
288.19
288.107
287.513
287.28
287.279
286.929
286.895
286.246
285.71
285.709
285.647
285.647
285.533
285.419
285.224
284.311
283.804
282.258
277.318
273.502
265.194
260.398
258.108
254.77
252.352
251.03
250.534
250.019
244.423
238.974
231.625
219.919
215.276
213.459
212.683
208.649
205.863
204.07
200.933
198.097
195.507
191.807
189.594
187.188
181.599
175.403
170.799
170.798
160.797
153.477
145.636
145.636
133.86
133.858
133.857
133.524
133.523
133.521
132.823
132.821
132.208
131.658
131.657
130.807
130.651
130.234
130.233
130.232
129.255
129.253
129.252
129.248
128.891
128.788
128.786
128.785
128.714
128.712
128.662
128.659
128.546
128.45
128.377
128.328
128.313
127.682
127.625
127.622
127.547
127.505
127.448
127.328
127.249
127.139
126.85
126.588
126.587
125.816
125.815
125.368
125.167
125.075
124.453
123.487
122.674
121.201
114.393
112.177
112.13
112.024
111.851
111.798
111.747
111.7
111.678
111.66
111.656
111.629
111.62
111.616
111.576
111.575
111.587
111.556
110.704
110.429
110.378
110.097
110.095
110.049
109.919
109.918
109.893
109.857
109.838
109.833
109.828
109.826
109.814
109.704
109.665
109.068
109.041
108.83
108.829
108.646
108.642
108.572
103.384
103.383
103.346
103.345
103.182
103.181
101.657
100.798
96.727
96.0111
88.6467
83.4692
83.4687
83.0421
86.0318
85.413
82.9219
82.9219
82.9219
76.1188
76.1188
75.9231
75.8728
75.6696
76.9301
76.8565
74.1481
74.1481
74.1189
74.1189
74.0807
74.049
74.0156
74.0052
74.0064
73.4538
71.8799
71.7005
71.6855
71.6227
71.59
71.5831
71.5687


1109.58
1109.58
1056.43
1040.58
1026.78
1026.78
939.829
926.22
925.611
898.253
898.253
896.973
896.703
896.624
877.006
877.006
877.006
858.007
824.306
763.569
763.569
749.367
718.378
718.378
713.21
643.046
643.046
624.99
609.147
609.147
590.942
559.297
558.772
514.65
482.551
482.551
437.007
419.881
358.779
341.167
304.629
270.565
253.306
253.306
246.7
242.459
214.365
204.781
177.774
164.034
155.785
158.898
142.612
132.78
115.949
103.477
94.8561
87.9042
78.184
72.8525
71.8643
71.6422
63.1798
63.1798
58.9522
56.8341
56.7168
52.1527
47.1396
47.0622
45.7186
45.5267
44.1666
42.7705
42.2493
40.7466
39.9886
39.0651
39.0651
38.8992
37.5517
38.3888
37.6518
36.5506
36.3791
36.2838
36.0591
35.8075
35.2254
34.9799
34.5515
34.3937
34.3766
34.1668
34.065
33.8489
33.5628
33.4752
33.3983
33.2949
33.2067
33.1653
33.0111
33.0111
32.96
32.9064
32.8536
32.8284
32.7306
32.6506
32.6022
32.5547
32.5006
32.5006
32.4991
32.4681
32.3791
32.3425
32.3309
32.327
32.3231
32.2898
32.2619
32.236
32.2331
32.2296
32.1979
32.1979
32.1831
32.1807
32.1664
32.1676
32.1648
32.1523
32.1515
32.1501
32.1401
32.1373
32.1369
32.1342
32.1308
32.1286
32.1286
32.1279
32.1223
32.1166
32.1164
32.1164
32.114
32.1127
32.1114
32.1097
32.1093
32.109
32.1079
32.1072
32.1066
32.1061
32.1058
32.1056
32.1053
32.1059
32.1043
32.1042
32.1034
32.1033
32.1029
32.1021
32.1021
32.1009
32.1
32.1
32.0995
32.0995
32.0995
32.0991
32.099
32.0982
32.0972
32.0972
32.0963
32.0963
32.0963
32.0959
32.0959
32.0959
32.0958
32.0957
32.0957
32.0956
32.0955
32.095
32.0948
32.0946
32.0943
32.0943
32.0939
32.0939
32.0939
32.0939
32.0938
32.0938
32.0937
32.0937
32.0936
32.0936
32.0935
32.0935
32.0935
32.0934
32.0934
32.0934
32.0934
32.0934
32.0934
32.0934
32.0934
32.0934
32.0934
32.0933
32.0933
32.0933
32.0933
32.0933
32.0933
32.0933
32.0933
32.0933
32.0933
32.0933
32.0933
32.0933
32.0933
32.0933
32.0933
32.0933
32.0933
32.0933
32.0933
32.0933
32.0933
32.0933
32.0933
32.0933
32.0933
32.0933
32.0933
32.0933
32.0933
32.0933
32.0933
32.0933
32.0933
32.0933
32.0933
32.0933
32.0933
32.0933
32.0933
32.0933
32.0933
32.0933
32.0933
32.0933
32.0933
32.0933
32.0933
32.0933
32.0933
32.0933
32.0933
32.0933
32.0933
32.0933
32.0933
32.0933
32.0933
32.0933
32.0933
32.0933
32.0933
32.0933
32.0933
32.0933
32.0933
32.0933
32.0933
32.0933
32.0933
32.0933
32.0933
32.0933
32.0933
32.0933
32.0933
32.0933
32.0933
32.0933
32.0933
32.0933
32.0933
32.0933
32.0933
32.0933
32.0933
32.0933
32.0933
32.0933
32.0933
32.0933
32.0933
32.0933
32.0933
32.0933
32.0933
32.0933
32.0933
32.0933
32.0933
32.0933
32.0933
32.0933
32.0933
32.0933
32.0933
32.0933
32.0933
32.0933
32.0933
32.0933
32.0933
32.0933
32.0933
32.0933
32.0933
32.0933
32.0933
32.0933
32.0933
32.0933
32.0933
32.0933
32.0933
32.0933
32.0933
32.0933
32.0933
32.0933
32.0933
32.0933
32.0933
32.0933
32.0933
32.0933
32.0933
32.0933
32.0933
32.0933
32.0933
32.0933
32.0933
32.2347
32.0934
32.0933
32.0933
32.0933
32.0933
32.0933
32.0933
32.0933
32.0933
32.0933
32.0933
32.0933
32.0933
32.0933
32.0933
32.0933
32.0933
32.0933
32.0933
32.0933
32.0933
32.0933
32.0933
32.0933
32.0933
32.0933
32.0933
32.0933
32.0933
32.0933
32.0933
32.0933
32.0933
32.0933
32.0933
32.0933
32.0933
32.0933
32.0933
32.0933
32.0933
32.0933
32.0933
32.0933
32.0933
32.0933
32.0933
32.0933
32.0933
32.0933
32.0933
32.0933
32.0933
32.0933
32.0933
32.0933
32.0933
32.0933
32.0933
32.0933
32.0933
32.0933
32.0933
32.0933
32.0933
32.0933
32.0933
32.0933
32.0933
32.0933
32.0933
32.0933
32.0933
32.0933
32.0933
32.0933
32.0933
32.0933
32.0933
32.0933
32.0933
32.0933
32.0933
32.0933
32.0933
32.0933
32.0933
32.0933
32.0933
32.0933
32.0933
32.0933
32.0933
32.0933
32.0933
32.0933
32.0933
32.0933
32.0933
32.0933
32.0933
32.0933
32.0933
32.0933
32.0933
32.0933
32.0933
32.0933
32.0933
32.0933
32.0933
32.0933
32.0933
32.0933
32.0933
32.0933
32.0933
32.0933
32.0933
32.0933
32.0933
32.0933
32.0933
32.0933
32.0933
32.0933
32.0933
32.0933
32.0933
32.0933
32.0933
32.0933
32.0933
32.0933
32.0933
32.0933
32.0933
32.0933


1053.91
974.292
915.525
915.525
878.606
832.606
832.606
832.57
824.348
810.432
810.432
808.263
802.912
766.448
766.448
766.448
749.903
736.992
736.992
731.833
725.976
742.459
735.87
735.87
734.885
734.885
722.755
717.829
707.445
702.944
685.371
664.312
663.246
660.567
660.567
660.494
659.5
659.114
658.03
657.911
656.706
680.215
641.342
615.127
615.127
605.871
601.796
591.742
583.696
583.696
513.226
513.226
496.158
489.422
486.915
479.514
471.68
469.392
469.392
460.981
454.89
449.771
444.507
429.88
425.854
421.159
408.062
408.062
376.536
375.926
375.511
368.183
364.265
359.749
357.619
357.619
353.347
353.347
350.954
350.954
349.881
349.881
349.229
348.928
348.928
348.117
347.383
346.651
346.004
345.345
345.345
403.937
395.578
375.579
375.191
374.848
374.848
369.578
369.109
369.109
368.941
378.744
367.292
367.292
365.841
365.799
365.799
365.651
362.169
358.789
358.673
358.673
358.63
358.63
358.614
358.614
358.601
358.575
358.556
358.556
358.543
348.15
348.149
348.148
348.146
348.119
329.65
322.236
322.236
321.662
287.997
259.2
259.197
236.944
236.944
217.51
215.42
204.888
189.431
187.028
186.691
186.691
183.514
183.514
173.892
158.122
152.065
124.941
124.941
124.544
124.544
116.284
104.088
104.088
104.088
102.288
100.967
99.8256
97.2215
97.2215
96.675
96.6747
87.0945
86.4603
86.4603
85.9256
85.3448
85.1473
84.3042
83.3661
83.3661
82.5164
81.762
81.4473
81.2509
81.2509
81.2509
81.1171
80.8546
80.1611
79.4995
79.3603
78.1779
78.1779
77.9019
77.9019
77.835
77.835
77.6423
77.3745
77.3745
77.3745
77.2629
77.209
77.2
77.1509
76.9863
76.9863
76.8614
76.8433
76.8433
76.7473
76.72
76.6889
76.6115
76.6115
76.6112
76.5892
76.5892
76.5892
76.579
76.579
76.5228
76.5172
76.5083
76.5083
76.489
76.485
76.4822
76.4691
75.5891
74.1382
73.9605
73.9564
70.6382
66.3439
64.9623
64.9517
64.8969
64.095
63.8477
63.2502
62.2291
60.9251
60.9246
60.9238
60.9232
60.2559
59.435
58.7105
58.6808
58.5573
58.5573
58.2373
58.2368
58.2366
58.2356
58.0034
57.667
57.6666
57.6262
57.7814
56.9373
56.7703
56.7703
56.6023
56.5451
56.4771
56.0533
55.861
55.8222
55.7847
55.7845
55.7844
55.7844
55.6514
55.559
55.5049
55.4573
55.4572
55.4269
55.3656
55.3654
55.3454
55.2872
55.2533
55.2395
55.1913
55.1214
55.1013
55.1013
55.1111
55.1071
55.1071
55.0847
55.0811
55.0811
55.0811
55.0798
55.0798
55.0714
55.0605
55.0605
55.0517
55.0516
55.0516
55.0398
55.0398
55.0373
55.0334
55.0333
55.0333
55.0317
55.0317
55.031
55.031
55.0283
55.0283
55.0283
55.0259
55.0239
55.0238
55.0223
55.0223
55.0223
55.0223
55.022
55.022
55.0211
55.0199
55.0196
55.0195
55.0192
55.0192
55.0192
55.0192
55.0187
55.0085
55.0085
55.0085
55.0068
55.0048
55.0048
55.0046
55.0046
55.0046
55.0034
55.0028
55.0024
55.0023
55.0019
55.0019
55.0013
55.0013
55.0011
55.0011
55.0011
55.001
55.001
55.001
55.0009
55.0008
55.0006
55.0006
55.0005
55.0005
55.0005
55.0004
55.0003
55.0003
55.0003
55.0003
55.0003
55.0002
55.0002
55.0002
55.0002
55.0002
55.0002
55.0002
55.0002
55.0002
55.0002
55.0001
55.0001
55.0001
55.0001
55.0001
55.0001
55.0001
55.0001
55.0001
55.0001
55.0001
55.0001
55.0001
55.0001
55.0001
55.0001
55.0001
55
55
55
55
55
55
55
55
55
55
55
55
55
55
55
55
55
55
55
55
55
55
55
55
55
55
55
55
55
55
55
55
55
55
55
55
55
55
55
55
53.6282
51.9654
49.2921
49.2921
49.2921
49.2921
49.2921
48.799
48.799
48.3364
48.3364
48.0798
48.0189
47.7787
47.6281
47.6281
47.5443
47.5443
47.4482
47.4482
47.4482
47.4563
47.3962
47.3165
47.1094
46.8949
46.4198
46.4198
46.4198
46.0973
46.0724
46.0724
45.7023
45.4399
45.0577
44.8312
44.6765
44.6671
44.6671
43.33
43.33
43.6875
43.5681
43.1574
43.1112
43.1112
42.8441
42.8441
42.8441
42.6787
42.6787
42.6689
42.6601
42.6167
42.6167
42.6167
42.6138
42.5457
42.4806
42.4806
42.4671
42.4744
42.4669
42.4244
42.3726
42.3718
42.3664
42.3664
42.3319
42.3314


