0.044002
0.0442268
0.0483621
0.0492514
0.0507983
0.0514983
0.0514983
0.0545416
0.0548535
0.0556588
0.0578522
0.0598399
0.0600066
0.0613576
0.0628143
0.0628143
0.0633188
0.0681081
0.0683594
0.0683706
0.0728724
0.074831
0.0759883
0.0786006
0.0820905
0.0838847
0.0950095
0.0950095
0.0987808
0.10598
0.108245
0.114623
0.120051
0.122489
0.131638
0.141601
0.141601
0.161685
0.161685
0.166223
0.192277
0.207661
0.228872
0.230672
0.2325
0.2424
0.244373
0.252793
0.261771
0.278155
0.298628
0.337268
0.344665
0.397095
0.398057
0.486454
0.486454
0.497041
0.513914
0.537103
0.576794
0.580373
0.60353
0.629681
0.643111
0.664292
0.67836
0.72481
0.72481
0.762365
0.765418
0.776052
0.814895
0.836829
0.847982
0.852361
0.856972
0.868554
0.875883
0.89192
0.910843
0.908859
0.925448
0.939352
0.939858
0.946392
0.946991
0.955604
0.959769
0.962419
0.967639
0.975834
0.9766
0.97815
0.980766
0.98084
0.982225
0.982225
0.983066
0.984432
0.985812
0.987935
0.99093
0.991186
0.991598
0.991598
0.993196
0.993383
0.995228
0.995273
0.99574
0.99574
0.996565
0.996646
0.996868
0.997122
0.998257
0.99865
0.998723
0.998864
0.999097
0.999116
0.999138
0.999232
0.999255
0.999314
0.99939
0.999454
0.999454
0.999509
0.999602
0.99961
0.999688
0.999707
0.999747
0.999759
0.999766
0.999772
0.999782
0.999809
0.999833
0.99984
0.999886
0.999892
0.999911
0.999912
0.999915
0.999939
0.999939
0.999944
0.999949
0.999957
0.999957
0.999958
0.999966
0.999966
0.999972
0.999979
0.999982
0.999982
0.999983
0.999985
0.999986
0.999987
0.999987
0.999988
0.99999
0.999991
0.999991
0.999992
0.999993
0.999993
0.999994
0.999995
0.999995
0.999996
0.999998
0.999998
0.999998
0.999998
0.999998
0.999998
0.999998
0.999998
0.999998
0.999999
0.999999
0.999999
0.999999
0.999999
0.999999
0.999999
1
1
1
1
1
1
1
1
1
1
1
1
1
1
1
1
1
1
1
1
1
1
1
1
1
1
1
1
1
1
1
1
1
1
1
1
1
1
1
1
1
1
1
1
1
1
1
1
1
1
1
1
1
1
1
1
1
1
1
1
1
1
1
1
1
1
1
1
1
1
1
1
1
1
1
1
1
1
1
1
1
1
1
1
1
1
1
1
1
1
1
1
1
1
1
1
1
1
1
1
1
1
1
1
1
1
1
1
1
1
1
1
1
1
1
1
1
1
1
1
1
1
1
1
1
1
1
1
1
1
1
1
1
1
1
1
1
1
1
1
1
1
1
1
1
1
1
1
1
1
1
1
1
1
1
1
1
1
1
1
1
1
1
1
1
1
1
1
1
1
1
1
1
1
1
1
1
1
1
1
1
1
1
1
1
1
1
1
1
1
1
1
1
1
1
1
1
1
1
1
1
1
1
1
1
1
1
1
1
1
1
1
1
1
1
1
1
1
1
1
1
1
1
1
1
1
1
1
1
1
1
1
1
1
1
1
1
1
1
1
1
1
1
1
1
1
1
1
1
1
1
1
1
1
1
1
1
1
1
1
1
1
1
1
1
1
1
1
1
1
1
1
1
1
1
1
1
1
1
1
1
1
1
1
1
1
1
1
1
1
1
1
1
1
1
1
1
1
1
1
1
1
1
1
1
1
1
1


0.0100829
0.0103248
0.0103248
0.0103984
0.0108099
0.0117101
0.0118694
0.0121129
0.0122895
0.0122895
0.0126207
0.0126902
0.0129896
0.0134565
0.0142293
0.0144666
0.0147185
0.0152997
0.0159414
0.016483
0.0164859
0.0169422
0.017195
0.0188416
0.0190506
0.0190506
0.0193113
0.0196737
0.0207242
0.0217435
0.0240762
0.0244996
0.0250696
0.0253186
0.0257973
0.0275194
0.0304768
0.039097
0.0401456
0.0448707
0.0448707
0.046949
0.0491082
0.0548344
0.0554372
0.071524
0.073203
0.0844411
0.0845638
0.086871
0.10964
0.111747
0.116772
0.135296
0.138955
0.158994
0.158994
0.161042
0.170677
0.198447
0.210949
0.235009
0.236489
0.241688
0.262368
0.264888
0.265346
0.274654
0.277063
0.293741
0.308735
0.311986
0.353125
0.378982
0.38096
0.385791
0.44654
0.44654
0.462157
0.462157
0.474631
0.474355
0.496359
0.496359
0.505403
0.50789
0.509898
0.509898
0.525937
0.525937
0.526722
0.52844
0.531996
0.543961
0.545591
0.545627
0.549194
0.550978
0.551755
0.551755
0.552491
0.553092
0.553916
0.553916
0.554987
0.5555
0.556083
0.556358
0.557528
0.55759
0.558013
0.558884
0.559177
0.560021
0.560696
0.561007
0.561011
0.561085
0.561253
0.561386
0.561396
0.561537
0.561588
0.56162
0.561706
0.561874
0.561899
0.561957
0.562064
0.562321
0.562382
0.562382
0.562518
0.562521
0.562538
0.562547
0.562642
0.562667
0.562689
0.562689
0.562738
0.562727
0.562747
0.562778
0.562778
0.562798
0.56282
0.562837
0.562837
0.562861
0.562879
0.562879
0.562895
0.562901
0.562914
0.562927
0.562927
0.562938
0.562939
0.562948
0.562951
0.562952
0.562952
0.56296
0.562963
0.562964
0.562966
0.562968
0.562969
0.56297
0.562971
0.562971
0.562971
0.562972
0.562973
0.562975
0.562975
0.562975
0.562976
0.562976
0.562977
0.562977
0.562977
0.562977
0.562977
0.562978
0.562978
0.562978
0.562978
0.562978
0.562978
0.562979
0.562979
0.562979
0.562979
0.562979
0.562979
0.562979
0.562979
0.562979
0.562979
0.562979
0.562979
0.562979
0.562979
0.562979
0.562979
0.562979
0.562979
0.562979
0.562979
0.562979
0.562979
0.562979
0.562979
0.562979
0.562979
0.562979
0.562979
0.562979
0.562979
0.562979
0.562979
0.562979
0.562979
0.562979
0.562979
0.562979
0.562979
0.562979
0.562979
0.562979
0.562979
0.562979
0.562979
0.562979
0.562979
0.562979
0.562979
0.562979
0.562979
0.562979
0.562979
0.562979
0.562979
0.562979
0.562979
0.562979
0.562979
0.562979
0.562979
0.562979
0.562979
0.562979
0.562979
0.562979
0.562979
0.562979
0.562979
0.562979
0.562979
0.562979
0.562979
0.562979
0.562979
0.562979
0.562979
0.562979
0.562979
0.562979
0.562979
0.562979
0.562979
0.562979
0.562979
0.562979
0.562979
0.562979
0.562979
0.562979
0.562979
0.562979
0.562979
0.562979
0.562979
0.562979
0.562979
0.562979
0.562979
0.562979
0.562979
0.562979
0.562979
0.562979
0.562979
0.562979
0.562979
0.562979
0.562979
0.562979
0.562979
0.562979
0.562979
0.562979
0.562979
0.562979
0.562979
0.562979
0.562979
0.562979
0.562979
0.562979
0.562979
0.562979
0.562979
0.562979
0.562979
0.562979
0.562979
0.562979
0.562979
0.562979
0.562979
0.562979
0.562979
0.562979
0.562979
0.562979
0.562979
0.562979
0.562979
0.562979
0.562979
0.562979
0.562979
0.562979
0.562979
0.562979
0.562979
0.562979
0.562979
0.562979
0.562979
0.562979
0.562979
0.562979
0.562979
0.562979
0.562979
0.562979
0.562979
0.562979
0.562979
0.562979
0.562979
0.562979
0.562979
0.562979
0.562979
0.562979
0.562979
0.562979
0.562979
0.562979
0.562979
0.562979
0.562979
0.562979
0.562979
0.562979
0.562979
0.562979
0.562979
0.562979
0.562979
0.562979
0.562979
0.562979
0.562979
0.562979
0.562979
0.562979
0.562979
0.562979
0.562979
0.562979
0.562979
0.562979
0.562979
0.562979
0.562979
0.562979
0.562979
0.562979
0.562979
0.562979
0.562979
0.562979
0.562979
0.562979
0.562979
0.562979
0.562979
0.562979
0.562979
0.562979
0.562979
0.562979
0.562979
0.562979
0.562979
0.562149
0.562979
0.562979
0.562979
0.562979
0.562979
0.562979
0.562979
0.562979
0.562979
0.562979
0.562979
0.562979
0.562979
0.562979
0.562979
0.562979
0.562979
0.562979
0.562979
0.562979
0.562979
0.562979
0.562979
0.562979
0.562979
0.562979
0.562979
0.562979
0.562979
0.562968
0.562979
0.562979
0.562979
0.562979
0.562979
0.562979
0.562979
0.562979
0.562979
0.562979
0.562979
0.562979
0.562979
0.562979
0.562979
0.562979
0.562979
0.562979
0.562979
0.562979
0.562979
0.562979
0.562979
0.562979
0.562979
0.562979
0.562979
0.562979
0.562979
0.562979
0.562979
0.562979
0.562979
0.562979
0.562979
0.562979
0.562979
0.562979
0.562979
0.562979
0.562979
0.562979
0.562979
0.562979
0.562979
0.562979
0.562979
0.562979
0.562979
0.562979
0.562979
0.562979
0.562979
0.562979
0.562979
0.562979
0.562979
0.562979


0.0114519
0.0119549
0.0120274
0.0131268
0.0131268
0.0138444
0.0146582
0.0146582
0.0148455
0.0150284
0.015105
0.0151027
0.0154272
0.0161109
0.0166244
0.0167173
0.0170666
0.0172933
0.017439
0.0176632
0.0180551
0.0191219
0.0195029
0.0208305
0.0220843
0.022207
0.0227787
0.0229344
0.0232755
0.0255626
0.026146
0.0269733
0.0290759
0.0290759
0.0346357
0.0369706
0.0379649
0.0399203
0.0417323
0.0431271
0.043158
0.0462594
0.0520187
0.0619174
0.0650737
0.0953506
0.0967684
0.109768
0.109768
0.114409
0.129622
0.130366
0.133036
0.137124
0.137795
0.156241
0.159938
0.171907
0.173934
0.177648
0.187355
0.181699
0.1986
0.225903
0.227751
0.244905
0.265869
0.27662
0.303962
0.34011
0.34011
0.366971
0.403901
0.419503
0.419503
0.427181
0.429161
0.44943
0.44943
0.466224
0.473504
0.464547
0.476394
0.489151
0.503647
0.522715
0.522976
0.523004
0.523098
0.525784
0.52585
0.532672
0.544359
0.547579
0.547579
0.548241
0.548925
0.550216
0.556246
0.556255
0.557107
0.557178
0.558526
0.562996
0.563699
0.563897
0.563974
0.564175
0.56492
0.564923
0.565153
0.567282
0.567284
0.567284
0.567284
0.567292
0.567293
0.567431
0.56745
0.567719
0.567877
0.567879
0.568002
0.568101
0.568102
0.56817
0.568491
0.568642
0.568642
0.568684
0.568723
0.568703
0.568866
0.568866
0.568867
0.568894
0.56893
0.56893
0.568952
0.568955
0.568989
0.568989
0.569016
0.569016
0.569024
0.569076
0.569076
0.569096
0.569096
0.569096
0.569097
0.569097
0.569099
0.569102
0.56911
0.569112
0.569113
0.569113
0.569113
0.569113
0.569117
0.569123
0.569125
0.569125
0.569125
0.569127
0.569127
0.569129
0.569129
0.569129
0.569129
0.56913
0.56913
0.56913
0.569131
0.569131
0.569132
0.569132
0.569132
0.569133
0.569133
0.569133
0.569133
0.569133
0.569133
0.569133
0.569133
0.569133
0.569133
0.569133
0.569133
0.569133
0.569133
0.569134
0.569134
0.569134
0.569134
0.569134
0.569134
0.569134
0.569134
0.569134
0.569134
0.569134
0.569134
0.569134
0.569134
0.569134
0.569134
0.569134
0.569134
0.569134
0.569134
0.569134
0.569134
0.569134
0.569134
0.569134
0.569134
0.569134
0.569134
0.569134
0.569134
0.569134
0.569134
0.569134
0.569134
0.569134
0.569134
0.569134
0.569134
0.569134
0.569134
0.569134
0.569134
0.569134
0.569134
0.569134
0.569134
0.569134
0.569134
0.569134
0.569134
0.569134
0.569134
0.569134
0.569134
0.569134
0.569134
0.569134
0.569134
0.569134
0.569134
0.569134
0.569134
0.569134
0.569134
0.569134
0.569134
0.569134
0.569134
0.569134
0.569134
0.569134
0.569134
0.569134
0.569134
0.569134
0.569134
0.569134
0.569134
0.569134
0.569134
0.569134
0.569134
0.569134
0.569134
0.569134
0.569134
0.569134
0.569134
0.569134
0.569134
0.569134
0.569134
0.569134
0.569134
0.569134
0.569134
0.569134
0.569134
0.569134
0.569134
0.569134
0.569134
0.569134
0.569134
0.569134
0.569134
0.569134
0.569134
0.569134
0.569134
0.569134
0.569134
0.569134
0.569134
0.569134
0.569134
0.569134
0.569134
0.569134
0.569134
0.569134
0.569134
0.569134
0.569134
0.569134
0.569134
0.569134
0.569134
0.569134
0.569134
0.569134
0.569134
0.569134
0.569134
0.569134
0.569134
0.569134
0.569134
0.569134
0.569134
0.569134
0.569134
0.569134
0.569134
0.569134
0.569134
0.569134
0.569134
0.569134
0.569134
0.569134
0.569134
0.569134
0.569134
0.569134
0.569134
0.569134
0.569134
0.569134
0.569134
0.569134
0.569134
0.569134
0.569134
0.569134
0.569134
0.569134
0.569134
0.569134
0.569134
0.569134
0.569134
0.569134
0.569134
0.569134
0.569134
0.569134
0.569134
0.569134
0.569134
0.569134
0.569134
0.569134
0.569134
0.569134
0.569134
0.569134
0.569134
0.569134
0.569134
0.569134
0.569134
0.569134
0.569134
0.569134
0.569134
0.569134
0.569134
0.569134
0.569134
0.569134
0.569134
0.569134
0.569134
0.569134
0.569134
0.569134
0.569134
0.569134
0.569134
0.569134
0.569134
0.569134
0.569134
0.569134
0.569134
0.569134
0.569134
0.569109
0.569134
0.569134
0.569134
0.569134
0.569134
0.569134
0.569134
0.569134
0.569134
0.569134
0.569134
0.569134
0.569134
0.569134
0.569134
0.569134
0.569134
0.569134
0.569134
0.569134
0.569134
0.569134
0.569134
0.569134
0.569134
0.569134
0.569134
0.569134
0.569134
0.569134
0.569134
0.569134
0.569134
0.569134
0.569134
0.569134
0.569134
0.569134
0.569134
0.569134
0.569134
0.569134
0.569134
0.569134
0.569134
0.569134
0.569134
0.569134
0.569134
0.569134
0.569134
0.569134
0.569134
0.569134
0.569134
0.569134
0.569134
0.569134
0.569134
0.569134
0.569134
0.569134
0.569134
0.569134
0.569134
0.569134
0.569134
0.569134
0.569134
0.569134
0.569134
0.569134
0.569134
0.569134
0.569134
0.569134
0.569134
0.569134
0.569134
0.569134
0.569134
0.569134
0.569134
0.569134
0.569134
0.569134
0.569134
0.569134


0.00841814
0.00896341
0.00896341
0.00952338
0.00961504
0.0098251
0.0100632
0.010417
0.0114725
0.0121882
0.0125363
0.012632
0.0127705
0.0130022
0.0133549
0.0146138
0.0155553
0.0155666
0.0157112
0.0167837
0.0167864
0.0167265
0.0169084
0.0177784
0.0202993
0.0217499
0.0223394
0.0238986
0.0247997
0.0252176
0.0317046
0.032795
0.0381313
0.0399145
0.0399145
0.0424736
0.0477287
0.0497707
0.0621855
0.0621855
0.0702237
0.0757411
0.0769419
0.0814092
0.0814092
0.0911122
0.0911122
0.0954491
0.0959863
0.119401
0.131852
0.140867
0.151714
0.175424
0.177197
0.187599
0.221373
0.222055
0.223551
0.229443
0.244133
0.245429
0.248217
0.294943
0.294943
0.300703
0.301832
0.322157
0.324627
0.334541
0.352021
0.355734
0.373806
0.373806
0.39802
0.399189
0.403208
0.438794
0.454578
0.454578
0.458238
0.469756
0.473145
0.483748
0.496556
0.4968
0.4968
0.501821
0.507708
0.507708
0.511311
0.519014
0.523931
0.523931
0.525815
0.525945
0.527571
0.531805
0.532234
0.53564
0.539073
0.539717
0.539801
0.545317
0.545323
0.545867
0.547396
0.548451
0.548451
0.550698
0.550716
0.551002
0.55146
0.552187
0.552449
0.552497
0.55348
0.553482
0.553542
0.553717
0.553723
0.553762
0.554228
0.554679
0.554786
0.554843
0.554843
0.554901
0.554964
0.554966
0.554966
0.554985
0.554987
0.555032
0.555078
0.555078
0.555079
0.555092
0.555121
0.555121
0.555149
0.55517
0.555239
0.555239
0.555239
0.555249
0.555249
0.555253
0.555258
0.555275
0.555275
0.555277
0.555292
0.555292
0.555293
0.555297
0.5553
0.55531
0.555315
0.555315
0.555321
0.555326
0.555327
0.555329
0.555329
0.555329
0.55533
0.555331
0.555332
0.555332
0.555333
0.555334
0.555334
0.555335
0.555335
0.555335
0.555337
0.555337
0.555337
0.555338
0.555338
0.555338
0.555339
0.555339
0.555339
0.555339
0.555339
0.555339
0.555339
0.55534
0.55534
0.55534
0.55534
0.55534
0.55534
0.55534
0.55534
0.55534
0.55534
0.55534
0.55534
0.55534
0.55534
0.55534
0.55534
0.55534
0.55534
0.55534
0.55534
0.55534
0.55534
0.55534
0.55534
0.55534
0.55534
0.55534
0.55534
0.55534
0.55534
0.55534
0.55534
0.55534
0.55534
0.55534
0.55534
0.55534
0.55534
0.55534
0.55534
0.55534
0.55534
0.55534
0.55534
0.55534
0.55534
0.55534
0.55534
0.55534
0.55534
0.55534
0.55534
0.55534
0.55534
0.55534
0.55534
0.55534
0.55534
0.55534
0.55534
0.55534
0.55534
0.55534
0.55534
0.55534
0.55534
0.55534
0.55534
0.55534
0.55534
0.55534
0.55534
0.55534
0.55534
0.55534
0.55534
0.55534
0.55534
0.55534
0.55534
0.55534
0.55534
0.55534
0.55534
0.55534
0.55534
0.55534
0.55534
0.55534
0.55534
0.55534
0.55534
0.55534
0.55534
0.55534
0.55534
0.55534
0.55534
0.55534
0.55534
0.55534
0.55534
0.55534
0.55534
0.55534
0.55534
0.55534
0.55534
0.55534
0.55534
0.55534
0.55534
0.55534
0.55534
0.55534
0.55534
0.55534
0.55534
0.55534
0.55534
0.55534
0.55534
0.55534
0.55534
0.55534
0.55534
0.55534
0.55534
0.55534
0.55534
0.55534
0.55534
0.55534
0.55534
0.55534
0.55534
0.55534
0.55534
0.55534
0.55534
0.55534
0.55534
0.55534
0.55534
0.55534
0.55534
0.55534
0.55534
0.55534
0.55534
0.55534
0.55534
0.55534
0.55534
0.55534
0.55534
0.55534
0.55534
0.55534
0.55534
0.55534
0.55534
0.55534
0.55534
0.55534
0.55534
0.55534
0.55534
0.55534
0.55534
0.55534
0.55534
0.55534
0.55534
0.55534
0.55534
0.55534
0.55534
0.55534
0.55534
0.55534
0.55534
0.55534
0.55534
0.55534
0.55534
0.55534
0.55534
0.55534
0.55534
0.55534
0.55534
0.55534
0.55534
0.55534
0.55534
0.55534
0.55534
0.55534
0.55534
0.55534
0.55534
0.55534
0.55534
0.55534
0.55534
0.55534
0.55534
0.55534
0.55534
0.55534
0.55534
0.55534
0.55534
0.55534
0.55534
0.55534
0.55534
0.55534
0.55534
0.55534
0.55534
0.55534
0.55534
0.55534
0.55534
0.55534
0.55534
0.55534
0.55534
0.55534
0.55534
0.553039
0.55534
0.55534
0.55534
0.55534
0.55534
0.55534
0.55534
0.55534
0.55534
0.55534
0.55534
0.55534
0.55534
0.55534
0.55534
0.55534
0.55534
0.55534
0.55534
0.55534
0.55534
0.55534
0.55534
0.55534
0.55534
0.55534
0.55534
0.55534
0.55534
0.55534
0.55534
0.55534
0.55534
0.55534
0.55534
0.55534
0.55534
0.55534
0.55534
0.55534
0.55534
0.55534
0.55534
0.55534
0.55534
0.55534
0.55534
0.55534
0.55534
0.555319
0.55534
0.55534
0.55534
0.55534
0.55534
0.55534
0.55534
0.55534
0.55534
0.55534
0.55534
0.55534
0.55534
0.55534
0.55534
0.55534
0.55534
0.55534
0.55534
0.55534
0.55534
0.55534
0.55534
0.55534
0.55534
0.55534
0.55534
0.55534


0.00904696
0.00933497
0.00986194
0.0109618
0.0111342
0.011317
0.011964
0.0126579
0.0132518
0.0135904
0.0137148
0.0142714
0.014892
0.014892
0.0157973
0.0162549
0.0162819
0.0163343
0.0166728
0.0170524
0.0190823
0.0190823
0.0195445
0.0199263
0.0205767
0.0214273
0.0217838
0.0239244
0.0239244
0.0244782
0.0263017
0.0264416
0.0309885
0.0331844
0.0364841
0.0391525
0.0443935
0.0443935
0.0488743
0.0488743
0.0495493
0.0523372
0.0537638
0.0541935
0.0553
0.0597669
0.0597669
0.0614982
0.0648469
0.068138
0.0699727
0.0719858
0.0746659
0.0779113
0.0779113
0.0805093
0.0822731
0.0829061
0.0846222
0.085223
0.0870338
0.0889295
0.0916363
0.0929534
0.0937333
0.0937385
0.0944319
0.0948995
0.0951437
0.0953035
0.0981185
0.0985545
0.099417
0.0996388
0.100491
0.100491
0.100824
0.100824
0.101662
0.102426
0.102426
0.103251
0.103381
0.103398
0.103843
0.104116
0.104479
0.104479
0.104558
0.104944
0.105032
0.105079
0.105227
0.105412
0.1055
0.110966
0.110968
0.121652
0.121652
0.13245
0.133391
0.133391
0.133404
0.145603
0.158364
0.159883
0.164698
0.1647
0.179919
0.183196
0.183196
0.181636
0.190379
0.230617
0.230617
0.230617
0.239566
0.239569
0.239569
0.239569
0.239573
0.240539
0.241889
0.250244
0.253106
0.253106
0.256237
0.256237
0.262527
0.263007
0.283994
0.283995
0.283995
0.283995
0.289435
0.289435
0.290652
0.291776
0.295737
0.296472
0.296472
0.295896
0.304672
0.304672
0.305289
0.305289
0.305289
0.305289
0.306867
0.309683
0.311444
0.309518
0.310543
0.314159
0.314159
0.314159
0.315258
0.315603
0.316185
0.316185
0.316185
0.316315
0.320258
0.320258
0.322508
0.322712
0.322712
0.33244
0.33244
0.335365
0.335365
0.335365
0.335365
0.336046
0.337545
0.339535
0.339535
0.339535
0.339535
0.340596
0.340596
0.34062
0.34062
0.340829
0.340829
0.341389
0.341389
0.342455
0.342455
0.342998
0.342998
0.342804
0.342906
0.342906
0.342968
0.342968
0.342968
0.3432
0.343264
0.343378
0.343378
0.343559
0.344223
0.344223
0.344505
0.344961
0.345142
0.345145
0.345151
0.345393
0.34565
0.34565
0.345892
0.345892
0.345892
0.3459
0.3459
0.345974
0.345974
0.345974
0.345974
0.34605
0.34605
0.346121
0.346179
0.346179
0.346179
0.346297
0.346297
0.346297
0.346304
0.346292
0.346292
0.346292
0.346292
0.3463
0.346369
0.346386
0.346386
0.346386
0.346386
0.346397
0.346397
0.346406
0.346406
0.346542
0.346547
0.346547
0.346573
0.346596
0.346596
0.346674
0.346674
0.346683
0.346683
0.346692
0.346698
0.346717
0.346717
0.346719
0.346723
0.34675
0.34675
0.34675
0.34675
0.346755
0.346757
0.346778
0.346784
0.346784
0.346786
0.346795
0.346795
0.346796
0.346796
0.346805
0.346809
0.346809
0.346809
0.34681
0.34681
0.346812
0.346814
0.34682
0.34682
0.346823
0.346827
0.346827
0.346829
0.346829
0.346829
0.346834
0.346834
0.346835
0.346835
0.346835
0.346836
0.346836
0.346837
0.346837
0.346837
0.346837
0.346838
0.346838
0.346838
0.346838
0.346838
0.346838
0.346838
0.346838
0.346838
0.346838
0.346838
0.346838
0.346838
0.346838
0.346838
0.346838
0.346839
0.346839
0.346839
0.346839
0.346839
0.346839
0.346839
0.346839
0.346839
0.346839
0.346839
0.346839
0.346839
0.346839
0.346839
0.346839
0.346839
0.346839
0.346839
0.346839
0.346839
0.346839
0.346839
0.346839
0.346839
0.346839
0.346839
0.346839
0.346839
0.346839
0.346839
0.346839
0.346839
0.346839
0.346839
0.346839
0.346839
0.346839
0.346839
0.346839
0.346839
0.346839
0.346839
0.346839
0.346839
0.346839
0.346839
0.346839
0.346839
0.346839
0.346839
0.346839
0.346839
0.346839
0.346839
0.346839
0.346839
0.346839
0.346839
0.346839
0.346839
0.346839
0.346839
0.346839
0.346839
0.346839
0.346839
0.346839
0.346839
0.346839
0.346839
0.346839
0.346839
0.346839
0.346839
0.346839
0.346839
0.346839
0.346839
0.346839
0.346839
0.346839
0.346839
0.346839
0.346839
0.346839
0.346839
0.346839
0.346839
0.346839
0.346839
0.346839
0.346839
0.346839
0.346839
0.346839
0.346839
0.346839
0.346839
0.346839
0.346839
0.346839
0.346839
0.346839
0.346839
0.346839
0.346839
0.346839
0.346839
0.346839
0.346839
0.346839
0.346839
0.346839
0.346839
0.346839
0.346839
0.346839
0.346839
0.346839
0.346839
0.346839
0.346839
0.346839
0.346839
0.346839
0.346839
0.346839
0.346839
0.346839
0.346839
0.346839
0.346839
0.346839
0.346839
0.346839
0.346839
0.346839
0.346839
0.346839
0.346839
0.346839
0.346839
0.346839
0.346839
0.346839
0.346839
0.346839
0.346839
0.346839
0.346839
0.346839
0.346839
0.346839
0.346839
0.346839
0.346839
0.346839
0.346839
0.346839
0.346839
0.346839
0.346839
0.346839
0.346839
0.346839
0.346839
0.346839
0.346839
0.346839
0.346839
0.346839
0.346839
0.346839
0.346839
0.346839
0.346839
0.346839
0.346839
0.346839
0.346839
0.346839


0.0074084
0.00873101
0.00949426
0.00998248
0.00998248
0.0104224
0.0105952
0.0107667
0.0111009
0.0112855
0.0113606
0.0116624
0.0116624
0.0117093
0.0118511
0.0120351
0.0121054
0.012234
0.0129434
0.0140173
0.0140173
0.0144848
0.0151423
0.0154526
0.016003
0.01745
0.0174533
0.0177066
0.0186856
0.020638
0.0237848
0.0252043
0.0255827
0.0260665
0.0263865
0.027528
0.0310872
0.0329198
0.0329198
0.0333682
0.0377444
0.0389184
0.0389419
0.0474635
0.0498827
0.0521508
0.0569718
0.0593789
0.0694441
0.0694441
0.0704411
0.082577
0.0854565
0.0936012
0.0936012
0.0939156
0.0946657
0.104179
0.105801
0.107808
0.109009
0.109508
0.110864
0.116542
0.116542
0.117892
0.118954
0.120033
0.121515
0.127769
0.134403
0.134923
0.138351
0.138351
0.13891
0.149625
0.150015
0.150023
0.150722
0.15356
0.162872
0.165987
0.167151
0.175049
0.175218
0.182208
0.183575
0.186075
0.188047
0.192709
0.194037
0.202868
0.202875
0.202893
0.203185
0.204842
0.206351
0.206377
0.20638
0.208076
0.208234
0.209387
0.210402
0.211911
0.213379
0.213379
0.213389
0.213629
0.214033
0.214297
0.214298
0.214642
0.215285
0.215824
0.215831
0.21584
0.215842
0.2165
0.216874
0.216887
0.217069
0.21712
0.217368
0.217413
0.217441
0.217735
0.217737
0.217739
0.21792
0.217993
0.217993
0.217981
0.218036
0.218071
0.218099
0.218099
0.218109
0.218133
0.218163
0.218172
0.218195
0.218197
0.218212
0.218214
0.218214
0.218222
0.218222
0.218234
0.218248
0.218248
0.218252
0.218253
0.218257
0.21826
0.218263
0.218263
0.218264
0.218265
0.218266
0.218267
0.218268
0.218269
0.218269
0.218269
0.218269
0.21827
0.218271
0.218271
0.218272
0.218273
0.218273
0.218273
0.218273
0.218273
0.218273
0.218273
0.218274
0.218274
0.218274
0.218274
0.218274
0.218274
0.218275
0.218275
0.218275
0.218275
0.218275
0.218275
0.218275
0.218275
0.218275
0.218275
0.218275
0.218275
0.218275
0.218275
0.218275
0.218275
0.218275
0.218275
0.218275
0.218275
0.218275
0.218275
0.218275
0.218275
0.218275
0.218275
0.218275
0.218275
0.218275
0.218275
0.218275
0.218275
0.218275
0.218275
0.218275
0.218275
0.218275
0.218275
0.218275
0.218275
0.218275
0.218275
0.218275
0.218275
0.218275
0.218275
0.218275
0.218275
0.218275
0.218275
0.218275
0.218275
0.218275
0.218275
0.218275
0.218275
0.218275
0.218275
0.218275
0.218275
0.218275
0.218275
0.218275
0.218275
0.218275
0.218275
0.218275
0.218275
0.218275
0.218275
0.218275
0.218275
0.218275
0.218275
0.218275
0.218275
0.218275
0.218275
0.218275
0.218275
0.218275
0.218275
0.218275
0.218275
0.218275
0.218275
0.218275
0.218275
0.218275
0.218275
0.218275
0.218275
0.218275
0.218275
0.218275
0.218275
0.218275
0.218275
0.218275
0.218275
0.218275
0.218275
0.218275
0.218275
0.218275
0.218275
0.218275
0.218275
0.218275
0.218275
0.218275
0.218275
0.218275
0.218275
0.218275
0.218275
0.218275
0.218275
0.218275
0.218275
0.218275
0.218275
0.218275
0.218275
0.218275
0.218275
0.218275
0.218275
0.218275
0.218275
0.218275
0.218275
0.218275
0.218275
0.218275
0.218275
0.218275
0.218275
0.218275
0.218275
0.218275
0.218275
0.218275
0.218275
0.218275
0.218275
0.218275
0.218275
0.218275
0.218275
0.218275
0.218275
0.218275
0.218275
0.218275
0.218275
0.218275
0.218275
0.218275
0.218275
0.218275
0.218275
0.218275
0.218275
0.218275
0.218275
0.218275
0.218275
0.218275
0.218275
0.218275
0.218275
0.218275
0.218275
0.218275
0.218275
0.218275
0.218275
0.218275
0.218275
0.218275
0.218275
0.218275
0.218275
0.218275
0.218275
0.218275
0.218275
0.218275
0.218275
0.218275
0.218275
0.218275
0.218275
0.218275
0.218275
0.218275
0.218275
0.218275
0.218275
0.218275
0.218275
0.218275
0.218275
0.218275
0.218275
0.218275
0.218275
0.218275
0.218275
0.218275
0.218275
0.218275
0.218275
0.218275
0.218275
0.218275
0.218275
0.218275
0.218275
0.218275
0.218275
0.218275
0.218275
0.218275
0.218275
0.218275
0.218275
0.218275
0.21713
0.218275
0.218275
0.218275
0.218275
0.218275
0.218275
0.218275
0.218275
0.218275
0.218275
0.218275
0.218275
0.218275
0.218275
0.218275
0.218275
0.218275
0.218275
0.218275
0.218275
0.218275
0.218275
0.218275
0.218275
0.218275
0.218275
0.218275
0.218275
0.218275
0.218275
0.218275
0.218275
0.218275
0.218275
0.218275
0.218275
0.218275
0.218275
0.218275
0.218275
0.218275
0.218275
0.218275
0.218275
0.218275
0.218275
0.218275
0.218275
0.218275
0.218275
0.218275
0.218275
0.218275
0.218275
0.218275
0.218275
0.218275
0.218275
0.218275
0.218275
0.218275
0.218275
0.218275
0.218275
0.218275
0.218275
0.218275
0.218275
0.218275
0.218275
0.218275
0.218275
0.218275
0.218275
0.218275
0.218275
0.218275
0.218275
0.218275
0.218275
0.218275
0.218275
0.218275
0.218275
0.218275
0.218275
0.218275
0.218275


0.00930182
0.0096857
0.00998959
0.0102334
0.0104594
0.0109789
0.0113919
0.0116837
0.0119328
0.012299
0.0127722
0.0134641
0.013509
0.013509
0.0139158
0.0139158
0.0139219
0.0140765
0.0140765
0.0142477
0.0143045
0.0144361
0.0145167
0.0145178
0.0147031
0.0151571
0.0151938
0.0157986
0.0158521
0.0161881
0.0162504
0.0156555
0.0160017
0.0160017
0.0160645
0.0161311
0.0161311
0.0161333
0.0161333
0.0161447
0.0161733
0.0161738
0.0162048
0.0163914
0.0163954
0.0163954
0.0164088
0.0164088
0.0164815
0.0164893
0.0164917
0.0164901
0.0165027
0.0165027
0.0165277
0.016565
0.016565
0.0166059
0.0166059
0.0166088
0.0166168
0.0161645
0.0165656
0.0166301
0.0166339
0.0166339
0.0166339
0.0166339
0.0166339
0.0166339
0.0166339
0.016241
0.0165807
0.0165835
0.0165891
0.0165893
0.0165924
0.0165926
0.016868
0.0168734
0.0168734
0.0168951
0.0168951
0.0171046
0.0171073
0.0171124
0.0171529
0.0171652
0.0171715
0.0171861
0.0172152
0.0172189
0.0172326
0.0172329
0.0172444
0.0172483
0.0172483
0.0172523
0.0173398
0.0173442
0.0173572
0.0173592
0.0173592
0.0173605
0.0173613
0.0173636
0.0173657
0.0173657
0.0175798
0.017725
0.0177255
0.0176215
0.0176312
0.0176531
0.0176834
0.0177209
0.0177223
0.0177487
0.0178689
0.0178697
0.0178707
0.0177447
0.0180244
0.0181629
0.0181631
0.0181699
0.0181707
0.0181707
0.0181707
0.0181944
0.0182634
0.0183808
0.0183829
0.018472
0.018472
0.0184753
0.0184753
0.0184753
0.0184753
0.0184753
0.0184753
0.0184813
0.0184814
0.0184938
0.0185093
0.0185104
0.0185159
0.018517
0.0188832
0.0188832
0.0189283
0.0198112
0.0211161
0.0211544
0.021338
0.0216958
0.0216969
0.0225741
0.0241836
0.0242357
0.0298171
0.0298171
0.0299336
0.0299338
0.0304987
0.0304999
0.0308931
0.0334966
0.0337497
0.0342208
0.0342213
0.0447303
0.0447303
0.0447307
0.0478732
0.0478732
0.0486048
0.0505425
0.0527665
0.0527671
0.0541308
0.0541308
0.0564436
0.0564436
0.0613591
0.0613591
0.0625318
0.0632783
0.066952
0.0724713
0.0724713
0.0725623
0.0725623
0.0725623
0.0741161
0.075885
0.075885
0.0780342
0.0780342
0.0782557
0.0786972
0.0790379
0.0791459
0.0791688
0.079885
0.079885
0.079885
0.0801901
0.080458
0.080458
0.0811454
0.0814935
0.0817378
0.0818547
0.0822015
0.0823908
0.0824139
0.0824259
0.0825722
0.0825815
0.0826033
0.0825406
0.0826608
0.0827312
0.0828648
0.0828648
0.0829125
0.0829469
0.0829931
0.0830546
0.0830549
0.0830548
0.0830891
0.0831667
0.0831733
0.0831734
0.0831793
0.0831793
0.0832086
0.0832197
0.0832437
0.0785101
0.0832892
0.0832893
0.0832991
0.0833034
0.0833034
0.0833127
0.0833228
0.0833314
0.0833314
0.0833314
0.0833404
0.0833404
0.0833445
0.0833445
0.0833552
0.0833567
0.0833576
0.0833608
0.0833631
0.0833649
0.083367
0.083367
0.083367
0.0833687
0.0833698
0.0833699
0.0833705
0.0833705
0.0833705
0.083372
0.0833725
0.0833725
0.0833734
0.0833736
0.0833739
0.0833743
0.0833744
0.0833745
0.0833747
0.0833748
0.083375
0.083375
0.0833751
0.0833752
0.0833752
0.0833753
0.0833753
0.0833754
0.0833755
0.0833755
0.0833755
0.0833755
0.0833755
0.0833756
0.0833756
0.0833756
0.0833756
0.0833756
0.0833756
0.0833757
0.0833757
0.0833757
0.0833757
0.0833757
0.0833757
0.0833757
0.0833757
0.0833757
0.0833757
0.0833757
0.0833757
0.0833757
0.0833757
0.0833757
0.0833757
0.0833757
0.0833757
0.0833757
0.0833757
0.0833757
0.0833757
0.0833758
0.0833758
0.0833758
0.0833758
0.0833758
0.0833758
0.0833758
0.0833758
0.0833758
0.0833758
0.0833758
0.0833758
0.0833758
0.0833758
0.0833758
0.0833758
0.0833758
0.0833758
0.0833758
0.0833758
0.0833758
0.0833758
0.0833758
0.0833758
0.0833758
0.0833758
0.0833758
0.0833758
0.0833758
0.0833758
0.0833758
0.0833758
0.0833758
0.0833758
0.0833758
0.0833758
0.0833758
0.0833758
0.0833758
0.0833758
0.0833758
0.0833758
0.0833758
0.0833758
0.0833758
0.0833758
0.0833758
0.0833758
0.0833758
0.0833758
0.0833758
0.0833758
0.0833758
0.0833758
0.0833758
0.0833758
0.0833758
0.0833758
0.0833758
0.0833758
0.0833758
0.0833758
0.0833758
0.0833758
0.0833758
0.0833758
0.0833758
0.0833758
0.0833758
0.0833758
0.0833758
0.0833758
0.0833758
0.0833758
0.0833758
0.0833758
0.0833758
0.0833758
0.0833758
0.0833758
0.0833758
0.0833758
0.0833758
0.0833758
0.0833758
0.0839318
0.0839318
0.0839318
0.0839318
0.0839318
0.0839318
0.0839318
0.0839318
0.0839318
0.0839318
0.0839318
0.0839318
0.0839318
0.0799446
0.0833758
0.0833758
0.0833758
0.0833758
0.0833758
0.0833758
0.0833758
0.083691
0.0838461
0.0810673
0.0833758
0.0833758
0.0833758
0.0835843
0.0835843
0.0835843
0.0835843
0.0835843
0.0835843
0.0820888
0.0833758
0.0833758
0.0833758
0.0833758
0.0833758
0.0836233
0.0836233
0.0836233
0.0836233
0.0825924
0.0833758
0.0833758
0.0833758
0.0836053
0.0836053
0.0836053
0.0836053
0.0836053
0.0838391
0.0828425
0.0833758
0.0833758
0.0833758
0.0833758
0.0833758
0.0833758
0.0833758
0.0833758
0.0833758
0.0833758
0.0833758
0.0833758
0.0833758
0.0833758
0.0833758
0.0833758
0.0833758
0.0833758
0.0833758
0.0833758
0.0833758
0.0835593
0.0835593
0.0835593
0.0835593
0.0835593
0.0835593
0.0835593
0.0835593
0.0835593
0.0835593
0.0835593
0.0835593
0.0835593
0.0835593
0.0835593
0.0835593
0.0835593


0.0111871
0.0119579
0.0127028
0.012706
0.0130292
0.0131239
0.0137665
0.013802
0.0140254
0.0154317
0.0154317
0.0154343
0.0154943
0.0155599
0.0159859
0.0167401
0.0169957
0.0171249
0.0171497
0.0172733
0.0178931
0.0178733
0.0179151
0.0179151
0.018324
0.0188605
0.0192566
0.0194136
0.0201343
0.0201431
0.0202437
0.0203506
0.0206127
0.0213391
0.0225346
0.0235713
0.0248014
0.0248456
0.0248456
0.025508
0.0288431
0.0296508
0.0297753
0.0305412
0.0307983
0.0323662
0.0362248
0.0375982
0.0384524
0.0384524
0.038664
0.0377163
0.0422885
0.0453724
0.0453766
0.0527503
0.0561499
0.0561499
0.0627938
0.0636682
0.0659665
0.0673821
0.0673888
0.0705619
0.0705619
0.0733559
0.0733559
0.0809618
0.0809618
0.0828115
0.0849688
0.0907317
0.0907317
0.0908438
0.0930411
0.0944454
0.0944454
0.0944454
0.0954129
0.0954132
0.100715
0.100714
0.101923
0.104438
0.104438
0.104438
0.107272
0.107273
0.107604
0.107604
0.107604
0.107603
0.108736
0.108736
0.108736
0.108912
0.109233
0.109976
0.109976
0.110543
0.110743
0.110742
0.110742
0.111336
0.111336
0.111338
0.11175
0.111755
0.111788
0.112002
0.112444
0.110077
0.112304
0.112304
0.112356
0.112608
0.112699
0.11276
0.11276
0.11276
0.11276
0.112803
0.112869
0.112869
0.11287
0.11287
0.11293
0.112942
0.112942
0.112945
0.112952
0.112957
0.113017
0.113017
0.113021
0.113023
0.113028
0.113151
0.113151
0.113152
0.113158
0.112499
0.112991
0.112993
0.112993
0.112993
0.112994
0.113004
0.113008
0.11301
0.113214
0.110575
0.113011
0.113013
0.113013
0.113013
0.113081
0.113082
0.113084
0.113084
0.113255
0.113255
0.113413
0.113413
0.113414
0.113415
0.113415
0.113416
0.113416
0.113416
0.113416
0.113318
0.113452
0.113461
0.113462
0.113462
0.113462
0.113485
0.113485
0.113485
0.113485
0.113485
0.113485
0.113489
0.113489
0.113491
0.113491
0.113491
0.113491
0.113491
0.113491
0.113491
0.113491
0.113491
0.113491
0.113491
0.113492
0.113492
0.113492
0.113492
0.113492
0.113492
0.113492
0.113492
0.113492
0.113492
0.113492
0.113492
0.113492
0.113492
0.11357
0.113616
0.11364
0.113655
0.113655
0.113656
0.113656
0.113656
0.113656
0.113656
0.113657
0.113657
0.113657
0.113657
0.113657
0.113657
0.113657
0.113657
0.113657
0.113657
0.113657
0.113657
0.113657
0.113657
0.113657
0.113657
0.113657
0.113657
0.113657
0.113657
0.113657
0.113657
0.113657
0.113657
0.113658
0.113658
0.113658
0.113658
0.113658
0.113658
0.113658
0.113658
0.113658
0.113658
0.113658
0.113658
0.113658
0.113658
0.113658
0.113658
0.113658
0.113658
0.113658
0.113658
0.113658
0.113658
0.113658
0.113658
0.113658
0.113658
0.113658
0.113658
0.113658
0.113658
0.113658
0.113658
0.113658
0.113658
0.113658
0.113658
0.113658
0.113658
0.113658
0.113658
0.113658
0.113658
0.113658
0.113658
0.113658
0.113658
0.113658
0.113658
0.113658
0.113658
0.113658
0.113658
0.113658
0.113658
0.113658
0.113658
0.113658
0.113658
0.113658
0.113658
0.113658
0.113658
0.113658
0.113658
0.113658
0.113658
0.113658
0.113658
0.113658
0.113658
0.113658
0.113658
0.113658
0.113658
0.113982
0.113983
0.113986
0.113987
0.113987
0.113987
0.113987
0.113987
0.113987
0.113987
0.113987
0.113988
0.113988
0.113988
0.113988
0.113988
0.113988
0.113988
0.113988
0.113988
0.113988
0.113988
0.113988
0.113988
0.11399
0.11399
0.11399
0.11399
0.11399
0.11399
0.11399
0.11399
0.114009
0.114006
0.114009
0.114009
0.114009
0.114009
0.114009
0.11401
0.114011
0.114011
0.114011
0.114011
0.114011
0.114011
0.114011
0.114011
0.114011
0.114011
0.114011
0.114011
0.114011
0.114092
0.11411
0.11411
0.114114
0.114114
0.114117
0.114117
0.114117
0.114119
0.11412
0.114121
0.114122
0.114123
0.114123
0.114123
0.114124
0.114124
0.114124
0.114124
0.114127
0.114129
0.114129
0.114144
0.114151
0.114153
0.114153
0.114153
0.114153
0.114153
0.114155
0.114154
0.114155
0.114155
0.114156
0.114156
0.114156
0.114156
0.114157
0.114158
0.114158
0.114158
0.114158
0.11416
0.114162
0.114168
0.114173
0.114173
0.114174
0.114174
0.114175
0.114175
0.114176
0.114177
0.114177
0.114177
0.114177
0.114178
0.114848
0.114848
0.114848
0.114838
0.114838
0.114838
0.114838
0.114838
0.114838
0.114838
0.114838
0.114838
0.114843
0.114846
0.114847
0.114858
0.114867
0.114867
0.114869
0.114869
0.114869
0.114872
0.114872
0.114875
0.11488
0.11554
0.11554
0.115676
0.115676
0.115676
0.115676
0.115676
0.115676
0.115676
0.115716
0.115716
0.115717
0.115717
0.115721
0.115724
0.115724
0.115724
0.115724
0.121996
0.122861
0.129383
0.145634
0.145634
0.145634
0.150034
0.150034
0.152467
0.152467
0.151443
0.152946
0.153288
0.155116
0.189785
0.189785
0.207505
0.216233
0.229461
0.229461
0.277595
0.277595
0.284551
0.306769
0.316373
0.328577
0.328577
0.328577
0.329345


0.00897064
0.00913922
0.00931817
0.0103683
0.0103683
0.0105566
0.011267
0.011267
0.011267
0.011267
0.011267
0.0115966
0.0117176
0.0117176
0.0118514
0.012354
0.0125547
0.013029
0.013029
0.013029
0.013029
0.0131448
0.0131448
0.0131467
0.0133649
0.0134121
0.0134121
0.0136616
0.0136616
0.014094
0.014094
0.0142424
0.0142424
0.014564
0.0147281
0.0151367
0.0151367
0.0154114
0.0158646
0.0162952
0.0162973
0.0162973
0.0164653
0.0173315
0.0177082
0.0180791
0.0191543
0.0193794
0.0194367
0.0194367
0.019616
0.0216209
0.0220931
0.0235882
0.027204
0.031858
0.0340781
0.0351077
0.0385146
0.0386752
0.0453733
0.0438396
0.0461163
0.0468171
0.0525216
0.0563348
0.0595645
0.0619043
0.0709999
0.0721924
0.0733877
0.0797002
0.0869537
0.0879028
0.0890767
0.0976047
0.102097
0.113069
0.113687
0.114949
0.117271
0.1176
0.129067
0.12989
0.132221
0.134062
0.141329
0.141833
0.142437
0.149538
0.152432
0.150271
0.166232
0.169861
0.170778
0.179343
0.179449
0.17957
0.184785
0.190479
0.197088
0.197088
0.198275
0.198275
0.201725
0.202018
0.204935
0.209614
0.209761
0.213058
0.213058
0.213148
0.21661
0.219046
0.219787
0.219848
0.219865
0.220782
0.220782
0.220837
0.222254
0.222296
0.222296
0.22235
0.222999
0.223214
0.223214
0.223845
0.223985
0.224138
0.224769
0.224897
0.224899
0.22509
0.225166
0.225359
0.225633
0.22599
0.225991
0.225992
0.226023
0.226339
0.226341
0.226432
0.226433
0.226433
0.22645
0.226548
0.226666
0.226667
0.226668
0.22674
0.22674
0.226807
0.226814
0.226827
0.232343
0.247852
0.274913
0.284116
0.284117
0.291258
0.291259
0.291259
0.291259
0.291259
0.302415
0.302415
0.305417
0.305417
0.308163
0.313898
0.322013
0.337451
0.356452
0.356452
0.356452
0.362592
0.362593
0.362593
0.37137
0.37137
0.374966
0.375515
0.385617
0.394988
0.394988
0.404646
0.407071
0.407878
0.410183
0.413797
0.413797
0.420054
0.420054
0.423878
0.423878
0.423878
0.427125
0.427125
0.428986
0.429024
0.430432
0.431109
0.431109
0.432735
0.433044
0.436664
0.436664
0.437503
0.44543
0.462507
0.462629
0.463752
0.465462
0.465462
0.477543
0.477734
0.484951
0.486046
0.488675
0.490305
0.494306
0.494306
0.501981
0.523741
0.52414
0.52458
0.52458
0.524672
0.52669
0.526513
0.528022
0.528739
0.528739
0.532463
0.533883
0.538673
0.538673
0.538673
0.539356
0.539492
0.544857
0.547792
0.547792
0.550536
0.550536
0.553791
0.553791
0.554997
0.555228
0.556743
0.556794
0.556855
0.556879
0.55717
0.559549
0.559549
0.559666
0.560406
0.560423
0.562984
0.562984
0.563982
0.56399
0.564095
0.564688
0.564722
0.564964
0.56498
0.56538
0.565372
0.565512
0.565638
0.565638
0.565638
0.565844
0.565884
0.566181
0.566279
0.566331
0.566329
0.56641
0.566427
0.566528
0.566554
0.566699
0.566699
0.566711
0.566711
0.56677
0.56677
0.566909
0.56691
0.56691
0.566936
0.566985
0.566997
0.567058
0.567058
0.567081
0.567081
0.567093
0.567121
0.567145
0.567145
0.567147
0.567156
0.567164
0.567196
0.567212
0.567212
0.567217
0.567217
0.567225
0.56725
0.567258
0.567264
0.567279
0.567288
0.567288
0.567294
0.567294
0.567294
0.567301
0.567303
0.567306
0.567306
0.56731
0.567316
0.567318
0.567321
0.567321
0.567325
0.567331
0.567331
0.567331
0.567331
0.567334
0.567334
0.567334
0.567335
0.567338
0.56734
0.56734
0.567341
0.567342
0.567343
0.567343
0.567344
0.567344
0.567345
0.567345
0.567345
0.567346
0.567346
0.567346
0.567346
0.567347
0.567347
0.567347
0.567347
0.567347
0.567347
0.567347
0.567347
0.567347
0.567347
0.567347
0.567347
0.567347
0.567347
0.567347
0.567347
0.567347
0.567347
0.567347
0.567347
0.567347
0.567347
0.567347
0.567347
0.567347
0.567347
0.567347
0.567347
0.567347
0.567347
0.567347
0.567347
0.567347
0.567347
0.567347
0.567347
0.567347
0.567347
0.567347
0.567347
0.567347
0.567347
0.567347
0.567347
0.567347
0.567347
0.567347
0.567347
0.567347
0.567347
0.567347
0.567347
0.567347
0.567347
0.567347
0.567347
0.567347
0.567347
0.567347
0.567347
0.567347
0.567347
0.567347
0.567347
0.567347
0.567347
0.567347
0.567347
0.567347
0.567347
0.567347
0.567347
0.567347
0.567347
0.567347
0.567347
0.567347
0.567347
0.567347
0.567347
0.567347
0.567347
0.567347
0.567347
0.567347
0.567347
0.567347
0.567347
0.567347
0.567347
0.567347
0.567347
0.567347
0.567347
0.567347
0.567347
0.567347
0.567347
0.567347
0.567347
0.567347
0.567347
0.567347
0.567347
0.567347
0.567347
0.567347
0.567347
0.567347
0.567347
0.567347
0.567347
0.567347
0.567347
0.567347
0.567347
0.567347
0.567347
0.567347
0.567347
0.567347
0.567347
0.567347
0.567347
0.567347
0.567347
0.567347
0.567347
0.567347
0.567347
0.567347
0.567347
0.567347
0.567347
0.567347
0.567347
0.567347
0.567347
0.567347
0.567347
0.567347
0.567347


0.00881753
0.0091104
0.00977586
0.00993625
0.0101893
0.010522
0.0109615
0.0110217
0.0112067
0.0112067
0.0112069
0.0114044
0.0117111
0.0117111
0.0117257
0.011975
0.0121719
0.0123023
0.0127032
0.0131179
0.0134424
0.0136944
0.0137629
0.0149584
0.0149584
0.016596
0.01753
0.0183609
0.0183609
0.0205272
0.0210873
0.0214764
0.0219105
0.0226199
0.026548
0.0284555
0.0284555
0.0301925
0.031364
0.0338164
0.0471429
0.0451271
0.0503756
0.0521461
0.0578109
0.0578109
0.068319
0.0696733
0.0728212
0.0728212
0.0804177
0.0900147
0.0901323
0.0991138
0.100454
0.11103
0.129151
0.177956
0.179299
0.179299
0.187563
0.181812
0.188736
0.219746
0.241404
0.246512
0.247748
0.265042
0.265402
0.268465
0.28382
0.320316
0.342866
0.343121
0.345856
0.365315
0.371556
0.372474
0.382744
0.387456
0.427751
0.43505
0.46931
0.472736
0.485288
0.497393
0.497393
0.499915
0.510539
0.510615
0.519457
0.519134
0.52305
0.52307
0.523344
0.530084
0.534955
0.536396
0.537566
0.537566
0.54224
0.541716
0.541819
0.542661
0.543721
0.544231
0.545731
0.545736
0.545736
0.546651
0.548162
0.548447
0.548453
0.548456
0.549502
0.549502
0.550088
0.55009
0.550232
0.550233
0.550363
0.550377
0.550428
0.550428
0.550524
0.550547
0.550788
0.55079
0.550827
0.550907
0.550907
0.55104
0.55106
0.551113
0.551113
0.551113
0.551137
0.551137
0.551228
0.551228
0.551246
0.553282
0.553301
0.555952
0.561412
0.564539
0.590808
0.590813
0.59131
0.591311
0.600305
0.60338
0.60574
0.605751
0.614496
0.614496
0.614496
0.630966
0.6316
0.631603
0.649456
0.651643
0.653752
0.684477
0.684568
0.707992
0.719809
0.72315
0.725656
0.725659
0.732164
0.732165
0.752473
0.75463
0.75463
0.754631
0.759445
0.761365
0.775474
0.775474
0.776465
0.776465
0.776466
0.778251
0.779019
0.779317
0.779961
0.779961
0.780488
0.785451
0.785451
0.785133
0.787154
0.787629
0.787629
0.791661
0.791662
0.791662
0.791881
0.792541
0.792542
0.793662
0.794351
0.79464
0.79566
0.79566
0.795849
0.796671
0.796671
0.796899
0.796926
0.797256
0.797278
0.797591
0.797591
0.797591
0.797842
0.797842
0.798172
0.798271
0.798328
0.798328
0.798439
0.798448
0.798458
0.798506
0.798506
0.798603
0.798603
0.798603
0.79862
0.79862
0.798708
0.798781
0.798781
0.798781
0.798838
0.798838
0.798838
0.79884
0.798845
0.798837
0.798837
0.79884
0.798851
0.79886
0.79886
0.798868
0.798868
0.79887
0.79887
0.798875
0.798875
0.798879
0.798879
0.79888
0.79888
0.798885
0.79889
0.798891
0.798891
0.798895
0.798897
0.798897
0.798897
0.798903
0.798903
0.798905
0.798905
0.798909
0.798909
0.798909
0.79891
0.79891
0.798912
0.798912
0.798912
0.798913
0.798913
0.798913
0.798913
0.798914
0.798914
0.798915
0.798915
0.798915
0.798915
0.798915
0.798915
0.798915
0.798915
0.798916
0.798916
0.798917
0.798917
0.798917
0.798917
0.798917
0.798917
0.798918
0.798918
0.798918
0.798918
0.798918
0.798918
0.798918
0.798918
0.798918
0.798918
0.798918
0.798918
0.798919
0.798919
0.798919
0.798919
0.798919
0.798919
0.798919
0.798919
0.798919
0.798919
0.798919
0.798919
0.798919
0.798919
0.798919
0.798919
0.798919
0.798919
0.798919
0.798919
0.798919
0.798919
0.798919
0.798919
0.798919
0.798919
0.798919
0.798919
0.798919
0.798919
0.798919
0.798919
0.798919
0.798919
0.798919
0.798919
0.798919
0.798919
0.798919
0.798919
0.798919
0.798919
0.798919
0.798919
0.79892
0.79892
0.79892
0.79892
0.79892
0.79892
0.79892
0.79892
0.79892
0.79892
0.79892
0.79892
0.79892
0.79892
0.79892
0.79892
0.79892
0.79892
0.79892
0.79892
0.79892
0.79892
0.79892
0.79892
0.79892
0.79892
0.798851
0.79892
0.79892
0.79892
0.79892
0.79892
0.79892
0.79892
0.79892
0.79892
0.79892
0.79892
0.79892
0.79892
0.79892
0.79892
0.79892
0.79892
0.79892
0.79892
0.79892
0.79892
0.79892
0.79892
0.79892
0.79892
0.79892
0.79892
0.79892
0.79892
0.79892
0.79892
0.79892
0.79892
0.79892
0.79892
0.79892
0.79892
0.79892
0.79892
0.79892
0.79892
0.79892
0.79892
0.79892
0.79892
0.79892
0.79892
0.79892
0.79892
0.79892
0.79892
0.79892
0.79892
0.79892
0.79892
0.79892
0.79892
0.79892
0.79892
0.303342
0.79892
0.79892
0.79892
0.79892
0.79892
0.79892
0.79892
0.79892
0.79892
0.79892
0.79892
0.79892
0.79892
0.79892
0.79892
0.79892
0.79892
0.79892
0.79892
0.79892
0.79892
0.79892
0.79892
0.79892
0.79892
0.79892
0.79892
0.79892
0.79892
0.777254
0.79892
0.79892
0.79892
0.79892
0.79892
0.79892
0.79892
0.79892
0.79892
0.79892
0.79892
0.79892
0.79892
0.79892
0.79892
0.79892
0.79892
0.79892
0.79892
0.79892
0.79892
0.79892
0.807028
0.807028
0.807028
0.807028
0.824526
0.824526


0.0104992
0.0107576
0.0110663
0.0111378
0.0114769
0.0117015
0.0119747
0.0124369
0.0126516
0.0130918
0.0130943
0.0141164
0.0141164
0.0141227
0.0144478
0.014815
0.0148549
0.0152782
0.0160353
0.0162857
0.0163574
0.0174523
0.0178131
0.018524
0.018968
0.0190515
0.020017
0.020633
0.0227047
0.0241316
0.0241917
0.0256681
0.0257436
0.0271987
0.0305617
0.0306043
0.0318878
0.0335815
0.0335965
0.0338801
0.036052
0.0404564
0.046409
0.0574329
0.0594999
0.074537
0.0792168
0.0860253
0.0893201
0.0955292
0.100626
0.101718
0.110224
0.113115
0.121607
0.122228
0.141087
0.150461
0.155455
0.171357
0.171357
0.201715
0.21865
0.22016
0.239124
0.2426
0.243305
0.263308
0.279885
0.325371
0.33291
0.321582
0.342893
0.365792
0.409565
0.442039
0.442039
0.487358
0.499061
0.510885
0.530854
0.538405
0.565461
0.565963
0.60478
0.60478
0.617405
0.623883
0.625739
0.632023
0.635552
0.653608
0.674778
0.68098
0.689939
0.694366
0.700656
0.705271
0.705776
0.712202
0.71911
0.727336
0.733126
0.739919
0.740974
0.740974
0.741577
0.747926
0.752596
0.752596
0.752596
0.754511
0.754554
0.756611
0.757019
0.757019
0.757616
0.757823
0.757996
0.759231
0.759802
0.760415
0.760454
0.760893
0.761197
0.76164
0.761689
0.761689
0.761945
0.761994
0.762006
0.762479
0.762589
0.762811
0.762938
0.763064
0.763173
0.763255
0.763381
0.763399
0.763437
0.763473
0.763473
0.763532
0.763576
0.763659
0.763659
0.763667
0.763714
0.763753
0.763765
0.763773
0.7638
0.763827
0.763856
0.76387
0.76387
0.763876
0.763891
0.763949
0.763961
0.763965
0.763968
0.763968
0.76399
0.764011
0.764013
0.764018
0.764019
0.764023
0.764029
0.764032
0.764036
0.764036
0.764037
0.76404
0.76404
0.764042
0.764044
0.764044
0.764044
0.764047
0.764047
0.764048
0.764048
0.764048
0.764049
0.76405
0.764052
0.764052
0.764052
0.764053
0.764053
0.764054
0.764054
0.764054
0.764054
0.764054
0.764055
0.764055
0.764055
0.764055
0.764056
0.764056
0.764056
0.764056
0.764056
0.764056
0.764056
0.764056
0.764057
0.764057
0.764057
0.764057
0.764057
0.764057
0.764057
0.764057
0.764057
0.764057
0.764057
0.764057
0.764057
0.764057
0.764057
0.764057
0.764057
0.764057
0.764057
0.764057
0.764057
0.764057
0.764057
0.764057
0.764057
0.764057
0.764057
0.764057
0.764057
0.764057
0.764057
0.764057
0.764057
0.764057
0.764057
0.764057
0.764057
0.764057
0.764057
0.764057
0.764057
0.764057
0.764057
0.764057
0.764057
0.764057
0.764057
0.764057
0.764057
0.764057
0.764057
0.764057
0.764057
0.764057
0.764057
0.764057
0.764057
0.764057
0.764057
0.764057
0.764057
0.764057
0.764057
0.764057
0.764057
0.764057
0.764057
0.764057
0.764057
0.764057
0.764057
0.764057
0.764057
0.764057
0.764057
0.764057
0.764057
0.764057
0.764057
0.764057
0.764057
0.764057
0.764057
0.764057
0.764057
0.764057
0.764057
0.764057
0.764057
0.764057
0.764057
0.764057
0.764057
0.764057
0.764057
0.764057
0.764057
0.764057
0.764057
0.764057
0.764057
0.764057
0.764057
0.764057
0.764057
0.764057
0.764057
0.764057
0.764057
0.764057
0.764057
0.764057
0.764057
0.764057
0.764057
0.764057
0.764057
0.764057
0.764057
0.764057
0.764057
0.764057
0.764057
0.764057
0.764057
0.764057
0.764057
0.764057
0.764057
0.764057
0.764057
0.764057
0.764057
0.764057
0.764057
0.764057
0.764057
0.764057
0.764057
0.764057
0.764057
0.764057
0.764057
0.764057
0.764057
0.764057
0.764057
0.764057
0.764057
0.764057
0.764057
0.764057
0.764057
0.768922
0.768922
0.792532
0.836977
0.836977
0.841374
0.841374
0.850226
0.850226
0.850226
0.863829
0.863829
0.863829
0.864855
0.869599
0.889597
0.896452
0.89797
0.897033
0.909758
0.910933
0.941853
0.941853
0.941853
0.941853
0.942204
0.946741
0.94909
0.948646
0.950648
0.960457
0.963252
0.966032
0.967092
0.967251
0.967251
0.971803
0.972625
0.974216
0.978405
0.978405
0.980765
0.981526
0.981526
0.982792
0.983987
0.983987
0.983987
0.986729
0.986729
0.988045
0.988045
0.989829
0.989829
0.992424
0.992424
0.992424
0.992483
0.992375
0.992406
0.992732
0.992732
0.992764
0.992764
0.992764
0.992792
0.992792
0.993659
0.994252
0.994268
0.99436
0.99436
0.99436
0.994408
0.994493
0.994537
0.994705
0.994934
0.995294
0.995459
0.995577
0.995647
0.995704
0.995796
0.99764
0.997895
0.997895
0.998067
0.997847
0.998285
0.998285
0.998412
0.998571
0.998615
0.998922
0.999168
0.999259
0.999314
0.999292
0.999454
0.999454
0.999539
0.999569
0.999569
0.999611
0.999611
0.999656
0.999656
0.999662
0.99969
0.99969
0.999782
0.999801
0.999817
0.999823
0.999823
0.99986
0.999876
0.999896
0.999909
0.999909
0.999918
0.999918
0.999943
0.999943
0.999943
0.999949
0.999958
0.999958
0.999958
0.999963
0.999967
0.999967
0.999971
0.999971
0.999972
0.999975


0.00988014
0.0104509
0.011043
0.011043
0.0120518
0.0122681
0.0127057
0.0127057
0.0135295
0.0141019
0.0146975
0.0140671
0.0143667
0.0145071
0.0147081
0.014829
0.0149026
0.0152824
0.0156033
0.0156921
0.0159056
0.015365
0.0157765
0.0158305
0.0161244
0.0164076
0.0164347
0.016447
0.0167871
0.0168751
0.0169112
0.0169129
0.0171601
0.0181217
0.0187632
0.0187987
0.0197484
0.0197697
0.0207009
0.0212571
0.0212571
0.0267451
0.0271481
0.0272776
0.0272776
0.0272776
0.0294074
0.0312704
0.0320247
0.0328812
0.0328812
0.0325051
0.0362305
0.0386197
0.0386996
0.0403521
0.041437
0.041437
0.0515799
0.0539014
0.0567013
0.0585863
0.061412
0.0614939
0.0644646
0.0679767
0.0713014
0.0713014
0.0859906
0.0862243
0.0862243
0.0836273
0.0836273
0.0885688
0.095574
0.100731
0.111894
0.113297
0.117615
0.117615
0.122711
0.125495
0.150113
0.150171
0.150277
0.16906
0.17396
0.210276
0.210276
0.215665
0.22546
0.239913
0.239921
0.258582
0.258582
0.25897
0.263073
0.263073
0.268741
0.282547
0.282547
0.286417
0.313923
0.315502
0.315502
0.315609
0.315609
0.325075
0.325075
0.332782
0.334466
0.334466
0.337815
0.337815
0.344499
0.344499
0.346928
0.346928
0.349351
0.353883
0.353883
0.354937
0.355429
0.357561
0.357561
0.358156
0.365089
0.365748
0.365748
0.36768
0.368923
0.369925
0.369925
0.369925
0.369925
0.370006
0.370006
0.370266
0.370266
0.371175
0.371273
0.363235
0.363418
0.363623
0.363877
0.363877
0.36429
0.364485
0.364494
0.364494
0.364509
0.364588
0.364867
0.365019
0.365062
0.365062
0.365276
0.365366
0.365366
0.365908
0.36607
0.36607
0.36607
0.366121
0.366138
0.366138
0.366203
0.366258
0.366287
0.366287
0.366881
0.36687
0.36691
0.367098
0.367167
0.367915
0.367915
0.368021
0.368053
0.368053
0.368063
0.368083
0.368083
0.368097
0.368104
0.368108
0.368118
0.368118
0.368119
0.368122
0.368122
0.367626
0.367637
0.367637
0.367638
0.367638
0.368158
0.368158
0.368158
0.368158
0.36816
0.368163
0.368165
0.368165
0.368167
0.368167
0.368167
0.368168
0.368169
0.368169
0.368169
0.367651
0.367651
0.367651
0.367652
0.367652
0.367652
0.367653
0.367653
0.367653
0.367653
0.367653
0.367654
0.367655
0.367655
0.367655
0.367655
0.367655
0.367655
0.367655
0.367655
0.367655
0.367655
0.367655
0.367655
0.367655
0.367655
0.367655
0.367655
0.367655
0.367655
0.367655
0.367655
0.367655
0.367656
0.367656
0.367656
0.367656
0.367656
0.367656
0.367656
0.367656
0.367656
0.367656
0.367656
0.367656
0.367656
0.367656
0.367656
0.367656
0.367656
0.367656
0.367656
0.367656
0.367656
0.367656
0.367656
0.367656
0.367656
0.367656
0.367656
0.367656
0.367656
0.367656
0.367656
0.367656
0.367656
0.367656
0.367656
0.367656
0.367697
0.366252
0.367656
0.367656
0.367656
0.367656
0.367656
0.367656
0.367797
0.367797
0.367797
0.367656
0.367656
0.367656
0.367656
0.367656
0.367656
0.367656
0.367656
0.367656
0.367656
0.367656
0.367656
0.367656
0.367656
0.367656
0.367656
0.367656
0.367656
0.367656
0.367935
0.367935
0.367935
0.367935
0.367935
0.367935
0.367935
0.367935
0.367935
0.367935
0.367935
0.367656
0.367656
0.367656
0.367656
0.367656
0.367656
0.367656
0.367656
0.367656
0.367656
0.367981
0.367981
0.367981
0.367981
0.367981
0.367981
0.367981
0.367981
0.367981
0.367981
0.367656
0.367656
0.367656
0.367656
0.367656
0.367656
0.367656
0.367656
0.367656
0.367656
0.367656
0.368665
0.368665
0.368665
0.368665
0.368665
0.368665
0.368665
0.368665
0.368665
0.367656
0.367656
0.367656
0.367768
0.367768
0.367768
0.367768
0.367768
0.367768
0.367768
0.367656
0.367656
0.368436
0.368436
0.368436
0.368436
0.368436
0.368436
0.368436
0.368436
0.367656
0.367656
0.367875
0.367875
0.367875
0.367875
0.367875
0.367875
0.367875
0.367875
0.367875
0.367875
0.367875
0.367875
0.367875
0.367875
0.367875
0.367875
0.367875
0.367875
0.367656
0.367656
0.367656
0.367656
0.367656
0.367656
0.367656
0.368737
0.368737
0.368737
0.367656
0.367656
0.367656
0.367656
0.367656
0.367656
0.367656
0.367656
0.367656
0.367656
0.368136
0.368308
0.368308
0.368308
0.368308
0.368323
0.368323
0.368323
0.368323
0.368323
0.367656
0.367656
0.367656
0.367656
0.367656
0.367656
0.367656
0.367656
0.367656
0.367656
0.367656
0.367656
0.367827
0.369016
0.369016
0.369016
0.369016
0.369016
0.369016
0.369016
0.367656
0.367656
0.369441
0.369441
0.369441
0.369441
0.369441
0.369441
0.369441
0.369441
0.367656
0.367656
0.367656
0.368819
0.368819
0.368819
0.368819
0.368819
0.368819
0.368819
0.369243
0.369243
0.369243
0.369243
0.36981
0.36981
0.36981
0.36981
0.36981
0.36981
0.369783
0.369797
0.369825
0.369837
0.369843
0.369845
0.369846
0.369846
0.369846
0.369846
0.369846
0.369846
0.369846
0.369846
0.369846
0.369846
0.369846
0.369846
0.369846


0.00950725
0.00963555
0.00963555
0.0104085
0.0110099
0.0113877
0.0113877
0.011606
0.0118598
0.0118598
0.0118598
0.0123028
0.0128325
0.0128769
0.0128769
0.0129652
0.0130238
0.0131896
0.0135358
0.0135867
0.0143067
0.0143067
0.0143074
0.0143074
0.0153221
0.0153221
0.0153221
0.0157308
0.0162563
0.0170604
0.0173846
0.0197061
0.0206917
0.0219742
0.0240001
0.024525
0.0260684
0.0279068
0.0295233
0.0296471
0.0353288
0.0312472
0.0365644
0.0365967
0.0409626
0.0409626
0.0461065
0.0486615
0.0494844
0.0513338
0.0524068
0.0524068
0.0655847
0.0712562
0.0712562
0.0763243
0.0777419
0.0816912
0.0845595
0.107237
0.112611
0.116628
0.125279
0.125279
0.133396
0.145381
0.15435
0.156893
0.164272
0.177741
0.186317
0.215821
0.215821
0.218848
0.23909
0.245424
0.245424
0.253247
0.257572
0.267797
0.271542
0.279948
0.288581
0.291693
0.29203
0.304545
0.30469
0.30469
0.311066
0.313057
0.320361
0.325648
0.32807
0.339604
0.350158
0.350404
0.354409
0.354541
0.356745
0.362984
0.366277
0.371456
0.371852
0.372884
0.373102
0.379668
0.383291
0.383305
0.384686
0.384805
0.38604
0.387803
0.38876
0.389715
0.389958
0.389986
0.390428
0.390696
0.390892
0.391341
0.391928
0.393072
0.393274
0.393622
0.39382
0.393823
0.393897
0.394313
0.394603
0.394613
0.39469
0.394738
0.394942
0.395103
0.395371
0.395373
0.395377
0.395426
0.395458
0.395461
0.395477
0.395479
0.395542
0.395542
0.395544
0.395567
0.395572
0.39559
0.395591
0.395594
0.395609
0.395609
0.395612
0.395618
0.39565
0.39565
0.39565
0.395653
0.395684
0.39569
0.39569
0.395693
0.395693
0.395693
0.395701
0.395701
0.395702
0.395703
0.395707
0.39571
0.395715
0.395718
0.39573
0.395731
0.395733
0.395733
0.395733
0.395735
0.395735
0.395735
0.395737
0.395738
0.395738
0.395738
0.395738
0.395738
0.395739
0.395739
0.39574
0.39574
0.39574
0.395741
0.395741
0.395741
0.395741
0.395741
0.395742
0.395742
0.395742
0.395742
0.395742
0.395742
0.395742
0.395742
0.395742
0.395742
0.395742
0.395742
0.395742
0.395742
0.395742
0.395743
0.395743
0.395743
0.395743
0.395743
0.395743
0.395743
0.395743
0.395743
0.395743
0.395743
0.395743
0.395743
0.395743
0.395743
0.395743
0.395743
0.395743
0.395743
0.395743
0.395743
0.395743
0.395743
0.395743
0.395743
0.395743
0.395743
0.395743
0.395743
0.395743
0.395743
0.395743
0.395743
0.395743
0.395743
0.395743
0.395743
0.395743
0.395743
0.395743
0.395743
0.395743
0.395743
0.395743
0.395743
0.395743
0.395743
0.395743
0.395743
0.395743
0.395743
0.395743
0.395743
0.395743
0.395743
0.395743
0.395743
0.395743
0.395743
0.395743
0.395743
0.395743
0.395743
0.395743
0.395743
0.395743
0.395743
0.395743
0.395743
0.395743
0.395743
0.395743
0.395743
0.395743
0.395743
0.395743
0.395743
0.395743
0.395743
0.395743
0.395743
0.395743
0.395743
0.395743
0.395743
0.395743
0.395743
0.395743
0.395743
0.395743
0.395743
0.395743
0.395743
0.395743
0.395743
0.395743
0.395743
0.395743
0.395743
0.395743
0.395743
0.395743
0.395743
0.395743
0.395743
0.395743
0.395743
0.395743
0.395743
0.395743
0.395743
0.395743
0.395743
0.395743
0.395743
0.395743
0.395743
0.395743
0.395743
0.395743
0.395743
0.395743
0.395743
0.395743
0.395743
0.395743
0.395743
0.395743
0.395743
0.395743
0.395743
0.395743
0.395743
0.395743
0.395743
0.395743
0.395743
0.395743
0.395743
0.395743
0.395501
0.395743
0.395743
0.395743
0.395743
0.395743
0.395743
0.395743
0.395743
0.395743
0.395743
0.395743
0.395743
0.395743
0.395743
0.395743
0.395743
0.395743
0.395743
0.395743
0.395743
0.395743
0.395743
0.395743
0.395743
0.395743
0.395743
0.395743
0.395743
0.395743
0.393057
0.395742
0.395743
0.395743
0.395743
0.395743
0.395743
0.395743
0.395743
0.395743
0.395743
0.395743
0.395743
0.395743
0.395743
0.395743
0.395743
0.395743
0.395743
0.395743
0.395743
0.395743
0.395743
0.395743
0.395743
0.395743
0.395743
0.395743
0.395743
0.395743
0.395212
0.395743
0.395743
0.395743
0.395743
0.395743
0.395743
0.395743
0.395743
0.395743
0.395743
0.395743
0.395743
0.395743
0.395743
0.395743
0.395743
0.395743
0.395743
0.395743
0.395743
0.395743
0.395743
0.395743
0.395743
0.395743
0.395743
0.395743
0.395743
0.395743
0.395743
0.395743
0.395743
0.395743
0.395743
0.395743
0.395743
0.395743
0.395743
0.395743
0.395743
0.395743
0.395743
0.395743
0.395743
0.395743
0.395743
0.395743
0.395743
0.395743
0.395743
0.395743
0.395743
0.395743
0.395743
0.395743
0.395743
0.395743
0.395743
0.395743
0.395743
0.395743
0.395743
0.395743
0.395743
0.395743
0.395743
0.395743
0.395743
0.395743
0.395743
0.395743
0.395743
0.395743
0.395743
0.395743
0.395743
0.395743
0.395743
0.395743
0.395743
0.395743
0.395743
0.395743
0.395743
0.395743
0.395743
0.395743
0.395743


0.00994014
0.00994014
0.0105483
0.0109321
0.0109321
0.0111746
0.0111746
0.011602
0.0119592
0.0120287
0.0126994
0.0139481
0.0139736
0.0142447
0.0149143
0.0149416
0.0150151
0.0150151
0.0152887
0.0154016
0.0154016
0.0154011
0.0156268
0.0156882
0.0163952
0.0168232
0.0168232
0.0168247
0.0168247
0.0174834
0.0174834
0.0204575
0.0208248
0.0212394
0.0226023
0.0229835
0.0231302
0.0237689
0.0250979
0.0251376
0.02719
0.0332483
0.0385878
0.0403646
0.0431994
0.0458328
0.0503421
0.0533107
0.0571994
0.0598313
0.061071
0.0787962
0.0787962
0.0791721
0.0870553
0.0918754
0.0949906
0.105194
0.115353
0.123143
0.130769
0.133228
0.1341
0.145803
0.157209
0.159112
0.1695
0.194525
0.200767
0.213489
0.214991
0.228174
0.23706
0.239261
0.255752
0.255752
0.279207
0.279207
0.28663
0.289609
0.295353
0.299092
0.306238
0.309822
0.313852
0.316194
0.32916
0.336255
0.336255
0.349485
0.350523
0.349787
0.353025
0.355722
0.356302
0.357703
0.358568
0.359705
0.361728
0.367308
0.36809
0.368625
0.369695
0.373087
0.375266
0.375846
0.376029
0.376029
0.376288
0.379503
0.379573
0.380084
0.380771
0.381096
0.381096
0.382631
0.382955
0.3832
0.383365
0.383368
0.384651
0.384693
0.38568
0.385688
0.385688
0.385727
0.385794
0.385866
0.386085
0.386211
0.386331
0.386424
0.386564
0.386566
0.386736
0.386861
0.386865
0.387005
0.38702
0.387152
0.387216
0.387176
0.387385
0.387406
0.387465
0.387644
0.387655
0.387675
0.387679
0.387679
0.387683
0.387709
0.387779
0.387792
0.387792
0.387841
0.387841
0.387853
0.387894
0.387911
0.387925
0.387941
0.387942
0.387942
0.387945
0.387953
0.38796
0.387965
0.387969
0.387972
0.387979
0.387983
0.387983
0.387984
0.387984
0.387989
0.387989
0.387993
0.387993
0.387995
0.387995
0.387996
0.387997
0.387998
0.388001
0.388001
0.388001
0.388001
0.388001
0.388002
0.388002
0.388002
0.388003
0.388003
0.388003
0.388003
0.388004
0.388004
0.388004
0.388004
0.388004
0.388005
0.388005
0.388005
0.388005
0.388005
0.388005
0.388005
0.388005
0.388005
0.388006
0.388006
0.388006
0.388006
0.388006
0.388006
0.388006
0.388006
0.388006
0.388006
0.388006
0.388006
0.388006
0.388006
0.388006
0.388006
0.388006
0.388006
0.388006
0.388006
0.388006
0.388006
0.388006
0.388006
0.388006
0.388006
0.388006
0.388006
0.388006
0.388006
0.388006
0.388007
0.388007
0.388007
0.388007
0.388007
0.388007
0.388007
0.388007
0.388007
0.388007
0.388007
0.388007
0.388007
0.388007
0.388007
0.388007
0.388007
0.388007
0.388007
0.388007
0.388007
0.388007
0.388007
0.388007
0.388007
0.388007
0.388007
0.388007
0.388007
0.388007
0.388007
0.388007
0.388007
0.388007
0.388007
0.388007
0.388007
0.388007
0.388007
0.388007
0.388007
0.388007
0.388007
0.388007
0.388007
0.388007
0.388007
0.388007
0.388007
0.388007
0.388007
0.388007
0.388007
0.388007
0.388007
0.388007
0.388007
0.388007
0.388007
0.388007
0.388007
0.388007
0.388007
0.388007
0.388007
0.388007
0.388007
0.388007
0.388007
0.388007
0.388007
0.388007
0.388007
0.388007
0.388007
0.388007
0.388007
0.388007
0.388007
0.388007
0.388007
0.388007
0.388007
0.388007
0.388007
0.388007
0.388007
0.388007
0.388007
0.388007
0.388007
0.388007
0.388007
0.388007
0.388007
0.388007
0.388007
0.388007
0.388007
0.388007
0.388007
0.388007
0.388007
0.388007
0.388007
0.388007
0.388007
0.388007
0.388007
0.388007
0.388007
0.388007
0.388007
0.388007
0.388007
0.388007
0.388007
0.388007
0.388007
0.388007
0.388007
0.388007
0.388007
0.388007
0.388007
0.388007
0.388007
0.388007
0.388007
0.388007
0.388007
0.388007
0.388007
0.388007
0.388007
0.388007
0.388007
0.388007
0.388007
0.388007
0.388007
0.388007
0.388007
0.388007
0.388007
0.388007
0.388007
0.388007
0.388007
0.388007
0.387068
0.388006
0.388007
0.388007
0.388007
0.388007
0.388007
0.388007
0.388007
0.388007
0.388007
0.388007
0.388007
0.388007
0.388007
0.388007
0.388007
0.388007
0.388007
0.388007
0.388007
0.388007
0.388007
0.388007
0.388007
0.388007
0.388007
0.388007
0.388007
0.388007
0.388007
0.388007
0.388007
0.388007
0.388007
0.388007
0.388007
0.388007
0.388007
0.388007
0.388007
0.388007
0.388007
0.388007
0.388007
0.388007
0.388007
0.388007
0.388007
0.388007
0.388007
0.388007
0.388007
0.388007
0.388007
0.388007
0.388007
0.388007
0.388007
0.388007
0.388007
0.388007
0.388007
0.388007
0.388007
0.388007
0.388007
0.388007
0.388007
0.388007
0.388007
0.388007
0.388007
0.388007
0.388007
0.388007
0.388007
0.388007
0.388007
0.388007
0.388007
0.388007
0.388007
0.388007
0.388007
0.388007
0.388007
0.388007
0.388007
0.388007
0.388007
0.388007
0.388007
0.388007
0.388007
0.388007
0.388007
0.388007
0.388007
0.388007
0.388007
0.388007
0.388007
0.388007
0.388007
0.388007
0.388007
0.388007
0.388007


0.00926686
0.00983376
0.00983376
0.010157
0.010157
0.0106187
0.011145
0.011145
0.0113053
0.0113676
0.0114571
0.0114837
0.011742
0.0122504
0.0123963
0.0134688
0.0135364
0.0136066
0.0143517
0.015691
0.0160264
0.0165211
0.0166931
0.0167959
0.0173081
0.0175037
0.0176814
0.0192021
0.0198081
0.0209329
0.0214548
0.0205332
0.0223057
0.0234671
0.024306
0.0243984
0.0248345
0.0254209
0.0264404
0.028678
0.0309272
0.0318878
0.0356273
0.0361199
0.0364674
0.0364852
0.0399048
0.0473784
0.0473784
0.0474804
0.0479047
0.0480227
0.0507106
0.0516181
0.0539683
0.0550895
0.05771
0.0605591
0.0642472
0.0693208
0.0735793
0.0756724
0.0770029
0.0770439
0.077414
0.0846024
0.087797
0.0901155
0.0940674
0.0944073
0.0958519
0.0974135
0.101802
0.102991
0.106833
0.106833
0.107114
0.109252
0.109803
0.110123
0.111316
0.114532
0.115366
0.115748
0.115921
0.117394
0.117394
0.117985
0.118079
0.118775
0.119955
0.120457
0.120479
0.120864
0.120872
0.121017
0.121553
0.121907
0.122063
0.122183
0.122183
0.122474
0.122614
0.122725
0.123019
0.12307
0.12315
0.12362
0.12362
0.123636
0.123784
0.123976
0.123976
0.124044
0.12408
0.124192
0.12421
0.124323
0.124333
0.124333
0.124341
0.124344
0.124349
0.124426
0.124459
0.124467
0.124493
0.124494
0.124504
0.124505
0.124514
0.124524
0.124537
0.124547
0.124552
0.124555
0.124565
0.12457
0.12458
0.124591
0.124593
0.124596
0.124596
0.124601
0.124607
0.12461
0.12461
0.12461
0.124617
0.124617
0.124618
0.124618
0.124619
0.124619
0.12462
0.124622
0.124623
0.124623
0.124623
0.124624
0.124624
0.124624
0.124625
0.124625
0.124625
0.124626
0.124626
0.124626
0.124626
0.124627
0.124627
0.124627
0.124627
0.124627
0.124627
0.124627
0.124627
0.124627
0.124627
0.124628
0.124628
0.124628
0.124628
0.124628
0.124628
0.124628
0.124628
0.124628
0.124628
0.124628
0.124628
0.124628
0.124628
0.124628
0.124628
0.124628
0.124628
0.124628
0.124628
0.124628
0.124628
0.124628
0.124628
0.124628
0.124628
0.124628
0.124628
0.124628
0.124628
0.124628
0.124628
0.124628
0.124628
0.124628
0.124628
0.124628
0.124628
0.124628
0.124628
0.124628
0.124628
0.124628
0.124628
0.124628
0.124628
0.124628
0.124628
0.124628
0.124628
0.124628
0.124628
0.124628
0.124628
0.124628
0.124628
0.124628
0.124628
0.124628
0.124628
0.124628
0.124628
0.124628
0.124628
0.124628
0.124628
0.124628
0.124628
0.124628
0.124628
0.124628
0.124628
0.124628
0.124628
0.124628
0.124628
0.124628
0.124628
0.124628
0.124628
0.124628
0.124628
0.124628
0.124628
0.124628
0.124628
0.124628
0.124628
0.124628
0.124628
0.124628
0.124628
0.124628
0.124628
0.124628
0.124628
0.124628
0.124628
0.124628
0.124628
0.124628
0.124628
0.124628
0.124628
0.124628
0.124628
0.124628
0.124628
0.124628
0.124628
0.124628
0.124628
0.124628
0.124628
0.124628
0.124628
0.124628
0.124628
0.124628
0.124628
0.124628
0.124628
0.124628
0.124628
0.124628
0.124628
0.124628
0.124628
0.124628
0.124628
0.124628
0.124628
0.124628
0.124628
0.124628
0.124628
0.124628
0.124628
0.124628
0.124628
0.124628
0.124628
0.124628
0.124628
0.124628
0.124628
0.124628
0.124628
0.124628
0.124628
0.124628
0.124628
0.124628
0.124628
0.124628
0.124628
0.124628
0.124628
0.124628
0.124628
0.124628
0.124628
0.124628
0.124628
0.124628
0.124628
0.124628
0.124628
0.124628
0.124628
0.124628
0.124628
0.124628
0.124628
0.124628
0.124628
0.124628
0.124628
0.124628
0.124628
0.124628
0.124628
0.124628
0.124628
0.124628
0.124628
0.124628
0.124628
0.124628
0.124628
0.124628
0.124628
0.124628
0.124628
0.124628
0.124628
0.124628
0.124628
0.124628
0.124628
0.124628
0.124689
0.126413
0.126413
0.129357
0.130637
0.144847
0.148926
0.156698
0.156698
0.160043
0.166473
0.172498
0.172498
0.172498
0.176648
0.179929
0.179929
0.180805
0.180805
0.183976
0.183976
0.184124
0.184124
0.184124
0.185455
0.186752
0.187377
0.196239
0.198295
0.201674
0.201674
0.201702
0.20573
0.210933
0.210933
0.210933
0.219908
0.219908
0.219908
0.219908
0.221226
0.222518
0.224266
0.225298
0.234215
0.234215
0.251294
0.267011
0.27687
0.296607
0.309687
0.316405
0.322913
0.330643
0.333172
0.33575
0.338793
0.338793
0.339151
0.342575
0.342575
0.338257
0.348321
0.348321
0.348321
0.348718
0.348718
0.349526
0.349526
0.349845
0.349845
0.350487
0.350487
0.350487
0.351848
0.352564
0.352974
0.357483
0.357483
0.357483
0.357483
0.358046
0.358076
0.359449
0.360901
0.361883
0.362151
0.362227
0.362256
0.362396
0.362396
0.362594
0.362666
0.362694
0.362703
0.362723
0.362832
0.362906
0.363198
0.363198
0.363581
0.363697
0.36407
0.36407
0.36407
0.364754
0.364754
0.365819
0.366348
0.366348
0.366945
0.366975
0.36723
0.36723
0.367982
0.368077
0.368077
0.368077
0.368231
0.368231


0.0108672
0.0113052
0.0122633
0.0122633
0.013473
0.013473
0.013473
0.0139227
0.0150431
0.0154149
0.0154284
0.0156794
0.0156794
0.0158296
0.016011
0.0166748
0.0167156
0.0169531
0.0182418
0.0183773
0.0195633
0.0194287
0.0199442
0.0200045
0.0201254
0.0207539
0.0216238
0.0223465
0.0229443
0.0234456
0.0234911
0.0241993
0.0246461
0.0261655
0.0279844
0.0288234
0.0299322
0.0313366
0.0321203
0.033269
0.0395474
0.0506003
0.0509069
0.0510192
0.0557826
0.0599718
0.0612346
0.0764867
0.0777756
0.0821319
0.0920953
0.100612
0.101281
0.104641
0.106858
0.107867
0.142178
0.145357
0.154483
0.154483
0.173203
0.176227
0.207357
0.221326
0.255795
0.261118
0.2615
0.283584
0.286866
0.288114
0.288114
0.305011
0.312361
0.330544
0.335874
0.347092
0.361691
0.387901
0.402088
0.404859
0.405692
0.406957
0.407588
0.443114
0.45532
0.46855
0.469966
0.469966
0.485044
0.503212
0.505311
0.49573
0.511106
0.511112
0.519234
0.520713
0.53407
0.535404
0.535461
0.536653
0.536797
0.537812
0.54335
0.545847
0.548386
0.548455
0.548477
0.548488
0.548519
0.549277
0.5493
0.5493
0.550094
0.5501
0.550664
0.550762
0.550852
0.550893
0.551402
0.551743
0.551903
0.551903
0.552234
0.552238
0.552436
0.552546
0.552872
0.553157
0.553157
0.55316
0.553432
0.553382
0.553473
0.553533
0.553552
0.553552
0.55359
0.553711
0.553788
0.553809
0.55381
0.553831
0.553831
0.553831
0.553852
0.553866
0.553892
0.553895
0.553903
0.553905
0.553918
0.553907
0.553919
0.553934
0.553938
0.553939
0.553939
0.553956
0.553959
0.553959
0.553959
0.553961
0.553961
0.553963
0.553966
0.553966
0.553971
0.553971
0.553972
0.553972
0.553975
0.553975
0.553975
0.553978
0.553978
0.553978
0.553979
0.553981
0.553981
0.553981
0.553983
0.553983
0.553983
0.553983
0.553984
0.553984
0.553985
0.553985
0.553985
0.553986
0.553986
0.553986
0.553986
0.553986
0.553986
0.553986
0.553986
0.553986
0.553986
0.553986
0.553986
0.553986
0.553987
0.553987
0.553987
0.553987
0.553987
0.553987
0.553987
0.553987
0.553987
0.553987
0.553987
0.553987
0.553987
0.553987
0.553987
0.553987
0.553987
0.553987
0.553987
0.553987
0.553987
0.553987
0.553987
0.553987
0.553987
0.553987
0.553987
0.553987
0.553987
0.553987
0.553987
0.553987
0.553987
0.553987
0.553987
0.553987
0.553987
0.553987
0.553987
0.553987
0.553987
0.553987
0.553987
0.553987
0.553987
0.553987
0.553987
0.553987
0.553987
0.553987
0.553987
0.553987
0.553987
0.553987
0.553987
0.553987
0.553987
0.553987
0.553987
0.553987
0.553987
0.553987
0.553987
0.553987
0.553987
0.553987
0.553987
0.553987
0.553987
0.553987
0.553987
0.553987
0.553987
0.553987
0.553987
0.553987
0.553987
0.553987
0.553987
0.553987
0.553987
0.553987
0.553987
0.553987
0.553987
0.553987
0.553987
0.553987
0.553987
0.553987
0.553987
0.553987
0.553987
0.553987
0.553987
0.553987
0.553987
0.553987
0.553987
0.553987
0.553987
0.553987
0.553987
0.553987
0.553987
0.553987
0.553987
0.553987
0.553987
0.553987
0.553987
0.553987
0.553987
0.553987
0.553987
0.553987
0.553987
0.553987
0.553987
0.553987
0.553987
0.553987
0.553987
0.553987
0.553987
0.553987
0.553987
0.553987
0.553987
0.553987
0.553987
0.553987
0.553987
0.553987
0.553987
0.553987
0.553987
0.553987
0.553987
0.553987
0.553987
0.553987
0.553987
0.553987
0.553987
0.553987
0.553987
0.553987
0.553987
0.553987
0.553987
0.553987
0.553987
0.553987
0.553987
0.553987
0.553987
0.553987
0.553987
0.553987
0.553987
0.553987
0.553987
0.553987
0.553987
0.553987
0.553987
0.553987
0.553987
0.553983
0.553987
0.553987
0.553987
0.553987
0.553987
0.553987
0.553987
0.553987
0.553987
0.553987
0.553987
0.553987
0.553987
0.553987
0.553987
0.553987
0.553987
0.553987
0.553987
0.553987
0.553987
0.553987
0.553987
0.553987
0.553987
0.553987
0.553987
0.553987
0.553987
0.553987
0.553987
0.553987
0.553987
0.553987
0.553987
0.553987
0.553987
0.553987
0.553987
0.553987
0.553987
0.553987
0.553987
0.553987
0.553987
0.553987
0.553987
0.553987
0.553987
0.553987
0.553987
0.553987
0.553987
0.553987
0.553987
0.553987
0.553987
0.553987
0.553987
0.553984
0.553987
0.553987
0.553987
0.553987
0.553987
0.553987
0.553987
0.553987
0.553987
0.553987
0.553987
0.553987
0.553987
0.553987
0.553987
0.553987
0.553987
0.553987
0.553987
0.553987
0.553987
0.553987
0.553987
0.553987
0.553987
0.553987
0.553987
0.553987
0.553987
0.553987
0.553987
0.553987
0.553987
0.553987
0.553987
0.553987
0.553987
0.553987
0.553987
0.553987
0.553987
0.553987
0.553987
0.553987
0.553987
0.553987
0.553987
0.553987
0.553987
0.553987
0.553987
0.553987
0.553987
0.553987
0.553987
0.553987
0.553987
0.553987
0.553987
0.553987
0.553987
0.553987
0.553987
0.553987
0.553987
0.553987
0.553987
0.553987


0.00877175
0.00877175
0.00972199
0.00981745
0.010414
0.0105863
0.0112581
0.0114882
0.0115348
0.0120444
0.0120444
0.0128613
0.0128613
0.0128613
0.0133972
0.0136591
0.0137543
0.0137543
0.0151414
0.0154
0.015802
0.0164499
0.0164499
0.0166202
0.0167732
0.017605
0.0181545
0.0187067
0.0197746
0.0207312
0.0209245
0.0212307
0.0212307
0.0218421
0.022543
0.0226066
0.023355
0.0250709
0.0255539
0.0272618
0.0305766
0.0292007
0.0332187
0.0351444
0.035429
0.0357786
0.0424974
0.0427698
0.0436634
0.0449961
0.048203
0.0496332
0.0528168
0.0558086
0.0611692
0.0642628
0.0661723
0.0661723
0.0694591
0.0705529
0.0709065
0.0744099
0.0774179
0.0819547
0.0819547
0.0850042
0.0873074
0.0873792
0.0875954
0.0909119
0.0927899
0.0952931
0.0956417
0.0966792
0.0979126
0.0983116
0.0989504
0.1
0.100428
0.101236
0.101355
0.102816
0.103334
0.104369
0.104547
0.104885
0.105158
0.106522
0.107196
0.107224
0.107224
0.107652
0.107652
0.107772
0.107826
0.108046
0.108499
0.108499
0.108897
0.108911
0.109052
0.109086
0.109086
0.109101
0.10918
0.109225
0.109347
0.109478
0.109478
0.109605
0.109605
0.109658
0.109671
0.109686
0.109813
0.109876
0.10989
0.1099
0.109935
0.109964
0.109964
0.109977
0.109992
0.109994
0.110003
0.110009
0.110033
0.110037
0.110044
0.110047
0.110048
0.110053
0.110054
0.110056
0.110057
0.110061
0.110065
0.110066
0.110068
0.110068
0.110069
0.11007
0.110073
0.110073
0.110075
0.110075
0.110076
0.110077
0.110077
0.110078
0.110078
0.110079
0.110081
0.110082
0.110082
0.110082
0.110082
0.110084
0.110084
0.110084
0.110085
0.110085
0.110085
0.110085
0.110085
0.110085
0.110085
0.110085
0.110085
0.110086
0.110086
0.110086
0.110086
0.110086
0.110087
0.110087
0.110087
0.110087
0.110087
0.110087
0.110087
0.110087
0.110087
0.110087
0.110087
0.110087
0.110087
0.110087
0.110087
0.110087
0.110087
0.110087
0.110087
0.110087
0.110087
0.110087
0.110087
0.110087
0.110087
0.110087
0.110087
0.110087
0.110087
0.110087
0.110087
0.110087
0.110087
0.110087
0.110087
0.110087
0.110087
0.110087
0.110087
0.110087
0.110087
0.110087
0.110087
0.110087
0.110087
0.110087
0.110087
0.110087
0.110087
0.110087
0.110087
0.110087
0.110087
0.110087
0.110087
0.110087
0.110087
0.110087
0.110087
0.110087
0.110087
0.110087
0.110087
0.110087
0.110087
0.110087
0.110087
0.110087
0.110087
0.110087
0.110087
0.110087
0.110087
0.110087
0.110087
0.110087
0.110087
0.110087
0.110087
0.110087
0.110087
0.110087
0.110087
0.110087
0.110087
0.110087
0.110087
0.110087
0.110087
0.110087
0.110087
0.110087
0.110087
0.110087
0.110087
0.110087
0.110087
0.110087
0.110087
0.110087
0.110087
0.110087
0.110087
0.110087
0.110087
0.110087
0.110087
0.110087
0.110087
0.110087
0.110087
0.110087
0.110087
0.110087
0.110087
0.110087
0.110087
0.110087
0.110087
0.110087
0.110087
0.110087
0.110087
0.110087
0.110087
0.110087
0.110087
0.110087
0.110087
0.110087
0.110087
0.110087
0.110087
0.110087
0.110087
0.110087
0.110087
0.110087
0.110087
0.110087
0.110087
0.110087
0.110087
0.110087
0.110087
0.110087
0.110087
0.110087
0.110087
0.110087
0.110087
0.110087
0.110087
0.110087
0.110087
0.110087
0.110087
0.110087
0.110087
0.110087
0.110087
0.110087
0.110087
0.110087
0.110087
0.110087
0.110087
0.110087
0.110087
0.110087
0.110087
0.110087
0.110087
0.110087
0.110087
0.110087
0.110087
0.110087
0.110087
0.110087
0.110087
0.110087
0.110087
0.110087
0.110087
0.110087
0.110087
0.110087
0.110087
0.110087
0.110087
0.110087
0.110087
0.110087
0.110087
0.110087
0.110087
0.110087
0.110087
0.110087
0.110087
0.110087
0.110087
0.110087
0.110087
0.110087
0.110087
0.110087
0.110087
0.110087
0.110087
0.110087
0.110087
0.110087
0.110087
0.110087
0.110087
0.110087
0.110087
0.110087
0.110087
0.110087
0.110087
0.110087
0.110087
0.110087
0.110087
0.110087
0.110087
0.110087
0.110087
0.110087
0.110087
0.110087
0.110087
0.110087
0.110087
0.110087
0.110087
0.110087
0.110087
0.110087
0.110087
0.110087
0.110087
0.110087
0.110087
0.110087
0.110087
0.110087
0.110087
0.110087
0.110087
0.110087
0.110087
0.110087
0.110087
0.110087
0.110087
0.110087
0.110087
0.110087
0.110087
0.110087
0.110087
0.110087
0.110087
0.110087
0.110087
0.110087
0.110087
0.110087
0.110087
0.110087
0.110087
0.110087
0.110087
0.110048
0.110087
0.110087
0.110087
0.110087
0.110087
0.110087
0.110087
0.110087
0.110087
0.110087
0.110087
0.110087
0.110087
0.110087
0.110087
0.110087
0.110087
0.110087
0.110087
0.110087
0.110087
0.110087
0.110087
0.110087
0.110087
0.110087
0.110087
0.110087
0.110087
0.110087
0.110087
0.110087
0.110087
0.110087
0.110087
0.110087
0.110087
0.110087
0.110087
0.110087
0.110087
0.110087
0.110087
0.110087
0.110087
0.110087
0.110087
0.110087


0.00985206
0.00985206
0.0104268
0.0111678
0.0114249
0.0115745
0.0118149
0.0118793
0.011946
0.0121237
0.0123398
0.0123785
0.0124618
0.0133806
0.0133887
0.0134819
0.0137293
0.0137293
0.0138446
0.0168951
0.0168951
0.0168951
0.0173041
0.0175264
0.0186159
0.0189392
0.0191449
0.0192848
0.0192848
0.0192848
0.0204439
0.0215559
0.0215559
0.0219588
0.0234136
0.0234165
0.0252869
0.0291311
0.0291429
0.0336371
0.0387642
0.0463152
0.0522703
0.0522703
0.0530701
0.053693
0.053693
0.0544598
0.0554351
0.056734
0.0710517
0.0719703
0.0727976
0.0730509
0.0760886
0.0808501
0.0951794
0.0951794
0.0958966
0.097235
0.100351
0.110629
0.110629
0.110833
0.120254
0.120254
0.120295
0.12101
0.122351
0.128245
0.128245
0.131021
0.131116
0.131116
0.131783
0.133835
0.135198
0.136247
0.13625
0.136658
0.136955
0.13796
0.138398
0.140905
0.14091
0.140951
0.141283
0.141324
0.142375
0.142578
0.142823
0.143193
0.143193
0.143226
0.143299
0.143299
0.143332
0.143336
0.143422
0.14343
0.143541
0.143635
0.143747
0.143832
0.143858
0.143973
0.144054
0.144149
0.144237
0.144264
0.144437
0.144481
0.144495
0.144707
0.14475
0.144809
0.144816
0.14485
0.14488
0.14488
0.14488
0.144829
0.144898
0.14494
0.144952
0.144964
0.144975
0.144985
0.144992
0.144997
0.145001
0.145011
0.145014
0.145014
0.145018
0.145019
0.145019
0.145022
0.145022
0.145022
0.145024
0.145024
0.145027
0.145027
0.145028
0.145029
0.145029
0.145029
0.14503
0.14503
0.145031
0.145031
0.145031
0.145032
0.145113
0.145113
0.145113
0.145149
0.145149
0.145149
0.145149
0.145149
0.145149
0.145181
0.145181
0.145181
0.145181
0.145371
0.145371
0.145371
0.145371
0.145371
0.145371
0.145371
0.145383
0.145607
0.145803
0.145804
0.146003
0.146709
0.14721
0.148375
0.148375
0.148375
0.148375
0.148375
0.148375
0.148375
0.148375
0.148375
0.148375
0.148375
0.148375
0.148375
0.148375
0.148375
0.148508
0.148508
0.148617
0.148664
0.148664
0.148722
0.148789
0.149032
0.149347
0.149361
0.149361
0.149361
0.14938
0.14938
0.14938
0.149408
0.14944
0.14944
0.14944
0.14944
0.14944
0.149494
0.149559
0.149635
0.149696
0.153915
0.156367
0.156367
0.156367
0.157397
0.157397
0.157397
0.157397
0.159889
0.159889
0.159889
0.16057
0.162276
0.162276
0.165509
0.165509
0.165509
0.165509
0.165509
0.166138
0.160858
0.168831
0.168831
0.168831
0.168831
0.171901
0.171901
0.172045
0.172045
0.172045
0.172674
0.172674
0.172674
0.173059
0.173452
0.173882
0.173882
0.173882
0.173882
0.1741
0.1753
0.176937
0.176937
0.178751
0.179145
0.179145
0.179145
0.181214
0.183048
0.183048
0.183048
0.183048
0.183048
0.183576
0.198965
0.198966
0.218689
0.230573
0.230573
0.234752
0.250678
0.250678
0.250678
0.252796
0.252796
0.254222
0.258077
0.258077
0.274927
0.274927
0.274927
0.274927
0.274927
0.274927
0.27763
0.286209
0.305318
0.305318
0.305318
0.305318
0.308561
0.309807
0.310297
0.310297
0.312634
0.316401
0.326284
0.326284
0.330986
0.330986
0.330986
0.344357
0.344357
0.344357
0.3496
0.3496
0.366442
0.368484
0.368484
0.371764
0.371764
0.37239
0.380669
0.396863
0.396863
0.399803
0.402228
0.409461
0.409962
0.410966
0.415297
0.416515
0.420958
0.422841
0.424653
0.436132
0.436132
0.436132
0.436132
0.459032
0.446143
0.450599
0.457965
0.464605
0.464605
0.469262
0.469262
0.470273
0.470273
0.47187
0.47335
0.476995
0.47897
0.481137
0.481137
0.491492
0.491492
0.494582
0.494582
0.49562
0.496947
0.499294
0.50239
0.505277
0.505277
0.510509
0.513808
0.513808
0.521522
0.521522
0.521979
0.521996
0.521996
0.524695
0.534607
0.540851
0.540851
0.543224
0.543224
0.548065
0.556073
0.556073
0.556073
0.562079
0.562079
0.567294
0.571453
0.571453
0.571453
0.571453
0.570551
0.573914
0.574178
0.574491
0.578882
0.578882
0.578882
0.578882
0.578882
0.580244
0.577025
0.581117
0.581117
0.581117
0.588282
0.588282
0.588282
0.588282
0.59038
0.59038
0.594147
0.594147
0.595492
0.602017
0.602017
0.602017
0.602017
0.602465
0.602465
0.602877
0.605098
0.605098
0.606573
0.606573
0.609141
0.609141
0.612395
0.615087
0.615087
0.615087
0.615302
0.615302
0.618504
0.618504
0.618504
0.621577
0.621577
0.621937
0.621937
0.621937
0.621667
0.621667
0.621667
0.622746
0.622746
0.622937
0.622937
0.622989
0.622989
0.622989
0.626527
0.626527
0.626527
0.626527
0.626527
0.626594
0.626956
0.627938
0.628275
0.628396
0.628396
0.628396
0.628396
0.628496
0.628509
0.628512
0.628521
0.628994
0.630067
0.630994
0.630994
0.630994
0.630994
0.631094
0.631361
0.631404
0.63148
0.63149
0.631814
0.631814
0.631682
0.632007
0.632007
0.63206
0.63206
0.63206
0.632087
0.632087
0.632087
0.632179
0.632161
0.632161
0.632404
0.632404
0.632404
0.632436
0.632436
0.632436
0.632462


0.011551
0.011551
0.0119195
0.0119249
0.0127269
0.0128317
0.0129644
0.0134059
0.0136819
0.0136819
0.0136819
0.013755
0.0142954
0.0142954
0.0146983
0.0148341
0.014904
0.0149044
0.0161795
0.0161795
0.0161795
0.0161816
0.0162974
0.016471
0.0169361
0.0178188
0.0178188
0.0178912
0.0181909
0.0190211
0.0192662
0.0192662
0.0194354
0.0199261
0.0204207
0.0213047
0.0213676
0.0247441
0.0247441
0.0288405
0.0296041
0.0295494
0.0296982
0.0316941
0.0324376
0.0334857
0.0371731
0.0393244
0.0399577
0.0414587
0.0414587
0.0421562
0.0511705
0.0511705
0.0531821
0.0538704
0.0541494
0.0572798
0.0572798
0.0611907
0.0743754
0.0764698
0.0842074
0.0855321
0.0868021
0.0930133
0.0931644
0.105931
0.109433
0.112667
0.118457
0.119249
0.119603
0.12007
0.130464
0.132525
0.139061
0.144208
0.148192
0.148192
0.149056
0.162444
0.163227
0.164239
0.164582
0.166692
0.166692
0.166692
0.167847
0.168118
0.173565
0.174426
0.175572
0.176464
0.178872
0.1796
0.1796
0.179975
0.180013
0.181446
0.18145
0.182829
0.184965
0.185199
0.185199
0.185233
0.186187
0.186354
0.186501
0.186707
0.187187
0.187297
0.187325
0.18734
0.187452
0.187714
0.187737
0.187797
0.188011
0.188163
0.188462
0.188545
0.18855
0.188594
0.188594
0.188667
0.188669
0.188693
0.188699
0.18873
0.188749
0.188847
0.188855
0.188905
0.188907
0.188914
0.18892
0.18893
0.18893
0.188937
0.188937
0.188968
0.18898
0.188985
0.188991
0.189065
0.189065
0.189065
0.189078
0.189092
0.189093
0.189101
0.189105
0.189106
0.189106
0.189106
0.189118
0.18912
0.189122
0.189123
0.189123
0.18912
0.18912
0.189122
0.189122
0.189128
0.189128
0.189133
0.189133
0.189135
0.189135
0.189135
0.189135
0.189135
0.189138
0.189138
0.18914
0.18914
0.18914
0.18914
0.189141
0.189142
0.189142
0.189143
0.189143
0.189143
0.189144
0.189145
0.189145
0.189145
0.189146
0.189146
0.189146
0.189146
0.189146
0.189146
0.189147
0.189147
0.189147
0.189147
0.189147
0.189147
0.189147
0.189147
0.189147
0.189147
0.189148
0.189148
0.189148
0.189148
0.189148
0.189148
0.189148
0.189148
0.189148
0.189148
0.189148
0.189148
0.189148
0.189148
0.189148
0.189148
0.189148
0.189148
0.189148
0.189148
0.189148
0.189148
0.189148
0.189148
0.189148
0.189148
0.189148
0.189148
0.189148
0.189148
0.189148
0.189148
0.189148
0.189148
0.189148
0.189148
0.189148
0.189148
0.189148
0.189148
0.189148
0.189148
0.189148
0.189148
0.189148
0.189148
0.189148
0.189148
0.189148
0.189148
0.189148
0.189148
0.189148
0.189148
0.189148
0.189148
0.189148
0.189148
0.189148
0.189148
0.189148
0.189148
0.189148
0.189148
0.189148
0.189148
0.189148
0.189148
0.189148
0.189148
0.189148
0.189148
0.189148
0.189148
0.189148
0.189148
0.189148
0.189148
0.189148
0.189148
0.189148
0.189148
0.189148
0.189148
0.189148
0.189148
0.189148
0.189148
0.189148
0.189148
0.189148
0.189148
0.189148
0.189148
0.189148
0.189148
0.189148
0.189148
0.189148
0.189148
0.189148
0.189148
0.189148
0.189148
0.189148
0.189148
0.189148
0.189148
0.189148
0.189148
0.189148
0.189148
0.189148
0.189148
0.189148
0.189148
0.189148
0.189148
0.189148
0.189148
0.189148
0.189148
0.189148
0.189148
0.189148
0.189148
0.189148
0.189148
0.189148
0.189148
0.189148
0.189148
0.189148
0.189148
0.189148
0.189148
0.189148
0.189148
0.189148
0.189148
0.189148
0.189148
0.189148
0.189148
0.189148
0.189148
0.189148
0.189148
0.189148
0.189148
0.189148
0.189148
0.189148
0.189148
0.189148
0.189148
0.189148
0.189148
0.189148
0.189148
0.189148
0.189148
0.189148
0.189148
0.189148
0.189148
0.189148
0.189148
0.189148
0.189148
0.189148
0.189148
0.189148
0.189148
0.189148
0.189148
0.189148
0.189148
0.189148
0.189148
0.189148
0.189148
0.189148
0.189148
0.189148
0.189148
0.189148
0.189148
0.189148
0.189148
0.189148
0.189148
0.189148
0.189148
0.189148
0.189148
0.189148
0.189148
0.189148
0.189148
0.189148
0.189148
0.189148
0.189148
0.189148
0.189148
0.189148
0.189148
0.189148
0.189148
0.189148
0.189148
0.189148
0.189148
0.189148
0.189148
0.189148
0.189148
0.189148
0.189148
0.189148
0.189148
0.189148
0.189148
0.189148
0.189148
0.189148
0.189148
0.189148
0.189148
0.189148
0.189148
0.189148
0.189148
0.189148
0.188944
0.189148
0.189148
0.189148
0.189148
0.189148
0.189148
0.189148
0.189148
0.189148
0.189148
0.189148
0.189148
0.189148
0.189148
0.189148
0.189148
0.189148
0.189148
0.189148
0.189148
0.189148
0.189148
0.189148
0.189148
0.189148
0.189148
0.189148
0.189148
0.189148
0.189148
0.189148
0.189148
0.189148
0.189148
0.189148
0.189148
0.189148
0.189148
0.189148
0.189148
0.189148
0.189148
0.189148
0.189148
0.189148
0.189148
0.189148
0.189148
0.189148
0.189148
0.189148
0.189148
0.189148
0.189148
0.189148
0.189148
0.189148
0.189148


0.00904317
0.00992439
0.0100933
0.0106598
0.0109912
0.0114302
0.0114911
0.0115872
0.0119456
0.0120754
0.0122358
0.0124173
0.0126912
0.0127489
0.0128315
0.0131518
0.0132367
0.0133965
0.0138076
0.0144301
0.0145115
0.0151202
0.0155404
0.0164891
0.0164891
0.0165354
0.0169721
0.0170285
0.017295
0.0173735
0.0200697
0.0200697
0.0214337
0.0218253
0.0218733
0.0226881
0.0226978
0.0227938
0.0241013
0.0241013
0.0242535
0.0243498
0.0252591
0.0252734
0.0252995
0.0281695
0.0281766
0.0281861
0.0328518
0.0342618
0.035778
0.0445453
0.0445453
0.0463498
0.0477681
0.0518478
0.0582888
0.0582902
0.05873
0.05873
0.0654515
0.0654563
0.0758325
0.0844647
0.0844647
0.0881546
0.0938375
0.0974512
0.0998192
0.104468
0.10447
0.105963
0.105967
0.11107
0.115291
0.126007
0.12931
0.137323
0.137323
0.147699
0.14795
0.150608
0.156295
0.160961
0.160963
0.163
0.166402
0.166403
0.169099
0.179989
0.185655
0.182474
0.182474
0.184133
0.193283
0.193283
0.193284
0.193286
0.193286
0.194198
0.194198
0.195588
0.199387
0.199576
0.200869
0.201172
0.202287
0.20266
0.203087
0.203179
0.203179
0.203182
0.204333
0.204852
0.204978
0.204979
0.204979
0.205012
0.205162
0.205162
0.205162
0.205851
0.205851
0.205852
0.205991
0.205991
0.205991
0.206062
0.206183
0.206245
0.206366
0.205892
0.206892
0.206939
0.20696
0.207051
0.207051
0.207067
0.207107
0.207175
0.207199
0.207179
0.207214
0.207218
0.207218
0.207445
0.207484
0.207484
0.207493
0.207498
0.207498
0.207498
0.207515
0.207529
0.207529
0.207563
0.207571
0.207622
0.20765
0.207654
0.207654
0.207631
0.207655
0.207672
0.207678
0.207693
0.207696
0.207696
0.2077
0.207712
0.207716
0.207716
0.207719
0.207719
0.207732
0.207732
0.207734
0.207734
0.207736
0.207738
0.20774
0.207741
0.207742
0.207743
0.207744
0.207744
0.207744
0.207744
0.207744
0.207744
0.207746
0.207747
0.207747
0.207747
0.207747
0.207747
0.207748
0.207749
0.20775
0.20775
0.20775
0.20775
0.20775
0.20775
0.207751
0.207751
0.207751
0.207751
0.207751
0.207751
0.207751
0.207751
0.207751
0.207751
0.207751
0.207751
0.207751
0.207751
0.207751
0.207751
0.207751
0.207751
0.207751
0.207751
0.207751
0.207751
0.207751
0.207751
0.207751
0.207811
0.207847
0.207875
0.207885
0.20789
0.20789
0.207896
0.207899
0.20805
0.20805
0.20805
0.20805
0.20799
0.208073
0.208183
0.208183
0.20831
0.208404
0.208404
0.208431
0.208496
0.208496
0.208585
0.208961
0.208961
0.209207
0.209207
0.209327
0.209407
0.209407
0.209743
0.21068
0.212006
0.212006
0.212006
0.212006
0.212006
0.212006
0.212273
0.212273
0.213055
0.21333
0.214277
0.214439
0.214439
0.214445
0.215431
0.215863
0.215863
0.215863
0.216071
0.216775
0.216424
0.217148
0.219379
0.219708
0.222848
0.224339
0.225866
0.225866
0.22644
0.22644
0.226035
0.226844
0.226913
0.227239
0.227908
0.23238
0.23238
0.23347
0.23347
0.235637
0.234713
0.235819
0.235819
0.236344
0.236344
0.236498
0.236498
0.239246
0.239246
0.23956
0.240714
0.241038
0.244824
0.249369
0.249369
0.252233
0.252829
0.252829
0.252829
0.255163
0.255769
0.261391
0.261391
0.262671
0.268453
0.275596
0.275596
0.275596
0.275596
0.275596
0.275596
0.276644
0.27685
0.277375
0.277375
0.277468
0.277556
0.277571
0.277997
0.277997
0.279917
0.279917
0.281133
0.28162
0.283352
0.283525
0.283559
0.283559
0.283737
0.283737
0.285509
0.285949
0.286006
0.286006
0.28603
0.286662
0.286662
0.286662
0.286672
0.286672
0.287744
0.288181
0.288417
0.288895
0.288895
0.290201
0.293312
0.29436
0.29436
0.29436
0.293195
0.294792
0.294792
0.294792
0.294792
0.29559
0.29559
0.29559
0.29559
0.29559
0.295793
0.296726
0.296726
0.296955
0.297306
0.297418
0.297459
0.297459
0.297551
0.297925
0.298208
0.298438
0.298555
0.298555
0.298699
0.29884
0.29884
0.29884
0.298895
0.298895
0.298907
0.298907
0.298907
0.298946
0.299384
0.299384
0.299437
0.29949
0.29949
0.299564
0.299614
0.299614
0.299862
0.299883
0.299943
0.299943
0.299951
0.29997
0.299985
0.30011
0.300017
0.300202
0.300206
0.30023
0.30023
0.30023
0.30023
0.300232
0.300254
0.300271
0.300278
0.30029
0.30029
0.300299
0.300323
0.300323
0.300323
0.300323
0.300332
0.300333
0.300326
0.300347
0.300347
0.300347
0.300347
0.300348
0.300367
0.300367
0.300369
0.300369
0.300367
0.300368
0.30037
0.300375
0.300386
0.300386
0.300386
0.300386
0.300391
0.300397
0.300392
0.3004
0.3004
0.300402
0.300404
0.300404
0.300407
0.300407
0.300407
0.300407
0.300406
0.300411
0.300413
0.300413
0.300413
0.300415
0.300418
0.300418
0.300418
0.300418
0.300421
0.300421
0.300421
0.300423
0.300426
0.300428
0.300428
0.300429
0.300429
0.30043
0.30043
0.30043
0.300431
0.300431
0.300431
0.300431
0.300431
0.300431
0.300432


